0.000000e+00 -1.659932e-21
1.000000e+00 -7.888393e-22
2.000000e+00 8.224562e-23
3.000000e+00 9.522611e-22
4.000000e+00 1.820147e-21
5.000000e+00 2.684846e-21
6.000000e+00 3.545305e-21
7.000000e+00 4.400475e-21
8.000000e+00 5.249315e-21
9.000000e+00 6.090790e-21
1.000000e+01 6.923876e-21
1.100000e+01 7.747557e-21
1.200000e+01 8.560829e-21
1.300000e+01 9.362703e-21
1.400000e+01 1.015220e-20
1.500000e+01 1.092836e-20
1.600000e+01 1.169024e-20
1.700000e+01 1.243691e-20
1.800000e+01 1.316746e-20
1.900000e+01 1.388099e-20
2.000000e+01 1.457665e-20
2.100000e+01 1.525359e-20
2.200000e+01 1.591097e-20
2.300000e+01 1.654801e-20
2.400000e+01 1.716392e-20
2.500000e+01 1.775795e-20
2.600000e+01 1.832938e-20
2.700000e+01 1.887750e-20
2.800000e+01 1.940164e-20
2.900000e+01 1.990115e-20
3.000000e+01 2.037543e-20
3.100000e+01 2.082390e-20
3.200000e+01 2.124603e-20
3.300000e+01 2.164130e-20
3.400000e+01 2.200925e-20
3.500000e+01 2.234942e-20
3.600000e+01 2.266139e-20
3.700000e+01 2.294479e-20
3.800000e+01 2.319927e-20
3.900000e+01 2.342452e-20
4.000000e+01 2.362026e-20
4.100000e+01 2.378625e-20
4.200000e+01 2.392230e-20
4.300000e+01 2.402824e-20
4.400000e+01 2.410393e-20
4.500000e+01 2.414928e-20
4.600000e+01 2.416425e-20
4.700000e+01 2.414880e-20
4.800000e+01 2.410297e-20
4.900000e+01 2.402680e-20
5.000000e+01 2.392039e-20
5.100000e+01 2.378386e-20
5.200000e+01 2.361739e-20
5.300000e+01 2.342118e-20
5.400000e+01 2.319546e-20
5.500000e+01 2.294052e-20
5.600000e+01 2.265665e-20
5.700000e+01 2.234421e-20
5.800000e+01 2.200358e-20
5.900000e+01 2.163517e-20
6.000000e+01 2.123943e-20
6.100000e+01 2.081685e-20
6.200000e+01 2.036794e-20
6.300000e+01 1.989324e-20
6.400000e+01 1.939333e-20
6.500000e+01 1.886883e-20
6.600000e+01 1.832037e-20
6.700000e+01 1.774862e-20
6.800000e+01 1.715428e-20
6.900000e+01 1.653806e-20
7.000000e+01 1.590073e-20
7.100000e+01 1.524306e-20
7.200000e+01 1.456584e-20
7.300000e+01 1.386991e-20
7.400000e+01 1.315612e-20
7.500000e+01 1.242532e-20
7.600000e+01 1.167842e-20
7.700000e+01 1.091632e-20
7.800000e+01 1.013995e-20
7.900000e+01 9.350251e-21
8.000000e+01 8.548196e-21
8.100000e+01 7.734757e-21
8.200000e+01 6.910925e-21
8.300000e+01 6.077704e-21
8.400000e+01 5.236109e-21
8.500000e+01 4.387165e-21
8.600000e+01 3.531906e-21
8.700000e+01 2.671375e-21
8.800000e+01 1.806620e-21
8.900000e+01 9.386940e-22
9.000000e+01 6.865537e-23
9.100000e+01 -8.024363e-22
9.200000e+01 -1.673520e-21
9.300000e+01 -2.543534e-21
9.400000e+01 -3.411418e-21
9.500000e+01 -4.276115e-21
9.600000e+01 -5.136572e-21
9.700000e+01 -5.991740e-21
9.800000e+01 -6.840578e-21
9.900000e+01 -7.682050e-21
1.000000e+02 -8.515133e-21
1.010000e+02 -9.338810e-21
1.020000e+02 -1.015208e-20
1.030000e+02 -1.095395e-20
1.040000e+02 -1.174344e-20
1.050000e+02 -1.251960e-20
1.060000e+02 -1.328147e-20
1.070000e+02 -1.402813e-20
1.080000e+02 -1.475866e-20
1.090000e+02 -1.547219e-20
1.100000e+02 -1.616783e-20
1.110000e+02 -1.684475e-20
1.120000e+02 -1.750211e-20
1.130000e+02 -1.813912e-20
1.140000e+02 -1.875500e-20
1.150000e+02 -1.934899e-20
1.160000e+02 -1.992038e-20
1.170000e+02 -2.046848e-20
1.180000e+02 -2.099260e-20
1.190000e+02 -2.149212e-20
1.200000e+02 -2.196642e-20
1.210000e+02 -2.241492e-20
1.220000e+02 -2.283709e-20
1.230000e+02 -2.323240e-20
1.240000e+02 -2.360038e-20
1.250000e+02 -2.394058e-20
1.260000e+02 -2.425257e-20
1.270000e+02 -2.453599e-20
1.280000e+02 -2.479048e-20
1.290000e+02 -2.501574e-20
1.300000e+02 -2.521149e-20
1.310000e+02 -2.537749e-20
1.320000e+02 -2.551355e-20
1.330000e+02 -2.561949e-20
1.340000e+02 -2.569518e-20
1.350000e+02 -2.574054e-20
1.360000e+02 -2.575551e-20
1.370000e+02 -2.574007e-20
1.380000e+02 -2.569424e-20
1.390000e+02 -2.561807e-20
1.400000e+02 -2.551166e-20
1.410000e+02 -2.537514e-20
1.420000e+02 -2.520867e-20
1.430000e+02 -2.501246e-20
1.440000e+02 -2.478674e-20
1.450000e+02 -2.453180e-20
1.460000e+02 -2.424793e-20
1.470000e+02 -2.393550e-20
1.480000e+02 -2.359487e-20
1.490000e+02 -2.322646e-20
1.500000e+02 -2.283073e-20
1.510000e+02 -2.240814e-20
1.520000e+02 -2.195923e-20
1.530000e+02 -2.148453e-20
1.540000e+02 -2.098463e-20
1.550000e+02 -2.046013e-20
1.560000e+02 -1.991167e-20
1.570000e+02 -1.933992e-20
1.580000e+02 -1.874557e-20
1.590000e+02 -1.812936e-20
1.600000e+02 -1.749203e-20
1.610000e+02 -1.683436e-20
1.620000e+02 -1.615714e-20
1.630000e+02 -1.546121e-20
1.640000e+02 -1.474741e-20
1.650000e+02 -1.401662e-20
1.660000e+02 -1.326971e-20
1.670000e+02 -1.250761e-20
1.680000e+02 -1.173124e-20
1.690000e+02 -1.094154e-20
1.700000e+02 -1.013949e-20
1.710000e+02 -9.326047e-21
1.720000e+02 -8.502213e-21
1.730000e+02 -7.668991e-21
1.740000e+02 -6.827394e-21
1.750000e+02 -5.978449e-21
1.760000e+02 -5.123189e-21
1.770000e+02 -4.262656e-21
1.780000e+02 -3.397900e-21
1.790000e+02 -2.529973e-21
1.800000e+02 -1.659932e-21
1.810000e+02 -7.888393e-22
1.820000e+02 8.224562e-23
1.830000e+02 9.522611e-22
1.840000e+02 1.820147e-21
1.850000e+02 2.684846e-21
1.860000e+02 3.545305e-21
1.870000e+02 4.400475e-21
1.880000e+02 5.249315e-21
1.890000e+02 6.090790e-21
1.900000e+02 6.923876e-21
1.910000e+02 7.747557e-21
1.920000e+02 8.560829e-21
1.930000e+02 9.362703e-21
1.940000e+02 1.015220e-20
1.950000e+02 1.092836e-20
1.960000e+02 1.169024e-20
1.970000e+02 1.243691e-20
1.980000e+02 1.316746e-20
1.990000e+02 1.388099e-20
2.000000e+02 1.457665e-20
2.010000e+02 1.525359e-20
2.020000e+02 1.591097e-20
2.030000e+02 1.654801e-20
2.040000e+02 1.716392e-20
2.050000e+02 1.775795e-20
2.060000e+02 1.832938e-20
2.070000e+02 1.887750e-20
2.080000e+02 1.940164e-20
2.090000e+02 1.990115e-20
2.100000e+02 2.037543e-20
2.110000e+02 2.082390e-20
2.120000e+02 2.124603e-20
2.130000e+02 2.164130e-20
2.140000e+02 2.200925e-20
2.150000e+02 2.234942e-20
2.160000e+02 2.266139e-20
2.170000e+02 2.294479e-20
2.180000e+02 2.319927e-20
2.190000e+02 2.342452e-20
2.200000e+02 2.362026e-20
2.210000e+02 2.378625e-20
2.220000e+02 2.392230e-20
2.230000e+02 2.402824e-20
2.240000e+02 2.410393e-20
2.250000e+02 2.414928e-20
2.260000e+02 2.416425e-20
2.270000e+02 2.414880e-20
2.280000e+02 2.410297e-20
2.290000e+02 2.402680e-20
2.300000e+02 2.392039e-20
2.310000e+02 2.378386e-20
2.320000e+02 2.361739e-20
2.330000e+02 2.342118e-20
2.340000e+02 2.319546e-20
2.350000e+02 2.294052e-20
2.360000e+02 2.265665e-20
2.370000e+02 2.234421e-20
2.380000e+02 2.200358e-20
2.390000e+02 2.163517e-20
2.400000e+02 2.123943e-20
2.410000e+02 2.081685e-20
2.420000e+02 2.036794e-20
2.430000e+02 1.989324e-20
2.440000e+02 1.939333e-20
2.450000e+02 1.886883e-20
2.460000e+02 1.832037e-20
2.470000e+02 1.774862e-20
2.480000e+02 1.715428e-20
2.490000e+02 1.653806e-20
2.500000e+02 1.590073e-20
2.510000e+02 1.524306e-20
2.520000e+02 1.456584e-20
2.530000e+02 1.386991e-20
2.540000e+02 1.315612e-20
2.550000e+02 1.242532e-20
2.560000e+02 1.167842e-20
2.570000e+02 1.091632e-20
2.580000e+02 1.013995e-20
2.590000e+02 9.350251e-21
2.600000e+02 8.548196e-21
2.610000e+02 7.734757e-21
2.620000e+02 6.910925e-21
2.630000e+02 6.077704e-21
2.640000e+02 5.236109e-21
2.650000e+02 4.387165e-21
2.660000e+02 3.531906e-21
2.670000e+02 2.671375e-21
2.680000e+02 1.806620e-21
2.690000e+02 9.386940e-22
2.700000e+02 6.865537e-23
2.710000e+02 -8.024363e-22
2.720000e+02 -1.673520e-21
2.730000e+02 -2.543534e-21
2.740000e+02 -3.411418e-21
2.750000e+02 -4.276115e-21
2.760000e+02 -5.136572e-21
2.770000e+02 -5.991740e-21
2.780000e+02 -6.840578e-21
2.790000e+02 -7.682050e-21
2.800000e+02 -8.515133e-21
2.810000e+02 -9.338810e-21
2.820000e+02 -1.015208e-20
2.830000e+02 -1.095395e-20
2.840000e+02 -1.174344e-20
2.850000e+02 -1.251960e-20
2.860000e+02 -1.328147e-20
2.870000e+02 -1.402813e-20
2.880000e+02 -1.475866e-20
2.890000e+02 -1.547219e-20
2.900000e+02 -1.616783e-20
2.910000e+02 -1.684475e-20
2.920000e+02 -1.750211e-20
2.930000e+02 -1.813912e-20
2.940000e+02 -1.875500e-20
2.950000e+02 -1.934899e-20
2.960000e+02 -1.992038e-20
2.970000e+02 -2.046848e-20
2.980000e+02 -2.099260e-20
2.990000e+02 -2.149212e-20
3.000000e+02 -2.196642e-20
3.010000e+02 -2.241492e-20
3.020000e+02 -2.283709e-20
3.030000e+02 -2.323240e-20
3.040000e+02 -2.360038e-20
3.050000e+02 -2.394058e-20
3.060000e+02 -2.425257e-20
3.070000e+02 -2.453599e-20
3.080000e+02 -2.479048e-20
3.090000e+02 -2.501574e-20
3.100000e+02 -2.521149e-20
3.110000e+02 -2.537749e-20
3.120000e+02 -2.551355e-20
3.130000e+02 -2.561949e-20
3.140000e+02 -2.569518e-20
3.150000e+02 -2.574054e-20
3.160000e+02 -2.575551e-20
3.170000e+02 -2.574007e-20
3.180000e+02 -2.569424e-20
3.190000e+02 -2.561807e-20
3.200000e+02 -2.551166e-20
3.210000e+02 -2.537514e-20
3.220000e+02 -2.520867e-20
3.230000e+02 -2.501246e-20
3.240000e+02 -2.478674e-20
3.250000e+02 -2.453180e-20
3.260000e+02 -2.424793e-20
3.270000e+02 -2.393550e-20
3.280000e+02 -2.359487e-20
3.290000e+02 -2.322646e-20
3.300000e+02 -2.283073e-20
3.310000e+02 -2.240814e-20
3.320000e+02 -2.195923e-20
3.330000e+02 -2.148453e-20
3.340000e+02 -2.098463e-20
3.350000e+02 -2.046013e-20
3.360000e+02 -1.991167e-20
3.370000e+02 -1.933992e-20
3.380000e+02 -1.874557e-20
3.390000e+02 -1.812936e-20
3.400000e+02 -1.749203e-20
3.410000e+02 -1.683436e-20
3.420000e+02 -1.615714e-20
3.430000e+02 -1.546121e-20
3.440000e+02 -1.474741e-20
3.450000e+02 -1.401662e-20
3.460000e+02 -1.326971e-20
3.470000e+02 -1.250761e-20
3.480000e+02 -1.173124e-20
3.490000e+02 -1.094154e-20
3.500000e+02 -1.013949e-20
3.510000e+02 -9.326047e-21
3.520000e+02 -8.502213e-21
3.530000e+02 -7.668991e-21
3.540000e+02 -6.827394e-21
3.550000e+02 -5.978449e-21
3.560000e+02 -5.123189e-21
3.570000e+02 -4.262656e-21
3.580000e+02 -3.397900e-21
3.590000e+02 -2.529973e-21
3.600000e+02 -1.659932e-21
