0.000000e+00 0.000000e+00 0.000000e+00 0.000000e+00
-5.950000e+00 8.451897e-36 4.955339e-18 -3.612964e-35
-5.900000e+00 2.041719e-36 8.363475e-18 -2.167778e-34
-5.850000e+00 1.801631e-36 1.381244e-17 2.890371e-34
-5.800000e+00 5.508535e-36 2.234562e-17 -2.890371e-34
-5.750000e+00 1.929972e-35 3.544730e-17 5.780743e-34
-5.700000e+00 4.135150e-35 5.518706e-17 -8.671114e-34
-5.650000e+00 2.815572e-35 8.439417e-17 -5.780743e-34
-5.600000e+00 -2.540365e-36 1.268633e-16 -5.780743e-34
-5.550000e+00 1.518574e-34 1.875877e-16 2.312297e-33
-5.500000e+00 -3.161344e-34 2.730164e-16 -1.618608e-32
-5.450000e+00 2.393589e-34 3.913251e-16 -9.249188e-33
-5.400000e+00 -1.761320e-34 5.526867e-16 -1.849838e-32
-5.350000e+00 3.341992e-34 7.695255e-16 0.000000e+00
-5.300000e+00 -9.393707e-34 1.056731e-15 -1.849838e-32
-5.250000e+00 5.690419e-34 1.431802e-15 9.249188e-32
-5.200000e+00 5.780743e-34 1.914905e-15 3.699675e-32
-5.150000e+00 2.492945e-33 2.528795e-15 1.109903e-31
-5.100000e+00 2.763918e-33 3.298591e-15 -3.699675e-32
-5.050000e+00 6.286558e-33 4.251369e-15 2.959740e-31
-5.000000e+00 -7.225928e-35 5.415560e-15 -3.699675e-31
-4.950000e+00 6.069780e-33 6.820132e-15 1.479870e-31
-4.900000e+00 4.046520e-33 8.493573e-15 -8.879221e-31
-4.850000e+00 1.228408e-32 1.046267e-14 -5.919480e-31
-4.800000e+00 0.000000e+00 1.275115e-14 -2.959740e-31
-4.750000e+00 4.913631e-33 1.537816e-14 2.959740e-31
-4.700000e+00 -3.179408e-33 1.835672e-14 3.551688e-30
-4.650000e+00 2.601334e-32 2.169222e-14 5.919480e-31
-4.600000e+00 -1.083600e-30 2.538093e-14 -5.919480e-31
-4.550000e+00 2.659142e-32 2.940877e-14 1.183896e-30
-4.500000e+00 -2.312297e-32 3.375032e-14 1.183896e-30
-4.450000e+00 -7.514965e-33 3.836823e-14 0.000000e+00
-4.400000e+00 -7.052506e-32 4.321294e-14 -4.735584e-30
-4.350000e+00 1.560801e-32 4.822306e-14 2.367792e-30
-4.300000e+00 2.196682e-32 5.332613e-14 0.000000e+00
-4.250000e+00 5.780743e-33 5.843993e-14 4.735584e-30
-4.200000e+00 -6.011972e-32 6.347432e-14 -4.735584e-30
-4.150000e+00 -7.168121e-32 6.833348e-14 -4.735584e-30
-4.100000e+00 -4.393364e-32 7.291856e-14 -1.420675e-29
-4.050000e+00 -1.502993e-31 7.713048e-14 -4.735584e-30
-4.000000e+00 1.803592e-31 8.087299e-14 -2.367792e-29
-3.950000e+00 -6.011972e-32 8.405558e-14 -4.735584e-30
-3.900000e+00 -6.474432e-32 8.659637e-14 1.420675e-29
-3.850000e+00 -1.849838e-32 8.842456e-14 -1.420675e-29
-3.800000e+00 -1.017411e-31 8.948258e-14 -9.471169e-30
-3.750000e+00 -2.404789e-31 8.972756e-14 2.367792e-29
-3.700000e+00 0.000000e+00 8.913237e-14 9.471169e-30
-3.650000e+00 -4.254627e-31 8.768587e-14 -2.841351e-29
-3.600000e+00 1.849838e-31 8.539272e-14 -4.735584e-29
-3.550000e+00 -2.219805e-31 8.227249e-14 -9.471169e-30
-3.500000e+00 2.959740e-31 7.835833e-14 -9.471169e-30
-3.450000e+00 -2.034821e-31 7.369524e-14 0.000000e+00
-3.400000e+00 1.479870e-31 6.833807e-14 2.841351e-29
-3.350000e+00 4.199501e-28 6.234936e-14 -9.471169e-30
-3.300000e+00 -7.399351e-32 5.579725e-14 -1.894234e-29
-3.250000e+00 -1.479870e-31 4.875351e-14 9.471169e-30
-3.200000e+00 -4.069643e-31 4.129152e-14 9.471169e-30
-3.150000e+00 -1.849838e-31 3.348619e-14 1.894234e-29
-3.100000e+00 3.699675e-32 2.541088e-14 9.471169e-30
-3.050000e+00 3.699675e-32 1.713824e-14 -2.841351e-29
-3.000000e+00 -4.772581e-30 8.739616e-15 0.000000e+00
-2.950000e+00 1.775844e-30 2.854469e-16 3.788468e-29
-2.900000e+00 -2.959740e-31 -8.154585e-15 0.000000e+00
-2.850000e+00 -4.809578e-31 -1.651100e-14 -3.788468e-29
-2.800000e+00 -1.109903e-31 -2.471395e-14 -1.894234e-29
-2.750000e+00 3.329708e-31 -3.269301e-14 0.000000e+00
-2.700000e+00 0.000000e+00 -4.037650e-14 -1.894234e-29
-2.650000e+00 7.399351e-32 -4.769189e-14 1.894234e-29
-2.600000e+00 1.479870e-31 -5.456473e-14 -1.894234e-29
-2.550000e+00 3.699675e-30 -6.092121e-14 6.629818e-29
-2.500000e+00 -7.399351e-32 -6.668798e-14 -9.471169e-30
-2.450000e+00 -1.479870e-31 -7.179363e-14 -9.471169e-30
-2.400000e+00 1.479870e-31 -7.617030e-14 -9.471169e-30
-2.350000e+00 -1.479870e-31 -7.975530e-14 -2.841351e-29
-2.300000e+00 1.479870e-31 -8.249291e-14 -1.894234e-29
-2.250000e+00 -1.849838e-32 -8.433608e-14 9.471169e-30
-2.200000e+00 -3.699675e-32 -8.524803e-14 -1.894234e-29
-2.150000e+00 2.082917e-29 -8.520354e-14 9.471169e-29
-2.100000e+00 3.699675e-32 -8.419005e-14 -9.471169e-30
-2.050000e+00 -2.534278e-30 -8.220827e-14 0.000000e+00
-2.000000e+00 -7.399351e-32 -7.927248e-14 0.000000e+00
-1.950000e+00 1.572362e-31 -7.541043e-14 1.894234e-29
-1.900000e+00 9.249188e-33 -7.066295e-14 1.420675e-29
-1.850000e+00 2.034821e-31 -6.508318e-14 1.894234e-29
-1.800000e+00 1.109903e-31 -5.873557e-14 -4.735584e-30
-1.750000e+00 9.249188e-33 -5.169465e-14 0.000000e+00
-1.700000e+00 -5.364529e-31 -4.404372e-14 9.471169e-30
-1.650000e+00 -2.497281e-31 -3.587351e-14 -4.735584e-30
-1.600000e+00 -3.699675e-32 -2.728084e-14 -1.420675e-29
-1.550000e+00 2.543527e-32 -1.836728e-14 1.420675e-29
-1.500000e+00 2.543527e-32 -9.237852e-15 1.657455e-29
-1.450000e+00 7.168121e-32 0.000000e+00 -4.735584e-30
-1.400000e+00 -3.005986e-32 9.237852e-15 4.735584e-30
-1.350000e+00 2.312297e-33 1.836728e-14 -4.735584e-30
-1.300000e+00 4.855824e-32 2.728084e-14 -9.471169e-30
-1.250000e+00 -1.063657e-31 3.587351e-14 -9.471169e-30
-1.200000e+00 -4.855824e-32 4.404372e-14 -9.471169e-30
-1.150000e+00 7.168121e-32 5.169465e-14 9.471169e-30
-1.100000e+00 1.942330e-31 5.873557e-14 0.000000e+00
-1.050000e+00 8.324269e-32 6.508318e-14 4.735584e-30
-1.000000e+00 6.474432e-32 7.066295e-14 4.735584e-30
-9.500000e-01 1.341132e-31 7.541043e-14 9.471169e-30
-9.000000e-01 4.624594e-33 7.927248e-14 9.471169e-30
-8.500000e-01 -1.849838e-32 8.220827e-14 -2.841351e-29
-8.000000e-01 -6.474432e-32 8.419005e-14 -1.420675e-29
-7.500000e-01 -3.699675e-32 8.520354e-14 -4.735584e-30
-7.000000e-01 5.549513e-32 8.524803e-14 0.000000e+00
-6.500000e-01 -1.849838e-32 8.433608e-14 -9.471169e-30
-6.000000e-01 3.144724e-31 8.249291e-14 1.894234e-29
-5.500000e-01 -1.849838e-31 7.975530e-14 9.471169e-30
-5.000000e-01 3.699675e-32 7.617030e-14 1.894234e-29
-4.500000e-01 -1.294886e-31 7.179363e-14 0.000000e+00
-4.000000e-01 1.109903e-31 6.668798e-14 1.894234e-29
-3.500000e-01 3.699675e-31 6.092121e-14 -9.471169e-30
-3.000000e-01 -1.479870e-31 5.456473e-14 0.000000e+00
-2.500000e-01 -2.589773e-31 4.769189e-14 -9.471169e-30
-2.000000e-01 7.399351e-32 4.037650e-14 -9.471169e-30
-1.500000e-01 -2.219805e-31 3.269301e-14 1.894234e-29
-1.000000e-01 2.589773e-31 2.471395e-14 9.471169e-30
-5.000000e-02 -2.589773e-31 1.651100e-14 0.000000e+00
-1.294798e-14 7.399351e-31 8.154585e-15 2.841351e-29
5.000000e-02 3.329708e-31 -2.854469e-16 1.894234e-29
1.000000e-01 -2.589773e-31 -8.739616e-15 1.894234e-29
1.500000e-01 2.219805e-31 -1.713824e-14 -1.894234e-29
2.000000e-01 -3.699675e-32 -2.541088e-14 -7.576935e-29
2.500000e-01 -3.699675e-32 -3.348619e-14 1.894234e-29
3.000000e-01 1.479870e-31 -4.129152e-14 -2.046720e-26
3.500000e-01 -4.069643e-31 -4.875351e-14 6.629818e-29
4.000000e-01 1.916432e-29 -5.579725e-14 9.471169e-30
4.500000e-01 -1.302286e-29 -6.234936e-14 -3.788468e-29
5.000000e-01 -4.846575e-30 -6.833807e-14 2.841351e-29
5.500000e-01 0.000000e+00 -7.369524e-14 1.894234e-29
6.000000e-01 -1.849838e-31 -7.835833e-14 -2.841351e-29
6.500000e-01 1.849838e-31 -8.227249e-14 9.471169e-30
7.000000e-01 1.479870e-31 -8.539272e-14 -9.471169e-30
7.500000e-01 -1.479870e-31 -8.768587e-14 0.000000e+00
8.000000e-01 -9.249188e-32 -8.913237e-14 2.841351e-29
8.500000e-01 -1.849838e-32 -8.972756e-14 1.894234e-29
9.000000e-01 2.219805e-31 -8.948258e-14 -9.471169e-30
9.500000e-01 9.249188e-32 -8.842456e-14 9.471169e-30
1.000000e+00 -1.294886e-31 -8.659637e-14 0.000000e+00
1.050000e+00 9.249188e-32 -8.405558e-14 4.735584e-30
1.100000e+00 3.699675e-32 -8.087299e-14 1.420675e-29
1.150000e+00 -9.249188e-33 -7.713048e-14 -1.894234e-29
1.200000e+00 4.624594e-33 -7.291856e-14 9.471169e-30
1.250000e+00 -6.011972e-32 -6.833348e-14 -4.735584e-30
1.300000e+00 4.624594e-32 -6.347432e-14 0.000000e+00
1.350000e+00 -9.249188e-33 -5.843993e-14 -2.367792e-30
1.400000e+00 -1.207944e-29 -5.332613e-14 -4.735584e-30
1.450000e+00 -1.156149e-32 -4.822306e-14 -2.367792e-30
1.500000e+00 -1.156149e-32 -4.321294e-14 4.735584e-30
1.550000e+00 6.705661e-32 -3.836823e-14 -2.367792e-30
1.600000e+00 -6.821276e-32 -3.375032e-14 -5.919480e-30
1.650000e+00 -4.624594e-33 -2.940877e-14 0.000000e+00
1.700000e+00 6.936891e-33 -2.538093e-14 -1.183896e-30
1.750000e+00 6.936891e-33 -2.169222e-14 1.183896e-30
1.800000e+00 2.081067e-32 -1.835672e-14 5.919480e-31
1.850000e+00 -3.295023e-32 -1.537816e-14 5.919480e-31
1.900000e+00 -1.618608e-32 -1.275115e-14 -2.959740e-31
1.950000e+00 -5.780743e-34 -1.046267e-14 -2.959740e-31
2.000000e+00 6.647854e-33 -8.493573e-15 -5.919480e-31
2.050000e+00 -2.890371e-34 -6.820132e-15 4.439610e-31
2.100000e+00 -2.601334e-33 -5.415560e-15 2.959740e-31
2.150000e+00 -2.167778e-33 -4.251369e-15 -1.479870e-31
2.200000e+00 -2.023260e-33 -3.298591e-15 -1.479870e-31
2.250000e+00 2.456816e-33 -2.528795e-15 0.000000e+00
2.300000e+00 7.225928e-35 -1.914905e-15 0.000000e+00
2.350000e+00 -3.612964e-35 -1.431802e-15 1.109903e-31
2.400000e+00 1.018856e-32 -1.056731e-15 0.000000e+00
2.450000e+00 -2.348427e-34 -7.695255e-16 1.849838e-32
2.500000e+00 -3.612964e-34 -5.526867e-16 0.000000e+00
2.550000e+00 1.987130e-34 -3.913251e-16 -9.249188e-33
2.600000e+00 -1.309700e-34 -2.730164e-16 4.624594e-33
2.650000e+00 1.580672e-35 -1.875877e-16 0.000000e+00
2.700000e+00 -3.838774e-35 -1.268633e-16 0.000000e+00
2.750000e+00 1.241956e-35 -8.439417e-17 -1.156149e-33
2.800000e+00 6.774308e-36 -5.518706e-17 0.000000e+00
2.850000e+00 0.000000e+00 -3.544730e-17 -4.046520e-33
2.900000e+00 1.326635e-35 -2.234562e-17 2.890371e-34
2.950000e+00 1.552446e-36 -1.381244e-17 2.890371e-34
3.000000e+00 -7.762228e-37 -8.363475e-18 -2.890371e-34
3.050000e+00 -1.799426e-36 -4.955339e-18 -1.445186e-34
