5.000000e-04 4.613881e-04 -1.177289e-04 7.732467e-15 -1.973036e-15 7.732467e-15 -1.973036e-15
1.000000e-03 7.681267e-04 4.476101e-04 5.140676e-15 9.474596e-15 5.193912e-15 3.672829e-15
1.500000e-03 7.889818e-04 9.083892e-04 3.495133e-16 7.722262e-15 4.381519e-16 1.964908e-15
2.000000e-03 5.079182e-04 6.554424e-04 -4.710384e-15 -4.239172e-15 -4.619331e-15 -9.960335e-15
2.500000e-03 8.280854e-04 3.927765e-04 5.365728e-15 -4.402054e-15 5.424342e-15 -1.014309e-14
3.000000e-03 7.827892e-04 2.893563e-04 -7.591269e-16 -1.733234e-15 -6.635703e-16 -7.494894e-15
3.500000e-03 3.368349e-04 2.775807e-04 -7.473809e-15 -1.973487e-16 -7.383481e-15 -5.967133e-15
4.000000e-03 5.425339e-04 6.325882e-05 3.447337e-15 -3.591850e-15 3.486205e-15 -9.362565e-15
4.500000e-03 1.153566e-03 8.040652e-04 1.024038e-14 1.241528e-14 1.030298e-14 6.627729e-15
5.000000e-03 8.096314e-04 1.440885e-03 -5.764056e-15 1.067256e-14 -5.630930e-15 4.943206e-15
5.500000e-03 9.994637e-04 2.285208e-03 3.181427e-15 1.415012e-14 3.274872e-15 8.470774e-15
6.000000e-03 5.912089e-04 2.784218e-03 -6.842000e-15 8.362980e-15 -6.726627e-15 2.749934e-15
6.500000e-03 1.419248e-03 3.666449e-03 1.387723e-14 1.478543e-14 1.394548e-14 9.211552e-15
7.000000e-03 1.058884e-03 3.847798e-03 -6.039400e-15 3.039268e-15 -5.875530e-15 -2.465351e-15
7.500000e-03 2.023389e-04 4.924683e-03 -1.435496e-14 1.804766e-14 -1.423269e-14 1.255726e-14
8.000000e-03 6.333392e-04 4.946565e-03 7.223195e-15 3.667175e-16 7.246563e-15 -5.039196e-15
8.500000e-03 1.026076e-03 5.116935e-03 6.581935e-15 2.855264e-15 6.655078e-15 -2.548929e-15
9.000000e-03 1.454592e-03 5.578559e-03 7.181550e-15 7.736416e-15 7.300054e-15 2.345594e-15
9.500000e-03 2.476608e-03 5.477465e-03 1.712811e-14 -1.694244e-15 1.729612e-14 -7.048848e-15
1.000000e-02 2.565575e-03 5.777115e-03 1.491013e-15 5.021871e-15 1.777058e-15 -3.406256e-16
1.050000e-02 2.240510e-03 5.164293e-03 -5.447801e-15 -1.027036e-14 -5.151465e-15 -1.560935e-14
1.100000e-02 1.677362e-03 4.454778e-03 -9.437873e-15 -1.189086e-14 -9.179111e-15 -1.727793e-14
1.150000e-02 1.434423e-03 4.112484e-03 -4.071448e-15 -5.736565e-15 -3.877748e-15 -1.117932e-14
1.200000e-02 2.094450e-03 4.394628e-03 1.106147e-14 4.728495e-15 1.122711e-14 -7.411226e-16
1.250000e-02 2.043454e-03 4.004498e-03 -8.546377e-16 -6.538246e-15 -6.127764e-16 -1.198570e-14
1.300000e-02 1.521121e-03 4.069700e-03 -8.753852e-15 1.092737e-15 -8.517896e-15 -4.385335e-15
1.350000e-02 2.087756e-03 4.805358e-03 9.496307e-15 1.232900e-14 9.671952e-15 6.856027e-15
1.400000e-02 2.595458e-03 4.503402e-03 8.508655e-15 -5.060530e-15 8.749760e-15 -1.047576e-14
1.450000e-02 3.541412e-03 4.880419e-03 1.585337e-14 6.318476e-15 1.615309e-14 8.795738e-16
1.500000e-02 3.015428e-03 5.416007e-03 -8.815028e-15 8.976004e-15 -8.406046e-15 3.566733e-15
1.550000e-02 2.972568e-03 5.638804e-03 -7.183115e-16 3.733875e-15 -3.700384e-16 -1.633414e-15
1.600000e-02 3.357592e-03 5.939882e-03 6.452682e-15 5.045813e-15 6.796019e-15 -3.040046e-16
1.650000e-02 2.904074e-03 6.095730e-03 -7.600582e-15 2.611872e-15 -7.212756e-15 -2.714311e-15
1.700000e-02 3.495535e-03 5.982424e-03 9.912387e-15 -1.898904e-15 1.024784e-14 -7.212892e-15
1.750000e-02 3.441298e-03 6.417703e-03 -9.089721e-16 7.294906e-15 -5.052104e-16 1.972068e-15
1.800000e-02 2.760904e-03 6.890610e-03 -1.140282e-14 7.925518e-15 -1.100529e-14 2.636809e-15
1.850000e-02 2.839908e-03 7.251230e-03 1.324033e-15 6.043672e-15 1.642991e-15 7.920024e-16
1.900000e-02 3.359914e-03 7.221465e-03 8.714856e-15 -4.988296e-16 9.042961e-15 -5.722225e-15
1.950000e-02 2.129570e-03 7.632113e-03 -2.061951e-14 6.882102e-15 -2.023133e-14 1.656403e-15
2.000000e-02 1.891507e-03 7.233178e-03 -3.989721e-15 -6.685814e-15 -3.743667e-15 -1.187938e-14
2.050000e-02 1.285076e-03 7.617995e-03 -1.016327e-14 6.449218e-15 -9.944734e-15 1.224368e-15
2.100000e-02 8.430615e-04 8.275245e-03 -7.407780e-15 1.101494e-14 -7.259300e-15 5.820233e-15
2.150000e-02 -1.107610e-05 9.266427e-03 -1.431461e-14 1.661135e-14 -1.421719e-14 1.146815e-14
2.200000e-02 2.923857e-04 9.602762e-03 5.085759e-15 5.636688e-15 5.084479e-15 5.711394e-16
2.250000e-02 6.344101e-04 1.045788e-02 5.732034e-15 1.433111e-14 5.765829e-15 9.291912e-15
2.300000e-02 6.695449e-04 1.054220e-02 5.888290e-16 1.413099e-15 6.621646e-16 -3.559130e-15
2.350000e-02 5.710898e-04 1.128726e-02 -1.650022e-15 1.248660e-14 -1.572624e-15 7.520973e-15
2.400000e-02 4.174096e-04 1.226415e-02 -2.575548e-15 1.637180e-14 -2.509524e-15 1.146451e-14
2.450000e-02 5.273283e-04 1.129411e-02 1.842143e-15 -1.625715e-14 1.890409e-15 -2.108799e-14
2.500000e-02 4.129465e-04 1.213194e-02 -1.916942e-15 1.404139e-14 -1.855976e-15 9.134628e-15
2.550000e-02 1.024691e-03 1.175753e-02 1.025231e-14 -6.274713e-15 1.030006e-14 -1.111590e-14
2.600000e-02 1.268205e-03 1.162071e-02 4.081089e-15 -2.293098e-15 4.199565e-15 -7.163578e-15
2.650000e-02 1.520515e-03 1.173206e-02 4.228499e-15 1.866155e-15 4.375126e-15 -3.015029e-15
2.700000e-02 1.032368e-03 1.183793e-02 -8.180927e-15 1.774280e-15 -8.005125e-15 -3.098183e-15
2.750000e-02 1.150362e-03 1.253484e-02 1.977471e-15 1.167970e-14 2.096836e-15 6.815515e-15
2.800000e-02 1.263233e-03 1.209429e-02 1.891626e-15 -7.383318e-15 2.024648e-15 -1.219297e-14
2.850000e-02 1.582964e-03 1.186402e-02 5.358417e-15 -3.859045e-15 5.504481e-15 -8.703165e-15
2.900000e-02 1.085403e-03 1.155189e-02 -8.338699e-15 -5.231134e-15 -8.155673e-15 -1.009327e-14
2.950000e-02 8.129025e-04 1.120688e-02 -4.566871e-15 -5.782014e-15 -4.441380e-15 -1.066859e-14
3.000000e-02 1.258791e-03 1.214521e-02 7.472711e-15 1.572560e-14 7.566691e-15 1.081201e-14
3.050000e-02 7.432793e-04 1.312851e-02 -8.639538e-15 1.647928e-14 -8.493986e-15 1.163915e-14
3.100000e-02 6.733940e-04 1.261729e-02 -1.171217e-15 -8.567634e-15 -1.085260e-15 -1.333084e-14
3.150000e-02 6.102588e-04 1.366875e-02 -1.058092e-15 1.762152e-14 -9.802232e-16 1.281831e-14
3.200000e-02 1.422079e-05 1.435132e-02 -9.989084e-15 1.143935e-14 -9.918504e-15 6.718394e-15
3.250000e-02 1.833045e-04 1.453059e-02 2.833698e-15 3.004435e-15 2.835343e-15 -1.663145e-15
3.300000e-02 3.148856e-04 1.455968e-02 2.205186e-15 4.875127e-16 2.226389e-15 -4.166050e-15
3.350000e-02 5.876997e-04 1.462465e-02 4.572129e-15 1.088791e-15 4.608553e-15 -3.562497e-15
3.400000e-02 6.661896e-04 1.460653e-02 1.315423e-15 -3.036338e-16 1.383404e-15 -4.949841e-15
3.450000e-02 1.242459e-03 1.552961e-02 9.657782e-15 1.547004e-14 9.734842e-15 1.082242e-14
3.500000e-02 1.106891e-03 1.572810e-02 -2.272009e-15 3.326537e-15 -2.128271e-15 -1.248923e-15
3.550000e-02 7.380446e-04 1.606987e-02 -6.181546e-15 5.727646e-15 -6.053488e-15 1.167696e-15
3.600000e-02 2.867393e-04 1.649528e-02 -7.563490e-15 7.129644e-15 -7.478099e-15 2.596394e-15
3.650000e-02 2.058203e-05 1.685897e-02 -4.460566e-15 6.095093e-15 -4.427389e-15 1.595077e-15
3.700000e-02 6.384814e-04 1.746825e-02 1.035546e-14 1.021097e-14 1.035784e-14 5.739363e-15
3.750000e-02 2.679949e-04 1.796365e-02 -6.209034e-15 8.302550e-15 -6.135148e-15 3.878531e-15
3.800000e-02 4.077560e-04 1.707885e-02 2.342276e-15 -1.482848e-14 2.373291e-15 -1.921383e-14
3.850000e-02 4.744426e-04 1.528706e-02 1.117610e-15 -3.002887e-14 1.164794e-15 -3.448330e-14
3.900000e-02 4.186693e-04 1.621036e-02 -9.347133e-16 1.547369e-14 -8.798277e-16 1.087926e-14
3.950000e-02 6.975600e-04 1.692557e-02 4.673969e-15 1.198619e-14 4.722409e-15 7.463918e-15
4.000000e-02 -3.781031e-04 1.782714e-02 -1.802719e-14 1.510953e-14 -1.794647e-14 1.064312e-14
4.050000e-02 -6.013983e-04 1.706183e-02 -3.742235e-15 -1.282582e-14 -3.785992e-15 -1.722182e-14
4.100000e-02 -8.865173e-04 1.723902e-02 -4.778350e-15 2.969457e-15 -4.847941e-15 -1.486303e-15
4.150000e-02 -1.855030e-04 1.711350e-02 1.174840e-14 -2.103517e-15 1.164581e-14 -6.545435e-15
4.200000e-02 8.432261e-04 1.803820e-02 1.724062e-14 1.549707e-14 1.721915e-14 1.104534e-14
4.250000e-02 6.613981e-04 1.880053e-02 -3.047281e-15 1.277604e-14 -2.949693e-15 8.396522e-15
4.300000e-02 5.334079e-04 1.895536e-02 -2.145007e-15 2.594859e-15 -2.068454e-15 -1.725153e-15
4.350000e-02 2.368975e-04 1.919159e-02 -4.969260e-15 3.958926e-15 -4.907519e-15 -3.490041e-16
4.400000e-02 6.777629e-04 1.962095e-02 7.388526e-15 7.195734e-15 7.415947e-15 2.906236e-15
4.450000e-02 6.799988e-04 1.987966e-02 3.747098e-17 4.335787e-15 1.159276e-16 7.979339e-17
4.500000e-02 1.231885e-03 2.027153e-02 9.249134e-15 6.567373e-15 9.327852e-15 2.331562e-15
4.550000e-02 9.221850e-04 2.143921e-02 -5.190300e-15 1.956940e-14 -5.047687e-15 1.536416e-14
4.600000e-02 5.772187e-04 2.143069e-02 -5.781340e-15 -1.428884e-16 -5.674562e-15 -4.257083e-15
4.650000e-02 1.568995e-03 2.137548e-02 1.662131e-14 -9.251601e-16 1.668815e-14 -5.040023e-15
4.700000e-02 1.233496e-03 2.139617e-02 -5.622676e-15 3.467432e-16 -5.441008e-15 -3.772407e-15
4.750000e-02 1.402952e-03 2.200216e-02 2.839948e-15 1.015583e-14 2.982771e-15 6.038286e-15
4.800000e-02 1.836975e-03 2.141209e-02 7.273844e-15 -9.889011e-15 7.436301e-15 -1.395932e-14
4.850000e-02 1.953269e-03 2.149309e-02 1.948987e-15 1.357386e-15 2.161685e-15 -2.758904e-15
4.900000e-02 1.737925e-03 2.187422e-02 -3.608969e-15 6.387452e-15 -3.382803e-15 2.277479e-15
4.950000e-02 1.580921e-03 2.163194e-02 -2.631251e-15 -4.060319e-15 -2.430009e-15 -8.140591e-15
5.000000e-02 1.751729e-03 2.177000e-02 2.862582e-15 2.313761e-15 3.045638e-15 -1.785398e-15
5.050000e-02 2.301686e-03 2.261028e-02 9.216804e-15 1.408225e-14 9.419641e-15 9.993853e-15
5.100000e-02 2.419292e-03 2.310764e-02 1.970984e-15 8.335386e-15 2.237533e-15 4.312486e-15
5.150000e-02 2.148738e-03 2.319806e-02 -4.534256e-15 1.515370e-15 -4.254070e-15 -2.468781e-15
5.200000e-02 2.874607e-03 2.391540e-02 1.216494e-14 1.202194e-14 1.241379e-14 8.044824e-15
5.250000e-02 3.218495e-03 2.375464e-02 5.763278e-15 -2.694219e-15 6.096230e-15 -6.615449e-15
5.300000e-02 2.689080e-03 2.423071e-02 -8.872542e-15 7.978650e-15 -8.499767e-15 4.044917e-15
5.350000e-02 2.851843e-03 2.361584e-02 2.727763e-15 -1.030475e-14 3.039240e-15 -1.420144e-14
5.400000e-02 2.489564e-03 2.315196e-02 -6.071479e-15 -7.774198e-15 -5.741176e-15 -1.171875e-14
5.450000e-02 2.446399e-03 2.294237e-02 -7.234091e-16 -3.512628e-15 -4.350828e-16 -7.493325e-15
5.500000e-02 2.920810e-03 2.389101e-02 7.950713e-15 1.589844e-14 8.234032e-15 1.190142e-14
5.550000e-02 3.601338e-03 2.332078e-02 1.140507e-14 -9.556560e-15 1.174337e-14 -1.347969e-14
5.600000e-02 3.315071e-03 2.367521e-02 -4.797591e-15 5.939901e-15 -4.380501e-15 1.972400e-15
5.650000e-02 3.191619e-03 2.357195e-02 -2.068939e-15 -1.730580e-15 -1.684983e-15 -5.670493e-15
5.700000e-02 3.154132e-03 2.401869e-02 -6.282577e-16 7.487060e-15 -2.586049e-16 3.539100e-15
5.750000e-02 2.965700e-03 2.433718e-02 -3.157960e-15 5.337657e-15 -2.792627e-15 1.424481e-15
5.800000e-02 2.578310e-03 2.475606e-02 -6.492314e-15 7.020033e-15 -6.148792e-15 3.131643e-15
5.850000e-02 3.033612e-03 2.575753e-02 7.630468e-15 1.678370e-14 7.929136e-15 1.292790e-14
5.900000e-02 3.495174e-03 2.541455e-02 7.735378e-15 -5.748087e-15 8.086832e-15 -9.525948e-15
5.950000e-02 3.186530e-03 2.522453e-02 -5.172611e-15 -3.184569e-15 -4.767703e-15 -6.989092e-15
6.000000e-02 3.198081e-03 2.522508e-02 1.935887e-16 9.365963e-18 5.627327e-16 -3.809956e-15
6.050000e-02 3.186545e-03 2.506564e-02 -1.933265e-16 -2.672132e-15 1.771556e-16 -6.491410e-15
6.100000e-02 3.623228e-03 2.523811e-02 7.318426e-15 2.890475e-15 7.687564e-15 -9.412098e-16
6.150000e-02 3.777556e-03 2.602495e-02 2.586396e-15 1.318665e-14 3.006129e-15 9.368402e-15
6.200000e-02 3.175672e-03 2.627820e-02 -1.008705e-14 4.244257e-15 -9.649397e-15 4.872306e-16
6.250000e-02 3.107749e-03 2.684649e-02 -1.138326e-15 9.524086e-15 -7.703898e-16 5.786728e-15
6.300000e-02 2.661183e-03 2.736836e-02 -7.484077e-15 8.746117e-15 -7.123984e-15 5.052944e-15
6.350000e-02 2.842383e-03 2.744426e-02 3.036756e-15 1.272094e-15 3.345127e-15 -2.380528e-15
6.400000e-02 2.282053e-03 2.854141e-02 -9.390641e-15 1.838716e-14 -9.061270e-15 1.474045e-14
6.450000e-02 1.862310e-03 2.918903e-02 -7.034534e-15 1.085357e-14 -6.770056e-15 7.292086e-15
6.500000e-02 1.823082e-03 2.958110e-02 -6.574340e-16 6.570784e-15 -4.415843e-16 3.059583e-15
6.550000e-02 1.788145e-03 2.979790e-02 -5.855136e-16 3.633482e-15 -3.742005e-16 1.527217e-16
6.600000e-02 1.493546e-03 3.030505e-02 -4.937221e-15 8.499381e-15 -4.729952e-15 5.035450e-15
6.650000e-02 8.070418e-04 2.943875e-02 -1.150522e-14 -1.451848e-14 -1.133209e-14 -1.794305e-14
6.700000e-02 1.360328e-03 3.059118e-02 9.272604e-15 1.931371e-14 9.366147e-15 1.582188e-14
6.750000e-02 8.900610e-04 3.176593e-02 -7.881273e-15 1.968774e-14 -7.723578e-15 1.628537e-14
6.800000e-02 9.540401e-04 3.271886e-02 1.072234e-15 1.597026e-14 1.175428e-15 1.265900e-14
6.850000e-02 1.330805e-03 3.260530e-02 6.314258e-15 -1.903019e-15 6.424882e-15 -5.140405e-15
6.900000e-02 2.022966e-03 3.303133e-02 1.160001e-14 7.139854e-15 1.175432e-14 3.893672e-15
6.950000e-02 2.181240e-03 3.328741e-02 2.652543e-15 4.291571e-15 2.887119e-15 1.078418e-15
7.000000e-02 2.691063e-03 3.300596e-02 8.544190e-15 -4.716859e-15 8.797126e-15 -7.910168e-15
7.050000e-02 2.748678e-03 3.371738e-02 9.655899e-16 1.192285e-14 1.277634e-15 8.707749e-15
7.100000e-02 2.929574e-03 3.412401e-02 3.031656e-15 6.814767e-15 3.350407e-15 3.654782e-15
7.150000e-02 3.120963e-03 3.458253e-02 3.207512e-15 7.684340e-15 3.547255e-15 4.555853e-15
7.200000e-02 3.169854e-03 3.425202e-02 8.193682e-16 -5.538990e-15 1.181324e-15 -8.631970e-15
7.250000e-02 3.599789e-03 3.445979e-02 7.205342e-15 3.481983e-15 7.572954e-15 3.634170e-16
7.300000e-02 3.190158e-03 3.512387e-02 -6.865056e-15 1.112947e-14 -6.447576e-15 8.027010e-15
7.350000e-02 2.686291e-03 3.530936e-02 -8.444382e-15 3.108589e-15 -8.074380e-15 5.751327e-17
7.400000e-02 2.720879e-03 3.525949e-02 5.796729e-16 -8.356399e-16 8.912436e-16 -3.872378e-15
7.450000e-02 2.910792e-03 3.500777e-02 3.182773e-15 -4.218672e-15 3.498354e-15 -7.259268e-15
7.500000e-02 2.467134e-03 3.539285e-02 -7.435319e-15 6.453604e-15 -7.097722e-15 3.393533e-15
7.550000e-02 2.348951e-03 3.577707e-02 -1.980646e-15 6.439145e-15 -1.694492e-15 3.408861e-15
7.600000e-02 2.105879e-03 3.556211e-02 -4.073688e-15 -3.602464e-15 -3.801229e-15 -6.603025e-15
7.650000e-02 2.874648e-03 3.550820e-02 1.288391e-14 -9.034432e-16 1.312817e-14 -3.920640e-15
7.700000e-02 2.662771e-03 3.536263e-02 -3.550872e-15 -2.439775e-15 -3.217448e-15 -5.461121e-15
7.750000e-02 3.056932e-03 3.526501e-02 6.605795e-15 -1.635995e-15 6.914639e-15 -4.668612e-15
7.800000e-02 2.557956e-03 3.554551e-02 -8.362416e-15 4.700974e-15 -8.007859e-15 1.660816e-15
7.850000e-02 2.759192e-03 3.631620e-02 3.372550e-15 1.291604e-14 3.669244e-15 9.897567e-15
7.900000e-02 2.888494e-03 3.630848e-02 2.166993e-15 -1.293360e-16 2.487054e-15 -3.088185e-15
7.950000e-02 3.616734e-03 3.658397e-02 1.220467e-14 4.617007e-15 1.253973e-14 1.657566e-15
8.000000e-02 3.688125e-03 3.716996e-02 1.196442e-15 9.820657e-15 1.615985e-15 6.882545e-15
8.050000e-02 3.349346e-03 3.768849e-02 -5.677646e-15 8.690207e-15 -5.249796e-15 5.797400e-15
8.100000e-02 3.246945e-03 3.727802e-02 -1.716141e-15 -6.879167e-15 -1.327570e-15 -9.731914e-15
8.150000e-02 3.646434e-03 3.687146e-02 6.695096e-15 -6.813561e-15 7.071771e-15 -9.698033e-15
8.200000e-02 4.660176e-03 3.678559e-02 1.698944e-14 -1.439120e-15 1.741244e-14 -4.355003e-15
8.250000e-02 5.026981e-03 3.728033e-02 6.147325e-15 8.291419e-15 6.687912e-15 5.368944e-15
8.300000e-02 4.729454e-03 3.740752e-02 -4.986292e-15 2.131485e-15 -4.403129e-15 -7.527277e-16
8.350000e-02 4.735634e-03 3.701722e-02 1.035728e-16 -6.541089e-15 6.522309e-16 -9.415488e-15
8.400000e-02 4.785738e-03 3.654350e-02 8.397040e-16 -7.939020e-15 1.389056e-15 -1.084359e-14
8.450000e-02 4.565288e-03 3.724148e-02 -3.694560e-15 1.169749e-14 -3.139424e-15 8.756302e-15
8.500000e-02 4.259322e-03 3.760844e-02 -5.127716e-15 6.149990e-15 -4.598111e-15 3.262750e-15
8.550000e-02 4.205795e-03 3.736817e-02 -8.970724e-16 -4.026838e-15 -4.029402e-16 -6.885733e-15
8.600000e-02 4.164687e-03 3.767015e-02 -6.889347e-16 5.060929e-15 -2.010242e-16 2.183464e-15
8.650000e-02 4.608885e-03 3.787322e-02 7.444377e-15 3.403344e-15 7.927534e-15 5.492129e-16
8.700000e-02 4.373179e-03 3.856961e-02 -3.950234e-15 1.167087e-14 -3.415536e-15 8.832453e-15
8.750000e-02 4.834101e-03 3.818355e-02 7.724662e-15 -6.470048e-15 8.232052e-15 -9.254687e-15
8.800000e-02 5.494019e-03 3.796959e-02 1.105966e-14 -3.585709e-15 1.162050e-14 -6.400144e-15
8.850000e-02 6.176298e-03 3.818712e-02 1.143440e-14 3.645611e-15 1.207179e-14 8.146849e-16
8.900000e-02 6.150056e-03 3.813794e-02 -4.397847e-16 -8.242632e-16 2.767607e-16 -3.638343e-15
8.950000e-02 5.694703e-03 3.849615e-02 -7.631336e-15 6.003267e-15 -6.917838e-15 3.185387e-15
9.000000e-02 5.950850e-03 3.874307e-02 4.292810e-15 4.138235e-15 4.953510e-15 1.347993e-15
9.050000e-02 6.436905e-03 3.904910e-02 8.145867e-15 5.128806e-15 8.836299e-15 2.357648e-15
9.100000e-02 6.801511e-03 3.945864e-02 6.110477e-15 6.863537e-15 6.857319e-15 4.116039e-15
9.150000e-02 6.662913e-03 4.000227e-02 -2.322785e-15 9.110762e-15 -1.533614e-15 6.394901e-15
9.200000e-02 6.817867e-03 4.009556e-02 2.596899e-15 1.563485e-15 3.370033e-15 -1.110435e-15
9.250000e-02 6.753789e-03 4.061008e-02 -1.073890e-15 8.622907e-15 -2.827708e-16 5.956195e-15
9.300000e-02 7.687747e-03 4.080832e-02 1.565233e-14 3.322242e-15 1.643606e-14 6.952142e-16
9.350000e-02 7.067976e-03 4.119347e-02 -1.038682e-14 6.454754e-15 -9.494723e-15 3.843081e-15
9.400000e-02 6.817047e-03 4.059549e-02 -4.205365e-15 -1.002160e-14 -3.385141e-15 -1.260362e-14
