theta s11 s12 s13 s14 s21 s22 s23 s24 s31 s32 s33 s34 s41 s42 s43 s44
0.00 6.6724152366E+02 0.0000000000E+00 0.0000000000E+00 -6.8015981141E-10 0.0000000000E+00 6.6724152366E+02 1.2310276906E-11 0.0000000000E+00 0.0000000000E+00 -1.2310276906E-11 6.6724152366E+02 0.0000000000E+00 -6.8015981141E-10 0.0000000000E+00 0.0000000000E+00 6.6724152366E+02
1.00 6.6422163355E+02 -3.5581405627E-02 -1.6001820391E-06 2.8064621985E-06 -3.5581405627E-02 6.6422163355E+02 3.4241901558E-06 -1.3785661271E-07 -1.5988808715E-06 -3.4240493310E-06 6.6422157993E+02 2.6451287695E-01 2.8070917624E-06 1.3906984439E-07 -2.6451287695E-01 6.6422157993E+02
2.00 6.5522892176E+02 -1.3836277964E-01 -3.1687931598E-06 5.5819194985E-06 -1.3836277964E-01 6.5522892176E+02 6.7746541519E-06 -2.7120586569E-07 -3.1584318445E-06 -6.7735446567E-06 6.5522806925E+02 1.0478699277E+00 5.5869205962E-06 2.8086005383E-07 -1.0478699277E+00 6.5522806925E+02
3.00 6.4046225808E+02 -2.9667759047E-01 -4.6751609638E-06 8.2942085768E-06 -2.9667759047E-01 6.4046225808E+02 9.9794116448E-06 -3.9564145342E-07 -4.6404652072E-06 -9.9757624242E-06 6.4045798773E+02 2.3199046344E+00 8.3108895741E-06 4.2793678206E-07 -2.3199046344E+00 6.4045798773E+02
4.00 6.2024653069E+02 -4.9188197411E-01 -6.0903817793E-06 1.0912266996E-05 -4.9188197411E-01 6.2024653069E+02 1.2969871894E-05 -5.0695738584E-07 -6.0090434866E-06 -1.2961533231E-05 6.2023323319E+02 4.0315419790E+00 1.0951157936E-05 5.8256468428E-07 -4.0315419790E+00 6.2023323319E+02
5.00 5.9502304817E+02 -6.9950909444E-01 -7.3881360058E-06 1.3405684403E-05 -6.9950909444E-01 5.9502304817E+02 1.5682443339E-05 -6.0124581241E-07 -7.2315183757E-06 -1.5666922010E-05 5.9499119848E+02 6.1165571925E+00 1.3480035731E-05 7.4657464428E-07 -6.1165571925E+00 5.9499119848E+02
6.00 5.6533658019E+02 -8.9079534258E-01 -8.5454234488E-06 1.5744957308E-05 -8.9079534258E-01 5.6533658019E+02 1.8060009169E-05 -6.7499183685E-07 -8.2794695629E-06 -1.8034760860E-05 5.6527206565E+02 8.4939496933E+00 1.5870100405E-05 9.2125265900E-07 -8.4939496933E+00 5.6527206565E+02
7.00 5.3181949178E+02 -1.0344942758E+00 -9.5431959492E-06 1.7901771816E-05 -1.0344942758E+00 5.3181949178E+02 2.0053245256E-05 -7.2516453416E-07 -9.1295149399E-06 -2.0016007444E-05 5.3170324241E+02 1.1070847653E+01 1.8094364887E-05 1.1072558443E-06 -1.1070847653E+01 5.3170324241E+02
8.00 4.9517352336E+02 -1.0988781100E+00 -1.0366868587E-05 1.9849316995E-05 -1.0988781100E+00 4.9517352336E+02 2.1621748086E-05 -7.4930276361E-07 -9.7639683555E-06 -2.1570894025E-05 4.9498147702E+02 1.3745839686E+01 2.0126504215E-05 1.3045598486E-06 -1.3745839686E+01 4.9498147702E+02
9.00 4.5614984489E+02 -1.0538158527E+00 -1.1006694280E-05 2.1562628228E-05 -1.0538158527E+00 4.5614984489E+02 2.2734945171E-05 -7.4559489170E-07 -1.0171325490E-05 -2.2669837926E-05 4.5585326207E+02 1.6412614879E+01 2.1941143526E-05 1.5124412423E-06 -1.6412614879E+01 4.5585326207E+02
10.00 4.1552806316E+02 -8.7281236847E-01 -1.1457991580E-05 2.3018957422E-05 -8.7281236847E-01 4.1552806316E+02 2.3372765341E-05 -7.1295096113E-07 -1.0346564388E-05 -2.3294090197E-05 4.1509418747E+02 1.8963781294E+01 2.3514206655E-05 1.7294964730E-06 -1.8963781294E+01 4.1509418747E+02
11.00 3.7409488546E+02 -5.3489405097E-01 -1.1721219641E-05 2.4198163856E-05 -5.3489405097E-01 3.7409488546E+02 2.3526052774E-05 -6.5106600203E-07 -1.0291252461E-05 -2.3436106791E-05 3.7348792729E+02 2.1294726646E+01 2.4823320421E-05 1.9536976753E-06 -2.1294726646E+01 3.7348792729E+02
12.00 3.3262314056E+02 -2.6234268456E-02 -1.1801899851E-05 2.5083116419E-05 -2.6234268457E-02 3.3262314056E+02 2.3196714353E-05 -5.6047297482E-07 -1.0013458421E-05 -2.3099633269E-05 3.3180554370E+02 2.3307383229E+01 2.5848265438E-05 2.1824838755E-06 -2.3307383229E+01 3.3180554370E+02
13.00 2.9185182847E+02 6.5857506123E-01 -1.1710388041E-05 2.5660095748E-05 6.5857506123E-01 2.9185182847E+02 2.2397596977E-05 -4.4258387674E-07 -9.5274732771E-06 -2.2299502140E-05 2.9078576391E+02 2.4913762515E+01 2.6571460858E-05 2.4128846746E-06 -2.4913762515E+01 2.9078576391E+02
14.00 2.5246781707E+02 1.5156812194E+00 -1.1461505645E-05 2.5919182331E-05 1.5156812194E+00 2.5246781707E+02 2.1152098333E-05 -2.9971718078E-07 -8.8533501157E-06 -2.1061149630E-05 2.5111683520E+02 2.6039132984E+01 2.6978466874E-05 2.6416716973E-06 -2.6039132984E+01 2.5111683520E+02
15.00 2.1508972810E+02 2.5316109869E+00 -1.1074042673E-05 2.5854615412E-05 2.5316109869E+00 2.1508972810E+02 1.9493521359E-05 -1.3510991500E-07 -8.0162781236E-06 -1.9419866161E-05 2.1342049097E+02 2.6624727457E+01 2.7058486459E-05 2.8655319098E-06 -2.6624727457E+01 2.1342049097E+02
16.00 1.8025446117E+02 3.6834216396E+00 -1.0570149092E-05 2.5465106184E-05 3.6834216396E+00 1.8025446117E+02 1.7464188960E-05 4.7087160475E-08 -7.0458111199E-06 -1.7419801618E-05 1.7823847089E+02 2.6629883014E+01 2.6804845519E-05 3.0812558530E-06 -2.6629883014E+01 1.7823847089E+02
17.00 1.4840669726E+02 4.9393641497E+00 -9.9746336365E-06 2.4754089243E-05 4.9393641497E+00 1.4840669726E+02 1.5114342591E-05 2.4183345861E-07 -5.9749742951E-06 -1.5112753961E-05 1.4602193475E+02 2.6033536903E+01 2.6215430202E-05 3.2859323146E-06 -2.6033536903E+01 1.4602193475E+02
18.00 1.1989160611E+02 6.2600333236E+00 -9.3141923539E-06 2.3729896423E-05 6.2600333236E+00 1.1989160611E+02 1.2500853141E-05 4.4324290301E-07 -4.8392770353E-06 -1.2556774589E-05 1.1712399725E+02 2.4835024996E+01 2.5293059623E-05 3.4771409718E-06 -2.4835024996E+01 1.1712399725E+02
19.00 9.4950861257E+01 7.5999540627E+00 -8.6165902192E-06 2.2405838724E-05 7.5999540627E+00 9.4950861257E+01 9.6857779827E-06 6.4465029014E-07 -3.6756614532E-06 -9.8146292481E-06 9.1795493978E+01 2.3054154442E+01 2.4045773301E-05 3.6531338165E-06 -2.3054154442E+01 9.1795493978E+01
20.00 7.3721946665E+01 8.9095299444E+00 -7.9098201427E-06 2.0800184461E-05 8.9095299444E+00 7.3721946665E+01 6.7348023265E-06 8.3870103004E-07 -2.5214177565E-06 -6.9521572180E-06 7.0183972955E+01 2.0730548391E+01 2.2487014683E-05 3.8129962450E-06 -2.0730548391E+01 7.0183972955E+01
21.00 5.6240624312E+01 1.0137261069E+01 -7.2212641436E-06 1.8936024250E-05 1.0137261069E+01 5.6240624312E+01 3.7156055236E-06 1.0174649204E-06 -1.4130983982E-06 -4.0365734867E-06 5.2335794561E+01 1.7922286925E+01 2.0635694600E-05 3.9567792761E-06 -1.7922286925E+01 5.2335794561E+01
22.00 4.2446328021E+01 1.1232123576E+01 -6.5768805634E-06 1.6841017565E-05 1.1232123576E+01 4.2446328021E+01 6.9619552716E-07 1.1725747299E-06 -3.8546205127E-07 -1.1347606211E-06 3.8201121286E+01 1.4703893871E+01 1.8516122584E-05 4.0855946974E-06 -1.4703893871E+01 3.8201121286E+01
23.00 3.2190157902E+01 1.2145994115E+01 -6.0004403103E-06 1.4547018630E-05 1.2145994115E+01 3.2190157902E+01 -2.2567450312E-06 1.2953888348E-06 5.2952237825E-07 1.6884037036E-06 2.7641489443E+01 1.1163742836E+01 1.6157797532E-05 4.2016667383E-06 -1.1163742836E+01 2.7641489443E+01
24.00 2.5245075755E+01 1.2835999344E+01 -5.5128329008E-06 1.2089584679E-05 1.2835999344E+01 2.5245075755E+01 -5.0794576467E-06 1.3771774653E-06 1.3035842406E-06 4.3716382495E-06 2.0439581975E+01 7.4009769211E+00 1.3595054707E-05 4.3083345779E-06 -7.4009769211E+00 2.0439581975E+01
25.00 2.1317846400E+01 1.3266673298E+01 -5.1314613529E-06 9.5073730324E-06 1.3266673298E+01 2.1317846400E+01 -7.7126104684E-06 1.4093303326E-06 1.9129468571E-06 6.8587269773E-06 1.6310766050E+01 3.5220541708E+00 1.0866570575E-05 4.4100023391E-06 -3.5220541708E+00 1.6310766050E+01
26.00 2.0062234410E+01 1.3411814122E+01 -4.8697415793E-06 6.8414383998E-06 1.3411814122E+01 2.0062234410E+01 -1.0102665650E-05 1.3835831482E-06 2.3389893456E-06 9.0998264387E-06 1.4915922858E+01 -3.6295561286E-01 8.0147323985E-06 4.5120348517E-06 3.6295561286E-01 1.4915922858E+01
27.00 2.1092950501E+01 1.3255945697E+01 -4.7367193526E-06 4.1344453894E-06 1.3255945697E+01 2.1092950501E+01 -1.2203077141E-05 1.2922590320E-06 2.5687569980E-06 1.1052578695E-05 1.5875080135E+01 -4.1441881236E+00 5.0848844823E-06 4.6205998653E-06 4.1441881236E+00 1.5875080135E+01
28.00 2.3999846199E+01 1.2795308387E+01 -4.7368143475E-06 1.4298151621E-06 1.2795308387E+01 2.3999846199E+01 -1.3975289329E-05 1.1285201391E-06 2.5953073040E-06 1.2683002383E-05 1.8781359938E+01 -7.7157773275E+00 2.1244677792E-06 4.7424594754E-06 7.7157773275E+00 1.8781359938E+01
29.00 2.8361878125E+01 1.2038325555E+01 -4.8696973045E-06 -1.2291721344E-06 1.2038325555E+01 2.8361878125E+01 -1.5389512830E-05 8.8662342509E-07 2.4178833354E-06 1.3966141308E-05 2.3214773923E+01 -1.0979486342E+01 -8.1792632201E-07 4.8847160120E-06 1.0979486342E+01 2.3214773923E+01
30.00 3.3760402064E+01 1.1005517517E+01 -5.1303027964E-06 -3.8002947831E-06 1.1005517517E+01 3.3760402064E+01 -1.6425260236E-05 5.6217391732E-07 2.0419110248E-06 1.4886457230E-05 2.8755433840E+01 -1.3848045219E+01 -3.6935634190E-06 5.0545196220E-06 1.3848045219E+01 2.8755433840E+01
31.00 3.9791409531E+01 9.7288609613E+00 -5.5089765323E-06 -6.2433014003E-06 9.7288609613E+00 3.9791409531E+01 -1.7071631639E-05 1.5236750340E-07 1.4788217685E-06 1.5437961027E-05 3.4995793730E+01 -1.6248075520E+01 -6.4546076328E-06 5.2587470674E-06 1.6248075520E+01 3.4995793730E+01
32.00 4.6076382639E+01 8.2506183031E+00 -5.9917526648E-06 -8.5207908408E-06 8.2506183031E+00 4.6076382639E+01 -1.7327346899E-05 -3.4378491853E-07 7.4570641782E-07 1.5624084134E-05 4.1551599638E+01 -1.8122497132E+01 -9.0551680776E-06 5.5036627826E-06 1.8122497132E+01 4.1551599638E+01
33.00 5.2271513551E+01 6.6216866598E+00 -6.5607531748E-06 -1.0599034446E-05 6.6216866598E+00 5.2271513551E+01 -1.7200528807E-05 -9.2526102945E-07 -1.3518858374E-07 1.5457299517E-05 4.8071289352E+01 -1.9432332199E+01 -1.1452320521E-05 5.7945749390E-06 1.9432332199E+01 4.8071289352E+01
34.00 5.8075109383E+01 4.8995389094E+00 -7.1946982913E-06 -1.2448715841E-05 4.8995389094E+00 5.8075109383E+01 -1.6708248191E-05 -1.5888672812E-06 -1.1371080575E-06 1.4958508534E-05 5.4243655730E+01 -2.0157843668E+01 -1.3607074479E-05 6.1355000056E-06 2.0157843668E+01 5.4243655730E+01
35.00 6.3233078853E+01 3.1458486177E+00 -7.8695141981E-06 -1.4045565866E-05 3.1458486177E+00 6.3233078853E+01 -1.5875848695E-05 -2.3291245543E-06 -2.2295593245E-06 1.4156216606E-05 5.9803659425E+01 -2.0298970838E+01 -1.5485257413E-05 6.5288499810E-06 2.0298970838E+01 5.9803659425E+01
36.00 6.7542470266E+01 1.4239055171E+00 -8.5590216307E-06 -1.5370873162E-05 1.4239055171E+00 6.7542470266E+01 -1.4736074643E-05 -3.1382076204E-06 -3.3791858344E-06 1.3085526089E-05 6.4536347471E+01 -1.9875050638E+01 -1.7058289864E-05 6.9751564052E-06 1.9875050638E+01 6.4536347471E+01
37.00 7.0853098942E+01 -2.0406191377E-01 -9.2356867894E-06 -1.6411854644E-05 -2.0406191377E-01 7.0853098942E+01 -1.3328030356E-05 -4.0059457510E-06 -4.5507184288E-06 1.1786979321E-05 6.8278900616E+01 -1.8923839969E+01 -1.8303828531E-05 7.4728446257E-06 1.8923839969E+01 6.8278900616E+01
38.00 7.3067363734E+01 -1.6795358441E+00 -9.8714146072E-06 -1.7161874123E-05 -1.6795358441E+00 7.3067363734E+01 -1.1696003696E-05 -4.9198902760E-06 -5.7079777704E-06 1.0305288744E-05 7.0920892427E+01 -1.7499880561E+01 -1.9206258037E-05 8.0180705257E-06 1.7499880561E+01 7.0920892427E+01
39.00 7.4138405048E+01 -2.9502107888E+00 -1.0438362945E-05 -1.7620502516E-05 -2.9502107888E+00 7.4138405048E+01 -9.8881892926E-06 -5.8654536381E-06 -6.8148997625E-06 8.6879929317E-06 7.2402895282E+01 -1.5672272144E+01 -1.9757017111E-05 8.6046305389E-06 1.5672272144E+01 7.2402895282E+01
40.00 7.4066799671E+01 -3.9722347286E+00 -1.0909755505E-05 -1.7793417385E-05 -3.9722347286E+00 7.4066799671E+01 -7.9553486930E-06 -6.8261217218E-06 -7.8365552551E-06 6.9840785838E-06 7.2713611233E+01 -1.3521941658E+01 -1.9954749283E-05 9.2239528795E-06 1.3521941658E+01 7.2713611233E+01
41.00 7.2896019934E+01 -4.7120887208E+00 -1.1260671641E-05 -1.7692145123E-05 -4.7120887208E+00 7.2896019934E+01 -5.9494458984E-06 -7.7837395168E-06 -8.7401358749E-06 5.2426087545E-06 7.1885738731E+01 -1.1138514677E+01 -1.9805274198E-05 9.8651759798E-06 1.1138514677E+01 7.1885738731E+01
42.00 7.0706906257E+01 -5.1480205933E+00 -1.1468790915E-05 -1.7333653551E-05 -5.1480205933E+00 7.0706906257E+01 -3.9222955433E-06 -8.7188669993E-06 -9.4958781415E-06 3.5113956841E-06 6.9990809004E+01 -8.6169096263E+00 -1.9321380430E-05 1.0515316322E-05 8.6169096263E+00 6.9990809004E+01
43.00 6.7611413079E+01 -5.2709685999E+00 -1.1515071867E-05 -1.6739807616E-05 -5.2709685999E+00 6.7611413079E+01 -1.9242600173E-06 -9.6111997518E-06 -1.0077900243E-05 1.8357546345E-06 6.7133238818E+01 -6.0537851279E+00 -1.8522446469E-05 1.1159525061E-05 6.0537851279E+00 6.7133238818E+01
44.00 6.3745889385E+01 -5.0849340140E+00 -1.1384345664E-05 -1.5936704855E-05 -5.0849340140E+00 6.3745889385E+01 -3.0289645932E-09 -1.0440045857E-05 -1.0464927991E-05 2.5737141925E-07 6.3443849952E+01 -3.5439755684E+00 -1.7433901302E-05 1.1781429083E-05 3.5439755684E+00 6.3443849952E+01
45.00 5.9264147383E+01 -4.6067864653E+00 -1.1065807532E-05 -1.4953910951E-05 -4.6067864653E+00 5.9264147383E+01 1.7974887793E-06 -1.1184847961E-05 -1.0640889641E-05 -1.1866879478E-06 5.9073100798E+01 -1.1770495243E+00 -1.6086540744E-05 1.2363548760E-05 1.1770495243E+00 5.9073100798E+01
46.00 5.4330557660E+01 -3.8655112440E+00 -1.0553391428E-05 -1.3823618547E-05 -3.8655112440E+00 5.4330557660E+01 3.4381349780E-06 -1.1825736943E-05 -1.0595362905E-05 -2.4648021445E-06 5.4184263348E+01 9.6587989844E-01 -1.4515719639E-05 1.2887781350E-05 -9.6587989843E-01 5.4184263348E+01
47.00 4.9113387685E+01 -2.9009326589E+00 -9.8460164094E-06 -1.2579754826E-05 -2.9009326589E+00 4.9113387685E+01 4.8853125703E-06 -1.2344101655E-05 -1.0323861571E-05 -3.5514363012E-06 4.8946760457E+01 2.8149743100E+00 -1.2760443643E-05 1.3335936182E-05 -2.8149743100E+00 4.8946760457E+01
48.00 4.3778574243E+01 -1.7619707262E+00 -8.9476968424E-06 -1.1257064092E-05 -1.7619707262E+00 4.3778574243E+01 6.1116209868E-06 -1.2723157017E-05 -9.8279540185E-06 -4.4275885377E-06 4.3529855188E+01 4.3140154330E+00 -1.0862386262E-05 1.3690304600E-05 -4.3140154330E+00 4.3529855188E+01
49.00 3.8484090784E+01 -5.0450896330E-01 -7.8675119053E-06 -9.8901926992E-06 -5.0450896329E-01 3.8484090784E+01 7.0963061343E-06 -1.2948492362E-05 -9.1152102099E-06 -5.0810358031E-06 3.8096857425E+01 5.4221922290E+00 -8.8648593357E-06 1.3934246423E-05 -5.4221922290E+00 3.8096857425E+01
50.00 3.3375038933E+01 8.1103202375E-01 -6.6194342348E-06 -8.5128024989E-06 8.1103202375E-01 3.3375038933E+01 7.8255199605E-06 -1.3008580681E-05 -8.1989792561E-06 -5.5063789951E-06 3.2799984050E+01 6.1152675479E+00 -6.8117651279E-06 1.4052772444E-05 -6.1152675479E+00 3.2799984050E+01
51.00 2.8579560922E+01 2.1223078619E+00 -5.2220212047E-06 -7.1567381730E-06 2.1223078619E+00 2.8579560922E+01 8.2923903277E-06 -1.2895230160E-05 -7.0980041394E-06 -5.7048935442E-06 2.7775978998E+01 6.3860866346E+00 -4.7465587768E-06 1.4033102441E-05 -6.3860866346E+00 2.7775978998E+01
52.00 2.4205637425E+01 3.3677355666E+00 -3.6979765469E-06 -5.8512714046E-06 3.3677355666E+00 2.4205637425E+01 8.4969068474E-06 -1.2603960046E-05 -5.8358852089E-06 -5.6841968045E-06 2.3142569267E+01 6.2444157447E+00 -2.7112484945E-06 1.3865177910E-05 -6.2444157447E+00 2.3142569267E+01
53.00 2.0338804114E+01 4.4891328117E+00 -2.0735937787E-06 -4.6224422436E-06 4.4891328117E+00 2.0338804114E+01 8.4456331536E-06 -1.2134284641E-05 -4.4404084391E-06 -5.4577485286E-06 1.8995803479E+01 5.7161253993E+00 -7.4545941417E-07 1.3542109787E-05 -5.7161253993E+00 1.8995803479E+01
54.00 1.7040790905E+01 5.4341961670E+00 -3.7809634361E-07 -3.4925145051E-06 5.4341961670E+00 1.7040790905E+01 8.1512604205E-06 -1.1489891546E-05 -2.9427583363E-06 -5.0442049856E-06 1.5408291346E+01 4.8417584101E+00 1.1144155910E-06 1.3060543043E-05 -4.8417584101E+00 1.5408291346E+01
55.00 1.4349060902E+01 6.1587107944E+00 1.3571072494E-06 -2.4795583350E-06 6.1587107944E+00 1.4349060902E+01 7.6320203830E-06 -1.0678703357E-05 -1.3766390154E-06 -4.4666505584E-06 1.2428336028E+01 3.6745467356E+00 2.8359577981E-06 1.2420922482E-05 -3.6745467356E+00 1.2428336028E+01
56.00 1.2277201802E+01 6.6283964256E+00 3.0992326559E-06 -1.5971687363E-06 6.6283964256E+00 1.2277201802E+01 6.9109792998E-06 -9.7128154257E-06 2.2267060630E-07 -3.7517335009E-06 1.0079927164E+01 2.2779625321E+00 4.3913405470E-06 1.1627647100E-05 -2.2779625321E+00 1.0079927164E+01
57.00 1.0816101273E+01 6.8203109053E+00 4.8149703552E-06 -8.5432470140E-07 6.8203109053E+00 1.0816101273E+01 6.0152363531E-06 -8.6083065340E-06 1.8192993475E-06 -2.9287341209E-06 8.3635406343E+00 7.2290660278E-01 5.7578103622E-06 1.0689104092E-05 -7.2290660277E-01 8.3635406343E+00
58.00 9.9358197253E+00 6.7237524242E+00 6.4713536278E-06 -2.5538896867E-07 6.7237524242E+00 9.9358197253E+00 4.9750515861E-06 -7.3849233805E-06 3.3777750377E-06 -2.0285946825E-06 7.2576720350E+00 -9.1534888605E-01 6.9180227635E-06 9.6175775065E-06 9.1534888606E-01 7.2576720350E+00
59.00 9.5880590436E+00 6.3406239018E+00 8.0366190091E-06 1.9975579488E-07 6.3406239018E+00 9.5880590436E+00 3.8229291982E-06 -6.0656443571E-06 4.8639952391E-06 -1.0829403018E-06 6.7210145107E+00 -2.5603376156E+00 7.8602285168E-06 8.4290310221E-06 2.5603376156E+00 6.7210145107E+00
60.00 9.7091142298E+00 5.6852468129E+00 9.4810345572E-06 5.1544262665E-07 5.6852468129E+00 9.7091142298E+00 2.5926820644E-06 -4.6761325142E-06 6.2461489317E-06 -1.2311933287E-07 6.6951781555E+00 -4.1375665880E+00 8.5783103308E-06 7.1427686816E-06 4.1375665880E+00 6.6951781555E+00
61.00 1.0223186629E+01 4.7836360447E+00 1.0777672130E-05 6.9983988863E-07 4.7836360447E+00 1.0223186629E+01 1.3185026923E-06 -3.2440916768E-06 7.4955622732E-06 8.2070980878E-07 7.1078376617E+00 -5.5775455910E+00 9.0716742626E-06 5.7809818262E-06 5.5775455910E+00 7.1078376617E+00
62.00 1.1045932369E+01 3.6722710369E+00 1.1903101483E-05 7.6447017088E-07 3.6722710369E+00 1.1045932369E+01 3.4064530967E-08 -1.7985436416E-06 8.5874440190E-06 1.7204207302E-06 7.8761874109E+00 -6.8185569737E+00 9.3450038695E-06 4.3681946693E-06 6.8185569737E+00 7.8761874109E+00
63.00 1.2088117915E+01 2.3964204797E+00 1.2837986416E-05 7.2364661367E-07 2.3964204797E+00 1.2088117915E+01 -1.2283241854E-06 -3.6904762119E-07 9.5015094418E-06 2.5506681930E-06 8.9105788027E+00 -7.8090555774E+00 9.4078887610E-06 2.9306247084E-06 7.8090555774E+00 8.9105788027E+00
64.00 1.3259256171E+01 1.0080972372E+00 1.3567565998E-05 5.9384691375E-07 1.0080972372E+00 1.3259256171E+01 -2.4384943204E-06 1.0151143040E-06 1.0222465410E-05 3.2895258914E-06 1.0118213399E+01 -8.5096046772E+00 9.2743422375E-06 1.4954774275E-06 8.5096046772E+00 1.0118213399E+01
65.00 1.4471101342E+01 -4.3626390253E-01 1.4082007438E-05 3.9304666383E-07 -4.3626390253E-01 1.4471101342E+01 -3.5691003606E-06 2.3257600606E-06 1.0740343732E-05 3.9189981958E-06 1.1406767489E+01 -8.8942736246E+00 8.9622252177E-06 9.0197392375E-08 8.8942736246E+00 1.1406767489E+01
66.00 1.5640888743E+01 -1.8783012860E+00 1.4376621097E-05 1.4003455065E-07 -1.8783012860E+00 1.5640888743E+01 -4.5962014473E-06 3.5366122795E-06 1.1050674632E-05 4.4253952311E-06 1.2687828973E+01 -8.9514457446E+00 8.4925957671E-06 -1.2583004542E-06 8.9514457446E+00 1.2687828972E+01
67.00 1.6694216780E+01 -3.2602828081E+00 1.4451932163E-05 -1.4626819108E-07 -3.2602828081E+00 1.6694216780E+01 -5.4997282079E-06 4.6240581931E-06 1.1154497217E-05 4.7995649514E-06 1.3880036041E+01 -8.6840099844E+00 7.8890047133E-06 -2.5243943278E-06 8.6840099844E+00 1.3880036041E+01
68.00 1.7567482311E+01 -4.5276101286E+00 1.4313607935E-05 -4.4746224254E-07 -4.5276101286E+00 1.7567482311E+01 -6.2638278808E-06 5.5678391146E-06 1.1058208904E-05 5.0369800522E-06 1.4911818850E+01 -8.1089358029E+00 7.1767587117E-06 -3.6844890112E-06 8.1089358029E+00 1.4911818850E+01
69.00 1.8209797199E+01 -5.6311601168E+00 1.3972243926E-05 -7.4627813157E-07 -5.6311601168E+00 1.8209797199E+01 -6.8770838191E-06 6.3516458000E-06 1.0773260612E-05 5.1376819204E-06 1.5723660127E+01 -7.2562567475E+00 6.3821721706E-06 -4.7176948972E-06 7.2562567475E+00 1.5723660127E+01
70.00 1.8584332785E+01 -6.5293608618E+00 1.3443016201E-05 -1.0271192195E-06 -6.5293608618E+00 1.8584332785E+01 -7.3326087146E-06 6.9635986823E-06 1.0315709365E-05 5.1060876930E-06 1.6269808092E+01 -6.1675129864E+00 5.5318289113E-06 -5.6064300567E-06 6.1675129864E+00 1.6269808092E+01
71.00 1.8669059732E+01 -7.1899120866E+00 1.2745211307E-05 -1.2765237851E-06 -7.1899120866E+00 1.8669059732E+01 -7.6280142982E-06 7.3965956351E-06 9.7056440951E-06 4.9506704325E-06 1.6519394791E+01 -4.8937256988E+00 4.6518734170E-06 -6.3369251803E-06 4.8937256988E+00 1.6519394791E+01
72.00 1.8456872702E+01 -7.5910763188E+00 1.1901648639E-05 -1.4835332665E-06 -7.5910763188E+00 1.8456872702E+01 -7.7652632907E-06 7.6485141596E-06 8.9665041248E-06 4.6835257665E-06 1.6456934444E+01 -3.4929957006E+00 3.7673499052E-06 -6.8996144437E-06 3.4929957007E+00 1.6456934444E+01
73.00 1.7955111838E+01 -7.7224869526E+00 1.0938013201E-05 -1.6399572186E-06 -7.7224869526E+00 1.7955111838E+01 -7.7504122574E-06 7.7222595781E-06 8.1243130048E-06 4.3198412546E-06 1.6082199012E+01 -2.0278341492E+00 2.9016052395E-06 -7.2893989463E-06 2.0278341492E+00 1.6082199012E+01
74.00 1.7184515419E+01 -7.5854414997E+00 9.8821191326E-06 -1.7405289414E-06 -7.5854414997E+00 1.7184515419E+01 -7.5932565187E-06 7.6256561594E-06 7.2068524622E-06 3.8772872655E-06 1.5409491125E+01 -5.6234395095E-01 2.0757695300E-06 -7.5057739033E-06 5.6234395096E-01 1.5409491125E+01
75.00 1.6177659358E+01 -7.1926718384E+00 8.7631261831E-06 -1.7829497209E-06 -7.1926718384E+00 1.6177659358E+01 -7.3068904823E-06 7.3711832356E-06 6.2428028130E-06 3.3753499523E-06 1.4466357025E+01 8.4062389160E-01 1.3083252134E-06 -7.5528150467E-06 -8.4062389160E-01 1.4466357025E+01
76.00 1.4976958692E+01 -6.5676070803E+00 7.6107324013E-06 -1.7678233427E-06 -6.5676070803E+00 1.4976958692E+01 -6.9071984741E-06 6.9755637956E-06 5.2608767236E-06 2.8346281628E-06 1.3291803271E+01 2.1222145746E+00 6.1477254588E-07 -7.4390245553E-06 -2.1222145746E+00 1.3291803271E+01
77.00 1.3632322985E+01 -5.7431676619E+00 6.4543667157E-06 -1.6984861728E-06 -5.7431676619E+00 1.3632322985E+01 -6.4122924520E-06 6.4592181178E-06 4.2889729974E-06 2.2761166648E-06 1.1934099867E+01 3.2300952800E+00 7.3963758248E-09 -7.1770415360E-06 -3.2300952800E+00 1.1934099867E+01
78.00 1.2198570824E+01 -4.7601503927E+00 5.3224046183E-06 -1.5807416876E-06 -4.7601503927E+00 1.2198570824E+01 -5.8419139436E-06 5.8455996612E-06 3.3533758037E-06 1.7204981597E-06 1.0448268306E+01 4.1206538074E+00 -5.0486420586E-07 -6.7832265146E-06 -4.1206538074E+00 1.0448268306E+01
79.00 1.0732717793E+01 -3.6652824621E+00 4.2414292587E-06 -1.4225113306E-06 -3.6652824621E+00 1.0732717793E+01 -5.2168176994E-06 5.1604346818E-06 2.4780231656E-06 1.1874654907E-06 8.8933650030E+00 4.7607766826E+00 -9.1644465680E-07 -6.2771337169E-06 -4.7607766826E+00 8.8933650030E+00
80.00 9.2912567305E+00 -2.5090369730E+00 3.2355583007E-06 -1.2334164518E-06 -2.5090369730E+00 9.2912567305E+00 -4.5581547508E-06 4.4308902590E-06 1.6838654617E-06 6.9509459218E-07 7.3296781780E+00 5.1291327637E+00 -1.2250866569E-06 -5.6808884233E-06 -5.1291327637E+00 7.3296781780E+00
81.00 7.9275486422E+00 -1.3433127625E+00 2.3258548231E-06 -1.0243080356E-06 -1.3433127625E+00 7.9275486422E+00 -3.8868716901E-06 3.6846982137E-06 9.8833195842E-07 2.5928626543E-07 5.8159589067E+00 5.2169109913E+00 -1.4316795616E-06 -5.0184900031E-06 -5.2169109913E+00 5.8159589067E+00
82.00 6.6894369661E+00 -2.1908660292E-01 1.5298374751E-06 -8.0676271462E-07 -2.1908660292E-01 6.6894369661E+00 -3.2231422210E-06 2.9492637728E-06 4.0491920411E-07 -1.0670713857E-07 4.4068046169E+00 5.0279857848E+00 -1.5400211122E-06 -4.3150633801E-06 -5.0279857848E+00 4.4068046169E+00
83.00 5.6171873181E+00 8.1585389132E-01 8.6110204827E-07 -5.9256438222E-07 8.1585389132E-01 5.6171873181E+00 -2.5858454208E-06 2.2507885664E-06 -5.7088697269E-08 -3.9265724887E-07 3.1503057285E+00 4.5785095405E+00 -1.5565088029E-06 -3.5960833534E-06 -4.5785095404E+00 3.1503057285E+00
84.00 4.7418395939E+00 1.7189931858E+00 3.2906295251E-07 -3.9319093740E-07 1.7189931858E+00 4.7418395939E+00 -1.9921034899E-06 1.6134371076E-06 -3.9276237438E-07 -5.9162768019E-07 2.0860536610E+00 3.8959575568E+00 -1.4897748156E-06 -2.8865969664E-06 -3.8959575568E+00 2.0860536610E+00
85.00 4.0840400482E+00 2.4548928406E+00 -6.1180574099E-08 -2.1932534397E-07 2.4548928406E+00 4.0840400482E+00 -1.4568895732E-06 1.0585743637E-06 -6.0153090541E-07 -7.0012831432E-07 1.2435915519E+00 3.0176753153E+00 -1.3502786729E-06 -2.2104688441E-06 -3.0176753153E+00 1.2435915519E+00
86.00 3.6533985018E+00 2.9966389771E+00 -3.0885250477E-07 -8.0409014576E-08 2.9966389771E+00 3.6533985018E+00 -9.9271394008E-07 6.0409966857E-07 -6.8705017962E-07 -7.1815334260E-07 6.4136843977E-01 1.9890002458E+00 -1.1498723111E-06 -1.5896735372E-06 -1.9890002458E+00 6.4136843977E-01
87.00 3.4483911524E+00 3.3268703444E+00 -4.1738503788E-07 1.5746236588E-08 3.3268703444E+00 3.4483911524E+00 -6.0939425362E-07 2.6389890126E-07 -6.5694327822E-07 -6.4910427345E-07 2.8623428992E-01 8.6104888524E-01 -9.0135241416E-07 -1.0436570606E-06 -8.6104888524E-01 2.8623428992E-01
88.00 3.4568037364E+00 3.4383457290E+00 -3.9418685883E-07 6.3273706457E-08 3.4383457290E+00 3.4568037364E+00 -3.1391303065E-07 4.7432759057E-08 -5.2242411319E-07 -4.9960271936E-07 1.7348813426E-01 -3.1172517891E-01 -6.1801454164E-07 -5.8878728448E-07 3.1172517891E-01 1.7348813426E-01
89.00 3.6566842148E+00 3.3340318462E+00 -2.5030422401E-07 5.8483704023E-08 3.3340318462E+00 3.6566842148E+00 -1.1036274375E-07 -4.0525679829E-08 -2.9781893790E-07 -2.7920122089E-07 2.8746594712E-01 -1.4740876583E+00 -3.1322275636E-07 -2.3790966955E-07 1.4740876583E+00 2.8746594712E-01
90.00 4.0177500108E+00 3.0267159478E+00 1.2632761089E-11 3.8877832258E-12 3.0267159478E+00 4.0177500108E+00 2.3570652515E-11 3.8691942032E-12 -3.2175442158E-12 -3.4818442106E-12 6.0262990532E-01 -2.5725751530E+00 -7.2485367342E-12 -2.1133278238E-11 2.5725751530E+00 6.0262990532E-01
91.00 4.5031732887E+00 2.5381700348E+00 3.3982282706E-07 -1.1117631320E-07 2.5381700348E+00 4.5031732887E+00 1.8760820259E-08 1.6426366733E-07 3.5222644535E-07 3.2379189024E-07 1.0850976003E+00 -3.5579243584E+00 3.0929911499E-07 1.1992921885E-07 3.5579243584E+00 1.0850976003E+00
92.00 5.0716499504E+00 1.8979146740E+00 7.5007093899E-07 -2.7175800050E-07 1.8979146740E+00 5.0716499504E+00 -5.0073703330E-08 4.4296979200E-07 7.3882406977E-07 6.7640782232E-07 1.6945297154E+00 -4.3872681879E+00 6.0337627033E-07 1.2110811541E-07 4.3872681879E+00 1.6945297154E+00
93.00 5.6796448528E+00 1.1416489449E+00 1.2102076543E-06 -4.7627887058E-07 1.1416489449E+00 5.6796448528E+00 -2.0009107440E-07 8.2267291515E-07 1.1391876097E-06 1.0410474146E-06 2.3862786470E+00 -5.0260001551E+00 8.7217752393E-07 6.7348418763E-09 5.0260001551E+00 2.3862786470E+00
94.00 6.2836979170E+00 3.0942808753E-01 1.6988357678E-06 -7.1734662188E-07 3.0942808753E-01 6.2836979170E+00 -4.2289626493E-07 1.2862548026E-06 1.5328516083E-06 1.4004757713E-06 3.1136893355E+00 -5.4492249442E+00 1.1071304844E-06 -2.1610900704E-07 5.4492249442E+00 3.1136893355E+00
95.00 6.8426737514E+00 -5.5631873228E-01 2.1943622518E-06 -9.8594988603E-07 -5.5631873228E-01 6.8426737514E+00 -7.0843670027E-07 1.8135428547E-06 1.9001574911E-06 1.7376056119E-06 3.8304377393E+00 -5.6427334034E+00 1.3012759748E-06 -5.3678838035E-07 5.6427334034E+00 3.8304377393E+00
96.00 7.3198412805E+00 -1.4128319912E+00 2.6756374170E-06 -1.2718340235E-06 -1.4128319912E+00 7.3198412805E+00 -1.0453812861E-06 2.3820210454E-06 2.2228811098E-06 2.0360674691E-06 4.4927922232E+00 -5.6034632304E+00 1.4493447705E-06 -9.4153007199E-07 5.6034632304E+00 4.4927922232E+00
97.00 7.6846794924E+00 -2.2190269960E+00 3.1225631418E-06 -1.5639265453E-06 -2.2190269960E+00 7.6846794924E+00 -1.4215169004E-06 2.9676126491E-06 2.4847989038E-06 2.2807462406E-06 5.0616886325E+00 -5.3394312693E+00 1.5477742440E-06 -1.4139291385E-06 5.3394312693E+00 5.0616886325E+00
98.00 7.9143203257E+00 -2.9373647961E+00 3.5166535393E-06 -1.8507951179E-06 -2.9373647961E+00 7.9143203257E+00 -1.8241494030E-06 3.5455078131E-06 2.6721764621E-06 2.4582672899E-06 5.5045206976E+00 -4.8691484022E+00 1.5946689361E-06 -1.9355283528E-06 4.8691484022E+00 5.5045206976E+00
99.00 7.9945591489E+00 -3.5355014751E+00 3.8415333643E-06 -2.1211198664E-06 -3.5355014751E+00 7.9945591489E+00 -2.2404965796E-06 4.0910078429E-06 2.7741661234E-06 2.5574173045E-06 5.7965630821E+00 -4.2205523028E+00 1.5897108543E-06 -2.4864506889E-06 4.2205523028E+00 5.7965630821E+00
100.00 7.9203862538E+00 -3.9876412700E+00 4.0833616480E-06 -2.3641610775E-06 -3.9876412700E+00 7.9203862538E+00 -2.6580613287E-06 4.5803577812E-06 2.7831033126E-06 2.5694876451E-06 5.9219640268E+00 -3.4295156474E+00 1.5340267414E-06 -3.0460634951E-06 3.4295156474E+00 5.9219640268E+00
101.00 7.6960180907E+00 -4.2755352987E+00 4.2311706473E-06 -2.5702036618E-06 -4.2755352987E+00 7.6960180907E+00 -3.0649745394E-06 4.9915395728E-06 2.6946947917E-06 2.4885307179E-06 5.8742671280E+00 -2.5380067121E+00 1.4300206384E-06 -3.5936524926E-06 2.5380067121E+00 5.8742671280E+00
102.00 7.3344332969E+00 -4.3890866594E+00 4.2771129186E-06 -2.7309605481E-06 -4.3890866594E+00 7.3344332969E+00 -3.4502985761E-06 5.3049997878E-06 2.5080954485E-06 2.3115230139E-06 5.6564461409E+00 -1.5919947041E+00 1.2811808529E-06 -4.1090839723E-06 1.5919947041E+00 5.6564461409E+00
103.00 6.8564445244E+00 -4.3265432905E+00 4.2166121981E-06 -2.8399188212E-06 -4.3265432905E+00 6.8564445244E+00 -3.8042840415E-06 5.5042883726E-06 2.2258737967E-06 2.0384316991E-06 5.2804615527E+00 -6.3920299007E-01 1.0918707021E-06 -4.5734344003E-06 6.3920299008E-01 5.2804615527E+00
104.00 6.2893612943E+00 -4.0942811517E+00 4.0484166882E-06 -2.8926145700E-06 -4.0942811517E+00 6.2893612943E+00 -4.1185743269E-06 5.5765882646E-06 1.8538697807E-06 1.6721848832E-06 4.7663717383E+00 2.7318088033E-01 8.6711246099E-07 -4.9695683240E-06 -2.7318088033E-01 4.7663717383E+00
105.00 5.6653203077E+00 -3.7062008997E+00 3.7745561642E-06 -2.8868252115E-06 -3.7062008997E+00 5.6653203077E+00 -4.3863544837E-06 5.5131196089E-06 1.4009516807E-06 1.2185488904E-06 4.1410535737E+00 1.1007290220E+00 6.1237343125E-07 -5.2826475250E-06 -1.1007290220E+00 4.1410535737E+00
106.00 5.0193767060E+00 -3.1827802176E+00 3.4002070455E-06 -2.8226711850E-06 -3.1827802176E+00 5.0193767060E+00 -4.6024429193E-06 5.3094068262E-06 8.7868188858E-07 6.8591877700E-07 3.4366063015E+00 1.8038264138E+00 3.3336242759E-07 -5.5005571447E-06 -1.8038264138E+00 3.4366063015E+00
107.00 4.3874617953E+00 -2.5498403494E+00 2.9334720221E-06 -2.7026225066E-06 -2.5498403494E+00 4.3874617953E+00 -4.7633264489E-06 4.9654015435E-06 3.0090380135E-07 8.5031100307E-08 2.6885272988E+00 2.3494586954E+00 3.5843846374E-08 -5.6142374745E-06 -2.3494586954E+00 2.6885272988E+00
108.00 3.8043191023E+00 -1.8370983670E+00 2.3850831003E-06 -2.5314093289E-06 -1.8370983670E+00 3.8043191023E+00 -4.8671409941E-06 4.4854593585E-06 -3.1673565337E-07 -5.7138992072E-07 1.9337584584E+00 2.7126539859E+00 -2.7452475693E-07 -5.6179134384E-06 -2.7126539859E+00 1.9337584584E+00
109.00 3.3015309775E+00 -1.0765856396E+00 1.7680387406E-06 -2.3158394344E-06 -1.0765856397E+00 3.3015309774E+00 -4.9136019970E-06 3.8781733837E-06 -9.5731185475E-07 -1.2690397343E-06 1.2087067117E+00 2.8775159845E+00 -5.9232706121E-07 -5.5092173302E-06 -2.8775159845E+00 1.2087067116E+00
110.00 2.9057423138E+00 -3.0101747682E-01 1.0971873368E-06 -2.0645292568E-06 -3.0101747683E-01 2.9057423138E+00 -4.9038899986E-06 3.1560722391E-06 -1.6031794462E-06 -1.9924799388E-06 5.4734161449E-01 2.8378062002E+00 -9.1249145302E-07 -5.2892037846E-06 -2.8378062002E+00 5.4734161449E-01
111.00 2.6371766156E+00 4.5780118023E-01 3.8877035657E-07 -1.7875584316E-06 4.5780118023E-01 2.6371766156E+00 -4.8404980638E-06 2.3351946443E-06 -2.2365426166E-06 -2.7256087746E-06 -2.0532992658E-02 2.5970554437E+00 -1.2303622221E-06 -4.9622594528E-06 -2.5970554437E+00 -2.0532992663E-02
112.00 2.5085232626E+00 1.1704537304E+00 -3.4006082313E-07 -1.4960609820E-06 1.1704537304E+00 2.5085232626E+00 -4.7270486151E-06 1.4345566232E-06 -2.8400209067E-06 -3.4521401778E-06 -4.7074707249E-01 2.1682076048E+00 -1.5417387454E-06 -4.5359130053E-06 -2.1682076048E+00 -4.7074707249E-01
113.00 2.5242542693E+00 1.8112020170E+00 -1.0717400771E-06 -1.2017687698E-06 1.8112020170E+00 2.5242542693E+00 -4.5680878478E-06 4.7553072596E-07 -3.3971931520E-06 -4.1560763051E-06 -7.8590115212E-01 1.5728211115E+00 -1.8428843721E-06 -4.0205540607E-06 -1.5728211115E+00 -7.8590115212E-01
114.00 2.6804052533E+00 2.3590293851E+00 -1.7887795000E-06 -9.1652485391E-07 2.3590293851E+00 2.6804052533E+00 -4.3688661348E-06 -5.1884076735E-07 -3.8931032167E-06 -4.8221591502E-06 -9.5611920775E-01 8.3987424231E-01 -2.1305080799E-06 -3.4290721198E-06 -8.3987424231E-01 -9.5611920775E-01
115.00 2.9648299819E+00 2.7983927238E+00 -2.4742465621E-06 -6.5178570627E-07 2.7983927238E+00 2.9648299818E+00 -4.1351128838E-06 -1.5245748653E-06 -4.3147126001E-06 -5.4362881197E-06 -9.7938604155E-01 4.2386744951E-03 -2.4017230885E-06 -2.7764287347E-06 -4.2386744903E-03 -9.7938604156E-01
116.00 3.3579121362E+00 3.1196566928E+00 -3.1122126152E-06 -4.1813184072E-07 3.1196566928E+00 3.3579121362E+00 -3.8728138601E-06 -2.5174943521E-06 -4.6512868765E-06 -5.9858919992E-06 -8.6145970545E-01 -8.9509955265E-01 -2.6539875344E-06 -2.0791776796E-06 8.9509955265E-01 -8.6145970545E-01
117.00 3.8336932038E+00 3.3192014809E+00 -3.6881612481E-06 -2.2480623229E-07 3.3192014809E+00 3.8336932038E+00 -3.5879985578E-06 -3.4739668387E-06 -4.8947051266E-06 -6.4602456829E-06 -6.1537180360E-01 -1.8169817429E+00 -2.8850328999E-06 -1.3549490175E-06 1.8169817429E+00 -6.1537180360E-01
118.00 4.3613530077E+00 3.3992135425E+00 -4.1893463944E-06 -7.9299026647E-08 3.3992135425E+00 4.3613530077E+00 -3.2865443076E-06 -4.3716122204E-06 -5.0396840376E-06 -6.8507241254E-06 -2.6054971595E-01 -2.7200847772E+00 -3.0927862594E-06 -6.2191345528E-07 2.7200847772E+00 -2.6054971595E-01
119.00 4.9069605075E+00 3.3671858125E+00 -4.6050918112E-06 1.3004577127E-08 3.3671858125E+00 4.9069605075E+00 -2.9740028185E-06 -5.1899558942E-06 -5.0839110565E-06 -7.1509882499E-06 1.7838615102E-01 -3.5648982464E+00 -3.2752924268E-06 1.0175657549E-07 3.5648982464E+00 1.7838615102E-01
120.00 5.4353981633E+00 3.2351689706E+00 -4.9270254977E-06 4.9098653939E-08 3.2351689706E+00 5.4353981633E+00 -2.6554537865E-06 -5.9110073536E-06 -5.0280838071E-06 -7.3570998711E-06 6.7308100983E-01 -4.3155760774E+00 -3.4306418555E-06 7.9841318413E-07 4.3155760774E+00 6.7308100982E-01
121.00 5.9123540867E+00 3.0188276349E+00 -5.1492445754E-06 2.8541367356E-08 3.0188276349E+00 5.9123540867E+00 -2.3353889168E-06 -6.5197466176E-06 -4.8758558989E-06 -7.4675649384E-06 1.1930790476E+00 -4.9415759575E+00 -3.5569096272E-06 1.4514316301E-06 4.9415759575E+00 1.1930790476E+00
122.00 6.3062728878E+00 2.7363642570E+00 -5.2684082515E-06 -4.6458271244E-08 2.7363642569E+00 6.3062728878E+00 -2.0176284698E-06 -7.0045045112E-06 -4.6336920420E-06 -7.4833066513E-06 1.7075426072E+00 -5.4190115919E+00 -3.6521101244E-06 2.0456676366E-06 5.4190115919E+00 1.7075426072E+00
123.00 6.5901587124E+00 2.4073785627E+00 -5.2837585532E-06 -1.7105640074E-07 2.4073785627E+00 6.5901587124E+00 -1.7052711758E-06 -7.3572264668E-06 -4.3106381965E-06 -7.4075719246E-06 2.1869653349E+00 -5.7316579569E+00 -3.7141710208E-06 2.5678614722E-06 5.7316579569E+00 2.1869653349E+00
124.00 6.7431322798E+00 2.0517314205E+00 -5.1970705261E-06 -3.3789406280E-07 2.0517314205E+00 6.7431322798E+00 -1.4006771059E-06 -7.5736137670E-06 -3.9180149390E-06 -7.2457765346E-06 2.6047892429E+00 -5.8715674331E+00 -3.7409291267E-06 3.0069788159E-06 5.8715674331E+00 2.6047892429E+00
125.00 6.7516573192E+00 1.6884790536E+00 -5.0125355147E-06 -5.3731770204E-07 1.6884790536E+00 6.7516573192E+00 -1.1054819731E-06 -7.6531403187E-06 -3.4690445348E-06 -7.0052957754E-06 2.9388420418E+00 -5.8392741411E+00 -3.7301494140E-06 3.3544806255E-06 5.8392741411E+00 2.9388420418E+00
126.00 6.6103698945E+00 1.3349368107E+00 -4.7365828954E-06 -7.5769358231E-07 1.3349368107E+00 6.6103698945E+00 -8.2064029236E-07 -7.5989472537E-06 -2.9784241096E-06 -6.6952086633E-06 3.1725216797E+00 -5.6435839717E+00 -3.6795672901E-06 3.6045165192E-06 5.6435839717E+00 3.1725216797E+00
127.00 6.3224657223E+00 1.0059217267E+00 -4.3776471616E-06 -9.8580566513E-07 1.0059217267E+00 6.3224657223E+00 -5.4649391395E-07 -7.4176217157E-06 -2.4618588599E-06 -6.3260046649E-06 3.2956691627E+00 -5.3009677474E+00 -3.5869529113E-06 3.7540385251E-06 5.3009677474E+00 3.2956691627E+00
128.00 5.8996245449E+00 7.1321049678E-01 -3.9458886036E-06 -1.2073232747E-06 7.1321049678E-01 5.8996245449E+00 -2.8286174896E-07 -7.1188699621E-06 -1.9355703162E-06 -5.9092625076E-06 3.3050876281E+00 -4.8345937088E+00 -3.4501951536E-06 3.8028344176E-06 4.8345937088E+00 3.3050876281E+00
129.00 5.3614756298E+00 4.6523504237E-01 -3.4528768273E-06 -1.4073221056E-06 4.6523504237E-01 5.3614756298E+00 -2.9145895899E-08 -6.7150982574E-06 -1.4157952822E-06 -5.4573109557E-06 3.2046843861E+00 -4.2730522194E+00 -3.2674017349E-06 3.7534820778E-06 4.2730522194E+00 3.2046843861E+00
130.00 4.7346331731E+00 2.6702243520E-01 -2.9112471944E-06 -1.5708399382E-06 2.6702243520E-01 4.7346331731E+00 2.1555088686E-07 -6.2209178489E-06 -9.1829126680E-07 -4.9828813666E-06 3.0052322447E+00 -3.6488394673E+00 -3.0370110932E-06 3.6112284955E-06 3.6488394673E+00 3.0052322447E+00
131.00 4.0513534822E+00 1.2037050605E-01 -2.3343405708E-06 -1.6834470114E-06 1.2037050605E-01 4.0513534822E+00 4.5230176684E-07 -5.6525925972E-06 -4.5786372890E-07 -4.4987616985E-06 2.7237658789E+00 -2.9966773959E+00 -2.7579108121E-06 3.3837988473E-06 2.9966773960E+00 2.7237658789E+00
132.00 3.3478860519E+00 2.4235892471E-02 -1.7358370748E-06 -1.7318101702E-06 2.4235892473E-02 3.3478860519E+00 6.8223168474E-07 -5.0274493495E-06 -4.7929749668E-08 -4.0174610060E-06 2.3826473141E+00 -2.3517536891E+00 -2.4295569566E-06 3.0811428965E-06 2.3517536891E+00 2.3826473141E+00
133.00 2.6626069742E+00 -2.4701567072E-02 -1.1293941963E-06 -1.7042299738E-06 -2.4701567069E-02 2.6626069742E+00 9.0639765063E-07 -4.3632720470E-06 2.9986868489E-07 -3.5508928757E-06 2.0083508690E+00 -1.7479681115E+00 -2.0520883257E-06 2.7151272738E-06 1.7479681115E+00 2.0083508690E+00
134.00 2.0340346633E+00 -3.1344575971E-02 -5.2829927616E-07 -1.5911307112E-06 -3.1344575969E-02 2.0340346633E+00 1.1256782344E-06 -3.6777006895E-06 5.7599027821E-07 -3.1100853338E-06 1.6300313612E+00 -1.2162698264E+00 -1.6264296850E-06 2.2991834031E-06 1.2162698264E+00 1.6300313612E+00
135.00 1.4988340439E+00 -1.4080919243E-03 5.4854427350E-08 -1.3854847924E-06 -1.4080919215E-03 1.4988340439E+00 1.3406765295E-06 -2.9876556928E-06 7.7324947651E-07 -2.7049237647E-06 1.2779494047E+00 -7.8316462343E-01 -1.1543782778E-06 1.8479216339E-06 7.8316462344E-01 1.2779494047E+00
136.00 1.0899158279E+00 5.9369249250E-02 6.0845987702E-07 -1.0831551911E-06 5.9369249253E-02 1.0899158279E+00 1.5516402618E-06 -2.3088069331E-06 8.8699396428E-07 -2.3439323114E-06 9.8183378739E-01 -4.6946162584E-01 -6.3866841009E-07 1.3767226725E-06 4.6946162585E-01 9.8183378739E-01
137.00 8.3473228150E-01 1.4597398306E-01 1.1221495639E-06 -6.8314242110E-07 1.4597398306E-01 8.3473228150E-01 1.7584019666E-06 -1.6551048627E-06 9.1520015038E-07 -2.0340980409E-06 7.6926297903E-01 -2.8931651723E-01 -8.3009665375E-08 9.0131761957E-07 2.8931651724E-01 7.6926297903E-01
138.00 7.5386026502E-01 2.5477226614E-01 1.5870043416E-06 -1.8772586153E-07 2.5477226614E-01 7.5386026501E-01 1.9603413709E-06 -1.0383886331E-06 8.5848492641E-07 -1.7807409800E-06 6.6414577109E-01 -2.4961327351E-01 5.0790474754E-07 4.3736784051E-07 2.4961327351E-01 6.6414577110E-01
139.00 8.5994688724E-01 3.8402198202E-01 1.9957136485E-06 3.9750707352E-07 3.8402198203E-01 8.5994688723E-01 2.1563712606E-06 -4.6808323559E-07 7.2003471860E-07 -1.5874319130E-06 6.8537507309E-01 -3.4970955860E-01 1.1284219056E-06 5.5534647302E-11 3.4970955860E-01 6.8537507309E-01
140.00 1.1570736869E+00 5.3420424797E-01 2.3426845522E-06 1.0637464427E-06 5.3420424797E-01 1.1570736869E+00 2.3449472214E-06 4.9005629217E-08 5.0545554085E-07 -1.4559586188E-06 8.4571936843E-01 -5.8155316892E-01 1.7719864656E-06 -3.9630475159E-07 5.8155316892E-01 8.4571936843E-01
141.00 1.6405728855E+00 7.0814812270E-01 2.6240986607E-06 1.7991584526E-06 7.0814812271E-01 1.6405728855E+00 2.5241007749E-06 5.0879378921E-07 2.2255027900E-07 -1.3863400622E-06 1.1510038155E+00 -9.3015904320E-01 2.4312311778E-06 -7.3862427612E-07 9.3015904320E-01 1.1510038155E+00
142.00 2.2973051341E+00 9.1093600640E-01 2.8379175370E-06 2.5891917311E-06 9.1093600641E-01 2.2973051341E+00 2.6914945797E-06 9.0991645212E-07 -1.1896825850E-07 -1.3768869135E-06 1.5996181508E+00 -1.3744192385E+00 3.0980990884E-06 -1.0153595869E-06 1.3744192385E+00 1.5996181508E+00
143.00 3.1063835928E+00 1.1495917303E+00 2.9838387455E-06 3.4169818343E-06 1.1495917303E+00 3.1063835928E+00 2.8444975667E-06 1.2536238877E-06 -5.0781805201E-07 -1.4243056900E-06 2.1823721996E+00 -1.8882027068E+00 3.7639946266E-06 -1.2167862459E-06 1.8882027068E+00 2.1823721996E+00
144.00 4.0403054300E+00 1.4325677894E+00 3.0632060906E-06 4.2638410481E-06 1.4325677894E+00 4.0403054300E+00 2.9802771860E-06 1.5435806892E-06 -9.3153024673E-07 -1.5238428273E-06 2.8827027669E+00 -2.4416884023E+00 4.4199595290E-06 -1.3352210634E-06 2.4416884023E+00 2.8827027669E+00
145.00 5.0664301727E+00 1.7690617157E+00 3.0788787928E-06 5.1098175210E-06 1.7690617157E+00 5.0664301727E+00 3.0959052851E-06 1.7855777319E-06 -1.3768599990E-06 -1.6694640413E-06 3.6772188283E+00 -3.0028648038E+00 5.0568684914E-06 -1.3651885818E-06 3.0028648038E+00 3.6772188283E+00
146.00 6.1487259180E+00 2.1682034179E+00 3.0350654375E-06 5.9343052131E-06 2.1682034179E+00 6.1487259180E+00 3.1884736899E-06 1.9871689091E-06 -1.8302118877E-06 -1.8540635531E-06 4.5365560979E+00 -3.5391218011E+00 5.6656385375E-06 -1.3035290962E-06 3.5391218011E+00 4.5365560979E+00
147.00 7.2496901903E+00 2.6381647127E+00 2.9371293527E-06 6.7166843184E-06 2.6381647127E+00 7.2496901903E+00 3.2552151875E-06 2.1572472982E-06 -2.2780658242E-06 -2.0696970354E-06 5.4264979744E+00 -4.0188573673E+00 6.2374454492E-06 -1.1494470705E-06 4.0188573673E+00 5.4264979744E+00
148.00 8.3323429612E+00 3.1852486818E+00 2.7913726086E-06 7.4369705529E-06 3.1852486818E+00 8.3323429612E+00 3.2936253553E-06 2.3055773422E-06 -2.7073896725E-06 -2.3078315791E-06 6.3093082146E+00 -4.4130216305E+00 6.7639401042E-06 -9.0450029902E-07 4.4130216305E+00 6.3093082146E+00
149.00 9.3621854989E+00 3.8130195061E+00 2.6048062088E-06 8.0764514755E-06 3.8130195061E+00 9.3621854988E+00 3.3015806576E-06 2.4423012172E-06 -3.1060256258E-06 -2.5596055177E-06 7.1452119749E+00 -4.6965248211E+00 7.2374575367E-06 -5.7253177147E-07 4.6965248211E+00 7.1452119749E+00
150.00 1.0309020501E+01 4.5215328427E+00 2.3849141509E-06 8.6182881540E-06 4.5215328427E+00 1.0309020501E+01 3.2774483449E-06 2.5774381430E-06 -3.4630384729E-06 -2.8160907841E-06 7.8939564391E+00 -4.8494428724E+00 7.6512115659E-06 -1.5954751071E-07 4.8494428724E+00 7.8939564391E+00
151.00 1.1148536272E+01 5.3067226361E+00 2.1394187569E-06 9.0480616810E-06 5.3067226361E+00 1.1148536272E+01 3.2201838359E-06 2.7203956040E-06 -3.7690155726E-06 -3.0685503060E-06 8.5163803205E+00 -4.8579648104E+00 7.9994682390E-06 3.2645503840E-07 4.8579648104E+00 8.5163803205E+00
152.00 1.1863570159E+01 6.1599926752E+00 1.8760544272E-06 9.3542459518E-06 6.1599926752E+00 1.1863570159E+01 3.1294117907E-06 2.8795109930E-06 -4.0163101808E-06 -3.3086831135E-06 8.9759230612E+00 -4.7150389556E+00 8.2776921147E-06 8.7570225715E-07 4.7150389556E+00 8.9759230612E+00
153.00 1.2444983382E+01 7.0680506359E+00 1.6023561475E-06 9.5285903378E-06 7.0680506359E+00 1.2444983382E+01 3.0054874022E-06 3.0616407679E-06 -4.1992219247E-06 -3.5288501199E-06 9.2400094022E+00 -4.4206897465E+00 8.4826601050E-06 1.4768966548E-06 4.4206897465E+00 9.2400094022E+00
154.00 1.2892099920E+01 8.0130093371E+00 1.3254686169E-06 9.5663991481E-06 8.0130093371E+00 1.2892099920E+01 2.8495353928E-06 3.2718126468E-06 -4.3141103961E-06 -3.7222741552E-06 9.2812528132E+00 -3.9819929601E+00 8.6125389307E-06 2.1174986876E-06 3.9819929601E+00 9.2812528132E+00
155.00 1.3212685137E+01 8.9727652034E+00 1.0519804558E-06 9.4666980154E-06 8.9727652034E+00 1.3212685137E+01 2.6634644960E-06 3.5129538280E-06 -4.3594403370E-06 -3.8832083940E-06 9.0784315724E+00 -3.4127134850E+00 8.6669232287E-06 2.7840302434E-06 3.4127134850E+00 9.0784315724E+00
156.00 1.3422464166E+01 9.9216482742E+00 7.8778733891E-07 9.2322813034E-06 9.9216482742E+00 1.3422464166E+01 2.4499564265E-06 3.7857055566E-06 -4.3357590081E-06 -4.0070684110E-06 8.6172034847E+00 -2.7326258274E+00 8.6468329370E-06 3.4623914947E-06 2.7326258274E+00 8.6172034847E+00
157.00 1.3544204412E+01 1.0831322385E+01 5.3798652845E-07 8.8696384846E-06 1.0831322385E+01 1.3544204412E+01 2.2124289898E-06 4.0883310712E-06 -4.2456086358E-06 -4.0905241190E-06 7.8905386402E+00 -1.9665524454E+00 8.5546698244E-06 4.1381828808E-06 1.9665524454E+00 7.8905386402E+00
158.00 1.3606409655E+01 1.1671899262E+01 3.0680406632E-07 8.3887616366E-06 1.1671899262E+01 1.3606409655E+01 1.9549737786E-06 4.4167206525E-06 -4.0933788730E-06 -4.1315490500E-06 6.8988635274E+00 -1.1431681232E+00 8.3941345310E-06 4.7970241647E-06 1.1431681232E+00 6.8988635274E+00
159.00 1.3641693843E+01 1.2413217038E+01 9.7554969658E-08 7.8028399506E-06 1.2413217038E+01 1.3641693843E+01 1.6822700411E-06 4.7644937240E-06 -3.8851058801E-06 -4.1294259447E-06 5.6499234945E+00 -2.9362931947E-01 8.1701067439E-06 5.4248629423E-06 2.9362931947E-01 5.6499234945E+00
160.00 1.3684919782E+01 1.3026222876E+01 -8.7364603292E-08 7.1278511907E-06 1.3026222876E+01 1.3684919782E+01 1.3994768420E-06 5.1231946321E-06 -3.6282262361E-06 -4.0847089093E-06 4.1583833170E+00 5.4990473936E-01 7.8884924627E-06 6.0082656050E-06 -5.4990473936E-01 4.1583833170E+00
161.00 1.3771200568E+01 1.3484391603E+01 -2.4645510434E-07 6.3820632357E-06 1.3484391603E+01 1.3771200568E+01 1.1121065908E-06 5.4825750371E-06 -3.3312949544E-06 -3.9991439710E-06 2.4451968307E+00 1.3557878283E+00 7.5560433340E-06 6.5346846352E-06 -1.3557878283E+00 2.4451968307E+00
162.00 1.3933869136E+01 1.3765107993E+01 -3.7906415044E-07 5.5854619786E-06 1.3765107993E+01 1.3933869136E+01 8.2588359143E-07 5.8309527866E-06 -3.0036777051E-06 -3.8755512679E-06 5.3678573246E-01 2.0943667577E+00 7.1801539536E-06 6.9926970395E-06 -2.0943667577E+00 5.3678573246E-01
163.00 1.4202523369E+01 1.3850939852E+01 -4.8531352741E-07 4.7591241340E-06 1.3850939852E+01 1.4202523369E+01 5.4659184599E-07 6.1556341115E-06 -2.6552277641E-06 -3.7176734863E-06 -1.5359257014E+00 2.7393553081E+00 6.7686437052E-06 7.3722098556E-06 -2.7393553081E+00 -1.5359257014E+00
164.00 1.4601250571E+01 1.3730732440E+01 -5.6600684855E-07 3.9245554916E-06 1.3730732440E+01 1.4601250571E+01 2.7991681745E-07 6.4433837582E-06 -2.2959582777E-06 -3.5299963945E-06 -3.7385692966E+00 3.2690372444E+00 6.3295301714E-06 7.6646298136E-06 -3.2690372444E+00 -3.7385692966E+00
165.00 1.5147126158E+01 1.3400461955E+01 -6.2252264209E-07 3.1030160939E-06 1.3400461955E+01 1.5147126158E+01 3.1286003008E-08 6.6809256337E-06 -1.9357201612E-06 -3.3175483368E-06 -6.0344332961E+00 3.6672421542E+00 5.8708013204E-06 7.8629953922E-06 -3.6672421542E+00 -6.0344332961E+00
166.00 1.5849067348E+01 1.2863796303E+01 -6.5669779858E-07 2.3148544244E-06 1.2863796303E+01 1.5849067348E+01 -1.9428661812E-07 6.8554555128E-06 -1.5838953560E-06 -3.0856864085E-06 -8.3855542298E+00 3.9240490227E+00 5.4001936358E-06 7.9620706958E-06 -3.9240490227E+00 -8.3855542298E+00
167.00 1.6707104467E+01 1.2132324944E+01 -6.7070634901E-07 1.5788721486E-06 1.2132324944E+01 1.6707104467E+01 -3.9234721961E-07 6.9551465671E-06 -1.2491143436E-06 -2.8398774825E-06 -1.0753754520E+01 4.0361856803E+00 4.9249830591E-06 7.9584016299E-06 -4.0361856803E+00 -1.0753754520E+01
168.00 1.7712110866E+01 1.1225435262E+01 -6.6693860217E-07 9.1174018480E-07 1.1225435262E+01 1.7712110866E+01 -5.5913518808E-07 6.9696288951E-06 -9.3900569185E-07 -2.5854825601E-06 -1.3101586497E+01 4.0071069111E+00 4.4517950968E-06 7.8503358549E-06 -4.0071069111E+00 -1.3101586497E+01
169.00 1.8846008771E+01 1.0169830124E+01 -6.4788521556E-07 3.2748490183E-07 1.0169830124E+01 1.8846008771E+01 -6.9169813894E-07 6.8904248006E-06 -6.5998419780E-07 -2.3275527204E-06 -1.5393151757E+01 3.8467493881E+00 3.9864397838E-06 7.6380087889E-06 -3.8467493881E+00 -1.5393151757E+01
170.00 2.0082443664E+01 8.9986990409E+00 -6.1603045465E-07 -1.6293876413E-07 8.9986990409E+00 2.0082443664E+01 -7.8798508379E-07 6.7113233919E-06 -4.1708277278E-07 -2.0706445937E-06 -1.7594774294E+01 3.5709769828E+00 3.5337762167E-06 7.3232986390E-06 -3.5709769828E+00 -1.7594774294E+01
171.00 2.1387895454E+01 7.7505727321E+00 -5.7375828531E-07 -5.5197362916E-07 7.7505727321E+00 2.1387895454E+01 -8.4691451436E-07 6.4286799468E-06 -2.1383177992E-07 -1.8186624252E-06 -1.9675515950E+01 3.2007446611E+00 3.0976105023E-06 6.9097538619E-06 -3.2007446611E+00 -1.9675515950E+01
172.00 2.2723171937E+01 6.4679070825E+00 -5.2327426605E-07 -8.3567546962E-07 6.4679070825E+00 2.2723171937E+01 -8.6841497983E-07 6.0416283695E-06 -5.2188060778E-08 -1.5747328028E-06 -2.1607532852E+01 2.7610224397E+00 2.6806297735E-06 6.4024967520E-06 -2.7610224397E+00 -2.1607532852E+01
173.00 2.4045210055E+01 5.1954565555E+00 -4.6654550602E-07 -1.0138102224E-06 5.1954565555E+00 2.4045210055E+01 -8.5343661095E-07 5.5521981826E-06 6.7485640777E-08 -1.3411167970E-06 -2.3366281071E+01 2.2795321176E+00 2.2843737829E-06 5.8081069601E-06 -2.2795321176E+00 -2.3366281071E+01
174.00 2.5309094333E+01 3.9785083667E+00 -4.0526003057E-07 -1.0898302087E-06 3.9785083667E+00 2.5309094333E+01 -8.0393285878E-07 4.9653309301E-06 1.4639147068E-07 -1.1191626706E-06 -2.4930588104E+01 1.7853582074E+00 1.9092444680E-06 5.1344886336E-06 -1.7853582074E+00 -2.4930588104E+01
175.00 2.6470190373E+01 2.8610565515E+00 -3.4080615126E-07 -1.0707302297E-06 2.8610565515E+00 2.6470190373E+01 -7.2281276469E-07 4.2887946285E-06 1.8721949018E-07 -9.0930071896E-07 -2.6282613585E+01 1.3075002613E+00 1.5545526471E-06 4.3907246410E-06 -1.3075002613E+00 -2.6282613585E+01
176.00 2.7486285061E+01 1.8839990197E+00 -2.7427155209E-07 -9.6678834257E-07 1.8839990197E+00 2.7486285061E+01 -6.1386493460E-07 3.5329986299E-06 1.9402614211E-07 -7.1107998680E-07 -2.7407727434E+01 8.7343636231E-01 1.2185999551E-06 3.5869209832E-06 -8.7343636231E-01 -2.7407727434E+01
177.00 2.8319624549E+01 1.0834405748E+00 -2.0646102073E-07 -7.9119984113E-07 1.0834405748E+00 2.8319624549E+01 -4.8165535831E-07 2.7107149686E-06 1.7207246992E-07 -5.2324491360E-07 -2.8294336252E+01 5.0776682387E-01 8.9879308326E-07 2.7340440533E-06 -5.0776682387E-01 -2.8294336252E+01
178.00 2.8938746040E+01 4.8918065093E-01 -1.3793095696E-07 -5.5961637863E-07 4.8918065093E-01 2.8938746040E+01 -3.3140195010E-07 1.8367157466E-06 1.2762731292E-07 -3.4384818430E-07 -2.8933689053E+01 2.3100314717E-01 5.9178642396E-07 1.8437529322E-06 -2.3100314717E-01 -2.8933689053E+01
179.00 2.9320009856E+01 1.2345638700E-01 -6.9038183121E-08 -2.8960528157E-07 1.2345638700E-01 2.9320009856E+01 -1.6882956598E-07 9.2733922930E-07 6.7741538250E-08 -1.7039465121E-07 -2.9319691457E+01 5.8560226136E-02 2.9364847283E-07 9.2822841109E-07 -5.8560226136E-02 -2.9319691457E+01
180.00 2.9448753426E+01 -8.3266726847E-15 -7.9246099553E-17 -4.6631871263E-11 -8.3266726847E-15 2.9448753426E+01 -9.7480426879E-12 -2.6993448990E-16 7.9246099530E-17 -9.7480426879E-12 -2.9448753426E+01 1.5987211555E-14 4.6631871263E-11 -2.6993448992E-16 -1.5987211555E-14 -2.9448753426E+01
