-1.122567e-26 -8.113449e-26 -4.110319e-25 -1.513531e-24 -4.204364e-24 -9.109068e-24 -1.590023e-23 -2.319695e-23 -2.960552e-23 -3.478976e-23 -3.901489e-23 -4.157506e-23 -4.044741e-23 -3.424736e-23 -2.429023e-23 -1.403402e-23 -6.456390e-24 -2.312387e-24 -6.283063e-25 -1.255669e-25 -1.787007e-26
-6.577353e-26 -4.438039e-25 -2.111099e-24 -7.395008e-24 -1.978600e-23 -4.172188e-23 -7.143856e-23 -1.026773e-22 -1.290569e-22 -1.487082e-22 -1.629524e-22 -1.701696e-22 -1.637089e-22 -1.385529e-22 -9.921033e-23 -5.839728e-23 -2.761831e-23 -1.026860e-23 -2.928965e-24 -6.220005e-25 -9.481541e-26
-2.731570e-25 -1.731956e-24 -7.828277e-24 -2.635204e-23 -6.841219e-23 -1.410614e-22 -2.374962e-22 -3.365210e-22 -4.165462e-22 -4.708226e-22 -5.047378e-22 -5.173202e-22 -4.926163e-22 -4.167015e-22 -3.007795e-22 -1.797818e-22 -8.693749e-23 -3.329208e-23 -9.862318e-24 -2.196469e-24 -3.547269e-25
-8.254888e-25 -4.978338e-24 -2.161224e-23 -7.048502e-23 -1.785657e-22 -3.613527e-22 -5.994141e-22 -8.380554e-22 -1.022130e-21 -1.134463e-21 -1.191914e-21 -1.201249e-21 -1.133770e-21 -9.588840e-22 -6.970595e-22 -4.220726e-22 -2.078420e-22 -8.148052e-23 -2.485758e-23 -5.741356e-24 -9.693568e-25
-1.856681e-24 -1.076931e-23 -4.530147e-23 -1.440780e-22 -3.578389e-22 -7.128385e-22 -1.167037e-21 -1.611395e-21 -1.937839e-21 -2.114617e-21 -2.181824e-21 -2.167478e-21 -2.031843e-21 -1.720124e-21 -1.259277e-21 -7.713805e-22 -3.857417e-22 -1.541381e-22 -4.812266e-23 -1.142714e-23 -1.994051e-24
-3.141797e-24 -1.769732e-23 -7.268196e-23 -2.267228e-22 -5.543625e-22 -1.090169e-21 -1.764427e-21 -2.407970e-21 -2.856943e-21 -3.068587e-21 -3.116309e-21 -3.061380e-21 -2.859813e-21 -2.429681e-21 -1.793838e-21 -1.111864e-21 -5.640898e-22 -2.292411e-22 -7.296824e-23 -1.771021e-23 -3.166841e-24
-3.973153e-24 -2.194067e-23 -8.866016e-23 -2.729555e-22 -6.602425e-22 -1.286188e-21 -2.062300e-21 -2.784592e-21 -3.261088e-21 -3.451333e-21 -3.459796e-21 -3.377652e-21 -3.162609e-21 -2.710652e-21 -2.026543e-21 -1.274878e-21 -6.576464e-22 -2.721893e-22 -8.835791e-23 -2.189010e-23 -3.995077e-24
-3.601606e-24 -1.974794e-23 -7.941396e-23 -2.437251e-22 -5.881521e-22 -1.142460e-21 -1.822891e-21 -2.441245e-21 -2.825872e-21 -2.953528e-21 -2.939223e-21 -2.879766e-21 -2.734310e-21 -2.389910e-21 -1.826300e-21 -1.176005e-21 -6.218977e-22 -2.642641e-22 -8.816429e-23 -2.244563e-23 -4.200949e-24
-1.982612e-24 -1.115395e-23 -4.605123e-23 -1.449910e-22 -3.579319e-22 -7.075663e-22 -1.140618e-21 -1.530801e-21 -1.765206e-21 -1.840588e-21 -1.851157e-21 -1.866773e-21 -1.844235e-21 -1.680041e-21 -1.336883e-21 -8.968052e-22 -4.948924e-22 -2.198501e-22 -7.674831e-23 -2.043218e-23 -3.987427e-24
5.177999e-26 -5.155966e-25 -5.381011e-24 -2.650175e-23 -8.624182e-23 -2.042456e-22 -3.701995e-22 -5.353187e-22 -6.516011e-22 -7.227918e-22 -7.961297e-22 -8.943250e-22 -9.735358e-22 -9.595544e-22 -8.181348e-22 -5.869084e-22 -3.466364e-22 -1.648212e-22 -6.147803e-23 -1.743135e-23 -3.608733e-24
1.540684e-24 7.428661e-24 2.546371e-23 6.440305e-23 1.236208e-22 1.845644e-22 2.193730e-22 2.105022e-22 1.565782e-22 6.263340e-23 -6.152422e-23 -1.931058e-22 -3.001316e-22 -3.560121e-22 -3.482136e-22 -2.829252e-22 -1.875969e-22 -9.894525e-23 -4.038383e-23 -1.237305e-23 -2.741422e-24
2.220033e-24 1.151201e-23 4.300323e-23 1.208082e-22 2.638839e-22 4.607491e-22 6.584940e-22 7.868637e-22 8.038056e-22 7.252869e-22 6.114611e-22 5.150691e-22 4.384971e-22 3.488275e-22 2.324666e-22 1.171137e-22 3.828053e-23 3.673416e-24 -3.695546e-24 -2.346558e-24 -7.275929e-25
2.467908e-24 1.359116e-23 5.416461e-23 1.630889e-22 3.832200e-22 7.210174e-22 1.110389e-21 1.431847e-21 1.594507e-21 1.609944e-21 1.571445e-21 1.545776e-21 1.496749e-21 1.334492e-21 1.031628e-21 6.657854e-22 3.505430e-22 1.478990e-22 4.905284e-23 1.247448e-23 2.349949e-24
2.605602e-24 1.502113e-23 6.289450e-23 1.992475e-22 4.924694e-22 9.731211e-22 1.571078e-21 2.122624e-21 2.481208e-21 2.634907e-21 2.688482e-21 2.713649e-21 2.646239e-21 2.361878e-21 1.837607e-21 1.205933e-21 6.526014e-22 2.855541e-22 9.884439e-23 2.633096e-23 5.203753e-24
2.547455e-24 1.509088e-23 6.513282e-23 2.128342e-22 5.421871e-22 1.102557e-21 1.828932e-21 2.535624e-21 3.037079e-21 3.291605e-21 3.395299e-21 3.420557e-21 3.301124e-21 2.913086e-21 2.248509e-21 1.470095e-21 7.951428e-22 3.483076e-22 1.207089e-22 3.215772e-23 6.343982e-24
2.115357e-24 1.278581e-23 5.636889e-23 1.880923e-22 4.887625e-22 1.012350e-21 1.707645e-21 2.402864e-21 2.912449e-21 3.176728e-21 3.269764e-21 3.259620e-21 3.101135e-21 2.700110e-21 2.061533e-21 1.335906e-21 7.166500e-22 3.111506e-22 1.066910e-22 2.805040e-23 5.443979e-24
1.406873e-24 8.703602e-24 3.920601e-23 1.333952e-22 3.526933e-22 7.416811e-22 1.267260e-21 1.801154e-21 2.196031e-21 2.394266e-21 2.443962e-21 2.401511e-21 2.248796e-21 1.930784e-21 1.456825e-21 9.337362e-22 4.950620e-22 2.119869e-22 7.146251e-23 1.839787e-23 3.479979e-24
7.251932e-25 4.631038e-24 2.143283e-23 7.460939e-23 2.010834e-22 4.295846e-22 7.431347e-22 1.065120e-21 1.302647e-21 1.414415e-21 1.426545e-21 1.378013e-21 1.268358e-21 1.073222e-21 7.997047e-22 5.062340e-22 2.645926e-22 1.113095e-22 3.669451e-23 9.186219e-24 1.678420e-24
2.823725e-25 1.882858e-24 9.031241e-24 3.236715e-23 8.930735e-23 1.943586e-22 3.408679e-22 4.927143e-22 6.037535e-22 6.514679e-22 6.475382e-22 6.135101e-22 5.542466e-22 4.618337e-22 3.395992e-22 2.120174e-22 1.089599e-22 4.485098e-23 1.437590e-23 3.472277e-24 6.066221e-25
8.069942e-26 5.693642e-25 2.862486e-24 1.065252e-23 3.027703e-23 6.740670e-23 1.201586e-22 1.753520e-22 2.152378e-22 2.305038e-22 2.253573e-22 2.090091e-22 1.850824e-22 1.517708e-22 1.100498e-22 6.765220e-23 3.408209e-23 1.366049e-23 4.227219e-24 9.756859e-25 1.610643e-25
1.637771e-26 1.235909e-25 6.599544e-25 2.578064e-24 7.609063e-24 1.742691e-23 3.168637e-23 4.676751e-23 5.752184e-23 6.108928e-23 5.865753e-23 5.317389e-23 4.611764e-23 3.720937e-23 2.659223e-23 1.606708e-23 7.904387e-24 3.065713e-24 9.077265e-25 1.979189e-25 3.053258e-26
