-4.689974e+00 -1.733247e+00 0.000000e+00 -5.000000e+00 4.960467e-26 1.819077e-26 4.157706e-27 5.283491e-26
-4.596174e+00 -1.698582e+00 0.000000e+00 -4.900000e+00 1.460998e-25 5.339462e-26 1.693569e-26 1.555510e-25
-4.502375e+00 -1.663917e+00 0.000000e+00 -4.800000e+00 4.015370e-25 1.463207e-25 6.289636e-26 4.273661e-25
-4.408575e+00 -1.629252e+00 0.000000e+00 -4.700000e+00 1.023846e-24 3.722327e-25 2.126668e-25 1.089411e-24
-4.314776e+00 -1.594587e+00 0.000000e+00 -4.600000e+00 2.404723e-24 8.729440e-25 6.528251e-25 2.558266e-24
-4.220976e+00 -1.559923e+00 0.000000e+00 -4.500000e+00 5.157622e-24 1.871354e-24 1.810798e-24 5.486623e-24
-4.127177e+00 -1.525258e+00 0.000000e+00 -4.400000e+00 1.000315e-23 3.632425e-24 4.505663e-24 1.064226e-23
-4.033377e+00 -1.490593e+00 0.000000e+00 -4.300000e+00 1.739893e-23 6.332605e-24 9.947007e-24 1.851552e-23
-3.939578e+00 -1.455928e+00 0.000000e+00 -4.200000e+00 2.723638e-23 9.943329e-24 1.916763e-23 2.899466e-23
-3.845778e+00 -1.421263e+00 0.000000e+00 -4.100000e+00 4.026125e-23 1.468760e-23 3.148855e-23 4.285666e-23
-3.751979e+00 -1.386598e+00 0.000000e+00 -4.000000e+00 6.504120e-23 2.336741e-23 4.288401e-23 6.911146e-23
-3.658180e+00 -1.351933e+00 0.000000e+00 -3.900000e+00 1.351083e-22 4.715760e-23 4.890764e-23 1.431017e-22
-3.564380e+00 -1.317268e+00 0.000000e+00 -3.800000e+00 3.377930e-22 1.155616e-22 6.144899e-23 3.570135e-22
-3.470581e+00 -1.282603e+00 0.000000e+00 -3.700000e+00 8.700203e-22 2.965603e-22 1.417703e-22 9.191754e-22
-3.376781e+00 -1.247938e+00 0.000000e+00 -3.600000e+00 2.307456e-21 7.931164e-22 4.082037e-22 2.439956e-21
-3.282982e+00 -1.213273e+00 0.000000e+00 -3.500000e+00 7.125090e-21 2.475815e-21 9.009215e-22 7.542981e-21
-3.189182e+00 -1.178608e+00 0.000000e+00 -3.400000e+00 2.648103e-20 9.226958e-21 1.321813e-21 2.804250e-20
-3.095383e+00 -1.143943e+00 0.000000e+00 -3.300000e+00 1.045218e-19 3.626903e-20 2.061433e-21 1.106356e-19
-3.001583e+00 -1.109278e+00 0.000000e+00 -3.200000e+00 3.914658e-19 1.350604e-19 1.356483e-20 4.141096e-19
-2.907784e+00 -1.074613e+00 0.000000e+00 -3.100000e+00 1.333687e-18 4.577482e-19 9.746565e-20 1.410055e-18
-2.813984e+00 -1.039948e+00 0.000000e+00 -3.000000e+00 4.109526e-18 1.404365e-18 5.013657e-19 4.342862e-18
-2.720185e+00 -1.005283e+00 0.000000e+00 -2.900000e+00 1.151934e-17 3.922424e-18 2.024675e-18 1.216884e-17
-2.626385e+00 -9.706185e-01 0.000000e+00 -2.800000e+00 2.961409e-17 1.005340e-17 6.878489e-18 3.127403e-17
-2.532586e+00 -9.359535e-01 0.000000e+00 -2.700000e+00 7.036513e-17 2.382599e-17 2.047559e-17 7.428950e-17
-2.438786e+00 -9.012886e-01 0.000000e+00 -2.600000e+00 1.555609e-16 5.255656e-17 5.477185e-17 1.641992e-16
-2.344987e+00 -8.666236e-01 0.000000e+00 -2.500000e+00 3.217920e-16 1.085082e-16 1.338981e-16 3.395941e-16
-2.251187e+00 -8.319587e-01 0.000000e+00 -2.400000e+00 6.258044e-16 2.106681e-16 3.027357e-16 6.603122e-16
-2.157388e+00 -7.972937e-01 0.000000e+00 -2.300000e+00 1.148786e-15 3.861675e-16 6.386626e-16 1.211955e-15
-2.063588e+00 -7.626288e-01 0.000000e+00 -2.200000e+00 1.997456e-15 6.706355e-16 1.265866e-15 2.107032e-15
-1.969789e+00 -7.279639e-01 0.000000e+00 -2.100000e+00 3.299510e-15 1.106684e-15 2.370330e-15 3.480160e-15
-1.875990e+00 -6.932989e-01 0.000000e+00 -2.000000e+00 5.191433e-15 1.739866e-15 4.212260e-15 5.475227e-15
-1.782190e+00 -6.586340e-01 0.000000e+00 -1.900000e+00 7.797913e-15 2.611860e-15 7.131539e-15 8.223701e-15
-1.688391e+00 -6.239690e-01 0.000000e+00 -1.800000e+00 1.120460e-14 3.751430e-15 1.154151e-14 1.181593e-14
-1.594591e+00 -5.893041e-01 0.000000e+00 -1.700000e+00 1.542806e-14 5.164464e-15 1.790726e-14 1.626951e-14
-1.500792e+00 -5.546391e-01 0.000000e+00 -1.600000e+00 2.038883e-14 6.825002e-15 2.670708e-14 2.150082e-14
-1.406992e+00 -5.199742e-01 0.000000e+00 -1.500000e+00 2.589598e-14 8.669992e-15 3.837861e-14 2.730880e-14
-1.313193e+00 -4.853092e-01 0.000000e+00 -1.400000e+00 3.164798e-14 1.059949e-14 5.325622e-14 3.337580e-14
-1.219393e+00 -4.506443e-01 0.000000e+00 -1.300000e+00 3.725416e-14 1.248359e-14 7.150808e-14 3.929010e-14
-1.125594e+00 -4.159793e-01 0.000000e+00 -1.200000e+00 4.227535e-14 1.417575e-14 9.308416e-14 4.458875e-14
-1.031794e+00 -3.813144e-01 0.000000e+00 -1.100000e+00 4.627783e-14 1.553063e-14 1.176850e-13 4.881433e-14
-9.379948e-01 -3.466495e-01 0.000000e+00 -1.000000e+00 4.889068e-14 1.642312e-14 1.447586e-13 5.157536e-14
-8.441953e-01 -3.119845e-01 0.000000e+00 -9.000000e-01 4.985497e-14 1.676485e-14 1.735267e-13 5.259827e-14
-7.503958e-01 -2.773196e-01 0.000000e+00 -8.000000e-01 4.905468e-14 1.651470e-14 2.030384e-13 5.175999e-14
-6.565963e-01 -2.426546e-01 0.000000e+00 -7.000000e-01 4.652308e-14 1.568127e-14 2.322407e-13 4.909480e-14
-5.627969e-01 -2.079897e-01 0.000000e+00 -6.000000e-01 4.242398e-14 1.431706e-14 2.600565e-13 4.477468e-14
-4.689974e-01 -1.733247e-01 0.000000e+00 -5.000000e-01 3.701333e-14 1.250597e-14 2.854572e-13 3.906899e-14
-3.751979e-01 -1.386598e-01 0.000000e+00 -4.000000e-01 3.058994e-14 1.034700e-14 3.075235e-13 3.229249e-14
-2.813984e-01 -1.039948e-01 0.000000e+00 -3.000000e-01 2.344908e-14 7.939117e-15 3.254837e-13 2.475660e-14
-1.875990e-01 -6.932989e-02 0.000000e+00 -2.000000e-01 1.584635e-14 5.369001e-15 3.387361e-13 1.673120e-14
-9.379948e-02 -3.466495e-02 0.000000e+00 -1.000000e-01 7.981034e-15 2.705360e-15 3.468553e-13 8.427091e-15
-9.632796e-16 -3.559938e-16 0.000000e+00 -1.026956e-15 7.389783e-30 -1.159182e-30 3.495894e-13 7.480147e-30
9.379948e-02 3.466495e-02 0.000000e+00 1.000000e-01 -7.981034e-15 -2.705360e-15 3.468553e-13 -8.427091e-15
1.875990e-01 6.932989e-02 0.000000e+00 2.000000e-01 -1.584635e-14 -5.369001e-15 3.387361e-13 -1.673120e-14
2.813984e-01 1.039948e-01 0.000000e+00 3.000000e-01 -2.344908e-14 -7.939117e-15 3.254837e-13 -2.475660e-14
3.751979e-01 1.386598e-01 0.000000e+00 4.000000e-01 -3.058994e-14 -1.034700e-14 3.075235e-13 -3.229249e-14
4.689974e-01 1.733247e-01 0.000000e+00 5.000000e-01 -3.701333e-14 -1.250597e-14 2.854572e-13 -3.906899e-14
5.627969e-01 2.079897e-01 0.000000e+00 6.000000e-01 -4.242398e-14 -1.431706e-14 2.600565e-13 -4.477468e-14
6.565963e-01 2.426546e-01 0.000000e+00 7.000000e-01 -4.652308e-14 -1.568127e-14 2.322407e-13 -4.909480e-14
7.503958e-01 2.773196e-01 0.000000e+00 8.000000e-01 -4.905468e-14 -1.651470e-14 2.030384e-13 -5.175999e-14
8.441953e-01 3.119845e-01 0.000000e+00 9.000000e-01 -4.985497e-14 -1.676485e-14 1.735267e-13 -5.259827e-14
9.379948e-01 3.466495e-01 0.000000e+00 1.000000e+00 -4.889068e-14 -1.642312e-14 1.447586e-13 -5.157536e-14
1.031794e+00 3.813144e-01 0.000000e+00 1.100000e+00 -4.627783e-14 -1.553063e-14 1.176850e-13 -4.881433e-14
1.125594e+00 4.159793e-01 0.000000e+00 1.200000e+00 -4.227535e-14 -1.417575e-14 9.308416e-14 -4.458875e-14
1.219393e+00 4.506443e-01 0.000000e+00 1.300000e+00 -3.725416e-14 -1.248359e-14 7.150808e-14 -3.929010e-14
1.313193e+00 4.853092e-01 0.000000e+00 1.400000e+00 -3.164798e-14 -1.059949e-14 5.325622e-14 -3.337580e-14
1.406992e+00 5.199742e-01 0.000000e+00 1.500000e+00 -2.589598e-14 -8.669992e-15 3.837861e-14 -2.730880e-14
1.500792e+00 5.546391e-01 0.000000e+00 1.600000e+00 -2.038883e-14 -6.825002e-15 2.670708e-14 -2.150082e-14
1.594591e+00 5.893041e-01 0.000000e+00 1.700000e+00 -1.542806e-14 -5.164464e-15 1.790726e-14 -1.626951e-14
1.688391e+00 6.239690e-01 0.000000e+00 1.800000e+00 -1.120460e-14 -3.751430e-15 1.154151e-14 -1.181593e-14
1.782190e+00 6.586340e-01 0.000000e+00 1.900000e+00 -7.797913e-15 -2.611860e-15 7.131539e-15 -8.223701e-15
1.875990e+00 6.932989e-01 0.000000e+00 2.000000e+00 -5.191433e-15 -1.739866e-15 4.212260e-15 -5.475227e-15
1.969789e+00 7.279639e-01 0.000000e+00 2.100000e+00 -3.299510e-15 -1.106684e-15 2.370330e-15 -3.480160e-15
2.063588e+00 7.626288e-01 0.000000e+00 2.200000e+00 -1.997456e-15 -6.706355e-16 1.265866e-15 -2.107032e-15
2.157388e+00 7.972937e-01 0.000000e+00 2.300000e+00 -1.148786e-15 -3.861675e-16 6.386626e-16 -1.211955e-15
2.251187e+00 8.319587e-01 0.000000e+00 2.400000e+00 -6.258044e-16 -2.106681e-16 3.027357e-16 -6.603122e-16
2.344987e+00 8.666236e-01 0.000000e+00 2.500000e+00 -3.217920e-16 -1.085082e-16 1.338981e-16 -3.395941e-16
2.438786e+00 9.012886e-01 0.000000e+00 2.600000e+00 -1.555609e-16 -5.255656e-17 5.477185e-17 -1.641992e-16
2.532586e+00 9.359535e-01 0.000000e+00 2.700000e+00 -7.036513e-17 -2.382599e-17 2.047559e-17 -7.428950e-17
2.626385e+00 9.706185e-01 0.000000e+00 2.800000e+00 -2.961409e-17 -1.005340e-17 6.878489e-18 -3.127403e-17
2.720185e+00 1.005283e+00 0.000000e+00 2.900000e+00 -1.151934e-17 -3.922424e-18 2.024675e-18 -1.216884e-17
2.813984e+00 1.039948e+00 0.000000e+00 3.000000e+00 -4.109526e-18 -1.404365e-18 5.013657e-19 -4.342862e-18
2.907784e+00 1.074613e+00 0.000000e+00 3.100000e+00 -1.333687e-18 -4.577482e-19 9.746565e-20 -1.410055e-18
3.001583e+00 1.109278e+00 0.000000e+00 3.200000e+00 -3.914658e-19 -1.350604e-19 1.356483e-20 -4.141096e-19
3.095383e+00 1.143943e+00 0.000000e+00 3.300000e+00 -1.045218e-19 -3.626903e-20 2.061433e-21 -1.106356e-19
3.189182e+00 1.178608e+00 0.000000e+00 3.400000e+00 -2.648103e-20 -9.226958e-21 1.321813e-21 -2.804250e-20
3.282982e+00 1.213273e+00 0.000000e+00 3.500000e+00 -7.125090e-21 -2.475815e-21 9.009215e-22 -7.542981e-21
3.376781e+00 1.247938e+00 0.000000e+00 3.600000e+00 -2.307456e-21 -7.931164e-22 4.082037e-22 -2.439956e-21
3.470581e+00 1.282603e+00 0.000000e+00 3.700000e+00 -8.700203e-22 -2.965603e-22 1.417703e-22 -9.191754e-22
3.564380e+00 1.317268e+00 0.000000e+00 3.800000e+00 -3.377930e-22 -1.155616e-22 6.144899e-23 -3.570135e-22
3.658180e+00 1.351933e+00 0.000000e+00 3.900000e+00 -1.351083e-22 -4.715760e-23 4.890764e-23 -1.431017e-22
3.751979e+00 1.386598e+00 0.000000e+00 4.000000e+00 -6.504120e-23 -2.336741e-23 4.288401e-23 -6.911146e-23
3.845778e+00 1.421263e+00 0.000000e+00 4.100000e+00 -4.026125e-23 -1.468760e-23 3.148855e-23 -4.285666e-23
3.939578e+00 1.455928e+00 0.000000e+00 4.200000e+00 -2.723638e-23 -9.943329e-24 1.916763e-23 -2.899466e-23
4.033377e+00 1.490593e+00 0.000000e+00 4.300000e+00 -1.739893e-23 -6.332605e-24 9.947007e-24 -1.851552e-23
4.127177e+00 1.525258e+00 0.000000e+00 4.400000e+00 -1.000315e-23 -3.632425e-24 4.505663e-24 -1.064226e-23
4.220976e+00 1.559923e+00 0.000000e+00 4.500000e+00 -5.157622e-24 -1.871354e-24 1.810798e-24 -5.486623e-24
4.314776e+00 1.594587e+00 0.000000e+00 4.600000e+00 -2.404723e-24 -8.729440e-25 6.528251e-25 -2.558266e-24
4.408575e+00 1.629252e+00 0.000000e+00 4.700000e+00 -1.023846e-24 -3.722327e-25 2.126668e-25 -1.089411e-24
4.502375e+00 1.663917e+00 0.000000e+00 4.800000e+00 -4.015370e-25 -1.463207e-25 6.289636e-26 -4.273661e-25
4.596174e+00 1.698582e+00 0.000000e+00 4.900000e+00 -1.460998e-25 -5.339462e-26 1.693569e-26 -1.555510e-25
4.689974e+00 1.733247e+00 0.000000e+00 5.000000e+00 -4.960467e-26 -1.819077e-26 4.157706e-27 -5.283491e-26
