Iteration# z ADDATime OurCalcTime
1.0000000000 -0.0500000000 0.0000000000 46.2700000000
2.0000000000 0.0000000000 0.0000000000 44.9600000000
3.0000000000 0.0500000000 0.0000000000 47.5400000000
4.0000000000 0.1000000000 0.0100000000 46.9300000000
5.0000000000 0.1500000000 0.0000000000 46.5700000000
6.0000000000 0.2000000000 0.0000000000 45.9700000000
7.0000000000 0.2500000000 0.0000000000 46.3700000000
8.0000000000 0.3000000000 0.0000000000 47.7100000000
9.0000000000 0.3500000000 0.0000000000 45.9200000000
10.0000000000 0.3250000000 0.0000000000 46.2700000000
11.0000000000 0.3500000000 0.0000000000 46.8400000000
12.0000000000 0.3375000000 0.0000000000 46.1300000000
13.0000000000 0.3500000000 0.0000000000 45.4200000000
14.0000000000 0.3437500000 0.0000000000 46.0800000000
15.0000000000 0.3406250000 0.0100000000 46.3700000000
16.0000000000 0.3390625000 0.0000000000 45.0100000000
17.0000000000 0.3406250000 0.0000000000 45.2300000000
18.0000000000 0.3398437500 0.0100000000 45.5800000000
19.0000000000 0.3394531250 0.0000000000 45.2600000000
20.0000000000 0.3398437500 0.0100000000 46.2200000000
21.0000000000 0.3396484375 0.0000000000 46.4900000000
22.0000000000 0.3398437500 0.0000000000 45.5100000000
23.0000000000 0.3397460938 0.0000000000 45.3700000000
24.0000000000 0.3396972656 0.0000000000 46.6200000000
1.0000000000 0.3397460938 0.0000000000 45.4400000000
2.0000000000 0.3397949219 0.0000000000 46.0500000000
3.0000000000 0.3398437500 0.0000000000 46.2900000000
4.0000000000 0.3398925781 0.0100000000 46.7600000000
5.0000000000 0.3399414063 0.0000000000 46.0800000000
6.0000000000 0.3399902344 0.0000000000 44.8600000000
7.0000000000 0.3400390625 0.0100000000 46.1800000000
8.0000000000 0.3400878906 0.0000000000 45.8200000000
9.0000000000 0.3401367188 0.0100000000 45.7000000000
10.0000000000 0.3401855469 0.0000000000 45.8300000000
11.0000000000 0.3402343750 0.0000000000 46.8200000000
12.0000000000 0.3402832031 0.0100000000 46.7100000000
13.0000000000 0.3403320313 0.0000000000 46.6800000000
14.0000000000 0.3403808594 0.0100000000 46.3300000000
15.0000000000 0.3404296875 0.0000000000 47.0800000000
16.0000000000 0.3404785156 0.0100000000 46.7500000000
17.0000000000 0.3405273438 0.0000000000 46.1700000000
18.0000000000 0.3405761719 0.0000000000 46.0600000000
19.0000000000 0.3406250000 0.0100000000 45.8900000000
20.0000000000 0.3406738281 0.0000000000 46.9200000000
21.0000000000 0.3407226563 0.0000000000 45.6100000000
22.0000000000 0.3407714844 0.0000000000 47.2400000000
23.0000000000 0.3408203125 0.0000000000 46.8800000000
24.0000000000 0.3408691406 0.0000000000 46.0000000000
25.0000000000 0.3409179688 0.0000000000 45.9800000000
26.0000000000 0.3409667969 0.0100000000 46.9300000000
27.0000000000 0.3410156250 0.0000000000 46.0800000000
28.0000000000 0.3410644531 0.0000000000 45.9200000000
29.0000000000 0.3411132813 0.0000000000 46.7400000000
30.0000000000 0.3411621094 0.0000000000 45.9800000000
31.0000000000 0.3412109375 0.0100000000 46.0600000000
32.0000000000 0.3412597656 0.0100000000 45.8100000000
33.0000000000 0.3413085938 0.0000000000 46.8900000000
34.0000000000 0.3413574219 0.0000000000 46.3000000000
35.0000000000 0.3414062500 0.0100000000 43.4400000000
36.0000000000 0.3414550781 0.0000000000 45.2800000000
37.0000000000 0.3415039063 0.0000000000 45.9600000000
38.0000000000 0.3415527344 0.0000000000 45.8900000000
39.0000000000 0.3416015625 0.0100000000 44.9900000000
40.0000000000 0.3416503906 0.0000000000 44.9700000000
41.0000000000 0.3416992188 0.0000000000 45.7000000000
42.0000000000 0.3417480469 0.0100000000 46.8800000000
43.0000000000 0.3417968750 0.0000000000 44.7100000000
44.0000000000 0.3418457031 0.0000000000 44.8200000000
45.0000000000 0.3418945313 0.0100000000 46.1300000000
46.0000000000 0.3419433594 0.0000000000 46.2100000000
47.0000000000 0.3419921875 0.0000000000 45.1600000000
48.0000000000 0.3420410156 0.0100000000 45.2500000000
49.0000000000 0.3420898438 0.0000000000 45.0000000000
50.0000000000 0.3421386719 0.0100000000 46.2900000000
51.0000000000 0.3421875000 0.0000000000 46.3000000000
52.0000000000 0.3422363281 0.0000000000 45.0600000000
53.0000000000 0.3422851563 0.0100000000 44.9600000000
54.0000000000 0.3423339844 0.0000000000 46.6400000000
55.0000000000 0.3423828125 0.0000000000 46.1500000000
56.0000000000 0.3424316406 0.0000000000 45.2400000000
57.0000000000 0.3424804688 0.0000000000 45.1700000000
58.0000000000 0.3425292969 0.0000000000 46.3600000000
59.0000000000 0.3425781250 0.0000000000 45.8500000000
60.0000000000 0.3426269531 0.0000000000 44.7600000000
61.0000000000 0.3426757813 0.0000000000 43.7500000000
62.0000000000 0.3427246094 0.0000000000 45.4600000000
63.0000000000 0.3427734375 0.0000000000 46.4500000000
64.0000000000 0.3428222656 0.0000000000 45.4800000000
65.0000000000 0.3428710938 0.0000000000 45.1200000000
66.0000000000 0.3429199219 0.0100000000 45.9800000000
67.0000000000 0.3429687500 0.0100000000 46.8400000000
68.0000000000 0.3430175781 0.0000000000 46.2000000000
69.0000000000 0.3430664063 0.0000000000 45.2000000000
70.0000000000 0.3431152344 0.0000000000 45.6600000000
71.0000000000 0.3431640625 0.0000000000 46.7000000000
72.0000000000 0.3432128906 0.0000000000 45.9200000000
73.0000000000 0.3432617188 0.0000000000 44.6700000000
74.0000000000 0.3433105469 0.0000000000 46.4700000000
75.0000000000 0.3433593750 0.0100000000 46.4800000000
76.0000000000 0.3434082031 0.0000000000 45.2900000000
77.0000000000 0.3434570313 0.0000000000 46.5200000000
78.0000000000 0.3435058594 0.0000000000 46.6800000000
79.0000000000 0.3435546875 0.0000000000 45.3400000000
80.0000000000 0.3436035156 0.0000000000 45.6600000000
81.0000000000 0.3436523438 0.0000000000 46.5900000000
82.0000000000 0.3437011719 0.0100000000 45.3200000000
83.0000000000 0.3437500000 0.0000000000 45.5200000000
84.0000000000 0.3437988281 0.0000000000 45.7500000000
85.0000000000 0.3438476563 0.0000000000 46.1900000000
86.0000000000 0.3438964844 0.0100000000 46.3100000000
87.0000000000 0.3439453125 0.0000000000 45.9700000000
88.0000000000 0.3439941406 0.0000000000 43.9900000000
89.0000000000 0.3440429688 0.0100000000 46.4800000000
90.0000000000 0.3440917969 0.0000000000 46.6100000000
91.0000000000 0.3441406250 0.0000000000 44.9800000000
92.0000000000 0.3441894531 0.0000000000 45.9300000000
93.0000000000 0.3442382813 0.0000000000 46.0900000000
94.0000000000 0.3442871094 0.0000000000 46.5000000000
95.0000000000 0.3443359375 0.0000000000 45.3100000000
96.0000000000 0.3443847656 0.0100000000 45.2700000000
97.0000000000 0.3444335938 0.0000000000 46.1500000000
98.0000000000 0.3444824219 0.0000000000 46.1100000000
99.0000000000 0.3445312500 0.0000000000 45.3600000000
100.0000000000 0.3445800781 0.0000000000 45.6400000000
101.0000000000 0.3446289063 0.0000000000 46.0500000000
102.0000000000 0.3446777344 0.0100000000 45.9400000000
103.0000000000 0.3447265625 0.0000000000 45.2700000000
104.0000000000 0.3447753906 0.0000000000 46.1000000000
105.0000000000 0.3448242188 0.0000000000 48.1000000000
106.0000000000 0.3448730469 0.0100000000 46.3000000000
107.0000000000 0.3449218750 0.0000000000 45.7300000000
108.0000000000 0.3449707031 0.0000000000 45.8400000000
109.0000000000 0.3450195313 0.0000000000 46.5300000000
110.0000000000 0.3450683594 0.0100000000 46.7500000000
111.0000000000 0.3451171875 0.0000000000 46.4000000000
112.0000000000 0.3451660156 0.0000000000 46.1400000000
113.0000000000 0.3452148438 0.0000000000 45.4300000000
114.0000000000 0.3452636719 0.0000000000 43.3900000000
115.0000000000 0.3453125000 0.0100000000 47.0600000000
116.0000000000 0.3453613281 0.0100000000 46.2300000000
117.0000000000 0.3454101563 0.0000000000 45.8100000000
118.0000000000 0.3454589844 0.0000000000 45.9900000000
119.0000000000 0.3455078125 0.0000000000 46.5500000000
120.0000000000 0.3455566406 0.0000000000 47.3200000000
121.0000000000 0.3456054688 0.0000000000 45.8300000000
122.0000000000 0.3456542969 0.0000000000 45.8200000000
123.0000000000 0.3457031250 0.0100000000 46.9000000000
124.0000000000 0.3457519531 0.0000000000 47.0100000000
125.0000000000 0.3458007813 0.0000000000 45.9500000000
126.0000000000 0.3458496094 0.0000000000 45.8900000000
127.0000000000 0.3458984375 0.0000000000 46.8300000000
128.0000000000 0.3459472656 0.0100000000 46.8300000000
129.0000000000 0.3459960938 0.0000000000 45.6700000000
130.0000000000 0.3460449219 0.0000000000 45.6900000000
131.0000000000 0.3460937500 0.0000000000 45.9800000000
132.0000000000 0.3461425781 0.0100000000 46.7100000000
133.0000000000 0.3461914063 0.0000000000 46.3500000000
134.0000000000 0.3462402344 0.0000000000 45.9000000000
135.0000000000 0.3462890625 0.0100000000 45.7000000000
136.0000000000 0.3463378906 0.0000000000 46.4800000000
137.0000000000 0.3463867188 0.0000000000 46.4800000000
138.0000000000 0.3464355469 0.0000000000 45.3600000000
139.0000000000 0.3464843750 0.0000000000 45.4400000000
140.0000000000 0.3465332031 0.0000000000 44.1300000000
141.0000000000 0.3465820313 0.0000000000 45.6900000000
142.0000000000 0.3466308594 0.0000000000 46.5500000000
143.0000000000 0.3466796875 0.0000000000 46.0800000000
144.0000000000 0.3467285156 0.0000000000 45.7500000000
145.0000000000 0.3467773438 0.0000000000 46.4100000000
146.0000000000 0.3468261719 0.0000000000 45.5300000000
147.0000000000 0.3468750000 0.0000000000 45.9400000000
148.0000000000 0.3469238281 0.0000000000 46.8200000000
149.0000000000 0.3469726563 0.0100000000 46.2800000000
150.0000000000 0.3470214844 0.0000000000 45.7300000000
151.0000000000 0.3470703125 0.0000000000 46.8400000000
152.0000000000 0.3471191406 0.0000000000 46.7200000000
153.0000000000 0.3471679688 0.0100000000 45.6600000000
154.0000000000 0.3472167969 0.0000000000 45.7600000000
155.0000000000 0.3472656250 0.0100000000 46.0400000000
156.0000000000 0.3473144531 0.0100000000 46.0200000000
157.0000000000 0.3473632813 0.0100000000 45.7500000000
158.0000000000 0.3474121094 0.0000000000 46.3100000000
159.0000000000 0.3474609375 0.0100000000 46.6500000000
160.0000000000 0.3475097656 0.0000000000 46.6700000000
161.0000000000 0.3475585938 0.0100000000 46.0500000000
162.0000000000 0.3476074219 0.0000000000 46.7500000000
163.0000000000 0.3476562500 0.0000000000 46.5100000000
1.0000000000 0.3477050781 0.0100000000 46.4000000000
2.0000000000 0.3477539063 0.0000000000 47.3300000000
3.0000000000 0.3478027344 0.0000000000 47.0600000000
4.0000000000 0.3478515625 0.0000000000 44.2200000000
5.0000000000 0.3479003906 0.0000000000 46.1600000000
6.0000000000 0.3479492188 0.0000000000 45.7000000000
7.0000000000 0.3479980469 0.0100000000 46.9900000000
8.0000000000 0.3480468750 0.0000000000 47.3500000000
9.0000000000 0.3480957031 0.0000000000 45.7700000000
10.0000000000 0.3481445313 0.0000000000 45.1300000000
11.0000000000 0.3481933594 0.0100000000 46.6700000000
12.0000000000 0.3482421875 0.0200000000 46.3200000000
13.0000000000 0.3482910156 0.0000000000 45.8600000000
14.0000000000 0.3483398438 0.0000000000 45.8000000000
15.0000000000 0.3483886719 0.0100000000 46.5700000000
16.0000000000 0.3484375000 0.0100000000 46.3500000000
17.0000000000 0.3484863281 0.0000000000 45.4900000000
18.0000000000 0.3485351563 0.0000000000 45.9900000000
19.0000000000 0.3485839844 0.0000000000 46.1000000000
20.0000000000 0.3486328125 0.0000000000 45.6000000000
21.0000000000 0.3486816406 0.0100000000 45.9900000000
22.0000000000 0.3487304688 0.0000000000 47.0000000000
23.0000000000 0.3487792969 0.0000000000 45.8100000000
24.0000000000 0.3488281250 0.0000000000 46.0900000000
25.0000000000 0.3488769531 0.0000000000 46.0400000000
26.0000000000 0.3489257813 0.0100000000 45.1000000000
27.0000000000 0.3489746094 0.0000000000 45.3800000000
28.0000000000 0.3490234375 0.0000000000 45.9000000000
29.0000000000 0.3490722656 0.0000000000 45.7600000000
30.0000000000 0.3491210938 0.0000000000 43.3100000000
31.0000000000 0.3491699219 0.0100000000 47.5000000000
32.0000000000 0.3492187500 0.0000000000 46.2200000000
33.0000000000 0.3492675781 0.0000000000 46.7100000000
34.0000000000 0.3493164063 0.0000000000 46.8500000000
35.0000000000 0.3493652344 0.0000000000 46.3100000000
36.0000000000 0.3494140625 0.0000000000 45.8300000000
37.0000000000 0.3494628906 0.0000000000 45.5200000000
38.0000000000 0.3495117188 0.0000000000 45.5400000000
39.0000000000 0.3495605469 0.0000000000 46.5400000000
40.0000000000 0.3496093750 0.0000000000 46.2900000000
41.0000000000 0.3496582031 0.0000000000 45.4600000000
42.0000000000 0.3497070313 0.0000000000 45.2700000000
43.0000000000 0.3497558594 0.0100000000 46.1200000000
44.0000000000 0.3498046875 0.0100000000 45.4900000000
45.0000000000 0.3498535156 0.0000000000 46.4700000000
46.0000000000 0.3499023438 0.0000000000 46.3200000000
47.0000000000 0.3499511719 0.0100000000 46.5400000000
48.0000000000 0.3500000000 0.0000000000 45.5000000000
49.0000000000 0.3500488281 0.0000000000 46.1100000000
50.0000000000 0.3500976563 0.0000000000 46.4700000000
51.0000000000 0.3501464844 0.0000000000 45.9000000000
52.0000000000 0.3501953125 0.0000000000 45.5700000000
53.0000000000 0.3502441406 0.0100000000 45.3300000000
54.0000000000 0.3502929688 0.0100000000 46.3800000000
55.0000000000 0.3503417969 0.0000000000 45.9000000000
56.0000000000 0.3503906250 0.0000000000 44.5600000000
57.0000000000 0.3504394531 0.0100000000 43.7800000000
58.0000000000 0.3504882813 0.0000000000 46.2500000000
59.0000000000 0.3505371094 0.0000000000 46.3300000000
60.0000000000 0.3505859375 0.0000000000 45.7100000000
61.0000000000 0.3506347656 0.0000000000 46.3300000000
62.0000000000 0.3506835938 0.0100000000 46.5600000000
63.0000000000 0.3507324219 0.0000000000 45.5600000000
64.0000000000 0.3507812500 0.0000000000 45.3500000000
65.0000000000 0.3508300781 0.0100000000 45.2600000000
66.0000000000 0.3508789063 0.0100000000 46.2900000000
67.0000000000 0.3509277344 0.0100000000 45.5700000000
68.0000000000 0.3509765625 0.0000000000 45.5200000000
69.0000000000 0.3510253906 0.0100000000 46.3400000000
70.0000000000 0.3510742188 0.0000000000 46.3200000000
71.0000000000 0.3511230469 0.0000000000 45.3700000000
72.0000000000 0.3511718750 0.0000000000 46.2800000000
73.0000000000 0.3512207031 0.0000000000 46.0300000000
74.0000000000 0.3512695313 0.0100000000 45.4800000000
75.0000000000 0.3513183594 0.0000000000 45.7700000000
76.0000000000 0.3513671875 0.0000000000 45.4200000000
77.0000000000 0.3514160156 0.0000000000 46.4100000000
78.0000000000 0.3514648438 0.0100000000 46.2200000000
79.0000000000 0.3515136719 0.0000000000 45.9400000000
80.0000000000 0.3515625000 0.0000000000 45.4700000000
81.0000000000 0.3516113281 0.0000000000 45.8500000000
82.0000000000 0.3516601563 0.0000000000 45.9600000000
83.0000000000 0.3517089844 0.0000000000 43.5600000000
84.0000000000 0.3517578125 0.0000000000 46.0400000000
85.0000000000 0.3518066406 0.0100000000 46.1600000000
86.0000000000 0.3518554688 0.0100000000 45.7300000000
87.0000000000 0.3519042969 0.0000000000 45.4100000000
88.0000000000 0.3519531250 0.0000000000 45.9700000000
89.0000000000 0.3520019531 0.0100000000 45.7400000000
90.0000000000 0.3520507813 0.0000000000 46.4900000000
91.0000000000 0.3520996094 0.0000000000 45.4300000000
92.0000000000 0.3521484375 0.0000000000 45.0300000000
93.0000000000 0.3521972656 0.0000000000 45.9400000000
94.0000000000 0.3522460938 0.0100000000 45.5900000000
95.0000000000 0.3522949219 0.0000000000 44.4500000000
96.0000000000 0.3523437500 0.0000000000 45.4200000000
97.0000000000 0.3523925781 0.0000000000 46.2200000000
98.0000000000 0.3524414063 0.0000000000 47.1300000000
99.0000000000 0.3524902344 0.0000000000 45.1900000000
100.0000000000 0.3525390625 0.0000000000 46.1200000000
101.0000000000 0.3525878906 0.0100000000 46.4000000000
102.0000000000 0.3526367188 0.0000000000 45.2400000000
103.0000000000 0.3526855469 0.0000000000 45.3600000000
104.0000000000 0.3527343750 0.0000000000 46.3400000000
105.0000000000 0.3527832031 0.0000000000 45.4100000000
106.0000000000 0.3528320313 0.0000000000 45.6600000000
107.0000000000 0.3528808594 0.0000000000 45.3800000000
108.0000000000 0.3529296875 0.0000000000 45.5800000000
109.0000000000 0.3529785156 0.0100000000 45.3100000000
110.0000000000 0.3530273438 0.0000000000 43.8400000000
111.0000000000 0.3530761719 0.0100000000 45.0800000000
112.0000000000 0.3531250000 0.0000000000 45.1500000000
113.0000000000 0.3531738281 0.0000000000 45.0700000000
114.0000000000 0.3532226563 0.0000000000 45.4800000000
115.0000000000 0.3532714844 0.0000000000 45.3000000000
116.0000000000 0.3533203125 0.0100000000 45.0400000000
117.0000000000 0.3533691406 0.0100000000 45.9200000000
118.0000000000 0.3534179688 0.0000000000 46.0700000000
119.0000000000 0.3534667969 0.0000000000 45.8400000000
120.0000000000 0.3535156250 0.0000000000 45.5600000000
121.0000000000 0.3535644531 0.0000000000 46.2700000000
122.0000000000 0.3536132813 0.0000000000 45.6400000000
123.0000000000 0.3536621094 0.0100000000 45.5100000000
124.0000000000 0.3537109375 0.0000000000 46.6800000000
125.0000000000 0.3537597656 0.0100000000 46.4900000000
126.0000000000 0.3538085938 0.0000000000 45.4400000000
127.0000000000 0.3538574219 0.0000000000 46.1700000000
128.0000000000 0.3539062500 0.0000000000 46.7900000000
129.0000000000 0.3539550781 0.0000000000 46.9500000000
130.0000000000 0.3540039063 0.0000000000 46.4300000000
131.0000000000 0.3540527344 0.0100000000 46.6100000000
132.0000000000 0.3541015625 0.0000000000 45.9100000000
133.0000000000 0.3541503906 0.0000000000 46.0800000000
134.0000000000 0.3541992188 0.0100000000 46.0400000000
135.0000000000 0.3542480469 0.0000000000 45.7600000000
136.0000000000 0.3542968750 0.0100000000 45.6000000000
137.0000000000 0.3543457031 0.0000000000 45.5100000000
138.0000000000 0.3543945313 0.0100000000 46.2700000000
139.0000000000 0.3544433594 0.0100000000 45.8300000000
140.0000000000 0.3544921875 0.0000000000 47.2900000000
141.0000000000 0.3545410156 0.0000000000 46.1500000000
142.0000000000 0.3545898438 0.0100000000 46.1000000000
143.0000000000 0.3546386719 0.0000000000 45.4100000000
144.0000000000 0.3546875000 0.0000000000 46.0500000000
145.0000000000 0.3547363281 0.0000000000 46.1600000000
146.0000000000 0.3547851563 0.0100000000 45.8800000000
147.0000000000 0.3548339844 0.0000000000 46.7600000000
148.0000000000 0.3548828125 0.0000000000 46.4900000000
149.0000000000 0.3549316406 0.0000000000 45.8700000000
150.0000000000 0.3549804688 0.0000000000 45.8600000000
151.0000000000 0.3550292969 0.0000000000 46.7700000000
152.0000000000 0.3550781250 0.0000000000 45.9100000000
153.0000000000 0.3551269531 0.0000000000 46.5400000000
154.0000000000 0.3551757813 0.0100000000 46.7500000000
155.0000000000 0.3552246094 0.0000000000 45.7800000000
156.0000000000 0.3552734375 0.0000000000 46.6100000000
157.0000000000 0.3553222656 0.0000000000 45.6300000000
158.0000000000 0.3553710938 0.0000000000 45.9900000000
159.0000000000 0.3554199219 0.0100000000 46.7300000000
160.0000000000 0.3554687500 0.0100000000 46.2100000000
161.0000000000 0.3555175781 0.0100000000 45.9100000000
162.0000000000 0.3555664063 0.0000000000 46.1600000000
163.0000000000 0.3556152344 0.0000000000 43.4700000000
164.0000000000 0.3556640625 0.0000000000 45.3500000000
165.0000000000 0.3557128906 0.0100000000 46.0400000000
166.0000000000 0.3557617188 0.0000000000 46.1800000000
167.0000000000 0.3558105469 0.0000000000 45.4500000000
168.0000000000 0.3558593750 0.0000000000 45.5200000000
169.0000000000 0.3559082031 0.0000000000 45.1900000000
170.0000000000 0.3559570313 0.0100000000 45.8000000000
171.0000000000 0.3560058594 0.0100000000 45.5800000000
172.0000000000 0.3560546875 0.0000000000 44.6100000000
