0.000000e+00 0.000000e+00 0.000000e+00 0.000000e+00
1.250000e-01 -1.666364e-29 -6.403325e-12 1.095117e-12
2.500000e-01 -1.509235e-26 -4.999112e-12 1.208866e-12
3.750000e-01 -6.777280e-32 -3.357017e-12 1.270864e-12
5.000000e-01 -2.503358e-30 -1.660544e-12 1.300998e-12
6.250000e-01 -2.732091e-30 1.226476e-29 1.297846e-12
7.500000e-01 1.018710e-29 1.660544e-12 1.300998e-12
8.750000e-01 1.988793e-28 3.357017e-12 1.270864e-12
1.000000e+00 1.234317e-26 4.999112e-12 1.208866e-12
1.125000e+00 -8.808024e-26 6.403325e-12 1.095117e-12
