-3.900000e+00 1.017468e-36 7.227225e-18 7.427850e-19
-3.800000e+00 9.573790e-36 1.831058e-17 2.519969e-18
-3.700000e+00 2.275088e-35 4.329259e-17 7.634771e-18
-3.600000e+00 -2.055335e-35 9.600347e-17 2.104000e-17
-3.500000e+00 -1.895045e-34 2.005220e-16 5.341907e-17
-3.400000e+00 -9.800459e-33 3.959222e-16 1.261360e-16
-3.300000e+00 -3.412632e-34 7.412875e-16 2.790077e-16
-3.200000e+00 1.547060e-33 1.319716e-15 5.814772e-16
-3.100000e+00 -1.158227e-34 2.239403e-15 1.147146e-15
-3.000000e+00 -3.243035e-33 3.629717e-15 2.150767e-15
-2.900000e+00 4.301985e-33 5.630316e-15 3.845239e-15
-2.800000e+00 -5.956594e-33 8.372572e-15 6.574870e-15
-2.700000e+00 -2.647375e-33 1.195429e-14 1.077991e-14
-2.600000e+00 2.382638e-32 1.641110e-14 1.698718e-14
-2.500000e+00 2.223795e-32 2.168955e-14 2.578247e-14
-2.400000e+00 -1.482530e-32 2.762934e-14 3.776345e-14
-2.300000e+00 1.906110e-32 3.395986e-14 5.347472e-14
-2.200000e+00 2.965060e-32 4.031602e-14 7.333217e-14
-2.100000e+00 -3.812220e-32 4.627308e-14 9.754687e-14
-2.000000e+00 -2.965060e-32 5.139639e-14 1.260610e-13
-1.900000e+00 -5.082960e-32 5.529645e-14 1.585103e-13
-1.800000e+00 2.117477e-29 5.768022e-14 1.942169e-13
-1.700000e+00 1.101308e-31 5.838564e-14 2.322214e-13
-1.600000e+00 1.186024e-31 5.739403e-14 2.713476e-13
-1.500000e+00 1.222452e-29 5.481811e-14 3.102908e-13
-1.400000e+00 1.186024e-31 5.087075e-14 3.477159e-13
-1.300000e+00 -4.405232e-31 4.582383e-14 3.823537e-13
-1.200000e+00 -2.880344e-31 3.996906e-14 4.130839e-13
-1.100000e+00 -1.694320e-32 3.359040e-14 4.390001e-13
-1.000000e+00 -8.471600e-32 2.695322e-14 4.594582e-13
-9.000000e-01 -6.777280e-32 2.030869e-14 4.741098e-13
-8.000000e-01 -6.777280e-32 1.390655e-14 4.829270e-13
-7.000000e-01 2.710912e-31 8.005945e-15 4.862162e-13
-6.000000e-01 6.777280e-32 2.874744e-15 4.846201e-13
-5.000000e-01 -2.202616e-31 -1.228202e-15 4.790971e-13
-4.000000e-01 0.000000e+00 -4.087176e-15 4.708717e-13
-3.000000e-01 -1.491002e-30 -5.572898e-15 4.613468e-13
-2.000000e-01 1.186024e-31 -5.683257e-15 4.519814e-13
-1.000000e-01 8.471600e-32 -4.568666e-15 4.441416e-13
2.414735e-15 -1.694320e-31 -2.532097e-15 4.389460e-13
1.000000e-01 2.033184e-31 -4.066368e-31 4.371289e-13
2.000000e-01 2.372048e-31 2.532097e-15 4.389460e-13
3.000000e-01 2.033184e-31 4.568666e-15 4.441416e-13
4.000000e-01 1.596219e-28 5.683257e-15 4.519814e-13
5.000000e-01 -8.539373e-30 5.572898e-15 4.613468e-13
6.000000e-01 -5.608199e-30 4.087176e-15 4.708717e-13
7.000000e-01 -4.405232e-31 1.228202e-15 4.790971e-13
8.000000e-01 1.694320e-32 -2.874744e-15 4.846201e-13
9.000000e-01 1.016592e-31 -8.005945e-15 4.862162e-13
1.000000e+00 6.777280e-32 -1.390655e-14 4.829270e-13
1.100000e+00 0.000000e+00 -2.030869e-14 4.741098e-13
1.200000e+00 -2.033184e-31 -2.695322e-14 4.594582e-13
1.300000e+00 6.777280e-32 -3.359040e-14 4.390001e-13
1.400000e+00 -1.723124e-29 -3.996906e-14 4.130839e-13
1.500000e+00 -3.388640e-32 -4.582383e-14 3.823537e-13
1.600000e+00 -2.131455e-29 -5.087075e-14 3.477159e-13
1.700000e+00 1.186024e-31 -5.481811e-14 3.102908e-13
1.800000e+00 -1.694320e-32 -5.739403e-14 2.713476e-13
1.900000e+00 -8.471600e-32 -5.838564e-14 2.322214e-13
2.000000e+00 4.235800e-32 -5.768022e-14 1.942169e-13
2.100000e+00 -5.930120e-32 -5.529645e-14 1.585103e-13
2.200000e+00 -1.270740e-32 -5.139639e-14 1.260610e-13
2.300000e+00 4.024010e-32 -4.627308e-14 9.754687e-14
2.400000e+00 -2.117900e-33 -4.031602e-14 7.333217e-14
2.500000e+00 4.659380e-32 -3.395986e-14 5.347472e-14
2.600000e+00 2.806218e-32 -2.762934e-14 3.776345e-14
2.700000e+00 -4.901721e-29 -2.168955e-14 2.578247e-14
2.800000e+00 1.641373e-32 -1.641110e-14 1.698718e-14
2.900000e+00 -2.626196e-31 -1.195429e-14 1.077991e-14
3.000000e+00 4.791749e-32 -8.372572e-15 6.574870e-15
3.100000e+00 1.800215e-32 -5.630316e-15 3.845239e-15
3.200000e+00 -9.927657e-34 -3.629717e-15 2.150767e-15
3.300000e+00 -3.540864e-33 -2.239403e-15 1.147146e-15
3.400000e+00 8.107586e-34 -1.319716e-15 5.814772e-16
3.500000e+00 -1.331961e-32 -7.412875e-16 2.790077e-16
3.600000e+00 -9.100352e-35 -3.959222e-16 1.261360e-16
3.700000e+00 -3.433315e-34 -2.005220e-16 5.341907e-17
3.800000e+00 3.102393e-36 -9.600347e-17 2.104000e-17
3.900000e+00 -2.197528e-35 -4.329259e-17 7.634771e-18
4.000000e+00 -4.136524e-36 -1.831058e-17 2.519969e-18
