-2.500000e+00 -2.500000e+00 0.000000e+00 5.454787e-21 1.338501e-20 0.000000e+00
-2.500000e+00 -2.250000e+00 0.000000e+00 5.613803e-20 1.161051e-19 0.000000e+00
-2.500000e+00 -2.000000e+00 0.000000e+00 4.099737e-19 7.097979e-19 0.000000e+00
-2.500000e+00 -1.750000e+00 0.000000e+00 2.147862e-18 3.103445e-18 0.000000e+00
-2.500000e+00 -1.500000e+00 0.000000e+00 8.372032e-18 1.005484e-17 0.000000e+00
-2.500000e+00 -1.250000e+00 0.000000e+00 2.508990e-17 2.488813e-17 0.000000e+00
-2.500000e+00 -1.000000e+00 0.000000e+00 5.931731e-17 4.812793e-17 0.000000e+00
-2.500000e+00 -7.500000e-01 0.000000e+00 1.127704e-16 7.374493e-17 0.000000e+00
-2.500000e+00 -5.000000e-01 0.000000e+00 1.747433e-16 9.006031e-17 0.000000e+00
-2.500000e+00 -2.500000e-01 0.000000e+00 2.226184e-16 8.733437e-17 0.000000e+00
-2.500000e+00 0.000000e+00 0.000000e+00 2.342360e-16 6.607087e-17 0.000000e+00
-2.500000e+00 2.500000e-01 0.000000e+00 2.037703e-16 3.722980e-17 0.000000e+00
-2.500000e+00 5.000000e-01 0.000000e+00 1.462949e-16 1.358648e-17 0.000000e+00
-2.500000e+00 7.500000e-01 0.000000e+00 8.634408e-17 1.042852e-18 0.000000e+00
-2.500000e+00 1.000000e+00 0.000000e+00 4.171545e-17 -2.452715e-18 0.000000e+00
-2.500000e+00 1.250000e+00 0.000000e+00 1.647939e-17 -1.926503e-18 0.000000e+00
-2.500000e+00 1.500000e+00 0.000000e+00 5.367976e-18 -8.474801e-19 0.000000e+00
-2.500000e+00 1.750000e+00 0.000000e+00 1.477547e-18 -2.665934e-19 0.000000e+00
-2.500000e+00 2.000000e+00 0.000000e+00 3.555971e-19 -6.970966e-20 0.000000e+00
-2.500000e+00 2.250000e+00 0.000000e+00 7.568824e-20 -1.726159e-20 0.000000e+00
-2.500000e+00 2.500000e+00 0.000000e+00 1.379585e-20 -3.972661e-21 0.000000e+00
-2.250000e+00 -2.500000e+00 0.000000e+00 2.757026e-20 8.371169e-20 0.000000e+00
-2.250000e+00 -2.250000e+00 0.000000e+00 2.735086e-19 6.827998e-19 0.000000e+00
-2.250000e+00 -2.000000e+00 0.000000e+00 1.884665e-18 3.871868e-18 0.000000e+00
-2.250000e+00 -1.750000e+00 0.000000e+00 9.404426e-18 1.589556e-17 0.000000e+00
-2.250000e+00 -1.500000e+00 0.000000e+00 3.541126e-17 4.908111e-17 0.000000e+00
-2.250000e+00 -1.250000e+00 0.000000e+00 1.038995e-16 1.173104e-16 0.000000e+00
-2.250000e+00 -1.000000e+00 0.000000e+00 2.433405e-16 2.214003e-16 0.000000e+00
-2.250000e+00 -7.500000e-01 0.000000e+00 4.630204e-16 3.338044e-16 0.000000e+00
-2.250000e+00 -5.000000e-01 0.000000e+00 7.246489e-16 4.033236e-16 0.000000e+00
-2.250000e+00 -2.500000e-01 0.000000e+00 9.402938e-16 3.877267e-16 0.000000e+00
-2.250000e+00 0.000000e+00 0.000000e+00 1.016101e-15 2.894636e-16 0.000000e+00
-2.250000e+00 2.500000e-01 0.000000e+00 9.159038e-16 1.572930e-16 0.000000e+00
-2.250000e+00 5.000000e-01 0.000000e+00 6.883541e-16 4.915629e-17 0.000000e+00
-2.250000e+00 7.500000e-01 0.000000e+00 4.307358e-16 -7.091279e-18 0.000000e+00
-2.250000e+00 1.000000e+00 0.000000e+00 2.242999e-16 -2.036093e-17 0.000000e+00
-2.250000e+00 1.250000e+00 0.000000e+00 9.754217e-17 -1.453331e-17 0.000000e+00
-2.250000e+00 1.500000e+00 0.000000e+00 3.582123e-17 -6.771310e-18 0.000000e+00
-2.250000e+00 1.750000e+00 0.000000e+00 1.131460e-17 -2.425259e-18 0.000000e+00
-2.250000e+00 2.000000e+00 0.000000e+00 3.113963e-18 -7.431125e-19 0.000000e+00
-2.250000e+00 2.250000e+00 0.000000e+00 7.357605e-19 -2.054146e-19 0.000000e+00
-2.250000e+00 2.500000e+00 0.000000e+00 1.420490e-19 -4.863665e-20 0.000000e+00
-2.000000e+00 -2.500000e+00 0.000000e+00 1.118653e-19 4.129548e-19 0.000000e+00
-2.000000e+00 -2.250000e+00 0.000000e+00 1.027719e-18 3.081889e-18 0.000000e+00
-2.000000e+00 -2.000000e+00 0.000000e+00 6.581118e-18 1.612987e-17 0.000000e+00
-2.000000e+00 -1.750000e+00 0.000000e+00 3.104247e-17 6.213160e-17 0.000000e+00
-2.000000e+00 -1.500000e+00 0.000000e+00 1.123956e-16 1.827474e-16 0.000000e+00
-2.000000e+00 -1.250000e+00 0.000000e+00 3.218532e-16 4.213058e-16 0.000000e+00
-2.000000e+00 -1.000000e+00 0.000000e+00 7.449602e-16 7.744819e-16 0.000000e+00
-2.000000e+00 -7.500000e-01 0.000000e+00 1.415682e-15 1.145451e-15 0.000000e+00
-2.000000e+00 -5.000000e-01 0.000000e+00 2.232835e-15 1.363260e-15 0.000000e+00
-2.000000e+00 -2.500000e-01 0.000000e+00 2.943509e-15 1.290837e-15 0.000000e+00
-2.000000e+00 0.000000e+00 0.000000e+00 3.256801e-15 9.410221e-16 0.000000e+00
-2.000000e+00 2.500000e-01 0.000000e+00 3.030602e-15 4.812145e-16 0.000000e+00
-2.000000e+00 5.000000e-01 0.000000e+00 2.373855e-15 1.098683e-16 0.000000e+00
-2.000000e+00 7.500000e-01 0.000000e+00 1.566562e-15 -7.678873e-17 0.000000e+00
-2.000000e+00 1.000000e+00 0.000000e+00 8.733093e-16 -1.102620e-16 0.000000e+00
-2.000000e+00 1.250000e+00 0.000000e+00 4.139929e-16 -7.626763e-17 0.000000e+00
-2.000000e+00 1.500000e+00 0.000000e+00 1.687983e-16 -3.785488e-17 0.000000e+00
-2.000000e+00 1.750000e+00 0.000000e+00 5.988450e-17 -1.523468e-17 0.000000e+00
-2.000000e+00 2.000000e+00 0.000000e+00 1.847016e-17 -5.340508e-18 0.000000e+00
-2.000000e+00 2.250000e+00 0.000000e+00 4.826155e-18 -1.644160e-18 0.000000e+00
-2.000000e+00 2.500000e+00 0.000000e+00 1.015886e-18 -4.174686e-19 0.000000e+00
-1.750000e+00 -2.500000e+00 0.000000e+00 4.115839e-19 1.705882e-18 0.000000e+00
-1.750000e+00 -2.250000e+00 0.000000e+00 3.319545e-18 1.140178e-17 0.000000e+00
-1.750000e+00 -2.000000e+00 0.000000e+00 1.910426e-17 5.447648e-17 0.000000e+00
-1.750000e+00 -1.750000e+00 0.000000e+00 8.309234e-17 1.953039e-16 0.000000e+00
-1.750000e+00 -1.500000e+00 0.000000e+00 2.838783e-16 5.435138e-16 0.000000e+00
-1.750000e+00 -1.250000e+00 0.000000e+00 7.823563e-16 1.201483e-15 0.000000e+00
-1.750000e+00 -1.000000e+00 0.000000e+00 1.771886e-15 2.139895e-15 0.000000e+00
-1.750000e+00 -7.500000e-01 0.000000e+00 3.340075e-15 3.088909e-15 0.000000e+00
-1.750000e+00 -5.000000e-01 0.000000e+00 5.284843e-15 3.602104e-15 0.000000e+00
-1.750000e+00 -2.500000e-01 0.000000e+00 7.056472e-15 3.337964e-15 0.000000e+00
-1.750000e+00 0.000000e+00 0.000000e+00 7.977114e-15 2.351584e-15 0.000000e+00
-1.750000e+00 2.500000e-01 0.000000e+00 7.651021e-15 1.097484e-15 0.000000e+00
-1.750000e+00 5.000000e-01 0.000000e+00 6.237682e-15 1.044169e-16 0.000000e+00
-1.750000e+00 7.500000e-01 0.000000e+00 4.334693e-15 -3.743554e-16 0.000000e+00
-1.750000e+00 1.000000e+00 0.000000e+00 2.580252e-15 -4.290326e-16 0.000000e+00
-1.750000e+00 1.250000e+00 0.000000e+00 1.325878e-15 -2.977823e-16 0.000000e+00
-1.750000e+00 1.500000e+00 0.000000e+00 5.933664e-16 -1.584961e-16 0.000000e+00
-1.750000e+00 1.750000e+00 0.000000e+00 2.321053e-16 -7.089085e-17 0.000000e+00
-1.750000e+00 2.000000e+00 0.000000e+00 7.849730e-17 -2.769937e-17 0.000000e+00
-1.750000e+00 2.250000e+00 0.000000e+00 2.226354e-17 -9.280507e-18 0.000000e+00
-1.750000e+00 2.500000e+00 0.000000e+00 5.054602e-18 -2.507547e-18 0.000000e+00
-1.500000e+00 -2.500000e+00 0.000000e+00 1.399092e-18 6.166221e-18 0.000000e+00
-1.500000e+00 -2.250000e+00 0.000000e+00 9.712410e-18 3.635176e-17 0.000000e+00
-1.500000e+00 -2.000000e+00 0.000000e+00 4.920840e-17 1.566477e-16 0.000000e+00
-1.500000e+00 -1.750000e+00 0.000000e+00 1.925633e-16 5.165981e-16 0.000000e+00
-1.500000e+00 -1.500000e+00 0.000000e+00 6.051017e-16 1.345186e-15 0.000000e+00
-1.500000e+00 -1.250000e+00 0.000000e+00 1.568178e-15 2.822918e-15 0.000000e+00
-1.500000e+00 -1.000000e+00 0.000000e+00 3.410846e-15 4.829114e-15 0.000000e+00
-1.500000e+00 -7.500000e-01 0.000000e+00 6.292019e-15 6.753309e-15 0.000000e+00
-1.500000e+00 -5.000000e-01 0.000000e+00 9.899904e-15 7.666125e-15 0.000000e+00
-1.500000e+00 -2.500000e-01 0.000000e+00 1.332186e-14 6.905882e-15 0.000000e+00
-1.500000e+00 0.000000e+00 0.000000e+00 1.535281e-14 4.652219e-15 0.000000e+00
-1.500000e+00 2.500000e-01 0.000000e+00 1.517212e-14 1.898881e-15 0.000000e+00
-1.500000e+00 5.000000e-01 0.000000e+00 1.288397e-14 -2.343315e-16 0.000000e+00
-1.500000e+00 7.500000e-01 0.000000e+00 9.436515e-15 -1.224091e-15 0.000000e+00
-1.500000e+00 1.000000e+00 0.000000e+00 5.994741e-15 -1.275973e-15 0.000000e+00
-1.500000e+00 1.250000e+00 0.000000e+00 3.324693e-15 -9.100545e-16 0.000000e+00
-1.500000e+00 1.500000e+00 0.000000e+00 1.616144e-15 -5.217944e-16 0.000000e+00
-1.500000e+00 1.750000e+00 0.000000e+00 6.856367e-16 -2.560956e-16 0.000000e+00
-1.500000e+00 2.000000e+00 0.000000e+00 2.494295e-16 -1.087931e-16 0.000000e+00
-1.500000e+00 2.250000e+00 0.000000e+00 7.540126e-17 -3.875339e-17 0.000000e+00
-1.500000e+00 2.500000e+00 0.000000e+00 1.816487e-17 -1.096347e-17 0.000000e+00
-1.250000e+00 -2.500000e+00 0.000000e+00 3.903733e-18 1.942964e-17 0.000000e+00
-1.250000e+00 -2.250000e+00 0.000000e+00 2.428955e-17 1.013521e-16 0.000000e+00
-1.250000e+00 -2.000000e+00 0.000000e+00 1.109328e-16 3.931830e-16 0.000000e+00
-1.250000e+00 -1.750000e+00 0.000000e+00 3.930073e-16 1.184916e-15 0.000000e+00
-1.250000e+00 -1.500000e+00 0.000000e+00 1.126426e-15 2.859418e-15 0.000000e+00
-1.250000e+00 -1.250000e+00 0.000000e+00 2.697142e-15 5.635600e-15 0.000000e+00
-1.250000e+00 -1.000000e+00 0.000000e+00 5.518844e-15 9.164298e-15 0.000000e+00
-1.250000e+00 -7.500000e-01 0.000000e+00 9.780889e-15 1.230327e-14 0.000000e+00
-1.250000e+00 -5.000000e-01 0.000000e+00 1.509919e-14 1.349092e-14 0.000000e+00
-1.250000e+00 -2.500000e-01 0.000000e+00 2.031632e-14 1.173081e-14 0.000000e+00
-1.250000e+00 0.000000e+00 0.000000e+00 2.379337e-14 7.474028e-15 0.000000e+00
-1.250000e+00 2.500000e-01 0.000000e+00 2.423033e-14 2.493198e-15 0.000000e+00
-1.250000e+00 5.000000e-01 0.000000e+00 2.147293e-14 -1.295523e-15 0.000000e+00
-1.250000e+00 7.500000e-01 0.000000e+00 1.660685e-14 -3.020273e-15 0.000000e+00
-1.250000e+00 1.000000e+00 0.000000e+00 1.125411e-14 -3.044969e-15 0.000000e+00
-1.250000e+00 1.250000e+00 0.000000e+00 6.702110e-15 -2.268675e-15 0.000000e+00
-1.250000e+00 1.500000e+00 0.000000e+00 3.500266e-15 -1.399911e-15 0.000000e+00
-1.250000e+00 1.750000e+00 0.000000e+00 1.586053e-15 -7.415270e-16 0.000000e+00
-1.250000e+00 2.000000e+00 0.000000e+00 6.104896e-16 -3.345278e-16 0.000000e+00
-1.250000e+00 2.250000e+00 0.000000e+00 1.936334e-16 -1.241214e-16 0.000000e+00
-1.250000e+00 2.500000e+00 0.000000e+00 4.875335e-17 -3.618331e-17 0.000000e+00
-1.000000e+00 -2.500000e+00 0.000000e+00 7.698397e-18 5.178954e-17 0.000000e+00
-1.000000e+00 -2.250000e+00 0.000000e+00 4.610463e-17 2.435143e-16 0.000000e+00
-1.000000e+00 -2.000000e+00 0.000000e+00 2.005748e-16 8.601191e-16 0.000000e+00
-1.000000e+00 -1.750000e+00 0.000000e+00 6.696568e-16 2.378594e-15 0.000000e+00
-1.000000e+00 -1.500000e+00 0.000000e+00 1.792758e-15 5.308821e-15 0.000000e+00
-1.000000e+00 -1.250000e+00 0.000000e+00 3.994326e-15 9.763782e-15 0.000000e+00
-1.000000e+00 -1.000000e+00 0.000000e+00 7.640095e-15 1.496198e-14 0.000000e+00
-1.000000e+00 -7.500000e-01 0.000000e+00 1.283565e-14 1.911018e-14 0.000000e+00
-1.000000e+00 -5.000000e-01 0.000000e+00 1.918088e-14 2.007755e-14 0.000000e+00
-1.000000e+00 -2.500000e-01 0.000000e+00 2.556875e-14 1.672522e-14 0.000000e+00
-1.000000e+00 0.000000e+00 0.000000e+00 3.031112e-14 9.947746e-15 0.000000e+00
-1.000000e+00 2.500000e-01 0.000000e+00 3.181335e-14 2.352406e-15 0.000000e+00
-1.000000e+00 5.000000e-01 0.000000e+00 2.947860e-14 -3.375512e-15 0.000000e+00
-1.000000e+00 7.500000e-01 0.000000e+00 2.410046e-14 -6.027993e-15 0.000000e+00
-1.000000e+00 1.000000e+00 0.000000e+00 1.738449e-14 -6.082198e-15 0.000000e+00
-1.000000e+00 1.250000e+00 0.000000e+00 1.103843e-14 -4.768824e-15 0.000000e+00
-1.000000e+00 1.500000e+00 0.000000e+00 6.122383e-15 -3.138354e-15 0.000000e+00
-1.000000e+00 1.750000e+00 0.000000e+00 2.922139e-15 -1.758463e-15 0.000000e+00
-1.000000e+00 2.000000e+00 0.000000e+00 1.173710e-15 -8.244904e-16 0.000000e+00
-1.000000e+00 2.250000e+00 0.000000e+00 3.855806e-16 -3.131388e-16 0.000000e+00
-1.000000e+00 2.500000e+00 0.000000e+00 1.001624e-16 -9.273494e-17 0.000000e+00
-7.500000e-01 -2.500000e+00 0.000000e+00 8.047473e-18 1.138983e-16 0.000000e+00
-7.500000e-01 -2.250000e+00 0.000000e+00 5.448161e-17 4.934949e-16 0.000000e+00
-7.500000e-01 -2.000000e+00 0.000000e+00 2.495870e-16 1.615116e-15 0.000000e+00
-7.500000e-01 -1.750000e+00 0.000000e+00 8.440929e-16 4.149730e-15 0.000000e+00
-7.500000e-01 -1.500000e+00 0.000000e+00 2.228715e-15 8.623163e-15 0.000000e+00
-7.500000e-01 -1.250000e+00 0.000000e+00 4.801252e-15 1.481347e-14 0.000000e+00
-7.500000e-01 -1.000000e+00 0.000000e+00 8.773790e-15 2.131407e-14 0.000000e+00
-7.500000e-01 -7.500000e-01 0.000000e+00 1.407301e-14 2.573566e-14 0.000000e+00
-7.500000e-01 -5.000000e-01 0.000000e+00 2.032330e-14 2.571527e-14 0.000000e+00
-7.500000e-01 -2.500000e-01 0.000000e+00 2.674713e-14 2.034421e-14 0.000000e+00
-7.500000e-01 0.000000e+00 0.000000e+00 3.205499e-14 1.105460e-14 0.000000e+00
-7.500000e-01 2.500000e-01 0.000000e+00 3.471038e-14 1.044271e-15 0.000000e+00
-7.500000e-01 5.000000e-01 0.000000e+00 3.367284e-14 -6.552274e-15 0.000000e+00
-7.500000e-01 7.500000e-01 0.000000e+00 2.907511e-14 -1.027830e-14 0.000000e+00
-7.500000e-01 1.000000e+00 0.000000e+00 2.221825e-14 -1.053559e-14 0.000000e+00
-7.500000e-01 1.250000e+00 0.000000e+00 1.491214e-14 -8.652208e-15 0.000000e+00
-7.500000e-01 1.500000e+00 0.000000e+00 8.686695e-15 -5.970077e-15 0.000000e+00
-7.500000e-01 1.750000e+00 0.000000e+00 4.317297e-15 -3.463409e-15 0.000000e+00
-7.500000e-01 2.000000e+00 0.000000e+00 1.790485e-15 -1.656196e-15 0.000000e+00
-7.500000e-01 2.250000e+00 0.000000e+00 6.032672e-16 -6.345455e-16 0.000000e+00
-7.500000e-01 2.500000e+00 0.000000e+00 1.600419e-16 -1.885520e-16 0.000000e+00
-5.000000e-01 -2.500000e+00 0.000000e+00 -5.663484e-18 2.044674e-16 0.000000e+00
-5.000000e-01 -2.250000e+00 0.000000e+00 4.524592e-18 8.317012e-16 0.000000e+00
-5.000000e-01 -2.000000e+00 0.000000e+00 1.124455e-16 2.565105e-15 0.000000e+00
-5.000000e-01 -1.750000e+00 0.000000e+00 5.463919e-16 6.214298e-15 0.000000e+00
-5.000000e-01 -1.500000e+00 0.000000e+00 1.684986e-15 1.216413e-14 0.000000e+00
-5.000000e-01 -1.250000e+00 0.000000e+00 3.896311e-15 1.966462e-14 0.000000e+00
-5.000000e-01 -1.000000e+00 0.000000e+00 7.305751e-15 2.663882e-14 0.000000e+00
-5.000000e-01 -7.500000e-01 0.000000e+00 1.174608e-14 3.035563e-14 0.000000e+00
-5.000000e-01 -5.000000e-01 0.000000e+00 1.691787e-14 2.868455e-14 0.000000e+00
-5.000000e-01 -2.500000e-01 0.000000e+00 2.242701e-14 2.128602e-14 0.000000e+00
-5.000000e-01 0.000000e+00 0.000000e+00 2.753185e-14 1.004543e-14 0.000000e+00
-5.000000e-01 2.500000e-01 0.000000e+00 3.101050e-14 -1.700026e-15 0.000000e+00
-5.000000e-01 5.000000e-01 0.000000e+00 3.160083e-14 -1.079873e-14 0.000000e+00
-5.000000e-01 7.500000e-01 0.000000e+00 2.877626e-14 -1.561459e-14 0.000000e+00
-5.000000e-01 1.000000e+00 0.000000e+00 2.317087e-14 -1.620678e-14 0.000000e+00
-5.000000e-01 1.250000e+00 0.000000e+00 1.631305e-14 -1.371275e-14 0.000000e+00
-5.000000e-01 1.500000e+00 0.000000e+00 9.900129e-15 -9.707145e-15 0.000000e+00
-5.000000e-01 1.750000e+00 0.000000e+00 5.086624e-15 -5.713308e-15 0.000000e+00
-5.000000e-01 2.000000e+00 0.000000e+00 2.164737e-15 -2.742696e-15 0.000000e+00
-5.000000e-01 2.250000e+00 0.000000e+00 7.436991e-16 -1.047283e-15 0.000000e+00
-5.000000e-01 2.500000e+00 0.000000e+00 2.001462e-16 -3.089016e-16 0.000000e+00
-2.500000e-01 -2.500000e+00 0.000000e+00 -4.261769e-17 2.992771e-16 0.000000e+00
-2.500000e-01 -2.250000e+00 0.000000e+00 -1.411528e-16 1.159163e-15 0.000000e+00
-2.500000e-01 -2.000000e+00 0.000000e+00 -3.306072e-16 3.415381e-15 0.000000e+00
-2.500000e-01 -1.750000e+00 0.000000e+00 -5.291333e-16 7.907449e-15 0.000000e+00
-2.500000e-01 -1.500000e+00 0.000000e+00 -4.637240e-16 1.476840e-14 0.000000e+00
-2.500000e-01 -1.250000e+00 0.000000e+00 2.563935e-16 2.272086e-14 0.000000e+00
-2.500000e-01 -1.000000e+00 0.000000e+00 1.916676e-15 2.921905e-14 0.000000e+00
-2.500000e-01 -7.500000e-01 0.000000e+00 4.566485e-15 3.154154e-14 0.000000e+00
-2.500000e-01 -5.000000e-01 0.000000e+00 8.112986e-15 2.809066e-14 0.000000e+00
-2.500000e-01 -2.500000e-01 0.000000e+00 1.238601e-14 1.913685e-14 0.000000e+00
-2.500000e-01 0.000000e+00 0.000000e+00 1.692942e-14 6.762500e-15 0.000000e+00
-2.500000e-01 2.500000e-01 0.000000e+00 2.079190e-14 -5.927242e-15 0.000000e+00
-2.500000e-01 5.000000e-01 0.000000e+00 2.277374e-14 -1.599405e-14 0.000000e+00
-2.500000e-01 7.500000e-01 0.000000e+00 2.206748e-14 -2.160522e-14 0.000000e+00
-2.500000e-01 1.000000e+00 0.000000e+00 1.876531e-14 -2.232966e-14 0.000000e+00
-2.500000e-01 1.250000e+00 0.000000e+00 1.385911e-14 -1.902283e-14 0.000000e+00
-2.500000e-01 1.500000e+00 0.000000e+00 8.763784e-15 -1.351376e-14 0.000000e+00
-2.500000e-01 1.750000e+00 0.000000e+00 4.658796e-15 -7.928637e-15 0.000000e+00
-2.500000e-01 2.000000e+00 0.000000e+00 2.036791e-15 -3.771461e-15 0.000000e+00
-2.500000e-01 2.250000e+00 0.000000e+00 7.138307e-16 -1.420715e-15 0.000000e+00
-2.500000e-01 2.500000e+00 0.000000e+00 1.946259e-16 -4.120383e-16 0.000000e+00
0.000000e+00 -2.500000e+00 0.000000e+00 -9.743024e-17 3.580500e-16 0.000000e+00
0.000000e+00 -2.250000e+00 0.000000e+00 -3.597027e-16 1.334977e-15 0.000000e+00
0.000000e+00 -2.000000e+00 0.000000e+00 -1.009386e-15 3.798446e-15 0.000000e+00
0.000000e+00 -1.750000e+00 0.000000e+00 -2.218650e-15 8.500688e-15 0.000000e+00
0.000000e+00 -1.500000e+00 0.000000e+00 -3.915892e-15 1.533614e-14 0.000000e+00
0.000000e+00 -1.250000e+00 0.000000e+00 -5.661610e-15 2.275030e-14 0.000000e+00
0.000000e+00 -1.000000e+00 0.000000e+00 -6.783239e-15 2.813046e-14 0.000000e+00
0.000000e+00 -7.500000e-01 0.000000e+00 -6.671539e-15 2.904297e-14 0.000000e+00
0.000000e+00 -5.000000e-01 0.000000e+00 -5.006065e-15 2.435995e-14 0.000000e+00
0.000000e+00 -2.500000e-01 0.000000e+00 -1.865257e-15 1.463470e-14 0.000000e+00
0.000000e+00 0.000000e+00 0.000000e+00 2.205613e-15 1.854508e-15 0.000000e+00
0.000000e+00 2.500000e-01 0.000000e+00 6.262290e-15 -1.115465e-14 0.000000e+00
0.000000e+00 5.000000e-01 0.000000e+00 9.284622e-15 -2.154400e-14 0.000000e+00
0.000000e+00 7.500000e-01 0.000000e+00 1.058663e-14 -2.723309e-14 0.000000e+00
0.000000e+00 1.000000e+00 0.000000e+00 1.004150e-14 -2.745417e-14 0.000000e+00
0.000000e+00 1.250000e+00 0.000000e+00 8.072823e-15 -2.301673e-14 0.000000e+00
0.000000e+00 1.500000e+00 0.000000e+00 5.475654e-15 -1.609319e-14 0.000000e+00
0.000000e+00 1.750000e+00 0.000000e+00 3.084491e-15 -9.274200e-15 0.000000e+00
0.000000e+00 2.000000e+00 0.000000e+00 1.412314e-15 -4.323180e-15 0.000000e+00
0.000000e+00 2.250000e+00 0.000000e+00 5.123846e-16 -1.592128e-15 0.000000e+00
0.000000e+00 2.500000e+00 0.000000e+00 1.429331e-16 -4.500876e-16 0.000000e+00
2.500000e-01 -2.500000e+00 0.000000e+00 -1.466134e-16 3.508646e-16 0.000000e+00
2.500000e-01 -2.250000e+00 0.000000e+00 -5.571661e-16 1.270894e-15 0.000000e+00
2.500000e-01 -2.000000e+00 0.000000e+00 -1.634291e-15 3.524031e-15 0.000000e+00
2.500000e-01 -1.750000e+00 0.000000e+00 -3.815997e-15 7.701139e-15 0.000000e+00
2.500000e-01 -1.500000e+00 0.000000e+00 -7.281826e-15 1.358615e-14 0.000000e+00
2.500000e-01 -1.250000e+00 0.000000e+00 -1.161549e-14 1.972613e-14 0.000000e+00
2.500000e-01 -1.000000e+00 0.000000e+00 -1.578221e-14 2.385706e-14 0.000000e+00
2.500000e-01 -7.500000e-01 0.000000e+00 -1.852534e-14 2.393242e-14 0.000000e+00
2.500000e-01 -5.000000e-01 0.000000e+00 -1.894485e-14 1.895704e-14 0.000000e+00
2.500000e-01 -2.500000e-01 0.000000e+00 -1.692194e-14 9.294801e-15 0.000000e+00
2.500000e-01 0.000000e+00 0.000000e+00 -1.315952e-14 -3.333356e-15 0.000000e+00
2.500000e-01 2.500000e-01 0.000000e+00 -8.787276e-15 -1.614850e-14 0.000000e+00
2.500000e-01 5.000000e-01 0.000000e+00 -4.783141e-15 -2.609782e-14 0.000000e+00
2.500000e-01 7.500000e-01 0.000000e+00 -1.665147e-15 -3.090398e-14 0.000000e+00
2.500000e-01 1.000000e+00 0.000000e+00 3.988040e-16 -2.988026e-14 0.000000e+00
2.500000e-01 1.250000e+00 0.000000e+00 1.403777e-15 -2.419340e-14 0.000000e+00
2.500000e-01 1.500000e+00 0.000000e+00 1.516189e-15 -1.638102e-14 0.000000e+00
2.500000e-01 1.750000e+00 0.000000e+00 1.107515e-15 -9.153291e-15 0.000000e+00
2.500000e-01 2.000000e+00 0.000000e+00 5.987972e-16 -4.138343e-15 0.000000e+00
2.500000e-01 2.250000e+00 0.000000e+00 2.425766e-16 -1.476669e-15 0.000000e+00
2.500000e-01 2.500000e+00 0.000000e+00 7.268929e-17 -4.033289e-16 0.000000e+00
5.000000e-01 -2.500000e+00 0.000000e+00 -1.639378e-16 2.814527e-16 0.000000e+00
5.000000e-01 -2.250000e+00 0.000000e+00 -6.313090e-16 9.991000e-16 0.000000e+00
5.000000e-01 -2.000000e+00 0.000000e+00 -1.891361e-15 2.723600e-15 0.000000e+00
5.000000e-01 -1.750000e+00 0.000000e+00 -4.545724e-15 5.872268e-15 0.000000e+00
5.000000e-01 -1.500000e+00 0.000000e+00 -8.996925e-15 1.026751e-14 0.000000e+00
5.000000e-01 -1.250000e+00 0.000000e+00 -1.499596e-14 1.485181e-14 0.000000e+00
5.000000e-01 -1.000000e+00 0.000000e+00 -2.144714e-14 1.794990e-14 0.000000e+00
5.000000e-01 -7.500000e-01 0.000000e+00 -2.671933e-14 1.786562e-14 0.000000e+00
5.000000e-01 -5.000000e-01 0.000000e+00 -2.934715e-14 1.343490e-14 0.000000e+00
5.000000e-01 -2.500000e-01 0.000000e+00 -2.873303e-14 4.546295e-15 0.000000e+00
5.000000e-01 0.000000e+00 0.000000e+00 -2.539829e-14 -7.357385e-15 0.000000e+00
5.000000e-01 2.500000e-01 0.000000e+00 -2.057190e-14 -1.933877e-14 0.000000e+00
5.000000e-01 5.000000e-01 0.000000e+00 -1.543015e-14 -2.803578e-14 0.000000e+00
5.000000e-01 7.500000e-01 0.000000e+00 -1.065310e-14 -3.119467e-14 0.000000e+00
5.000000e-01 1.000000e+00 0.000000e+00 -6.564898e-15 -2.862141e-14 0.000000e+00
5.000000e-01 1.250000e+00 0.000000e+00 -3.421157e-15 -2.206982e-14 0.000000e+00
5.000000e-01 1.500000e+00 0.000000e+00 -1.391250e-15 -1.427233e-14 0.000000e+00
5.000000e-01 1.750000e+00 0.000000e+00 -3.757211e-16 -7.637282e-15 0.000000e+00
5.000000e-01 2.000000e+00 0.000000e+00 -2.522913e-17 -3.312230e-15 0.000000e+00
5.000000e-01 2.250000e+00 0.000000e+00 3.191746e-17 -1.133567e-15 0.000000e+00
5.000000e-01 2.500000e+00 0.000000e+00 1.736985e-17 -2.961364e-16 0.000000e+00
7.500000e-01 -2.500000e+00 0.000000e+00 -1.416631e-16 1.839894e-16 0.000000e+00
7.500000e-01 -2.250000e+00 0.000000e+00 -5.523464e-16 6.460086e-16 0.000000e+00
7.500000e-01 -2.000000e+00 0.000000e+00 -1.684609e-15 1.747877e-15 0.000000e+00
7.500000e-01 -1.750000e+00 0.000000e+00 -4.147740e-15 3.762150e-15 0.000000e+00
7.500000e-01 -1.500000e+00 0.000000e+00 -8.469467e-15 6.624100e-15 0.000000e+00
7.500000e-01 -1.250000e+00 0.000000e+00 -1.467248e-14 9.746115e-15 0.000000e+00
7.500000e-01 -1.000000e+00 0.000000e+00 -2.196174e-14 1.205230e-14 0.000000e+00
7.500000e-01 -7.500000e-01 0.000000e+00 -2.878797e-14 1.214745e-14 0.000000e+00
7.500000e-01 -5.000000e-01 0.000000e+00 -3.336266e-14 8.675589e-15 0.000000e+00
7.500000e-01 -2.500000e-01 0.000000e+00 -3.444302e-14 1.105382e-15 0.000000e+00
7.500000e-01 0.000000e+00 0.000000e+00 -3.194145e-14 -9.344936e-15 0.000000e+00
7.500000e-01 2.500000e-01 0.000000e+00 -2.688401e-14 -1.966914e-14 0.000000e+00
7.500000e-01 5.000000e-01 0.000000e+00 -2.072758e-14 -2.646150e-14 0.000000e+00
7.500000e-01 7.500000e-01 0.000000e+00 -1.465275e-14 -2.779236e-14 0.000000e+00
7.500000e-01 1.000000e+00 0.000000e+00 -9.366031e-15 -2.408421e-14 0.000000e+00
7.500000e-01 1.250000e+00 0.000000e+00 -5.261172e-15 -1.752242e-14 0.000000e+00
7.500000e-01 1.500000e+00 0.000000e+00 -2.501822e-15 -1.069681e-14 0.000000e+00
7.500000e-01 1.750000e+00 0.000000e+00 -9.653316e-16 -5.412576e-15 0.000000e+00
7.500000e-01 2.000000e+00 0.000000e+00 -2.875468e-16 -2.223156e-15 0.000000e+00
7.500000e-01 2.250000e+00 0.000000e+00 -6.162760e-17 -7.205664e-16 0.000000e+00
7.500000e-01 2.500000e+00 0.000000e+00 -8.271949e-18 -1.777487e-16 0.000000e+00
1.000000e+00 -2.500000e+00 0.000000e+00 -9.567921e-17 9.713526e-17 0.000000e+00
1.000000e+00 -2.250000e+00 0.000000e+00 -3.798127e-16 3.408395e-16 0.000000e+00
1.000000e+00 -2.000000e+00 0.000000e+00 -1.184304e-15 9.255240e-16 0.000000e+00
1.000000e+00 -1.750000e+00 0.000000e+00 -2.999809e-15 2.017239e-15 0.000000e+00
1.000000e+00 -1.500000e+00 0.000000e+00 -6.351864e-15 3.644802e-15 0.000000e+00
1.000000e+00 -1.250000e+00 0.000000e+00 -1.150777e-14 5.577030e-15 0.000000e+00
1.000000e+00 -1.000000e+00 0.000000e+00 -1.814199e-14 7.200847e-15 0.000000e+00
1.000000e+00 -7.500000e-01 0.000000e+00 -2.514185e-14 7.428600e-15 0.000000e+00
1.000000e+00 -5.000000e-01 0.000000e+00 -3.077283e-14 4.939883e-15 0.000000e+00
1.000000e+00 -2.500000e-01 0.000000e+00 -3.332856e-14 -9.416426e-16 0.000000e+00
1.000000e+00 0.000000e+00 0.000000e+00 -3.200699e-14 -9.209577e-15 0.000000e+00
1.000000e+00 2.500000e-01 0.000000e+00 -2.736820e-14 -1.714742e-14 0.000000e+00
1.000000e+00 5.000000e-01 0.000000e+00 -2.095431e-14 -2.178446e-14 0.000000e+00
1.000000e+00 7.500000e-01 0.000000e+00 -1.441802e-14 -2.172482e-14 0.000000e+00
1.000000e+00 1.000000e+00 0.000000e+00 -8.883196e-15 -1.779336e-14 0.000000e+00
1.000000e+00 1.250000e+00 0.000000e+00 -4.829913e-15 -1.216625e-14 0.000000e+00
1.000000e+00 1.500000e+00 0.000000e+00 -2.259975e-15 -6.952556e-15 0.000000e+00
1.000000e+00 1.750000e+00 0.000000e+00 -8.808519e-16 -3.287107e-15 0.000000e+00
1.000000e+00 2.000000e+00 0.000000e+00 -2.753729e-16 -1.260498e-15 0.000000e+00
1.000000e+00 2.250000e+00 0.000000e+00 -6.608615e-17 -3.808649e-16 0.000000e+00
1.000000e+00 2.500000e+00 0.000000e+00 -1.152355e-17 -8.722364e-17 0.000000e+00
1.250000e+00 -2.500000e+00 0.000000e+00 -5.034156e-17 4.083786e-17 0.000000e+00
1.250000e+00 -2.250000e+00 0.000000e+00 -2.053800e-16 1.449058e-16 0.000000e+00
1.250000e+00 -2.000000e+00 0.000000e+00 -6.604271e-16 4.001865e-16 0.000000e+00
1.250000e+00 -1.750000e+00 0.000000e+00 -1.736872e-15 8.985758e-16 0.000000e+00
1.250000e+00 -1.500000e+00 0.000000e+00 -3.852944e-15 1.701554e-15 0.000000e+00
1.250000e+00 -1.250000e+00 0.000000e+00 -7.377595e-15 2.762048e-15 0.000000e+00
1.250000e+00 -1.000000e+00 0.000000e+00 -1.236237e-14 3.763710e-15 0.000000e+00
1.250000e+00 -7.500000e-01 0.000000e+00 -1.822004e-14 3.952310e-15 0.000000e+00
1.250000e+00 -5.000000e-01 0.000000e+00 -2.360064e-14 2.297860e-15 0.000000e+00
1.250000e+00 -2.500000e-01 0.000000e+00 -2.678799e-14 -1.764456e-15 0.000000e+00
1.250000e+00 0.000000e+00 0.000000e+00 -2.658260e-14 -7.477194e-15 0.000000e+00
1.250000e+00 2.500000e-01 0.000000e+00 -2.305669e-14 -1.277351e-14 0.000000e+00
1.250000e+00 5.000000e-01 0.000000e+00 -1.751130e-14 -1.548433e-14 0.000000e+00
1.250000e+00 7.500000e-01 0.000000e+00 -1.167262e-14 -1.476770e-14 0.000000e+00
1.250000e+00 1.000000e+00 0.000000e+00 -6.828728e-15 -1.149340e-14 0.000000e+00
1.250000e+00 1.250000e+00 0.000000e+00 -3.485572e-15 -7.402015e-15 0.000000e+00
1.250000e+00 1.500000e+00 0.000000e+00 -1.529905e-15 -3.949853e-15 0.000000e+00
1.250000e+00 1.750000e+00 0.000000e+00 -5.637699e-16 -1.731089e-15 0.000000e+00
1.250000e+00 2.000000e+00 0.000000e+00 -1.687968e-16 -6.116956e-16 0.000000e+00
1.250000e+00 2.250000e+00 0.000000e+00 -3.940122e-17 -1.693456e-16 0.000000e+00
1.250000e+00 2.500000e+00 0.000000e+00 -6.803875e-18 -3.526274e-17 0.000000e+00
1.500000e+00 -2.500000e+00 0.000000e+00 -2.035921e-17 1.340717e-17 0.000000e+00
1.500000e+00 -2.250000e+00 0.000000e+00 -8.641453e-17 4.875944e-17 0.000000e+00
1.500000e+00 -2.000000e+00 0.000000e+00 -2.900053e-16 1.391467e-16 0.000000e+00
1.500000e+00 -1.750000e+00 0.000000e+00 -8.020332e-16 3.284487e-16 0.000000e+00
1.500000e+00 -1.500000e+00 0.000000e+00 -1.888921e-15 6.658693e-16 0.000000e+00
1.500000e+00 -1.250000e+00 0.000000e+00 -3.868964e-15 1.162457e-15 0.000000e+00
1.500000e+00 -1.000000e+00 0.000000e+00 -6.949057e-15 1.669750e-15 0.000000e+00
1.500000e+00 -7.500000e-01 0.000000e+00 -1.093230e-14 1.745229e-15 0.000000e+00
1.500000e+00 -5.000000e-01 0.000000e+00 -1.498408e-14 7.490679e-16 0.000000e+00
1.500000e+00 -2.500000e-01 0.000000e+00 -1.779369e-14 -1.670226e-15 0.000000e+00
1.500000e+00 0.000000e+00 0.000000e+00 -1.823458e-14 -5.025980e-15 0.000000e+00
1.500000e+00 2.500000e-01 0.000000e+00 -1.609161e-14 -8.023584e-15 0.000000e+00
1.500000e+00 5.000000e-01 0.000000e+00 -1.221852e-14 -9.355039e-15 0.000000e+00
1.500000e+00 7.500000e-01 0.000000e+00 -7.978904e-15 -8.600431e-15 0.000000e+00
1.500000e+00 1.000000e+00 0.000000e+00 -4.474135e-15 -6.414473e-15 0.000000e+00
1.500000e+00 1.250000e+00 0.000000e+00 -2.144722e-15 -3.920949e-15 0.000000e+00
1.500000e+00 1.500000e+00 0.000000e+00 -8.704007e-16 -1.963168e-15 0.000000e+00
1.500000e+00 1.750000e+00 0.000000e+00 -2.939768e-16 -7.975094e-16 0.000000e+00
1.500000e+00 2.000000e+00 0.000000e+00 -8.047287e-17 -2.580299e-16 0.000000e+00
1.500000e+00 2.250000e+00 0.000000e+00 -1.718899e-17 -6.459177e-17 0.000000e+00
1.500000e+00 2.500000e+00 0.000000e+00 -2.715896e-18 -1.198819e-17 0.000000e+00
1.750000e+00 -2.500000e+00 0.000000e+00 -6.190159e-18 3.348443e-18 0.000000e+00
1.750000e+00 -2.250000e+00 0.000000e+00 -2.773648e-17 1.267181e-17 0.000000e+00
1.750000e+00 -2.000000e+00 0.000000e+00 -9.858497e-17 3.807481e-17 0.000000e+00
1.750000e+00 -1.750000e+00 0.000000e+00 -2.912189e-16 9.665918e-17 0.000000e+00
1.750000e+00 -1.500000e+00 0.000000e+00 -7.393498e-16 2.138938e-16 0.000000e+00
1.750000e+00 -1.250000e+00 0.000000e+00 -1.639331e-15 4.039444e-16 0.000000e+00
1.750000e+00 -1.000000e+00 0.000000e+00 -3.176659e-15 6.048592e-16 0.000000e+00
1.750000e+00 -7.500000e-01 0.000000e+00 -5.342136e-15 6.043900e-16 0.000000e+00
1.750000e+00 -5.000000e-01 0.000000e+00 -7.735496e-15 8.686828e-17 0.000000e+00
1.750000e+00 -2.500000e-01 0.000000e+00 -9.589787e-15 -1.117719e-15 0.000000e+00
1.750000e+00 0.000000e+00 0.000000e+00 -1.014304e-14 -2.754080e-15 0.000000e+00
1.750000e+00 2.500000e-01 0.000000e+00 -9.133198e-15 -4.164486e-15 0.000000e+00
1.750000e+00 5.000000e-01 0.000000e+00 -6.987879e-15 -4.704340e-15 0.000000e+00
1.750000e+00 7.500000e-01 0.000000e+00 -4.531082e-15 -4.201450e-15 0.000000e+00
1.750000e+00 1.000000e+00 0.000000e+00 -2.479387e-15 -3.030548e-15 0.000000e+00
1.750000e+00 1.250000e+00 0.000000e+00 -1.136941e-15 -1.776235e-15 0.000000e+00
1.750000e+00 1.500000e+00 0.000000e+00 -4.321073e-16 -8.428791e-16 0.000000e+00
1.750000e+00 1.750000e+00 0.000000e+00 -1.338604e-16 -3.199726e-16 0.000000e+00
1.750000e+00 2.000000e+00 0.000000e+00 -3.297993e-17 -9.518345e-17 0.000000e+00
1.750000e+00 2.250000e+00 0.000000e+00 -6.233930e-18 -2.150784e-17 0.000000e+00
1.750000e+00 2.500000e+00 0.000000e+00 -8.567813e-19 -3.528453e-18 0.000000e+00
2.000000e+00 -2.500000e+00 0.000000e+00 -1.372030e-18 6.150612e-19 0.000000e+00
2.000000e+00 -2.250000e+00 0.000000e+00 -6.595255e-18 2.460761e-18 0.000000e+00
2.000000e+00 -2.000000e+00 0.000000e+00 -2.525969e-17 7.954862e-18 0.000000e+00
2.000000e+00 -1.750000e+00 0.000000e+00 -8.117414e-17 2.226745e-17 0.000000e+00
2.000000e+00 -1.500000e+00 0.000000e+00 -2.258880e-16 5.466088e-17 0.000000e+00
2.000000e+00 -1.250000e+00 0.000000e+00 -5.484267e-16 1.115985e-16 0.000000e+00
2.000000e+00 -1.000000e+00 0.000000e+00 -1.152541e-15 1.710940e-16 0.000000e+00
2.000000e+00 -7.500000e-01 0.000000e+00 -2.073361e-15 1.521032e-16 0.000000e+00
2.000000e+00 -5.000000e-01 0.000000e+00 -3.167817e-15 -6.815467e-17 0.000000e+00
2.000000e+00 -2.500000e-01 0.000000e+00 -4.094368e-15 -5.547038e-16 0.000000e+00
2.000000e+00 0.000000e+00 0.000000e+00 -4.468975e-15 -1.201702e-15 0.000000e+00
2.000000e+00 2.500000e-01 0.000000e+00 -4.114369e-15 -1.742383e-15 0.000000e+00
2.000000e+00 5.000000e-01 0.000000e+00 -3.188816e-15 -1.920358e-15 0.000000e+00
2.000000e+00 7.500000e-01 0.000000e+00 -2.073056e-15 -1.677563e-15 0.000000e+00
2.000000e+00 1.000000e+00 0.000000e+00 -1.123506e-15 -1.179510e-15 0.000000e+00
2.000000e+00 1.250000e+00 0.000000e+00 -5.027621e-16 -6.690568e-16 0.000000e+00
2.000000e+00 1.500000e+00 0.000000e+00 -1.831808e-16 -3.041067e-16 0.000000e+00
2.000000e+00 1.750000e+00 0.000000e+00 -5.327690e-17 -1.091133e-16 0.000000e+00
2.000000e+00 2.000000e+00 0.000000e+00 -1.203425e-17 -3.017900e-17 0.000000e+00
2.000000e+00 2.250000e+00 0.000000e+00 -2.031558e-18 -6.217994e-18 0.000000e+00
2.000000e+00 2.500000e+00 0.000000e+00 -2.427790e-19 -9.105418e-19 0.000000e+00
2.250000e+00 -2.500000e+00 0.000000e+00 -2.136817e-19 7.992778e-20 0.000000e+00
2.250000e+00 -2.250000e+00 0.000000e+00 -1.116564e-18 3.417209e-19 0.000000e+00
2.250000e+00 -2.000000e+00 0.000000e+00 -4.694060e-18 1.215510e-18 0.000000e+00
2.250000e+00 -1.750000e+00 0.000000e+00 -1.675951e-17 3.853053e-18 0.000000e+00
2.250000e+00 -1.500000e+00 0.000000e+00 -5.207513e-17 1.063869e-17 0.000000e+00
2.250000e+00 -1.250000e+00 0.000000e+00 -1.401049e-16 2.339192e-17 0.000000e+00
2.250000e+00 -1.000000e+00 0.000000e+00 -3.211326e-16 3.582549e-17 0.000000e+00
2.250000e+00 -7.500000e-01 0.000000e+00 -6.192371e-16 2.394525e-17 0.000000e+00
2.250000e+00 -5.000000e-01 0.000000e+00 -9.989540e-16 -4.937359e-17 0.000000e+00
2.250000e+00 -2.500000e-01 0.000000e+00 -1.346841e-15 -2.039107e-16 0.000000e+00
2.250000e+00 0.000000e+00 0.000000e+00 -1.518569e-15 -4.060761e-16 0.000000e+00
2.250000e+00 2.500000e-01 0.000000e+00 -1.432131e-15 -5.712297e-16 0.000000e+00
2.250000e+00 5.000000e-01 0.000000e+00 -1.128048e-15 -6.184350e-16 0.000000e+00
2.250000e+00 7.500000e-01 0.000000e+00 -7.391906e-16 -5.314541e-16 0.000000e+00
2.250000e+00 1.000000e+00 0.000000e+00 -4.000832e-16 -3.663418e-16 0.000000e+00
2.250000e+00 1.250000e+00 0.000000e+00 -1.768607e-16 -2.023866e-16 0.000000e+00
2.250000e+00 1.500000e+00 0.000000e+00 -6.282737e-17 -8.875532e-17 0.000000e+00
2.250000e+00 1.750000e+00 0.000000e+00 -1.753759e-17 -3.035268e-17 0.000000e+00
2.250000e+00 2.000000e+00 0.000000e+00 -3.732171e-18 -7.882091e-18 0.000000e+00
2.250000e+00 2.250000e+00 0.000000e+00 -5.817306e-19 -1.498617e-18 0.000000e+00
2.250000e+00 2.500000e+00 0.000000e+00 -6.331456e-20 -1.995888e-19 0.000000e+00
2.500000e+00 -2.500000e+00 0.000000e+00 -2.298658e-20 7.233252e-21 0.000000e+00
2.500000e+00 -2.250000e+00 0.000000e+00 -1.288473e-19 3.232351e-20 0.000000e+00
2.500000e+00 -2.000000e+00 0.000000e+00 -6.005319e-19 1.277807e-19 0.000000e+00
2.500000e+00 -1.750000e+00 0.000000e+00 -2.433463e-18 4.708139e-19 0.000000e+00
2.500000e+00 -1.500000e+00 0.000000e+00 -8.624696e-18 1.483916e-18 0.000000e+00
2.500000e+00 -1.250000e+00 0.000000e+00 -2.609658e-17 3.502262e-18 0.000000e+00
2.500000e+00 -1.000000e+00 0.000000e+00 -6.581241e-17 5.158376e-18 0.000000e+00
2.500000e+00 -7.500000e-01 0.000000e+00 -1.367761e-16 1.119184e-18 0.000000e+00
2.500000e+00 -5.000000e-01 0.000000e+00 -2.339112e-16 -1.714706e-17 0.000000e+00
2.500000e+00 -2.500000e-01 0.000000e+00 -3.300841e-16 -5.441190e-17 0.000000e+00
2.500000e+00 0.000000e+00 0.000000e+00 -3.855868e-16 -1.028320e-16 0.000000e+00
2.500000e+00 2.500000e-01 0.000000e+00 -3.734927e-16 -1.419698e-16 0.000000e+00
2.500000e+00 5.000000e-01 0.000000e+00 -2.997453e-16 -1.520076e-16 0.000000e+00
2.500000e+00 7.500000e-01 0.000000e+00 -1.985175e-16 -1.291238e-16 0.000000e+00
2.500000e+00 1.000000e+00 0.000000e+00 -1.076529e-16 -8.759074e-17 0.000000e+00
2.500000e+00 1.250000e+00 0.000000e+00 -4.721237e-17 -4.727378e-17 0.000000e+00
2.500000e+00 1.500000e+00 0.000000e+00 -1.644993e-17 -2.005510e-17 0.000000e+00
2.500000e+00 1.750000e+00 0.000000e+00 -4.444721e-18 -6.553019e-18 0.000000e+00
2.500000e+00 2.000000e+00 0.000000e+00 -9.023128e-19 -1.602270e-18 0.000000e+00
2.500000e+00 2.250000e+00 0.000000e+00 -1.324608e-19 -2.826748e-19 0.000000e+00
2.500000e+00 2.500000e+00 0.000000e+00 -1.365443e-20 -3.488817e-20 0.000000e+00
