0.000000e+00 0.000000e+00 -1.000000e+00 1.284295e-29 -2.510305e-28 4.393847e-13
0.000000e+00 0.000000e+00 -9.500000e-01 1.982222e-30 1.541831e-30 4.333749e-13
0.000000e+00 0.000000e+00 -9.000000e-01 -3.252586e-28 2.460237e-28 4.270707e-13
0.000000e+00 0.000000e+00 -8.500000e-01 -2.160258e-30 1.579106e-29 4.205446e-13
0.000000e+00 0.000000e+00 -8.000000e-01 6.590905e-30 1.114015e-29 4.138974e-13
0.000000e+00 0.000000e+00 -7.500000e-01 3.913879e-30 -7.158418e-28 4.072604e-13
0.000000e+00 0.000000e+00 -7.000000e-01 -2.569013e-29 2.313374e-27 4.007722e-13
0.000000e+00 0.000000e+00 -6.500000e-01 2.660083e-29 4.567887e-28 3.945613e-13
0.000000e+00 0.000000e+00 -6.000000e-01 -5.560759e-28 -1.620194e-28 3.887120e-13
0.000000e+00 0.000000e+00 -5.500000e-01 3.543247e-29 -1.671447e-29 3.832702e-13
0.000000e+00 0.000000e+00 -5.000000e-01 2.660633e-28 8.967189e-29 3.782612e-13
0.000000e+00 0.000000e+00 -4.500000e-01 1.704062e-29 5.404881e-30 3.736928e-13
0.000000e+00 0.000000e+00 -4.000000e-01 1.404168e-29 -1.165607e-28 3.695469e-13
0.000000e+00 0.000000e+00 -3.500000e-01 -1.288342e-27 5.111933e-28 3.657753e-13
0.000000e+00 0.000000e+00 -3.000000e-01 1.181280e-28 -2.232436e-28 3.623323e-13
0.000000e+00 0.000000e+00 -2.500000e-01 7.486883e-28 -5.269208e-28 3.592134e-13
0.000000e+00 0.000000e+00 -2.000000e-01 6.397964e-29 1.303906e-28 3.564625e-13
0.000000e+00 0.000000e+00 -1.500000e-01 -7.119829e-28 -1.590543e-29 3.541570e-13
0.000000e+00 0.000000e+00 -1.000000e-01 -3.187440e-30 9.893559e-29 3.523714e-13
0.000000e+00 0.000000e+00 -5.000000e-02 1.345449e-28 1.031943e-27 3.511444e-13
0.000000e+00 0.000000e+00 3.191891e-16 3.331404e-28 8.198434e-28 3.504686e-13
0.000000e+00 0.000000e+00 5.000000e-02 -2.950182e-28 -6.428377e-28 3.502946e-13
0.000000e+00 0.000000e+00 1.000000e-01 6.072231e-28 -3.614620e-28 3.505562e-13
0.000000e+00 0.000000e+00 1.500000e-01 -2.279444e-27 7.129191e-28 3.512003e-13
0.000000e+00 0.000000e+00 2.000000e-01 1.731876e-28 2.144977e-27 3.522141e-13
0.000000e+00 0.000000e+00 2.500000e-01 1.227308e-27 7.689036e-29 3.536320e-13
0.000000e+00 0.000000e+00 3.000000e-01 -3.716679e-27 -1.519252e-27 3.555193e-13
0.000000e+00 0.000000e+00 3.500000e-01 4.937249e-29 -1.945291e-29 3.579367e-13
0.000000e+00 0.000000e+00 4.000000e-01 -4.226270e-29 7.003048e-29 3.609000e-13
0.000000e+00 0.000000e+00 4.500000e-01 3.091658e-29 3.106112e-29 3.643631e-13
0.000000e+00 0.000000e+00 5.000000e-01 1.517052e-29 6.965773e-30 3.682423e-13
0.000000e+00 0.000000e+00 5.500000e-01 -3.977416e-30 5.024718e-29 3.724654e-13
0.000000e+00 0.000000e+00 6.000000e-01 -2.048618e-29 -2.107162e-28 3.770037e-13
0.000000e+00 0.000000e+00 6.500000e-01 -5.479704e-28 2.812847e-28 3.818503e-13
0.000000e+00 0.000000e+00 7.000000e-01 3.187440e-30 -1.915641e-30 3.869812e-13
0.000000e+00 0.000000e+00 7.500000e-01 1.332262e-29 -8.152856e-30 3.923350e-13
0.000000e+00 0.000000e+00 8.000000e-01 -4.345931e-30 -1.048361e-31 3.978179e-13
0.000000e+00 0.000000e+00 8.500000e-01 1.540902e-28 -1.695188e-28 4.032985e-13
0.000000e+00 0.000000e+00 9.000000e-01 -8.204268e-29 -9.389710e-29 4.085798e-13
0.000000e+00 0.000000e+00 9.500000e-01 2.151787e-30 -7.080140e-30 4.133978e-13
0.000000e+00 0.000000e+00 1.000000e+00 -3.076250e-31 -8.842233e-32 4.174273e-13
0.000000e+00 0.000000e+00 1.050000e+00 -2.996029e-28 -3.357666e-29 4.203959e-13
0.000000e+00 0.000000e+00 1.100000e+00 -9.310289e-30 6.156736e-30 4.222312e-13
0.000000e+00 0.000000e+00 1.150000e+00 -1.102579e-29 -2.540315e-29 4.230984e-13
0.000000e+00 0.000000e+00 1.200000e+00 -1.571720e-28 2.597530e-28 4.232348e-13
0.000000e+00 0.000000e+00 1.250000e+00 4.088805e-30 7.940007e-30 4.227597e-13
0.000000e+00 0.000000e+00 1.300000e+00 -1.339572e-31 5.082960e-32 4.216350e-13
0.000000e+00 0.000000e+00 1.350000e+00 1.473000e-30 -6.820697e-30 4.197509e-13
0.000000e+00 0.000000e+00 1.400000e+00 -4.420619e-28 -4.649924e-28 4.170291e-13
0.000000e+00 0.000000e+00 1.450000e+00 6.264749e-30 1.469081e-29 4.134563e-13
0.000000e+00 0.000000e+00 1.500000e+00 2.562871e-29 2.308511e-31 4.090832e-13
0.000000e+00 0.000000e+00 1.550000e+00 -4.701738e-31 -5.472548e-29 4.039993e-13
0.000000e+00 0.000000e+00 1.600000e+00 1.545326e-29 5.392174e-30 3.983095e-13
0.000000e+00 0.000000e+00 1.650000e+00 6.111201e-30 -1.017545e-29 3.921186e-13
0.000000e+00 0.000000e+00 1.700000e+00 1.262904e-28 -6.949995e-29 3.855235e-13
0.000000e+00 0.000000e+00 1.750000e+00 8.422253e-29 -6.622144e-29 3.786106e-13
0.000000e+00 0.000000e+00 1.800000e+00 1.044972e-29 1.589378e-29 3.714551e-13
0.000000e+00 0.000000e+00 1.850000e+00 -5.421824e-31 5.464182e-31 3.641220e-13
0.000000e+00 0.000000e+00 1.900000e+00 -7.624440e-32 -4.606433e-31 3.566672e-13
0.000000e+00 0.000000e+00 1.950000e+00 -7.511768e-29 -8.320319e-28 3.491393e-13
