-2.040410e+00 -4.564726e+00 0.000000e+00 -5.000000e+00 2.249088e-26 4.690265e-26 2.425229e-27 5.201633e-26
-1.999602e+00 -4.473432e+00 0.000000e+00 -4.900000e+00 6.087025e-26 1.279785e-25 9.604913e-27 1.417169e-25
-1.958794e+00 -4.382137e+00 0.000000e+00 -4.800000e+00 1.527167e-25 3.241791e-25 3.468306e-26 3.583497e-25
-1.917986e+00 -4.290843e+00 0.000000e+00 -4.700000e+00 3.531207e-25 7.583200e-25 1.137566e-25 8.365066e-25
-1.877177e+00 -4.199548e+00 0.000000e+00 -4.600000e+00 7.481897e-25 1.629842e-24 3.371841e-25 1.793369e-24
-1.836369e+00 -4.108254e+00 0.000000e+00 -4.500000e+00 1.448464e-24 3.211447e-24 8.967540e-25 3.522988e-24
-1.795561e+00 -4.016959e+00 0.000000e+00 -4.400000e+00 2.583819e-24 5.847019e-24 2.118200e-24 6.392477e-24
-1.754753e+00 -3.925665e+00 0.000000e+00 -4.300000e+00 4.418489e-24 1.017999e-23 4.379891e-24 1.109754e-23
-1.713945e+00 -3.834370e+00 0.000000e+00 -4.200000e+00 7.960810e-24 1.836214e-23 7.780552e-24 2.001356e-23
-1.673136e+00 -3.743076e+00 0.000000e+00 -4.100000e+00 1.678682e-23 3.772934e-23 1.169125e-23 4.129529e-23
-1.632328e+00 -3.651781e+00 0.000000e+00 -4.000000e+00 4.084657e-23 8.862139e-23 1.545484e-23 9.758172e-23
-1.591520e+00 -3.560486e+00 0.000000e+00 -3.900000e+00 1.029430e-22 2.178298e-22 2.348968e-23 2.409296e-22
-1.550712e+00 -3.469192e+00 0.000000e+00 -3.800000e+00 2.556379e-22 5.324298e-22 5.774696e-23 5.906202e-22
-1.509904e+00 -3.377897e+00 0.000000e+00 -3.700000e+00 6.698962e-22 1.372465e-21 1.680981e-22 1.527226e-21
-1.469095e+00 -3.286603e+00 0.000000e+00 -3.600000e+00 2.096598e-21 4.211943e-21 3.995328e-22 4.704911e-21
-1.428287e+00 -3.195308e+00 0.000000e+00 -3.500000e+00 7.813688e-21 1.548559e-20 6.852117e-22 1.734524e-20
-1.387479e+00 -3.104014e+00 0.000000e+00 -3.400000e+00 3.042091e-20 6.002177e-20 1.040249e-21 6.729075e-20
-1.346671e+00 -3.012719e+00 0.000000e+00 -3.300000e+00 1.121210e-19 2.213289e-19 4.413711e-21 2.481080e-19
-1.305863e+00 -2.921425e+00 0.000000e+00 -3.200000e+00 3.777452e-19 7.473279e-19 3.108411e-20 8.373712e-19
-1.265054e+00 -2.830130e+00 0.000000e+00 -3.100000e+00 1.158061e-18 2.296986e-18 1.705650e-19 2.572402e-18
-1.224246e+00 -2.738836e+00 0.000000e+00 -3.000000e+00 3.247183e-18 6.456520e-18 7.343540e-19 7.227091e-18
-1.183438e+00 -2.647541e+00 0.000000e+00 -2.900000e+00 8.387275e-18 1.671361e-17 2.642742e-18 1.870003e-17
-1.142630e+00 -2.556247e+00 0.000000e+00 -2.800000e+00 2.009278e-17 4.011757e-17 8.290506e-18 4.486802e-17
-1.101822e+00 -2.464952e+00 0.000000e+00 -2.700000e+00 4.491146e-17 8.982477e-17 2.328575e-17 1.004267e-16
-1.061013e+00 -2.373658e+00 0.000000e+00 -2.600000e+00 9.414153e-17 1.885737e-16 5.961084e-17 2.107669e-16
-1.020205e+00 -2.282363e+00 0.000000e+00 -2.500000e+00 1.858650e-16 3.728146e-16 1.408491e-16 4.165772e-16
-9.793969e-01 -2.191069e+00 0.000000e+00 -2.400000e+00 3.469120e-16 6.967254e-16 3.100427e-16 7.783150e-16
-9.385887e-01 -2.099774e+00 0.000000e+00 -2.300000e+00 6.141152e-16 1.234826e-15 6.403959e-16 1.379106e-15
-8.977805e-01 -2.008480e+00 0.000000e+00 -2.200000e+00 1.033985e-15 2.081440e-15 1.248340e-15 2.324117e-15
-8.569723e-01 -1.917185e+00 0.000000e+00 -2.100000e+00 1.659945e-15 3.345250e-15 2.307405e-15 3.734449e-15
-8.161641e-01 -1.825891e+00 0.000000e+00 -2.000000e+00 2.546508e-15 5.137674e-15 4.060189e-15 5.734143e-15
-7.753559e-01 -1.734596e+00 0.000000e+00 -1.900000e+00 3.740467e-15 7.555121e-15 6.824633e-15 8.430359e-15
-7.345477e-01 -1.643301e+00 0.000000e+00 -1.800000e+00 5.269771e-15 1.065648e-14 1.099056e-14 1.188827e-14
-6.937395e-01 -1.552007e+00 0.000000e+00 -1.700000e+00 7.132100e-15 1.443976e-14 1.700265e-14 1.610508e-14
-6.529313e-01 -1.460712e+00 0.000000e+00 -1.600000e+00 9.285382e-15 1.882250e-14 2.532792e-14 2.098821e-14
-6.121231e-01 -1.369418e+00 0.000000e+00 -1.500000e+00 1.164303e-14 2.363141e-14 3.640854e-14 2.634395e-14
-5.713149e-01 -1.278123e+00 0.000000e+00 -1.400000e+00 1.407559e-14 2.860509e-14 5.060445e-14 3.188061e-14
-5.305067e-01 -1.186829e+00 0.000000e+00 -1.300000e+00 1.642079e-14 3.341357e-14 6.813198e-14 3.723049e-14
-4.896985e-01 -1.095534e+00 0.000000e+00 -1.200000e+00 1.849989e-14 3.769132e-14 8.900888e-14 4.198668e-14
-4.488903e-01 -1.004240e+00 0.000000e+00 -1.100000e+00 2.013869e-14 4.107973e-14 1.130162e-13 4.575053e-14
-4.080821e-01 -9.129453e-01 0.000000e+00 -1.000000e+00 2.118974e-14 4.327301e-14 1.396816e-13 4.818255e-14
-3.672739e-01 -8.216507e-01 0.000000e+00 -9.000000e-01 2.155065e-14 4.405625e-14 1.682926e-13 4.904472e-14
-3.264656e-01 -7.303562e-01 0.000000e+00 -8.000000e-01 2.117552e-14 4.332995e-14 1.979362e-13 4.822746e-14
-2.856574e-01 -6.390617e-01 0.000000e+00 -7.000000e-01 2.007704e-14 4.111542e-14 2.275605e-13 4.575549e-14
-2.448492e-01 -5.477672e-01 0.000000e+00 -6.000000e-01 1.831927e-14 3.754079e-14 2.560493e-13 4.177208e-14
-2.040410e-01 -4.564726e-01 0.000000e+00 -5.000000e-01 1.600302e-14 3.281149e-14 2.822985e-13 3.650604e-14
-1.632328e-01 -3.651781e-01 0.000000e+00 -4.000000e-01 1.324756e-14 2.717260e-14 3.052849e-13 3.022992e-14
-1.224246e-01 -2.738836e-01 0.000000e+00 -3.000000e-01 1.017250e-14 2.087092e-14 3.241222e-13 2.321799e-14
-8.161641e-02 -1.825891e-01 0.000000e+00 -2.000000e-01 6.884617e-15 1.412761e-14 3.380967e-13 1.571583e-14
-4.080821e-02 -9.129453e-02 0.000000e+00 -1.000000e-01 3.470965e-15 7.123275e-15 3.466901e-13 7.923929e-15
-4.190824e-16 -9.375549e-16 0.000000e+00 -1.026956e-15 3.622443e-31 -2.897954e-31 3.495894e-13 4.638990e-31
4.080821e-02 9.129453e-02 0.000000e+00 1.000000e-01 -3.470965e-15 -7.123275e-15 3.466901e-13 -7.923929e-15
8.161641e-02 1.825891e-01 0.000000e+00 2.000000e-01 -6.884617e-15 -1.412761e-14 3.380967e-13 -1.571583e-14
1.224246e-01 2.738836e-01 0.000000e+00 3.000000e-01 -1.017250e-14 -2.087092e-14 3.241222e-13 -2.321799e-14
1.632328e-01 3.651781e-01 0.000000e+00 4.000000e-01 -1.324756e-14 -2.717260e-14 3.052849e-13 -3.022992e-14
2.040410e-01 4.564726e-01 0.000000e+00 5.000000e-01 -1.600302e-14 -3.281149e-14 2.822985e-13 -3.650604e-14
2.448492e-01 5.477672e-01 0.000000e+00 6.000000e-01 -1.831927e-14 -3.754079e-14 2.560493e-13 -4.177208e-14
2.856574e-01 6.390617e-01 0.000000e+00 7.000000e-01 -2.007704e-14 -4.111542e-14 2.275605e-13 -4.575549e-14
3.264656e-01 7.303562e-01 0.000000e+00 8.000000e-01 -2.117552e-14 -4.332995e-14 1.979362e-13 -4.822746e-14
3.672739e-01 8.216507e-01 0.000000e+00 9.000000e-01 -2.155065e-14 -4.405625e-14 1.682926e-13 -4.904472e-14
4.080821e-01 9.129453e-01 0.000000e+00 1.000000e+00 -2.118974e-14 -4.327301e-14 1.396816e-13 -4.818255e-14
4.488903e-01 1.004240e+00 0.000000e+00 1.100000e+00 -2.013869e-14 -4.107973e-14 1.130162e-13 -4.575053e-14
4.896985e-01 1.095534e+00 0.000000e+00 1.200000e+00 -1.849989e-14 -3.769132e-14 8.900888e-14 -4.198668e-14
5.305067e-01 1.186829e+00 0.000000e+00 1.300000e+00 -1.642079e-14 -3.341357e-14 6.813198e-14 -3.723049e-14
5.713149e-01 1.278123e+00 0.000000e+00 1.400000e+00 -1.407559e-14 -2.860509e-14 5.060445e-14 -3.188061e-14
6.121231e-01 1.369418e+00 0.000000e+00 1.500000e+00 -1.164303e-14 -2.363141e-14 3.640854e-14 -2.634395e-14
6.529313e-01 1.460712e+00 0.000000e+00 1.600000e+00 -9.285382e-15 -1.882250e-14 2.532792e-14 -2.098821e-14
6.937395e-01 1.552007e+00 0.000000e+00 1.700000e+00 -7.132100e-15 -1.443976e-14 1.700265e-14 -1.610508e-14
7.345477e-01 1.643301e+00 0.000000e+00 1.800000e+00 -5.269771e-15 -1.065648e-14 1.099056e-14 -1.188827e-14
7.753559e-01 1.734596e+00 0.000000e+00 1.900000e+00 -3.740467e-15 -7.555121e-15 6.824633e-15 -8.430359e-15
8.161641e-01 1.825891e+00 0.000000e+00 2.000000e+00 -2.546508e-15 -5.137674e-15 4.060189e-15 -5.734143e-15
8.569723e-01 1.917185e+00 0.000000e+00 2.100000e+00 -1.659945e-15 -3.345250e-15 2.307405e-15 -3.734449e-15
8.977805e-01 2.008480e+00 0.000000e+00 2.200000e+00 -1.033985e-15 -2.081440e-15 1.248340e-15 -2.324117e-15
9.385887e-01 2.099774e+00 0.000000e+00 2.300000e+00 -6.141152e-16 -1.234826e-15 6.403959e-16 -1.379106e-15
9.793969e-01 2.191069e+00 0.000000e+00 2.400000e+00 -3.469120e-16 -6.967254e-16 3.100427e-16 -7.783150e-16
1.020205e+00 2.282363e+00 0.000000e+00 2.500000e+00 -1.858650e-16 -3.728146e-16 1.408491e-16 -4.165772e-16
1.061013e+00 2.373658e+00 0.000000e+00 2.600000e+00 -9.414153e-17 -1.885737e-16 5.961084e-17 -2.107669e-16
1.101822e+00 2.464952e+00 0.000000e+00 2.700000e+00 -4.491146e-17 -8.982477e-17 2.328575e-17 -1.004267e-16
1.142630e+00 2.556247e+00 0.000000e+00 2.800000e+00 -2.009278e-17 -4.011757e-17 8.290506e-18 -4.486802e-17
1.183438e+00 2.647541e+00 0.000000e+00 2.900000e+00 -8.387275e-18 -1.671361e-17 2.642742e-18 -1.870003e-17
1.224246e+00 2.738836e+00 0.000000e+00 3.000000e+00 -3.247183e-18 -6.456520e-18 7.343540e-19 -7.227091e-18
1.265054e+00 2.830130e+00 0.000000e+00 3.100000e+00 -1.158061e-18 -2.296986e-18 1.705650e-19 -2.572402e-18
1.305863e+00 2.921425e+00 0.000000e+00 3.200000e+00 -3.777452e-19 -7.473279e-19 3.108411e-20 -8.373712e-19
1.346671e+00 3.012719e+00 0.000000e+00 3.300000e+00 -1.121210e-19 -2.213289e-19 4.413711e-21 -2.481080e-19
1.387479e+00 3.104014e+00 0.000000e+00 3.400000e+00 -3.042091e-20 -6.002177e-20 1.040249e-21 -6.729075e-20
1.428287e+00 3.195308e+00 0.000000e+00 3.500000e+00 -7.813688e-21 -1.548559e-20 6.852117e-22 -1.734524e-20
1.469095e+00 3.286603e+00 0.000000e+00 3.600000e+00 -2.096598e-21 -4.211943e-21 3.995328e-22 -4.704911e-21
1.509904e+00 3.377897e+00 0.000000e+00 3.700000e+00 -6.698962e-22 -1.372465e-21 1.680981e-22 -1.527226e-21
1.550712e+00 3.469192e+00 0.000000e+00 3.800000e+00 -2.556379e-22 -5.324298e-22 5.774696e-23 -5.906202e-22
1.591520e+00 3.560486e+00 0.000000e+00 3.900000e+00 -1.029430e-22 -2.178298e-22 2.348968e-23 -2.409296e-22
1.632328e+00 3.651781e+00 0.000000e+00 4.000000e+00 -4.084657e-23 -8.862139e-23 1.545484e-23 -9.758172e-23
1.673136e+00 3.743076e+00 0.000000e+00 4.100000e+00 -1.678682e-23 -3.772934e-23 1.169125e-23 -4.129529e-23
1.713945e+00 3.834370e+00 0.000000e+00 4.200000e+00 -7.960810e-24 -1.836214e-23 7.780552e-24 -2.001356e-23
1.754753e+00 3.925665e+00 0.000000e+00 4.300000e+00 -4.418489e-24 -1.017999e-23 4.379891e-24 -1.109754e-23
1.795561e+00 4.016959e+00 0.000000e+00 4.400000e+00 -2.583819e-24 -5.847019e-24 2.118200e-24 -6.392477e-24
1.836369e+00 4.108254e+00 0.000000e+00 4.500000e+00 -1.448464e-24 -3.211447e-24 8.967540e-25 -3.522988e-24
1.877177e+00 4.199548e+00 0.000000e+00 4.600000e+00 -7.481897e-25 -1.629842e-24 3.371841e-25 -1.793369e-24
1.917986e+00 4.290843e+00 0.000000e+00 4.700000e+00 -3.531207e-25 -7.583200e-25 1.137566e-25 -8.365066e-25
1.958794e+00 4.382137e+00 0.000000e+00 4.800000e+00 -1.527167e-25 -3.241791e-25 3.468306e-26 -3.583497e-25
1.999602e+00 4.473432e+00 0.000000e+00 4.900000e+00 -6.087025e-26 -1.279785e-25 9.604913e-27 -1.417169e-25
2.040410e+00 4.564726e+00 0.000000e+00 5.000000e+00 -2.249088e-26 -4.690265e-26 2.425229e-27 -5.201633e-26
