0.000000e+00 -5.000000e+00 0.000000e+00 1.166650e-28 1.730003e-26 -2.039710e-28
0.000000e+00 -4.900000e+00 0.000000e+00 3.386590e-28 4.961907e-26 3.024936e-29
0.000000e+00 -4.800000e+00 0.000000e+00 9.123340e-28 1.321782e-25 2.275741e-27
0.000000e+00 -4.700000e+00 0.000000e+00 2.266484e-27 3.251329e-25 1.273370e-26
0.000000e+00 -4.600000e+00 0.000000e+00 5.153676e-27 7.336294e-25 4.967400e-26
0.000000e+00 -4.500000e+00 0.000000e+00 1.064592e-26 1.508941e-24 1.564642e-25
0.000000e+00 -4.400000e+00 0.000000e+00 1.991700e-26 2.824136e-24 4.108783e-25
0.000000e+00 -4.300000e+00 0.000000e+00 3.430545e-26 4.885387e-24 8.904319e-25
0.000000e+00 -4.200000e+00 0.000000e+00 5.850759e-26 8.311953e-24 1.502782e-24
0.000000e+00 -4.100000e+00 0.000000e+00 1.150492e-25 1.579094e-23 1.588734e-24
0.000000e+00 -4.000000e+00 0.000000e+00 2.843672e-25 3.648410e-23 -5.354345e-25
0.000000e+00 -3.900000e+00 0.000000e+00 7.826771e-25 9.414367e-23 -7.207724e-24
0.000000e+00 -3.800000e+00 0.000000e+00 2.085647e-24 2.389862e-22 -1.897315e-23
0.000000e+00 -3.700000e+00 0.000000e+00 5.286555e-24 5.812600e-22 -3.328150e-23
0.000000e+00 -3.600000e+00 0.000000e+00 1.425115e-23 1.498678e-21 -6.702066e-23
0.000000e+00 -3.500000e+00 0.000000e+00 4.736052e-23 4.753312e-21 -2.633707e-22
0.000000e+00 -3.400000e+00 0.000000e+00 1.882039e-22 1.817379e-20 -1.126547e-21
0.000000e+00 -3.300000e+00 0.000000e+00 7.663414e-22 7.174745e-20 -3.492266e-21
0.000000e+00 -3.200000e+00 0.000000e+00 2.910638e-21 2.648612e-19 -5.843671e-21
0.000000e+00 -3.100000e+00 0.000000e+00 1.004024e-20 8.878211e-19 9.730505e-21
0.000000e+00 -3.000000e+00 0.000000e+00 3.145913e-20 2.700132e-18 1.276675e-19
0.000000e+00 -2.900000e+00 0.000000e+00 9.018894e-20 7.503025e-18 6.441176e-19
0.000000e+00 -2.800000e+00 0.000000e+00 2.384987e-19 1.920304e-17 2.428934e-18
0.000000e+00 -2.700000e+00 0.000000e+00 5.860151e-19 4.559702e-17 7.725195e-18
0.000000e+00 -2.600000e+00 0.000000e+00 1.346233e-18 1.010697e-16 2.173773e-17
0.000000e+00 -2.500000e+00 0.000000e+00 2.906649e-18 2.102214e-16 5.549581e-17
0.000000e+00 -2.400000e+00 0.000000e+00 5.924618e-18 4.121089e-16 1.305564e-16
0.000000e+00 -2.300000e+00 0.000000e+00 1.144425e-17 7.642798e-16 2.860503e-16
0.000000e+00 -2.200000e+00 0.000000e+00 2.101975e-17 1.345261e-15 5.882580e-16
0.000000e+00 -2.100000e+00 0.000000e+00 3.681868e-17 2.253730e-15 1.142316e-15
0.000000e+00 -2.000000e+00 0.000000e+00 6.166834e-17 3.602619e-15 2.104713e-15
0.000000e+00 -1.900000e+00 0.000000e+00 9.900417e-17 5.506954e-15 3.694207e-15
0.000000e+00 -1.800000e+00 0.000000e+00 1.526849e-16 8.065437e-15 6.197865e-15
0.000000e+00 -1.700000e+00 0.000000e+00 2.266567e-16 1.133747e-14 9.968442e-15
0.000000e+00 -1.600000e+00 0.000000e+00 3.244785e-16 1.531918e-14 1.540969e-14
0.000000e+00 -1.500000e+00 0.000000e+00 4.487604e-16 1.992341e-14 2.294756e-14
0.000000e+00 -1.400000e+00 0.000000e+00 6.005947e-16 2.496885e-14 3.298772e-14
0.000000e+00 -1.300000e+00 0.000000e+00 7.790879e-16 3.018285e-14 4.586249e-14
0.000000e+00 -1.200000e+00 0.000000e+00 9.811034e-16 3.521993e-14 6.177367e-14
0.000000e+00 -1.100000e+00 0.000000e+00 1.201284e-15 3.969470e-14 8.073921e-14
0.000000e+00 -1.000000e+00 0.000000e+00 1.432424e-15 4.322514e-14 1.025537e-13
0.000000e+00 -9.000000e-01 0.000000e+00 1.666114e-15 4.547800e-14 1.267691e-13
0.000000e+00 -8.000000e-01 0.000000e+00 1.893600e-15 4.620853e-14 1.527019e-13
0.000000e+00 -7.000000e-01 0.000000e+00 2.106687e-15 4.528672e-14 1.794663e-13
0.000000e+00 -6.000000e-01 0.000000e+00 2.298541e-15 4.270541e-14 2.060307e-13
0.000000e+00 -5.000000e-01 0.000000e+00 2.464227e-15 3.856996e-14 2.312886e-13
0.000000e+00 -4.000000e-01 0.000000e+00 2.600891e-15 3.307316e-14 2.541365e-13
0.000000e+00 -3.000000e-01 0.000000e+00 2.707578e-15 2.646263e-14 2.735487e-13
0.000000e+00 -2.000000e-01 0.000000e+00 2.784731e-15 1.900878e-14 2.886417e-13
0.000000e+00 -1.000000e-01 0.000000e+00 2.833509e-15 1.098079e-14 2.987251e-13
0.000000e+00 -1.026956e-15 0.000000e+00 2.855092e-15 2.634709e-15 3.033375e-13
0.000000e+00 1.000000e-01 0.000000e+00 2.850128e-15 -5.786120e-15 3.022680e-13
0.000000e+00 2.000000e-01 0.000000e+00 2.818461e-15 -1.404198e-14 2.955655e-13
0.000000e+00 3.000000e-01 0.000000e+00 2.759194e-15 -2.188549e-14 2.835365e-13
0.000000e+00 4.000000e-01 0.000000e+00 2.671079e-15 -2.905510e-14 2.667316e-13
0.000000e+00 5.000000e-01 0.000000e+00 2.553140e-15 -3.527908e-14 2.459186e-13
0.000000e+00 6.000000e-01 0.000000e+00 2.405387e-15 -4.029219e-14 2.220410e-13
0.000000e+00 7.000000e-01 0.000000e+00 2.229443e-15 -4.386341e-14 1.961620e-13
0.000000e+00 8.000000e-01 0.000000e+00 2.028938e-15 -4.582913e-14 1.693953e-13
0.000000e+00 9.000000e-01 0.000000e+00 1.809562e-15 -4.612392e-14 1.428282e-13
0.000000e+00 1.000000e+00 0.000000e+00 1.578740e-15 -4.480073e-14 1.174455e-13
0.000000e+00 1.100000e+00 0.000000e+00 1.344979e-15 -4.203460e-14 9.406250e-14
0.000000e+00 1.200000e+00 0.000000e+00 1.117011e-15 -3.810740e-14 7.327703e-14
0.000000e+00 1.300000e+00 0.000000e+00 9.028838e-16 -3.337579e-14 5.544543e-14
0.000000e+00 1.400000e+00 0.000000e+00 7.091780e-16 -2.822851e-14 4.068597e-14
0.000000e+00 1.500000e+00 0.000000e+00 5.404373e-16 -2.304056e-14 2.890608e-14
0.000000e+00 1.600000e+00 0.000000e+00 3.989453e-16 -1.813328e-14 1.984840e-14
0.000000e+00 1.700000e+00 0.000000e+00 2.848073e-16 -1.374641e-14 1.314646e-14
0.000000e+00 1.800000e+00 0.000000e+00 1.962989e-16 -1.002544e-14 8.381229e-15
0.000000e+00 1.900000e+00 0.000000e+00 1.303858e-16 -7.024438e-15 5.130800e-15
0.000000e+00 2.000000e+00 0.000000e+00 8.330115e-17 -4.720867e-15 3.007945e-15
0.000000e+00 2.100000e+00 0.000000e+00 5.108283e-17 -3.037734e-15 1.683535e-15
0.000000e+00 2.200000e+00 0.000000e+00 2.999965e-17 -1.867710e-15 8.963571e-16
0.000000e+00 2.300000e+00 0.000000e+00 1.683032e-17 -1.094715e-15 4.520552e-16
0.000000e+00 2.400000e+00 0.000000e+00 8.995053e-18 -6.100885e-16 2.148252e-16
0.000000e+00 2.500000e+00 0.000000e+00 4.565669e-18 -3.223235e-16 9.556666e-17
0.000000e+00 2.600000e+00 0.000000e+00 2.193148e-18 -1.608851e-16 3.945313e-17
0.000000e+00 2.700000e+00 0.000000e+00 9.929710e-19 -7.556829e-17 1.493273e-17
0.000000e+00 2.800000e+00 0.000000e+00 4.217530e-19 -3.324564e-17 5.087565e-18
0.000000e+00 2.900000e+00 0.000000e+00 1.671126e-19 -1.362368e-17 1.512149e-18
0.000000e+00 3.000000e+00 0.000000e+00 6.136499e-20 -5.166084e-18 3.675421e-19
0.000000e+00 3.100000e+00 0.000000e+00 2.072337e-20 -1.798957e-18 6.002927e-20
0.000000e+00 3.200000e+00 0.000000e+00 6.384085e-21 -5.706827e-19 -1.093129e-21
0.000000e+00 3.300000e+00 0.000000e+00 1.783715e-21 -1.640442e-19 -5.424600e-21
0.000000e+00 3.400000e+00 0.000000e+00 4.549391e-22 -4.306703e-20 -2.399780e-21
0.000000e+00 3.500000e+00 0.000000e+00 1.109686e-22 -1.085901e-20 -6.710089e-22
0.000000e+00 3.600000e+00 0.000000e+00 2.935854e-23 -2.997086e-21 -1.497052e-22
0.000000e+00 3.700000e+00 0.000000e+00 9.646392e-24 -1.032251e-21 -4.794911e-23
0.000000e+00 3.800000e+00 0.000000e+00 3.735042e-24 -4.170462e-22 -2.761553e-23
0.000000e+00 3.900000e+00 0.000000e+00 1.455545e-24 -1.695957e-22 -1.410915e-23
0.000000e+00 4.000000e+00 0.000000e+00 5.346283e-25 -6.575380e-23 -4.056131e-24
0.000000e+00 4.100000e+00 0.000000e+00 1.980590e-25 -2.610310e-23 6.712227e-25
0.000000e+00 4.200000e+00 0.000000e+00 8.692266e-26 -1.214738e-23 1.699791e-24
0.000000e+00 4.300000e+00 0.000000e+00 4.754519e-26 -6.775801e-24 1.280954e-24
0.000000e+00 4.400000e+00 0.000000e+00 2.817105e-26 -4.004745e-24 6.829396e-25
0.000000e+00 4.500000e+00 0.000000e+00 1.592629e-26 -2.256581e-24 2.922016e-25
0.000000e+00 4.600000e+00 0.000000e+00 8.205192e-27 -1.164305e-24 1.040091e-25
0.000000e+00 4.700000e+00 0.000000e+00 3.828713e-27 -5.464203e-25 3.068604e-26
0.000000e+00 4.800000e+00 0.000000e+00 1.627329e-27 -2.342646e-25 7.081990e-27
0.000000e+00 4.900000e+00 0.000000e+00 6.349217e-28 -9.236416e-26 9.629314e-28
0.000000e+00 5.000000e+00 0.000000e+00 2.290202e-28 -3.370445e-26 -1.508954e-28
