0.0000000000 0.0000000000 -1.0000000000 0.0000000000 -0.0000000000 0.0000015028
0.0000000000 0.0000000000 -0.9500000000 0.0000000000 0.0000000000 0.0000068290
0.0000000000 0.0000000000 -0.9000000000 -0.0000000000 -0.0000000000 0.0000094736
0.0000000000 0.0000000000 -0.8500000000 -0.0000000000 -0.0000000000 0.0000173638
0.0000000000 0.0000000000 -0.8000000000 -0.0000000000 0.0000000000 0.0000159598
0.0000000000 0.0000000000 -0.7500000000 0.0000000000 0.0000000000 0.0000206365
0.0000000000 0.0000000000 -0.7000000000 -0.0000000000 -0.0000000000 0.0000274315
0.0000000000 0.0000000000 -0.6500000000 0.0000000000 -0.0000000000 0.0000253547
0.0000000000 0.0000000000 -0.6000000000 0.0000000000 0.0000000000 0.0000243540
0.0000000000 0.0000000000 -0.5500000000 0.0000000000 -0.0000000000 0.0000306108
0.0000000000 0.0000000000 -0.5000000000 -0.0000000000 -0.0000000000 0.0000227097
0.0000000000 0.0000000000 -0.4500000000 -0.0000000000 -0.0000000000 0.0000197273
0.0000000000 0.0000000000 -0.4000000000 0.0000000000 0.0000000000 0.0000241851
0.0000000000 0.0000000000 -0.3500000000 0.0000000000 -0.0000000000 0.0000283861
0.0000000000 0.0000000000 -0.3000000000 0.0000000000 0.0000000000 0.0000201481
0.0000000000 0.0000000000 -0.2500000000 -0.0000000000 -0.0000000000 0.0000165544
0.0000000000 0.0000000000 -0.2000000000 -0.0000000000 0.0000000000 0.0000142431
0.0000000000 0.0000000000 -0.1500000000 0.0000000000 0.0000000000 0.0000076582
0.0000000000 0.0000000000 -0.1000000000 -0.0000000000 0.0000000000 0.0000065023
0.0000000000 0.0000000000 -0.0500000000 -0.0000000000 -0.0000000000 0.0000046431
0.0000000000 0.0000000000 0.0000000000 -0.0000000000 -0.0000000000 0.0000001234
0.0000000000 0.0000000000 0.0500000000 0.0000000000 -0.0000000000 -0.0000043575
0.0000000000 0.0000000000 0.1000000000 0.0000000000 0.0000000000 -0.0000063853
0.0000000000 0.0000000000 0.1500000000 -0.0000000000 0.0000000000 -0.0000075405
0.0000000000 0.0000000000 0.2000000000 0.0000000000 0.0000000000 -0.0000141259
0.0000000000 0.0000000000 0.2500000000 0.0000000000 -0.0000000000 -0.0000164150
0.0000000000 0.0000000000 0.3000000000 0.0000000000 0.0000000000 -0.0000200725
0.0000000000 0.0000000000 0.3500000000 -0.0000000000 -0.0000000000 -0.0000281867
0.0000000000 0.0000000000 0.4000000000 0.0000000000 0.0000000000 -0.0000242288
0.0000000000 0.0000000000 0.4500000000 0.0000000000 0.0000000000 -0.0000197359
0.0000000000 0.0000000000 0.5000000000 0.0000000000 0.0000000000 -0.0000224804
0.0000000000 0.0000000000 0.5500000000 0.0000000000 -0.0000000000 -0.0000304765
0.0000000000 0.0000000000 0.6000000000 -0.0000000000 0.0000000000 -0.0000243999
0.0000000000 0.0000000000 0.6500000000 -0.0000000000 0.0000000000 -0.0000253867
0.0000000000 0.0000000000 0.7000000000 -0.0000000000 -0.0000000000 -0.0000274930
0.0000000000 0.0000000000 0.7500000000 -0.0000000000 -0.0000000000 -0.0000206838
0.0000000000 0.0000000000 0.8000000000 -0.0000000000 -0.0000000000 -0.0000159627
0.0000000000 0.0000000000 0.8500000000 0.0000000000 0.0000000000 -0.0000173508
0.0000000000 0.0000000000 0.9000000000 -0.0000000000 0.0000000000 -0.0000095146
0.0000000000 0.0000000000 0.9500000000 0.0000000000 -0.0000000000 -0.0000068393
0.0000000000 0.0000000000 1.0000000000 0.0000000000 -0.0000000000 -0.0000015147
0.0000000000 0.0000000000 1.0500000000 0.0000000000 -0.0000000000 -0.0000000625
0.0000000000 0.0000000000 1.1000000000 0.0000000000 -0.0000000000 -0.0000000036
0.0000000000 0.0000000000 1.1500000000 0.0000000000 0.0000000000 -0.0000000004
0.0000000000 0.0000000000 1.2000000000 -0.0000000000 0.0000000000 -0.0000000000
0.0000000000 0.0000000000 1.2500000000 0.0000000000 -0.0000000000 0.0000000000
0.0000000000 0.0000000000 1.3000000000 -0.0000000000 0.0000000000 0.0000000000
0.0000000000 0.0000000000 1.3500000000 0.0000000000 0.0000000000 0.0000000000
0.0000000000 0.0000000000 1.4000000000 0.0000000000 0.0000000000 0.0000000000
0.0000000000 0.0000000000 1.4500000000 0.0000000000 -0.0000000000 0.0000000000
0.0000000000 0.0000000000 1.5000000000 -0.0000000000 -0.0000000000 0.0000000000
0.0000000000 0.0000000000 1.5500000000 0.0000000000 -0.0000000000 0.0000000000
0.0000000000 0.0000000000 1.6000000000 0.0000000000 -0.0000000000 0.0000000000
0.0000000000 0.0000000000 1.6500000000 0.0000000000 0.0000000000 0.0000000000
0.0000000000 0.0000000000 1.7000000000 0.0000000000 -0.0000000000 0.0000000000
0.0000000000 0.0000000000 1.7500000000 0.0000000000 0.0000000000 0.0000000000
0.0000000000 0.0000000000 1.8000000000 0.0000000000 -0.0000000000 0.0000000000
0.0000000000 0.0000000000 1.8500000000 0.0000000000 0.0000000000 0.0000000000
0.0000000000 0.0000000000 1.9000000000 -0.0000000000 -0.0000000000 0.0000000000
0.0000000000 0.0000000000 1.9500000000 -0.0000000000 0.0000000000 0.0000000000
