theta s11 s12 s13 s14 s21 s22 s23 s24 s31 s32 s33 s34 s41 s42 s43 s44
0.00 6.3896821864E+02 0.0000000000E+00 0.0000000000E+00 -1.1835528880E-09 9.4039548066E-38 6.3896821864E+02 2.3173439906E-09 0.0000000000E+00 0.0000000000E+00 -2.3173439906E-09 6.3896821864E+02 0.0000000000E+00 -1.1835528880E-09 0.0000000000E+00 0.0000000000E+00 6.3896821864E+02
1.00 6.3606130843E+02 -2.2676597991E-02 3.2768029614E-06 3.9104221132E-06 -2.2676597991E-02 6.3606130843E+02 4.6584569348E-06 2.4743287407E-06 3.2787505092E-06 -4.6597007565E-06 6.3606124200E+02 2.8981816591E-01 3.9090167889E-06 -2.4723452422E-06 -2.8981816591E-01 6.3606124200E+02
2.00 6.2740534521E+02 -8.6807860227E-02 6.4920201360E-06 7.7880028610E-06 -8.6807860227E-02 6.2740534521E+02 9.2273514121E-06 4.9306667574E-06 6.5075375248E-06 -9.2372582446E-06 6.2740428891E+02 1.1480072340E+00 7.7767908672E-06 -4.9148505264E-06 -1.1480072340E+00 6.2740428891E+02
3.00 6.1319266721E+02 -1.8098530809E-01 9.5851009989E-06 1.1597721989E-05 -1.8098530809E-01 6.1319266721E+02 1.3623286741E-05 7.3511208204E-06 9.6371120604E-06 -1.3656477946E-05 6.1318737492E+02 2.5411806544E+00 1.1560053536E-05 -7.2980120034E-06 -2.5411806544E+00 6.1318737492E+02
4.00 5.9373748658E+02 -2.8704343297E-01 1.2497543048E-05 1.5306140496E-05 -2.8704343297E-01 5.9373748658E+02 1.7763560460E-05 9.7179958611E-06 1.2619637668E-05 -1.7841431065E-05 5.9372100198E+02 4.4150192028E+00 1.5217421822E-05 -9.5929934845E-06 -4.4150192028E+00 5.9372100198E+02
5.00 5.6946659908E+02 -3.8128130302E-01 1.5173873020E-05 1.8880419456E-05 -3.8128130302E-01 5.6946659908E+02 2.1569920540E-05 1.2013891951E-05 1.5409372943E-05 -2.1720009883E-05 5.6942710057E+02 6.6962098897E+00 1.8708566071E-05 -1.1771949719E-05 -6.6962098897E+00 5.6942710057E+02
6.00 5.4090684122E+02 -4.3607324238E-01 1.7562577384E-05 2.2288526537E-05 -4.3607324237E-01 5.4090684122E+02 2.4969925248E-05 1.4221799065E-05 1.7963325651E-05 -2.5225102515E-05 5.4082679528E+02 9.2950648735E+00 2.1994561027E-05 -1.3808337419E-05 -9.2950648735E+00 5.4082679528E+02
7.00 5.0866973594E+02 -4.2177567413E-01 1.9616966975E-05 2.5499447489E-05 -4.2177567413E-01 5.0866973594E+02 2.7898200170E-05 1.6325189083E-05 2.0241869984E-05 -2.8295685212E-05 5.0852541830E+02 1.2108728689E+01 2.5038236081E-05 -1.5677210233E-05 -1.2108728689E+01 5.0852541830E+02
8.00 4.7343386193E+02 -3.0881977069E-01 2.1295961141E-05 2.8483403334E-05 -3.0881977069E-01 4.7343386193E+02 3.0297569951E-05 1.8308104902E-05 2.2209318253E-05 -3.0877813993E-05 4.7319528717E+02 1.5024861302E+01 2.7804523791E-05 -1.7355494437E-05 -1.5024861302E+01 4.7319528717E+02
9.00 4.3592555500E+02 -6.9868223062E-02 2.2564778543E-05 3.1212073847E-05 -6.9868223059E-02 4.3592555500E+02 3.2120045042E-05 2.0155246841E-05 2.3834439326E-05 -3.2925499467E-05 4.3555683333E+02 1.7925667513E+01 3.0260805438E-05 -1.8822242504E-05 -1.7925667513E+01 4.3555683333E+02
10.00 3.9689859824E+02 3.1809014887E-01 2.3395523205E-05 3.3658826865E-05 3.1809014888E-01 3.9689859824E+02 3.3327646059E-05 2.1852056470E-05 2.5090916588E-05 -3.4401450391E-05 3.9635871610E+02 2.0692130694E+01 3.2377251289E-05 -2.0058861858E-05 -2.0692130694E+01 3.9635871610E+02
11.00 3.5711358099E+02 8.7183182008E-01 2.3767656173E-05 3.5798953533E-05 8.7183182008E-01 3.5711358099E+02 3.3893051401E-05 2.3384799067E-05 2.5957738968E-05 -3.5277673833E-05 3.5635757940E+02 2.3208301140E+01 3.4127153623E-05 -2.1049317384E-05 -2.3208301140E+01 3.5635757940E+02
12.00 3.1731760295E+02 1.6002906297E+00 2.3668344900E-05 3.7609907991E-05 1.6002906297E+00 3.1731760295E+02 3.3800056853E-05 2.4740645199E-05 2.6419519202E-05 -3.5535922008E-05 3.1629810667E+02 2.5365486869E+01 3.5487248971E-05 -2.1780305788E-05 -2.5365486869E+01 3.1629810667E+02
13.00 2.7822497111E+02 2.5033494939E+00 2.3092684848E-05 3.9071550331E-05 2.5033494939E+00 2.7822497111E+02 3.3043839464E-05 2.5907752878E-05 2.6466734704E-05 -3.5167978652E-05 2.7689400271E+02 2.7066197524E+01 3.6438026225E-05 -2.2241401161E-05 -2.7066197524E+01 2.7689400271E+02
14.00 2.4049948501E+02 3.5711096502E+00 2.2043789330E-05 4.0166390739E-05 3.5711096502E+00 2.4049948501E+02 3.1631021182E-05 2.6875351618E-05 2.6095886799E-05 -3.4175780106E-05 2.3881048220E+02 2.8227700175E+01 3.6964016446E-05 -2.2425171268E-05 -2.8227700175E+01 2.3881048220E+02
15.00 2.0473883205E+02 4.7836898667E+00 2.0532746187E-05 4.0879832084E-05 4.7836898667E+00 2.0473883205E+02 2.9579531526E-05 2.7633829527E-05 2.5309575430E-05 -3.2571369182E-05 2.0264877508E+02 2.8785058995E+01 3.7054059569E-05 -2.2327264296E-05 -2.8785058995E+01 2.0264877508E+02
16.00 1.7146152450E+02 6.1115796299E+00 1.8578441734E-05 4.1200407917E-05 6.1115796299E+00 1.7146152450E+02 2.6918271934E-05 2.8174824885E-05 2.4116487156E-05 -3.0376682446E-05 1.6893307327E+02 2.8693548637E+01 3.6701543093E-05 -2.1946466530E-05 -2.8693548637E+01 1.6893307327E+02
17.00 1.4109670592E+02 7.5165404781E+00 1.6207254682E-05 4.1120012017E-05 7.5165404781E+00 1.4109670592E+02 2.3686588206E-05 2.8491323060E-05 2.2531295465E-05 -2.7623174505E-05 1.3810024410E+02 2.7930353018E+01 3.5904607236E-05 -2.1284731247E-05 -2.7930353018E+01 1.3810024410E+02
18.00 1.1397704317E+02 8.9530199697E+00 1.3452624456E-05 4.0634115109E-05 8.9530199697E+00 1.1397704317E+02 1.9933560290E-05 2.8577759311E-05 2.0574473095E-05 -2.4351284981E-05 1.1049252914E+02 2.6495486520E+01 3.4666310900E-05 -2.0347179462E-05 -2.6495486520E+01 1.1049252914E+02
19.00 9.0334804037E+01 1.0370014862E+01 1.0354500971E-05 3.9741963956E-05 1.0370014862E+01 9.0334804037E+01 1.5717122764E-05 2.8430127659E-05 1.8272017867E-05 -2.0609757277E-05 8.6353336000E+01 2.4411902298E+01 3.2994752683E-05 -1.9142073132E-05 -2.4411902298E+01 8.6353336000E+01
20.00 7.0301106757E+01 1.1713295394E+01 6.9586838795E-06 3.8446757470E-05 1.1713295394E+01 7.0301106757E+01 1.1103031246E-05 2.8046095123E-05 1.5655093703E-05 -1.6454819637E-05 6.5826120841E+01 2.1724781641E+01 3.0903141280E-05 -1.7680761402E-05 -2.1724781641E+01 6.5826120841E+01
21.00 5.3908218289E+01 1.2927882423E+01 3.3160620658E-06 3.6755793931E-05 1.2927882423E+01 5.3908218289E+01 6.1636937866E-06 2.7425119875E-05 1.2759590626E-05 -1.1949242230E-05 4.8956254124E+01 1.8500028035E+01 2.8409809492E-05 -1.5977600089E-05 -1.8500028035E+01 4.8956254124E+01
22.00 4.1094679576E+01 1.3960654610E+01 -5.1823504740E-07 3.4680583473E-05 1.3960654610E+01 4.1094679576E+01 9.7688774324E-07 2.6568571161E-05 9.6256080248E-06 -7.1612853274E-06 3.5695666075E+01 1.4822018612E+01 2.5538166920E-05 -1.4049844753E-05 -1.4822018612E+01 3.5695666075E+01
23.00 3.1712949661E+01 1.4762954613E+01 -4.4857605341E-06 3.2236919349E-05 1.4762954613E+01 3.1712949661E+01 -4.3756144548E-06 2.5479847661E-05 6.2968672720E-06 -2.1635561382E-06 2.5909984388E+01 1.0790693041E+01 2.2316586358E-05 -1.1917516979E-05 -1.0790693041E+01 2.5909984388E+01
24.00 2.5539190363E+01 1.5293061766E+01 -8.5257327930E-06 2.9444901860E-05 1.5293061766E+01 2.5539190363E+01 -9.8094862895E-06 2.4164490284E-05 2.8200606523E-06 2.9682069968E-06 1.9387807516E+01 6.5180845273E+00 1.8778220145E-05 -9.6032436089E-06 -6.5180845273E+00 1.9387807516E+01
25.00 2.2284760455E+01 1.5518404044E+01 -1.2576062042E-05 2.6328908824E-05 1.5518404044E+01 2.2284760455E+01 -1.5239328835E-05 2.2630284485E-05 -7.5585488506E-07 8.1564026337E-06 1.5851704343E+01 2.1244184859E+00 1.4960743330E-05 -7.1320681803E-06 -2.1244184859E+00 1.5851704343E+01
26.00 2.1608954267E+01 1.5417393909E+01 -1.6574403361E-05 2.2917506735E-05 1.5417393909E+01 2.1608954267E+01 -2.0580166270E-05 2.0887346302E-05 -4.3804094175E-06 1.3322865079E-05 1.4970496146E+01 -2.2660791448E+00 1.0906021636E-05 -4.5312336259E-06 2.2660791448E+00 1.4970496146E+01
27.00 2.3132504306E+01 1.4980790365E+01 -2.0459218774E-05 1.9243297640E-05 1.4980790365E+01 2.3132504306E+01 -2.5748928350E-05 1.8948186046E-05 -8.0024063421E-06 1.8390171966E-05 1.6372359758E+01 -6.5295108140E+00 6.6597036363E-06 -1.8299353997E-06 6.5295108140E+00 1.6372359758E+01
28.00 2.6451370491E+01 1.4212512165E+01 -2.4170829829E-05 1.5342697380E-05 1.4212512165E+01 2.6451370491E+01 -3.0665892600E-05 1.6827743014E-05 -1.1570731063E-05 2.3282937875E-05 1.9658291237E+01 -1.0546614832E+01 2.2707378806E-06 9.4095595030E-07 1.0546614832E+01 1.9658291237E+01
29.00 3.1150358350E+01 1.3129853624E+01 -2.7652442321E-05 1.1255642135E-05 1.3129853624E+01 3.1150358350E+01 -3.5256059967E-05 1.4543384717E-05 -1.5035169059E-05 2.7929071375E-05 2.4415485966E+01 -1.4206893192E+01 -2.2091826297E-06 3.7492033640E-06 1.4206893192E+01 2.4415485966E+01
30.00 3.6816143374E+01 1.1763083357E+01 -3.0851124623E-05 7.0252213978E-06 1.1763083357E+01 3.6816143374E+01 -3.9450438587E-05 1.2114864205E-05 -1.8347219316E-05 3.2260973094E-05 3.0230222173E+01 -1.7412407939E+01 -6.7262445302E-06 6.5615432883E-06 1.7412407939E+01 3.0230222173E+01
31.00 4.3049326082E+01 1.0154436236E+01 -3.3718721407E-05 2.6972373960E-06 1.0154436236E+01 4.3049326082E+01 -4.3187211751E-05 9.5642299615E-06 -2.1460888487E-05 3.6216653107E-05 3.6699878231E+01 -2.0081106509E+01 -1.1225200695E-05 9.3440565967E-06 2.0081106509E+01 3.6699878231E+01
32.00 4.9475199691E+01 8.3565383009E+00 -3.6212685534E-05 -1.6803074592E-06 8.3565383009E+00 4.9475199691E+01 -4.6412768562E-05 6.9156835065E-06 -2.4333450904E-05 3.9740747190E-05 4.3443767187E+01 -2.2149554051E+01 -1.5650111656E-05 1.2062569287E-05 2.2149554051E+01 4.3443767187E+01
33.00 5.5752976613E+01 6.4303318919E+00 -3.8296811607E-05 -6.0577912828E-06 6.4303318919E+00 5.5752976613E+01 -4.9082577777E-05 4.1953814132E-06 -2.6926159345E-05 4.2785412806E-05 5.0112532152E+01 -2.3574973050E+01 -1.9945132058E-05 1.4683080498E-05 2.3574973050E+01 5.0112532152E+01
34.00 6.1583288475E+01 4.4425926050E+00 -3.9941856210E-05 -1.0384615772E-05 4.4425926050E+00 6.1583288475E+01 -5.1161888418E-05 1.4311798515E-06 -2.9204891771E-05 4.5311087697E-05 5.6395910660E+01 -2.4336516825E+01 -2.4055330643E-05 1.7172214402E-05 2.4336516825E+01 5.6395910660E+01
35.00 6.6713844118E+01 2.4631495210E+00 -4.1126031960E-05 -1.4609903555E-05 2.4631495210E+00 6.6713844118E+01 -5.2626244195E-05 -1.3476782187E-06 -3.1140720169E-05 4.7287096463E-05 6.2028742250E+01 -2.4435732571E+01 -2.7927530733E-05 1.9497691184E-05 2.4435732571E+01 6.2028742250E+01
36.00 7.0943198487E+01 5.6193473233E-01 -4.1835364036E-05 -1.8683239510E-05 5.6193473236E-01 7.0943198487E+01 -5.3461801786E-05 -4.1109310356E-06 -3.2710388284E-05 4.8692092810E-05 6.6795158813E+01 -2.3896200537E+01 -3.1511156339E-05 2.1628810759E-05 2.3896200537E+01 6.6795158813E+01
37.00 7.4122650099E+01 -1.1940032806E+00 -4.2063900966E-05 -2.2555443798E-05 -1.1940032806E+00 7.4122650099E+01 -5.3665447467E-05 -6.8277169113E-06 -3.3896686943E-05 4.9514328611E-05 7.0530959467E+01 -2.2762367419E+01 -3.4759068158E-05 2.3536941768E-05 2.2762367419E+01 7.0530959467E+01
38.00 7.6156343920E+01 -2.7433857136E+00 -4.1813773840E-05 -2.6179362377E-05 -2.7433857135E+00 7.6156343920E+01 -5.3244710147E-05 -9.4670374260E-06 -3.4688717254E-05 4.9751743943E-05 7.3124228973E+01 -2.1097622880E+01 -3.7628372613E-05 2.5196006906E-05 2.1097622880E+01 7.3124228973E+01
39.00 7.6999708461E+01 -4.0333565167E+00 -4.1095101308E-05 -2.9510659104E-05 -4.0333565167E+00 7.6999708461E+01 -5.2217473180E-05 -1.1998256268E-05 -3.5082034361E-05 4.9411875952E-05 7.4514309470E+01 -1.8981697036E+01 -4.0081186574E-05 2.6582954567E-05 1.8981697036E+01 7.4514309470E+01
40.00 7.6656399485E+01 -5.0217805561E+00 -3.9925740958E-05 -3.2508592324E-05 -5.0217805560E+00 7.6656399485E+01 -5.0611491452E-05 -1.4391623072E-05 -3.5078666968E-05 4.8511588100E-05 7.4689278460E+01 -1.6507482704E+01 -4.2085340304E-05 2.7678205874E-05 1.6507482704E+01 7.4689278460E+01
41.00 7.5173957245E+01 -5.6790810910E+00 -3.8330890890E-05 -3.5136757976E-05 -5.6790810910E+00 7.5173957245E+01 -4.8463724178E-05 -1.6618809914E-05 -3.4687010575E-05 4.7076625020E-05 7.3682120723E+01 -1.3777408016E+01 -4.3615001536E-05 2.8466065500E-05 1.3777408016E+01 7.3682120723E+01
42.00 7.2638409277E+01 -5.9895318537E+00 -3.6342548986E-05 -3.7363780966E-05 -5.9895318536E+00 7.2638409277E+01 -4.5819498041E-05 -1.8653446924E-05 -3.3921595666E-05 4.5141002220E-05 7.1565807954E+01 -1.0899501929E+01 -4.4651204496E-05 2.8935084621E-05 1.0899501929E+01 7.1565807954E+01
43.00 6.9168066542E+01 -5.9519439444E+00 -3.3998840237E-05 -3.9163936625E-05 -5.9519439443E+00 6.9168066542E+01 -4.2731518480E-05 -2.0471642354E-05 -3.2802734734E-05 4.2746243156E-05 6.8447517203E+01 -7.9833064081E+00 -4.5182268854E-05 2.9078364187E-05 7.9833064081E+00 6.8447517203E+01
44.00 6.4906767387E+01 -5.5797153878E+00 -3.1343226172E-05 -4.0517685013E-05 -5.5797153878E+00 6.4906767386E+01 -3.9258750773E-05 -2.2052472388E-05 -3.1356055692E-05 3.9940480115E-05 6.4462228061E+01 -5.1357942131E+00 -4.5204095681E-05 2.8893787708E-05 5.1357942131E+00 6.4462228061E+01
45.00 6.0016822132E+01 -4.9002402288E+00 -2.8423612868E-05 -4.1412102045E-05 -4.9002402287E+00 6.0016822132E+01 -3.5465194852E-05 -2.3378425868E-05 -2.9611931654E-05 3.6777437988E-05 5.9765939495E+01 -2.4574500675E+00 -4.4720329531E-05 2.8384173448E-05 2.4574500675E+00 5.9765939495E+01
46.00 5.4671901810E+01 -3.9537031491E+00 -2.5291376883E-05 -4.1841193441E-05 -3.9537031491E+00 5.4671901810E+01 -3.1418580452E-05 -2.4435789989E-05 -2.7604820246E-05 3.3315323117E-05 5.4528740898E+01 -3.8665555358E-02 -4.3742378710E-05 2.7557337652E-05 3.8665555364E-02 5.4528740898E+01
47.00 4.9050098665E+01 -2.7913134166E+00 -2.2000330526E-05 -4.1806079835E-05 -2.7913134166E+00 4.9050098665E+01 -2.7189010822E-05 -2.5214964256E-05 -2.5372527942E-05 2.9615641497E-05 4.8927959310E+01 2.0434153364E+00 -4.2289288685E-05 2.6426062283E-05 -2.0434153364E+00 4.8927959310E+01
48.00 4.3327364566E+01 -1.4730572681E+00 -1.8605649202E-05 -4.1315044501E-05 -1.4730572681E+00 4.3327364566E+01 -2.2847584009E-05 -2.5710691786E-05 -2.2955416745E-05 2.5741972087E-05 4.3141586674E+01 3.7274819661E+00 -4.0387467151E-05 2.5007963066E-05 -3.7274819661E+00 4.3141586674E+01
49.00 3.7671507580E+01 -6.5069441150E-02 -1.5162785104E-05 -4.0383438149E-05 -6.5069441115E-02 3.7671507580E+01 -1.8465021634E-05 -2.5922199174E-05 -2.0395572582E-05 2.1758722478E-05 3.7342168557E+01 4.9699795574E+00 -3.8070262534E-05 2.3325256090E-05 -4.9699795574E+00 3.7342168557E+01
50.00 3.2236897647E+01 1.3632584638E+00 -1.1726391294E-05 -3.9033439181E-05 1.3632584639E+00 3.2236897647E+01 -1.4110334024E-05 -2.5853238894E-05 -1.7735955168E-05 1.7729893897E-05 3.1691309825E+01 5.7463012341E+00 -3.5377401631E-05 2.1404424188E-05 -5.7463012341E+00 3.1691309825E+01
51.00 2.7160000796E+01 2.7423035392E+00 -8.3492804397E-06 -3.7293671271E-05 2.7423035393E+00 2.7160000796E+01 -9.8495500955E-06 -2.5512030926E-05 -1.5019549970E-05 1.3717882692E-05 2.6334924449E+01 6.0512121797E+00 -3.2354295402E-05 1.9275787015E-05 -6.0512121797E+00 2.6334924449E+01
52.00 2.2555828537E+01 4.0052361159E+00 -5.0814412936E-06 -3.5198684196E-05 4.0052361159E+00 2.2555828537E+01 -5.7445382748E-06 -2.4911103472E-05 -1.2288542424E-05 9.7823440945E-06 2.1399326740E+01 5.8984997860E+00 -2.9051225622E-05 1.6972981780E-05 -5.8984997860E+00 2.1399326740E+01
53.00 1.8515355971E+01 5.0909088241E+00 -1.9691345193E-06 -3.2788307434E-05 5.0909088242E+00 1.8515355970E+01 -1.8519424633E-06 -2.4067035601E-05 -9.5835338027E-06 5.9791424130E-06 1.6988230750E+01 5.3198750024E+00 -2.5522428108E-05 1.4532364261E-05 -5.3198750024E+00 1.6988230750E+01
54.00 1.5103929680E+01 5.9464822308E+00 9.4591265759E-07 -3.0106889637E-05 5.9464822308E+00 1.5103929680E+01 1.7777459377E-06 -2.3000107670E-05 -6.9428166605E-06 2.3594094341E-06 1.3180694175E+01 4.3631802532E+00 -2.1825091154E-05 1.1992342275E-05 -4.3631802532E+00 1.3180694175E+01
55.00 1.2360655260E+01 6.5296714093E+00 3.6271961858E-06 -2.7202440416E-05 6.5296714094E+00 1.2360655260E+01 5.1009624020E-06 -2.1733868327E-05 -4.4017258512E-06 -1.0312701062E-06 1.0030013461E+01 3.0899870068E+00 -1.8018290263E-05 9.3926561512E-06 -3.0899870068E+00 1.0030013461E+01
56.00 1.0298725246E+01 6.8105152794E+00 6.0439956848E-06 -2.4125693530E-05 6.8105152794E+00 1.0298725246E+01 8.0816764995E-06 -2.0294629202E-05 -1.9920786064E-06 -4.1535306396E-06 7.5635486926E+00 1.5726902095E+00 -1.4161882020E-05 6.7736223778E-06 -1.5726902095E+00 7.5635486926E+00
57.00 8.9066216766E+00 6.7725924020E+00 8.1717953924E-06 -2.0929112965E-05 6.7725924020E+00 8.9066216765E+00 1.0691822409E-05 -1.8710900733E-05 2.5828553761E-07 -6.9747437492E-06 5.7834306546E+00 -1.0877365503E-01 -1.0315381297E-05 4.1753581358E-06 1.0877365504E-01 5.7834306547E+00
58.00 8.1501041834E+00 6.4136321344E+00 9.9925591129E-06 -1.7665864990E-05 6.4136321344E+00 8.1501041833E+00 1.2911547723E-05 -1.7012784093E-05 2.3258573806E-06 -9.4693745268E-06 4.6680788778E+00 -1.8704439672E+00 -6.5368465893E-06 1.6370051095E-06 1.8704439672E+00 4.6680788779E+00
59.00 7.9748747038E+00 5.7454974733E+00 1.1494856377E-05 -1.4388780327E-05 5.7454974734E+00 7.9748747038E+00 1.4729279829E-05 -1.5231335423E-05 4.1916988180E-06 -1.1619172899E-05 4.1744387155E+00 -3.6279397370E+00 -2.8817982898E-06 -8.0402869554E-07 3.6279397370E+00 4.1744387155E+00
60.00 8.3097940392E+00 4.7935443004E+00 1.2673840929E-05 -1.1149330888E-05 4.7935443004E+00 8.3097940391E+00 1.6141613561E-05 -1.3397919114E-05 5.8415706290E-06 -1.3413200770E-05 4.2408281197E+00 -5.2999987615E+00 5.9780601386E-07 -3.1127907655E-06 5.2999987615E+00 4.2408281197E+00
61.00 9.0705137845E+00 3.5953897903E+00 1.3531086279E-05 -7.9966451219E-06 3.5953897903E+00 9.0705137845E+00 1.7153027974E-05 -1.1543566960E-05 7.2659493429E-06 -1.4847699913E-05 4.7902709573E+00 -6.8118056876E+00 3.8545164163E-06 -5.2574520170E-06 6.8118056876E+00 4.7902709573E+00
62.00 1.0163379814E+01 2.1991491799E+00 1.4074286546E-05 -4.9765850199E-06 2.1991491800E+00 1.0163379814E+01 1.7775443953E-05 -9.6983594794E-06 8.4599383009E-06 -1.5925809405E-05 5.7341837368E+00 -8.0979731411E+00 6.8462348787E-06 -7.2099047780E-06 8.0979731411E+00 5.7341837368E+00
63.00 1.1489460613E+01 6.6122372110E-01 1.4316833892E-05 -2.1309060227E-06 6.6122372112E-01 1.1489460613E+01 1.8027637795E-05 -7.8908446489E-06 9.4230806911E-06 -1.6657144886E-05 6.9762766681E+00 -9.1050564100E+00 9.5369402988E-06 -8.9462765880E-06 9.1050564100E+00 6.9762766681E+00
64.00 1.2948555315E+01 -9.5625761784E-01 1.4277286654E-05 5.0348110459E-07 -9.5625761782E-01 1.2948555315E+01 1.7934529006E-05 -6.1475078879E-06 1.0159084768E-05 -1.7057255020E-05 8.4165281452E+00 -9.7935034639E+00 1.1897279000E-05 -1.0447347922E-05 9.7935034639E+00 8.4165281452E+00
65.00 1.4443042188E+01 -2.5882251624E+00 1.3978744383E-05 2.8951302121E-06 -2.5882251624E+00 1.4443042188E+01 1.7526362828E-05 -4.4923052426E-06 1.0675473321E-05 -1.7146973089E-05 9.9550940650E+00 -1.0138967419E+01 1.3905008391E-05 -1.1698864465E-05 1.0138967419E+01 9.9550940650E+00
66.00 1.5881438423E+01 -4.1695571868E+00 1.3448147823E-05 5.0185485406E-06 -4.1695571868E+00 1.5881438423E+01 1.6837809980E-05 -2.9462694890E-06 1.0983170899E-05 -1.6951683550E-05 1.1496019792E+01 -1.0132936800E+01 1.5545285266E-05 -1.2691737521E-05 1.0132936800E+01 1.1496019792E+01
67.00 1.7181555951E+01 -5.6379394759E+00 1.2715522913E-05 6.8545447428E-06 -5.6379394759E+00 1.7181555951E+01 1.5907007206E-05 -1.5271966497E-06 1.1096043249E-05 -1.6500524813E-05 1.2950632901E+01 -9.7826689015E+00 1.6810793776E-05 -1.3422128941E-05 9.7826689015E+00 1.2950632901E+01
68.00 1.8273155398E+01 -6.9365673941E+00 1.1813188513E-05 8.3904303717E-06 -6.9365673941E+00 1.8273155398E+01 1.4774562810E-05 -2.4941777942E-07 1.1030403774E-05 -1.5825550141E-05 1.4240508797E+01 -9.1104418232E+00 1.7701712086E-05 -1.3891420075E-05 9.1104418232E+00 1.4240508797E+01
69.00 1.9100020558E+01 -8.0165702781E+00 1.0774947645E-05 9.6200727926E-06 -8.0165702781E+00 1.9100020558E+01 1.3482551327E-05 8.7634158482E-07 1.0804501795E-05 -1.4960868690E-05 1.5299918561E+01 -8.1521701591E+00 1.8225520483E-05 -1.4106067188E-05 8.1521701591E+00 1.5299918561E+01
70.00 1.9621398317E+01 -8.8390516556E+00 9.6352814090E-06 1.0543801183E-05 -8.8390516556E+00 1.9621398317E+01 1.2073520679E-05 1.8430143524E-06 1.0438006765E-05 -1.3941788141E-05 1.6077688397E+01 -6.9554563867E+00 1.8396657242E-05 -1.4077348422E-05 6.9554563868E+00 1.6077688397E+01
71.00 1.9812773160E+01 -9.3766572943E+00 8.4285639024E-06 1.1168170984E-05 -9.3766572943E+00 1.9812773160E+01 1.0589534050E-05 2.6471596357E-06 9.9515016675E-06 -1.2803979299E-05 1.6538422279E+01 -5.5771737262E+00 1.8236032166E-05 -1.3821010153E-05 5.5771737262E+00 1.6538422279E+01
72.00 1.9665970325E+01 -9.6146055183E+00 7.1883150240E-06 1.1505595457E-05 -9.6146055183E+00 1.9665970325E+01 9.0712669149E-06 3.2888498312E-06 9.3659975326E-06 -1.1582681496E-05 1.6663063167E+01 -4.0806954635E+00 1.7770410713E-05 -1.3356822714E-05 4.0806954635E+00 1.6663063167E+01
73.00 1.9188606626E+01 -9.5511395247E+00 5.9465062699E-06 1.1573856098E-05 -9.5511395247E+00 1.9188606626E+01 7.5571774260E-06 3.7714834389E-06 8.7024793443E-06 -1.0311965481E-05 1.6448792577E+01 -2.5328996846E+00 1.7031684377E-05 -1.2708057426E-05 2.5328996846E+00 1.6448792577E+01
74.00 1.8402931985E+01 -9.1973884001E+00 4.7329326822E-06 1.1395506333E-05 -9.1973884001E+00 1.8402931985E+01 6.0827659463E-06 4.1015315864E-06 7.9814919108E-06 -9.0240682843E-06 1.5908292750E+01 -1.0010864392E+00 1.6056045382E-05 -1.1900898478E-05 1.0010864392E+00 1.5908292750E+01
75.00 1.7344126998E+01 -8.5766508948E+00 3.5746618150E-06 1.0997185089E-05 -8.5766508948E+00 1.7344126998E+01 4.6799366133E-06 4.2882274595E-06 7.2227723153E-06 -7.7488117787E-06 1.5068419039E+01 4.5005377683E-01 1.4883085488E-05 -1.0963804269E-05 -4.5005377683E-01 1.5068419039E+01
76.00 1.6058141508E+01 -7.7231424794E+00 2.4955682990E-06 1.0408858634E-05 -7.7231424794E+00 1.6058141508E+01 3.3764708890E-06 4.3432087620E-06 6.4449336813E-06 -6.5131139704E-06 1.3968351784E+01 1.7612857114E+00 1.3554840133E-05 -9.9268336554E-06 -1.7612857114E+00 1.3968351784E+01
77.00 1.4599175483E+01 -6.6802705336E+00 1.5159600743E-06 9.6630101978E-06 -6.6802705336E+00 1.4599175483E+01 2.1956199376E-06 4.2801238961E-06 5.6652029832E-06 -5.3405990872E-06 1.2657315892E+01 2.8813650894E+00 1.2114799877E-05 -8.8209528246E-06 -2.8813650894E+00 1.2657315892E+01
78.00 1.3026915770E+01 -5.4985235769E+00 6.5230010340E-07 8.7937976685E-06 -5.4985235768E+00 1.3026915770E+01 1.1558196494E-06 4.1142127817E-06 4.8992140080E-06 -4.2513098338E-06 1.1191971899E+01 3.7691561361E+00 1.0606911458E-05 -7.6773384895E-06 -3.7691561361E+00 1.1191971899E+01
79.00 1.1403650048E+01 -4.2330772612E+00 -8.2975084374E-08 7.8361997510E-06 -4.2330772612E+00 1.1403650048E+01 2.7052899489E-07 3.8618732118E-06 4.1608547257E-06 -3.2615222216E-06 9.6335937370E+00 4.3952432286E+00 9.0745905606E-06 -6.5266927250E-06 -4.3952432286E+00 9.6335937370E+00
80.00 9.7913821352E+00 -2.9412316446E+00 -6.8154077578E-07 6.8251707014E-06 -2.9412316446E+00 9.7913821352E+00 -4.5181036774E-07 3.5402232915E-06 3.4621670351E-06 -2.3836609666E-06 8.0451553287E+00 4.7429733572E+00 7.5597676811E-06 -5.3985839808E-06 -4.7429733572E+00 8.0451553287E+00
81.00 8.2490705794E+00 -1.6798005318E+00 -1.1391762227E-06 5.7948228802E-06 -1.6798005318E+00 8.2490705794E+00 -1.0076981114E-06 3.1666699414E-06 2.8132954980E-06 -1.6263108959E-06 6.4884500217E+00 4.8088930030E+00 6.1019873187E-06 -4.3208278129E-06 -4.8088930030E+00 6.4884500217E+00
82.00 6.8301052030E+00 -5.0257415204E-01 -1.4556681935E-06 4.7776552464E-06 -5.0257415204E-01 6.8301052030E+00 -1.3983900894E-06 2.7584927349E-06 2.2224808317E-06 -9.9431786541E-07 5.0213637342E+00 4.6025712981E+00 4.7375792467E-06 -3.3189196459E-06 -4.6025712981E+00 5.0213637342E+00
83.00 5.5801242159E+00 5.4202882689E-01 -1.6346321841E-06 3.8038441683E-06 5.4202882689E-01 5.5801242159E+00 -1.6296133991E-06 2.3324513517E-06 1.6960930824E-06 -4.8897076224E-07 3.6954144533E+00 4.1458295954E+00 3.4989185524E-06 -2.4155303100E-06 -4.1458295954E+00 3.6954144533E+00
84.00 4.5352581745E+00 1.4130146595E+00 -1.6832589186E-06 2.9006111091E-06 1.4130146595E+00 4.5352581745E+00 -1.7111928495E-06 1.9044239755E-06 1.2386989957E-06 -1.0825477098E-07 2.5536577749E+00 3.4714245275E+00 2.4137890493E-06 -1.6300735977E-06 -3.4714245275E+00 2.5536577749E+00
85.00 3.7208670440E+00 2.0784835548E+00 -1.6119948549E-06 2.0916794296E-06 2.0784835548E+00 3.7208670440E+00 -1.6566014396E-06 1.4890827566E-06 8.5315783045E-07 1.5283506475E-07 1.6290409616E+00 2.6212560380E+00 1.5048620496E-06 -9.7835323505E-07 -2.6212560380E+00 1.6290409616E+00
86.00 3.1508138215E+00 2.5168443211E+00 -1.4341662495E-06 1.3968302402E-06 2.5168443211E+00 3.1508138215E+00 -1.4824484909E-06 1.0996114237E-06 5.4073989979E-07 3.0193160876E-07 9.4326724590E-01 1.6441925995E+00 7.8929987413E-07 -4.7229492296E-07 -1.6441925995E+00 9.4326724590E-01
87.00 2.8272935450E+00 2.7175272785E+00 -1.1655570119E-06 8.3156459604E-07 2.7175272785E+00 2.8272935450E+00 -1.2079198767E-06 7.4746884237E-07 3.0126221746E-07 3.4889688413E-07 5.0620869111E-01 5.9362196813E-01 2.7849062584E-07 -1.1976723358E-07 -5.9362196813E-01 5.0620869111E-01
88.00 2.7412111639E+00 2.6811727292E+00 -8.2395086126E-07 4.0687670621E-07 2.6811727292E+00 2.7412111639E+00 -8.5418502546E-07 4.4220121720E-07 1.3323601856E-07 3.0539890803E-07 3.1588089263E-01 -4.7515334676E-01 -2.2082167704E-08 7.5506715890E-08 4.7515334676E-01 3.1588089263E-01
89.00 2.8730768207E+00 2.4192976148E+00 -4.2864848677E-07 1.2914021937E-07 2.4192976148E+00 2.8730768207E+00 -4.4378541990E-07 1.9130452915E-07 3.4021380487E-08 1.8447600734E-07 3.5896726345E-01 -1.5075516483E+00 -1.1283433356E-07 1.1394667262E-07 1.5075516483E+00 3.5896726345E-01
90.00 3.1943637347E+00 1.9534677806E+00 2.9665202332E-11 1.0693921303E-10 1.9534677806E+00 3.1943637347E+00 -1.8969486276E-11 1.3765931922E-10 -1.5278871083E-11 9.9968451271E-11 6.1185579066E-01 -2.4522552459E+00 5.7565864217E-11 2.3398534997E-11 2.4522552459E+00 6.1185579066E-01
91.00 3.6692531913E+00 1.3140263013E+00 4.4124465259E-07 1.7014908377E-08 1.3140263013E+00 3.6692531913E+00 4.5366604998E-07 -1.2811424220E-07 2.6655569938E-08 -2.3325143276E-07 1.0421281273E+00 -3.2635445191E+00 3.0492328296E-07 -2.5791915482E-07 3.2635445191E+00 1.0421281273E+00
92.00 4.2566741057E+00 5.3844850450E-01 8.7413439364E-07 1.7280031207E-07 5.3844850450E-01 4.2566741057E+00 8.9425462399E-07 -1.9242761686E-07 1.0887967984E-07 -5.0100296514E-07 1.6104207939E+00 -3.9033181419E+00 7.8498676294E-07 -6.4792273139E-07 3.9033181419E+00 1.6104207939E+00
93.00 4.9125320661E+00 -3.3058930704E-01 1.2782938346E-06 4.5640555702E-07 -3.3058930704E-01 4.9125320661E+00 1.2997145639E-06 -1.9388180030E-07 2.4096618801E-07 -7.8886316633E-07 2.2725620708E+00 -4.3427115544E+00 1.4188648021E-06 -1.1547484035E-06 4.3427115544E+00 2.2725620708E+00
94.00 5.5920153012E+00 -1.2473286245E+00 1.6342313174E-06 8.5317392501E-07 -1.2473286245E+00 5.5920153012E+00 1.6495016571E-06 -1.3555673191E-07 4.1682713766E-07 -1.0831711563E-06 2.9818766562E+00 -4.5632464363E+00 2.1811642639E-06 -1.7602773231E-06 4.5632464363E+00 2.9818766562E+00
95.00 6.2518630133E+00 -2.1651294427E+00 1.9237933448E-06 1.3453194519E-06 -2.1651294427E+00 6.2518630133E+00 1.9250115032E-06 -2.2390744555E-08 6.3010830520E-07 -1.3712033664E-06 3.6915439030E+00 -4.5574674158E+00 3.0431636265E-06 -2.4439697284E-06 4.5574674158E+00 3.6915439030E+00
96.00 6.8524851067E+00 -3.0386459417E+00 2.1305509216E-06 1.9124594347E-06 -3.0386459417E+00 6.8524851067E+00 2.1099708217E-06 1.3899747796E-07 8.7431069992E-07 -1.6414358602E-06 4.3568947482E+00 -4.3290473701E+00 3.9735631345E-06 -3.1833724804E-06 4.3290473701E+00 4.3568947482E+00
97.00 7.3598313277E+00 -3.8258740454E+00 2.2401415511E-06 2.5321957904E-06 -3.8258740454E+00 7.3598313277E+00 2.1907625604E-06 3.4051811189E-07 1.1429026048E-06 -1.8837594024E-06 4.9375373274E+00 -3.8923681869E+00 4.9392864165E-06 -3.9546644197E-06 3.8923681869E+00 4.9375373274E+00
98.00 7.7469217972E+00 -4.4899766465E+00 2.2405620274E-06 3.1807308657E-06 -4.4899766465E+00 7.7469217972E+00 2.1566808922E-06 5.7284567421E-07 1.4294222700E-06 -2.0896457313E-06 5.3992114869E+00 -3.2716085287E+00 5.9063156056E-06 -4.7332283249E-06 3.2716085287E+00 5.3992114869E+00
99.00 7.9949691474E+00 -5.0008056363E+00 2.1224081867E-06 3.8335028627E-06 -5.0008056363E+00 7.9949691474E+00 2.0001138024E-06 8.2567553094E-07 1.7275716501E-06 -2.2522648304E-06 5.7152874222E+00 -2.4993927938E+00 6.8405413775E-06 -5.4942376972E-06 2.4993927938E+00 5.7152874222E+00
100.00 8.0940440645E+00 -5.3360569380E+00 1.8790588183E-06 4.4658260224E-06 -5.3360569380E+00 8.0940440645E+00 1.7166525894E-06 1.0879960756E-06 2.0313016512E-06 -2.3665541270E-06 5.8678427298E+00 -1.6150750355E+00 7.7086091578E-06 -6.2132463800E-06 1.6150750355E+00 5.8678427298E+00
101.00 8.0432598805E+00 -5.4820145792E+00 1.5068019659E-06 5.0535209831E-06 -5.4820145792E+00 8.0432598805E+00 1.3051291496E-06 1.3483710848E-06 2.3348894170E-06 -2.4292416458E-06 5.8482742586E+00 -6.6274720280E-01 8.4787429182E-06 -6.8667689109E-06 6.6274720280E-01 5.8482742586E+00
102.00 7.8504767447E+00 -5.4338613847E+00 1.0049028412E-06 5.5735213624E-06 -5.4338613847E+00 7.8504767447E+00 7.6758327527E-07 1.5952267982E-06 2.6330080318E-06 -2.4388259275E-06 5.6574251536E+00 3.1092796953E-01 9.1215285926E-06 -7.4328396849E-06 -3.1092796953E-01 5.6574251536E+00
103.00 7.5315505522E+00 -5.1955560087E+00 3.7561352720E-07 6.0044434476E-06 -5.1955560087E+00 7.5315505522E+00 1.0916355304E-07 1.8171382708E-06 2.9207889836E-06 -2.3955163914E-06 5.3052321630E+00 1.2589532072E+00 9.6106399872E-06 -7.8915392673E-06 -1.2589532072E+00 5.3052321630E+00
104.00 7.1091749483E+00 -4.7792975933E+00 -3.7587445131E-07 6.3271070650E-06 -4.7792975933E+00 7.1091749483E+00 -6.6203350831E-07 2.0031097083E-06 3.1938774030E-06 -2.3011382190E-06 4.8099223479E+00 2.1361952080E+00 9.9234913568E-06 -8.2254767598E-06 -2.1361952080E+00 4.8099223479E+00
105.00 6.6113851733E+00 -4.2046192686E+00 -1.2415327709E-06 6.5249970680E-06 -4.2046192686E+00 6.6113851733E+00 -1.5351804612E-06 2.1428436683E-06 3.4484799358E-06 -2.1590063317E-06 4.1968105723E+00 2.9014430437E+00 1.0041802412E-05 -8.4202178644E-06 -2.9014430437E+00 4.1968105723E+00
106.00 6.0698092090E+00 -3.4971689922E+00 -2.2106514497E-06 6.5846564180E-06 -3.4971689922E+00 6.0698092090E+00 -2.4969856003E-06 2.2269942475E-06 3.6814048182E-06 -1.9737732154E-06 3.4967684220E+00 3.5192333648E+00 9.9520633129E-06 -8.4646491601E-06 -3.5192333648E+00 3.4967684221E+00
107.00 5.5177637752E+00 -2.6872500449E+00 -3.2700430745E-06 6.4960035696E-06 -2.6872500449E+00 5.5177637752E+00 -3.5320022813E-06 2.2473996789E-06 3.8900934739E-06 -1.7512554403E-06 2.7444505453E+00 3.9613628310E+00 9.6458893805E-06 -8.3512702571E-06 -3.9613628310E+00 2.7444505453E+00
108.00 4.9882996053E+00 -1.8082032120E+00 -4.4042920285E-06 6.2525686836E-06 -1.8082032120E+00 4.9882996053E+00 -4.6229733930E-06 2.1972901079E-06 4.0726427624E-06 -1.4982436785E-06 1.9763750790E+00 4.2080251477E+00 9.1202575650E-06 -8.0764067751E-06 -4.2080251477E+00 1.9763750790E+00
109.00 4.5123017509E+00 -8.9471788110E-01 -5.5960440351E-06 5.8516450187E-06 -8.9471788108E-01 4.5123017509E+00 -5.7512031859E-06 2.0714667150E-06 4.2278168192E-06 -1.2223008687E-06 1.2289603275E+00 4.2485295713E+00 8.3776191672E-06 -7.6403385215E-06 -4.2485295713E+00 1.2289603275E+00
110.00 4.1167464065E+00 1.8840185203E-02 -6.8263308471E-06 5.2943538387E-06 1.8840185217E-02 4.1167464065E+00 -6.8969485544E-06 1.8664488173E-06 4.3550474259E-06 -9.3155299417E-07 5.3661999085E-01 4.0815787397E+00 7.4258860699E-06 -7.0473389425E-06 -4.0815787397E+00 5.3661999085E-01
111.00 3.8232061563E+00 9.0000070606E-01 -8.0749243620E-06 4.5856229569E-06 9.0000070608E-01 3.8232061563E+00 -8.0398218489E-06 1.5805860673E-06 4.4544218324E-06 -6.3447664212E-07 -6.9985930823E-02 3.7151051146E+00 6.2782902810E-06 -6.3056235558E-06 -3.7151051146E+00 -6.9985930816E-02
112.00 3.6466811699E+00 1.7195849961E+00 -9.3207140858E-06 3.7340808912E-06 1.7195849961E+00 3.6466811699E+00 -9.1591974344E-06 1.2141333969E-06 4.5266570962E-06 -3.3968719505E-07 -5.6545754009E-01 3.1656861447E+00 4.9531194690E-06 -5.4272070097E-06 -3.1656861447E+00 -5.6545754009E-01
113.00 3.5948155132E+00 2.4528630029E+00 -1.0542101490E-05 2.7518703865E-06 2.4528630029E+00 3.5948155131E+00 -1.0234614495E-05 7.6928705663E-07 4.5730603322E-06 -5.5731291489E-08 -9.3084616602E-01 2.4575774816E+00 3.4733338510E-06 -4.4276703628E-06 -2.4575774816E+00 -9.3084616601E-01
114.00 3.6675363992E+00 3.0804229564E+00 -1.1717404521E-05 1.6543865534E-06 3.0804229565E+00 3.6675363992E+00 -1.1246168897E-05 2.5018060563E-07 4.5954745365E-06 2.0911323321E-07 -1.1544755431E+00 1.6214203247E+00 1.8660724394E-06 -3.3258421254E-06 -1.6214203247E+00 -1.1544755431E+00
115.00 3.8571310406E+00 3.5887224444E+00 -1.2825265268E-05 4.5994640423E-07 3.5887224444E+00 3.8571310406E+00 -1.2174887381E-05 -3.3715948324E-07 4.5962101982E-06 4.4702686774E-07 -1.2323587785E+00 6.9269251670E-01 1.6205917901E-07 -2.1433986373E-06 -6.9269251669E-01 -1.2323587785E+00
116.00 4.1487520343E+00 3.9703079856E+00 -1.3845053671E-05 -8.1060214617E-07 3.9703079856E+00 4.1487520342E+00 -1.3003077849E-05 -9.8489822554E-07 4.5779634568E-06 6.5082465134E-07 -1.1681986019E+00 -2.9001718474E-01 -1.6050781584E-06 -9.0439132015E-07 2.9001718475E-01 -1.1681986019E+00
117.00 4.5213191842E+00 4.2237085532E+00 -1.4757260087E-05 -2.1343227210E-06 4.2237085532E+00 4.5213191842E+00 -1.3714650143E-05 -1.6835154324E-06 4.5437221468E-06 8.1411654761E-07 -9.7298034592E-01 -1.2868265110E+00 -3.3995613564E-06 3.6528975719E-07 1.2868265110E+00 -9.7298034591E-01
118.00 4.9487645743E+00 4.3530259934E+00 -1.5543869529E-05 -3.4866743273E-06 4.3530259934E+00 4.9487645742E+00 -1.4295402266E-05 -2.4219659872E-06 4.4966617418E-06 9.3144960032E-07 -6.6418809812E-01 -2.2583820940E+00 -5.1842706526E-06 1.6385048212E-06 2.2583820940E+00 -6.6418809811E-01
119.00 5.4015496565E+00 4.3672609776E+00 -1.6188710591E-05 -4.8420259114E-06 4.3672609776E+00 5.4015496565E+00 -1.4733267777E-05 -3.1878743740E-06 4.4400338139E-06 9.9842967582E-07 -2.6469342299E-01 -3.1676028218E+00 -6.9215909257E-06 2.8874930793E-06 3.1676028218E+00 -2.6469342298E-01
120.00 5.8483690609E+00 4.2794261818E+00 -1.6677772272E-05 -6.1741905342E-06 4.2794261819E+00 5.8483690608E+00 -1.5018520707E-05 -3.9677600144E-06 4.3770502205E-06 1.0118207793E-06 1.9861797323E-01 -3.9812665229E+00 -8.5742758688E-06 4.0845270326E-06 3.9812665229E+00 1.9861797324E-01
121.00 6.2579464831E+00 4.1055081748E+00 -1.6999482394E-05 -7.4569677449E-06 4.1055081749E+00 6.2579464831E+00 -1.5143935232E-05 -4.7472891212E-06 4.3107666826E-06 9.6962013856E-07 6.9640402907E-01 -4.6713722010E+00 -1.0106310185E-05 5.2025772882E-06 4.6713722010E+00 6.9640402908E-01
122.00 6.6008238245E+00 3.8633455343E+00 -1.7144941753E-05 -8.6646828608E-06 3.8633455343E+00 6.6008238245E+00 -1.5104897977E-05 -5.5115482251E-06 4.2439698058E-06 8.7110745989E-07 1.1985230184E+00 -5.2162226772E+00 -1.1483749650E-05 6.2159719671E-06 5.2162226772E+00 1.1985230184E+00
123.00 6.8510459254E+00 3.5714927645E+00 -1.7108108949E-05 -9.7727119933E-06 3.5714927645E+00 6.8510459253E+00 -1.4899471815E-05 -6.2453338261E-06 4.1790717736E-06 7.1686707592E-07 1.6757002548E+00 -5.6011872278E+00 -1.2675519149E-05 7.1010345458E-06 5.6011872278E+00 1.6757002548E+00
124.00 6.9876496440E+00 3.2481376277E+00 -1.6885931513E-05 -1.0757982114E-05 3.2481376278E+00 6.9876496440E+00 -1.4528410614E-05 -6.9334521582E-06 4.1180169508E-06 5.0878203585E-07 2.1011172330E+00 -5.8191198536E+00 -1.3654149514E-05 7.8366839264E-06 5.8191198536E+00 2.1011172330E+00
125.00 6.9958772920E+00 2.9101337311E+00 -1.6478420155E-05 -1.1599436120E-05 2.9101337311E+00 6.9958772920E+00 -1.3995125518E-05 -7.5610227064E-06 4.0622044405E-06 2.4999963806E-07 2.4518414179E+00 -5.8704254031E+00 -1.4396435321E-05 8.4049811777E-06 5.8704254031E+00 2.4518414179E+00
126.00 6.8680499107E+00 2.5722010292E+00 -1.5888663788E-05 -1.2278453657E-05 2.5722010293E+00 6.8680499107E+00 -1.3305603857E-05 -8.1137788561E-06 4.0124302599E-06 -5.5131600923E-08 2.7100247379E+00 -5.7627820852E+00 -1.4883997342E-05 8.7916081650E-06 5.7627820852E+00 2.7100247379E+00
127.00 6.6040546877E+00 2.2463349120E+00 -1.5122784447E-05 -1.2779219475E-05 2.2463349120E+00 6.6040546876E+00 -1.2468282859E-05 -8.5783590225E-06 3.9688521658E-06 -4.0115293413E-07 2.8638121387E+00 -5.5105442395E+00 -1.5103735644E-05 8.9862648189E-06 5.5105442395E+00 2.8638121387E+00
128.00 6.2114219458E+00 1.9414504688E+00 -1.4189832306E-05 -1.3089032222E-05 1.9414504689E+00 6.2114219458E+00 -1.1493880933E-05 -8.9425816842E-06 3.9309793913E-06 -7.8161308166E-07 2.9079175349E+00 -5.1338629000E+00 -1.5048161720E-05 8.9829734393E-06 5.1338629000E+00 2.9079175349E+00
129.00 5.7049894306E+00 1.6632732132E+00 -1.3101622470E-05 -1.3198547923E-05 1.6632732132E+00 5.7049894306E+00 -1.0395190153E-05 -9.1956981069E-06 3.8976886323E-06 -1.1892106869E-06 2.8438422736E+00 -4.6575731604E+00 -1.4715600964E-05 8.7802807305E-06 4.6575731604E+00 2.8438422736E+00
130.00 5.1061738838E+00 1.4144718958E+00 -1.1872516554E-05 -1.3101953732E-05 1.4144718959E+00 5.1061738838E+00 -9.1868342194E-06 -9.3286169325E-06 3.8672665168E-06 -1.6159588141E-06 2.6797298583E+00 -4.1099061880E+00 -1.4110259955E-05 8.3813506866E-06 4.1099061880E+00 2.6797298583E+00
131.00 4.4418909334E+00 1.1950139558E+00 -1.0519153281E-05 -1.2797069062E-05 1.1950139558E+00 4.4418909334E+00 -7.8849967419E-06 -9.3340955100E-06 3.8374777361E-06 -2.0533680856E-06 2.4298691937E+00 -3.5210896624E+00 -1.3242156219E-05 7.7939442188E-06 3.5210896624E+00 2.4298691938E+00
132.00 3.7431830352E+00 1.0027104985E+00 -9.0601337675E-06 -1.2285372712E-05 1.0027104985E+00 3.7431830351E+00 -6.5071253281E-06 -9.2068936080E-06 3.8056567978E-06 -2.4926443081E-06 2.1138760944E+00 -2.9219032750E+00 -1.2126911717E-05 7.0302844313E-06 2.9219032750E+00 2.1138760944E+00
133.00 3.0436305948E+00 8.3390623802E-01 -7.5156681350E-06 -1.1571956205E-05 8.3390623805E-01 3.0436305948E+00 -5.0716172475E-06 -8.9438861149E-06 3.7688203494E-06 -2.9248958923E-06 1.7555983857E+00 -2.3422557273E+00 -1.0785414609E-05 6.1068094398E-06 2.3422557273E+00 1.7555983857E+00
134.00 2.3776326832E+00 6.8426122577E-01 -5.9071912281E-06 -1.0665405022E-05 6.8426122581E-01 2.3776326832E+00 -3.5974929107E-06 -8.5441322982E-06 3.7237959340E-06 -3.3413457504E-06 1.3818029103E+00 -1.8098465317E+00 -9.2433572609E-06 5.0438177678E-06 1.8098465317E+00 1.3818029103E+00
135.00 1.7786503514E+00 5.4956588605E-01 -4.2569559216E-06 -9.5776110209E-06 5.4956588608E-01 1.7786503514E+00 -2.1040634477E-06 -8.0089003876E-06 3.6673622723E-06 -3.7335421099E-06 1.0207125396E+00 -1.3489700964E+00 -7.5306616053E-06 3.8650142804E-06 1.3489700964E+00 1.0207125396E+00
136.00 1.2775071448E+00 4.2652917828E-01 -2.5876131428E-06 -8.3235206825E-06 4.2652917832E-01 1.2775071447E+00 -6.1059883164E-07 -7.3416473133E-06 3.5963954641E-06 -4.0935623892E-06 7.0046750646E-01 -9.7951142789E-01 -5.6808058225E-06 2.5969674568E-06 9.7951142790E-01 7.0046750647E-01
137.00 9.0083793468E-01 3.1348167679E-01 -9.2178809008E-07 -6.9208252075E-06 3.1348167683E-01 9.0083793464E-01 8.6399710150E-07 -6.5479546289E-06 3.5080151186E-06 -4.4142043217E-06 4.4758778787E-01 -7.1617274101E-01 -3.7300688970E-06 1.2684913219E-06 7.1617274101E-01 4.4758778788E-01
138.00 6.6976885515E-01 2.1094087786E-01 7.1833782149E-07 -5.3895996586E-06 2.1094087789E-01 6.6976885511E-01 2.3014986262E-06 -5.6354227253E-06 3.3997242669E-06 -4.6891587237E-06 2.8551188323E-01 -5.6795882762E-01 -1.7167116186E-06 -9.0032496718E-08 5.6795882762E-01 2.8551188325E-01
139.00 5.9889840524E-01 1.2199477922E-01 2.3114298961E-06 -3.7518993759E-06 1.2199477926E-01 5.9889840520E-01 3.6846512778E-06 -4.6135264680E-06 3.2695370388E-06 -4.9131586893E-06 2.3328230878E-01 -5.3793674165E-01 3.1988577265E-07 -1.4473753723E-06 5.3793674166E-01 2.3328230879E-01
140.00 6.9563334978E-01 5.2471219663E-02 3.8373790408E-06 -2.0313227910E-06 5.2471219698E-02 6.9563334974E-01 4.9974408598E-06 -3.4934363699E-06 3.1160885256E-06 -5.0821006796E-06 3.0443981583E-01 -6.2327275484E-01 2.3401080683E-06 -2.7722064834E-06 6.2327275485E-01 3.0443981584E-01
141.00 9.5991380644E-01 1.0873955451E-02 5.2776483409E-06 -2.5255032972E-07 1.0873955485E-02 9.5991380640E-01 6.2253335469E-06 -2.2878101060E-06 2.9387218722E-06 -5.1931337176E-06 5.0617723047E-01 -8.1553717524E-01 4.3049900314E-06 -4.0338426812E-06 8.1553717524E-01 5.0617723048E-01
142.00 1.3843408699E+00 8.0812099518E-03 6.6155799876E-06 1.5591303985E-06 8.0812099856E-03 1.3843408699E+00 7.3554830128E-06 -1.0105598945E-06 2.7375486053E-06 -5.2447139503E-06 8.3879051969E-01 -1.1012560112E+00 6.1770802300E-06 -5.2029841048E-06 1.1012560112E+00 8.3879051970E-01
143.00 1.9546984140E+00 5.6817614511E-02 7.8366563287E-06 3.3783027772E-06 5.6817614544E-02 1.9546984140E+00 8.3769012603E-06 3.2339833064E-07 2.5134792782E-06 -5.2366229117E-06 1.2954499174E+00 -1.4626780780E+00 7.9212629225E-06 -6.2524166515E-06 1.4626780780E+00 1.2954499174E+00
144.00 2.6508394790E+00 1.7092518914E-01 8.9287100818E-06 5.1798923923E-06 1.7092518918E-01 2.6508394790E+00 9.2805906646E-06 1.6984077407E-06 2.2682227790E-06 -5.1699490366E-06 1.8622984458E+00 -1.8787173874E+00 9.5055184086E-06 -7.1576633594E-06 1.8787173874E+00 1.8622984459E+00
145.00 3.4478880171E+00 3.6447243904E-01 9.8820801642E-06 6.9396212512E-06 3.6447243907E-01 3.4478880171E+00 1.0059635627E-05 3.0983391708E-06 2.0042539799E-06 -5.0470332018E-06 2.5188697102E+00 -2.3260238612E+00 1.0901604077E-05 -7.8975682591E-06 2.3260238612E+00 2.5188697102E+00
146.00 4.3176897729E+00 6.5075198442E-01 1.0689710999E-05 8.6344354375E-06 6.5075198445E-01 4.3176897728E+00 1.0709253068E-05 4.5068592113E-06 1.7247507725E-06 -4.8713803059E-06 3.2388021698E+00 -2.7801308124E+00 1.2085640530E-05 -8.4547980952E-06 2.7801308124E+00 3.2388021698E+00
147.00 5.2304326112E+00 1.0412257257E+00 1.1347194697E-05 1.0242897398E-05 1.0412257257E+00 5.2304326112E+00 1.1226801933E-05 5.9076919723E-06 1.4335028567E-06 -4.6475400398E-06 3.9908138810E+00 -3.2166253831E+00 1.3038589859E-05 -8.8162497130E-06 3.2166253831E+00 3.9908138811E+00
148.00 6.1563473973E+00 1.5444818502E+00 1.1852756942E-05 1.1745534950E-05 1.5444818502E+00 6.1563473973E+00 1.1611752705E-05 7.2848690497E-06 1.1347958762E-06 -4.3809610729E-06 4.7398905574E+00 -3.6122882769E+00 1.3746615992E-05 -8.9733534714E-06 3.6122882769E+00 4.7398905574E+00
149.00 7.0673960559E+00 2.1652696651E+00 1.2207188803E-05 1.3125140201E-05 2.1652696652E+00 7.0673960559E+00 1.1865618757E-05 8.6229628390E-06 8.3327555020E-07 -4.0778237296E-06 5.4486311801E+00 -3.9461516129E+00 1.4201320172E-05 -8.9222659254E-06 3.9461516129E+00 5.4486311801E+00
150.00 7.9388539538E+00 2.9036761467E+00 1.2413727965E-05 1.4367012857E-05 2.9036761467E+00 7.9388539537E+00 1.1991852091E-05 9.9072990231E-06 5.3379729202E-07 -3.7448569383E-06 6.0786896559E+00 -4.2004284306E+00 1.4399847870E-05 -8.6639479924E-06 4.2004284306E+00 6.0786896559E+00
151.00 8.7506992254E+00 3.7545022841E+00 1.2477894005E-05 1.5459143682E-05 3.7545022841E+00 8.7506992254E+00 1.1995706698E-05 1.1124144776E-05 2.4126745067E-07 -3.3891457045E-06 6.5922483497E+00 -4.3612740373E+00 1.4344866596E-05 -8.2041278045E-06 4.3612740373E+00 6.5922483497E+00
152.00 9.4887318313E+00 4.7068880324E+00 1.2407283272E-05 1.6392335407E-05 4.7068880325E+00 9.4887318313E+00 1.1884073326E-05 1.2260870113E-05 -3.9517397217E-08 -3.0179355525E-06 6.9534597529E+00 -4.4193477212E+00 1.4044417357E-05 -7.5531504665E-06 4.4193477212E+00 6.9534597529E+00
153.00 1.0145359468E+01 5.7442224250E+00 1.2211329708E-05 1.7160259892E-05 5.7442224250E+00 1.0145359468E+01 1.1665289913E-05 1.3306080663E-05 -3.0402662261E-07 -2.6384403559E-06 7.1297959730E+00 -4.3701529560E+00 1.3511645461E-05 -6.7257197622E-06 4.3701529560E+00 7.1297959730E+00
154.00 1.0720005208E+01 6.8443607570E+00 1.1901038431E-05 1.7759451770E-05 6.8443607570E+00 1.0720005208E+01 1.1348932269E-05 1.4249720889E-05 -5.4814091991E-07 -2.2576597103E-06 7.0932518726E+00 -4.2141446761E+00 1.2764419126E-05 -5.7405394244E-06 4.2141446761E+00 7.0932518726E+00
155.00 1.1219111972E+01 7.9801544973E+00 1.1488699263E-05 1.8189240426E-05 7.9801544974E+00 1.1219111972E+01 1.0945589803E-05 1.5083147692E-05 -7.6828116815E-07 -1.8822114503E-06 6.8213561736E+00 -3.9566030377E+00 1.1824846920E-05 -4.6198639684E-06 3.9566030377E+00 6.8213561736E+00
156.00 1.1655740649E+01 9.1202825724E+00 1.0987587441E-05 1.8451623513E-05 9.1202825724E+00 1.1655740649E+01 1.0466631217E-05 1.5799175072E-05 -9.6151579242E-07 -1.5181842074E-06 6.2979551713E+00 -3.6072838162E+00 1.0718707097E-05 -3.3889711009E-06 3.6072838162E+00 6.2979551713E+00
157.00 1.2048780580E+01 1.0230355808E+01 1.0411658707E-05 1.8551086541E-05 1.0230355808E+01 1.2048780580E+01 9.9239651065E-06 1.6392091103E-05 -1.1256426081E-06 -1.1710140470E-06 5.5137453057E+00 -3.1798657522E+00 9.4748037053E-06 -2.0755692958E-06 3.1798657522E+00 5.5137453057E+00
158.00 1.2421812272E+01 1.1274250519E+01 9.7752455626E-06 1.8494374354E-05 1.1274250519E+01 1.2421812272E+01 9.3298001453E-06 1.6857649212E-05 -1.2592422729E-06 -8.4538809107E-07 4.4665430906E+00 -2.6912242916E+00 8.1242656388E-06 -7.0915540429E-07 2.6912242916E+00 4.4665430906E+00
159.00 1.2801681248E+01 1.2215613386E+01 9.0927611802E-06 1.8290221269E-05 1.2215613386E+01 1.2801681248E+01 8.6964095539E-06 1.7193036136E-05 -1.3617016810E-06 -5.4517705707E-07 3.1612931787E+00 -2.1605688654E+00 6.6998056880E-06 6.7966201439E-07 2.1605688654E+00 3.1612931787E+00
160.00 1.3216858008E+01 1.3019468610E+01 8.3784167012E-06 1.7949047646E-05 1.3019468610E+01 1.3216858008E+01 8.0359039932E-06 1.7396819417E-05 -1.4332069371E-06 -2.7339735964E-07 1.6098270130E+00 -1.6084867756E+00 5.2349571351E-06 2.0598575650E-06 1.6084867756E+00 1.6098270130E+00
161.00 1.3695671280E+01 1.3653850568E+01 7.6459570537E-06 1.7482631100E-05 1.3653850568E+01 1.3695671280E+01 7.3600168081E-06 1.7468877367E-05 -1.4747067892E-06 -3.2202380225E-08 -1.6960497502E-01 -1.0559406345E+00 3.7633054485E-06 3.4006860252E-06 1.0559406345E+00 -1.6960497502E-01
162.00 1.4264509305E+01 1.4091381245E+01 6.9084196034E-06 1.6903761359E-05 1.4091381245E+01 1.4264509305E+01 6.6799050490E-06 1.7410314954E-05 -1.4878486611E-06 1.7709861473E-07 -2.1529958089E+00 -5.2326795967E-01 2.3177323093E-06 4.6723657302E-06 5.2326795967E-01 -2.1529958089E+00
163.00 1.4946086541E+01 1.4310711889E+01 6.1779192156E-06 1.6225887583E-05 1.4310711889E+01 1.4946086541E+01 6.0059692998E-06 1.7223368671E-05 -1.4748904553E-06 3.5399640191E-07 -4.3114004319E+00 -2.9230901812E-02 9.2968844310E-07 5.8467333534E-06 2.9230901813E-02 -4.3114004319E+00
164.00 1.5757870627E+01 1.4297752710E+01 5.4654622993E-06 1.5462767385E-05 1.4297752710E+01 1.5757870627E+01 5.3476946721E-06 1.6911303889E-05 -1.4385923049E-06 4.9871590333E-07 -6.6118670809E+00 4.0983880938E-01 -3.7148930947E-07 6.8978560991E-06 -4.0983880937E-01 -6.6118670809E+00
165.00 1.6710756826E+01 1.4046622829E+01 4.7807917201E-06 1.4628126178E-05 1.4046622829E+01 1.6710756826E+01 4.7135149354E-06 1.6478307655E-05 -1.3820931238E-06 6.1213245219E-07 -9.0184364062E+00 7.8075962561E-01 -1.5592025896E-06 7.8025886252E-06 -7.8075962561E-01 -9.0184364062E+00
166.00 1.7808064882E+01 1.3560264723E+01 4.1322637570E-06 1.3735335362E-05 1.3560264723E+01 1.7808064882E+01 4.1107013069E-06 1.5929380036E-05 -1.3087774003E-06 6.9567472075E-07 -1.1493163574E+01 1.0740514639E+00 -2.6101453471E-06 8.5410635166E-06 -1.0740514639E+00 -1.1493163574E+01
167.00 1.9044916856E+01 1.2850682597E+01 3.5267572853E-06 1.2797116929E-05 1.2850682597E+01 1.9044916856E+01 3.5452766535E-06 1.5270226571E-05 -1.2221378730E-06 7.5121905240E-07 -1.3997121288E+01 1.2842937815E+00 -3.5047761695E-06 9.0971058235E-06 -1.2842937815E+00 -1.3997121288E+01
168.00 2.0408034939E+01 1.1938781619E+01 2.9696150718E-06 1.1825281486E-05 1.1938781619E+01 2.0408034939E+01 3.0219557233E-06 1.4507154341E-05 -1.1256398773E-06 7.8098006530E-07 -1.6491346430E+01 1.4102753106E+00 -4.2277004231E-06 9.4585640402E-06 -1.4102753106E+00 -1.6491346430E+01
169.00 2.1875976418E+01 1.0853803995E+01 2.4646161575E-06 1.0830505558E-05 1.0853803995E+01 2.1875976418E+01 2.5441112375E-06 1.3646973606E-05 -1.0225928327E-06 7.8740220376E-07 -1.8937699437E+01 1.4549306176E+00 -4.7679555513E-06 9.6175517231E-06 -1.4549306176E+00 -1.8937699437E+01
170.00 2.3419800162E+01 9.6323774498E+00 2.0139781433E-06 9.8221529490E-06 9.6323774498E+00 2.3419800162E+01 2.1137655655E-06 1.2696906737E-05 -9.1603405701E-07 7.7305668869E-07 -2.1299613195E+01 1.4250691406E+00 -5.1191949806E-06 9.5705960131E-06 -1.4250691406E+00 -2.1299613195E+01
171.00 2.5004136259E+01 8.3172108054E+00 1.6183875068E-06 8.8081437612E-06 8.3172108054E+00 2.5004136259E+01 1.7316070507E-06 1.1664505707E-05 -8.0862932468E-07 7.4054774241E-07 -2.3542716630E+01 1.3309125379E+00 -5.2797682932E-06 9.3186911839E-06 -1.3309125379E+00 -2.3542716630E+01
172.00 2.6588609077E+01 6.9554891073E+00 1.2770560951E-06 7.7948732987E-06 6.9554891073E+00 2.6588609077E+01 1.3970300082E-06 1.0557579006E-05 -7.0259398844E-07 6.9243146743E-07 -2.5635326707E+01 1.1854655540E+00 -5.2526974079E-06 8.8672573172E-06 -1.1854655540E+00 -2.5635326707E+01
173.00 2.8129545161E+01 5.5970361032E+00 9.8780137635E-07 6.7871818391E-06 5.5970361032E+00 2.8129545161E+01 1.1081968257E-06 9.3841285770E-06 -5.9963733873E-07 6.3114987556E-07 -2.7548810797E+01 1.0037537144E+00 -5.0455506355E-06 8.2260061066E-06 -1.0037537144E+00 -2.7548810797E+01
174.00 2.9581881988E+01 4.2923241502E+00 7.4714824373E-07 5.7883748447E-06 4.2923241502E+00 2.9581881988E+01 8.6212066077E-07 8.1522968341E-06 -5.0093211068E-07 5.5898193656E-07 -2.9257828753E+01 8.0196760653E-01 -4.6702184725E-06 7.4087174746E-06 -8.0196760653E-01 -2.9257828753E+01
175.00 3.0901182552E+01 3.0904200710E+00 5.5044977108E-07 4.8002918967E-06 3.0904200710E+00 3.0901182552E+01 6.5476676821E-07 6.8703236314E-06 -4.0710975717E-07 4.7801250974E-07 -3.0740470157E+01 5.9655796841E-01 -4.1425968463E-06 6.4329324653E-06 -5.9655796841E-01 -3.0740470157E+01
176.00 3.2045654624E+01 2.0369596829E+00 3.9202453509E-07 3.8234214020E-06 2.0369596829E+00 3.2045654624E+01 4.8117048413E-07 5.5465126491E-06 -3.1828123258E-07 3.9011925950E-07 -3.1978306740E+01 4.0332807060E-01 -3.4821853371E-06 5.3195693225E-06 -4.0332807060E-01 -3.1978306740E+01
177.00 3.2978072696E+01 1.1722434259E+00 2.6530794634E-07 2.8570568860E-06 1.1722434259E+00 3.2978072696E+01 3.3556968174E-07 4.1892063820E-06 -2.3408183189E-07 2.9697678893E-07 -3.2956382672E+01 2.3656982528E-01 -2.7116093908E-06 4.0924710561E-06 -2.3656982528E-01 -3.2956382672E+01
178.00 3.3667505091E+01 5.2954069705E-01 1.6301517124E-07 1.8994897154E-06 5.2954069705E-01 3.3667505091E+01 2.1154942598E-07 2.8067687184E-06 -1.5373776021E-07 2.0007644035E-07 -3.3663166212E+01 1.0828769472E-01 -1.8560770224E-06 2.7778940411E-06 -1.0828769472E-01 -3.3663166212E+01
179.00 3.4090758301E+01 1.3368137225E-01 7.7313243844E-08 9.4823210758E-07 1.3368137225E-01 3.4090758301E+01 1.0219649012E-07 1.4075738401E-06 -7.6151213055E-08 1.0075954766E-07 -3.4090485063E+01 2.7549912144E-02 -9.4278163218E-07 1.4039481818E-06 -2.7549912144E-02 -3.4090485063E+01
180.00 3.4233464893E+01 1.4654943925E-14 -3.6772038980E-16 2.6354046982E-10 1.4654943925E-14 3.4233464893E+01 2.6129730850E-10 6.7192077371E-16 3.6772038959E-16 2.6129730850E-10 -3.4233464893E+01 -4.0856207306E-14 -2.6354046982E-10 6.7192077329E-16 4.0856207306E-14 -3.4233464893E+01
