4.855173e-21 2.135069e-20 8.688768e-20 3.220461e-19 1.064212e-18 3.065105e-18 7.526281e-18 1.548178e-17 2.637858e-17 3.699014e-17 4.254312e-17 4.006432e-17 3.088754e-17 1.952616e-17 1.016803e-17 4.402287e-18 1.610059e-18 5.085564e-19 1.421585e-19 3.598007e-20 8.405684e-21
1.827280e-20 8.711819e-20 3.867714e-19 1.558806e-18 5.529922e-18 1.672644e-17 4.213349e-17 8.735119e-17 1.485574e-16 2.073629e-16 2.378230e-16 2.241485e-16 1.734257e-16 1.099458e-16 5.703236e-17 2.424602e-17 8.522284e-18 2.527411e-18 6.524606e-19 1.515812e-19 3.257104e-20
6.181324e-20 3.216704e-19 1.556652e-18 6.743633e-18 2.502882e-17 7.694897e-17 1.929236e-16 3.937767e-16 6.577344e-16 9.050680e-16 1.031085e-15 9.742232e-16 7.621095e-16 4.912524e-16 2.592355e-16 1.113388e-16 3.888386e-17 1.115964e-17 2.707233e-18 5.794783e-19 1.141002e-19
1.858781e-19 1.052725e-18 5.482928e-18 2.485636e-17 9.342557e-17 2.838499e-16 6.939678e-16 1.375231e-15 2.235391e-15 3.015523e-15 3.404770e-15 3.228432e-15 2.564756e-15 1.694416e-15 9.208750e-16 4.068898e-16 1.448654e-16 4.155160e-17 9.769054e-18 1.961897e-18 3.558286e-19
4.871177e-19 2.970034e-18 1.627034e-17 7.497304e-17 2.784828e-16 8.223975e-16 1.939885e-15 3.705382e-15 5.830045e-15 7.681829e-15 8.582119e-15 8.172709e-15 6.613396e-15 4.499731e-15 2.535188e-15 1.163075e-15 4.280892e-16 1.253656e-16 2.938542e-17 5.687698e-18 9.646502e-19
1.085689e-18 7.006094e-18 3.940718e-17 1.807413e-16 6.547529e-16 1.865763e-15 4.227461e-15 7.755401e-15 1.177021e-14 1.510218e-14 1.666887e-14 1.595302e-14 1.318334e-14 9.269655e-15 5.433088e-15 2.597770e-15 9.939681e-16 3.002076e-16 7.140069e-17 1.364040e-17 2.208679e-18
2.000943e-18 1.341722e-17 7.610100e-17 3.436052e-16 1.208437e-15 3.318727e-15 7.220451e-15 1.270903e-14 1.856477e-14 2.313447e-14 2.518789e-14 2.424304e-14 2.050790e-14 1.493802e-14 9.120310e-15 4.545777e-15 1.808443e-15 5.646210e-16 1.372867e-16 2.627987e-17 4.141217e-18
2.945743e-18 2.021244e-17 1.144278e-16 5.069673e-16 1.733069e-15 4.600861e-15 9.640590e-15 1.630934e-14 2.292723e-14 2.770569e-14 2.971968e-14 2.878298e-14 2.496421e-14 1.885132e-14 1.197436e-14 6.203034e-15 2.556453e-15 8.228013e-16 2.046332e-16 3.951535e-17 6.142902e-18
3.278317e-18 2.277533e-17 1.282064e-16 5.584513e-16 1.865076e-15 4.816670e-15 9.782740e-15 1.599306e-14 2.171189e-14 2.547486e-14 2.692543e-14 2.624026e-14 2.332053e-14 1.820827e-14 1.197359e-14 6.404992e-15 2.715660e-15 8.953847e-16 2.268510e-16 4.421829e-17 6.833097e-18
2.396698e-18 1.675261e-17 9.382270e-17 4.039055e-16 1.328082e-15 3.367013e-15 6.693440e-15 1.067790e-14 1.411982e-14 1.618293e-14 1.689690e-14 1.655393e-14 1.500636e-14 1.202160e-14 8.105481e-15 4.431464e-15 1.913566e-15 6.403800e-16 1.640482e-16 3.215313e-17 4.951106e-18
3.840066e-19 2.700849e-18 1.513031e-17 6.496928e-17 2.127682e-16 5.363571e-16 1.057043e-15 1.663730e-15 2.158647e-15 2.423409e-15 2.500409e-15 2.464504e-15 2.278319e-15 1.863172e-15 1.273240e-15 6.991308e-16 3.006897e-16 9.950598e-17 2.504677e-17 4.797844e-18 7.199594e-19
-1.827298e-18 -1.276794e-17 -7.134281e-17 -3.060138e-16 -1.001752e-15 -2.527577e-15 -5.001589e-15 -7.949015e-15 -1.048756e-14 -1.201187e-14 -1.254234e-14 -1.228429e-14 -1.113322e-14 -8.929286e-15 -6.041298e-15 -3.321852e-15 -1.445301e-15 -4.879852e-16 -1.262126e-16 -2.496752e-17 -3.871882e-18
-3.140847e-18 -2.187120e-17 -1.228165e-16 -5.321072e-16 -1.764772e-15 -4.521807e-15 -9.106424e-15 -1.475891e-14 -1.987292e-14 -2.316632e-14 -2.440859e-14 -2.381637e-14 -2.127213e-14 -1.672884e-14 -1.108996e-14 -5.981231e-15 -2.556177e-15 -8.489804e-16 -2.164253e-16 -4.235711e-17 -6.547877e-18
-3.161949e-18 -2.181567e-17 -1.232696e-16 -5.425323e-16 -1.837786e-15 -4.827593e-15 -9.999722e-15 -1.671382e-14 -2.322188e-14 -2.779548e-14 -2.967423e-14 -2.878794e-14 -2.515447e-14 -1.919790e-14 -1.233506e-14 -6.459753e-15 -2.687852e-15 -8.718285e-16 -2.179596e-16 -4.214567e-17 -6.524513e-18
-2.332065e-18 -1.579409e-17 -8.961094e-17 -4.019619e-16 -1.399204e-15 -3.795522e-15 -8.145869e-15 -1.413322e-14 -2.035880e-14 -2.508378e-14 -2.715168e-14 -2.617680e-14 -2.233406e-14 -1.647698e-14 -1.020188e-14 -5.152499e-15 -2.072903e-15 -6.525727e-16 -1.593374e-16 -3.044781e-17 -4.753771e-18
-1.351978e-18 -8.862401e-18 -5.009565e-17 -2.287751e-16 -8.206249e-16 -2.308330e-15 -5.153053e-15 -9.303991e-15 -1.390216e-14 -1.761193e-14 -1.930770e-14 -1.850280e-14 -1.542948e-14 -1.100392e-14 -6.553745e-15 -3.181565e-15 -1.232660e-15 -3.754002e-16 -8.948137e-17 -1.698831e-17 -2.708569e-18
-6.405989e-19 -3.991461e-18 -2.213286e-17 -1.020858e-16 -3.765006e-16 -1.098518e-15 -2.552111e-15 -4.792542e-15 -7.413419e-15 -9.631096e-15 -1.067551e-14 -1.017364e-14 -8.308816e-15 -5.739841e-15 -3.291272e-15 -1.535336e-15 -5.725648e-16 -1.688772e-16 -3.952288e-17 -7.553801e-18 -1.252894e-18
-2.556827e-19 -1.486552e-18 -7.902604e-18 -3.617029e-17 -1.357946e-16 -4.088758e-16 -9.853971e-16 -1.918664e-15 -3.061981e-15 -4.066421e-15 -4.549414e-15 -4.313455e-15 -3.458047e-15 -2.320885e-15 -1.284906e-15 -5.775882e-16 -2.081732e-16 -5.993912e-17 -1.398189e-17 -2.751304e-18 -4.852065e-19
-8.825087e-20 -4.723673e-19 -2.347879e-18 -1.037280e-17 -3.881932e-17 -1.190149e-16 -2.949905e-16 -5.918540e-16 -9.696583e-16 -1.311578e-15 -1.478392e-15 -1.395235e-15 -1.100768e-15 -7.206487e-16 -3.872363e-16 -1.689511e-16 -5.951555e-17 -1.703644e-17 -4.067270e-18 -8.476671e-19 -1.618954e-19
-2.692684e-20 -1.319689e-19 -6.028523e-19 -2.494363e-18 -9.013403e-18 -2.744088e-17 -6.874644e-17 -1.404685e-16 -2.343890e-16 -3.213011e-16 -3.640965e-16 -3.422617e-16 -2.666694e-16 -1.713855e-16 -9.026755e-17 -3.879884e-17 -1.365892e-17 -4.007218e-18 -1.011997e-18 -2.286249e-19 -4.770987e-20
-7.370948e-21 -3.318242e-20 -1.387183e-19 -5.279518e-19 -1.785117e-18 -5.216189e-18 -1.283906e-17 -2.617220e-17 -4.387253e-17 -6.045723e-17 -6.865242e-17 -6.436953e-17 -4.983393e-17 -3.180391e-17 -1.671662e-17 -7.263127e-18 -2.640917e-18 -8.216101e-19 -2.247797e-19 -5.549700e-20 -1.264584e-20
