6.367248e-24 -6.530137e-23 -6.982418e-22 -4.633322e-21 -2.405261e-20 -9.989729e-20 -3.271148e-19 -8.263555e-19 -1.584576e-18 -2.297144e-18 -2.549117e-18 -2.237699e-18 -1.634602e-18 -1.039544e-18 -5.806665e-19 -2.790534e-19 -1.139069e-19 -3.993784e-20 -1.230519e-20 -3.405283e-21 -8.624629e-22
1.157245e-22 1.909456e-22 -1.018637e-21 -1.390084e-20 -9.441560e-20 -4.549293e-19 -1.632819e-18 -4.375886e-18 -8.736112e-18 -1.306650e-17 -1.491965e-17 -1.347175e-17 -1.009008e-17 -6.514752e-18 -3.638452e-18 -1.716160e-18 -6.723056e-19 -2.209409e-19 -6.269869e-20 -1.584473e-20 -3.664118e-21
8.205534e-22 2.960050e-21 6.729512e-21 -1.293753e-20 -2.490993e-19 -1.559545e-18 -6.322364e-18 -1.812601e-17 -3.779954e-17 -5.860168e-17 -6.948286e-17 -6.550146e-17 -5.128269e-17 -3.430998e-17 -1.953613e-17 -9.226989e-18 -3.546852e-18 -1.115101e-18 -2.947263e-19 -6.802092e-20 -1.424129e-20
4.345195e-21 2.016438e-20 7.706576e-20 1.920092e-19 -4.154379e-20 -3.222188e-18 -1.755768e-17 -5.649167e-17 -1.251915e-16 -2.029203e-16 -2.516094e-16 -2.495340e-16 -2.059733e-16 -1.441948e-16 -8.469954e-17 -4.065640e-17 -1.563748e-17 -4.819664e-18 -1.215907e-18 -2.606172e-19 -4.970914e-20
1.862120e-20 9.990258e-20 4.570434e-19 1.601532e-18 3.513783e-18 5.004375e-19 -2.974458e-17 -1.270226e-16 -3.122718e-16 -5.375485e-16 -7.021155e-16 -7.354481e-16 -6.417272e-16 -4.717930e-16 -2.877266e-16 -1.417259e-16 -5.527824e-17 -1.701129e-17 -4.192315e-18 -8.546513e-19 -1.512456e-19
6.505191e-20 3.826586e-19 1.903106e-18 7.370439e-18 2.028236e-17 3.231533e-17 -5.136813e-18 -1.868011e-16 -5.743907e-16 -1.084354e-15 -1.509089e-15 -1.676125e-15 -1.547591e-15 -1.196352e-15 -7.601770e-16 -3.866284e-16 -1.542802e-16 -4.798648e-17 -1.174384e-17 -2.323645e-18 -3.895947e-19
1.834286e-19 1.142334e-18 5.909707e-18 2.369171e-17 6.957019e-17 1.381800e-16 1.426756e-16 -1.020044e-16 -7.360607e-16 -1.650434e-15 -2.505093e-15 -2.973706e-15 -2.911907e-15 -2.369095e-15 -1.571318e-15 -8.280640e-16 -3.398728e-16 -1.076769e-16 -2.645728e-17 -5.155220e-18 -8.333951e-19
4.142199e-19 2.669020e-18 1.406198e-17 5.701730e-17 1.712519e-16 3.665937e-16 5.134267e-16 3.084494e-16 -5.051926e-16 -1.825955e-15 -3.200275e-15 -4.135681e-15 -4.323339e-15 -3.710737e-15 -2.572325e-15 -1.406652e-15 -5.952645e-16 -1.928859e-16 -4.790676e-17 -9.285817e-18 -1.467116e-18
7.488575e-19 4.920436e-18 2.615619e-17 1.065350e-16 3.234146e-16 7.177771e-16 1.126759e-15 1.125045e-15 3.186495e-16 -1.240910e-15 -3.047111e-15 -4.490665e-15 -5.096349e-15 -4.646267e-15 -3.375563e-15 -1.917227e-15 -8.368830e-16 -2.777025e-16 -6.995502e-17 -1.357870e-17 -2.119103e-18
1.089665e-18 7.232544e-18 3.867084e-17 1.583040e-16 4.854798e-16 1.104848e-15 1.845355e-15 2.190250e-15 1.621337e-15 1.118401e-16 -1.852466e-15 -3.644604e-15 -4.701893e-15 -4.641938e-15 -3.565617e-15 -2.110694e-15 -9.510036e-16 -3.231478e-16 -8.265826e-17 -1.613467e-17 -2.508767e-18
1.286440e-18 8.567113e-18 4.606320e-17 1.902242e-16 5.916724e-16 1.379076e-15 2.406446e-15 3.129730e-15 2.962025e-15 1.802385e-15 5.299648e-17 -1.762010e-15 -3.128542e-15 -3.567382e-15 -2.982296e-15 -1.864667e-15 -8.718452e-16 -3.038350e-16 -7.898963e-17 -1.555242e-17 -2.427780e-18
1.243808e-18 8.261679e-18 4.469369e-17 1.870205e-16 5.930229e-16 1.418645e-15 2.569329e-15 3.554772e-15 3.810497e-15 3.198553e-15 1.994397e-15 5.113469e-16 -9.169912e-16 -1.804265e-15 -1.844200e-15 -1.277224e-15 -6.327710e-16 -2.281776e-16 -6.053347e-17 -1.206892e-17 -1.906228e-18
9.957566e-19 6.555214e-18 3.566603e-17 1.517471e-16 4.926368e-16 1.212396e-15 2.273268e-15 3.304148e-15 3.854966e-15 3.801533e-15 3.279185e-15 2.343735e-15 1.089179e-15 -5.886782e-17 -6.312862e-16 -6.090641e-16 -3.450420e-16 -1.327987e-16 -3.645086e-17 -7.420115e-18 -1.198014e-18
6.681761e-19 4.327136e-18 2.361947e-17 1.022869e-16 3.406568e-16 8.631443e-16 1.672112e-15 2.536280e-15 3.166394e-15 3.486628e-15 3.519437e-15 3.115482e-15 2.175129e-15 1.029011e-15 2.027187e-16 -1.153401e-16 -1.211449e-16 -5.589049e-17 -1.656737e-17 -3.515245e-18 -5.906241e-19
3.799398e-19 2.399382e-18 1.306909e-17 5.748254e-17 1.961698e-16 5.108259e-16 1.018999e-15 1.603951e-15 2.120752e-15 2.544049e-15 2.839004e-15 2.775837e-15 2.174736e-15 1.263334e-15 4.983596e-16 1.062264e-16 -6.777419e-18 -1.362470e-17 -5.175586e-18 -1.215639e-18 -2.211853e-19
1.844121e-19 1.124006e-18 6.056040e-18 2.689521e-17 9.363806e-17 2.494745e-16 5.097063e-16 8.270043e-16 1.147415e-15 1.475167e-15 1.768892e-15 1.833110e-15 1.510236e-15 9.353885e-16 4.178064e-16 1.275199e-16 2.333125e-17 1.036625e-18 -7.313564e-19 -2.601504e-19 -5.823828e-20
7.679582e-20 4.460401e-19 2.345848e-18 1.041159e-17 3.669807e-17 9.935608e-17 2.064011e-16 3.422859e-16 4.934430e-16 6.713803e-16 8.508963e-16 9.167526e-16 7.748943e-16 4.915146e-16 2.282521e-16 7.610520e-17 1.780481e-17 2.812630e-18 2.665207e-19 5.151829e-22 -7.316848e-21
2.764631e-20 1.507148e-19 7.590321e-19 3.311333e-18 1.167752e-17 3.183730e-17 6.665847e-17 1.118686e-16 1.658482e-16 2.364898e-16 3.137641e-16 3.481848e-16 2.988313e-16 1.912918e-16 9.004278e-17 3.106805e-17 7.922373e-18 1.533439e-18 2.357311e-19 2.913652e-20 2.362877e-21
8.708195e-21 4.392342e-20 2.068956e-19 8.652654e-19 2.996754e-18 8.125717e-18 1.697565e-17 2.853707e-17 4.308876e-17 6.394273e-17 8.834826e-17 1.005705e-16 8.734593e-17 5.622509e-17 2.668896e-17 9.432001e-18 2.547872e-18 5.506452e-19 1.002135e-19 1.575650e-20 2.126338e-21
2.433584e-21 1.125615e-20 4.859556e-20 1.889316e-19 6.247575e-19 1.653314e-18 3.406324e-18 5.686530e-18 8.684514e-18 1.334500e-17 1.912399e-17 2.227865e-17 1.958273e-17 1.271353e-17 6.123722e-18 2.236418e-18 6.438733e-19 1.536179e-19 3.169586e-20 5.814286e-21 9.741809e-22
6.102209e-22 2.585070e-21 1.014396e-20 3.582375e-20 1.094490e-19 2.751114e-19 5.508770e-19 9.092320e-19 1.402397e-18 2.217613e-18 3.266621e-18 3.874590e-18 3.451266e-18 2.278676e-18 1.131356e-18 4.361815e-19 1.364704e-19 3.620362e-20 8.423764e-21 1.772006e-21 3.450653e-22
