theta s11 s12 s13 s14 s21 s22 s23 s24 s31 s32 s33 s34 s41 s42 s43 s44
0.00 6.5899163468E+02 0.0000000000E+00 -1.2924697071E-26 2.7199506043E-10 1.8367099232E-39 6.5899163468E+02 3.9379056190E-10 0.0000000000E+00 -1.2924697071E-26 -3.9379056190E-10 6.5899163468E+02 0.0000000000E+00 2.7199506043E-10 0.0000000000E+00 0.0000000000E+00 6.5899163468E+02
1.00 6.5600880210E+02 -3.9774425875E-02 6.5795003596E-06 2.8579062468E-06 -3.9774425875E-02 6.5600880210E+02 6.4021792477E-06 2.9302135035E-06 6.5810067973E-06 -6.4037247518E-06 6.5600875064E+02 2.5678607041E-01 2.8555080833E-06 -2.9278803563E-06 -2.5678607041E-01 6.5600875064E+02
2.00 6.4712636129E+02 -1.5511541286E-01 1.3046400280E-05 5.7065389277E-06 -1.5511541286E-01 6.4712636129E+02 1.2694201083E-05 5.8507550439E-06 1.3058399139E-05 -1.2706511415E-05 6.4712554330E+02 1.0171618465E+00 5.6874231698E-06 -5.8321580023E-06 -1.0171618465E+00 6.4712554330E+02
3.00 6.3254048700E+02 -3.3435351336E-01 1.9289984801E-05 8.5368306056E-06 -3.3435351336E-01 6.3254048700E+02 1.8768535852E-05 8.7516185429E-06 1.9330189939E-05 -1.8809783998E-05 6.3253639131E+02 2.2515692745E+00 8.4727043929E-06 -8.6892326168E-06 -2.2515692745E+00 6.3253639131E+02
4.00 6.1257166996E+02 -5.5882714689E-01 2.5203275169E-05 1.1338777861E-05 -5.5882714689E-01 6.1257166996E+02 2.4520901194E-05 1.1622142501E-05 2.5297619135E-05 -2.4617689228E-05 6.1255892390E+02 3.9119427428E+00 1.1188060043E-05 -1.1475514260E-05 -3.9119427428E+00 6.1255892390E+02
5.00 5.8765525697E+02 -8.0401828102E-01 3.0684816593E-05 1.4101414398E-05 -8.0401828102E-01 5.8765525697E+02 2.9852398288E-05 1.4450715571E-05 3.0866702185E-05 -3.0038986393E-05 5.8762475156E+02 5.9334603295E+00 1.3810246363E-05 -1.4167445485E-05 -5.9334603295E+00 5.8762475156E+02
6.00 5.5832867868E+02 -1.0410539983E+00 3.5640371001E-05 1.6812550964E-05 -1.0410539983E+00 5.5832867868E+02 3.4671162036E-05 1.7224521090E-05 3.5949701554E-05 -3.4988469764E-05 5.5826694601E+02 8.2369063614E+00 1.6316113216E-05 -1.6741543077E-05 -8.2369063614E+00 5.5826694601E+02
7.00 5.2521581346E+02 -1.2384912963E+00 3.9984485887E-05 1.9458565416E-05 -1.2384912963E+00 5.2521581346E+02 3.8893890875E-05 1.9929332012E-05 4.0466497607E-05 -3.9388294797E-05 5.2510470429E+02 1.0731559911E+01 1.8682673844E-05 -1.9174464941E-05 -1.0731559911E+01 5.2510470429E+02
8.00 4.8900903210E+02 -1.3642866956E+00 4.3641912022E-05 2.2024253140E-05 -1.3642866956E+00 4.8900903210E+02 4.2447229685E-05 2.2549366435E-05 4.4345836452E-05 -4.3169186513E-05 4.8882572521E+02 1.3318504777E+01 2.0887203251E-05 -2.1443106803E-05 -1.3318504777E+01 4.8882572521E+02
9.00 4.5044954248E+02 -1.3878417416E+00 4.6548845942E-05 2.4492746393E-05 -1.3878417416E+00 4.5044954248E+02 4.5268982338E-05 2.5067212301E-05 4.7526434774E-05 -4.6271510878E-05 4.5016689940E+02 1.5894241128E+01 2.2907368645E-05 -2.3524732340E-05 -1.5894241128E+01 4.5016689940E+02
10.00 4.1030670319E+02 -1.2820108490E+00 4.8653975615E-05 2.6845509270E-05 -1.2820108490E+00 4.1030670319E+02 4.7309132863E-05 2.7463827885E-05 4.9957923402E-05 -4.8646191575E-05 4.0989396268E+02 1.8354467940E+01 2.4721394187E-05 -2.5397139004E-05 -1.8354467940E+01 4.0989396268E+02
11.00 3.6935699880E+02 -1.0249593866E+00 4.9919311469E-05 2.9062413068E-05 -1.0249593866E+00 3.6935699880E+02 4.8530657752E-05 2.9718622932E-05 5.1601614329E-05 -5.0255457330E-05 3.6878078662E+02 2.0597898971E+01 2.6308261068E-05 -2.7038860745E-05 -2.0597898971E+01 3.6878078662E+02
12.00 3.2836336624E+02 -6.0176735466E-01 5.0320788424E-05 3.1121894358E-05 -6.0176735465E-01 3.2836336624E+02 4.8910115378E-05 3.1809622473E-05 5.2431078453E-05 -5.1073407383E-05 3.2758897792E+02 2.2529973639E+01 2.7647942338E-05 -2.8429406848E-05 -2.2529973639E+01 3.2758897792E+02
13.00 2.8805553305E+02 -5.6870669426E-03 4.9848628843E-05 3.3001195896E-05 -5.6870669304E-03 2.8805553305E+02 4.8438002537E-05 3.3713713554E-05 5.2432524671E-05 -5.1086385872E-05 2.8704843138E+02 2.4066327727E+01 2.8721670574E-05 -2.9549535120E-05 -2.4066327727E+01 2.8704843138E+02
14.00 2.4911197478E+02 7.6101879886E-01 4.8507460314E-05 3.4676687964E-05 7.6101879887E-01 2.4911197478E+02 4.7118872115E-05 3.5406972177E-05 5.1604974032E-05 -5.0293158829E-05 2.4783943086E+02 2.5135897442E+01 2.9512234941E-05 -3.0381555671E-05 -2.5135897442E+01 2.4783943086E+02
15.00 2.1214402452E+02 1.6867105210E+00 4.6316186187E-05 3.6124264931E-05 1.6867105211E+00 2.1214402452E+02 4.4971209579E-05 3.6865065242E-05 4.9960225705E-05 -4.8704890278E-05 2.1057682148E+02 2.5683543442E+01 3.0004302374E-05 -3.0909660028E-05 -2.5683543442E+01 2.1057682148E+02
16.00 1.7768257517E+02 2.7505030956E+00 4.3307612103E-05 3.7319809896E-05 2.7505030956E+00 1.7768257517E+02 4.2027071443E-05 3.8063720103E-05 4.7522616001E-05 -4.6344918461E-05 1.7579668823E+02 2.5672098852E+01 3.0184756636E-05 -3.1120269004E-05 -2.5672098852E+01 1.7579668823E+02
17.00 1.4616770915E+02 3.9228973732E+00 3.9527834813E-05 3.8239717095E-05 3.9228973732E+00 1.4616770915E+02 3.8331491509E-05 3.8979251323E-05 4.4328573835E-05 -4.3248334933E-05 1.4394587437E+02 2.5083766189E+01 3.0043046952E-05 -3.1002390882E-05 -2.5083766189E+01 1.4394587437E+02
18.00 1.1794147605E+02 5.1668852723E+00 3.5035404843E-05 3.8861460443E-05 5.1668852723E+00 1.1794147605E+02 3.3941666092E-05 3.9589132833E-05 4.0425980585E-05 -3.9461373969E-05 1.1537456318E+02 2.3920811840E+01 2.9571537516E-05 -3.0547980900E-05 -2.3920811840E+01 1.1537456318E+02
19.00 9.3243919981E+01 6.4394788195E+00 2.9900278177E-05 3.9164193741E-05 6.4394788196E+00 9.3243919981E+01 2.8925932794E-05 3.9872600848E-05 3.5873345152E-05 -3.5040622303E-05 9.0332032260E+01 2.2205532503E+01 2.8765847307E-05 -2.9752291209E-05 -2.2205532503E+01 9.0332032260E+01
20.00 7.2212341365E+01 7.6935903868E+00 2.4202575868E-05 3.9129367313E-05 7.6935903868E+00 7.2212341365E+01 2.3362561134E-05 3.9811272200E-05 3.0738808304E-05 -3.0052062444E-05 6.8965576229E+01 1.9979494682E+01 2.7625169770E-05 -2.8614200594E-05 -1.9979494682E+01 6.8965576229E+01
21.00 5.4883665878E+01 8.8801728477E+00 1.8031174130E-05 3.8741343573E-05 8.8801728478E+00 5.4883665878E+01 1.7338376942E-05 3.9389760491E-05 2.5098993381E-05 -2.4569965829E-05 5.1322485369E+01 1.7302075192E+01 2.6152560508E-05 -2.7136511809E-05 -1.7302075192E+01 5.1322485369E+01
22.00 4.1199691714E+01 9.9505144020E+00 1.1482150429E-05 3.7987994268E-05 9.9505144020E+00 4.1199691714E+01 1.0947245251E-05 3.8596272633E-05 1.9037723269E-05 -1.8675654675E-05 3.7354868498E+01 1.4248356395E+01 2.4355181975E-05 -2.5326205232E-05 -1.4248356395E+01 3.7354868498E+01
23.00 3.1014897650E+01 1.0858574221E+01 4.6571138571E-06 3.6861261058E-05 1.0858574221E+01 3.1014897650E+01 4.2884392681E-06 3.7423167442E-05 1.2644625913E-05 -1.2456153909E-05 2.6927021854E+01 1.0906453878E+01 2.2244493715E-05 -2.3194637125E-05 -1.0906453878E+01 2.6927021854E+01
24.00 2.4106422286E+01 1.1563242269E+01 -2.3385502943E-06 3.5357661684E-05 1.1563242269E+01 2.4106422286E+01 -2.5350753986E-06 3.5867458472E-05 6.0136523572E-06 -6.0027562104E-06 1.9824974461E+01 7.3743753119E+00 1.9836377746E-05 -2.0757671880E-05 -7.3743753119E+00 1.9824974461E+01
25.00 2.0185770766E+01 1.2030409771E+01 -9.3974895466E-06 3.3478724443E-05 1.2030409771E+01 2.0185770766E+01 -9.4184098444E-06 3.3931243786E-05 -7.5846657538E-07 5.9047472110E-07 1.5767786438E+01 3.7565267207E+00 1.7151189317E-05 -1.8035738270E-05 -3.7565267207E+00 1.5767786438E+01
26.00 1.8911770592E+01 1.2234745610E+01 -1.6412214406E-05 3.1231335298E-05 1.2234745610E+01 1.8911770592E+01 -1.6256542522E-05 3.1622047032E-05 -7.5737982530E-06 7.2282367697E-06 1.4420141061E+01 1.5999551893E-01 1.4213725112E-05 -1.5053801572E-05 -1.5999551893E-01 1.4420141061E+01
27.00 1.9904283002E+01 1.2161088061E+01 -2.3276916614E-05 2.8627983399E-05 1.2161088061E+01 1.9904283002E+01 -2.2946099101E-05 2.8953055638E-05 -1.4334793283E-05 1.3815531217E-05 1.5405754443E+01 -3.3092520401E+00 1.1053102322E-05 -1.1841244900E-05 3.3092520401E+00 1.5405754443E+01
28.00 2.2758180177E+01 1.1805379793E+01 -2.9889242593E-05 2.5686893253E-05 1.1805379793E+01 2.2758180177E+01 -2.9387089241E-05 2.5943244486E-05 -2.0945849947E-05 2.0259186756E-05 1.8321127815E+01 -6.5501182070E+00 7.7025442401E-06 -8.4316552664E-06 6.5501182070E+00 1.8321127815E+01
29.00 2.7057119954E+01 1.1175096276E+01 -3.6151990367E-05 2.2432034344E-05 1.1175096276E+01 2.7057119954E+01 -3.5484569143E-05 2.2617375955E-05 -2.7314830837E-05 2.6469339234E-05 2.2749185502E+01 -9.4699272653E+00 4.1990702904E-06 -4.8625122635E-06 9.4699272653E+00 2.2749185502E+01
30.00 3.2386686729E+01 1.0289142228E+01 -4.1974699698E-05 1.8893002155E-05 1.0289142228E+01 3.2386686729E+01 -4.1150200098E-05 1.9005870437E-05 -3.3354505436E-05 3.2360841373E-05 2.8272374847E+01 -1.1987654066E+01 5.8309093128E-07 -1.1747797660E-06 1.1987654066E+01 2.8272374847E+01
31.00 3.8346517361E+01 9.1772165400E+00 -4.7275107206E-05 1.5104767633E-05 9.1772165401E+00 3.8346517361E+01 -4.6303675242E-05 1.5144544570E-05 -3.8983893718E-05 3.7854578047E-05 3.4484850246E+01 -1.4036708795E+01 -3.1020895758E-06 2.5875962931E-06 1.4036708795E+01 3.4484850246E+01
32.00 4.4561091256E+01 7.8786717456E+00 -5.1980440990E-05 1.1107295931E-05 7.8786717457E+00 4.4561091256E+01 -5.0873989345E-05 1.1074218174E-05 -4.4129487920E-05 4.2878664531E-05 4.1003419521E+01 -1.5567176143E+01 -6.8108566806E-06 6.3782781671E-06 1.5567176143E+01 4.1003419521E+01
33.00 5.0688931388E+01 6.4409184455E+00 -5.6028532475E-05 6.9450383810E-06 6.4409184456E+00 5.0688931388E+01 -5.4800529642E-05 6.8401940692E-06 -4.8726331852E-05 4.7369507378E-05 4.7476994075E+01 -1.6547427849E+01 -1.0495947112E-05 1.0149206220E-05 1.6547427849E+01 4.7476994075E+01
34.00 5.6430034627E+01 4.9174468792E+00 -5.9368726681E-05 2.6663055589E-06 4.9174468793E+00 5.6430034627E+01 -5.8033969076E-05 2.4916188723E-06 -5.2718939996E-05 5.1272710237E-05 5.3594351861E+01 -1.6965051513E+01 -1.4109177458E-05 1.3851337339E-05 1.6965051513E+01 5.3594351861E+01
35.00 6.1531422482E+01 3.3655560820E+00 -6.1962576137E-05 -1.6774675976E-06 3.3655560821E+00 6.1531422482E+01 -6.0536947246E-05 -1.9192640790E-06 -5.6062041645E-05 5.4543809876E-05 5.9090091224E+01 -1.6827064630E+01 -1.7602226584E-05 1.7435438501E-05 1.6827064630E+01 5.9090091224E+01
36.00 6.5790774248E+01 1.8438948891E+00 -6.3784307801E-05 -6.0325504495E-06 1.8438948892E+00 6.5790774248E+01 -6.2284528501E-05 -6.3379552528E-06 -5.8721138713E-05 5.7148830958E-05 6.3748721507E+01 -1.6159410077E+01 -2.0927456592E-05 2.0852919992E-05 1.6159410077E+01 6.3748721507E+01
37.00 6.9058171294E+01 4.0992784054E-01 -6.4821056880E-05 -1.0343822025E-05 4.0992784060E-01 6.9058171294E+01 -6.3264430963E-05 -1.0708615623E-05 -6.0672869546E-05 5.9064651668E-05 6.7406900613E+01 -1.5005756605E+01 -2.4038755257E-05 2.4056690985E-05 1.5005756605E+01 6.7406900613E+01
38.00 7.1236041546E+01 -8.8255757734E-01 -6.5072865871E-05 -1.4555733826E-05 -8.8255757728E-01 7.1236041546E+01 -6.3477024756E-05 -1.4975040071E-05 -6.1905174669E-05 6.0279175919E-05 6.9953888477E+01 -1.3425654329E+01 -2.6892381708E-05 2.7002019044E-05 1.3425654329E+01 6.9953888477E+01
39.00 7.2277445609E+01 -1.9857880570E+00 -6.4552451561E-05 -1.8613308789E-05 -1.9857880570E+00 7.2277445609E+01 -6.2935101963E-05 -1.9081665983E-05 -6.2417264123E-05 6.0791311376E-05 7.1330336997E+01 -1.1492119624E+01 -2.9447796160E-05 2.9647374076E-05 1.1492119624E+01 7.1330336997E+01
40.00 7.2182889182E+01 -2.8600791651E+00 -6.3284747455E-05 -2.2463153896E-05 -2.8600791651E+00 7.2182889182E+01 -6.1663425597E-05 -2.2974594411E-05 -6.2219390040E-05 6.0610756610E-05 7.1525580373E+01 -9.2887453524E+00 -3.1668454355E-05 3.1955237170E-05 9.2887453524E+00 7.1525580373E+01
41.00 7.0995879807E+01 -3.4755532660E+00 -6.1306232941E-05 -2.6054462950E-05 -3.4755532659E+00 7.0995879807E+01 -5.9698068657E-05 -2.6602600094E-05 -6.1332431436E-05 5.9757603898E-05 7.0573624158E+01 -6.9064500526E+00 -3.3522547215E-05 3.3892854558E-05 6.9064500526E+00 7.0573624158E+01
42.00 6.8797469249E+01 -3.8134231048E+00 -5.8664064871E-05 -2.9339986215E-05 -3.8134231048E+00 6.8797469249E+01 -5.7085558606E-05 -2.9918106979E-05 -5.9787301945E-05 5.8261767895E-05 6.8548056436E+01 -4.4399930311E+00 -3.4983667349E-05 3.5432918100E-05 4.4399930311E+00 6.8548056436E+01
43.00 6.5700036162E+01 -3.8667837384E+00 -5.5415030656E-05 -3.2276943910E-05 -3.8667837383E+00 6.5700036162E+01 -5.3881846131E-05 -3.2878106051E-05 -5.7624194319E-05 5.6162253553E-05 6.5556120457E+01 -1.9843905665E+00 -3.6031385004E-05 3.6554154636E-05 1.9843905665E+00 6.5556120457E+01
44.00 6.1840567613E+01 -3.6408782634E+00 -5.1624345253E-05 -3.4827861543E-05 -3.6408782633E+00 6.1840567613E+01 -5.0151120187E-05 -3.5444993454E-05 -5.4891678425E-05 5.3506279498E-05 6.1732195175E+01 3.6862855081E-01 -3.6651717738E-05 3.7241808257E-05 -3.6862855081E-01 6.1732195175E+01
45.00 5.7373693303E+01 -3.1528269720E+00 -4.7364317261E-05 -3.6961307113E-05 -3.1528269719E+00 5.7373693303E+01 -4.5964494200E-05 -3.7587308829E-05 -5.1645672154E-05 5.0348275733E-05 5.7230929122E+01 2.5339923326E+00 -3.6837480616E-05 3.7488002083E-05 -2.5339923326E+00 5.7230929122E+01
46.00 5.2464714047E+01 -2.4308340280E+00 -4.2712911430E-05 -3.8652511980E-05 -2.4308340280E+00 5.2464714047E+01 -4.1398590418E-05 -3.9280355696E-05 -4.7948306615E-05 4.6748776635E-05 5.2220264744E+01 4.4363516606E+00 -3.6588505883E-05 3.7291968306E-05 -4.4363516606E+00 5.2220264744E+01
47.00 4.7282847234E+01 -1.5129093715E+00 -3.7752236677E-05 -3.9883860127E-05 -1.5129093714E+00 4.7282847234E+01 -3.6534051119E-05 -4.0506688567E-05 -4.3866708848E-05 4.2773231933E-05 4.6874575765E+01 6.0127277177E+00 -3.5911724225E-05 3.6660138421E-05 -6.0127277177E+00 4.6874575765E+01
48.00 4.1994888017E+01 -4.4516525359E-01 -3.2566989658E-05 -4.0645233667E-05 -4.4516525352E-01 4.1994888017E+01 -3.1454006393E-05 -4.1256454747E-05 -3.9471726382E-05 3.8490759564E-05 4.1368120333E+01 7.2146425790E+00 -3.4821102989E-05 3.5606088895E-05 -7.2146425790E+00 4.1368120333E+01
49.00 3.6759456949E+01 7.2023439840E-01 -2.7242884415E-05 -4.0934205633E-05 7.2023439847E-01 3.6759456949E+01 -2.6242528681E-05 -4.1527581862E-05 -3.4836618645E-05 3.3972865016E-05 3.5868988730E+01 8.0096557439E+00 -3.3337439847E-05 3.4150340577E-05 -8.0096557439E+00 3.5868988730E+01
50.00 3.1721974027E+01 1.9273785104E+00 -2.1865098587E-05 -4.0756074926E-05 1.9273785104E+00 3.1721974027E+01 -2.0983104188E-05 -4.1325806146E-05 -3.0035740629E-05 2.9292152126E-05 3.0533697409E+01 8.3822533254E+00 -3.1488014043E-05 3.2320013965E-05 -8.3822533254E+00 3.0533697409E+01
51.00 2.7010466675E+01 3.1190632916E+00 -1.6516765492E-05 -4.0123741969E-05 3.1190632916E+00 2.7010466675E+01 -1.5757150209E-05 -4.0664540115E-05 -2.5143243449E-05 2.4521049666E-05 2.5502551943E+01 8.3340625491E+00 -2.9306100780E-05 3.0148345740E-05 -8.3340625491E+00 2.5502551943E+01
52.00 2.2732286240E+01 4.2392866595E+00 -1.1277540564E-05 -3.9057427469E-05 4.2392866596E+00 2.2732286239E+01 -1.0642606479E-05 -3.9564582188E-05 -2.0231816153E-05 1.9730577736E-05 2.0895871145E+01 7.8833911090E+00 -2.6830357637E-05 2.7674075462E-05 -7.8833911090E+00 2.0895871145E+01
53.00 1.8971774864E+01 5.2356718484E+00 -6.2222682378E-06 -3.7584240346E-05 5.2356718485E+00 1.8971774863E+01 -5.7126263725E-06 -3.8053674470E-05 -1.5371491390E-05 1.4989176280E-05 1.6811133893E+01 7.0641177082E+00 -2.4104095070E-05 2.4940714453E-05 -7.0641177082E+00 1.6811133893E+01
54.00 1.5788893133E+01 6.0617134828E+00 -1.4197731964E-06 -3.5737604621E-05 6.0617134829E+00 1.5788893133E+01 -1.0343915727E-06 -3.6165918662E-05 -1.0628536051E-05 1.0361616632E-05 1.3321079887E+01 5.9239857063E+00 -2.1174446077E-05 2.1995711960E-05 -5.9239857063E+00 1.3321079887E+01
55.00 1.3218789158E+01 6.6787482417E+00 3.0682030187E-06 -3.3556558270E-05 6.6787482417E+00 1.3218789158E+01 3.3319290843E-06 -3.3941063314E-05 -6.0644458036E-06 5.9080147712E-06 1.0472766176E+01 4.5223751875E+00 -1.8091452563E-05 1.8889536198E-05 -4.5223751875E+00 1.0472766176E+01
56.00 1.1272262477E+01 7.0575653842E+00 7.1879024076E-06 -3.1084940127E-05 7.0575653842E+00 1.1272262477E+01 7.3340591914E-06 -3.1423678671E-05 -1.7350598571E-06 1.6829624930E-06 8.2875535311E+00 2.9276490019E+00 -1.4907088160E-05 1.5674690079E-05 -2.9276490019E+00 8.2875535311E+00
57.00 9.9370517361E+00 7.1795892159E+00 1.0894273728E-05 -2.8370483487E-05 7.1795892160E+00 9.9370517360E+00 1.0928318857E-05 -2.8662238004E-05 2.3101903308E-06 -2.2652099648E-06 6.7619709836E+00 1.2141846288E+00 -1.1674238930E-05 1.2404683183E-05 -1.2141846288E+00 6.7619709836E+00
58.00 9.1798539082E+00 7.0375852480E+00 1.4151508259E-05 -2.5463837222E-05 7.0375852480E+00 9.1798539082E+00 1.4080143237E-05 -2.5708126413E-05 6.0288878492E-06 -5.8950293575E-06 5.8693835850E+00 -5.4078460099E-01 -8.4456645261E-06 9.1329826471E-06 5.4078460099E-01 5.8693835850E+00
59.00 8.9489652387E+00 6.6358634271E+00 1.6933381799E-05 -2.2417536850E-05 6.6358634271E+00 8.9489652386E+00 1.6764409417E-05 -2.2614599782E-05 9.3860851848E-06 -9.1723255748E-06 5.5623680267E+00 -2.2603887619E+00 -5.2729630230E-06 5.9119663815E-06 2.2603887619E+00 5.5623680267E+00
60.00 9.1774202544E+00 5.9899744101E+00 1.9223400621E-05 -1.9284948894E-05 5.9899744101E+00 9.1774202543E+00 1.8965569538E-05 -1.9435717406E-05 1.2354602980E-05 -1.2070524367E-05 5.7756835707E+00 -3.8712696086E+00 -2.2055625939E-06 2.7919019221E-06 3.8712696086E+00 5.7756835707E+00
61.00 9.7864953878E+00 5.1259173894E+00 2.1014753171E-05 -1.6119212591E-05 5.1259173895E+00 9.7864953877E+00 2.0677592144E-05 -1.6225272551E-05 1.4915171838E-05 -1.4570785818E-05 6.4297120622E+00 -5.3065304755E+00 7.1023723993E-07 -1.8002612289E-07 5.3065304755E+00 6.4297120622E+00
62.00 1.0689438042E+01 4.0788994542E+00 2.2310073167E-05 -1.2972202630E-05 4.0788994542E+00 1.0689438042E+01 2.1903717522E-05 -1.3035744822E-05 1.7056419541E-05 -1.6661990920E-05 7.4342309061E+00 -6.5083696680E+00 3.4321532467E-06 -2.9606182819E-06 6.5083696680E+00 7.4342309061E+00
63.00 1.1795280393E+01 2.8917059394E+00 2.3121023635E-05 -9.8935360013E-06 2.8917059394E+00 1.1795280393E+01 2.2656036676E-05 -9.9172975776E-06 1.8774709208E-05 -1.8340581713E-05 8.6923770200E+00 -7.4302932688E+00 5.9227150894E-06 -5.5114719345E-06 7.4302932688E+00 8.6923770200E+00
64.00 1.3012599844E+01 1.6127578310E+00 2.3467714787E-05 -6.9296447816E-06 1.6127578310E+00 1.3012599844E+01 2.2954906958E-05 -6.9168423947E-06 2.0073836810E-05 -1.9610263379E-05 1.0104658074E+01 -8.0388215611E+00 8.1499530909E-06 -7.7996844742E-06 8.0388215611E+00 1.0104658074E+01
65.00 1.4253094752E+01 2.9394534525E-01 2.3377971853E-05 -4.1229347453E-06 2.9394534529E-01 1.4253094752E+01 2.2828220457E-05 -4.0771905935E-06 2.0964599130E-05 -2.0481579238E-05 1.1572869886E+01 -8.3146249918E+00 1.0087961987E-05 -9.7984324843E-06 8.3146249918E+00 1.1572869886E+01
66.00 1.5434854655E+01 -1.0116642560E+00 2.2886471759E-05 -1.5110475968E-06 -1.0116642559E+00 1.5434854655E+01 2.2310544096E-05 -1.4363097490E-06 2.1464245656E-05 -2.0971372050E-05 1.3003785662E+01 -8.2530498682E+00 1.1717328359E-05 -1.1487414370E-05 8.2530498682E+00 1.3003785662E+01
67.00 1.6485218427E+01 -2.2521420721E+00 2.2033769838E-05 8.7375825581E-07 -2.2521420721E+00 1.6485218427E+01 2.1442152543E-05 9.7329979755E-07 2.1595829861E-05 -2.1102146908E-05 1.4312493687E+01 -7.8640197816E+00 1.3025412791E-05 -1.2853147203E-05 7.8640197816E+00 1.4312493687E+01
68.00 1.7343131282E+01 -3.3789337890E+00 2.0865239549E-05 3.0050963867E-06 -3.3789337889E+00 1.7343131282E+01 2.0267976881E-05 3.1250963493E-06 2.1387476949E-05 -2.0901352639E-05 1.5425274938E+01 -7.1713249964E+00 1.4006481163E-05 -1.3889111959E-05 7.1713249964E+00 1.5425274938E+01
69.00 1.7960931746E+01 -4.3489190163E+00 1.9429949426E-05 4.8628018145E-06 -4.3489190163E+00 1.7960931746E+01 1.8836493092E-05 4.9988474684E-06 2.0871586247E-05 -2.0400599672E-05 1.6281930393E+01 -6.2113376380E+00 1.4661683090E-05 -1.4595744873E-05 6.2113376380E+00 1.6281930393E+01
70.00 1.8305522056E+01 -5.1262050374E+00 1.7779502334E-05 6.4331359757E-06 -5.1262050373E+00 1.8305522056E+01 1.7198575305E-05 6.5808344845E-06 2.0083987326E-05 -1.9634833264E-05 1.6837489170E+01 -5.0312143769E+00 1.4998879144E-05 -1.4980276317E-05 5.0312143769E+00 1.6837489170E+01
71.00 1.8358899274E+01 -5.6835791343E+00 1.5966862079E-05 7.7088456112E-06 -5.6835791343E+00 1.8358899274E+01 1.5406338602E-05 7.8639093183E-06 1.9063068938E-05 -1.8641480865E-05 1.7063252309E+01 -3.6866694246E+00 1.5032322078E-05 -1.5056422189E-05 3.6866694246E+00 1.7063252309E+01
72.00 1.8118048810E+01 -6.0035597603E+00 1.4045192193E-05 8.6890771860E-06 -6.0035597602E+00 1.8118048810E+01 1.3511995980E-05 8.8474052685E-06 1.7848899958E-05 -1.7459592581E-05 1.6947152244E+01 -2.2394181549E+00 1.4782200444E-05 -1.4843935997E-05 2.2394181549E+00 1.6947152244E+01
73.00 1.7594226302E+01 -6.0790054273E+00 1.2066730720E-05 9.3791522731E-06 -6.0790054273E+00 1.7594226302E+01 1.1566752966E-05 9.5369072364E-06 1.6482360698E-05 -1.6128992756E-05 1.6493434016E+01 -7.5440477752E-01 1.4274056567E-05 -1.4368033405E-05 7.5440477752E-01 1.6493434016E+01
74.00 1.6811676973E+01 -5.9132604079E+00 1.0081723391E-05 9.7902120908E-06 -5.9132604078E+00 1.6811676973E+01 9.6197619440E-06 9.9438896692E-06 1.5004302054E-05 -1.4689459849E-05 1.5721689939E+01 7.0306431920E-01 1.3538093148E-05 -1.3658703374E-05 -7.0306431920E-01 1.5721689939E+01
75.00 1.5805862693E+01 -5.5198372787E+00 8.1374358075E-06 9.9387426640E-06 -5.5198372787E+00 1.5805862693E+01 7.7171564202E-06 1.0085233811E-05 1.3454748616E-05 -1.3179950353E-05 1.4665304013E+01 2.0701570202E+00 1.2608385682E-05 -1.2749922960E-05 -2.0701570202E+00 1.4665304013E+01
76.00 1.4621285413E+01 -4.9216570300E+00 6.2772628436E-06 9.8459944916E-06 -4.9216570300E+00 1.4621285413E+01 5.9011830380E-06 9.9826382449E-06 1.1872160061E-05 -1.1637880756E-05 1.3369384605E+01 3.2891996728E+00 1.1522019666E-05 -1.1678794649E-05 -3.2891996728E+00 1.3369384605E+01
77.00 1.3309010307E+01 -4.1498869750E+00 4.5399509820E-06 9.5373127644E-06 -4.1498869750E+00 1.3309010307E+01 4.2094466320E-06 9.6619389572E-06 1.0292763339E-05 -1.0098479671E-05 1.1888283187E+01 4.3100946991E+00 1.0318173102E-05 -1.0484626714E-05 -4.3100946991E+00 1.1888283187E+01
78.00 1.1924002557E+01 -3.2424341722E+00 2.9589463881E-06 9.0413960059E-06 -3.2424341722E+00 1.1924002557E+01 2.6742806483E-06 9.1523569594E-06 8.7499659541E-06 -8.5942200701E-06 1.0282812137E+01 5.0923699953E+00 9.0371659747E-06 -9.2079782727E-06 -5.0923699953E+00 1.0282812137E+01
79.00 1.0522397467E+01 -2.2421667328E+00 1.5618784840E-06 8.3895021550E-06 -2.2421667328E+00 1.0522397467E+01 1.3222522761E-06 8.4856926874E-06 7.2738584165E-06 -7.1543393603E-06 8.6172852544E+00 5.6067755118E+00 7.7194987590E-06 -7.8896911429E-06 -5.6067755118E+00 8.6172852544E+00
80.00 9.1588243878E+00 -1.1949465968E+00 3.7018557235E-07 7.6146218828E-06 -1.1949465968E+00 9.1588243878E+00 1.7380837043E-07 7.6954871826E-06 5.8908115341E-06 -5.8044525884E-06 6.9565101274E+00 5.8363630494E+00 6.4049020615E-06 -6.5699307186E-06 -5.8363630494E+00 6.9565101274E+00
81.00 7.8839005692E+00 -1.4756465212E-01 -6.0111407123E-07 6.7506391672E-06 -1.4756465211E-01 7.8839005692E+00 -7.5693484184E-07 6.8161703148E-06 4.6231719519E-06 -4.5662618857E-06 5.3628615695E+00 5.7770086243E+00 5.1314189598E-06 -5.2872575738E-06 -5.7770086243E+00 5.3628615695E+00
82.00 6.7420017320E+00 8.5432785720E-01 -1.3435054171E-06 5.8314988862E-06 8.5432785721E-01 6.7420017320E+00 -1.4622584480E-06 5.8822160408E-06 3.4890570272E-06 -3.4573629269E-06 3.8935599124E+00 5.4373617201E+00 3.9345405725E-06 -4.0777505196E-06 -5.4373617201E+00 3.8935599124E+00
83.00 5.7694021806E+00 1.7681989250E+00 -1.8549170754E-06 4.8904004598E-06 1.7681989250E+00 5.7694021806E+00 -1.9407671767E-06 4.9273239828E-06 2.5022479119E-06 -2.4911470108E-06 2.5982672254E+00 4.8382312376E+00 2.8464139574E-06 -2.9742004728E-06 -4.8382312376E+00 2.5982672254E+00
84.00 4.9928592761E+00 2.5564391200E+00 -2.1395245573E-06 3.9590353660E-06 2.5564391200E+00 4.9928592761E+00 -2.1971813491E-06 3.9836454036E-06 1.6721777314E-06 -1.6767954494E-06 1.5170989444E+00 4.0114428288E+00 1.8951394980E-06 -2.0053925615E-06 -4.0114428288E+00 1.5170989444E+00
85.00 4.4286958217E+00 3.1879107718E+00 -2.2074247445E-06 3.0668848533E-06 3.1879107718E+00 4.4286958217E+00 -2.2420030813E-06 3.0810701465E-06 1.0040099286E-06 -1.0193611531E-06 6.7912860407E-01 2.9982254638E+00 1.1041727418E-06 -1.1954917726E-06 -2.9982254638E+00 6.7912860407E-01
86.00 4.0824103250E+00 3.6391779156E+00 -2.0741923283E-06 2.2405922381E-06 3.6391779156E+00 4.0824103250E+00 -2.0910676728E-06 2.2465891789E-06 4.9880020912E-07 -5.1993075478E-07 1.0144024919E-01 1.8472054667E+00 4.9184311969E-07 -5.6354491598E-07 -1.8472054667E+00 1.0144024919E-01
87.00 3.9488202753E+00 3.8953675292E+00 -1.7603309880E-06 1.5034220232E-06 3.8953675292E+00 3.9488202753E+00 -1.7649930756E-06 1.5037452031E-06 1.5373419859E-07 -1.7585933924E-07 -2.1124229892E-01 6.1210298988E-01 7.0999187976E-08 -1.2310892359E-07 -6.1210298988E-01 -2.1124229892E-01
88.00 4.0127186528E+00 3.9506302687E+00 -1.2906338023E-06 8.7481568203E-07 3.9506302687E+00 4.0127186528E+00 -1.2885419724E-06 8.7218139585E-07 -3.7568173239E-08 1.8931178855E-08 -2.6634667798E-01 -6.5076179490E-01 -1.5121289018E-07 1.1798741057E-07 6.5076179490E-01 -2.6634667798E-01
89.00 4.2500000379E+00 3.8081877998E+00 -6.9346875719E-07 3.7005145305E-07 3.8081877998E+00 4.2500000379E+00 -6.8991228796E-07 3.6729581047E-07 -8.4691361136E-08 7.3599735800E-08 -8.2687500135E-02 -1.8850381377E+00 -1.7343394640E-07 1.5774416521E-07 1.8850381377E+00 -8.2687500135E-02
90.00 4.6291910533E+00 3.4799730269E+00 -6.1862967849E-12 1.2896125228E-11 3.4799730269E+00 4.6291910533E+00 2.7163526346E-11 6.3595025436E-12 -1.6350012782E-11 -9.9428087073E-12 3.1080498510E-01 -3.0368730301E+00 -3.8883490380E-11 -4.7477462226E-11 3.0368730301E+00 3.1080498510E-01
91.00 5.1133014788E+00 2.9858881366E+00 7.5659440468E-07 -2.2893172769E-07 2.9858881366E+00 5.1133014788E+00 7.4853865053E-07 -2.2337143340E-07 2.0172308678E-07 -1.8779870492E-07 8.7679164068E-01 -4.0572848640E+00 3.5905132237E-07 -3.4597945276E-07 4.0572848640E+00 8.7679164068E-01
92.00 5.6618981257E+00 2.3527225337E+00 1.5420204122E-06 -3.1493956665E-07 2.3527225337E+00 5.6618981257E+00 1.5218376835E-06 -3.0113413821E-07 5.0390920804E-07 -4.7386415866E-07 1.5715761681E+00 -4.9042772569E+00 8.8868731112E-07 -8.6533242633E-07 4.9042772569E+00 1.5715761681E+00
93.00 6.2332941375E+00 1.6127876609E+00 2.3216474777E-06 -2.6059583187E-07 1.6127876609E+00 6.2332941375E+00 2.2859180921E-06 -2.3609057902E-07 8.8852363452E-07 -8.4096545089E-07 2.3473968451E+00 -5.5446009611E+00 1.5689304973E-06 -1.5385049080E-06 5.5446009611E+00 2.3473968451E+00
94.00 6.7867422543E+00 8.0233767289E-01 3.0613688739E-06 -7.2714054754E-08 8.0233767289E-01 6.7867422543E+00 3.0073632125E-06 -3.5357518764E-08 1.3366348096E-06 -1.2709906971E-06 3.1548439252E+00 -5.9550889575E+00 2.3756028806E-06 -2.3415553034E-06 5.9550889575E+00 3.1548439252E+00
95.00 7.2845219472E+00 -4.0146532096E-02 3.7283964699E-06 2.3795867924E-07 -4.0146532094E-02 7.2845219472E+00 3.6541271947E-06 2.8994171593E-07 1.8288797877E-06 -1.7454177056E-06 3.9452845275E+00 -6.1235102884E+00 3.2809343615E-06 -3.2468439722E-06 6.1235102884E+00 3.9452845275E+00
96.00 7.6938171234E+00 -8.7572772094E-01 4.2920177086E-06 6.5712228912E-07 -8.7572772093E-01 7.6938171234E+00 4.1962713636E-06 7.2506633941E-07 2.3459311678E-06 -2.2457593025E-06 4.6731787396E+00 -6.0489109231E+00 4.2542922466E-06 -4.2237601208E-06 6.0489109231E+00 4.6731787396E+00
97.00 7.9882929715E+00 -1.6667542528E+00 4.7242943482E-06 1.1673793583E-06 -1.6667542528E+00 7.9882929715E+00 4.6066419354E-06 1.2521240962E-06 2.8689406048E-06 -2.7539852113E-06 5.2981781206E+00 -5.7414339204E+00 5.2629760182E-06 -5.2395166987E-06 5.7414339204E+00 5.2981781206E+00
98.00 8.1492968737E+00 -2.3784938596E+00 5.0006901393E-06 1.7487536051E-06 -2.3784938596E+00 8.1492968737E+00 4.8614767834E-06 1.8506016509E-06 3.3799513804E-06 -3.2529134675E-06 5.7869104252E+00 -5.2216352061E+00 6.2730589219E-06 -6.2599948474E-06 5.2216352061E+00 5.7869104252E+00
99.00 8.1666283122E+00 -2.9805866173E+00 5.1006162126E-06 2.3792581112E-06 -2.9805866173E+00 8.1666283122E+00 4.9409305882E-06 2.4979460777E-06 3.8622731640E-06 -3.7265650217E-06 6.1143714928E+00 -4.5193343155E+00 7.2502570381E-06 -7.2506185272E-06 4.5193343155E+00 6.1143714928E+00
100.00 8.0388453359E+00 -3.4482548001E+00 5.0078847918E-06 3.0354992933E-06 -3.4482548001E+00 8.0388453359E+00 4.8295094857E-06 3.1701831453E-06 4.3008132838E-06 -4.1604763315E-06 6.2648659746E+00 -3.6720603873E+00 8.1608058152E-06 -8.1772391520E-06 3.6720603873E+00 6.2648659746E+00
101.00 7.7730992707E+00 -3.7632204548E+00 4.7110637073E-06 3.6933023390E-06 -3.7632204547E+00 7.7730992707E+00 4.5164081831E-06 3.8425577997E-06 4.6823596616E-06 -4.5419655502E-06 6.2324618414E+00 -2.7231715841E+00 8.9723239432E-06 -9.0070099246E-06 2.7231715841E+00 6.2324618414E+00
102.00 7.3845137302E+00 -3.9142967699E+00 4.2037262205E-06 4.3283435984E-06 -3.9142967699E+00 7.3845137302E+00 3.9957444743E-06 4.4901819827E-06 4.9958117210E-06 -4.8603490283E-06 6.0209482371E+00 -1.7197401415E+00 9.6546446222E-06 -9.7092296582E-06 1.7197401415E+00 6.0209482371E+00
103.00 6.8951473594E+00 -3.8976358654E+00 3.4845927253E-06 4.9167756750E-06 -3.8976358654E+00 6.8951473594E+00 3.2666881039E-06 5.0886751430E-06 5.2323565917E-06 -5.1071058075E-06 5.6433109822E+00 -7.1030481222E-01 1.0180595010E-05 -1.0256136549E-05 7.1030481222E-01 5.6433109822E+00
104.00 6.3326009377E+00 -3.7166326301E+00 2.5575629151E-06 5.4358313939E-06 -3.7166326301E+00 6.3326009376E+00 2.3334828618E-06 5.6147832524E-06 5.3855888966E-06 -5.2759886703E-06 5.1207636447E+00 2.5740284279E-01 1.0526705678E-05 -1.0623633370E-05 -2.5740284279E-01 5.1207636447E+00
105.00 5.7283473939E+00 -3.3815008506E+00 1.4316392561E-06 5.8643935417E-06 -3.3815008505E+00 5.7283473939E+00 1.2053629644E-06 6.0469628114E-06 5.4515737657E-06 -5.3630816017E-06 4.4813934242E+00 1.1386522033E+00 1.0673833414E-05 -1.0791927008E-05 -1.1386522033E+00 4.4813934242E+00
106.00 5.1158770337E+00 -2.9085532581E+00 1.2074442747E-07 6.1835183246E-06 -2.9085532581E+00 5.1158770336E+00 -1.0363346658E-07 6.3659174178E-06 5.4288533675E-06 -5.3668040897E-06 3.7584990972E+00 1.8937265655E+00 1.0607682577E-05 -1.0746067131E-05 -1.8937265655E+00 3.7584990972E+00
107.00 4.5287591519E+00 -2.3192305361E+00 -1.3565624131E-06 6.3769016180E-06 -2.3192305361E+00 4.5287591519E+00 -1.5749489322E-06 6.5550756112E-06 5.3183986627E-06 -5.2878640125E-06 2.9887120936E+00 2.4896644749E+00 1.0319212392E-05 -1.0476370913E-05 -2.4896644749E+00 2.9887120936E+00
108.00 3.9987247607E+00 -1.6389351277E+00 -2.9774639167E-06 6.4312785824E-06 -1.6389351277E+00 3.9987247606E+00 -3.1858825071E-06 6.6010002246E-06 5.1235088654E-06 -5.1291615650E-06 2.2100007870E+00 2.9016526119E+00 9.8049201169E-06 -9.9787233135E-06 -2.9016526119E+00 2.2100007870E+00
109.00 3.5538732349E+00 -8.9573337482E-01 -4.7153489863E-06 6.3367487442E-06 -8.9573337480E-01 3.5538732349E+00 -4.9100489374E-06 6.4937210523E-06 4.8496620851E-06 -4.8956475833E-06 1.4596618988E+00 3.1140108914E+00 9.0669927668E-06 -9.2547451546E-06 -3.1140108914E+00 1.4596618988E+00
110.00 3.2170983883E+00 -1.1899377917E-01 -6.5403533455E-06 6.0870204183E-06 -1.1899377915E-01 3.2170983883E+00 -6.7179110631E-06 6.2269844597E-06 4.5043216065E-06 -4.5941405307E-06 7.7240143810E-01 3.1207304496E+00 8.1133230594E-06 -8.3118242307E-06 -3.1207304496E+00 7.7240143810E-01
111.00 3.0048172333E+00 6.6197014092E-01 -8.4199648512E-06 5.6795701252E-06 6.6197014095E-01 3.0048172333E+00 -8.5773744622E-06 5.7984153935E-06 4.0967029318E-06 -4.2331070018E-06 1.7860097771E-01 2.9255467572E+00 6.9573883260E-06 -7.1630078305E-06 -2.9255467572E+00 1.7860097771E-01
112.00 2.9260681082E+00 1.4191867616E+00 -1.0319680961E-05 5.1157146328E-06 1.4191867616E+00 2.9260681082E+00 -1.0454432070E-05 5.2095892919E-06 3.6375075635E-06 -3.8224113961E-06 -2.9714627230E-01 2.5415522034E+00 5.6179943583E-06 -5.8267582888E-06 -2.5415522034E+00 -2.9714627230E-01
113.00 2.9820248551E+00 2.1271835225E+00 -1.2203704820E-05 4.4005950949E-06 2.1271835225E+00 2.9820248551E+00 -1.2313845627E-05 4.4660133026E-06 3.1386299856E-06 -3.3730408319E-06 -6.3716053791E-01 1.9903740721E+00 4.1188892714E-06 -4.3265763580E-06 -1.9903740721E+00 -6.3716053791E-01
114.00 3.1659513485E+00 2.7639638552E+00 -1.4035665804E-05 3.5430747536E-06 2.7639638552E+00 3.1659513485E+00 -1.4119850240E-05 3.5770182818E-06 2.6128448548E-06 -2.8968118817E-06 -8.3141126790E-01 1.3009638934E+00 2.4882556219E-06 -2.6905004211E-06 -1.3009638934E+00 -8.3141126790E-01
115.00 3.4635971005E+00 3.3117647133E+00 -1.5779349887E-05 2.5555534997E-06 3.3117647133E+00 3.4635971005E+00 -1.5836867875E-05 2.5555649482E-06 2.0734816882E-06 -2.4060659588E-06 -8.7783404196E-01 5.0806176126E-01 7.5809190904E-07 -9.5049249319E-07 -5.0806176126E-01 -8.7783404197E-01
116.00 3.8540111289E+00 3.7575685583E+00 -1.7399425190E-05 1.4537043740E-06 3.7575685584E+00 3.8540111289E+00 -1.7430215615E-05 1.4179694213E-06 1.5340945232E-06 -1.9133603386E-06 -7.8222097350E-01 -3.4958641211E-01 -1.0365026622E-06 8.5827519313E-07 3.4958641211E-01 -7.8222097350E-01
117.00 4.3107290094E+00 4.0933575881E+00 -1.8862148175E-05 2.5613875052E-07 4.0933575882E+00 4.3107290093E+00 -1.8866794638E-05 1.8355510717E-07 1.0081340249E-06 -1.4311618003E-06 -5.5769893808E-01 -1.2311702326E+00 -2.8581238813E-06 2.6982167818E-06 1.2311702326E+00 -5.5769893808E-01
118.00 4.8032682081E+00 4.3161120785E+00 -2.0136036498E-05 -1.0159915699E-06 4.3161120786E+00 4.8032682080E+00 -2.0115746364E-05 -1.1257605593E-06 5.0862934671E-07 -9.7154971398E-07 -2.2383079711E-01 -2.0958200730E+00 -4.6679203591E-06 4.5301941807E-06 2.0958200730E+00 -2.2383079711E-01
119.00 5.2988504393E+00 4.4275681737E+00 -2.1192495271E-05 -2.3394458363E-06 4.4275681738E+00 5.2988504393E+00 -2.1149062971E-05 -2.4859346550E-06 4.7886729687E-08 -5.4593506971E-07 1.9460653035E-01 -2.9045798910E+00 -6.4264935133E-06 6.3144231701E-06 2.9045798910E+00 1.9460653034E-01
120.00 5.7642577641E+00 4.4337625854E+00 -2.2006384525E-05 -3.6893888301E-06 4.4337625855E+00 5.7642577640E+00 -2.1942140483E-05 -3.8713116349E-06 -3.6278866559E-07 -1.6480150320E-07 6.6909767343E-01 -3.6222541614E+00 -8.0948185802E-06 8.0114029272E-06 3.6222541614E+00 6.6909767343E-01
121.00 6.1677220716E+00 4.3444018212E+00 -2.2556516951E-05 -5.0399169066E-06 4.3444018213E+00 6.1677220715E+00 -2.2474263810E-05 -5.2551686469E-06 -7.1334185390E-07 1.6252625615E-07 1.1690367963E+00 -4.2190427038E+00 -9.6351648493E-06 9.5828469348E-06 4.2190427038E+00 1.1690367963E+00
122.00 6.4807458208E+00 4.1721012508E+00 -2.2826076496E-05 -6.3646036738E-06 4.1721012508E+00 6.4807458208E+00 -2.2729014659E-05 -6.6102809081E-06 -9.9518295987E-07 4.2808179674E-07 1.6634591765E+00 -4.6718883886E+00 -1.1011993194E-05 1.0992593059E-05 4.6718883886E+00 1.6634591765E+00
123.00 6.6797555580E+00 3.9315441765E+00 -2.2802950085E-05 -7.6370530727E-06 3.9315441765E+00 6.6797555579E+00 -2.2694594793E-05 -7.9094944273E-06 -1.2013637998E-06 6.2542042072E-07 2.1227647246E+00 -4.9654772809E+00 -1.2192809363E-05 1.2207470954E-05 4.9654772809E+00 2.1227647246E+00
124.00 6.7474985670E+00 3.6386129136E+00 -2.2479966529E-05 -8.8314476056E-06 3.6386129137E+00 6.7474985669E+00 -2.2364058835E-05 -9.1262933313E-06 -1.3267129031E-06 7.4974356776E-07 2.5203436320E+00 -5.0928480197E+00 -1.3148952410E-05 1.3198105803E-05 5.0928480197E+00 2.5203436320E+00
125.00 6.6741065887E+00 3.3095426862E+00 -2.1855038661E-05 -9.9230797797E-06 3.3095426862E+00 6.6741065886E+00 -2.1735452805E-05 -1.0235349377E-05 -1.3679267950E-06 7.9798229801E-07 2.8340206906E+00 -5.0555862856E+00 -1.3856299124E-05 1.3939638866E-05 5.0555862856E+00 2.8340206906E+00
126.00 6.4577681430E+00 2.9601450621E+00 -2.0931206739E-05 -1.0888855432E-05 2.9601450621E+00 6.4577681430E+00 -2.0811856394E-05 -1.1213041851E-05 -1.3236164185E-06 7.6883882921E-07 3.0472453092E+00 -4.8636001713E+00 -1.4295867211E-05 1.4412347224E-05 4.8636001713E+00 3.0472453092E+00
127.00 6.1049716838E+00 2.6051410043E+00 -1.9716583089E-05 -1.1707758262E-05 2.6051410044E+00 6.1049716838E+00 -1.9601328928E-05 -1.2037936749E-05 -1.1943087079E-06 6.6278621649E-07 3.1499682621E+00 -4.5344922048E+00 -1.4454302322E-05 1.4602147377E-05 4.5344922048E+00 3.1499682621E+00
128.00 5.6303045250E+00 2.2576348522E+00 -1.8224200045E-05 -1.2361266137E-05 2.2576348523E+00 5.6303045249E+00 -1.8116760968E-05 -1.2691215405E-05 -9.8240430464E-07 4.8202715049E-07 3.1391629680E+00 -4.0925627396E+00 -1.4324236798E-05 1.4500970193E-05 4.0925627396E+00 3.1391629680E+00
129.00 5.0558160035E+00 1.9287502423E+00 -1.6471765127E-05 -1.2833710846E-05 1.9287502424E+00 5.0558160035E+00 -1.6375635291E-05 -1.3157043902E-05 -6.9209347730E-07 2.3041388632E-07 3.0189677382E+00 -3.5674965675E+00 -1.3904511015E-05 1.4106997708E-05 3.5674965675E+00 3.0189677382E+00
130.00 4.4099764632E+00 1.6274377691E+00 -1.4481329177E-05 -1.3112574437E-05 1.6274377692E+00 4.4099764632E+00 -1.4399702770E-05 -1.3422876113E-05 -3.2923320656E-07 -8.6667873464E-08 2.8004449755E+00 -2.9927991334E+00 -1.3200251482E-05 1.3424755576E-05 2.9927991334E+00 2.8004449755E+00
131.00 3.7262851346E+00 1.3604527630E+00 -1.2278874875E-05 -1.3188716834E-05 1.3604527630E+00 3.7262851345E+00 -1.2214580290E-05 -1.3479684865E-05 9.8810768494E-08 -4.6244752517E-07 2.5009727510E+00 -2.4040599997E+00 -1.2222803281E-05 1.2465058432E-05 2.4040599997E+00 2.5009727510E+00
132.00 3.0415987310E+00 1.1324906042E+00 -9.8938345103E-06 -1.3056531087E-05 1.1324906043E+00 3.0415987309E+00 -9.8492792701E-06 -1.3322117437E-05 5.8335244003E-07 -8.8894627466E-07 2.1433025730E+00 -1.8371287249E+00 -1.0989517920E-05 1.1244808958E-05 1.8371287249E+00 2.1433025730E+00
133.00 2.3942675870E+00 9.4645714644E-01 -7.3585472213E-06 -1.2714024226E-05 9.4645714650E-01 2.3942675869E+00 -7.3356746761E-06 -1.2948573292E-05 1.1145994124E-06 -1.3571771419E-06 1.7543335739E+00 -1.3262917701E+00 -9.5234011349E-06 9.7866549567E-06 1.3262917701E+00 1.7543335739E+00
134.00 1.8221766429E+00 8.0384366045E-01 -4.7076669189E-06 -1.2162823574E-05 8.0384366052E-01 1.8221766428E+00 -4.7079253904E-06 -1.2361203936E-05 1.6818866866E-06 -1.8573630875E-06 1.3636670011E+00 -9.0253830795E-01 -7.8526285637E-06 8.1185121576E-06 9.0253830795E-01 1.3636670011E+00
135.00 1.3607939778E+00 7.0516969170E-01 -1.9775329506E-06 -1.1408109821E-05 7.0516969176E-01 1.3607939777E+00 -2.0018576401E-06 -1.1565836303E-05 2.2739244307E-06 -2.3791677043E-06 1.0020151611E+00 -5.9199794984E-01 -6.0099403229E-06 6.2729636669E-06 5.9199794984E-01 1.0020151611E+00
136.00 1.0413296091E+00 6.5045368373E-01 7.9448391022E-07 -1.0458479987E-05 6.5045368380E-01 1.0413296090E+00 7.4567627651E-07 -1.0571822972E-05 2.8790537985E-06 -2.9119328859E-06 6.9954537867E-01 -4.1462467743E-01 -4.0319284693E-06 4.2865499588E-06 4.1462467743E-01 6.9954537867E-01
137.00 8.8910190726E-01 6.3967033764E-01 3.5706471883E-06 -9.3257447448E-06 6.3967033770E-01 8.8910190720E-01 3.4974513363E-06 -9.3918239575E-06 3.4855047209E-06 -3.4449177986E-06 4.8424184621E-01 -3.8318911118E-01 -1.9582338620E-06 2.1989659136E-06 3.8318911118E-01 4.8424184620E-01
138.00 9.2219847664E-01 6.7315547622E-01 6.3135192295E-06 -8.0246660169E-06 6.7315547628E-01 9.2219847658E-01 6.2165226075E-06 -8.0415263187E-06 4.0816498276E-06 -3.9675336904E-06 3.8036639425E-01 -5.0262624402E-01 1.6932890499E-07 5.2183604587E-08 5.0262624402E-01 3.8036639425E-01
139.00 1.1505032687E+00 7.5192352745E-01 8.9866117728E-06 -6.5726419371E-06 7.5192352751E-01 1.1505032686E+00 8.8668650620E-06 -6.5393090653E-06 4.6562488699E-06 -4.4695693026E-06 4.0709338922E-01 -7.6976863566E-01 2.3076981158E-06 -2.1104786830E-06 7.6976863566E-01 4.0709338921E-01
140.00 1.5751427906E+00 8.7786934978E-01 1.1555010284E-05 -4.9893472049E-06 8.7786934984E-01 1.5751427906E+00 1.1413988335E-05 -4.9058618566E-06 5.1986783964E-06 -4.9414020092E-06 5.7738450940E-01 -1.1734766055E+00 4.4135215184E-06 -4.2453194849E-06 1.1734766055E+00 5.7738450940E-01
141.00 2.1883825276E+00 1.0538345766E+00 1.3985960455E-05 -3.2963377312E-06 1.0538345766E+00 2.1883825275E+00 1.3825515036E-05 -3.1637668781E-06 5.6991419475E-06 -5.3741903093E-06 8.9715660541E-01 -1.6951580450E+00 6.4441205913E-06 -6.3092267549E-06 1.6951580450E+00 8.9715660540E-01
142.00 2.9739812332E+00 1.2835284346E+00 1.6249406176E-05 -1.5166289364E-06 1.2835284347E+00 2.9739812331E+00 1.6071712061E-05 -1.3370537941E-06 6.1488565856E-06 -5.7600438274E-06 1.3647808955E+00 -2.3096519738E+00 8.3584400661E-06 -8.2606373708E-06 2.3096519738E+00 1.3647808955E+00
143.00 3.9079867818E+00 1.5713034933E+00 1.8318469380E-05 3.2574252898E-07 1.5713034934E+00 3.9079867817E+00 1.8125965410E-05 5.4926190280E-07 6.5402122743E-06 -6.0921676343E-06 1.9709351699E+00 -2.9864327507E+00 1.0117960645E-05 -1.0060461211E-05 2.9864327507E+00 1.9709351699E+00
144.00 4.9599340622E+00 1.9217973822E+00 2.0169863443E-05 2.2061638867E-06 1.9217973823E+00 4.9599340621E+00 1.9965190248E-05 2.4696468262E-06 6.8669012910E-06 -6.3649783528E-06 2.6988133385E+00 -3.6910767110E+00 1.1687553780E-05 -1.1672948384E-05 3.6910767110E+00 2.6988133385E+00
145.00 6.0943841407E+00 2.3394615296E+00 2.1784233148E-05 4.0998884165E-06 2.3394615296E+00 6.0943841406E+00 2.1570169205E-05 4.3985136253E-06 7.1240156672E-06 -6.5741902552E-06 3.5246794276E+00 -4.3869206442E+00 1.3036258722E-05 -1.3066479477E-05 4.3869206442E+00 3.5246794276E+00
146.00 7.2727257537E+00 2.8280068039E+00 2.3146415859E-05 5.9824654912E-06 2.8280068039E+00 7.2727257537E+00 2.2925813523E-05 6.3106711275E-06 7.3081113821E-06 -6.7168702876E-06 4.4187368818E+00 -5.0368325141E+00 1.4137964007E-05 -1.4214260694E-05 5.0368325141E+00 4.4187368818E+00
147.00 8.4551460597E+00 3.3898030370E+00 2.4245620043E-05 7.8301496698E-06 3.3898030370E+00 8.4551460597E+00 2.4021343116E-05 8.1817514115E-06 7.4172388878E-06 -6.7914617156E-06 5.3462695278E+00 -5.6050095805E+00 1.4971977742E-05 -1.5094907887E-05 5.6050095805E+00 5.3462695278E+00
148.00 9.6026682526E+00 4.0252743140E+00 2.5075518988E-05 9.6202808398E-06 4.0252743141E+00 9.6026682525E+00 2.4850383224E-05 9.9886053344E-06 7.4509402877E-06 -6.7977768222E-06 6.2689985166E+00 -6.0587178400E+00 1.5523473726E-05 -1.5692906198E-05 6.0587178400E+00 6.2689985166E+00
149.00 1.0679149617E+01 4.7323343083E+00 2.5634259226E-05 1.1331628412E-05 4.7323343084E+00 1.0679149617E+01 2.5410977060E-05 1.1709659113E-05 7.4102142422E-06 -6.7369597689E-06 7.1465905070E+00 -6.3698895325E+00 1.5783803434E-05 -1.5998935034E-05 6.3698895325E+00 7.1465905070E+00
150.00 1.1653135131E+01 5.5059056285E+00 2.5924384793E-05 1.2944693473E-05 5.5059056286E+00 1.1653135131E+01 2.5705515360E-05 1.3325225539E-05 7.2974503970E-06 -6.6114214132E-06 7.9382466860E+00 -6.5165022170E+00 1.5750666943E-05 -1.6010051152E-05 6.5165022170E+00 7.9382466860E+00
151.00 1.2499468744E+01 6.3375640994E+00 2.5952680181E-05 1.4441964024E-05 6.3375640995E+00 1.2499468744E+01 2.5740585504E-05 1.4817764689E-05 7.1163358313E-06 -6.4247485317E-06 8.6043001298E+00 -6.4836732981E+00 1.5428139302E-05 -1.5729726104E-05 6.4836732981E+00 8.6043001298E+00
152.00 1.3200576622E+01 7.2153432460E+00 2.5729936232E-05 1.5808119739E-05 7.2153432460E+00 1.3200576622E+01 2.5526744254E-05 1.6172090396E-05 6.8717364894E-06 -6.1815903072E-06 9.1077505260E+00 -6.2644173982E+00 1.4826552163E-05 -1.5167737620E-05 6.2644173982E+00 9.1077505260E+00
153.00 1.3747353398E+01 8.1237262601E+00 2.5270644752E-05 1.7030183841E-05 8.1237262601E+00 1.3747353398E+01 2.5078219640E-05 1.7375520002E-05 6.5695571355E-06 -5.8875254915E-06 9.4156702155E+00 -5.8600299911E+00 1.3962233851E-05 -1.4339917938E-05 5.8600299911E+00 9.4156702155E+00
154.00 1.4139602874E+01 9.0438428250E+00 2.4592628986E-05 1.8097621066E-05 9.0438428250E+00 1.4139602874E+01 2.4412548944E-05 1.8417966355E-05 6.2165837708E-06 -5.5489139992E-06 9.5004235457E+00 -5.2800784875E+00 1.2857114381E-05 -1.3267765422E-05 5.2800784875E+00 9.5004235457E+00
155.00 1.4386007698E+01 9.9538768727E+00 2.3716618128E-05 1.9002381979E-05 9.9538768728E+00 1.4386007698E+01 2.3550160746E-05 1.9291972442E-05 5.8203126593E-06 -5.1727368780E-06 9.3406521544E+00 -4.5420006613E+00 1.1538204963E-05 -1.1977928951E-05 4.5420006613E+00 9.3406521544E+00
156.00 1.4503627108E+01 1.0829679278E+01 2.2665775048E-05 1.9738895088E-05 1.0829679278E+01 1.4503627108E+01 2.2513910005E-05 1.9992690285E-05 5.3887703371E-06 -4.7664287585E-06 8.9219914100E+00 -3.6703290460E+00 1.0036964436E-05 -1.0501577427E-05 3.6703290460E+00 8.9219914100E+00
157.00 1.4516946532E+01 1.1645567312E+01 2.1465187301E-05 2.0304009511E-05 1.1645567312E+01 1.4516946532E+01 2.1328576089E-05 2.0517807153E-05 4.9303290078E-06 -4.3377069538E-06 8.2374971213E+00 -2.6955778203E+00 8.3885676290E-06 -8.8736694555E-06 2.6955778203E+00 8.2374971213E+00
158.00 1.4456526471E+01 1.2375281078E+01 2.0141331959E-05 2.0696891778E-05 1.2375281078E+01 1.4456526471E+01 2.0020334128E-05 2.0867423026E-05 4.4535216865E-06 -3.8944012688E-06 7.2877760397E+00 -1.6528448979E+00 6.6310927887E-06 -7.1321403347E-06 1.6528448979E+00 7.2877760397E+00
159.00 1.4357319378E+01 1.2993056812E+01 1.8721525114E-05 2.0918881626E-05 1.2993056812E+01 1.4357319378E+01 1.8616210435E-05 2.1043884644E-05 3.9668612162E-06 -3.4442883176E-06 6.0808278540E+00 -5.8019565315E-01 4.8046470214E-06 -5.3170254522E-06 5.8019565315E-01 6.0808278540E+00
160.00 1.4256741027E+01 1.3474768427E+01 1.7233367213E-05 2.0973312184E-05 1.3474768427E+01 1.4256741027E+01 1.7143533031E-05 2.1051582013E-05 3.4786670643E-06 -2.9949339818E-06 4.6316195917E+00 4.8309470676E-01 2.9504499895E-06 -3.4695404209E-06 -4.8309470676E-01 4.6316195917E+00
161.00 1.4192596251E+01 1.3799082558E+01 1.5704195074E-05 2.0865300734E-05 1.3799082558E+01 1.4192596251E+01 1.5629388100E-05 2.0896714154E-05 2.9969033687E-06 -2.5535471468E-06 2.9614249349E+00 1.4983561912E+00 1.1098969376E-06 -1.6311392254E-06 -1.4983561912E+00 2.9614249349E+00
162.00 1.4200967142E+01 1.3948569043E+01 1.4160551389E-05 2.0601516798E-05 1.3948569043E+01 1.4200967142E+01 1.4100093096E-05 2.0587031415E-05 2.5290313044E-06 -2.1268474587E-06 1.0969703857E+00 2.4293096498E+00 -6.7637753477E-07 1.5742798822E-07 -2.4293096498E+00 1.0969703857E+00
163.00 1.4314174394E+01 1.3910708430E+01 1.2627681632E-05 2.0189934397E-05 1.3910708430E+01 1.4314174394E+01 1.2580696443E-05 2.0131561848E-05 2.0818782374E-06 -1.7209492943E-06 -9.3056295423E-01 3.2437373717E+00 -2.3694137004E-06 1.8570360408E-06 -3.2437373717E+00 -9.3056295423E-01
164.00 1.4558919328E+01 1.3678740891E+01 1.1129068015E-05 1.9639575665E-05 1.3678740891E+01 1.4558919328E+01 1.1094513472E-05 1.9540329454E-05 1.6615256502E-06 -1.3412636264E-06 -3.0866292472E+00 3.9149584316E+00 -3.9327983350E-06 3.4310638672E-06 -3.9149584316E+00 -3.0866292472E+00
165.00 1.4954705253E+01 1.3252306783E+01 9.6860089227E-06 1.8960252925E-05 1.3252306783E+01 1.4954705253E+01 9.6627070590E-06 1.8824072042E-05 1.2732172029E-06 -9.9241886026E-07 -5.3344456748E+00 4.4230378107E+00 -5.3334742379E-06 4.8462119657E-06 -4.4230378107E+00 -5.3344456748E+00
166.00 1.5512622822E+01 1.2637837696E+01 8.3172513859E-06 1.8162315937E-05 1.2637837696E+01 1.5512622822E+01 8.3039205846E-06 1.7993966014E-05 9.2128767683E-07 -6.7820118277E-07 -7.6361062223E+00 4.7556710320E+00 -6.5424697027E-06 6.0732399200E-06 -4.7556710320E+00 -7.6361062223E+00
167.00 1.6234565462E+01 1.1848667873E+01 7.0386829087E-06 1.7256410970E-05 1.1848667873E+01 1.6234565462E+01 7.0339695905E-06 1.7061365296E-05 6.0911308091E-07 -4.0151444284E-07 -9.9536342027E+00 4.9087016157E+00 -7.5355319259E-06 7.0876077517E-06 -4.9087016157E+00 -9.9536342027E+00
168.00 1.7112918868E+01 1.0904848797E+01 5.8630878509E-06 1.6253257327E-05 1.0904848797E+01 1.7112918868E+01 5.8655974224E-06 1.6037560569E-05 3.3908153807E-07 -1.6435902873E-07 -1.2249933123E+01 4.8862463491E+00 -8.2936505827E-06 7.8700070910E-06 -4.8862463491E+00 -1.2249933123E+01
169.00 1.8130744019E+01 9.8326638345E+00 4.7999720181E-06 1.5163446854E-05 9.8326638345E+00 1.8130744019E+01 4.8082985879E-06 1.4933564751E-05 1.1258427595E-07 3.2171094171E-08 -1.4489604227E+01 4.7004223156E+00 -8.8034604444E-06 8.4067708219E-06 -4.7004223156E+00 -1.4489604227E+01
170.00 1.9262447540E+01 8.6638545014E+00 3.8554579744E-06 1.3997270536E-05 8.6638545015E+00 1.9262447540E+01 3.8682124361E-06 1.3759929240E-05 -6.9974514733E-08 1.8787452494E-07 -1.6639609031E+01 4.3706889287E+00 -9.0575145765E-06 8.6901525541E-06 -4.3706889287E+00 -1.6639609031E+01
171.00 2.0474907788E+01 7.4345842847E+00 3.0322520147E-06 1.2764575839E-05 7.4345842847E+00 2.0474907788E+01 3.0480881824E-06 1.2526594815E-05 -2.0915035707E-07 3.0341322501E-07 -1.8669765821E+01 3.9228369347E+00 -9.0544226777E-06 8.7184703314E-06 -3.9228369347E+00 -1.8669765821E+01
172.00 2.1729001129E+01 6.1841793654E+00 2.3296825019E-06 1.1474657244E-05 6.1841793654E+00 2.1729001129E+01 2.3473210556E-06 1.1242779836E-05 -3.0641542710E-07 3.8026970337E-07 -2.0553079661E+01 3.3876735493E+00 -8.7988521211E-06 8.4961120032E-06 -3.3876735493E+00 -2.0553079661E+01
173.00 2.2981451827E+01 4.9536972799E+00 1.7438077859E-06 1.0136181418E-05 4.9536972799E+00 2.2981451827E+01 1.7620578764E-06 9.9169072746E-06 -3.6410150464E-07 4.2069234972E-07 -2.2265915468E+01 2.7994677529E+00 -8.3013922809E-06 8.0334027770E-06 -2.7994677529E+00 -2.2265915468E+01
174.00 2.4186911772E+01 3.7843839168E+00 1.2675908752E-06 8.7571474187E-06 3.7843839168E+00 2.4186911772E+01 1.2853692823E-06 8.5565709200E-06 -3.8533091291E-07 4.2763079886E-07 -2.3788032442E+01 2.1942315269E+00 -7.5782857745E-06 7.3463385202E-06 -2.1942315269E+00 -2.3788032442E+01
175.00 2.5300163998E+01 2.7160857651E+00 8.9113654872E-07 7.3448812744E-06 2.7160857651E+00 2.5300163998E+01 9.0748434985E-07 7.1685399782E-06 -3.7393719482E-07 4.0466298364E-07 -2.5102505190E+01 1.6079209009E+00 -6.6510330967E-06 6.4561913021E-06 -1.6079209009E+00 -2.5102505190E+01
176.00 2.6278337126E+01 1.7856876232E+00 6.0198569089E-07 5.9060632220E-06 1.7856876232E+00 2.6278337126E+01 6.1608244051E-07 5.7588001137E-06 -3.3437732412E-07 3.5591553262E-07 -2.6195561850E+01 1.0746446741E+00 -5.5458798704E-06 5.3889964403E-06 -1.0746446741E+00 -2.6195561850E+01
177.00 2.7083016967E+01 1.0256458604E+00 3.8546063085E-07 4.4467849858E-06 1.0256458604E+00 2.7083016967E+01 3.9663606969E-07 4.3326279629E-06 -2.7163713433E-07 2.8597900172E-07 -2.7056372136E+01 6.2496837230E-01 -4.2931984865E-06 4.1749328877E-06 -6.2496837230E-01 -2.7056372136E+01
178.00 2.7682146533E+01 4.6268375065E-01 2.2505425206E-07 2.9726335178E-06 4.6268375065E-01 2.7682146533E+01 2.3279758988E-07 2.8946951343E-06 -1.9113136003E-07 1.9981912706E-07 -2.7676818442E+01 2.8439640826E-01 -2.9267780712E-06 2.8476110307E-06 -2.8439640826E-01 -2.7676818442E+01
179.00 2.8051616446E+01 1.1670853122E-01 1.0285510567E-07 1.4887969195E-06 1.1670853122E-01 2.8051616446E+01 1.0682193626E-07 1.4491968932E-06 -9.8599698671E-08 1.0268527177E-07 -2.8051280986E+01 7.2106740989E-02 -1.4830387331E-06 1.4432839777E-06 -7.2106740989E-02 -2.8051280986E+01
180.00 2.8176463596E+01 -9.0413787568E-15 -7.7785662966E-17 1.8756133598E-10 -9.0413787568E-15 2.8176463596E+01 1.6871067349E-11 -4.3936792691E-16 7.7785662941E-17 1.6871067349E-11 -2.8176463596E+01 -3.1086244690E-15 -1.8756133598E-10 -4.3936792684E-16 3.1086244690E-15 -2.8176463596E+01
