0.000000e+00 0.000000e+00 0.000000e+00 0.000000e+00
-5.950000e+00 -2.610783e-37 1.566689e-18 -2.030864e-35
-5.900000e+00 -6.911989e-37 2.778363e-18 -1.015432e-34
-5.850000e+00 1.278464e-33 4.806720e-18 -4.061727e-35
-5.800000e+00 -2.424542e-36 8.123977e-18 0.000000e+00
-5.750000e+00 7.874877e-32 1.343120e-17 3.249382e-34
-5.700000e+00 -1.824604e-36 2.174711e-17 -6.498763e-34
-5.650000e+00 -1.102695e-35 3.452194e-17 -3.249382e-34
-5.600000e+00 2.554446e-35 5.377917e-17 1.624691e-33
-5.550000e+00 -3.490547e-36 8.228759e-17 1.299753e-33
-5.500000e+00 3.554011e-35 1.237641e-16 2.599505e-33
-5.450000e+00 6.219520e-35 1.831056e-16 -2.599505e-33
-5.400000e+00 1.459683e-34 2.666452e-16 0.000000e+00
-5.350000e+00 -9.773531e-35 3.824217e-16 5.199011e-33
-5.300000e+00 -4.518671e-34 5.404557e-16 -2.079604e-32
-5.250000e+00 1.472376e-34 7.530068e-16 0.000000e+00
-5.200000e+00 -2.233950e-34 1.034796e-15 2.079604e-32
-5.150000e+00 3.757098e-34 1.403167e-15 4.159209e-32
-5.100000e+00 -5.371634e-33 1.878151e-15 0.000000e+00
-5.050000e+00 -5.280245e-34 2.482418e-15 0.000000e+00
-5.000000e+00 7.311109e-34 3.241070e-15 -1.663683e-31
-4.950000e+00 1.015432e-33 4.181262e-15 0.000000e+00
-4.900000e+00 -9.341972e-34 5.331624e-15 0.000000e+00
-4.850000e+00 1.445975e-32 6.721470e-15 0.000000e+00
-4.800000e+00 -5.523949e-33 8.379799e-15 -1.663683e-31
-4.750000e+00 4.874073e-33 1.033409e-14 -6.654734e-31
-4.700000e+00 -1.007308e-32 1.260893e-14 -6.654734e-31
-4.650000e+00 5.686418e-33 1.522449e-14 6.654734e-31
-4.600000e+00 -7.798516e-33 1.819499e-14 -6.654734e-31
-4.550000e+00 -7.473578e-33 2.152703e-14 6.654734e-31
-4.500000e+00 8.123454e-33 2.521814e-14 0.000000e+00
-4.450000e+00 3.021925e-32 2.925540e-14 -1.330947e-30
-4.400000e+00 -4.354171e-32 3.361448e-14 -2.661893e-30
-4.350000e+00 -5.718912e-32 3.825828e-14 2.661893e-30
-4.300000e+00 1.169777e-32 4.313734e-14 0.000000e+00
-4.250000e+00 0.000000e+00 4.818987e-14 -2.661893e-30
-4.200000e+00 -1.089193e-30 5.334169e-14 -5.323787e-30
-4.150000e+00 -2.729481e-31 5.850790e-14 -1.330947e-29
-4.100000e+00 5.199011e-33 6.359448e-14 -5.323787e-30
-4.050000e+00 -5.458961e-32 6.850044e-14 5.323787e-30
-4.000000e+00 4.419159e-32 7.312026e-14 1.064757e-29
-3.950000e+00 7.798516e-32 7.734672e-14 -5.323787e-30
-3.900000e+00 -2.599505e-31 8.107393e-14 1.064757e-29
-3.850000e+00 1.767664e-31 8.420039e-14 -5.323787e-30
-3.800000e+00 2.391545e-31 8.663205e-14 0.000000e+00
-3.750000e+00 -5.199011e-32 8.828510e-14 0.000000e+00
-3.700000e+00 -5.199011e-32 8.908831e-14 1.064757e-29
-3.650000e+00 2.079604e-31 8.898512e-14 2.129515e-29
-3.600000e+00 4.159209e-32 8.793470e-14 -1.064757e-29
-3.550000e+00 -4.159209e-32 8.591589e-14 -2.129515e-29
-3.500000e+00 2.079604e-32 8.292313e-14 2.129515e-29
-3.450000e+00 -6.238813e-32 7.896946e-14 -4.259030e-29
-3.400000e+00 -1.122986e-30 7.408521e-14 1.064757e-29
-3.350000e+00 1.074947e-28 6.831706e-14 -3.194272e-29
-3.300000e+00 1.247763e-31 6.172679e-14 -3.194272e-29
-3.250000e+00 1.663683e-31 5.438966e-14 -2.129515e-29
-3.200000e+00 -1.247763e-31 4.639278e-14 0.000000e+00
-3.150000e+00 4.159209e-32 3.783322e-14 -2.129515e-29
-3.100000e+00 8.318417e-32 2.881623e-14 0.000000e+00
-3.050000e+00 -2.795155e-27 1.945346e-14 2.204048e-27
-3.000000e+00 8.318417e-32 9.861158e-15 2.129515e-29
-2.950000e+00 -3.327367e-31 1.585714e-16 3.194272e-29
-2.900000e+00 -2.495525e-31 -9.533775e-15 -1.064757e-29
-2.850000e+00 -4.159209e-32 -1.909560e-14 4.046078e-28
-2.800000e+00 1.663683e-31 -2.840837e-14 0.000000e+00
-2.750000e+00 -8.734338e-31 -3.735695e-14 2.129515e-29
-2.700000e+00 -8.318417e-32 -4.583110e-14 2.129515e-29
-2.650000e+00 -2.911446e-31 -5.372709e-14 -1.064757e-29
-2.600000e+00 -1.663683e-31 -6.094924e-14 2.129515e-29
-2.550000e+00 -1.663683e-31 -6.741149e-14 -1.064757e-29
-2.500000e+00 -4.159209e-32 -7.303888e-14 1.597136e-29
-2.450000e+00 -3.223387e-29 -7.776882e-14 -3.726651e-29
-2.400000e+00 2.495525e-31 -8.155226e-14 -1.064757e-29
-2.350000e+00 -1.455723e-31 -8.435449e-14 0.000000e+00
-2.300000e+00 1.996420e-30 -8.615651e-14 -2.129515e-29
-2.250000e+00 -2.287565e-31 -8.695176e-14 0.000000e+00
-2.200000e+00 4.213278e-29 -8.675050e-14 -5.323787e-30
-2.150000e+00 1.663683e-31 -8.557788e-14 -5.323787e-30
-2.100000e+00 5.053438e-30 -8.346852e-14 -1.064757e-29
-2.050000e+00 8.110457e-31 -8.047173e-14 1.064757e-29
-2.000000e+00 -5.199011e-32 -7.664409e-14 5.323787e-30
-1.950000e+00 -5.873842e-29 -7.205050e-14 6.122355e-29
-1.900000e+00 -8.318417e-32 -6.676131e-14 -5.323787e-30
-1.850000e+00 3.639308e-32 -6.085038e-14 2.661893e-30
-1.800000e+00 -1.091792e-31 -5.439320e-14 7.985680e-30
-1.750000e+00 4.159209e-32 -4.746526e-14 -5.323787e-30
-1.700000e+00 -2.079604e-32 -4.014075e-14 -7.985680e-30
-1.650000e+00 -2.339555e-32 -3.249171e-14 3.992840e-30
-1.600000e+00 -3.639308e-32 -2.458755e-14 2.661893e-30
-1.550000e+00 1.299753e-32 -1.649496e-14 1.197852e-29
-1.500000e+00 -3.899258e-32 -8.278269e-15 -6.654734e-30
-1.450000e+00 2.339555e-32 -6.654734e-31 0.000000e+00
-1.400000e+00 -2.339555e-32 8.278269e-15 1.330947e-30
-1.350000e+00 2.599505e-33 1.649496e-14 2.661893e-30
-1.300000e+00 -2.079604e-32 2.458755e-14 -5.323787e-30
-1.250000e+00 -4.939060e-32 3.249171e-14 2.661893e-30
-1.200000e+00 5.978862e-32 4.014075e-14 -5.323787e-30
-1.150000e+00 -2.859456e-32 4.746526e-14 -1.064757e-29
-1.100000e+00 -9.852125e-31 5.439320e-14 0.000000e+00
-1.050000e+00 -9.878120e-32 6.085038e-14 5.323787e-30
-1.000000e+00 -4.679110e-32 6.676131e-14 -1.064757e-29
-9.500000e-01 1.091792e-31 7.205050e-14 5.323787e-30
-9.000000e-01 5.718912e-32 7.664409e-14 0.000000e+00
-8.500000e-01 5.562941e-31 8.047173e-14 -1.064757e-29
-8.000000e-01 5.635728e-30 8.346852e-14 1.064757e-29
-7.500000e-01 1.039802e-31 8.557788e-14 -1.064757e-29
-7.000000e-01 4.242393e-29 8.675050e-14 -1.064757e-29
-6.500000e-01 -1.455723e-31 8.695176e-14 2.129515e-29
-6.000000e-01 9.774140e-31 8.615651e-14 0.000000e+00
-5.500000e-01 1.871644e-31 8.435449e-14 -1.064757e-28
-5.000000e-01 1.039802e-31 8.155226e-14 0.000000e+00
-4.500000e-01 -2.079604e-32 7.776882e-14 -2.129515e-29
-4.000000e-01 -1.663683e-31 7.303888e-14 2.129515e-29
-3.500000e-01 -1.039802e-31 6.741149e-14 -3.194272e-29
-3.000000e-01 0.000000e+00 6.094924e-14 1.064757e-29
-2.500000e-01 2.495525e-31 5.372709e-14 -1.064757e-29
-2.000000e-01 2.495525e-31 4.583110e-14 0.000000e+00
-1.500000e-01 8.318417e-32 3.735695e-14 2.129515e-29
-1.000000e-01 1.247763e-31 2.840837e-14 -2.129515e-29
-5.000000e-02 1.247763e-31 1.909560e-14 -4.152554e-28
-1.294798e-14 -4.159209e-32 9.533775e-15 -4.259030e-29
5.000000e-02 0.000000e+00 -1.585714e-16 0.000000e+00
1.000000e-01 -1.663683e-31 -9.861158e-15 0.000000e+00
1.500000e-01 2.911446e-31 -1.945346e-14 0.000000e+00
2.000000e-01 0.000000e+00 -2.881623e-14 -6.388544e-29
2.500000e-01 1.663683e-31 -3.783322e-14 0.000000e+00
3.000000e-01 8.318417e-32 -4.639278e-14 3.194272e-29
3.500000e-01 1.247763e-31 -5.438966e-14 0.000000e+00
4.000000e-01 2.828262e-30 -6.172679e-14 3.194272e-29
4.500000e-01 5.406971e-29 -6.831706e-14 -1.171233e-28
5.000000e-01 1.247763e-31 -7.408521e-14 -2.661893e-29
5.500000e-01 -1.247763e-31 -7.896946e-14 2.661893e-29
6.000000e-01 -1.247763e-31 -8.292313e-14 5.856166e-29
6.500000e-01 6.238813e-32 -8.591589e-14 1.064757e-29
7.000000e-01 -4.159209e-32 -8.793470e-14 -1.064757e-29
7.500000e-01 -4.159209e-32 -8.898512e-14 0.000000e+00
8.000000e-01 -1.455723e-31 -8.908831e-14 1.064757e-29
8.500000e-01 6.238813e-32 -8.828510e-14 0.000000e+00
9.000000e-01 1.247763e-31 -8.663205e-14 0.000000e+00
9.500000e-01 -7.278615e-32 -8.420039e-14 -1.064757e-29
1.000000e+00 9.358219e-32 -8.107393e-14 -1.863325e-29
1.050000e+00 3.077814e-30 -7.734672e-14 -1.330947e-29
1.100000e+00 -2.079604e-32 -7.312026e-14 -2.661893e-30
1.150000e+00 -4.159209e-32 -6.850044e-14 -7.985680e-30
1.200000e+00 7.798516e-32 -6.359448e-14 0.000000e+00
1.250000e+00 -1.871644e-31 -5.850790e-14 5.323787e-30
1.300000e+00 7.538566e-32 -5.334169e-14 -5.323787e-30
1.350000e+00 2.079604e-32 -4.818987e-14 -2.661893e-30
1.400000e+00 2.339555e-32 -4.313734e-14 3.992840e-30
1.450000e+00 2.209580e-32 -3.825828e-14 1.330947e-30
1.500000e+00 -1.299753e-32 -3.361448e-14 6.654734e-31
1.550000e+00 2.729481e-32 -2.925540e-14 1.330947e-30
1.600000e+00 5.848887e-33 -2.521814e-14 6.654734e-31
1.650000e+00 2.079604e-32 -2.152703e-14 -6.654734e-31
1.700000e+00 -4.776591e-32 -1.819499e-14 -2.196062e-29
1.750000e+00 -7.798516e-33 -1.522449e-14 0.000000e+00
1.800000e+00 -7.798516e-33 -1.260893e-14 0.000000e+00
1.850000e+00 -3.411851e-32 -1.033409e-14 -3.327367e-31
1.900000e+00 -4.549134e-33 -8.379799e-15 -1.663683e-31
1.950000e+00 3.574320e-33 -6.721470e-15 -1.663683e-31
2.000000e+00 3.086913e-33 -5.331624e-15 0.000000e+00
2.050000e+00 4.061727e-34 -4.181262e-15 0.000000e+00
2.100000e+00 -1.624691e-33 -3.241070e-15 -1.247763e-31
2.150000e+00 0.000000e+00 -2.482418e-15 -8.318417e-32
2.200000e+00 -3.818024e-33 -1.878151e-15 -4.159209e-32
2.250000e+00 8.935800e-34 -1.403167e-15 -6.238813e-32
2.300000e+00 1.218518e-34 -1.034796e-15 -4.159209e-32
2.350000e+00 -1.015432e-34 -7.530068e-16 -2.079604e-32
2.400000e+00 -1.421604e-34 -5.404557e-16 5.199011e-33
2.450000e+00 -1.624691e-34 -3.824217e-16 -1.039802e-32
2.500000e+00 -3.046295e-35 -2.666452e-16 -4.629719e-30
2.550000e+00 5.331017e-35 -1.831056e-16 5.199011e-33
2.600000e+00 -2.538579e-36 -1.237641e-16 1.299753e-33
2.650000e+00 1.269290e-35 -8.228759e-17 -1.299753e-33
2.700000e+00 3.807869e-36 -5.377917e-17 1.299753e-33
2.750000e+00 1.777006e-35 -3.452194e-17 -3.249382e-34
2.800000e+00 -1.869029e-34 -2.174711e-17 -9.748145e-34
2.850000e+00 -7.874991e-32 -1.343120e-17 0.000000e+00
2.900000e+00 2.062596e-36 -8.123977e-18 1.624691e-34
2.950000e+00 2.379918e-37 -4.806720e-18 -8.123454e-35
3.000000e+00 1.189959e-37 -2.778363e-18 -4.061727e-35
3.050000e+00 -7.338081e-37 -1.566689e-18 -2.030864e-35
