0.000000e+00 0.000000e+00 -1.000000e+00 3.155707e-15 2.974963e-15 2.924960e-13
0.000000e+00 0.000000e+00 -9.500000e-01 3.151743e-15 2.969351e-15 2.937445e-13
0.000000e+00 0.000000e+00 -9.000000e-01 3.146391e-15 2.962327e-15 2.949251e-13
0.000000e+00 0.000000e+00 -8.500000e-01 3.139680e-15 2.953919e-15 2.960362e-13
0.000000e+00 0.000000e+00 -8.000000e-01 3.131644e-15 2.944155e-15 2.970766e-13
0.000000e+00 0.000000e+00 -7.500000e-01 3.122318e-15 2.933068e-15 2.980451e-13
0.000000e+00 0.000000e+00 -7.000000e-01 3.111739e-15 2.920691e-15 2.989403e-13
0.000000e+00 0.000000e+00 -6.500000e-01 3.099946e-15 2.907063e-15 2.997614e-13
0.000000e+00 0.000000e+00 -6.000000e-01 3.086981e-15 2.892221e-15 3.005072e-13
0.000000e+00 0.000000e+00 -5.500000e-01 3.072885e-15 2.876205e-15 3.011768e-13
0.000000e+00 0.000000e+00 -5.000000e-01 3.057701e-15 2.859059e-15 3.017695e-13
0.000000e+00 0.000000e+00 -4.500000e-01 3.041472e-15 2.840823e-15 3.022844e-13
0.000000e+00 0.000000e+00 -4.000000e-01 3.024239e-15 2.821541e-15 3.027209e-13
0.000000e+00 0.000000e+00 -3.500000e-01 3.006046e-15 2.801255e-15 3.030783e-13
0.000000e+00 0.000000e+00 -3.000000e-01 2.986933e-15 2.780010e-15 3.033563e-13
0.000000e+00 0.000000e+00 -2.500000e-01 2.966941e-15 2.757847e-15 3.035544e-13
0.000000e+00 0.000000e+00 -2.000000e-01 2.946109e-15 2.734809e-15 3.036722e-13
0.000000e+00 0.000000e+00 -1.500000e-01 2.924473e-15 2.710937e-15 3.037095e-13
0.000000e+00 0.000000e+00 -1.000000e-01 2.902070e-15 2.686270e-15 3.036661e-13
0.000000e+00 0.000000e+00 -5.000000e-02 2.878932e-15 2.660849e-15 3.035421e-13
0.000000e+00 0.000000e+00 3.191891e-16 2.855092e-15 2.634709e-15 3.033375e-13
0.000000e+00 0.000000e+00 5.000000e-02 2.830578e-15 2.607887e-15 3.030523e-13
0.000000e+00 0.000000e+00 1.000000e-01 2.805417e-15 2.580419e-15 3.026867e-13
0.000000e+00 0.000000e+00 1.500000e-01 2.779634e-15 2.552335e-15 3.022412e-13
0.000000e+00 0.000000e+00 2.000000e-01 2.753252e-15 2.523669e-15 3.017161e-13
0.000000e+00 0.000000e+00 2.500000e-01 2.726292e-15 2.494448e-15 3.011119e-13
0.000000e+00 0.000000e+00 3.000000e-01 2.698771e-15 2.464703e-15 3.004292e-13
0.000000e+00 0.000000e+00 3.500000e-01 2.670708e-15 2.434459e-15 2.996687e-13
0.000000e+00 0.000000e+00 4.000000e-01 2.642116e-15 2.403741e-15 2.988312e-13
0.000000e+00 0.000000e+00 4.500000e-01 2.613010e-15 2.372575e-15 2.979176e-13
0.000000e+00 0.000000e+00 5.000000e-01 2.583402e-15 2.340983e-15 2.969288e-13
0.000000e+00 0.000000e+00 5.500000e-01 2.553304e-15 2.308987e-15 2.958661e-13
0.000000e+00 0.000000e+00 6.000000e-01 2.522726e-15 2.276609e-15 2.947305e-13
0.000000e+00 0.000000e+00 6.500000e-01 2.491680e-15 2.243870e-15 2.935234e-13
0.000000e+00 0.000000e+00 7.000000e-01 2.460174e-15 2.210790e-15 2.922461e-13
0.000000e+00 0.000000e+00 7.500000e-01 2.428219e-15 2.177389e-15 2.909002e-13
0.000000e+00 0.000000e+00 8.000000e-01 2.395825e-15 2.143687e-15 2.894871e-13
0.000000e+00 0.000000e+00 8.500000e-01 2.363004e-15 2.109704e-15 2.880085e-13
0.000000e+00 0.000000e+00 9.000000e-01 2.329766e-15 2.075460e-15 2.864662e-13
0.000000e+00 0.000000e+00 9.500000e-01 2.296125e-15 2.040975e-15 2.848619e-13
0.000000e+00 0.000000e+00 1.000000e+00 2.262094e-15 2.006271e-15 2.831977e-13
0.000000e+00 0.000000e+00 1.050000e+00 2.227687e-15 1.971367e-15 2.814753e-13
0.000000e+00 0.000000e+00 1.100000e+00 2.192922e-15 1.936285e-15 2.796970e-13
0.000000e+00 0.000000e+00 1.150000e+00 2.157815e-15 1.901049e-15 2.778647e-13
0.000000e+00 0.000000e+00 1.200000e+00 2.122386e-15 1.865680e-15 2.759807e-13
0.000000e+00 0.000000e+00 1.250000e+00 2.086656e-15 1.830201e-15 2.740470e-13
0.000000e+00 0.000000e+00 1.300000e+00 2.050648e-15 1.794637e-15 2.720661e-13
0.000000e+00 0.000000e+00 1.350000e+00 2.014384e-15 1.759012e-15 2.700401e-13
0.000000e+00 0.000000e+00 1.400000e+00 1.977891e-15 1.723351e-15 2.679714e-13
0.000000e+00 0.000000e+00 1.450000e+00 1.941196e-15 1.687680e-15 2.658623e-13
0.000000e+00 0.000000e+00 1.500000e+00 1.904327e-15 1.652024e-15 2.637152e-13
0.000000e+00 0.000000e+00 1.550000e+00 1.867314e-15 1.616410e-15 2.615325e-13
0.000000e+00 0.000000e+00 1.600000e+00 1.830186e-15 1.580864e-15 2.593164e-13
0.000000e+00 0.000000e+00 1.650000e+00 1.792977e-15 1.545413e-15 2.570695e-13
0.000000e+00 0.000000e+00 1.700000e+00 1.755717e-15 1.510084e-15 2.547940e-13
0.000000e+00 0.000000e+00 1.750000e+00 1.718441e-15 1.474904e-15 2.524923e-13
0.000000e+00 0.000000e+00 1.800000e+00 1.681182e-15 1.439898e-15 2.501668e-13
0.000000e+00 0.000000e+00 1.850000e+00 1.643973e-15 1.405094e-15 2.478197e-13
0.000000e+00 0.000000e+00 1.900000e+00 1.606848e-15 1.370518e-15 2.454532e-13
0.000000e+00 0.000000e+00 1.950000e+00 1.569841e-15 1.336195e-15 2.430697e-13
