Iteration# z ADDATime OurCalcTime
1.0000000000 -0.0500000000 0.0000000000 41.7100000000
2.0000000000 0.0000000000 0.0000000000 41.4600000000
3.0000000000 0.0500000000 0.0000000000 41.5800000000
4.0000000000 0.1000000000 0.0000000000 41.7300000000
5.0000000000 0.1500000000 0.0000000000 41.8700000000
6.0000000000 0.2000000000 0.0000000000 41.7300000000
7.0000000000 0.2500000000 0.0000000000 41.4500000000
8.0000000000 0.3000000000 0.0000000000 41.1700000000
9.0000000000 0.2750000000 0.0100000000 41.2700000000
10.0000000000 0.2625000000 0.0000000000 41.2800000000
11.0000000000 0.2562500000 0.0000000000 41.1900000000
12.0000000000 0.2531250000 0.0100000000 41.2500000000
13.0000000000 0.2562500000 0.0000000000 42.0300000000
14.0000000000 0.2546875000 0.0000000000 42.0600000000
1.0000000000 0.2562500000 0.0000000000 41.4800000000
2.0000000000 0.2578125000 0.0100000000 41.4000000000
3.0000000000 0.2593750000 0.0000000000 41.7700000000
4.0000000000 0.2609375000 0.0100000000 41.8400000000
5.0000000000 0.2625000000 0.0000000000 41.1900000000
6.0000000000 0.2640625000 0.0100000000 41.0700000000
7.0000000000 0.2656250000 0.0100000000 41.4600000000
8.0000000000 0.2671875000 0.0100000000 41.4800000000
9.0000000000 0.2664062500 0.0000000000 41.2600000000
10.0000000000 0.2660156250 0.0000000000 41.2100000000
11.0000000000 0.2664062500 0.0000000000 40.7700000000
12.0000000000 0.2662109375 0.0000000000 41.1200000000
1.0000000000 0.2664062500 0.0000000000 41.5100000000
2.0000000000 0.2666015625 0.0100000000 41.0000000000
3.0000000000 0.2667968750 0.0000000000 41.4500000000
4.0000000000 0.2669921875 0.0000000000 41.0300000000
5.0000000000 0.2671875000 0.0000000000 41.1100000000
6.0000000000 0.2673828125 0.0000000000 41.0800000000
7.0000000000 0.2675781250 0.0000000000 40.7400000000
8.0000000000 0.2677734375 0.0000000000 41.1000000000
9.0000000000 0.2679687500 0.0100000000 41.5800000000
10.0000000000 0.2681640625 0.0000000000 40.9300000000
11.0000000000 0.2683593750 0.0000000000 40.7400000000
12.0000000000 0.2685546875 0.0000000000 41.1600000000
13.0000000000 0.2687500000 0.0000000000 41.4300000000
14.0000000000 0.2689453125 0.0000000000 41.4400000000
15.0000000000 0.2691406250 0.0100000000 41.2300000000
16.0000000000 0.2693359375 0.0000000000 41.2600000000
17.0000000000 0.2695312500 0.0000000000 41.3400000000
18.0000000000 0.2697265625 0.0000000000 41.3200000000
19.0000000000 0.2699218750 0.0000000000 41.0000000000
20.0000000000 0.2701171875 0.0000000000 40.9700000000
21.0000000000 0.2703125000 0.0000000000 41.1700000000
22.0000000000 0.2705078125 0.0000000000 41.3800000000
23.0000000000 0.2707031250 0.0000000000 42.1800000000
24.0000000000 0.2708984375 0.0000000000 41.1100000000
25.0000000000 0.2710937500 0.0000000000 40.9800000000
26.0000000000 0.2712890625 0.0000000000 40.8600000000
27.0000000000 0.2714843750 0.0000000000 41.0500000000
28.0000000000 0.2716796875 0.0000000000 40.5600000000
29.0000000000 0.2718750000 0.0000000000 41.2300000000
30.0000000000 0.2720703125 0.0000000000 41.1300000000
31.0000000000 0.2722656250 0.0000000000 42.0900000000
32.0000000000 0.2724609375 0.0000000000 41.5400000000
33.0000000000 0.2726562500 0.0000000000 41.0400000000
34.0000000000 0.2728515625 0.0100000000 41.1800000000
35.0000000000 0.2730468750 0.0100000000 41.2300000000
36.0000000000 0.2732421875 0.0000000000 41.3000000000
37.0000000000 0.2734375000 0.0000000000 41.6800000000
38.0000000000 0.2736328125 0.0000000000 41.2600000000
39.0000000000 0.2738281250 0.0000000000 41.2600000000
40.0000000000 0.2740234375 0.0000000000 42.1600000000
41.0000000000 0.2742187500 0.0100000000 41.0100000000
42.0000000000 0.2744140625 0.0000000000 42.3400000000
43.0000000000 0.2746093750 0.0000000000 40.8400000000
44.0000000000 0.2748046875 0.0100000000 40.9200000000
45.0000000000 0.2750000000 0.0000000000 40.9700000000
46.0000000000 0.2751953125 0.0000000000 41.0300000000
47.0000000000 0.2753906250 0.0000000000 41.0400000000
48.0000000000 0.2755859375 0.0000000000 41.2400000000
49.0000000000 0.2757812500 0.0000000000 41.5200000000
50.0000000000 0.2759765625 0.0000000000 41.1100000000
51.0000000000 0.2761718750 0.0000000000 41.1400000000
52.0000000000 0.2763671875 0.0100000000 40.6700000000
53.0000000000 0.2762695312 0.0100000000 40.6300000000
1.0000000000 0.2763671875 0.0100000000 40.6500000000
2.0000000000 0.2764648437 0.0000000000 40.6900000000
3.0000000000 0.2765625000 0.0000000000 41.5500000000
4.0000000000 0.2766601562 0.0000000000 41.2400000000
5.0000000000 0.2767578125 0.0100000000 40.3500000000
6.0000000000 0.2768554687 0.0000000000 40.8800000000
7.0000000000 0.2769531250 0.0000000000 41.0200000000
8.0000000000 0.2770507812 0.0000000000 41.1700000000
9.0000000000 0.2771484375 0.0100000000 41.0800000000
10.0000000000 0.2772460937 0.0000000000 40.9800000000
11.0000000000 0.2773437500 0.0000000000 40.9000000000
12.0000000000 0.2774414062 0.0000000000 41.3300000000
13.0000000000 0.2775390625 0.0100000000 41.3600000000
14.0000000000 0.2776367187 0.0000000000 40.9700000000
15.0000000000 0.2777343750 0.0000000000 40.8500000000
16.0000000000 0.2778320312 0.0000000000 40.6900000000
17.0000000000 0.2779296875 0.0000000000 40.8700000000
18.0000000000 0.2780273437 0.0100000000 41.0700000000
19.0000000000 0.2781250000 0.0000000000 40.4800000000
20.0000000000 0.2782226563 0.0000000000 41.3700000000
21.0000000000 0.2783203125 0.0100000000 40.9900000000
22.0000000000 0.2784179688 0.0100000000 41.0800000000
23.0000000000 0.2785156250 0.0100000000 41.0700000000
24.0000000000 0.2786132813 0.0000000000 41.0300000000
25.0000000000 0.2787109375 0.0000000000 41.2000000000
26.0000000000 0.2788085938 0.0100000000 41.4400000000
27.0000000000 0.2789062500 0.0000000000 41.4900000000
28.0000000000 0.2790039063 0.0000000000 41.1500000000
29.0000000000 0.2791015625 0.0000000000 41.7500000000
30.0000000000 0.2791992188 0.0000000000 40.9100000000
31.0000000000 0.2792968750 0.0000000000 40.8300000000
32.0000000000 0.2793945313 0.0100000000 41.0600000000
33.0000000000 0.2794921875 0.0000000000 41.1500000000
34.0000000000 0.2795898438 0.0000000000 40.8100000000
35.0000000000 0.2796875000 0.0000000000 41.3800000000
36.0000000000 0.2797851563 0.0000000000 41.6500000000
37.0000000000 0.2798828125 0.0000000000 41.1600000000
38.0000000000 0.2799804688 0.0000000000 41.6700000000
39.0000000000 0.2800781250 0.0000000000 41.5400000000
40.0000000000 0.2801757813 0.0000000000 41.6800000000
41.0000000000 0.2802734375 0.0100000000 41.3400000000
42.0000000000 0.2803710938 0.0000000000 41.0100000000
43.0000000000 0.2804687500 0.0000000000 40.8900000000
44.0000000000 0.2805664063 0.0000000000 40.7600000000
45.0000000000 0.2806640625 0.0000000000 40.8100000000
46.0000000000 0.2807617188 0.0000000000 41.9700000000
47.0000000000 0.2808593750 0.0000000000 40.9400000000
48.0000000000 0.2809570313 0.0000000000 41.1600000000
49.0000000000 0.2810546875 0.0000000000 40.6600000000
50.0000000000 0.2811523438 0.0000000000 40.8800000000
51.0000000000 0.2812500000 0.0100000000 40.8500000000
52.0000000000 0.2813476563 0.0000000000 41.3800000000
53.0000000000 0.2814453125 0.0000000000 41.3700000000
54.0000000000 0.2815429688 0.0000000000 41.4800000000
55.0000000000 0.2816406250 0.0000000000 41.1600000000
56.0000000000 0.2817382813 0.0000000000 41.5400000000
57.0000000000 0.2818359375 0.0000000000 41.3400000000
58.0000000000 0.2819335938 0.0100000000 41.6800000000
59.0000000000 0.2820312500 0.0100000000 41.5200000000
60.0000000000 0.2821289063 0.0000000000 41.9200000000
61.0000000000 0.2822265625 0.0000000000 41.1000000000
62.0000000000 0.2823242188 0.0000000000 41.5100000000
63.0000000000 0.2824218750 0.0000000000 40.8200000000
64.0000000000 0.2825195313 0.0000000000 41.1500000000
65.0000000000 0.2826171875 0.0100000000 41.7300000000
66.0000000000 0.2827148438 0.0100000000 41.2700000000
67.0000000000 0.2828125000 0.0100000000 40.6200000000
68.0000000000 0.2829101563 0.0100000000 41.2500000000
69.0000000000 0.2830078125 0.0000000000 41.2200000000
70.0000000000 0.2831054688 0.0000000000 41.0300000000
71.0000000000 0.2832031250 0.0000000000 41.1100000000
72.0000000000 0.2833007813 0.0000000000 41.5300000000
73.0000000000 0.2833984375 0.0000000000 41.1300000000
74.0000000000 0.2834960938 0.0000000000 41.3400000000
75.0000000000 0.2835937500 0.0200000000 41.3600000000
76.0000000000 0.2836914063 0.0100000000 41.6400000000
77.0000000000 0.2837890625 0.0000000000 41.0800000000
78.0000000000 0.2838867188 0.0000000000 41.4300000000
79.0000000000 0.2839843750 0.0000000000 41.3300000000
80.0000000000 0.2840820313 0.0000000000 40.6700000000
81.0000000000 0.2841796875 0.0000000000 40.9800000000
82.0000000000 0.2842773438 0.0000000000 41.7700000000
83.0000000000 0.2843750000 0.0000000000 41.2300000000
84.0000000000 0.2844726563 0.0000000000 41.3000000000
85.0000000000 0.2845703125 0.0100000000 40.9400000000
86.0000000000 0.2846679688 0.0000000000 41.3900000000
87.0000000000 0.2847656250 0.0000000000 41.5500000000
88.0000000000 0.2848632813 0.0100000000 41.2900000000
89.0000000000 0.2849609375 0.0000000000 41.3300000000
90.0000000000 0.2850585938 0.0000000000 41.2100000000
91.0000000000 0.2851562500 0.0000000000 41.2300000000
92.0000000000 0.2852539063 0.0000000000 41.4100000000
93.0000000000 0.2853515625 0.0100000000 41.4600000000
1.0000000000 0.2854492188 0.0000000000 41.2000000000
2.0000000000 0.2855468750 0.0100000000 41.2800000000
3.0000000000 0.2856445313 0.0000000000 41.0700000000
4.0000000000 0.2857421875 0.0000000000 41.5300000000
5.0000000000 0.2858398438 0.0000000000 41.7100000000
6.0000000000 0.2859375000 0.0000000000 41.6700000000
7.0000000000 0.2860351563 0.0000000000 41.6500000000
8.0000000000 0.2861328125 0.0000000000 41.7500000000
9.0000000000 0.2862304688 0.0000000000 41.9500000000
10.0000000000 0.2863281250 0.0100000000 41.1700000000
11.0000000000 0.2864257813 0.0000000000 41.5600000000
12.0000000000 0.2865234375 0.0000000000 41.4400000000
13.0000000000 0.2866210938 0.0000000000 41.4400000000
14.0000000000 0.2867187500 0.0000000000 41.4900000000
15.0000000000 0.2868164063 0.0100000000 41.2300000000
16.0000000000 0.2869140625 0.0100000000 41.3500000000
17.0000000000 0.2870117188 0.0000000000 41.4200000000
18.0000000000 0.2871093750 0.0100000000 41.5800000000
19.0000000000 0.2872070313 0.0100000000 41.4500000000
20.0000000000 0.2873046875 0.0100000000 41.2000000000
21.0000000000 0.2874023438 0.0100000000 41.1900000000
22.0000000000 0.2875000000 0.0000000000 41.6200000000
23.0000000000 0.2875976563 0.0000000000 41.2300000000
24.0000000000 0.2876953125 0.0100000000 41.3000000000
25.0000000000 0.2877929688 0.0100000000 40.7600000000
26.0000000000 0.2878906250 0.0000000000 41.5500000000
27.0000000000 0.2879882813 0.0000000000 41.3900000000
28.0000000000 0.2880859375 0.0100000000 40.9000000000
29.0000000000 0.2881835938 0.0000000000 40.9900000000
30.0000000000 0.2882812500 0.0000000000 41.2800000000
31.0000000000 0.2883789063 0.0000000000 41.5900000000
32.0000000000 0.2884765625 0.0000000000 41.5300000000
33.0000000000 0.2885742188 0.0100000000 41.3500000000
34.0000000000 0.2886718750 0.0000000000 41.4000000000
35.0000000000 0.2887695313 0.0000000000 41.0000000000
36.0000000000 0.2888671875 0.0000000000 41.1700000000
37.0000000000 0.2889648438 0.0000000000 41.3100000000
38.0000000000 0.2890625000 0.0100000000 41.4900000000
39.0000000000 0.2891601563 0.0100000000 41.2300000000
40.0000000000 0.2892578125 0.0000000000 41.1800000000
41.0000000000 0.2893554688 0.0000000000 40.9700000000
42.0000000000 0.2894531250 0.0000000000 41.1200000000
43.0000000000 0.2895507813 0.0000000000 41.3500000000
44.0000000000 0.2896484375 0.0000000000 41.4200000000
45.0000000000 0.2897460938 0.0000000000 41.6200000000
46.0000000000 0.2898437500 0.0000000000 40.8300000000
47.0000000000 0.2899414063 0.0000000000 41.1200000000
48.0000000000 0.2900390625 0.0000000000 41.5100000000
49.0000000000 0.2901367188 0.0000000000 41.4000000000
50.0000000000 0.2902343750 0.0000000000 41.0800000000
51.0000000000 0.2903320313 0.0100000000 41.5600000000
52.0000000000 0.2904296875 0.0000000000 41.7400000000
53.0000000000 0.2905273438 0.0000000000 41.4200000000
54.0000000000 0.2906250000 0.0000000000 41.0100000000
55.0000000000 0.2907226563 0.0100000000 41.1500000000
56.0000000000 0.2908203125 0.0000000000 41.5300000000
57.0000000000 0.2909179688 0.0000000000 40.9700000000
58.0000000000 0.2910156250 0.0000000000 41.0100000000
59.0000000000 0.2911132813 0.0000000000 41.2400000000
60.0000000000 0.2912109375 0.0000000000 40.9500000000
61.0000000000 0.2913085938 0.0000000000 40.9800000000
62.0000000000 0.2914062500 0.0100000000 41.0500000000
63.0000000000 0.2915039063 0.0000000000 41.2400000000
64.0000000000 0.2916015625 0.0100000000 41.1400000000
65.0000000000 0.2916992188 0.0000000000 40.9400000000
66.0000000000 0.2917968750 0.0000000000 40.7600000000
67.0000000000 0.2918945313 0.0100000000 41.1000000000
68.0000000000 0.2919921875 0.0000000000 41.0600000000
69.0000000000 0.2920898438 0.0000000000 41.0600000000
70.0000000000 0.2921875000 0.0000000000 41.5400000000
71.0000000000 0.2922851563 0.0000000000 41.2600000000
72.0000000000 0.2923828125 0.0000000000 41.2500000000
73.0000000000 0.2924804688 0.0000000000 41.3400000000
74.0000000000 0.2925781250 0.0000000000 41.1600000000
75.0000000000 0.2926757813 0.0100000000 41.4700000000
76.0000000000 0.2927734375 0.0000000000 41.4400000000
77.0000000000 0.2928710938 0.0000000000 41.5400000000
78.0000000000 0.2929687500 0.0100000000 41.6200000000
79.0000000000 0.2930664063 0.0100000000 41.4700000000
80.0000000000 0.2931640625 0.0000000000 41.2100000000
81.0000000000 0.2932617188 0.0100000000 41.3000000000
82.0000000000 0.2933593750 0.0000000000 41.2000000000
83.0000000000 0.2934570313 0.0000000000 41.3500000000
84.0000000000 0.2935546875 0.0000000000 41.6000000000
85.0000000000 0.2936523438 0.0000000000 41.2800000000
86.0000000000 0.2937500000 0.0100000000 41.5600000000
87.0000000000 0.2938476563 0.0000000000 41.6000000000
1.0000000000 0.2937988281 0.0000000000 41.3600000000
2.0000000000 0.2938476563 0.0000000000 41.2200000000
3.0000000000 0.2938964844 0.0000000000 41.3300000000
4.0000000000 0.2939453125 0.0000000000 41.7200000000
5.0000000000 0.2939941406 0.0000000000 41.1600000000
6.0000000000 0.2940429688 0.0100000000 41.5600000000
7.0000000000 0.2940917969 0.0000000000 41.8000000000
8.0000000000 0.2941406250 0.0000000000 41.0600000000
9.0000000000 0.2941894531 0.0100000000 41.2200000000
10.0000000000 0.2942382813 0.0000000000 40.5800000000
11.0000000000 0.2942871094 0.0000000000 41.2500000000
12.0000000000 0.2943359375 0.0000000000 41.3200000000
13.0000000000 0.2943847656 0.0100000000 41.5100000000
14.0000000000 0.2944335938 0.0000000000 41.1100000000
15.0000000000 0.2944824219 0.0000000000 40.9300000000
16.0000000000 0.2945312500 0.0000000000 41.0800000000
17.0000000000 0.2945800781 0.0000000000 41.2000000000
18.0000000000 0.2946289063 0.0000000000 40.9500000000
19.0000000000 0.2946777344 0.0000000000 41.0900000000
20.0000000000 0.2947265625 0.0100000000 41.0200000000
21.0000000000 0.2947753906 0.0000000000 41.4600000000
22.0000000000 0.2948242188 0.0000000000 41.1900000000
23.0000000000 0.2948730469 0.0000000000 41.3600000000
24.0000000000 0.2949218750 0.0000000000 41.3700000000
25.0000000000 0.2949707031 0.0000000000 41.4900000000
26.0000000000 0.2950195313 0.0000000000 41.7000000000
27.0000000000 0.2950683594 0.0100000000 41.4900000000
28.0000000000 0.2951171875 0.0000000000 40.8500000000
29.0000000000 0.2951660156 0.0000000000 41.4900000000
30.0000000000 0.2952148438 0.0000000000 41.6900000000
31.0000000000 0.2952636719 0.0000000000 41.3600000000
32.0000000000 0.2953125000 0.0000000000 41.4200000000
33.0000000000 0.2953613281 0.0100000000 41.4000000000
34.0000000000 0.2954101563 0.0000000000 41.4000000000
35.0000000000 0.2954589844 0.0100000000 41.5000000000
36.0000000000 0.2955078125 0.0100000000 41.5900000000
37.0000000000 0.2955566406 0.0000000000 41.2900000000
38.0000000000 0.2956054688 0.0000000000 41.2100000000
39.0000000000 0.2956542969 0.0000000000 41.6300000000
40.0000000000 0.2957031250 0.0000000000 40.9300000000
41.0000000000 0.2957519531 0.0000000000 41.4400000000
42.0000000000 0.2958007813 0.0000000000 40.8900000000
43.0000000000 0.2958496094 0.0000000000 40.8700000000
44.0000000000 0.2958984375 0.0000000000 40.9100000000
45.0000000000 0.2959472656 0.0000000000 40.8400000000
46.0000000000 0.2959960938 0.0100000000 41.1700000000
47.0000000000 0.2960449219 0.0000000000 41.2300000000
48.0000000000 0.2960937500 0.0000000000 40.9200000000
49.0000000000 0.2961425781 0.0000000000 41.1500000000
50.0000000000 0.2961914063 0.0000000000 41.7700000000
51.0000000000 0.2962402344 0.0100000000 41.5700000000
52.0000000000 0.2962890625 0.0000000000 41.2100000000
53.0000000000 0.2963378906 0.0100000000 41.1800000000
54.0000000000 0.2963867188 0.0000000000 41.6100000000
55.0000000000 0.2964355469 0.0000000000 41.4800000000
56.0000000000 0.2964843750 0.0000000000 41.3200000000
57.0000000000 0.2965332031 0.0000000000 41.1000000000
58.0000000000 0.2965820313 0.0000000000 41.3300000000
59.0000000000 0.2966308594 0.0000000000 41.3200000000
60.0000000000 0.2966796875 0.0000000000 42.1200000000
61.0000000000 0.2967285156 0.0100000000 41.4900000000
62.0000000000 0.2967773438 0.0000000000 41.0100000000
63.0000000000 0.2968261719 0.0000000000 41.4400000000
64.0000000000 0.2968750000 0.0000000000 41.6200000000
65.0000000000 0.2969238281 0.0100000000 41.2600000000
66.0000000000 0.2969726563 0.0000000000 41.4300000000
67.0000000000 0.2970214844 0.0000000000 41.4300000000
68.0000000000 0.2970703125 0.0100000000 41.5400000000
69.0000000000 0.2971191406 0.0000000000 41.2100000000
70.0000000000 0.2971679688 0.0000000000 41.1500000000
71.0000000000 0.2972167969 0.0000000000 41.7200000000
72.0000000000 0.2972656250 0.0000000000 41.2300000000
73.0000000000 0.2973144531 0.0000000000 41.0700000000
74.0000000000 0.2973632813 0.0000000000 40.7600000000
75.0000000000 0.2974121094 0.0000000000 40.9100000000
76.0000000000 0.2974609375 0.0000000000 41.5300000000
77.0000000000 0.2975097656 0.0000000000 41.2800000000
78.0000000000 0.2975585938 0.0000000000 41.1000000000
79.0000000000 0.2976074219 0.0100000000 41.8000000000
80.0000000000 0.2976562500 0.0100000000 41.0900000000
81.0000000000 0.2977050781 0.0000000000 41.6000000000
82.0000000000 0.2977539063 0.0000000000 41.4700000000
83.0000000000 0.2978027344 0.0000000000 41.3500000000
84.0000000000 0.2978515625 0.0000000000 41.0500000000
85.0000000000 0.2979003906 0.0000000000 42.1500000000
86.0000000000 0.2979492188 0.0000000000 41.3100000000
87.0000000000 0.2979980469 0.0000000000 41.6500000000
88.0000000000 0.2980468750 0.0000000000 40.8100000000
89.0000000000 0.2980957031 0.0000000000 41.3700000000
90.0000000000 0.2981445313 0.0100000000 41.1300000000
91.0000000000 0.2981933594 0.0100000000 41.2600000000
92.0000000000 0.2982421875 0.0000000000 41.2500000000
93.0000000000 0.2982910156 0.0000000000 41.3900000000
94.0000000000 0.2983398438 0.0000000000 41.5600000000
95.0000000000 0.2983886719 0.0000000000 41.6700000000
96.0000000000 0.2984375000 0.0000000000 41.6100000000
97.0000000000 0.2984863281 0.0000000000 41.2200000000
98.0000000000 0.2985351563 0.0000000000 41.4800000000
99.0000000000 0.2985839844 0.0000000000 41.2100000000
100.0000000000 0.2986328125 0.0000000000 40.7200000000
101.0000000000 0.2986816406 0.0100000000 40.9100000000
102.0000000000 0.2987304688 0.0100000000 41.1700000000
103.0000000000 0.2987792969 0.0100000000 40.9900000000
104.0000000000 0.2988281250 0.0000000000 40.8400000000
105.0000000000 0.2988769531 0.0000000000 40.6400000000
106.0000000000 0.2989257813 0.0000000000 40.9400000000
107.0000000000 0.2989746094 0.0000000000 40.8200000000
108.0000000000 0.2990234375 0.0000000000 41.0600000000
109.0000000000 0.2990722656 0.0000000000 41.7900000000
110.0000000000 0.2991210938 0.0000000000 40.8500000000
111.0000000000 0.2991699219 0.0000000000 41.2400000000
112.0000000000 0.2992187500 0.0000000000 40.8800000000
113.0000000000 0.2992675781 0.0000000000 40.9400000000
114.0000000000 0.2993164063 0.0000000000 41.8700000000
115.0000000000 0.2993652344 0.0000000000 40.9400000000
116.0000000000 0.2994140625 0.0000000000 42.0900000000
117.0000000000 0.2994628906 0.0100000000 40.8200000000
118.0000000000 0.2995117188 0.0000000000 40.9500000000
119.0000000000 0.2995605469 0.0100000000 41.5300000000
120.0000000000 0.2996093750 0.0000000000 41.0900000000
121.0000000000 0.2996582031 0.0000000000 40.8500000000
122.0000000000 0.2997070313 0.0100000000 41.1600000000
123.0000000000 0.2997558594 0.0000000000 40.7900000000
124.0000000000 0.2998046875 0.0000000000 41.2800000000
125.0000000000 0.2998535156 0.0000000000 41.1000000000
126.0000000000 0.2999023438 0.0000000000 41.0100000000
127.0000000000 0.2999511719 0.0100000000 41.0300000000
128.0000000000 0.3000000000 0.0000000000 41.0800000000
129.0000000000 0.3000488281 0.0000000000 41.6200000000
130.0000000000 0.3000976563 0.0100000000 41.4000000000
131.0000000000 0.3001464844 0.0000000000 42.1100000000
132.0000000000 0.3001953125 0.0000000000 41.0000000000
133.0000000000 0.3002441406 0.0000000000 42.4800000000
134.0000000000 0.3002929688 0.0100000000 41.1300000000
135.0000000000 0.3003417969 0.0100000000 40.5200000000
136.0000000000 0.3003906250 0.0000000000 40.9500000000
137.0000000000 0.3004394531 0.0000000000 41.3000000000
138.0000000000 0.3004882813 0.0100000000 41.0400000000
139.0000000000 0.3005371094 0.0100000000 40.9800000000
140.0000000000 0.3005859375 0.0000000000 40.8600000000
141.0000000000 0.3006347656 0.0100000000 41.2300000000
142.0000000000 0.3006835938 0.0000000000 41.1300000000
143.0000000000 0.3007324219 0.0000000000 41.6500000000
144.0000000000 0.3007812500 0.0000000000 41.0200000000
145.0000000000 0.3008300781 0.0000000000 40.9600000000
146.0000000000 0.3008789063 0.0100000000 41.2600000000
147.0000000000 0.3009277344 0.0000000000 40.9700000000
148.0000000000 0.3009765625 0.0000000000 40.7400000000
149.0000000000 0.3010253906 0.0000000000 41.7700000000
150.0000000000 0.3010742188 0.0000000000 41.7000000000
151.0000000000 0.3011230469 0.0100000000 41.5200000000
152.0000000000 0.3011718750 0.0100000000 41.3500000000
153.0000000000 0.3012207031 0.0000000000 41.1200000000
154.0000000000 0.3012695313 0.0000000000 41.5300000000
155.0000000000 0.3013183594 0.0000000000 41.6500000000
156.0000000000 0.3013671875 0.0000000000 40.9900000000
157.0000000000 0.3014160156 0.0000000000 41.3900000000
158.0000000000 0.3014648438 0.0000000000 41.5800000000
159.0000000000 0.3015136719 0.0000000000 41.4400000000
160.0000000000 0.3015625000 0.0000000000 40.8900000000
161.0000000000 0.3016113281 0.0000000000 40.6900000000
162.0000000000 0.3016601563 0.0000000000 41.3300000000
163.0000000000 0.3017089844 0.0000000000 41.2800000000
164.0000000000 0.3017578125 0.0000000000 41.0400000000
1.0000000000 0.3018066406 0.0100000000 41.1200000000
2.0000000000 0.3018554688 0.0100000000 41.5200000000
3.0000000000 0.3019042969 0.0100000000 41.6000000000
4.0000000000 0.3019531250 0.0000000000 41.3700000000
5.0000000000 0.3020019531 0.0000000000 40.7600000000
6.0000000000 0.3020507813 0.0000000000 41.5900000000
7.0000000000 0.3020996094 0.0100000000 41.2200000000
8.0000000000 0.3021484375 0.0000000000 41.3800000000
9.0000000000 0.3021972656 0.0000000000 41.2000000000
10.0000000000 0.3022460938 0.0000000000 41.4800000000
11.0000000000 0.3022949219 0.0000000000 41.3200000000
12.0000000000 0.3023437500 0.0000000000 41.1800000000
13.0000000000 0.3023925781 0.0000000000 41.1100000000
14.0000000000 0.3024414063 0.0100000000 41.4900000000
15.0000000000 0.3024902344 0.0000000000 41.2800000000
16.0000000000 0.3025390625 0.0000000000 41.5600000000
17.0000000000 0.3025878906 0.0000000000 41.0900000000
18.0000000000 0.3026367188 0.0000000000 41.3800000000
19.0000000000 0.3026855469 0.0000000000 41.4000000000
20.0000000000 0.3027343750 0.0000000000 41.2600000000
21.0000000000 0.3027832031 0.0000000000 41.2500000000
22.0000000000 0.3028320313 0.0000000000 41.4900000000
23.0000000000 0.3028808594 0.0100000000 41.2600000000
24.0000000000 0.3029296875 0.0000000000 41.0800000000
25.0000000000 0.3029785156 0.0100000000 41.4300000000
26.0000000000 0.3030273438 0.0000000000 41.4200000000
27.0000000000 0.3030761719 0.0000000000 41.1800000000
28.0000000000 0.3031250000 0.0000000000 41.4700000000
29.0000000000 0.3031738281 0.0000000000 41.4900000000
30.0000000000 0.3032226563 0.0000000000 41.5000000000
31.0000000000 0.3032714844 0.0000000000 41.3100000000
32.0000000000 0.3033203125 0.0000000000 41.4000000000
33.0000000000 0.3033691406 0.0000000000 41.1300000000
34.0000000000 0.3034179688 0.0000000000 41.2100000000
35.0000000000 0.3034667969 0.0000000000 41.4200000000
36.0000000000 0.3035156250 0.0000000000 41.5600000000
37.0000000000 0.3035644531 0.0000000000 41.4700000000
38.0000000000 0.3036132813 0.0000000000 41.9300000000
39.0000000000 0.3036621094 0.0000000000 41.2500000000
40.0000000000 0.3037109375 0.0000000000 41.2300000000
41.0000000000 0.3037597656 0.0000000000 41.8300000000
42.0000000000 0.3038085938 0.0200000000 41.4200000000
43.0000000000 0.3038574219 0.0000000000 41.0700000000
44.0000000000 0.3039062500 0.0000000000 41.7800000000
45.0000000000 0.3039550781 0.0000000000 41.6600000000
46.0000000000 0.3040039063 0.0000000000 41.2800000000
47.0000000000 0.3040527344 0.0000000000 41.3800000000
48.0000000000 0.3041015625 0.0000000000 41.1800000000
49.0000000000 0.3041503906 0.0000000000 40.9100000000
50.0000000000 0.3041992188 0.0000000000 41.5800000000
51.0000000000 0.3042480469 0.0000000000 40.8700000000
52.0000000000 0.3042968750 0.0000000000 41.4500000000
53.0000000000 0.3043457031 0.0000000000 41.2500000000
54.0000000000 0.3043945313 0.0000000000 41.4500000000
55.0000000000 0.3044433594 0.0000000000 41.2600000000
56.0000000000 0.3044921875 0.0100000000 41.1900000000
57.0000000000 0.3045410156 0.0000000000 41.2900000000
58.0000000000 0.3045898438 0.0000000000 41.1900000000
59.0000000000 0.3046386719 0.0000000000 41.3200000000
60.0000000000 0.3046875000 0.0000000000 41.1200000000
61.0000000000 0.3047363281 0.0000000000 41.1400000000
62.0000000000 0.3047851563 0.0000000000 41.2600000000
63.0000000000 0.3048339844 0.0000000000 40.7900000000
64.0000000000 0.3048828125 0.0000000000 41.9200000000
65.0000000000 0.3049316406 0.0000000000 41.5300000000
66.0000000000 0.3049804688 0.0000000000 41.4100000000
67.0000000000 0.3050292969 0.0000000000 40.8800000000
68.0000000000 0.3050781250 0.0000000000 42.0600000000
69.0000000000 0.3051269531 0.0100000000 41.5800000000
70.0000000000 0.3051757813 0.0100000000 41.4900000000
71.0000000000 0.3052246094 0.0000000000 40.7500000000
72.0000000000 0.3052734375 0.0000000000 41.3400000000
73.0000000000 0.3053222656 0.0000000000 41.6200000000
74.0000000000 0.3053710938 0.0000000000 41.6700000000
75.0000000000 0.3054199219 0.0000000000 40.9500000000
76.0000000000 0.3054687500 0.0000000000 41.4300000000
77.0000000000 0.3055175781 0.0000000000 41.5900000000
78.0000000000 0.3055664063 0.0000000000 41.3000000000
79.0000000000 0.3056152344 0.0000000000 40.9400000000
80.0000000000 0.3056640625 0.0000000000 41.5900000000
81.0000000000 0.3057128906 0.0000000000 41.4600000000
82.0000000000 0.3057617188 0.0000000000 41.2600000000
83.0000000000 0.3058105469 0.0000000000 41.2200000000
84.0000000000 0.3058593750 0.0000000000 41.2700000000
85.0000000000 0.3059082031 0.0000000000 41.5200000000
86.0000000000 0.3059570313 0.0000000000 49.6400000000
87.0000000000 0.3060058594 0.0100000000 40.8100000000
88.0000000000 0.3060546875 0.0000000000 41.1900000000
89.0000000000 0.3061035156 0.0000000000 41.6300000000
90.0000000000 0.3061523438 0.0000000000 40.9900000000
91.0000000000 0.3062011719 0.0000000000 41.0300000000
92.0000000000 0.3062500000 0.0000000000 41.0200000000
93.0000000000 0.3062988281 0.0000000000 42.1200000000
94.0000000000 0.3063476563 0.0100000000 40.9400000000
95.0000000000 0.3063964844 0.0000000000 42.3000000000
96.0000000000 0.3064453125 0.0100000000 41.5700000000
97.0000000000 0.3064941406 0.0000000000 41.2400000000
98.0000000000 0.3065429688 0.0000000000 40.6900000000
99.0000000000 0.3065917969 0.0100000000 41.4800000000
100.0000000000 0.3066406250 0.0000000000 41.4500000000
101.0000000000 0.3066894531 0.0000000000 41.0900000000
102.0000000000 0.3067382813 0.0000000000 41.5000000000
103.0000000000 0.3067871094 0.0000000000 41.5700000000
104.0000000000 0.3068359375 0.0100000000 41.6200000000
105.0000000000 0.3068847656 0.0000000000 41.1000000000
106.0000000000 0.3069335938 0.0000000000 41.1400000000
107.0000000000 0.3069824219 0.0000000000 41.1600000000
108.0000000000 0.3070312500 0.0000000000 40.8400000000
109.0000000000 0.3070800781 0.0000000000 40.9400000000
110.0000000000 0.3071289063 0.0100000000 41.2600000000
111.0000000000 0.3071777344 0.0100000000 41.3100000000
112.0000000000 0.3072265625 0.0000000000 41.1600000000
113.0000000000 0.3072753906 0.0000000000 40.6300000000
114.0000000000 0.3073242188 0.0100000000 41.4300000000
115.0000000000 0.3073730469 0.0000000000 41.0400000000
116.0000000000 0.3074218750 0.0000000000 41.3100000000
117.0000000000 0.3074707031 0.0000000000 40.8400000000
118.0000000000 0.3075195313 0.0000000000 42.0400000000
119.0000000000 0.3075683594 0.0100000000 41.1300000000
120.0000000000 0.3076171875 0.0100000000 41.0100000000
121.0000000000 0.3076660156 0.0100000000 40.7600000000
122.0000000000 0.3077148438 0.0000000000 40.5400000000
123.0000000000 0.3077636719 0.0000000000 40.7200000000
124.0000000000 0.3078125000 0.0000000000 40.5800000000
125.0000000000 0.3078613281 0.0000000000 40.5600000000
126.0000000000 0.3079101563 0.0000000000 40.9300000000
127.0000000000 0.3079589844 0.0000000000 40.6400000000
128.0000000000 0.3080078125 0.0000000000 40.9100000000
129.0000000000 0.3080566406 0.0100000000 41.0100000000
130.0000000000 0.3081054688 0.0000000000 41.0200000000
131.0000000000 0.3081542969 0.0000000000 40.9200000000
132.0000000000 0.3082031250 0.0000000000 41.2700000000
133.0000000000 0.3082519531 0.0000000000 41.3000000000
134.0000000000 0.3083007813 0.0000000000 41.3100000000
135.0000000000 0.3083496094 0.0000000000 40.9500000000
136.0000000000 0.3083984375 0.0000000000 40.8800000000
137.0000000000 0.3084472656 0.0000000000 41.3000000000
138.0000000000 0.3084960938 0.0000000000 41.3400000000
139.0000000000 0.3085449219 0.0000000000 40.6700000000
140.0000000000 0.3085937500 0.0000000000 40.7700000000
141.0000000000 0.3086425781 0.0000000000 40.6800000000
142.0000000000 0.3086914063 0.0000000000 40.4600000000
143.0000000000 0.3087402344 0.0000000000 40.8600000000
144.0000000000 0.3087890625 0.0100000000 41.1000000000
145.0000000000 0.3088378906 0.0000000000 41.1400000000
146.0000000000 0.3088867188 0.0000000000 40.6400000000
147.0000000000 0.3089355469 0.0000000000 41.0800000000
148.0000000000 0.3089843750 0.0000000000 40.9200000000
149.0000000000 0.3090332031 0.0000000000 40.9500000000
150.0000000000 0.3090820313 0.0100000000 41.0200000000
151.0000000000 0.3091308594 0.0100000000 41.1800000000
152.0000000000 0.3091796875 0.0000000000 41.0900000000
153.0000000000 0.3092285156 0.0000000000 41.0400000000
154.0000000000 0.3092773438 0.0000000000 41.4600000000
155.0000000000 0.3093261719 0.0000000000 41.3700000000
156.0000000000 0.3093750000 0.0000000000 41.3000000000
157.0000000000 0.3094238281 0.0000000000 41.2300000000
1.0000000000 0.3094726563 0.0100000000 41.7800000000
2.0000000000 0.3095214844 0.0000000000 41.4400000000
3.0000000000 0.3095703125 0.0000000000 41.1000000000
4.0000000000 0.3096191406 0.0000000000 40.7300000000
5.0000000000 0.3096679688 0.0000000000 41.2100000000
6.0000000000 0.3097167969 0.0000000000 40.6900000000
7.0000000000 0.3097656250 0.0000000000 41.2600000000
8.0000000000 0.3098144531 0.0100000000 41.3900000000
9.0000000000 0.3098632813 0.0100000000 41.3100000000
10.0000000000 0.3099121094 0.0000000000 40.6200000000
11.0000000000 0.3099609375 0.0100000000 41.1900000000
12.0000000000 0.3100097656 0.0000000000 41.4900000000
13.0000000000 0.3100585938 0.0000000000 41.4200000000
14.0000000000 0.3101074219 0.0100000000 40.8400000000
15.0000000000 0.3101562500 0.0100000000 41.6900000000
16.0000000000 0.3102050781 0.0000000000 42.2400000000
17.0000000000 0.3102539063 0.0000000000 41.8300000000
18.0000000000 0.3103027344 0.0000000000 41.0400000000
19.0000000000 0.3103515625 0.0000000000 41.2000000000
20.0000000000 0.3104003906 0.0200000000 40.9500000000
21.0000000000 0.3104492188 0.0100000000 41.2500000000
22.0000000000 0.3104980469 0.0000000000 41.0400000000
23.0000000000 0.3105468750 0.0000000000 41.3900000000
24.0000000000 0.3105957031 0.0000000000 41.0900000000
25.0000000000 0.3106445313 0.0000000000 41.0800000000
26.0000000000 0.3106933594 0.0000000000 40.8400000000
27.0000000000 0.3107421875 0.0000000000 40.7800000000
28.0000000000 0.3107910156 0.0100000000 41.9400000000
29.0000000000 0.3108398438 0.0000000000 41.2000000000
30.0000000000 0.3108886719 0.0000000000 41.3600000000
31.0000000000 0.3109375000 0.0000000000 41.1900000000
32.0000000000 0.3109863281 0.0000000000 41.9900000000
33.0000000000 0.3110351563 0.0000000000 40.7600000000
34.0000000000 0.3110839844 0.0000000000 42.1100000000
35.0000000000 0.3111328125 0.0000000000 41.5100000000
36.0000000000 0.3111816406 0.0000000000 41.6200000000
37.0000000000 0.3112304688 0.0000000000 41.5000000000
38.0000000000 0.3112792969 0.0100000000 41.6300000000
39.0000000000 0.3113281250 0.0000000000 41.3500000000
40.0000000000 0.3113769531 0.0100000000 41.1300000000
41.0000000000 0.3114257813 0.0100000000 41.4100000000
42.0000000000 0.3114746094 0.0000000000 41.5700000000
43.0000000000 0.3115234375 0.0000000000 41.3300000000
44.0000000000 0.3115722656 0.0000000000 41.1000000000
45.0000000000 0.3116210938 0.0000000000 41.2700000000
46.0000000000 0.3116699219 0.0000000000 40.6700000000
47.0000000000 0.3117187500 0.0100000000 41.3200000000
48.0000000000 0.3117675781 0.0100000000 41.0600000000
49.0000000000 0.3118164063 0.0000000000 41.0200000000
50.0000000000 0.3118652344 0.0000000000 41.3300000000
51.0000000000 0.3119140625 0.0000000000 41.3900000000
52.0000000000 0.3119628906 0.0000000000 40.9900000000
53.0000000000 0.3120117188 0.0000000000 41.0000000000
54.0000000000 0.3120605469 0.0000000000 40.8800000000
55.0000000000 0.3121093750 0.0000000000 41.0300000000
56.0000000000 0.3121582031 0.0000000000 40.9500000000
57.0000000000 0.3122070313 0.0100000000 40.9400000000
58.0000000000 0.3122558594 0.0000000000 41.0000000000
59.0000000000 0.3123046875 0.0100000000 40.8600000000
60.0000000000 0.3123535156 0.0100000000 41.5200000000
61.0000000000 0.3124023438 0.0100000000 40.8200000000
62.0000000000 0.3124511719 0.0000000000 40.9500000000
63.0000000000 0.3125000000 0.0000000000 41.1400000000
64.0000000000 0.3125488281 0.0000000000 41.1300000000
65.0000000000 0.3125976563 0.0100000000 41.1600000000
66.0000000000 0.3126464844 0.0000000000 41.2300000000
67.0000000000 0.3126953125 0.0100000000 41.0800000000
68.0000000000 0.3127441406 0.0000000000 41.4100000000
69.0000000000 0.3127929688 0.0000000000 41.1400000000
70.0000000000 0.3128417969 0.0000000000 41.0700000000
71.0000000000 0.3128906250 0.0000000000 40.7100000000
72.0000000000 0.3129394531 0.0000000000 41.2400000000
73.0000000000 0.3129882813 0.0000000000 41.0000000000
74.0000000000 0.3130371094 0.0000000000 41.1700000000
75.0000000000 0.3130859375 0.0100000000 40.9500000000
76.0000000000 0.3131347656 0.0000000000 42.0300000000
77.0000000000 0.3131835938 0.0100000000 41.3300000000
78.0000000000 0.3132324219 0.0100000000 41.2800000000
79.0000000000 0.3132812500 0.0000000000 41.1000000000
80.0000000000 0.3133300781 0.0100000000 40.9400000000
81.0000000000 0.3133789063 0.0000000000 41.7200000000
82.0000000000 0.3134277344 0.0000000000 41.2600000000
83.0000000000 0.3134765625 0.0100000000 41.0500000000
84.0000000000 0.3135253906 0.0000000000 41.6300000000
85.0000000000 0.3135742188 0.0000000000 41.3800000000
86.0000000000 0.3136230469 0.0100000000 41.0300000000
87.0000000000 0.3136718750 0.0100000000 41.2200000000
88.0000000000 0.3137207031 0.0100000000 41.2400000000
89.0000000000 0.3137695313 0.0100000000 40.9500000000
90.0000000000 0.3138183594 0.0000000000 41.2900000000
91.0000000000 0.3138671875 0.0000000000 41.5800000000
92.0000000000 0.3139160156 0.0000000000 41.6500000000
93.0000000000 0.3139648438 0.0100000000 41.2800000000
94.0000000000 0.3140136719 0.0000000000 41.5400000000
95.0000000000 0.3140625000 0.0100000000 41.5600000000
96.0000000000 0.3141113281 0.0100000000 41.2000000000
97.0000000000 0.3141601563 0.0000000000 40.9900000000
98.0000000000 0.3142089844 0.0000000000 40.9700000000
99.0000000000 0.3142578125 0.0000000000 43.1900000000
100.0000000000 0.3143066406 0.0000000000 43.7800000000
101.0000000000 0.3143554688 0.0000000000 41.4400000000
102.0000000000 0.3144042969 0.0000000000 41.5900000000
103.0000000000 0.3144531250 0.0000000000 41.0900000000
104.0000000000 0.3145019531 0.0000000000 40.9200000000
105.0000000000 0.3145507813 0.0000000000 41.5000000000
106.0000000000 0.3145996094 0.0000000000 41.2300000000
107.0000000000 0.3146484375 0.0000000000 41.0000000000
108.0000000000 0.3146972656 0.0100000000 41.7300000000
109.0000000000 0.3147460938 0.0100000000 41.5800000000
110.0000000000 0.3147949219 0.0000000000 41.4200000000
111.0000000000 0.3148437500 0.0100000000 41.2400000000
112.0000000000 0.3148925781 0.0000000000 41.4400000000
113.0000000000 0.3149414063 0.0000000000 41.1800000000
114.0000000000 0.3149902344 0.0000000000 41.0000000000
115.0000000000 0.3150390625 0.0000000000 40.8100000000
116.0000000000 0.3150878906 0.0000000000 41.7400000000
117.0000000000 0.3151367188 0.0000000000 41.4100000000
118.0000000000 0.3151855469 0.0100000000 41.1300000000
119.0000000000 0.3152343750 0.0000000000 40.9900000000
120.0000000000 0.3152832031 0.0000000000 41.2700000000
121.0000000000 0.3153320313 0.0000000000 41.0000000000
122.0000000000 0.3153808594 0.0000000000 41.2000000000
123.0000000000 0.3154296875 0.0000000000 41.3300000000
124.0000000000 0.3154785156 0.0000000000 41.6100000000
125.0000000000 0.3155273438 0.0100000000 41.7100000000
126.0000000000 0.3155761719 0.0000000000 41.0200000000
127.0000000000 0.3156250000 0.0000000000 41.8100000000
128.0000000000 0.3156738281 0.0100000000 40.9900000000
129.0000000000 0.3157226563 0.0000000000 41.1800000000
130.0000000000 0.3157714844 0.0000000000 40.8900000000
131.0000000000 0.3158203125 0.0000000000 41.5200000000
132.0000000000 0.3158691406 0.0000000000 41.1300000000
133.0000000000 0.3159179688 0.0000000000 40.9900000000
134.0000000000 0.3159667969 0.0000000000 41.2000000000
135.0000000000 0.3160156250 0.0000000000 41.9100000000
136.0000000000 0.3160644531 0.0000000000 41.0300000000
137.0000000000 0.3161132813 0.0000000000 41.3200000000
138.0000000000 0.3161621094 0.0000000000 41.4300000000
139.0000000000 0.3162109375 0.0000000000 41.3000000000
140.0000000000 0.3162597656 0.0100000000 40.8100000000
141.0000000000 0.3163085938 0.0000000000 41.0200000000
142.0000000000 0.3163574219 0.0100000000 41.5000000000
143.0000000000 0.3164062500 0.0000000000 41.2500000000
144.0000000000 0.3164550781 0.0000000000 41.1500000000
145.0000000000 0.3165039063 0.0000000000 40.8700000000
146.0000000000 0.3165527344 0.0000000000 41.3600000000
147.0000000000 0.3166015625 0.0000000000 41.3800000000
148.0000000000 0.3166503906 0.0000000000 41.4800000000
149.0000000000 0.3166992188 0.0000000000 40.8000000000
150.0000000000 0.3167480469 0.0000000000 41.5800000000
151.0000000000 0.3167968750 0.0000000000 41.0700000000
152.0000000000 0.3168457031 0.0000000000 41.1100000000
153.0000000000 0.3168945313 0.0000000000 40.7600000000
154.0000000000 0.3169433594 0.0000000000 41.1000000000
1.0000000000 0.3169921875 0.0000000000 41.6100000000
2.0000000000 0.3170410156 0.0000000000 41.1700000000
3.0000000000 0.3170898438 0.0000000000 40.9200000000
4.0000000000 0.3171386719 0.0100000000 41.4000000000
5.0000000000 0.3171875000 0.0000000000 41.0900000000
6.0000000000 0.3172363281 0.0000000000 40.6900000000
7.0000000000 0.3172851563 0.0000000000 41.6000000000
8.0000000000 0.3173339844 0.0100000000 41.1500000000
9.0000000000 0.3173828125 0.0000000000 41.1600000000
10.0000000000 0.3174316406 0.0000000000 41.0000000000
11.0000000000 0.3174804688 0.0000000000 40.5100000000
12.0000000000 0.3175292969 0.0000000000 41.2700000000
13.0000000000 0.3175781250 0.0000000000 41.3800000000
14.0000000000 0.3176269531 0.0100000000 41.1400000000
15.0000000000 0.3176757813 0.0000000000 41.3300000000
16.0000000000 0.3177246094 0.0000000000 41.2800000000
17.0000000000 0.3177734375 0.0100000000 41.0200000000
18.0000000000 0.3178222656 0.0000000000 40.9100000000
19.0000000000 0.3178710938 0.0000000000 41.2200000000
20.0000000000 0.3179199219 0.0000000000 41.5400000000
21.0000000000 0.3179687500 0.0000000000 40.7800000000
22.0000000000 0.3180175781 0.0100000000 41.6000000000
23.0000000000 0.3180664063 0.0000000000 40.9800000000
24.0000000000 0.3181152344 0.0000000000 41.7500000000
25.0000000000 0.3181640625 0.0100000000 41.8900000000
26.0000000000 0.3182128906 0.0000000000 41.0200000000
27.0000000000 0.3182617188 0.0000000000 40.9700000000
28.0000000000 0.3183105469 0.0000000000 41.3300000000
29.0000000000 0.3183593750 0.0000000000 41.2300000000
30.0000000000 0.3184082031 0.0000000000 41.8000000000
31.0000000000 0.3184570313 0.0100000000 41.4800000000
32.0000000000 0.3185058594 0.0000000000 41.1300000000
33.0000000000 0.3185546875 0.0000000000 41.2300000000
34.0000000000 0.3186035156 0.0000000000 41.0000000000
35.0000000000 0.3186523438 0.0000000000 41.5200000000
36.0000000000 0.3187011719 0.0000000000 41.1400000000
37.0000000000 0.3187500000 0.0200000000 41.7200000000
38.0000000000 0.3187988281 0.0000000000 41.1200000000
39.0000000000 0.3188476563 0.0000000000 41.2600000000
40.0000000000 0.3188964844 0.0000000000 40.9200000000
41.0000000000 0.3189453125 0.0000000000 41.3600000000
42.0000000000 0.3189941406 0.0100000000 40.7900000000
43.0000000000 0.3190429688 0.0000000000 41.4500000000
44.0000000000 0.3190917969 0.0100000000 41.1400000000
45.0000000000 0.3191406250 0.0000000000 41.8800000000
46.0000000000 0.3191894531 0.0100000000 41.2400000000
47.0000000000 0.3192382813 0.0100000000 41.5200000000
48.0000000000 0.3192871094 0.0000000000 41.5600000000
49.0000000000 0.3193359375 0.0100000000 41.7600000000
50.0000000000 0.3193847656 0.0100000000 41.0100000000
51.0000000000 0.3194335938 0.0100000000 41.0900000000
52.0000000000 0.3194824219 0.0000000000 41.1300000000
53.0000000000 0.3195312500 0.0000000000 40.9200000000
54.0000000000 0.3195800781 0.0100000000 40.6900000000
55.0000000000 0.3196289063 0.0000000000 40.7800000000
56.0000000000 0.3196777344 0.0100000000 41.2400000000
57.0000000000 0.3197265625 0.0000000000 41.0300000000
58.0000000000 0.3197753906 0.0000000000 41.9500000000
59.0000000000 0.3198242188 0.0000000000 41.0100000000
60.0000000000 0.3198730469 0.0000000000 41.1000000000
61.0000000000 0.3199218750 0.0100000000 41.6100000000
62.0000000000 0.3199707031 0.0000000000 41.0000000000
63.0000000000 0.3200195313 0.0100000000 41.0000000000
64.0000000000 0.3200683594 0.0000000000 41.5800000000
65.0000000000 0.3201171875 0.0100000000 41.0600000000
66.0000000000 0.3201660156 0.0000000000 41.2400000000
67.0000000000 0.3202148438 0.0000000000 41.6600000000
68.0000000000 0.3202636719 0.0000000000 41.0100000000
69.0000000000 0.3203125000 0.0000000000 40.9500000000
70.0000000000 0.3203613281 0.0000000000 41.4500000000
71.0000000000 0.3204101563 0.0000000000 41.2900000000
72.0000000000 0.3204589844 0.0000000000 40.9300000000
73.0000000000 0.3205078125 0.0000000000 40.7500000000
74.0000000000 0.3205566406 0.0000000000 41.6400000000
75.0000000000 0.3206054688 0.0000000000 41.3000000000
76.0000000000 0.3206542969 0.0000000000 41.3000000000
77.0000000000 0.3207031250 0.0100000000 40.7900000000
78.0000000000 0.3207519531 0.0000000000 41.1400000000
79.0000000000 0.3208007813 0.0100000000 40.9300000000
80.0000000000 0.3208496094 0.0000000000 41.1100000000
81.0000000000 0.3208984375 0.0000000000 40.9600000000
82.0000000000 0.3209472656 0.0000000000 41.1300000000
83.0000000000 0.3209960938 0.0000000000 41.2600000000
84.0000000000 0.3210449219 0.0000000000 41.3400000000
85.0000000000 0.3210937500 0.0100000000 41.1500000000
86.0000000000 0.3211425781 0.0000000000 41.0800000000
87.0000000000 0.3211914063 0.0100000000 41.0500000000
88.0000000000 0.3212402344 0.0100000000 40.7900000000
89.0000000000 0.3212890625 0.0000000000 40.8300000000
90.0000000000 0.3213378906 0.0000000000 41.7800000000
91.0000000000 0.3213867188 0.0000000000 41.3400000000
92.0000000000 0.3214355469 0.0000000000 40.9800000000
93.0000000000 0.3214843750 0.0000000000 40.9700000000
94.0000000000 0.3215332031 0.0100000000 41.0100000000
95.0000000000 0.3215820313 0.0100000000 41.2800000000
96.0000000000 0.3216308594 0.0100000000 40.8300000000
97.0000000000 0.3216796875 0.0000000000 41.1400000000
98.0000000000 0.3217285156 0.0100000000 40.9400000000
99.0000000000 0.3217773438 0.0000000000 41.0600000000
100.0000000000 0.3218261719 0.0000000000 41.3200000000
101.0000000000 0.3218750000 0.0000000000 41.1900000000
102.0000000000 0.3219238281 0.0000000000 41.3900000000
103.0000000000 0.3219726563 0.0000000000 41.2500000000
104.0000000000 0.3220214844 0.0000000000 41.6700000000
105.0000000000 0.3220703125 0.0000000000 41.5400000000
106.0000000000 0.3221191406 0.0000000000 41.8700000000
107.0000000000 0.3221679688 0.0100000000 40.8800000000
108.0000000000 0.3222167969 0.0000000000 41.2800000000
109.0000000000 0.3222656250 0.0100000000 41.5000000000
110.0000000000 0.3223144531 0.0000000000 41.1500000000
111.0000000000 0.3223632813 0.0100000000 41.5000000000
112.0000000000 0.3224121094 0.0000000000 41.6500000000
113.0000000000 0.3224609375 0.0000000000 41.2500000000
114.0000000000 0.3225097656 0.0000000000 41.3900000000
115.0000000000 0.3225585938 0.0000000000 41.8500000000
116.0000000000 0.3226074219 0.0000000000 41.5100000000
117.0000000000 0.3226562500 0.0000000000 41.2200000000
118.0000000000 0.3227050781 0.0000000000 41.7200000000
119.0000000000 0.3227539063 0.0100000000 41.7500000000
120.0000000000 0.3228027344 0.0000000000 40.6500000000
121.0000000000 0.3228515625 0.0100000000 41.4900000000
122.0000000000 0.3229003906 0.0100000000 41.1300000000
123.0000000000 0.3229492188 0.0000000000 40.7400000000
124.0000000000 0.3229980469 0.0000000000 40.8800000000
125.0000000000 0.3230468750 0.0000000000 41.2500000000
126.0000000000 0.3230957031 0.0000000000 41.1600000000
127.0000000000 0.3231445313 0.0100000000 41.3500000000
128.0000000000 0.3231933594 0.0100000000 41.2500000000
129.0000000000 0.3232421875 0.0000000000 41.4500000000
130.0000000000 0.3232910156 0.0000000000 41.3400000000
131.0000000000 0.3233398438 0.0100000000 41.4700000000
132.0000000000 0.3233886719 0.0000000000 40.7600000000
133.0000000000 0.3234375000 0.0000000000 41.1700000000
134.0000000000 0.3234863281 0.0100000000 41.6000000000
135.0000000000 0.3235351563 0.0000000000 41.4400000000
136.0000000000 0.3235839844 0.0000000000 41.2100000000
137.0000000000 0.3236328125 0.0000000000 41.2300000000
138.0000000000 0.3236816406 0.0000000000 41.4600000000
139.0000000000 0.3237304688 0.0100000000 41.0500000000
140.0000000000 0.3237792969 0.0000000000 40.8900000000
141.0000000000 0.3238281250 0.0000000000 40.8500000000
142.0000000000 0.3238769531 0.0000000000 41.7200000000
143.0000000000 0.3239257813 0.0000000000 41.7300000000
144.0000000000 0.3239746094 0.0000000000 41.1000000000
145.0000000000 0.3240234375 0.0000000000 41.0800000000
146.0000000000 0.3240722656 0.0000000000 41.0400000000
147.0000000000 0.3241210938 0.0100000000 41.4400000000
148.0000000000 0.3241699219 0.0100000000 40.8400000000
149.0000000000 0.3242187500 0.0000000000 41.5600000000
150.0000000000 0.3242675781 0.0000000000 41.3500000000
151.0000000000 0.3243164063 0.0100000000 41.3500000000
152.0000000000 0.3243652344 0.0000000000 41.2000000000
153.0000000000 0.3244140625 0.0100000000 40.9800000000
1.0000000000 0.3244628906 0.0100000000 41.3100000000
2.0000000000 0.3245117188 0.0100000000 41.2300000000
3.0000000000 0.3245605469 0.0000000000 41.2800000000
4.0000000000 0.3246093750 0.0000000000 40.9300000000
5.0000000000 0.3246582031 0.0100000000 41.3900000000
6.0000000000 0.3247070313 0.0000000000 40.8100000000
7.0000000000 0.3247558594 0.0100000000 41.3200000000
8.0000000000 0.3248046875 0.0000000000 40.9700000000
9.0000000000 0.3248535156 0.0000000000 41.1500000000
10.0000000000 0.3249023438 0.0000000000 41.4900000000
11.0000000000 0.3249511719 0.0000000000 41.3600000000
12.0000000000 0.3250000000 0.0000000000 40.7500000000
13.0000000000 0.3250488281 0.0000000000 40.8900000000
14.0000000000 0.3250976563 0.0000000000 41.1000000000
15.0000000000 0.3251464844 0.0000000000 41.3500000000
16.0000000000 0.3251953125 0.0100000000 41.0200000000
17.0000000000 0.3252441406 0.0000000000 41.0600000000
18.0000000000 0.3252929688 0.0000000000 40.6900000000
19.0000000000 0.3253417969 0.0000000000 41.2500000000
20.0000000000 0.3253906250 0.0000000000 41.0400000000
21.0000000000 0.3254394531 0.0000000000 41.0400000000
22.0000000000 0.3254882813 0.0100000000 40.7600000000
23.0000000000 0.3255371094 0.0100000000 41.1400000000
24.0000000000 0.3255859375 0.0000000000 40.4600000000
25.0000000000 0.3256347656 0.0000000000 41.4400000000
26.0000000000 0.3256835938 0.0000000000 41.3900000000
27.0000000000 0.3257324219 0.0000000000 40.9100000000
28.0000000000 0.3257812500 0.0000000000 40.8700000000
29.0000000000 0.3258300781 0.0000000000 41.3900000000
30.0000000000 0.3258789063 0.0000000000 41.3500000000
31.0000000000 0.3259277344 0.0000000000 40.9000000000
32.0000000000 0.3259765625 0.0000000000 40.4600000000
33.0000000000 0.3260253906 0.0000000000 41.2600000000
34.0000000000 0.3260742188 0.0000000000 41.2200000000
35.0000000000 0.3261230469 0.0100000000 40.6900000000
36.0000000000 0.3261718750 0.0000000000 41.0000000000
37.0000000000 0.3262207031 0.0000000000 40.7300000000
38.0000000000 0.3262695313 0.0000000000 41.1500000000
39.0000000000 0.3263183594 0.0000000000 41.1200000000
40.0000000000 0.3263671875 0.0000000000 40.9900000000
41.0000000000 0.3264160156 0.0100000000 41.3500000000
42.0000000000 0.3264648438 0.0100000000 40.9300000000
43.0000000000 0.3265136719 0.0000000000 41.1100000000
44.0000000000 0.3265625000 0.0000000000 41.0600000000
45.0000000000 0.3266113281 0.0100000000 40.9400000000
46.0000000000 0.3266601563 0.0000000000 41.1700000000
47.0000000000 0.3267089844 0.0000000000 41.1400000000
48.0000000000 0.3267578125 0.0000000000 40.8300000000
49.0000000000 0.3268066406 0.0000000000 40.8900000000
50.0000000000 0.3268554688 0.0000000000 41.3200000000
51.0000000000 0.3269042969 0.0000000000 40.9200000000
52.0000000000 0.3269531250 0.0100000000 40.7400000000
53.0000000000 0.3270019531 0.0000000000 40.7100000000
54.0000000000 0.3270507813 0.0000000000 41.0800000000
55.0000000000 0.3270996094 0.0000000000 41.5200000000
56.0000000000 0.3271484375 0.0000000000 40.9100000000
57.0000000000 0.3271972656 0.0000000000 41.5400000000
58.0000000000 0.3272460938 0.0000000000 41.3600000000
59.0000000000 0.3272949219 0.0000000000 41.2700000000
60.0000000000 0.3273437500 0.0000000000 40.8700000000
61.0000000000 0.3273925781 0.0000000000 40.5600000000
62.0000000000 0.3274414063 0.0000000000 41.3000000000
63.0000000000 0.3274902344 0.0000000000 41.4500000000
64.0000000000 0.3275390625 0.0100000000 41.2300000000
65.0000000000 0.3275878906 0.0100000000 41.3000000000
66.0000000000 0.3276367188 0.0100000000 40.9400000000
67.0000000000 0.3276855469 0.0000000000 41.2400000000
68.0000000000 0.3277343750 0.0000000000 41.2500000000
69.0000000000 0.3277832031 0.0000000000 41.3500000000
70.0000000000 0.3278320313 0.0000000000 41.0200000000
71.0000000000 0.3278808594 0.0100000000 41.0400000000
72.0000000000 0.3279296875 0.0000000000 41.4400000000
73.0000000000 0.3279785156 0.0000000000 40.8900000000
74.0000000000 0.3280273438 0.0000000000 40.8000000000
75.0000000000 0.3280761719 0.0000000000 41.7800000000
76.0000000000 0.3281250000 0.0000000000 41.2800000000
77.0000000000 0.3281738281 0.0100000000 40.8400000000
78.0000000000 0.3282226563 0.0000000000 40.8400000000
79.0000000000 0.3282714844 0.0000000000 41.2400000000
80.0000000000 0.3283203125 0.0100000000 41.2100000000
81.0000000000 0.3283691406 0.0000000000 41.4900000000
82.0000000000 0.3284179688 0.0100000000 42.0000000000
83.0000000000 0.3284667969 0.0000000000 41.2800000000
84.0000000000 0.3285156250 0.0000000000 40.6200000000
85.0000000000 0.3285644531 0.0100000000 40.9500000000
86.0000000000 0.3286132813 0.0000000000 41.1900000000
87.0000000000 0.3286621094 0.0000000000 41.4600000000
88.0000000000 0.3287109375 0.0000000000 41.5200000000
89.0000000000 0.3287597656 0.0000000000 41.0200000000
90.0000000000 0.3288085938 0.0000000000 41.0500000000
91.0000000000 0.3288574219 0.0000000000 41.0400000000
92.0000000000 0.3289062500 0.0000000000 40.7200000000
93.0000000000 0.3289550781 0.0000000000 41.9100000000
94.0000000000 0.3290039063 0.0000000000 41.0800000000
95.0000000000 0.3290527344 0.0000000000 40.7900000000
96.0000000000 0.3291015625 0.0000000000 41.4500000000
97.0000000000 0.3291503906 0.0000000000 40.8700000000
98.0000000000 0.3291992188 0.0000000000 41.3800000000
99.0000000000 0.3292480469 0.0100000000 41.2600000000
100.0000000000 0.3292968750 0.0000000000 40.7900000000
101.0000000000 0.3293457031 0.0000000000 40.7700000000
102.0000000000 0.3293945313 0.0100000000 40.9000000000
103.0000000000 0.3294433594 0.0000000000 40.8600000000
104.0000000000 0.3294921875 0.0000000000 40.9600000000
105.0000000000 0.3295410156 0.0000000000 40.8400000000
106.0000000000 0.3295898438 0.0000000000 40.7300000000
107.0000000000 0.3296386719 0.0000000000 40.9000000000
108.0000000000 0.3296875000 0.0000000000 40.6100000000
109.0000000000 0.3297363281 0.0000000000 41.3100000000
110.0000000000 0.3297851563 0.0100000000 41.1300000000
111.0000000000 0.3298339844 0.0000000000 40.9200000000
112.0000000000 0.3298828125 0.0000000000 42.2800000000
113.0000000000 0.3299316406 0.0000000000 41.2100000000
114.0000000000 0.3299804688 0.0000000000 41.3300000000
115.0000000000 0.3300292969 0.0200000000 40.4300000000
116.0000000000 0.3300781250 0.0000000000 40.8200000000
117.0000000000 0.3301269531 0.0000000000 41.2500000000
118.0000000000 0.3301757813 0.0000000000 41.0900000000
119.0000000000 0.3302246094 0.0000000000 40.8300000000
120.0000000000 0.3302734375 0.0000000000 40.9400000000
121.0000000000 0.3303222656 0.0000000000 40.7500000000
122.0000000000 0.3303710938 0.0000000000 41.1700000000
123.0000000000 0.3304199219 0.0000000000 40.9100000000
124.0000000000 0.3304687500 0.0100000000 41.0900000000
125.0000000000 0.3305175781 0.0000000000 40.8000000000
126.0000000000 0.3305664063 0.0000000000 40.8400000000
127.0000000000 0.3306152344 0.0000000000 40.8900000000
128.0000000000 0.3306640625 0.0000000000 41.1900000000
129.0000000000 0.3307128906 0.0000000000 40.9000000000
130.0000000000 0.3307617188 0.0000000000 41.3200000000
131.0000000000 0.3308105469 0.0000000000 41.1200000000
132.0000000000 0.3308593750 0.0000000000 41.2900000000
133.0000000000 0.3309082031 0.0100000000 41.1900000000
134.0000000000 0.3309570313 0.0000000000 41.2100000000
135.0000000000 0.3310058594 0.0100000000 40.7900000000
136.0000000000 0.3310546875 0.0000000000 40.7900000000
137.0000000000 0.3311035156 0.0100000000 41.0600000000
138.0000000000 0.3311523438 0.0000000000 41.3700000000
139.0000000000 0.3312011719 0.0000000000 41.2700000000
140.0000000000 0.3312500000 0.0000000000 40.7800000000
141.0000000000 0.3312988281 0.0000000000 40.9300000000
142.0000000000 0.3313476563 0.0100000000 41.0300000000
143.0000000000 0.3313964844 0.0000000000 41.8500000000
144.0000000000 0.3314453125 0.0000000000 41.8200000000
145.0000000000 0.3314941406 0.0000000000 40.8000000000
146.0000000000 0.3315429688 0.0100000000 40.9300000000
147.0000000000 0.3315917969 0.0000000000 40.7900000000
148.0000000000 0.3316406250 0.0000000000 41.0600000000
149.0000000000 0.3316894531 0.0000000000 40.8000000000
150.0000000000 0.3317382813 0.0000000000 40.8800000000
151.0000000000 0.3317871094 0.0000000000 41.3100000000
152.0000000000 0.3318359375 0.0000000000 40.8900000000
153.0000000000 0.3318847656 0.0100000000 41.0900000000
154.0000000000 0.3319335938 0.0000000000 40.9500000000
155.0000000000 0.3319824219 0.0000000000 41.4300000000
