3.907069e-12 4.987981e-12 5.819763e-12 6.262066e-12 6.248269e-12 5.796184e-12 4.996103e-12 4.007814e-12 3.040830e-12 2.307142e-12 1.978027e-12 2.129847e-12 2.703323e-12 3.576178e-12 4.555474e-12 5.427234e-12 6.025287e-12 6.225079e-12 5.975026e-12 5.305925e-12 4.317670e-12
3.126085e-12 3.491424e-12 3.411910e-12 2.798951e-12 1.649998e-12 4.583362e-14 -1.864682e-12 -3.837159e-12 -5.590019e-12 -6.837936e-12 -7.377295e-12 -7.117561e-12 -6.099228e-12 -4.499299e-12 -2.590092e-12 -6.621116e-13 1.047883e-12 2.365177e-12 3.181588e-12 3.469284e-12 3.275482e-12
1.794420e-12 1.396348e-12 4.381937e-13 -1.107297e-12 -3.192853e-12 -5.704221e-12 -8.425071e-12 -1.104103e-11 -1.324181e-11 -1.473856e-11 -1.537336e-11 -1.506100e-11 -1.382242e-11 -1.183456e-11 -9.341326e-12 -6.640767e-12 -4.056951e-12 -1.826253e-12 -9.386772e-14 1.072286e-12 1.673856e-12
2.404365e-13 -7.963820e-13 -2.410268e-12 -4.576098e-12 -7.210747e-12 -1.012957e-11 -1.304966e-11 -1.569371e-11 -1.780319e-11 -1.917060e-11 -1.973821e-11 -1.946037e-11 -1.835266e-11 -1.648994e-11 -1.401247e-11 -1.115083e-11 -8.207022e-12 -5.458840e-12 -3.131670e-12 -1.333310e-12 -9.703948e-14
-1.177086e-12 -2.611830e-12 -4.550280e-12 -6.924379e-12 -9.581507e-12 -1.227667e-11 -1.474442e-11 -1.676254e-11 -1.818502e-11 -1.899050e-11 -1.929349e-11 -1.913177e-11 -1.850992e-11 -1.734320e-11 -1.551639e-11 -1.317696e-11 -1.053708e-11 -7.837849e-12 -5.343794e-12 -3.252797e-12 -1.645027e-12
-2.176654e-12 -3.727418e-12 -5.650013e-12 -7.817353e-12 -1.001257e-11 -1.199597e-11 -1.352489e-11 -1.442569e-11 -1.475278e-11 -1.475988e-11 -1.474629e-11 -1.474149e-11 -1.474463e-11 -1.460386e-11 -1.390308e-11 -1.258293e-11 -1.074536e-11 -8.603293e-12 -6.399174e-12 -4.375531e-12 -2.688687e-12
-2.621485e-12 -4.046099e-12 -5.683289e-12 -7.352402e-12 -8.828308e-12 -9.892050e-12 -1.032873e-11 -1.011340e-11 -9.599075e-12 -9.112609e-12 -8.964062e-12 -9.046184e-12 -9.410894e-12 -9.980962e-12 -1.033162e-11 -1.011977e-11 -9.250094e-12 -7.899117e-12 -6.279946e-12 -4.613149e-12 -3.101364e-12
-2.519505e-12 -3.656656e-12 -4.860850e-12 -5.943122e-12 -6.711751e-12 -6.981851e-12 -6.632216e-12 -5.871501e-12 -5.122996e-12 -4.553510e-12 -4.382612e-12 -4.458215e-12 -4.896948e-12 -5.593705e-12 -6.413561e-12 -6.940620e-12 -6.869908e-12 -6.247046e-12 -5.261064e-12 -4.085821e-12 -2.910391e-12
-1.976862e-12 -2.752405e-12 -3.504902e-12 -4.085226e-12 -4.361348e-12 -4.203158e-12 -3.605969e-12 -2.862153e-12 -2.241707e-12 -1.825272e-12 -1.661485e-12 -1.726749e-12 -2.066490e-12 -2.606633e-12 -3.354446e-12 -4.056107e-12 -4.377630e-12 -4.227965e-12 -3.734470e-12 -3.028793e-12 -2.248162e-12
-1.141486e-12 -1.546523e-12 -1.910949e-12 -2.152346e-12 -2.204150e-12 -1.999416e-12 -1.578808e-12 -1.126659e-12 -7.609021e-13 -5.348263e-13 -4.281811e-13 -4.820224e-13 -6.687518e-13 -9.726674e-13 -1.391557e-12 -1.860429e-12 -2.171843e-12 -2.206062e-12 -2.017587e-12 -1.684307e-12 -1.283081e-12
-1.590359e-13 -2.085735e-13 -2.491253e-13 -2.746944e-13 -2.804368e-13 -2.544906e-13 -1.974142e-13 -1.326360e-13 -8.012014e-14 -4.684786e-14 -4.635412e-14 -4.881996e-14 -6.386670e-14 -1.071852e-13 -1.669253e-13 -2.359015e-13 -2.842403e-13 -2.916924e-13 -2.677564e-13 -2.241681e-13 -1.718446e-13
8.402460e-13 1.141020e-12 1.412536e-12 1.585804e-12 1.602439e-12 1.418777e-12 1.085936e-12 7.548149e-13 4.983145e-13 3.282799e-13 2.778981e-13 2.984053e-13 4.257666e-13 6.437420e-13 9.544195e-13 1.303497e-12 1.548043e-12 1.598513e-12 1.481086e-12 1.247932e-12 9.560734e-13
1.730131e-12 2.390982e-12 3.022287e-12 3.490017e-12 3.672373e-12 3.455463e-12 2.867063e-12 2.184176e-12 1.650454e-12 1.288582e-12 1.178514e-12 1.229369e-12 1.498197e-12 1.979440e-12 2.624520e-12 3.270393e-12 3.632820e-12 3.583908e-12 3.213761e-12 2.636524e-12 1.976202e-12
2.373711e-12 3.394681e-12 4.453220e-12 5.371202e-12 5.968331e-12 6.065600e-12 5.585192e-12 4.778853e-12 4.024029e-12 3.535293e-12 3.365255e-12 3.456173e-12 3.806695e-12 4.500815e-12 5.304988e-12 5.940524e-12 6.054405e-12 5.622546e-12 4.816709e-12 3.796220e-12 2.743712e-12
2.625113e-12 3.956198e-12 5.452739e-12 6.936150e-12 8.189211e-12 8.992870e-12 9.152572e-12 8.720509e-12 8.023163e-12 7.556594e-12 7.347450e-12 7.457878e-12 7.818465e-12 8.473233e-12 9.017951e-12 9.108116e-12 8.533977e-12 7.438572e-12 6.025650e-12 4.506012e-12 3.091617e-12
2.361186e-12 3.872959e-12 5.704034e-12 7.721034e-12 9.706900e-12 1.142209e-11 1.263113e-11 1.319023e-11 1.316695e-11 1.304018e-11 1.291909e-11 1.296438e-11 1.309481e-11 1.318833e-11 1.288176e-11 1.192636e-11 1.038634e-11 8.490707e-12 6.454223e-12 4.521147e-12 2.871441e-12
1.534913e-12 3.014851e-12 4.952739e-12 7.272929e-12 9.814390e-12 1.232976e-11 1.455823e-11 1.629231e-11 1.739232e-11 1.800018e-11 1.817797e-11 1.807739e-11 1.764280e-11 1.675740e-11 1.527048e-11 1.321265e-11 1.078161e-11 8.218525e-12 5.776397e-12 3.671216e-12 2.012192e-12
2.289984e-13 1.408878e-12 3.134715e-12 5.379910e-12 8.053736e-12 1.095881e-11 1.380453e-11 1.633116e-11 1.828903e-11 1.956876e-11 2.009187e-11 1.985333e-11 1.885097e-11 1.714374e-11 1.480791e-11 1.205244e-11 9.127728e-12 6.329584e-12 3.897637e-12 1.967951e-12 5.862856e-13
-1.323839e-12 -7.049597e-13 4.771705e-13 2.229063e-12 4.509559e-12 7.193857e-12 1.003852e-11 1.273510e-11 1.496953e-11 1.649755e-11 1.715881e-11 1.685906e-11 1.564333e-11 1.364747e-11 1.107285e-11 8.239434e-12 5.461027e-12 3.009114e-12 1.045783e-12 -3.522831e-13 -1.174476e-12
-2.776725e-12 -2.900082e-12 -2.527587e-12 -1.604282e-12 -1.498816e-13 1.760511e-12 3.952701e-12 6.169248e-12 8.111362e-12 9.487249e-12 1.008487e-11 9.807127e-12 8.702932e-12 6.932338e-12 4.767789e-12 2.532887e-12 4.999408e-13 -1.139079e-12 -2.268756e-12 -2.844622e-12 -2.889584e-12
-3.770456e-12 -4.651850e-12 -5.212127e-12 -5.321244e-12 -4.942761e-12 -4.120612e-12 -2.968122e-12 -1.668712e-12 -4.460276e-13 4.578188e-13 8.535654e-13 6.610329e-13 -7.594285e-14 -1.206021e-12 -2.507541e-12 -3.735966e-12 -4.697447e-12 -5.254962e-12 -5.330090e-12 -4.926132e-12 -4.138306e-12
