-6.072096e-12 -7.082804e-12 -7.517325e-12 -7.312305e-12 -6.545627e-12 -5.397656e-12 -4.086114e-12 -2.815990e-12 -1.721859e-12 -8.412559e-13 -1.150370e-13 5.863565e-13 1.394241e-12 2.398315e-12 3.601578e-12 4.900784e-12 6.125813e-12 7.057431e-12 7.495687e-12 7.318421e-12 6.516562e-12
-7.072792e-12 -7.787095e-12 -7.785427e-12 -7.084731e-12 -5.851200e-12 -4.345308e-12 -2.843020e-12 -1.590915e-12 -7.221563e-13 -2.433703e-13 -2.175586e-14 1.614650e-13 5.272160e-13 1.241138e-12 2.354896e-12 3.772215e-12 5.289864e-12 6.642937e-12 7.562209e-12 7.845880e-12 7.407165e-12
-7.536664e-12 -7.815095e-12 -7.292307e-12 -6.072948e-12 -4.400011e-12 -2.596308e-12 -1.010448e-12 8.021834e-14 5.659211e-13 5.002811e-13 9.497692e-14 -3.639959e-13 -5.758717e-13 -3.019515e-13 5.736152e-13 1.998931e-12 3.740873e-12 5.479284e-12 6.880841e-12 7.674312e-12 7.703508e-12
-7.404850e-12 -7.180928e-12 -6.133268e-12 -4.440797e-12 -2.407264e-12 -4.407932e-13 1.054425e-12 1.837910e-12 1.848223e-12 1.216270e-12 2.083372e-13 -8.649345e-13 -1.663520e-12 -1.902047e-12 -1.401165e-12 -1.379207e-13 1.688787e-12 3.730529e-12 5.565667e-12 6.854850e-12 7.387245e-12
-6.743486e-12 -6.029399e-12 -4.526315e-12 -2.469494e-12 -2.484400e-13 1.664210e-12 2.887246e-12 3.243710e-12 2.764952e-12 1.676171e-12 2.739669e-13 -1.181071e-12 -2.411941e-12 -3.142608e-12 -3.098326e-12 -2.172405e-12 -4.770471e-13 1.677336e-12 3.834886e-12 5.550921e-12 6.556241e-12
-5.716862e-12 -4.593109e-12 -2.755684e-12 -5.180057e-13 1.647908e-12 3.283185e-12 4.051658e-12 3.871561e-12 2.974665e-12 1.685782e-12 2.636238e-13 -1.181035e-12 -2.525981e-12 -3.605076e-12 -4.066819e-12 -3.644699e-12 -2.299085e-12 -2.824072e-13 1.980839e-12 3.991785e-12 5.385120e-12
-4.532936e-12 -3.114060e-12 -1.104324e-12 1.088323e-12 2.972468e-12 4.127412e-12 4.286232e-12 3.581633e-12 2.512514e-12 1.345141e-12 2.126293e-13 -9.228359e-13 -2.076373e-12 -3.220198e-12 -4.105105e-12 -4.285446e-12 -3.469761e-12 -1.807814e-12 3.216185e-13 2.437325e-12 4.089779e-12
-3.393561e-12 -1.803502e-12 2.103920e-13 2.179854e-12 3.633531e-12 4.184141e-12 3.738743e-12 2.768378e-12 1.784832e-12 8.930140e-13 1.417458e-13 -5.970179e-13 -1.436440e-12 -2.385329e-12 -3.422657e-12 -4.126918e-12 -3.937840e-12 -2.759056e-12 -9.319984e-13 1.104523e-12 2.876716e-12
-2.461213e-12 -8.053887e-13 1.096941e-12 2.760042e-12 3.761050e-12 3.758321e-12 2.907994e-12 1.900366e-12 1.082969e-12 4.995621e-13 7.119067e-14 -3.243215e-13 -8.517890e-13 -1.577810e-12 -2.546909e-12 -3.536104e-12 -3.898766e-12 -3.217279e-12 -1.736664e-12 1.237981e-13 1.904909e-12
-1.841812e-12 -1.834832e-13 1.592565e-12 3.004614e-12 3.660508e-12 3.281139e-12 2.258238e-12 1.291372e-12 6.091853e-13 2.398853e-13 2.480161e-14 -1.445664e-13 -4.461396e-13 -9.825836e-13 -1.829118e-12 -2.906678e-12 -3.630227e-12 -3.347689e-12 -2.160862e-12 -4.709124e-13 1.273008e-12
-1.592682e-12 5.556942e-14 1.769217e-12 3.069154e-12 3.567967e-12 3.025304e-12 1.939944e-12 1.018817e-12 4.330844e-13 1.377310e-13 6.162588e-15 -7.483223e-14 -2.666822e-13 -7.088868e-13 -1.519102e-12 -2.618063e-12 -3.470900e-12 -3.358209e-12 -2.305847e-12 -6.994730e-13 1.020386e-12
-1.732463e-12 -8.265259e-14 1.666243e-12 3.036434e-12 3.625135e-12 3.168875e-12 2.107903e-12 1.161015e-12 5.241545e-13 1.858358e-13 1.369679e-14 -1.027153e-13 -3.672470e-13 -8.514914e-13 -1.676823e-12 -2.762218e-12 -3.548955e-12 -3.355029e-12 -2.233792e-12 -5.786346e-13 1.159444e-12
-2.248425e-12 -6.001288e-13 1.258464e-12 2.851139e-12 3.748486e-12 3.613192e-12 2.679491e-12 1.663317e-12 9.075289e-13 3.950074e-13 6.112996e-14 -2.621410e-13 -6.985597e-13 -1.362054e-12 -2.286646e-12 -3.306065e-12 -3.814894e-12 -3.288454e-12 -1.907810e-12 -9.459367e-14 1.684013e-12
-3.094061e-12 -1.493384e-12 4.837499e-13 2.376041e-12 3.710968e-12 4.089447e-12 3.494830e-12 2.484145e-12 1.541835e-12 7.609431e-13 1.202466e-13 -5.192242e-13 -1.225526e-12 -2.128967e-12 -3.129644e-12 -3.951241e-12 -3.971501e-12 -2.955318e-12 -1.228244e-12 7.741507e-13 2.564869e-12
-4.179763e-12 -2.717727e-12 -7.105475e-13 1.436112e-12 3.225596e-12 4.218547e-12 4.192905e-12 3.383870e-12 2.271133e-12 1.208568e-12 1.878480e-13 -8.368465e-13 -1.878186e-12 -2.991065e-12 -3.927112e-12 -4.305333e-12 -3.697900e-12 -2.177619e-12 -1.125275e-13 2.016805e-12 3.726961e-12
-5.363400e-12 -4.157049e-12 -2.272763e-12 -2.988679e-14 2.089543e-12 3.614962e-12 4.228752e-12 3.891988e-12 2.871189e-12 1.608720e-12 2.494937e-13 -1.117807e-12 -2.423048e-12 -3.551532e-12 -4.184648e-12 -3.955534e-12 -2.747887e-12 -8.139209e-13 1.450765e-12 3.534398e-12 5.027161e-12
-6.457919e-12 -5.623373e-12 -4.024396e-12 -1.901771e-12 3.365341e-13 2.206051e-12 3.327999e-12 3.540755e-12 2.910546e-12 1.737238e-12 2.825850e-13 -1.203049e-12 -2.506338e-12 -3.379188e-12 -3.511564e-12 -2.729528e-12 -1.106509e-12 1.052597e-12 3.291858e-12 5.134506e-12 6.270717e-12
-7.253995e-12 -6.882310e-12 -5.704963e-12 -3.899976e-12 -1.786401e-12 2.032996e-13 1.649992e-12 2.325535e-12 2.188389e-12 1.404688e-12 2.388207e-13 -9.813742e-13 -1.939152e-12 -2.353767e-12 -1.996063e-12 -8.233186e-13 1.009627e-12 3.137966e-12 5.114263e-12 6.556655e-12 7.235025e-12
-7.567197e-12 -7.695526e-12 -7.019826e-12 -5.666022e-12 -3.876837e-12 -1.995617e-12 -4.043298e-13 6.202034e-13 9.726891e-13 7.349596e-13 1.328579e-13 -5.263457e-13 -9.305313e-13 -8.241293e-13 -5.095708e-14 1.354689e-12 3.171861e-12 5.043453e-12 6.602683e-12 7.555351e-12 7.728153e-12
-7.290062e-12 -7.886788e-12 -7.733065e-12 -6.882169e-12 -5.521799e-12 -3.912645e-12 -2.363111e-12 -1.132522e-12 -3.592182e-13 -3.363452e-14 5.316403e-15 -3.013251e-15 1.918255e-13 7.872691e-13 1.855900e-12 3.313510e-12 4.937596e-12 6.434077e-12 7.510043e-12 7.939929e-12 7.611054e-12
-6.437528e-12 -7.382784e-12 -7.706309e-12 -7.362530e-12 -6.459022e-12 -5.196664e-12 -3.814111e-12 -2.530093e-12 -1.480498e-12 -6.992719e-13 -1.035163e-13 4.616568e-13 1.160003e-12 2.105281e-12 3.313966e-12 4.685652e-12 6.027124e-12 7.099876e-12 7.674967e-12 7.601667e-12 6.862639e-12
