-2.500000e+00 -2.500000e+00 0.000000e+00 1.366409e-21 1.307201e-21 0.000000e+00
-2.500000e+00 -2.250000e+00 0.000000e+00 6.928867e-21 5.864341e-21 0.000000e+00
-2.500000e+00 -2.000000e+00 0.000000e+00 3.278009e-20 2.476584e-20 0.000000e+00
-2.500000e+00 -1.750000e+00 0.000000e+00 1.766605e-19 1.170079e-19 0.000000e+00
-2.500000e+00 -1.500000e+00 0.000000e+00 9.613575e-19 5.410299e-19 0.000000e+00
-2.500000e+00 -1.250000e+00 0.000000e+00 4.154837e-18 1.927420e-18 0.000000e+00
-2.500000e+00 -1.000000e+00 0.000000e+00 1.329323e-17 4.884933e-18 0.000000e+00
-2.500000e+00 -7.500000e-01 0.000000e+00 3.179086e-17 8.688387e-18 0.000000e+00
-2.500000e+00 -5.000000e-01 0.000000e+00 5.814845e-17 1.052480e-17 0.000000e+00
-2.500000e+00 -2.500000e-01 0.000000e+00 8.289847e-17 7.470197e-18 0.000000e+00
-2.500000e+00 0.000000e+00 0.000000e+00 9.318138e-17 1.634182e-34 0.000000e+00
-2.500000e+00 2.500000e-01 0.000000e+00 8.289847e-17 -7.470197e-18 0.000000e+00
-2.500000e+00 5.000000e-01 0.000000e+00 5.814845e-17 -1.052480e-17 0.000000e+00
-2.500000e+00 7.500000e-01 0.000000e+00 3.179086e-17 -8.688387e-18 0.000000e+00
-2.500000e+00 1.000000e+00 0.000000e+00 1.329323e-17 -4.884933e-18 0.000000e+00
-2.500000e+00 1.250000e+00 0.000000e+00 4.154837e-18 -1.927420e-18 0.000000e+00
-2.500000e+00 1.500000e+00 0.000000e+00 9.613575e-19 -5.410299e-19 0.000000e+00
-2.500000e+00 1.750000e+00 0.000000e+00 1.766605e-19 -1.170079e-19 0.000000e+00
-2.500000e+00 2.000000e+00 0.000000e+00 3.278009e-20 -2.476584e-20 0.000000e+00
-2.500000e+00 2.250000e+00 0.000000e+00 6.928867e-21 -5.864341e-21 0.000000e+00
-2.500000e+00 2.500000e+00 0.000000e+00 1.366409e-21 -1.307201e-21 0.000000e+00
-2.250000e+00 -2.500000e+00 0.000000e+00 6.658846e-21 6.950148e-21 0.000000e+00
-2.250000e+00 -2.250000e+00 0.000000e+00 4.016708e-20 3.781718e-20 0.000000e+00
-2.250000e+00 -2.000000e+00 0.000000e+00 3.158982e-19 2.638171e-19 0.000000e+00
-2.250000e+00 -1.750000e+00 0.000000e+00 2.336694e-18 1.694704e-18 0.000000e+00
-2.250000e+00 -1.500000e+00 0.000000e+00 1.253000e-17 7.732248e-18 0.000000e+00
-2.250000e+00 -1.250000e+00 0.000000e+00 4.780753e-17 2.441515e-17 0.000000e+00
-2.250000e+00 -1.000000e+00 0.000000e+00 1.346813e-16 5.465314e-17 0.000000e+00
-2.250000e+00 -7.500000e-01 0.000000e+00 2.906361e-16 8.788844e-17 0.000000e+00
-2.250000e+00 -5.000000e-01 0.000000e+00 4.940440e-16 9.905917e-17 0.000000e+00
-2.250000e+00 -2.500000e-01 0.000000e+00 6.742619e-16 6.734801e-17 0.000000e+00
-2.250000e+00 0.000000e+00 0.000000e+00 7.470126e-16 -6.536729e-34 0.000000e+00
-2.250000e+00 2.500000e-01 0.000000e+00 6.742619e-16 -6.734801e-17 0.000000e+00
-2.250000e+00 5.000000e-01 0.000000e+00 4.940440e-16 -9.905917e-17 0.000000e+00
-2.250000e+00 7.500000e-01 0.000000e+00 2.906361e-16 -8.788844e-17 0.000000e+00
-2.250000e+00 1.000000e+00 0.000000e+00 1.346813e-16 -5.465314e-17 0.000000e+00
-2.250000e+00 1.250000e+00 0.000000e+00 4.780753e-17 -2.441515e-17 0.000000e+00
-2.250000e+00 1.500000e+00 0.000000e+00 1.253000e-17 -7.732248e-18 0.000000e+00
-2.250000e+00 1.750000e+00 0.000000e+00 2.336694e-18 -1.694704e-18 0.000000e+00
-2.250000e+00 2.000000e+00 0.000000e+00 3.158982e-19 -2.638171e-19 0.000000e+00
-2.250000e+00 2.250000e+00 0.000000e+00 4.016708e-20 -3.781718e-20 0.000000e+00
-2.250000e+00 2.500000e+00 0.000000e+00 6.658846e-21 -6.950148e-21 0.000000e+00
-2.000000e+00 -2.500000e+00 0.000000e+00 3.129012e-20 3.653837e-20 0.000000e+00
-2.000000e+00 -2.250000e+00 0.000000e+00 3.229079e-19 3.376516e-19 0.000000e+00
-2.000000e+00 -2.000000e+00 0.000000e+00 3.141512e-18 2.906690e-18 0.000000e+00
-2.000000e+00 -1.750000e+00 0.000000e+00 2.095299e-17 1.690556e-17 0.000000e+00
-2.000000e+00 -1.500000e+00 0.000000e+00 9.586526e-17 6.605410e-17 0.000000e+00
-2.000000e+00 -1.250000e+00 0.000000e+00 3.173513e-16 1.814109e-16 0.000000e+00
-2.000000e+00 -1.000000e+00 0.000000e+00 7.971702e-16 3.626710e-16 0.000000e+00
-2.000000e+00 -7.500000e-01 0.000000e+00 1.575977e-15 5.348097e-16 0.000000e+00
-2.000000e+00 -5.000000e-01 0.000000e+00 2.518398e-15 5.669303e-16 0.000000e+00
-2.000000e+00 -2.500000e-01 0.000000e+00 3.312769e-15 3.715729e-16 0.000000e+00
-2.000000e+00 0.000000e+00 0.000000e+00 3.625548e-15 2.823867e-31 0.000000e+00
-2.000000e+00 2.500000e-01 0.000000e+00 3.312769e-15 -3.715729e-16 0.000000e+00
-2.000000e+00 5.000000e-01 0.000000e+00 2.518398e-15 -5.669303e-16 0.000000e+00
-2.000000e+00 7.500000e-01 0.000000e+00 1.575977e-15 -5.348097e-16 0.000000e+00
-2.000000e+00 1.000000e+00 0.000000e+00 7.971702e-16 -3.626710e-16 0.000000e+00
-2.000000e+00 1.250000e+00 0.000000e+00 3.173513e-16 -1.814109e-16 0.000000e+00
-2.000000e+00 1.500000e+00 0.000000e+00 9.586526e-17 -6.605410e-17 0.000000e+00
-2.000000e+00 1.750000e+00 0.000000e+00 2.095299e-17 -1.690556e-17 0.000000e+00
-2.000000e+00 2.000000e+00 0.000000e+00 3.141512e-18 -2.906690e-18 0.000000e+00
-2.000000e+00 2.250000e+00 0.000000e+00 3.229079e-19 -3.376516e-19 0.000000e+00
-2.000000e+00 2.500000e+00 0.000000e+00 3.129012e-20 -3.653837e-20 0.000000e+00
-1.750000e+00 -2.500000e+00 0.000000e+00 1.844342e-19 2.417216e-19 0.000000e+00
-1.750000e+00 -2.250000e+00 0.000000e+00 2.377257e-18 2.796633e-18 0.000000e+00
-1.750000e+00 -2.000000e+00 0.000000e+00 2.045857e-17 2.140871e-17 0.000000e+00
-1.750000e+00 -1.750000e+00 0.000000e+00 1.154924e-16 1.057580e-16 0.000000e+00
-1.750000e+00 -1.500000e+00 0.000000e+00 4.565173e-16 3.578680e-16 0.000000e+00
-1.750000e+00 -1.250000e+00 0.000000e+00 1.339468e-15 8.726851e-16 0.000000e+00
-1.750000e+00 -1.000000e+00 0.000000e+00 3.053008e-15 1.585045e-15 0.000000e+00
-1.750000e+00 -7.500000e-01 0.000000e+00 5.597442e-15 2.169325e-15 0.000000e+00
-1.750000e+00 -5.000000e-01 0.000000e+00 8.473504e-15 2.179217e-15 0.000000e+00
-1.750000e+00 -2.500000e-01 0.000000e+00 1.078772e-14 1.382432e-15 0.000000e+00
-1.750000e+00 0.000000e+00 0.000000e+00 1.167768e-14 -4.183506e-32 0.000000e+00
-1.750000e+00 2.500000e-01 0.000000e+00 1.078772e-14 -1.382432e-15 0.000000e+00
-1.750000e+00 5.000000e-01 0.000000e+00 8.473504e-15 -2.179217e-15 0.000000e+00
-1.750000e+00 7.500000e-01 0.000000e+00 5.597442e-15 -2.169325e-15 0.000000e+00
-1.750000e+00 1.000000e+00 0.000000e+00 3.053008e-15 -1.585045e-15 0.000000e+00
-1.750000e+00 1.250000e+00 0.000000e+00 1.339468e-15 -8.726851e-16 0.000000e+00
-1.750000e+00 1.500000e+00 0.000000e+00 4.565173e-16 -3.578680e-16 0.000000e+00
-1.750000e+00 1.750000e+00 0.000000e+00 1.154924e-16 -1.057580e-16 0.000000e+00
-1.750000e+00 2.000000e+00 0.000000e+00 2.045857e-17 -2.140871e-17 0.000000e+00
-1.750000e+00 2.250000e+00 0.000000e+00 2.377257e-18 -2.796633e-18 0.000000e+00
-1.750000e+00 2.500000e+00 0.000000e+00 1.844342e-19 -2.417216e-19 0.000000e+00
-1.500000e+00 -2.500000e+00 0.000000e+00 1.005047e-18 1.508865e-18 0.000000e+00
-1.500000e+00 -2.250000e+00 0.000000e+00 1.178104e-17 1.598732e-17 0.000000e+00
-1.500000e+00 -2.000000e+00 0.000000e+00 8.600448e-17 1.041822e-16 0.000000e+00
-1.500000e+00 -1.750000e+00 0.000000e+00 4.195635e-16 4.458305e-16 0.000000e+00
-1.500000e+00 -1.500000e+00 0.000000e+00 1.467059e-15 1.337298e-15 0.000000e+00
-1.500000e+00 -1.250000e+00 0.000000e+00 3.884674e-15 2.948448e-15 0.000000e+00
-1.500000e+00 -1.000000e+00 0.000000e+00 8.133314e-15 4.926556e-15 0.000000e+00
-1.500000e+00 -7.500000e-01 0.000000e+00 1.393357e-14 6.306577e-15 0.000000e+00
-1.500000e+00 -5.000000e-01 0.000000e+00 2.006235e-14 6.028669e-15 0.000000e+00
-1.500000e+00 -2.500000e-01 0.000000e+00 2.476325e-14 3.708278e-15 0.000000e+00
-1.500000e+00 0.000000e+00 0.000000e+00 2.652625e-14 8.701693e-30 0.000000e+00
-1.500000e+00 2.500000e-01 0.000000e+00 2.476325e-14 -3.708278e-15 0.000000e+00
-1.500000e+00 5.000000e-01 0.000000e+00 2.006235e-14 -6.028669e-15 0.000000e+00
-1.500000e+00 7.500000e-01 0.000000e+00 1.393357e-14 -6.306577e-15 0.000000e+00
-1.500000e+00 1.000000e+00 0.000000e+00 8.133314e-15 -4.926556e-15 0.000000e+00
-1.500000e+00 1.250000e+00 0.000000e+00 3.884674e-15 -2.948448e-15 0.000000e+00
-1.500000e+00 1.500000e+00 0.000000e+00 1.467059e-15 -1.337298e-15 0.000000e+00
-1.500000e+00 1.750000e+00 0.000000e+00 4.195635e-16 -4.458305e-16 0.000000e+00
-1.500000e+00 2.000000e+00 0.000000e+00 8.600448e-17 -1.041822e-16 0.000000e+00
-1.500000e+00 2.250000e+00 0.000000e+00 1.178104e-17 -1.598732e-17 0.000000e+00
-1.500000e+00 2.500000e+00 0.000000e+00 1.005047e-18 -1.508865e-18 0.000000e+00
-1.250000e+00 -2.500000e+00 0.000000e+00 3.871359e-18 6.882168e-18 0.000000e+00
-1.250000e+00 -2.250000e+00 0.000000e+00 3.902684e-17 6.296002e-17 0.000000e+00
-1.250000e+00 -2.000000e+00 0.000000e+00 2.472482e-16 3.568325e-16 0.000000e+00
-1.250000e+00 -1.750000e+00 0.000000e+00 1.069487e-15 1.356668e-15 0.000000e+00
-1.250000e+00 -1.500000e+00 0.000000e+00 3.373972e-15 3.679258e-15 0.000000e+00
-1.250000e+00 -1.250000e+00 0.000000e+00 8.173866e-15 7.437682e-15 0.000000e+00
-1.250000e+00 -1.000000e+00 0.000000e+00 1.585293e-14 1.153480e-14 0.000000e+00
-1.250000e+00 -7.500000e-01 0.000000e+00 2.548040e-14 1.387407e-14 0.000000e+00
-1.250000e+00 -5.000000e-01 0.000000e+00 3.493144e-14 1.263807e-14 0.000000e+00
-1.250000e+00 -2.500000e-01 0.000000e+00 4.178539e-14 7.535949e-15 0.000000e+00
-1.250000e+00 0.000000e+00 0.000000e+00 4.427790e-14 -4.183506e-31 0.000000e+00
-1.250000e+00 2.500000e-01 0.000000e+00 4.178539e-14 -7.535949e-15 0.000000e+00
-1.250000e+00 5.000000e-01 0.000000e+00 3.493144e-14 -1.263807e-14 0.000000e+00
-1.250000e+00 7.500000e-01 0.000000e+00 2.548040e-14 -1.387407e-14 0.000000e+00
-1.250000e+00 1.000000e+00 0.000000e+00 1.585293e-14 -1.153480e-14 0.000000e+00
-1.250000e+00 1.250000e+00 0.000000e+00 8.173866e-15 -7.437682e-15 0.000000e+00
-1.250000e+00 1.500000e+00 0.000000e+00 3.373972e-15 -3.679258e-15 0.000000e+00
-1.250000e+00 1.750000e+00 0.000000e+00 1.069487e-15 -1.356668e-15 0.000000e+00
-1.250000e+00 2.000000e+00 0.000000e+00 2.472482e-16 -3.568325e-16 0.000000e+00
-1.250000e+00 2.250000e+00 0.000000e+00 3.902684e-17 -6.296002e-17 0.000000e+00
-1.250000e+00 2.500000e+00 0.000000e+00 3.871359e-18 -6.882168e-18 0.000000e+00
-1.000000e+00 -2.500000e+00 0.000000e+00 1.017056e-17 2.236033e-17 0.000000e+00
-1.000000e+00 -2.250000e+00 0.000000e+00 8.984819e-17 1.796030e-16 0.000000e+00
-1.000000e+00 -2.000000e+00 0.000000e+00 5.081662e-16 9.100568e-16 0.000000e+00
-1.000000e+00 -1.750000e+00 0.000000e+00 1.993939e-15 3.143972e-15 0.000000e+00
-1.000000e+00 -1.500000e+00 0.000000e+00 5.772002e-15 7.840095e-15 0.000000e+00
-1.000000e+00 -1.250000e+00 0.000000e+00 1.294142e-14 1.470324e-14 0.000000e+00
-1.000000e+00 -1.000000e+00 0.000000e+00 2.340154e-14 2.131219e-14 0.000000e+00
-1.000000e+00 -7.500000e-01 0.000000e+00 3.535841e-14 2.414782e-14 0.000000e+00
-1.000000e+00 -5.000000e-01 0.000000e+00 4.609321e-14 2.094515e-14 0.000000e+00
-1.000000e+00 -2.500000e-01 0.000000e+00 5.331097e-14 1.208312e-14 0.000000e+00
-1.000000e+00 0.000000e+00 0.000000e+00 5.582011e-14 1.004042e-30 0.000000e+00
-1.000000e+00 2.500000e-01 0.000000e+00 5.331097e-14 -1.208312e-14 0.000000e+00
-1.000000e+00 5.000000e-01 0.000000e+00 4.609321e-14 -2.094515e-14 0.000000e+00
-1.000000e+00 7.500000e-01 0.000000e+00 3.535841e-14 -2.414782e-14 0.000000e+00
-1.000000e+00 1.000000e+00 0.000000e+00 2.340154e-14 -2.131219e-14 0.000000e+00
-1.000000e+00 1.250000e+00 0.000000e+00 1.294142e-14 -1.470324e-14 0.000000e+00
-1.000000e+00 1.500000e+00 0.000000e+00 5.772002e-15 -7.840095e-15 0.000000e+00
-1.000000e+00 1.750000e+00 0.000000e+00 1.993939e-15 -3.143972e-15 0.000000e+00
-1.000000e+00 2.000000e+00 0.000000e+00 5.081662e-16 -9.100568e-16 0.000000e+00
-1.000000e+00 2.250000e+00 0.000000e+00 8.984819e-17 -1.796030e-16 0.000000e+00
-1.000000e+00 2.500000e+00 0.000000e+00 1.017056e-17 -2.236033e-17 0.000000e+00
-7.500000e-01 -2.500000e+00 0.000000e+00 1.840669e-17 5.346979e-17 0.000000e+00
-7.500000e-01 -2.250000e+00 0.000000e+00 1.468668e-16 3.882376e-16 0.000000e+00
-7.500000e-01 -2.000000e+00 0.000000e+00 7.615254e-16 1.805115e-15 0.000000e+00
-7.500000e-01 -1.750000e+00 0.000000e+00 2.768157e-15 5.784741e-15 0.000000e+00
-7.500000e-01 -1.500000e+00 0.000000e+00 7.472927e-15 1.347767e-14 0.000000e+00
-7.500000e-01 -1.250000e+00 0.000000e+00 1.568814e-14 2.372257e-14 0.000000e+00
-7.500000e-01 -1.000000e+00 0.000000e+00 2.663221e-14 3.236840e-14 0.000000e+00
-7.500000e-01 -7.500000e-01 0.000000e+00 3.790718e-14 3.463940e-14 0.000000e+00
-7.500000e-01 -5.000000e-01 0.000000e+00 4.690629e-14 2.857667e-14 0.000000e+00
-7.500000e-01 -2.500000e-01 0.000000e+00 5.228301e-14 1.590508e-14 0.000000e+00
-7.500000e-01 0.000000e+00 0.000000e+00 5.400662e-14 3.346805e-31 0.000000e+00
-7.500000e-01 2.500000e-01 0.000000e+00 5.228301e-14 -1.590508e-14 0.000000e+00
-7.500000e-01 5.000000e-01 0.000000e+00 4.690629e-14 -2.857667e-14 0.000000e+00
-7.500000e-01 7.500000e-01 0.000000e+00 3.790718e-14 -3.463940e-14 0.000000e+00
-7.500000e-01 1.000000e+00 0.000000e+00 2.663221e-14 -3.236840e-14 0.000000e+00
-7.500000e-01 1.250000e+00 0.000000e+00 1.568814e-14 -2.372257e-14 0.000000e+00
-7.500000e-01 1.500000e+00 0.000000e+00 7.472927e-15 -1.347767e-14 0.000000e+00
-7.500000e-01 1.750000e+00 0.000000e+00 2.768157e-15 -5.784741e-15 0.000000e+00
-7.500000e-01 2.000000e+00 0.000000e+00 7.615254e-16 -1.805115e-15 0.000000e+00
-7.500000e-01 2.250000e+00 0.000000e+00 1.468668e-16 -3.882376e-16 0.000000e+00
-7.500000e-01 2.500000e+00 0.000000e+00 1.840669e-17 -5.346979e-17 0.000000e+00
-5.000000e-01 -2.500000e+00 0.000000e+00 2.249205e-17 9.729689e-17 0.000000e+00
-5.000000e-01 -2.250000e+00 0.000000e+00 1.670718e-16 6.578583e-16 0.000000e+00
-5.000000e-01 -2.000000e+00 0.000000e+00 8.144479e-16 2.876940e-15 0.000000e+00
-5.000000e-01 -1.750000e+00 0.000000e+00 2.800498e-15 8.728502e-15 0.000000e+00
-5.000000e-01 -1.500000e+00 0.000000e+00 7.174129e-15 1.932397e-14 0.000000e+00
-5.000000e-01 -1.250000e+00 0.000000e+00 1.430114e-14 3.236024e-14 0.000000e+00
-5.000000e-01 -1.000000e+00 0.000000e+00 2.302916e-14 4.198740e-14 0.000000e+00
-5.000000e-01 -7.500000e-01 0.000000e+00 3.106752e-14 4.270378e-14 0.000000e+00
-5.000000e-01 -5.000000e-01 0.000000e+00 3.655092e-14 3.357748e-14 0.000000e+00
-5.000000e-01 -2.500000e-01 0.000000e+00 3.921155e-14 1.801552e-14 0.000000e+00
-5.000000e-01 0.000000e+00 0.000000e+00 3.991688e-14 -6.693610e-31 0.000000e+00
-5.000000e-01 2.500000e-01 0.000000e+00 3.921155e-14 -1.801552e-14 0.000000e+00
-5.000000e-01 5.000000e-01 0.000000e+00 3.655092e-14 -3.357748e-14 0.000000e+00
-5.000000e-01 7.500000e-01 0.000000e+00 3.106752e-14 -4.270378e-14 0.000000e+00
-5.000000e-01 1.000000e+00 0.000000e+00 2.302916e-14 -4.198740e-14 0.000000e+00
-5.000000e-01 1.250000e+00 0.000000e+00 1.430114e-14 -3.236024e-14 0.000000e+00
-5.000000e-01 1.500000e+00 0.000000e+00 7.174129e-15 -1.932397e-14 0.000000e+00
-5.000000e-01 1.750000e+00 0.000000e+00 2.800498e-15 -8.728502e-15 0.000000e+00
-5.000000e-01 2.000000e+00 0.000000e+00 8.144479e-16 -2.876940e-15 0.000000e+00
-5.000000e-01 2.250000e+00 0.000000e+00 1.670718e-16 -6.578583e-16 0.000000e+00
-5.000000e-01 2.500000e+00 0.000000e+00 2.249205e-17 -9.729689e-17 0.000000e+00
-2.500000e-01 -2.500000e+00 0.000000e+00 1.603035e-17 1.380271e-16 0.000000e+00
-2.500000e-01 -2.250000e+00 0.000000e+00 1.141256e-16 8.944763e-16 0.000000e+00
-2.500000e-01 -2.000000e+00 0.000000e+00 5.361315e-16 3.770152e-15 0.000000e+00
-2.500000e-01 -1.750000e+00 0.000000e+00 1.781991e-15 1.106135e-14 0.000000e+00
-2.500000e-01 -1.500000e+00 0.000000e+00 4.417371e-15 2.371520e-14 0.000000e+00
-2.500000e-01 -1.250000e+00 0.000000e+00 8.513861e-15 3.844475e-14 0.000000e+00
-2.500000e-01 -1.000000e+00 0.000000e+00 1.322284e-14 4.819310e-14 0.000000e+00
-2.500000e-01 -7.500000e-01 0.000000e+00 1.715458e-14 4.723699e-14 0.000000e+00
-2.500000e-01 -5.000000e-01 0.000000e+00 1.940256e-14 3.578421e-14 0.000000e+00
-2.500000e-01 -2.500000e-01 0.000000e+00 2.016228e-14 1.862757e-14 0.000000e+00
-2.500000e-01 0.000000e+00 0.000000e+00 2.026634e-14 6.693610e-31 0.000000e+00
-2.500000e-01 2.500000e-01 0.000000e+00 2.016228e-14 -1.862757e-14 0.000000e+00
-2.500000e-01 5.000000e-01 0.000000e+00 1.940256e-14 -3.578421e-14 0.000000e+00
-2.500000e-01 7.500000e-01 0.000000e+00 1.715458e-14 -4.723699e-14 0.000000e+00
-2.500000e-01 1.000000e+00 0.000000e+00 1.322284e-14 -4.819310e-14 0.000000e+00
-2.500000e-01 1.250000e+00 0.000000e+00 8.513861e-15 -3.844475e-14 0.000000e+00
-2.500000e-01 1.500000e+00 0.000000e+00 4.417371e-15 -2.371520e-14 0.000000e+00
-2.500000e-01 1.750000e+00 0.000000e+00 1.781991e-15 -1.106135e-14 0.000000e+00
-2.500000e-01 2.000000e+00 0.000000e+00 5.361315e-16 -3.770152e-15 0.000000e+00
-2.500000e-01 2.250000e+00 0.000000e+00 1.141256e-16 -8.944763e-16 0.000000e+00
-2.500000e-01 2.500000e+00 0.000000e+00 1.603035e-17 -1.380271e-16 0.000000e+00
0.000000e+00 -2.500000e+00 0.000000e+00 -3.798197e-35 1.548481e-16 0.000000e+00
0.000000e+00 -2.250000e+00 0.000000e+00 -3.574774e-35 9.894379e-16 0.000000e+00
0.000000e+00 -2.000000e+00 0.000000e+00 -6.536729e-34 4.119332e-15 0.000000e+00
0.000000e+00 -1.750000e+00 0.000000e+00 1.830284e-32 1.194975e-14 0.000000e+00
0.000000e+00 -1.500000e+00 0.000000e+00 -1.019730e-31 2.533964e-14 0.000000e+00
0.000000e+00 -1.250000e+00 0.000000e+00 4.494655e-30 4.061374e-14 0.000000e+00
0.000000e+00 -1.000000e+00 0.000000e+00 -5.752321e-32 5.028474e-14 0.000000e+00
0.000000e+00 -7.500000e-01 0.000000e+00 -2.107441e-30 4.861289e-14 0.000000e+00
0.000000e+00 -5.000000e-01 0.000000e+00 -1.464227e-31 3.629806e-14 0.000000e+00
0.000000e+00 -2.500000e-01 0.000000e+00 -1.317805e-30 1.866558e-14 0.000000e+00
0.000000e+00 0.000000e+00 0.000000e+00 6.275260e-32 1.338722e-30 0.000000e+00
0.000000e+00 2.500000e-01 0.000000e+00 -5.020208e-31 -1.866558e-14 0.000000e+00
0.000000e+00 5.000000e-01 0.000000e+00 1.464227e-31 -3.629806e-14 0.000000e+00
0.000000e+00 7.500000e-01 0.000000e+00 -9.412889e-32 -4.861289e-14 0.000000e+00
0.000000e+00 1.000000e+00 0.000000e+00 2.067698e-29 -5.028474e-14 0.000000e+00
0.000000e+00 1.250000e+00 0.000000e+00 2.222488e-32 -4.061374e-14 0.000000e+00
0.000000e+00 1.500000e+00 0.000000e+00 0.000000e+00 -2.533964e-14 0.000000e+00
0.000000e+00 1.750000e+00 0.000000e+00 -1.503448e-32 -1.194975e-14 0.000000e+00
0.000000e+00 2.000000e+00 0.000000e+00 -4.412292e-33 -4.119332e-15 0.000000e+00
0.000000e+00 2.250000e+00 0.000000e+00 3.064092e-34 -9.894379e-16 0.000000e+00
0.000000e+00 2.500000e+00 0.000000e+00 -7.724064e-34 -1.548481e-16 0.000000e+00
2.500000e-01 -2.500000e+00 0.000000e+00 -1.603035e-17 1.380271e-16 0.000000e+00
2.500000e-01 -2.250000e+00 0.000000e+00 -1.141256e-16 8.944763e-16 0.000000e+00
2.500000e-01 -2.000000e+00 0.000000e+00 -5.361315e-16 3.770152e-15 0.000000e+00
2.500000e-01 -1.750000e+00 0.000000e+00 -1.781991e-15 1.106135e-14 0.000000e+00
2.500000e-01 -1.500000e+00 0.000000e+00 -4.417371e-15 2.371520e-14 0.000000e+00
2.500000e-01 -1.250000e+00 0.000000e+00 -8.513861e-15 3.844475e-14 0.000000e+00
2.500000e-01 -1.000000e+00 0.000000e+00 -1.322284e-14 4.819310e-14 0.000000e+00
2.500000e-01 -7.500000e-01 0.000000e+00 -1.715458e-14 4.723699e-14 0.000000e+00
2.500000e-01 -5.000000e-01 0.000000e+00 -1.940256e-14 3.578421e-14 0.000000e+00
2.500000e-01 -2.500000e-01 0.000000e+00 -2.016228e-14 1.862757e-14 0.000000e+00
2.500000e-01 0.000000e+00 0.000000e+00 -2.026634e-14 -6.693610e-31 0.000000e+00
2.500000e-01 2.500000e-01 0.000000e+00 -2.016228e-14 -1.862757e-14 0.000000e+00
2.500000e-01 5.000000e-01 0.000000e+00 -1.940256e-14 -3.578421e-14 0.000000e+00
2.500000e-01 7.500000e-01 0.000000e+00 -1.715458e-14 -4.723699e-14 0.000000e+00
2.500000e-01 1.000000e+00 0.000000e+00 -1.322284e-14 -4.819310e-14 0.000000e+00
2.500000e-01 1.250000e+00 0.000000e+00 -8.513861e-15 -3.844475e-14 0.000000e+00
2.500000e-01 1.500000e+00 0.000000e+00 -4.417371e-15 -2.371520e-14 0.000000e+00
2.500000e-01 1.750000e+00 0.000000e+00 -1.781991e-15 -1.106135e-14 0.000000e+00
2.500000e-01 2.000000e+00 0.000000e+00 -5.361315e-16 -3.770152e-15 0.000000e+00
2.500000e-01 2.250000e+00 0.000000e+00 -1.141256e-16 -8.944763e-16 0.000000e+00
2.500000e-01 2.500000e+00 0.000000e+00 -1.603035e-17 -1.380271e-16 0.000000e+00
5.000000e-01 -2.500000e+00 0.000000e+00 -2.249205e-17 9.729689e-17 0.000000e+00
5.000000e-01 -2.250000e+00 0.000000e+00 -1.670718e-16 6.578583e-16 0.000000e+00
5.000000e-01 -2.000000e+00 0.000000e+00 -8.144479e-16 2.876940e-15 0.000000e+00
5.000000e-01 -1.750000e+00 0.000000e+00 -2.800498e-15 8.728502e-15 0.000000e+00
5.000000e-01 -1.500000e+00 0.000000e+00 -7.174129e-15 1.932397e-14 0.000000e+00
5.000000e-01 -1.250000e+00 0.000000e+00 -1.430114e-14 3.236024e-14 0.000000e+00
5.000000e-01 -1.000000e+00 0.000000e+00 -2.302916e-14 4.198740e-14 0.000000e+00
5.000000e-01 -7.500000e-01 0.000000e+00 -3.106752e-14 4.270378e-14 0.000000e+00
5.000000e-01 -5.000000e-01 0.000000e+00 -3.655092e-14 3.357748e-14 0.000000e+00
5.000000e-01 -2.500000e-01 0.000000e+00 -3.921155e-14 1.801552e-14 0.000000e+00
5.000000e-01 0.000000e+00 0.000000e+00 -3.991688e-14 -1.673403e-30 0.000000e+00
5.000000e-01 2.500000e-01 0.000000e+00 -3.921155e-14 -1.801552e-14 0.000000e+00
5.000000e-01 5.000000e-01 0.000000e+00 -3.655092e-14 -3.357748e-14 0.000000e+00
5.000000e-01 7.500000e-01 0.000000e+00 -3.106752e-14 -4.270378e-14 0.000000e+00
5.000000e-01 1.000000e+00 0.000000e+00 -2.302916e-14 -4.198740e-14 0.000000e+00
5.000000e-01 1.250000e+00 0.000000e+00 -1.430114e-14 -3.236024e-14 0.000000e+00
5.000000e-01 1.500000e+00 0.000000e+00 -7.174129e-15 -1.932397e-14 0.000000e+00
5.000000e-01 1.750000e+00 0.000000e+00 -2.800498e-15 -8.728502e-15 0.000000e+00
5.000000e-01 2.000000e+00 0.000000e+00 -8.144479e-16 -2.876940e-15 0.000000e+00
5.000000e-01 2.250000e+00 0.000000e+00 -1.670718e-16 -6.578583e-16 0.000000e+00
5.000000e-01 2.500000e+00 0.000000e+00 -2.249205e-17 -9.729689e-17 0.000000e+00
7.500000e-01 -2.500000e+00 0.000000e+00 -1.840669e-17 5.346979e-17 0.000000e+00
7.500000e-01 -2.250000e+00 0.000000e+00 -1.468668e-16 3.882376e-16 0.000000e+00
7.500000e-01 -2.000000e+00 0.000000e+00 -7.615254e-16 1.805115e-15 0.000000e+00
7.500000e-01 -1.750000e+00 0.000000e+00 -2.768157e-15 5.784741e-15 0.000000e+00
7.500000e-01 -1.500000e+00 0.000000e+00 -7.472927e-15 1.347767e-14 0.000000e+00
7.500000e-01 -1.250000e+00 0.000000e+00 -1.568814e-14 2.372257e-14 0.000000e+00
7.500000e-01 -1.000000e+00 0.000000e+00 -2.663221e-14 3.236840e-14 0.000000e+00
7.500000e-01 -7.500000e-01 0.000000e+00 -3.790718e-14 3.463940e-14 0.000000e+00
7.500000e-01 -5.000000e-01 0.000000e+00 -4.690629e-14 2.857667e-14 0.000000e+00
7.500000e-01 -2.500000e-01 0.000000e+00 -5.228301e-14 1.590508e-14 0.000000e+00
7.500000e-01 0.000000e+00 0.000000e+00 -5.400662e-14 -4.016166e-30 0.000000e+00
7.500000e-01 2.500000e-01 0.000000e+00 -5.228301e-14 -1.590508e-14 0.000000e+00
7.500000e-01 5.000000e-01 0.000000e+00 -4.690629e-14 -2.857667e-14 0.000000e+00
7.500000e-01 7.500000e-01 0.000000e+00 -3.790718e-14 -3.463940e-14 0.000000e+00
7.500000e-01 1.000000e+00 0.000000e+00 -2.663221e-14 -3.236840e-14 0.000000e+00
7.500000e-01 1.250000e+00 0.000000e+00 -1.568814e-14 -2.372257e-14 0.000000e+00
7.500000e-01 1.500000e+00 0.000000e+00 -7.472927e-15 -1.347767e-14 0.000000e+00
7.500000e-01 1.750000e+00 0.000000e+00 -2.768157e-15 -5.784741e-15 0.000000e+00
7.500000e-01 2.000000e+00 0.000000e+00 -7.615254e-16 -1.805115e-15 0.000000e+00
7.500000e-01 2.250000e+00 0.000000e+00 -1.468668e-16 -3.882376e-16 0.000000e+00
7.500000e-01 2.500000e+00 0.000000e+00 -1.840669e-17 -5.346979e-17 0.000000e+00
1.000000e+00 -2.500000e+00 0.000000e+00 -1.017056e-17 2.236033e-17 0.000000e+00
1.000000e+00 -2.250000e+00 0.000000e+00 -8.984819e-17 1.796030e-16 0.000000e+00
1.000000e+00 -2.000000e+00 0.000000e+00 -5.081662e-16 9.100568e-16 0.000000e+00
1.000000e+00 -1.750000e+00 0.000000e+00 -1.993939e-15 3.143972e-15 0.000000e+00
1.000000e+00 -1.500000e+00 0.000000e+00 -5.772002e-15 7.840095e-15 0.000000e+00
1.000000e+00 -1.250000e+00 0.000000e+00 -1.294142e-14 1.470324e-14 0.000000e+00
1.000000e+00 -1.000000e+00 0.000000e+00 -2.340154e-14 2.131219e-14 0.000000e+00
1.000000e+00 -7.500000e-01 0.000000e+00 -3.535841e-14 2.414782e-14 0.000000e+00
1.000000e+00 -5.000000e-01 0.000000e+00 -4.609321e-14 2.094515e-14 0.000000e+00
1.000000e+00 -2.500000e-01 0.000000e+00 -5.331097e-14 1.208312e-14 0.000000e+00
1.000000e+00 0.000000e+00 0.000000e+00 -5.582011e-14 0.000000e+00 0.000000e+00
1.000000e+00 2.500000e-01 0.000000e+00 -5.331097e-14 -1.208312e-14 0.000000e+00
1.000000e+00 5.000000e-01 0.000000e+00 -4.609321e-14 -2.094515e-14 0.000000e+00
1.000000e+00 7.500000e-01 0.000000e+00 -3.535841e-14 -2.414782e-14 0.000000e+00
1.000000e+00 1.000000e+00 0.000000e+00 -2.340154e-14 -2.131219e-14 0.000000e+00
1.000000e+00 1.250000e+00 0.000000e+00 -1.294142e-14 -1.470324e-14 0.000000e+00
1.000000e+00 1.500000e+00 0.000000e+00 -5.772002e-15 -7.840095e-15 0.000000e+00
1.000000e+00 1.750000e+00 0.000000e+00 -1.993939e-15 -3.143972e-15 0.000000e+00
1.000000e+00 2.000000e+00 0.000000e+00 -5.081662e-16 -9.100568e-16 0.000000e+00
1.000000e+00 2.250000e+00 0.000000e+00 -8.984819e-17 -1.796030e-16 0.000000e+00
1.000000e+00 2.500000e+00 0.000000e+00 -1.017056e-17 -2.236033e-17 0.000000e+00
1.250000e+00 -2.500000e+00 0.000000e+00 -3.871359e-18 6.882168e-18 0.000000e+00
1.250000e+00 -2.250000e+00 0.000000e+00 -3.902684e-17 6.296002e-17 0.000000e+00
1.250000e+00 -2.000000e+00 0.000000e+00 -2.472482e-16 3.568325e-16 0.000000e+00
1.250000e+00 -1.750000e+00 0.000000e+00 -1.069487e-15 1.356668e-15 0.000000e+00
1.250000e+00 -1.500000e+00 0.000000e+00 -3.373972e-15 3.679258e-15 0.000000e+00
1.250000e+00 -1.250000e+00 0.000000e+00 -8.173866e-15 7.437682e-15 0.000000e+00
1.250000e+00 -1.000000e+00 0.000000e+00 -1.585293e-14 1.153480e-14 0.000000e+00
1.250000e+00 -7.500000e-01 0.000000e+00 -2.548040e-14 1.387407e-14 0.000000e+00
1.250000e+00 -5.000000e-01 0.000000e+00 -3.493144e-14 1.263807e-14 0.000000e+00
1.250000e+00 -2.500000e-01 0.000000e+00 -4.178539e-14 7.535949e-15 0.000000e+00
1.250000e+00 0.000000e+00 0.000000e+00 -4.427790e-14 1.673403e-31 0.000000e+00
1.250000e+00 2.500000e-01 0.000000e+00 -4.178539e-14 -7.535949e-15 0.000000e+00
1.250000e+00 5.000000e-01 0.000000e+00 -3.493144e-14 -1.263807e-14 0.000000e+00
1.250000e+00 7.500000e-01 0.000000e+00 -2.548040e-14 -1.387407e-14 0.000000e+00
1.250000e+00 1.000000e+00 0.000000e+00 -1.585293e-14 -1.153480e-14 0.000000e+00
1.250000e+00 1.250000e+00 0.000000e+00 -8.173866e-15 -7.437682e-15 0.000000e+00
1.250000e+00 1.500000e+00 0.000000e+00 -3.373972e-15 -3.679258e-15 0.000000e+00
1.250000e+00 1.750000e+00 0.000000e+00 -1.069487e-15 -1.356668e-15 0.000000e+00
1.250000e+00 2.000000e+00 0.000000e+00 -2.472482e-16 -3.568325e-16 0.000000e+00
1.250000e+00 2.250000e+00 0.000000e+00 -3.902684e-17 -6.296002e-17 0.000000e+00
1.250000e+00 2.500000e+00 0.000000e+00 -3.871359e-18 -6.882168e-18 0.000000e+00
1.500000e+00 -2.500000e+00 0.000000e+00 -1.005047e-18 1.508865e-18 0.000000e+00
1.500000e+00 -2.250000e+00 0.000000e+00 -1.178104e-17 1.598732e-17 0.000000e+00
1.500000e+00 -2.000000e+00 0.000000e+00 -8.600448e-17 1.041822e-16 0.000000e+00
1.500000e+00 -1.750000e+00 0.000000e+00 -4.195635e-16 4.458305e-16 0.000000e+00
1.500000e+00 -1.500000e+00 0.000000e+00 -1.467059e-15 1.337298e-15 0.000000e+00
1.500000e+00 -1.250000e+00 0.000000e+00 -3.884674e-15 2.948448e-15 0.000000e+00
1.500000e+00 -1.000000e+00 0.000000e+00 -8.133314e-15 4.926556e-15 0.000000e+00
1.500000e+00 -7.500000e-01 0.000000e+00 -1.393357e-14 6.306577e-15 0.000000e+00
1.500000e+00 -5.000000e-01 0.000000e+00 -2.006235e-14 6.028669e-15 0.000000e+00
1.500000e+00 -2.500000e-01 0.000000e+00 -2.476325e-14 3.708278e-15 0.000000e+00
1.500000e+00 0.000000e+00 0.000000e+00 -2.652625e-14 5.856909e-31 0.000000e+00
1.500000e+00 2.500000e-01 0.000000e+00 -2.476325e-14 -3.708278e-15 0.000000e+00
1.500000e+00 5.000000e-01 0.000000e+00 -2.006235e-14 -6.028669e-15 0.000000e+00
1.500000e+00 7.500000e-01 0.000000e+00 -1.393357e-14 -6.306577e-15 0.000000e+00
1.500000e+00 1.000000e+00 0.000000e+00 -8.133314e-15 -4.926556e-15 0.000000e+00
1.500000e+00 1.250000e+00 0.000000e+00 -3.884674e-15 -2.948448e-15 0.000000e+00
1.500000e+00 1.500000e+00 0.000000e+00 -1.467059e-15 -1.337298e-15 0.000000e+00
1.500000e+00 1.750000e+00 0.000000e+00 -4.195635e-16 -4.458305e-16 0.000000e+00
1.500000e+00 2.000000e+00 0.000000e+00 -8.600448e-17 -1.041822e-16 0.000000e+00
1.500000e+00 2.250000e+00 0.000000e+00 -1.178104e-17 -1.598732e-17 0.000000e+00
1.500000e+00 2.500000e+00 0.000000e+00 -1.005047e-18 -1.508865e-18 0.000000e+00
1.750000e+00 -2.500000e+00 0.000000e+00 -1.844342e-19 2.417216e-19 0.000000e+00
1.750000e+00 -2.250000e+00 0.000000e+00 -2.377257e-18 2.796633e-18 0.000000e+00
1.750000e+00 -2.000000e+00 0.000000e+00 -2.045857e-17 2.140871e-17 0.000000e+00
1.750000e+00 -1.750000e+00 0.000000e+00 -1.154924e-16 1.057580e-16 0.000000e+00
1.750000e+00 -1.500000e+00 0.000000e+00 -4.565173e-16 3.578680e-16 0.000000e+00
1.750000e+00 -1.250000e+00 0.000000e+00 -1.339468e-15 8.726851e-16 0.000000e+00
1.750000e+00 -1.000000e+00 0.000000e+00 -3.053008e-15 1.585045e-15 0.000000e+00
1.750000e+00 -7.500000e-01 0.000000e+00 -5.597442e-15 2.169325e-15 0.000000e+00
1.750000e+00 -5.000000e-01 0.000000e+00 -8.473504e-15 2.179217e-15 0.000000e+00
1.750000e+00 -2.500000e-01 0.000000e+00 -1.078772e-14 1.382432e-15 0.000000e+00
1.750000e+00 0.000000e+00 0.000000e+00 -1.167768e-14 1.045877e-31 0.000000e+00
1.750000e+00 2.500000e-01 0.000000e+00 -1.078772e-14 -1.382432e-15 0.000000e+00
1.750000e+00 5.000000e-01 0.000000e+00 -8.473504e-15 -2.179217e-15 0.000000e+00
1.750000e+00 7.500000e-01 0.000000e+00 -5.597442e-15 -2.169325e-15 0.000000e+00
1.750000e+00 1.000000e+00 0.000000e+00 -3.053008e-15 -1.585045e-15 0.000000e+00
1.750000e+00 1.250000e+00 0.000000e+00 -1.339468e-15 -8.726851e-16 0.000000e+00
1.750000e+00 1.500000e+00 0.000000e+00 -4.565173e-16 -3.578680e-16 0.000000e+00
1.750000e+00 1.750000e+00 0.000000e+00 -1.154924e-16 -1.057580e-16 0.000000e+00
1.750000e+00 2.000000e+00 0.000000e+00 -2.045857e-17 -2.140871e-17 0.000000e+00
1.750000e+00 2.250000e+00 0.000000e+00 -2.377257e-18 -2.796633e-18 0.000000e+00
1.750000e+00 2.500000e+00 0.000000e+00 -1.844342e-19 -2.417216e-19 0.000000e+00
2.000000e+00 -2.500000e+00 0.000000e+00 -3.129012e-20 3.653837e-20 0.000000e+00
2.000000e+00 -2.250000e+00 0.000000e+00 -3.229079e-19 3.376516e-19 0.000000e+00
2.000000e+00 -2.000000e+00 0.000000e+00 -3.141512e-18 2.906690e-18 0.000000e+00
2.000000e+00 -1.750000e+00 0.000000e+00 -2.095299e-17 1.690556e-17 0.000000e+00
2.000000e+00 -1.500000e+00 0.000000e+00 -9.586526e-17 6.605410e-17 0.000000e+00
2.000000e+00 -1.250000e+00 0.000000e+00 -3.173513e-16 1.814109e-16 0.000000e+00
2.000000e+00 -1.000000e+00 0.000000e+00 -7.971702e-16 3.626710e-16 0.000000e+00
2.000000e+00 -7.500000e-01 0.000000e+00 -1.575977e-15 5.348097e-16 0.000000e+00
2.000000e+00 -5.000000e-01 0.000000e+00 -2.518398e-15 5.669303e-16 0.000000e+00
2.000000e+00 -2.500000e-01 0.000000e+00 -3.312769e-15 3.715729e-16 0.000000e+00
2.000000e+00 0.000000e+00 0.000000e+00 -3.625548e-15 0.000000e+00 0.000000e+00
2.000000e+00 2.500000e-01 0.000000e+00 -3.312769e-15 -3.715729e-16 0.000000e+00
2.000000e+00 5.000000e-01 0.000000e+00 -2.518398e-15 -5.669303e-16 0.000000e+00
2.000000e+00 7.500000e-01 0.000000e+00 -1.575977e-15 -5.348097e-16 0.000000e+00
2.000000e+00 1.000000e+00 0.000000e+00 -7.971702e-16 -3.626710e-16 0.000000e+00
2.000000e+00 1.250000e+00 0.000000e+00 -3.173513e-16 -1.814109e-16 0.000000e+00
2.000000e+00 1.500000e+00 0.000000e+00 -9.586526e-17 -6.605410e-17 0.000000e+00
2.000000e+00 1.750000e+00 0.000000e+00 -2.095299e-17 -1.690556e-17 0.000000e+00
2.000000e+00 2.000000e+00 0.000000e+00 -3.141512e-18 -2.906690e-18 0.000000e+00
2.000000e+00 2.250000e+00 0.000000e+00 -3.229079e-19 -3.376516e-19 0.000000e+00
2.000000e+00 2.500000e+00 0.000000e+00 -3.129012e-20 -3.653837e-20 0.000000e+00
2.250000e+00 -2.500000e+00 0.000000e+00 -6.658846e-21 6.950148e-21 0.000000e+00
2.250000e+00 -2.250000e+00 0.000000e+00 -4.016708e-20 3.781718e-20 0.000000e+00
2.250000e+00 -2.000000e+00 0.000000e+00 -3.158982e-19 2.638171e-19 0.000000e+00
2.250000e+00 -1.750000e+00 0.000000e+00 -2.336694e-18 1.694704e-18 0.000000e+00
2.250000e+00 -1.500000e+00 0.000000e+00 -1.253000e-17 7.732248e-18 0.000000e+00
2.250000e+00 -1.250000e+00 0.000000e+00 -4.780753e-17 2.441515e-17 0.000000e+00
2.250000e+00 -1.000000e+00 0.000000e+00 -1.346813e-16 5.465314e-17 0.000000e+00
2.250000e+00 -7.500000e-01 0.000000e+00 -2.906361e-16 8.788844e-17 0.000000e+00
2.250000e+00 -5.000000e-01 0.000000e+00 -4.940440e-16 9.905917e-17 0.000000e+00
2.250000e+00 -2.500000e-01 0.000000e+00 -6.742619e-16 6.734801e-17 0.000000e+00
2.250000e+00 0.000000e+00 0.000000e+00 -7.470126e-16 1.961019e-33 0.000000e+00
2.250000e+00 2.500000e-01 0.000000e+00 -6.742619e-16 -6.734801e-17 0.000000e+00
2.250000e+00 5.000000e-01 0.000000e+00 -4.940440e-16 -9.905917e-17 0.000000e+00
2.250000e+00 7.500000e-01 0.000000e+00 -2.906361e-16 -8.788844e-17 0.000000e+00
2.250000e+00 1.000000e+00 0.000000e+00 -1.346813e-16 -5.465314e-17 0.000000e+00
2.250000e+00 1.250000e+00 0.000000e+00 -4.780753e-17 -2.441515e-17 0.000000e+00
2.250000e+00 1.500000e+00 0.000000e+00 -1.253000e-17 -7.732248e-18 0.000000e+00
2.250000e+00 1.750000e+00 0.000000e+00 -2.336694e-18 -1.694704e-18 0.000000e+00
2.250000e+00 2.000000e+00 0.000000e+00 -3.158982e-19 -2.638171e-19 0.000000e+00
2.250000e+00 2.250000e+00 0.000000e+00 -4.016708e-20 -3.781718e-20 0.000000e+00
2.250000e+00 2.500000e+00 0.000000e+00 -6.658846e-21 -6.950148e-21 0.000000e+00
2.500000e+00 -2.500000e+00 0.000000e+00 -1.366409e-21 1.307201e-21 0.000000e+00
2.500000e+00 -2.250000e+00 0.000000e+00 -6.928867e-21 5.864341e-21 0.000000e+00
2.500000e+00 -2.000000e+00 0.000000e+00 -3.278009e-20 2.476584e-20 0.000000e+00
2.500000e+00 -1.750000e+00 0.000000e+00 -1.766605e-19 1.170079e-19 0.000000e+00
2.500000e+00 -1.500000e+00 0.000000e+00 -9.613575e-19 5.410299e-19 0.000000e+00
2.500000e+00 -1.250000e+00 0.000000e+00 -4.154837e-18 1.927420e-18 0.000000e+00
2.500000e+00 -1.000000e+00 0.000000e+00 -1.329323e-17 4.884933e-18 0.000000e+00
2.500000e+00 -7.500000e-01 0.000000e+00 -3.179086e-17 8.688387e-18 0.000000e+00
2.500000e+00 -5.000000e-01 0.000000e+00 -5.814845e-17 1.052480e-17 0.000000e+00
2.500000e+00 -2.500000e-01 0.000000e+00 -8.289847e-17 7.470197e-18 0.000000e+00
2.500000e+00 0.000000e+00 0.000000e+00 -9.318138e-17 -3.268364e-34 0.000000e+00
2.500000e+00 2.500000e-01 0.000000e+00 -8.289847e-17 -7.470197e-18 0.000000e+00
2.500000e+00 5.000000e-01 0.000000e+00 -5.814845e-17 -1.052480e-17 0.000000e+00
2.500000e+00 7.500000e-01 0.000000e+00 -3.179086e-17 -8.688387e-18 0.000000e+00
2.500000e+00 1.000000e+00 0.000000e+00 -1.329323e-17 -4.884933e-18 0.000000e+00
2.500000e+00 1.250000e+00 0.000000e+00 -4.154837e-18 -1.927420e-18 0.000000e+00
2.500000e+00 1.500000e+00 0.000000e+00 -9.613575e-19 -5.410299e-19 0.000000e+00
2.500000e+00 1.750000e+00 0.000000e+00 -1.766605e-19 -1.170079e-19 0.000000e+00
2.500000e+00 2.000000e+00 0.000000e+00 -3.278009e-20 -2.476584e-20 0.000000e+00
2.500000e+00 2.250000e+00 0.000000e+00 -6.928867e-21 -5.864341e-21 0.000000e+00
2.500000e+00 2.500000e+00 0.000000e+00 -1.366409e-21 -1.307201e-21 0.000000e+00
