4.116807e-18 1.837276e-17 6.344923e-17 1.741960e-16 3.911355e-16 7.386507e-16 1.203442e-15 1.727210e-15 2.219074e-15 2.583761e-15 2.748055e-15 2.675943e-15 2.380173e-15 1.923413e-15 1.399230e-15 9.033468e-16 5.072931e-16 2.415480e-16 9.475514e-17 2.974819e-17 7.276134e-18
1.421488e-17 5.637959e-17 1.734776e-16 4.275191e-16 8.720040e-16 1.519386e-15 2.325076e-15 3.192197e-15 3.986608e-15 4.569043e-15 4.830456e-15 4.715180e-15 4.242553e-15 3.508013e-15 2.650411e-15 1.809925e-15 1.096364e-15 5.733769e-16 2.505747e-16 8.843575e-17 2.441066e-17
3.743515e-17 1.322841e-16 3.647050e-16 8.149393e-16 1.532805e-15 2.512760e-15 3.695017e-15 4.971537e-15 6.179297e-15 7.099232e-15 7.517578e-15 7.326877e-15 6.576592e-15 5.444722e-15 4.163319e-15 2.929840e-15 1.870926e-15 1.056162e-15 5.082413e-16 2.003451e-16 6.222533e-17
7.711374e-17 2.445223e-16 6.110016e-16 1.259923e-15 2.241949e-15 3.572717e-15 5.244589e-15 7.188528e-15 9.184756e-15 1.081856e-14 1.159312e-14 1.123544e-14 9.881129e-15 7.954423e-15 5.930611e-15 4.133371e-15 2.683613e-15 1.585723e-15 8.217636e-16 3.565538e-16 1.235123e-16
1.275387e-16 3.675000e-16 8.475373e-16 1.655586e-15 2.886255e-15 4.680056e-15 7.193330e-15 1.045590e-14 1.415526e-14 1.742508e-14 1.906215e-14 1.831159e-14 1.551886e-14 1.182497e-14 8.308684e-15 5.496280e-15 3.456096e-15 2.049255e-15 1.105948e-15 5.160355e-16 1.963144e-16
1.735383e-16 4.627069e-16 1.010037e-15 1.932824e-15 3.445576e-15 5.924589e-15 9.873213e-15 1.565995e-14 2.259975e-14 2.873757e-14 3.180791e-14 3.041893e-14 2.516255e-14 1.820750e-14 1.180537e-14 7.171829e-15 4.208068e-15 2.392929e-15 1.293499e-15 6.292262e-16 2.572259e-16
1.979340e-16 4.988373e-16 1.060832e-15 2.061166e-15 3.888043e-15 7.257192e-15 1.327724e-14 2.242840e-14 3.325442e-14 4.246681e-14 4.685661e-14 4.490982e-14 3.718828e-14 2.645570e-14 1.634271e-14 9.108777e-15 4.888210e-15 2.598314e-15 1.355615e-15 6.654472e-16 2.848335e-16
1.906005e-16 4.639052e-16 9.851635e-16 1.994952e-15 4.031319e-15 8.201609e-15 1.599488e-14 2.793532e-14 4.173782e-14 5.206374e-14 5.609498e-14 5.436017e-14 4.633758e-14 3.315387e-14 1.997891e-14 1.058805e-14 5.234461e-15 2.580759e-15 1.275442e-15 6.158163e-16 2.692167e-16
1.518003e-16 3.634960e-16 7.831816e-16 1.660653e-15 3.575686e-15 7.753378e-15 1.576119e-14 2.841946e-14 4.174546e-14 4.895982e-14 5.078505e-14 4.997351e-14 4.517407e-14 3.363747e-14 1.991694e-14 1.016189e-14 4.760394e-15 2.194695e-15 1.030357e-15 4.835910e-16 2.121803e-16
8.902164e-17 2.122076e-16 4.656675e-16 1.023600e-15 2.304032e-15 5.175744e-15 1.089301e-14 2.005900e-14 2.812253e-14 3.029510e-14 2.994498e-14 3.007712e-14 2.932831e-14 2.340211e-14 1.387706e-14 6.828608e-15 3.096416e-15 1.365075e-15 6.170045e-16 2.823078e-16 1.233706e-16
1.281811e-17 3.079485e-17 6.878475e-17 1.550514e-16 3.564897e-16 8.054788e-16 1.714740e-15 3.191723e-15 4.322623e-15 4.290343e-15 3.975306e-15 4.124160e-15 4.407573e-15 3.700851e-15 2.181854e-15 1.046617e-15 4.646087e-16 1.973282e-16 8.588054e-17 3.850901e-17 1.661967e-17
-6.523872e-17 -1.548782e-16 -3.406546e-16 -7.546196e-16 -1.717085e-15 -3.887320e-15 -8.238012e-15 -1.518509e-14 -2.098667e-14 -2.225459e-14 -2.193319e-14 -2.211373e-14 -2.178837e-14 -1.765858e-14 -1.048823e-14 -5.121348e-15 -2.317142e-15 -1.018349e-15 -4.593713e-16 -2.101417e-16 -9.242402e-17
-1.335391e-16 -3.183226e-16 -6.894495e-16 -1.482306e-15 -3.252231e-15 -7.168880e-15 -1.477054e-14 -2.686725e-14 -3.894234e-14 -4.472203e-14 -4.609625e-14 -4.548864e-14 -4.171909e-14 -3.160855e-14 -1.866017e-14 -9.385341e-15 -4.335197e-15 -1.963540e-15 -9.116727e-16 -4.264282e-16 -1.881644e-16
-1.810910e-16 -4.367575e-16 -9.294699e-16 -1.911469e-15 -3.955690e-15 -8.262980e-15 -1.638747e-14 -2.896201e-14 -4.315750e-14 -5.289039e-14 -5.630191e-14 -5.478806e-14 -4.751057e-14 -3.433633e-14 -2.054373e-14 -1.073146e-14 -5.172396e-15 -2.484005e-15 -1.208589e-15 -5.817598e-16 -2.561674e-16
-1.991269e-16 -4.939103e-16 -1.044812e-15 -2.052156e-15 -3.965490e-15 -7.645371e-15 -1.436830e-14 -2.459731e-14 -3.658629e-14 -4.635454e-14 -5.064462e-14 -4.866439e-14 -4.072544e-14 -2.906971e-14 -1.781125e-14 -9.712836e-15 -5.039783e-15 -2.608096e-15 -1.340447e-15 -6.585561e-16 -2.849703e-16
-1.845627e-16 -4.812847e-16 -1.035496e-15 -1.979508e-15 -3.587146e-15 -6.341176e-15 -1.092640e-14 -1.778250e-14 -2.592646e-14 -3.289917e-14 -3.615879e-14 -3.457921e-14 -2.876070e-14 -2.076044e-14 -1.321983e-14 -7.782498e-15 -4.432838e-15 -2.467413e-15 -1.324567e-15 -6.490329e-16 -2.696195e-16
-1.438920e-16 -4.036730e-16 -9.098807e-16 -1.753141e-15 -3.058659e-15 -5.042666e-15 -7.948689e-15 -1.186280e-14 -1.637509e-14 -2.030016e-14 -2.217411e-14 -2.124300e-14 -1.793325e-14 -1.349822e-14 -9.291599e-15 -6.006148e-15 -3.698010e-15 -2.168594e-15 -1.174643e-15 -5.564903e-16 -2.163649e-16
-9.269271e-17 -2.854900e-16 -6.935731e-16 -1.397049e-15 -2.451851e-15 -3.905216e-15 -5.798213e-15 -8.070316e-15 -1.043496e-14 -1.235883e-14 -1.325213e-14 -1.280735e-14 -1.120257e-14 -8.957748e-15 -6.622312e-15 -4.566543e-15 -2.941531e-15 -1.741217e-15 -9.142586e-16 -4.055687e-16 -1.442588e-16
-4.811985e-17 -1.651367e-16 -4.417546e-16 -9.595107e-16 -1.763714e-15 -2.849953e-15 -4.167690e-15 -5.614773e-15 -7.000542e-15 -8.054232e-15 -8.527827e-15 -8.303627e-15 -7.442484e-15 -6.159322e-15 -4.715959e-15 -3.328093e-15 -2.137784e-15 -1.221935e-15 -6.002971e-16 -2.430220e-16 -7.769242e-17
-1.959141e-17 -7.557151e-17 -2.257384e-16 -5.400741e-16 -1.072224e-15 -1.827250e-15 -2.752125e-15 -3.741317e-15 -4.647273e-15 -5.310705e-15 -5.605296e-15 -5.471716e-15 -4.936115e-15 -4.105272e-15 -3.128782e-15 -2.160624e-15 -1.328354e-15 -7.086708e-16 -3.176192e-16 -1.153582e-16 -3.278734e-17
-6.095275e-18 -2.651619e-17 -8.907087e-17 -2.376412e-16 -5.190143e-16 -9.560041e-16 -1.525615e-15 -2.155647e-15 -2.740846e-15 -3.171497e-15 -3.362750e-15 -3.275008e-15 -2.925134e-15 -2.383834e-15 -1.755746e-15 -1.151666e-15 -6.595519e-16 -3.215710e-16 -1.296094e-16 -4.187758e-17 -1.053705e-17
