4.762065e+00 1.524053e+00 0.000000e+00 -5.000000e+00 -5.047628e-26 -1.603680e-26 4.243039e-27 5.296257e-26
4.666824e+00 1.493572e+00 0.000000e+00 -4.900000e+00 -1.490797e-25 -4.718909e-26 1.727865e-26 1.563700e-25
4.571582e+00 1.463091e+00 0.000000e+00 -4.800000e+00 -4.108578e-25 -1.296298e-25 6.416341e-26 4.308225e-25
4.476341e+00 1.432610e+00 0.000000e+00 -4.700000e+00 -1.050454e-24 -3.305428e-25 2.169605e-25 1.101232e-24
4.381100e+00 1.402129e+00 0.000000e+00 -4.600000e+00 -2.473668e-24 -7.768582e-25 6.661441e-25 2.592787e-24
4.285858e+00 1.371648e+00 0.000000e+00 -4.500000e+00 -5.318110e-24 -1.668435e-24 1.848456e-24 5.573686e-24
4.190617e+00 1.341167e+00 0.000000e+00 -4.400000e+00 -1.033299e-23 -3.242210e-24 4.602036e-24 1.082971e-23
4.095376e+00 1.310686e+00 0.000000e+00 -4.300000e+00 -1.797950e-23 -5.649829e-24 1.016788e-23 1.884630e-23
4.000135e+00 1.280205e+00 0.000000e+00 -4.200000e+00 -2.805921e-23 -8.836089e-24 1.961302e-23 2.941761e-23
3.904893e+00 1.249724e+00 0.000000e+00 -4.100000e+00 -4.105194e-23 -1.291016e-23 3.225440e-23 4.303411e-23
3.809652e+00 1.219242e+00 0.000000e+00 -4.000000e+00 -6.512108e-23 -2.017138e-23 4.393832e-23 6.817360e-23
3.714411e+00 1.188761e+00 0.000000e+00 -3.900000e+00 -1.336083e-22 -4.021569e-23 4.988821e-23 1.395295e-22
3.619169e+00 1.158280e+00 0.000000e+00 -3.800000e+00 -3.340362e-22 -9.852777e-23 6.161383e-23 3.482641e-22
3.523928e+00 1.127799e+00 0.000000e+00 -3.700000e+00 -8.598852e-22 -2.524506e-22 1.407249e-22 8.961773e-22
3.428687e+00 1.097318e+00 0.000000e+00 -3.600000e+00 -2.257254e-21 -6.672185e-22 4.079585e-22 2.353800e-21
3.333445e+00 1.066837e+00 0.000000e+00 -3.500000e+00 -6.868880e-21 -2.052140e-21 9.066982e-22 7.168877e-21
3.238204e+00 1.036356e+00 0.000000e+00 -3.400000e+00 -2.542418e-20 -7.626908e-21 1.326769e-21 2.654352e-20
3.142963e+00 1.005875e+00 0.000000e+00 -3.300000e+00 -1.009696e-19 -3.020709e-20 1.969954e-21 1.053913e-19
3.047722e+00 9.753940e-01 0.000000e+00 -3.200000e+00 -3.814531e-19 -1.135768e-19 1.295146e-20 3.980027e-19
2.952480e+00 9.449129e-01 0.000000e+00 -3.100000e+00 -1.309669e-18 -3.881722e-19 9.499636e-20 1.365984e-18
2.857239e+00 9.144319e-01 0.000000e+00 -3.000000e+00 -4.060744e-18 -1.198849e-18 4.937097e-19 4.234014e-18
2.761998e+00 8.839508e-01 0.000000e+00 -2.900000e+00 -1.143889e-17 -3.365912e-18 2.004958e-18 1.192382e-17
2.666756e+00 8.534697e-01 0.000000e+00 -2.800000e+00 -2.952321e-17 -8.662715e-18 6.835086e-18 3.076788e-17
2.571515e+00 8.229887e-01 0.000000e+00 -2.700000e+00 -7.037269e-17 -2.059848e-17 2.039363e-17 7.332539e-17
2.476274e+00 7.925076e-01 0.000000e+00 -2.600000e+00 -1.559841e-16 -4.556071e-17 5.464303e-17 1.625018e-16
2.381032e+00 7.620266e-01 0.000000e+00 -2.500000e+00 -3.233676e-16 -9.427670e-17 1.337461e-16 3.368303e-16
2.285791e+00 7.315455e-01 0.000000e+00 -2.400000e+00 -6.300130e-16 -1.833843e-16 3.026700e-16 6.561602e-16
2.190550e+00 7.010644e-01 0.000000e+00 -2.300000e+00 -1.158297e-15 -3.366955e-16 6.389721e-16 1.206240e-15
2.095309e+00 6.705834e-01 0.000000e+00 -2.200000e+00 -2.016638e-15 -5.855241e-16 1.267156e-15 2.099921e-15
2.000067e+00 6.401023e-01 0.000000e+00 -2.100000e+00 -3.334929e-15 -9.673757e-16 2.373701e-15 3.472400e-15
1.904826e+00 6.096212e-01 0.000000e+00 -2.000000e+00 -5.252187e-15 -1.522406e-15 4.219489e-15 5.468381e-15
1.809585e+00 5.791402e-01 0.000000e+00 -1.900000e+00 -7.895627e-15 -2.287432e-15 7.145239e-15 8.220296e-15
1.714343e+00 5.486591e-01 0.000000e+00 -1.800000e+00 -1.135289e-14 -3.287964e-15 1.156517e-14 1.181942e-14
1.619102e+00 5.181781e-01 0.000000e+00 -1.700000e+00 -1.564144e-14 -4.529420e-15 1.794511e-14 1.628405e-14
1.523861e+00 4.876970e-01 0.000000e+00 -1.600000e+00 -2.068097e-14 -5.989163e-15 2.676367e-14 2.153074e-14
1.428619e+00 4.572159e-01 0.000000e+00 -1.500000e+00 -2.627769e-14 -7.611899e-15 3.845829e-14 2.735796e-14
1.333378e+00 4.267349e-01 0.000000e+00 -1.400000e+00 -3.212500e-14 -9.309746e-15 5.336227e-14 3.344678e-14
1.238137e+00 3.962538e-01 0.000000e+00 -1.300000e+00 -3.782540e-14 -1.096834e-14 7.164189e-14 3.938356e-14
1.142896e+00 3.657727e-01 0.000000e+00 -1.200000e+00 -4.293188e-14 -1.245860e-14 9.324451e-14 4.470305e-14
1.047654e+00 3.352917e-01 0.000000e+00 -1.100000e+00 -4.700290e-14 -1.365240e-14 1.178676e-13 4.894549e-14
9.524130e-01 3.048106e-01 0.000000e+00 -1.000000e+00 -4.966089e-14 -1.443941e-14 1.449562e-13 5.171751e-14
8.571717e-01 2.743296e-01 0.000000e+00 -9.000000e-01 -5.064236e-14 -1.474167e-14 1.737296e-13 5.274434e-14
7.619304e-01 2.438485e-01 0.000000e+00 -8.000000e-01 -4.982947e-14 -1.452285e-14 2.032355e-13 5.190269e-14
6.666891e-01 2.133674e-01 0.000000e+00 -7.000000e-01 -4.725643e-14 -1.379052e-14 2.324210e-13 4.922752e-14
5.714478e-01 1.828864e-01 0.000000e+00 -6.000000e-01 -4.309036e-14 -1.259092e-14 2.602105e-13 4.489221e-14
4.762065e-01 1.524053e-01 0.000000e+00 -5.000000e-01 -3.759210e-14 -1.099803e-14 2.855784e-13 3.916788e-14
3.809652e-01 1.219242e-01 0.000000e+00 -4.000000e-01 -3.106591e-14 -9.099113e-15 3.076093e-13 3.237105e-14
2.857239e-01 9.144319e-02 0.000000e+00 -3.000000e-01 -2.381222e-14 -6.981376e-15 3.255358e-13 2.481454e-14
1.904826e-01 6.096212e-02 0.000000e+00 -2.000000e-01 -1.609079e-14 -4.721146e-15 3.387605e-13 1.676910e-14
9.524130e-02 3.048106e-02 0.000000e+00 -1.000000e-01 -8.103824e-15 -2.378857e-15 3.468616e-13 8.445764e-15
9.780865e-16 3.130272e-16 0.000000e+00 -1.026956e-15 3.622443e-32 0.000000e+00 3.495894e-13 3.622443e-32
-9.524130e-02 -3.048106e-02 0.000000e+00 1.000000e-01 8.103824e-15 2.378857e-15 3.468616e-13 -8.445764e-15
-1.904826e-01 -6.096212e-02 0.000000e+00 2.000000e-01 1.609079e-14 4.721146e-15 3.387605e-13 -1.676910e-14
-2.857239e-01 -9.144319e-02 0.000000e+00 3.000000e-01 2.381222e-14 6.981376e-15 3.255358e-13 -2.481454e-14
-3.809652e-01 -1.219242e-01 0.000000e+00 4.000000e-01 3.106591e-14 9.099113e-15 3.076093e-13 -3.237105e-14
-4.762065e-01 -1.524053e-01 0.000000e+00 5.000000e-01 3.759210e-14 1.099803e-14 2.855784e-13 -3.916788e-14
-5.714478e-01 -1.828864e-01 0.000000e+00 6.000000e-01 4.309036e-14 1.259092e-14 2.602105e-13 -4.489221e-14
-6.666891e-01 -2.133674e-01 0.000000e+00 7.000000e-01 4.725643e-14 1.379052e-14 2.324210e-13 -4.922752e-14
-7.619304e-01 -2.438485e-01 0.000000e+00 8.000000e-01 4.982947e-14 1.452285e-14 2.032355e-13 -5.190269e-14
-8.571717e-01 -2.743296e-01 0.000000e+00 9.000000e-01 5.064236e-14 1.474167e-14 1.737296e-13 -5.274434e-14
-9.524130e-01 -3.048106e-01 0.000000e+00 1.000000e+00 4.966089e-14 1.443941e-14 1.449562e-13 -5.171751e-14
-1.047654e+00 -3.352917e-01 0.000000e+00 1.100000e+00 4.700290e-14 1.365240e-14 1.178676e-13 -4.894549e-14
-1.142896e+00 -3.657727e-01 0.000000e+00 1.200000e+00 4.293188e-14 1.245860e-14 9.324451e-14 -4.470305e-14
-1.238137e+00 -3.962538e-01 0.000000e+00 1.300000e+00 3.782540e-14 1.096834e-14 7.164189e-14 -3.938356e-14
-1.333378e+00 -4.267349e-01 0.000000e+00 1.400000e+00 3.212500e-14 9.309746e-15 5.336227e-14 -3.344678e-14
-1.428619e+00 -4.572159e-01 0.000000e+00 1.500000e+00 2.627769e-14 7.611899e-15 3.845829e-14 -2.735796e-14
-1.523861e+00 -4.876970e-01 0.000000e+00 1.600000e+00 2.068097e-14 5.989163e-15 2.676367e-14 -2.153074e-14
-1.619102e+00 -5.181781e-01 0.000000e+00 1.700000e+00 1.564144e-14 4.529420e-15 1.794511e-14 -1.628405e-14
-1.714343e+00 -5.486591e-01 0.000000e+00 1.800000e+00 1.135289e-14 3.287964e-15 1.156517e-14 -1.181942e-14
-1.809585e+00 -5.791402e-01 0.000000e+00 1.900000e+00 7.895627e-15 2.287432e-15 7.145239e-15 -8.220296e-15
-1.904826e+00 -6.096212e-01 0.000000e+00 2.000000e+00 5.252187e-15 1.522406e-15 4.219489e-15 -5.468381e-15
-2.000067e+00 -6.401023e-01 0.000000e+00 2.100000e+00 3.334929e-15 9.673757e-16 2.373701e-15 -3.472400e-15
-2.095309e+00 -6.705834e-01 0.000000e+00 2.200000e+00 2.016638e-15 5.855241e-16 1.267156e-15 -2.099921e-15
-2.190550e+00 -7.010644e-01 0.000000e+00 2.300000e+00 1.158297e-15 3.366955e-16 6.389721e-16 -1.206240e-15
-2.285791e+00 -7.315455e-01 0.000000e+00 2.400000e+00 6.300130e-16 1.833843e-16 3.026700e-16 -6.561602e-16
-2.381032e+00 -7.620266e-01 0.000000e+00 2.500000e+00 3.233676e-16 9.427670e-17 1.337461e-16 -3.368303e-16
-2.476274e+00 -7.925076e-01 0.000000e+00 2.600000e+00 1.559841e-16 4.556071e-17 5.464303e-17 -1.625018e-16
-2.571515e+00 -8.229887e-01 0.000000e+00 2.700000e+00 7.037269e-17 2.059848e-17 2.039363e-17 -7.332539e-17
-2.666756e+00 -8.534697e-01 0.000000e+00 2.800000e+00 2.952321e-17 8.662715e-18 6.835086e-18 -3.076788e-17
-2.761998e+00 -8.839508e-01 0.000000e+00 2.900000e+00 1.143889e-17 3.365912e-18 2.004958e-18 -1.192382e-17
-2.857239e+00 -9.144319e-01 0.000000e+00 3.000000e+00 4.060744e-18 1.198849e-18 4.937097e-19 -4.234014e-18
-2.952480e+00 -9.449129e-01 0.000000e+00 3.100000e+00 1.309669e-18 3.881722e-19 9.499636e-20 -1.365984e-18
-3.047722e+00 -9.753940e-01 0.000000e+00 3.200000e+00 3.814531e-19 1.135768e-19 1.295146e-20 -3.980027e-19
-3.142963e+00 -1.005875e+00 0.000000e+00 3.300000e+00 1.009696e-19 3.020709e-20 1.969954e-21 -1.053913e-19
-3.238204e+00 -1.036356e+00 0.000000e+00 3.400000e+00 2.542418e-20 7.626908e-21 1.326769e-21 -2.654352e-20
-3.333445e+00 -1.066837e+00 0.000000e+00 3.500000e+00 6.868880e-21 2.052140e-21 9.066982e-22 -7.168877e-21
-3.428687e+00 -1.097318e+00 0.000000e+00 3.600000e+00 2.257254e-21 6.672185e-22 4.079585e-22 -2.353800e-21
-3.523928e+00 -1.127799e+00 0.000000e+00 3.700000e+00 8.598852e-22 2.524506e-22 1.407249e-22 -8.961773e-22
-3.619169e+00 -1.158280e+00 0.000000e+00 3.800000e+00 3.340362e-22 9.852777e-23 6.161383e-23 -3.482641e-22
-3.714411e+00 -1.188761e+00 0.000000e+00 3.900000e+00 1.336083e-22 4.021569e-23 4.988821e-23 -1.395295e-22
-3.809652e+00 -1.219242e+00 0.000000e+00 4.000000e+00 6.512108e-23 2.017138e-23 4.393832e-23 -6.817360e-23
-3.904893e+00 -1.249724e+00 0.000000e+00 4.100000e+00 4.105194e-23 1.291016e-23 3.225440e-23 -4.303411e-23
-4.000135e+00 -1.280205e+00 0.000000e+00 4.200000e+00 2.805921e-23 8.836089e-24 1.961302e-23 -2.941761e-23
-4.095376e+00 -1.310686e+00 0.000000e+00 4.300000e+00 1.797950e-23 5.649829e-24 1.016788e-23 -1.884630e-23
-4.190617e+00 -1.341167e+00 0.000000e+00 4.400000e+00 1.033299e-23 3.242210e-24 4.602036e-24 -1.082971e-23
-4.285858e+00 -1.371648e+00 0.000000e+00 4.500000e+00 5.318110e-24 1.668435e-24 1.848456e-24 -5.573686e-24
-4.381100e+00 -1.402129e+00 0.000000e+00 4.600000e+00 2.473668e-24 7.768582e-25 6.661441e-25 -2.592787e-24
-4.476341e+00 -1.432610e+00 0.000000e+00 4.700000e+00 1.050454e-24 3.305428e-25 2.169605e-25 -1.101232e-24
-4.571582e+00 -1.463091e+00 0.000000e+00 4.800000e+00 4.108578e-25 1.296298e-25 6.416341e-26 -4.308225e-25
-4.666824e+00 -1.493572e+00 0.000000e+00 4.900000e+00 1.490797e-25 4.718909e-26 1.727865e-26 -1.563700e-25
-4.762065e+00 -1.524053e+00 0.000000e+00 5.000000e+00 5.047628e-26 1.603680e-26 4.243039e-27 -5.296257e-26
