Iteration# z ADDATime OurCalcTime
1.0000000000 -0.0500000000 0.0000000000 67.0500000000
2.0000000000 0.0000000000 0.0000000000 48.1500000000
3.0000000000 0.0500000000 0.0000000000 52.9600000000
4.0000000000 0.0250000000 0.0000000000 68.3400000000
5.0000000000 0.0500000000 0.0000000000 51.9200000000
6.0000000000 0.0375000000 0.0100000000 79.7700000000
7.0000000000 0.0500000000 0.0100000000 59.3000000000
8.0000000000 0.0437500000 0.0000000000 65.5300000000
9.0000000000 0.0406250000 0.0000000000 79.2600000000
10.0000000000 0.0390625000 0.0000000000 57.8800000000
11.0000000000 0.0406250000 0.0000000000 82.1600000000
12.0000000000 0.0398437500 0.0000000000 48.5700000000
13.0000000000 0.0394531250 0.0000000000 62.0200000000
14.0000000000 0.0398437500 0.0000000000 58.8500000000
15.0000000000 0.0396484375 0.0000000000 55.6700000000
16.0000000000 0.0395507813 0.0000000000 61.0400000000
1.0000000000 0.0395019531 0.0100000000 65.0900000000
2.0000000000 0.0395507812 0.0100000000 67.0600000000
3.0000000000 0.0395996094 0.0000000000 64.4100000000
4.0000000000 0.0396484375 0.0000000000 68.6100000000
5.0000000000 0.0396972656 0.0000000000 49.5200000000
6.0000000000 0.0397460937 0.0000000000 69.9800000000
7.0000000000 0.0397949219 0.0000000000 52.2900000000
8.0000000000 0.0398437500 0.0000000000 49.8100000000
9.0000000000 0.0398925781 0.0000000000 49.4000000000
10.0000000000 0.0399414062 0.0000000000 83.8400000000
11.0000000000 0.0399902344 0.0000000000 75.4300000000
12.0000000000 0.0400390625 0.0100000000 68.1900000000
13.0000000000 0.0400878906 0.0000000000 78.8800000000
14.0000000000 0.0401367187 0.0000000000 72.8100000000
15.0000000000 0.0401855469 0.0000000000 58.7900000000
16.0000000000 0.0402343750 0.0100000000 61.6400000000
17.0000000000 0.0402832031 0.0000000000 48.5600000000
18.0000000000 0.0403320312 0.0000000000 48.2100000000
19.0000000000 0.0403808594 0.0000000000 48.3700000000
20.0000000000 0.0404296875 0.0000000000 47.7500000000
21.0000000000 0.0404785156 0.0000000000 47.0600000000
22.0000000000 0.0405273437 0.0000000000 49.0900000000
23.0000000000 0.0405761719 0.0000000000 48.2900000000
24.0000000000 0.0406250000 0.0000000000 47.2200000000
25.0000000000 0.0406738281 0.0000000000 47.3300000000
26.0000000000 0.0407226562 0.0000000000 48.9800000000
27.0000000000 0.0407714844 0.0000000000 47.5900000000
28.0000000000 0.0408203125 0.0000000000 47.2300000000
29.0000000000 0.0408691406 0.0000000000 47.1800000000
30.0000000000 0.0409179687 0.0000000000 47.0000000000
31.0000000000 0.0409667969 0.0000000000 47.2900000000
32.0000000000 0.0410156250 0.0100000000 48.8600000000
33.0000000000 0.0410644531 0.0000000000 48.0100000000
34.0000000000 0.0411132812 0.0000000000 48.5400000000
35.0000000000 0.0411621094 0.0000000000 50.1300000000
36.0000000000 0.0412109375 0.0000000000 47.7000000000
37.0000000000 0.0412597656 0.0000000000 49.0700000000
38.0000000000 0.0413085937 0.0000000000 50.4300000000
39.0000000000 0.0413574219 0.0000000000 50.2100000000
40.0000000000 0.0413330078 0.0000000000 50.6400000000
1.0000000000 0.0413574219 0.0000000000 51.0200000000
2.0000000000 0.0413818359 0.0000000000 47.1900000000
3.0000000000 0.0414062500 0.0000000000 47.4600000000
4.0000000000 0.0414306641 0.0000000000 48.5400000000
5.0000000000 0.0414550781 0.0100000000 48.1800000000
6.0000000000 0.0414794922 0.0000000000 47.9000000000
7.0000000000 0.0415039062 0.0100000000 48.7500000000
8.0000000000 0.0415283203 0.0000000000 50.1100000000
9.0000000000 0.0415527344 0.0000000000 48.2300000000
10.0000000000 0.0415771484 0.0100000000 46.6700000000
11.0000000000 0.0416015625 0.0000000000 47.3700000000
12.0000000000 0.0416259766 0.0000000000 48.2400000000
13.0000000000 0.0416503906 0.0000000000 47.1500000000
14.0000000000 0.0416748047 0.0000000000 47.4400000000
15.0000000000 0.0416992187 0.0000000000 48.9000000000
16.0000000000 0.0417236328 0.0000000000 48.3000000000
17.0000000000 0.0417480469 0.0000000000 46.6900000000
18.0000000000 0.0417724609 0.0000000000 47.4500000000
19.0000000000 0.0417968750 0.0000000000 48.1000000000
20.0000000000 0.0418212891 0.0100000000 47.9300000000
21.0000000000 0.0418457031 0.0000000000 47.3700000000
22.0000000000 0.0418701172 0.0000000000 47.3900000000
23.0000000000 0.0418945312 0.0000000000 47.6800000000
24.0000000000 0.0419189453 0.0000000000 47.4900000000
25.0000000000 0.0419433594 0.0000000000 50.0300000000
26.0000000000 0.0419677734 0.0000000000 49.6600000000
27.0000000000 0.0419921875 0.0000000000 49.4800000000
28.0000000000 0.0420166016 0.0000000000 47.3600000000
29.0000000000 0.0420410156 0.0000000000 49.7000000000
30.0000000000 0.0420654297 0.0000000000 48.5000000000
31.0000000000 0.0420898437 0.0000000000 48.4400000000
32.0000000000 0.0421142578 0.0000000000 49.3900000000
33.0000000000 0.0421386719 0.0000000000 46.9200000000
34.0000000000 0.0421630859 0.0000000000 48.6500000000
35.0000000000 0.0421875000 0.0100000000 47.1800000000
36.0000000000 0.0422119141 0.0000000000 49.3800000000
37.0000000000 0.0422363281 0.0000000000 47.6800000000
38.0000000000 0.0422607422 0.0000000000 47.2300000000
39.0000000000 0.0422851562 0.0000000000 47.7300000000
40.0000000000 0.0423095703 0.0000000000 47.6600000000
41.0000000000 0.0423339844 0.0000000000 47.2400000000
42.0000000000 0.0423583984 0.0000000000 50.1700000000
43.0000000000 0.0423828125 0.0000000000 47.9300000000
44.0000000000 0.0424072266 0.0000000000 47.6500000000
45.0000000000 0.0424316406 0.0000000000 47.5500000000
46.0000000000 0.0424560547 0.0000000000 48.1000000000
47.0000000000 0.0424804687 0.0000000000 48.1800000000
48.0000000000 0.0425048828 0.0000000000 49.3400000000
49.0000000000 0.0425292969 0.0100000000 48.6500000000
50.0000000000 0.0425537109 0.0000000000 47.2800000000
51.0000000000 0.0425781250 0.0000000000 47.2800000000
52.0000000000 0.0426025391 0.0000000000 47.8500000000
53.0000000000 0.0426269531 0.0000000000 47.0300000000
54.0000000000 0.0426513672 0.0000000000 48.2500000000
55.0000000000 0.0426757812 0.0000000000 47.8700000000
56.0000000000 0.0427001953 0.0000000000 49.1600000000
57.0000000000 0.0427246094 0.0000000000 50.2600000000
58.0000000000 0.0427490234 0.0000000000 49.6900000000
59.0000000000 0.0427734375 0.0000000000 47.6900000000
60.0000000000 0.0427978516 0.0000000000 47.2600000000
61.0000000000 0.0428222656 0.0000000000 47.3700000000
62.0000000000 0.0428466797 0.0000000000 48.2000000000
63.0000000000 0.0428710937 0.0100000000 48.4100000000
64.0000000000 0.0428955078 0.0100000000 47.5100000000
65.0000000000 0.0429199219 0.0000000000 49.4500000000
66.0000000000 0.0429443359 0.0000000000 47.1500000000
67.0000000000 0.0429687500 0.0000000000 47.9200000000
68.0000000000 0.0429931641 0.0100000000 49.4500000000
69.0000000000 0.0430175781 0.0000000000 47.1700000000
70.0000000000 0.0430419922 0.0000000000 48.4300000000
71.0000000000 0.0430664062 0.0000000000 49.0200000000
72.0000000000 0.0430908203 0.0000000000 47.4800000000
73.0000000000 0.0431152344 0.0000000000 47.8300000000
74.0000000000 0.0431396484 0.0000000000 47.2200000000
1.0000000000 0.0431640625 0.0100000000 47.3900000000
2.0000000000 0.0431884766 0.0000000000 47.7500000000
3.0000000000 0.0432128906 0.0000000000 50.0400000000
4.0000000000 0.0432373047 0.0000000000 48.6700000000
5.0000000000 0.0432617187 0.0000000000 48.2900000000
6.0000000000 0.0432861328 0.0000000000 49.6700000000
7.0000000000 0.0433105469 0.0000000000 48.2200000000
8.0000000000 0.0433349609 0.0000000000 47.7200000000
9.0000000000 0.0433593750 0.0000000000 47.5200000000
10.0000000000 0.0433837891 0.0000000000 48.8800000000
11.0000000000 0.0434082031 0.0000000000 50.2700000000
12.0000000000 0.0434326172 0.0000000000 49.2300000000
13.0000000000 0.0434570312 0.0000000000 49.4100000000
14.0000000000 0.0434814453 0.0000000000 48.3100000000
15.0000000000 0.0435058594 0.0000000000 48.8500000000
16.0000000000 0.0435302734 0.0000000000 47.7400000000
17.0000000000 0.0435546875 0.0000000000 47.9100000000
18.0000000000 0.0435791016 0.0000000000 48.9700000000
19.0000000000 0.0436035156 0.0100000000 48.7300000000
20.0000000000 0.0436279297 0.0100000000 49.1000000000
21.0000000000 0.0436523437 0.0100000000 48.6400000000
22.0000000000 0.0436767578 0.0100000000 47.9200000000
23.0000000000 0.0437011719 0.0000000000 47.3300000000
24.0000000000 0.0437255859 0.0000000000 47.7900000000
25.0000000000 0.0437500000 0.0000000000 50.0600000000
26.0000000000 0.0437744141 0.0100000000 50.4400000000
27.0000000000 0.0437988281 0.0000000000 46.2100000000
28.0000000000 0.0438232422 0.0000000000 42.6300000000
29.0000000000 0.0438476562 0.0000000000 42.0700000000
30.0000000000 0.0438720703 0.0000000000 42.2700000000
31.0000000000 0.0438964844 0.0000000000 42.5900000000
32.0000000000 0.0439208984 0.0000000000 41.6000000000
33.0000000000 0.0439453125 0.0000000000 41.8400000000
34.0000000000 0.0439697266 0.0000000000 42.7000000000
35.0000000000 0.0439941406 0.0000000000 42.4500000000
36.0000000000 0.0440185547 0.0000000000 42.3800000000
37.0000000000 0.0440429687 0.0000000000 41.9700000000
38.0000000000 0.0440673828 0.0000000000 42.1800000000
39.0000000000 0.0440917969 0.0000000000 42.0600000000
40.0000000000 0.0441162109 0.0000000000 41.3100000000
41.0000000000 0.0441406250 0.0000000000 42.1500000000
42.0000000000 0.0441650391 0.0000000000 42.0800000000
43.0000000000 0.0441894531 0.0000000000 42.2700000000
44.0000000000 0.0442138672 0.0000000000 42.0700000000
45.0000000000 0.0442382812 0.0100000000 42.6200000000
46.0000000000 0.0442626953 0.0000000000 42.5400000000
47.0000000000 0.0442871094 0.0000000000 41.9400000000
48.0000000000 0.0443115234 0.0100000000 41.8700000000
49.0000000000 0.0443359375 0.0000000000 42.4700000000
50.0000000000 0.0443603516 0.0000000000 41.8300000000
51.0000000000 0.0443847656 0.0000000000 41.6400000000
52.0000000000 0.0444091797 0.0000000000 41.9500000000
53.0000000000 0.0444335937 0.0000000000 42.1900000000
54.0000000000 0.0444580078 0.0100000000 41.4700000000
55.0000000000 0.0444824219 0.0100000000 41.8700000000
56.0000000000 0.0445068359 0.0000000000 41.6300000000
57.0000000000 0.0445312500 0.0000000000 41.8200000000
58.0000000000 0.0445556641 0.0000000000 42.3100000000
59.0000000000 0.0445800781 0.0000000000 42.0800000000
60.0000000000 0.0446044922 0.0000000000 42.4800000000
61.0000000000 0.0446289062 0.0000000000 42.0900000000
62.0000000000 0.0446533203 0.0000000000 42.1500000000
63.0000000000 0.0446777344 0.0000000000 41.2900000000
64.0000000000 0.0447021484 0.0000000000 41.7800000000
65.0000000000 0.0447265625 0.0100000000 41.9200000000
66.0000000000 0.0447509766 0.0000000000 42.3000000000
67.0000000000 0.0447753906 0.0000000000 41.6500000000
68.0000000000 0.0447998047 0.0000000000 42.0200000000
69.0000000000 0.0448242187 0.0000000000 42.1900000000
70.0000000000 0.0448486328 0.0000000000 41.9600000000
71.0000000000 0.0448730469 0.0000000000 42.3300000000
72.0000000000 0.0448974609 0.0000000000 41.4900000000
73.0000000000 0.0449218750 0.0000000000 41.9100000000
74.0000000000 0.0449462891 0.0000000000 43.2000000000
75.0000000000 0.0449707031 0.0000000000 41.6400000000
76.0000000000 0.0449584961 0.0000000000 42.1500000000
1.0000000000 0.0449707031 0.0000000000 42.2200000000
2.0000000000 0.0449829102 0.0000000000 41.8000000000
3.0000000000 0.0449951172 0.0000000000 41.9100000000
4.0000000000 0.0450073242 0.0000000000 42.0000000000
5.0000000000 0.0450195312 0.0000000000 42.1700000000
6.0000000000 0.0450317383 0.0000000000 41.4200000000
7.0000000000 0.0450439453 0.0000000000 42.2500000000
8.0000000000 0.0450561523 0.0000000000 41.9000000000
9.0000000000 0.0450683594 0.0000000000 41.9700000000
10.0000000000 0.0450805664 0.0000000000 42.2300000000
11.0000000000 0.0450927734 0.0000000000 42.0700000000
12.0000000000 0.0451049805 0.0000000000 42.3500000000
13.0000000000 0.0451171875 0.0100000000 42.7200000000
14.0000000000 0.0451293945 0.0000000000 42.1300000000
15.0000000000 0.0451416016 0.0000000000 42.3300000000
16.0000000000 0.0451538086 0.0000000000 42.1300000000
17.0000000000 0.0451660156 0.0000000000 42.0400000000
18.0000000000 0.0451782227 0.0000000000 42.1900000000
19.0000000000 0.0451904297 0.0000000000 42.1600000000
20.0000000000 0.0452026367 0.0000000000 42.1300000000
21.0000000000 0.0452148437 0.0000000000 42.2100000000
22.0000000000 0.0452270508 0.0000000000 42.2600000000
23.0000000000 0.0452392578 0.0000000000 42.4600000000
24.0000000000 0.0452514648 0.0000000000 42.3600000000
25.0000000000 0.0452636719 0.0000000000 42.2500000000
26.0000000000 0.0452758789 0.0100000000 42.2500000000
27.0000000000 0.0452880859 0.0000000000 42.3200000000
28.0000000000 0.0453002930 0.0000000000 45.2000000000
29.0000000000 0.0453125000 0.0000000000 50.1600000000
30.0000000000 0.0453247070 0.0100000000 49.6700000000
31.0000000000 0.0453369141 0.0000000000 47.7100000000
32.0000000000 0.0453491211 0.0000000000 47.7900000000
33.0000000000 0.0453613281 0.0000000000 47.6000000000
34.0000000000 0.0453735352 0.0000000000 48.5600000000
35.0000000000 0.0453857422 0.0000000000 49.8400000000
36.0000000000 0.0453979492 0.0000000000 48.6700000000
37.0000000000 0.0454101562 0.0000000000 49.1200000000
38.0000000000 0.0454223633 0.0000000000 49.7900000000
39.0000000000 0.0454345703 0.0000000000 49.0200000000
40.0000000000 0.0454467773 0.0000000000 47.8100000000
41.0000000000 0.0454589844 0.0100000000 48.6000000000
42.0000000000 0.0454711914 0.0000000000 49.8000000000
43.0000000000 0.0454833984 0.0000000000 48.7100000000
44.0000000000 0.0454956055 0.0100000000 49.3600000000
45.0000000000 0.0455078125 0.0000000000 47.6400000000
46.0000000000 0.0455200195 0.0000000000 47.5300000000
47.0000000000 0.0455322266 0.0000000000 47.4600000000
48.0000000000 0.0455444336 0.0000000000 48.1000000000
49.0000000000 0.0455566406 0.0000000000 48.8000000000
50.0000000000 0.0455688477 0.0000000000 48.6100000000
51.0000000000 0.0455810547 0.0000000000 47.9500000000
52.0000000000 0.0455932617 0.0000000000 48.5900000000
53.0000000000 0.0456054687 0.0000000000 49.7100000000
54.0000000000 0.0456176758 0.0000000000 48.8500000000
55.0000000000 0.0456298828 0.0000000000 49.1000000000
56.0000000000 0.0456420898 0.0000000000 48.4500000000
57.0000000000 0.0456542969 0.0000000000 49.1500000000
58.0000000000 0.0456665039 0.0000000000 48.8100000000
59.0000000000 0.0456787109 0.0000000000 48.5000000000
60.0000000000 0.0456909180 0.0100000000 49.3100000000
61.0000000000 0.0457031250 0.0000000000 49.2600000000
62.0000000000 0.0457153320 0.0000000000 49.4500000000
63.0000000000 0.0457275391 0.0000000000 48.2100000000
64.0000000000 0.0457397461 0.0000000000 49.0700000000
65.0000000000 0.0457519531 0.0000000000 48.9700000000
66.0000000000 0.0457641602 0.0000000000 49.4100000000
67.0000000000 0.0457763672 0.0000000000 48.9200000000
68.0000000000 0.0457885742 0.0000000000 50.3700000000
69.0000000000 0.0458007812 0.0000000000 47.7000000000
70.0000000000 0.0458129883 0.0000000000 47.7900000000
71.0000000000 0.0458251953 0.0000000000 47.7200000000
72.0000000000 0.0458374023 0.0000000000 47.7900000000
73.0000000000 0.0458496094 0.0000000000 48.3400000000
74.0000000000 0.0458618164 0.0000000000 49.0500000000
75.0000000000 0.0458740234 0.0000000000 48.2000000000
76.0000000000 0.0458862305 0.0000000000 49.1100000000
77.0000000000 0.0458984375 0.0000000000 48.2000000000
78.0000000000 0.0459106445 0.0000000000 48.7500000000
79.0000000000 0.0459228516 0.0000000000 48.5600000000
80.0000000000 0.0459350586 0.0000000000 49.3200000000
81.0000000000 0.0459472656 0.0000000000 49.1900000000
82.0000000000 0.0459594727 0.0000000000 47.6800000000
83.0000000000 0.0459716797 0.0000000000 48.0900000000
84.0000000000 0.0459838867 0.0000000000 49.3900000000
85.0000000000 0.0459960937 0.0000000000 48.3400000000
86.0000000000 0.0460083008 0.0000000000 48.9200000000
87.0000000000 0.0460205078 0.0000000000 49.3000000000
88.0000000000 0.0460327148 0.0000000000 48.8500000000
89.0000000000 0.0460449219 0.0000000000 47.7700000000
90.0000000000 0.0460571289 0.0000000000 49.7400000000
91.0000000000 0.0460693359 0.0000000000 48.1700000000
92.0000000000 0.0460815430 0.0000000000 47.6200000000
93.0000000000 0.0460937500 0.0100000000 48.9700000000
94.0000000000 0.0461059570 0.0000000000 48.4000000000
95.0000000000 0.0461181641 0.0000000000 48.9300000000
96.0000000000 0.0461303711 0.0000000000 47.4800000000
97.0000000000 0.0461425781 0.0000000000 47.4100000000
98.0000000000 0.0461547852 0.0000000000 47.7500000000
99.0000000000 0.0461669922 0.0000000000 47.5600000000
100.0000000000 0.0461791992 0.0000000000 48.0700000000
101.0000000000 0.0461914062 0.0000000000 47.7500000000
102.0000000000 0.0462036133 0.0000000000 48.5500000000
103.0000000000 0.0462158203 0.0000000000 47.7500000000
104.0000000000 0.0462280273 0.0000000000 47.8400000000
105.0000000000 0.0462402344 0.0000000000 47.5000000000
106.0000000000 0.0462524414 0.0100000000 48.7100000000
107.0000000000 0.0462646484 0.0000000000 49.3100000000
108.0000000000 0.0462768555 0.0000000000 49.3600000000
109.0000000000 0.0462890625 0.0000000000 47.3200000000
110.0000000000 0.0463012695 0.0100000000 48.6800000000
111.0000000000 0.0463134766 0.0000000000 48.4000000000
112.0000000000 0.0463256836 0.0000000000 47.9000000000
113.0000000000 0.0463378906 0.0000000000 47.7400000000
114.0000000000 0.0463500977 0.0000000000 49.3800000000
115.0000000000 0.0463623047 0.0000000000 49.4500000000
116.0000000000 0.0463745117 0.0000000000 48.9000000000
117.0000000000 0.0463867188 0.0000000000 49.1300000000
118.0000000000 0.0463989258 0.0000000000 49.5300000000
119.0000000000 0.0464111328 0.0000000000 48.0300000000
120.0000000000 0.0464233398 0.0000000000 49.4000000000
121.0000000000 0.0464355469 0.0000000000 49.0600000000
122.0000000000 0.0464477539 0.0000000000 49.4200000000
123.0000000000 0.0464599609 0.0000000000 49.2000000000
124.0000000000 0.0464721680 0.0000000000 48.7200000000
125.0000000000 0.0464843750 0.0000000000 48.5500000000
126.0000000000 0.0464965820 0.0000000000 47.2400000000
127.0000000000 0.0465087891 0.0000000000 49.3900000000
128.0000000000 0.0465209961 0.0000000000 49.2900000000
129.0000000000 0.0465332031 0.0000000000 46.8700000000
130.0000000000 0.0465454102 0.0000000000 48.6700000000
131.0000000000 0.0465576172 0.0000000000 48.2900000000
132.0000000000 0.0465698242 0.0100000000 46.7000000000
133.0000000000 0.0465820313 0.0000000000 47.7600000000
134.0000000000 0.0465942383 0.0000000000 47.4400000000
135.0000000000 0.0466064453 0.0000000000 48.1000000000
136.0000000000 0.0466186523 0.0100000000 48.3200000000
137.0000000000 0.0466308594 0.0000000000 48.8000000000
138.0000000000 0.0466430664 0.0000000000 47.6700000000
139.0000000000 0.0466552734 0.0000000000 48.8800000000
140.0000000000 0.0466674805 0.0000000000 49.2800000000
141.0000000000 0.0466796875 0.0000000000 48.2800000000
142.0000000000 0.0466918945 0.0000000000 48.9500000000
143.0000000000 0.0467041016 0.0000000000 48.3500000000
144.0000000000 0.0467163086 0.0100000000 48.2800000000
145.0000000000 0.0467285156 0.0100000000 48.1800000000
146.0000000000 0.0467407227 0.0400000000 48.8300000000
147.0000000000 0.0467529297 0.0000000000 47.6400000000
148.0000000000 0.0467651367 0.0000000000 47.3700000000
149.0000000000 0.0467773438 0.0000000000 49.0900000000
150.0000000000 0.0467895508 0.0000000000 48.0900000000
151.0000000000 0.0468017578 0.0100000000 47.8800000000
1.0000000000 0.0467956543 0.0000000000 47.9600000000
2.0000000000 0.0468017578 0.0000000000 47.2400000000
3.0000000000 0.0468078613 0.0000000000 48.5200000000
4.0000000000 0.0468139648 0.0000000000 48.3700000000
5.0000000000 0.0468200684 0.0000000000 49.5500000000
6.0000000000 0.0468261719 0.0000000000 49.3000000000
7.0000000000 0.0468322754 0.0000000000 50.3100000000
8.0000000000 0.0468383789 0.0000000000 48.8000000000
9.0000000000 0.0468444824 0.0000000000 49.0600000000
10.0000000000 0.0468505859 0.0000000000 49.4000000000
11.0000000000 0.0468566895 0.0000000000 49.4000000000
12.0000000000 0.0468627930 0.0000000000 48.8200000000
13.0000000000 0.0468688965 0.0000000000 49.6000000000
14.0000000000 0.0468750000 0.0000000000 47.5300000000
15.0000000000 0.0468811035 0.0000000000 47.6200000000
16.0000000000 0.0468872070 0.0000000000 47.6900000000
17.0000000000 0.0468933105 0.0100000000 47.2400000000
18.0000000000 0.0468994141 0.0100000000 47.2700000000
19.0000000000 0.0469055176 0.0000000000 49.8800000000
20.0000000000 0.0469116211 0.0000000000 48.2200000000
21.0000000000 0.0469177246 0.0000000000 47.6200000000
22.0000000000 0.0469238281 0.0000000000 47.9600000000
23.0000000000 0.0469299316 0.0000000000 49.8000000000
24.0000000000 0.0469360352 0.0000000000 50.0200000000
25.0000000000 0.0469421387 0.0000000000 49.2700000000
26.0000000000 0.0469482422 0.0000000000 48.2300000000
27.0000000000 0.0469543457 0.0000000000 49.8900000000
28.0000000000 0.0469604492 0.0000000000 48.4400000000
29.0000000000 0.0469665527 0.0000000000 48.0700000000
30.0000000000 0.0469726563 0.0000000000 49.1700000000
31.0000000000 0.0469787598 0.0000000000 49.8100000000
32.0000000000 0.0469848633 0.0000000000 48.8600000000
33.0000000000 0.0469909668 0.0000000000 50.2100000000
34.0000000000 0.0469970703 0.0000000000 49.6500000000
35.0000000000 0.0470031738 0.0100000000 48.2300000000
36.0000000000 0.0470092773 0.0000000000 50.1000000000
37.0000000000 0.0470153809 0.0000000000 48.0200000000
38.0000000000 0.0470214844 0.0000000000 49.7900000000
39.0000000000 0.0470275879 0.0000000000 49.3200000000
40.0000000000 0.0470336914 0.0000000000 49.5100000000
41.0000000000 0.0470397949 0.0100000000 49.4500000000
42.0000000000 0.0470458984 0.0100000000 48.9700000000
43.0000000000 0.0470520020 0.0000000000 50.1300000000
44.0000000000 0.0470581055 0.0000000000 47.4800000000
45.0000000000 0.0470642090 0.0100000000 47.4300000000
46.0000000000 0.0470703125 0.0000000000 48.7200000000
47.0000000000 0.0470764160 0.0000000000 50.5100000000
48.0000000000 0.0470825195 0.0000000000 51.1500000000
49.0000000000 0.0470886230 0.0000000000 48.8200000000
50.0000000000 0.0470947266 0.0000000000 48.1700000000
51.0000000000 0.0471008301 0.0000000000 48.9300000000
52.0000000000 0.0471069336 0.0100000000 49.6200000000
53.0000000000 0.0471130371 0.0000000000 49.2500000000
54.0000000000 0.0471191406 0.0000000000 48.3500000000
55.0000000000 0.0471252441 0.0000000000 47.8000000000
56.0000000000 0.0471313477 0.0000000000 47.1000000000
57.0000000000 0.0471374512 0.0000000000 48.7800000000
58.0000000000 0.0471435547 0.0000000000 47.6900000000
59.0000000000 0.0471496582 0.0000000000 47.5000000000
60.0000000000 0.0471557617 0.0100000000 47.0700000000
61.0000000000 0.0471618652 0.0000000000 47.9200000000
62.0000000000 0.0471679688 0.0000000000 49.2700000000
63.0000000000 0.0471740723 0.0000000000 47.2000000000
64.0000000000 0.0471801758 0.0000000000 48.9900000000
65.0000000000 0.0471862793 0.0000000000 48.5900000000
66.0000000000 0.0471923828 0.0000000000 48.6600000000
67.0000000000 0.0471984863 0.0000000000 47.9600000000
68.0000000000 0.0472045898 0.0000000000 47.5400000000
69.0000000000 0.0472106934 0.0100000000 47.9700000000
70.0000000000 0.0472167969 0.0000000000 49.4400000000
71.0000000000 0.0472229004 0.0000000000 48.0600000000
72.0000000000 0.0472290039 0.0000000000 47.0400000000
73.0000000000 0.0472351074 0.0000000000 48.2000000000
74.0000000000 0.0472412109 0.0000000000 47.6900000000
75.0000000000 0.0472473145 0.0000000000 47.9600000000
76.0000000000 0.0472534180 0.0000000000 50.8000000000
77.0000000000 0.0472595215 0.0100000000 49.3800000000
78.0000000000 0.0472656250 0.0000000000 49.4900000000
79.0000000000 0.0472717285 0.0000000000 48.8500000000
80.0000000000 0.0472778320 0.0100000000 47.6100000000
81.0000000000 0.0472839355 0.0000000000 48.8800000000
82.0000000000 0.0472900391 0.0100000000 47.0800000000
83.0000000000 0.0472961426 0.0000000000 47.5600000000
84.0000000000 0.0473022461 0.0000000000 48.1300000000
85.0000000000 0.0473083496 0.0000000000 50.4000000000
86.0000000000 0.0473144531 0.0000000000 48.2700000000
87.0000000000 0.0473205566 0.0000000000 49.0600000000
88.0000000000 0.0473266602 0.0000000000 49.0300000000
89.0000000000 0.0473327637 0.0000000000 48.2200000000
90.0000000000 0.0473388672 0.0000000000 49.9000000000
91.0000000000 0.0473449707 0.0000000000 47.4400000000
92.0000000000 0.0473510742 0.0000000000 49.3600000000
93.0000000000 0.0473571777 0.0100000000 47.6800000000
94.0000000000 0.0473632813 0.0000000000 47.3900000000
95.0000000000 0.0473693848 0.0000000000 48.8200000000
96.0000000000 0.0473754883 0.0000000000 50.9000000000
97.0000000000 0.0473815918 0.0000000000 47.3800000000
98.0000000000 0.0473876953 0.0000000000 47.4300000000
99.0000000000 0.0473937988 0.0000000000 47.6100000000
100.0000000000 0.0473999023 0.0000000000 48.4400000000
101.0000000000 0.0474060059 0.0000000000 48.0100000000
102.0000000000 0.0474121094 0.0000000000 47.6700000000
103.0000000000 0.0474182129 0.0000000000 47.2000000000
104.0000000000 0.0474243164 0.0000000000 50.2700000000
105.0000000000 0.0474304199 0.0000000000 48.4300000000
106.0000000000 0.0474365234 0.0000000000 48.6600000000
107.0000000000 0.0474426270 0.0000000000 47.7900000000
108.0000000000 0.0474487305 0.0000000000 47.4200000000
109.0000000000 0.0474548340 0.0000000000 48.0300000000
110.0000000000 0.0474609375 0.0000000000 48.6100000000
111.0000000000 0.0474670410 0.0000000000 50.1500000000
112.0000000000 0.0474731445 0.0000000000 49.1000000000
113.0000000000 0.0474792480 0.0000000000 47.4100000000
114.0000000000 0.0474853516 0.0000000000 48.0800000000
115.0000000000 0.0474914551 0.0000000000 48.6900000000
116.0000000000 0.0474975586 0.0000000000 47.8200000000
117.0000000000 0.0475036621 0.0000000000 47.4700000000
118.0000000000 0.0475097656 0.0000000000 48.5800000000
119.0000000000 0.0475158691 0.0100000000 49.0600000000
120.0000000000 0.0475219727 0.0000000000 50.0100000000
121.0000000000 0.0475280762 0.0000000000 48.3000000000
122.0000000000 0.0475341797 0.0000000000 49.7400000000
123.0000000000 0.0475402832 0.0000000000 48.0000000000
124.0000000000 0.0475463867 0.0000000000 49.9200000000
125.0000000000 0.0475524902 0.0000000000 48.0600000000
126.0000000000 0.0475585938 0.0000000000 48.2400000000
127.0000000000 0.0475646973 0.0000000000 48.4900000000
128.0000000000 0.0475708008 0.0000000000 48.5600000000
129.0000000000 0.0475769043 0.0000000000 50.0100000000
130.0000000000 0.0475830078 0.0000000000 48.6700000000
131.0000000000 0.0475891113 0.0000000000 47.6600000000
132.0000000000 0.0475952148 0.0000000000 49.2800000000
133.0000000000 0.0476013184 0.0000000000 48.5500000000
134.0000000000 0.0476074219 0.0000000000 48.5500000000
135.0000000000 0.0476135254 0.0000000000 49.6200000000
136.0000000000 0.0476196289 0.0100000000 49.2200000000
137.0000000000 0.0476257324 0.0000000000 47.7600000000
138.0000000000 0.0476318359 0.0000000000 48.9500000000
139.0000000000 0.0476379395 0.0000000000 47.9900000000
140.0000000000 0.0476440430 0.0000000000 49.6300000000
141.0000000000 0.0476501465 0.0000000000 49.2100000000
142.0000000000 0.0476562500 0.0100000000 47.1500000000
143.0000000000 0.0476623535 0.0000000000 48.2100000000
144.0000000000 0.0476684570 0.0100000000 50.4500000000
145.0000000000 0.0476745605 0.0000000000 48.2100000000
146.0000000000 0.0476806641 0.0000000000 42.0600000000
147.0000000000 0.0476867676 0.0000000000 41.7500000000
148.0000000000 0.0476928711 0.0000000000 42.1100000000
149.0000000000 0.0476989746 0.0000000000 42.2000000000
150.0000000000 0.0477050781 0.0000000000 41.8400000000
151.0000000000 0.0477111816 0.0000000000 41.7500000000
152.0000000000 0.0477172852 0.0000000000 41.6900000000
153.0000000000 0.0477233887 0.0000000000 41.7600000000
154.0000000000 0.0477294922 0.0000000000 42.4500000000
155.0000000000 0.0477355957 0.0000000000 41.9400000000
156.0000000000 0.0477416992 0.0000000000 41.9300000000
157.0000000000 0.0477478027 0.0000000000 42.1500000000
158.0000000000 0.0477539063 0.0000000000 41.6400000000
159.0000000000 0.0477600098 0.0000000000 42.3200000000
160.0000000000 0.0477661133 0.0000000000 42.2700000000
161.0000000000 0.0477722168 0.0100000000 42.5900000000
162.0000000000 0.0477783203 0.0000000000 41.7800000000
163.0000000000 0.0477844238 0.0000000000 41.7400000000
164.0000000000 0.0477905273 0.0000000000 41.7400000000
165.0000000000 0.0477966309 0.0000000000 42.1800000000
166.0000000000 0.0478027344 0.0000000000 42.3600000000
167.0000000000 0.0478088379 0.0000000000 42.5500000000
168.0000000000 0.0478149414 0.0000000000 42.0400000000
169.0000000000 0.0478210449 0.0000000000 41.8200000000
170.0000000000 0.0478271484 0.0100000000 42.2600000000
171.0000000000 0.0478332520 0.0000000000 42.2900000000
172.0000000000 0.0478393555 0.0000000000 41.8100000000
173.0000000000 0.0478454590 0.0000000000 41.9300000000
174.0000000000 0.0478515625 0.0000000000 41.9100000000
175.0000000000 0.0478576660 0.0000000000 42.6500000000
176.0000000000 0.0478637695 0.0100000000 42.1800000000
177.0000000000 0.0478698730 0.0000000000 42.1400000000
178.0000000000 0.0478759766 0.0000000000 42.3500000000
179.0000000000 0.0478820801 0.0000000000 41.9500000000
180.0000000000 0.0478881836 0.0000000000 42.1000000000
181.0000000000 0.0478942871 0.0000000000 42.0100000000
182.0000000000 0.0479003906 0.0000000000 41.8800000000
183.0000000000 0.0479064941 0.0000000000 41.9800000000
184.0000000000 0.0479125977 0.0000000000 42.3500000000
185.0000000000 0.0479187012 0.0000000000 43.0700000000
186.0000000000 0.0479248047 0.0000000000 42.0400000000
187.0000000000 0.0479309082 0.0000000000 41.7200000000
188.0000000000 0.0479370117 0.0000000000 41.8200000000
189.0000000000 0.0479431152 0.0000000000 41.6400000000
190.0000000000 0.0479492188 0.0000000000 41.6200000000
191.0000000000 0.0479553223 0.0000000000 41.9400000000
192.0000000000 0.0479614258 0.0000000000 42.1900000000
193.0000000000 0.0479675293 0.0000000000 41.9300000000
194.0000000000 0.0479736328 0.0000000000 41.6500000000
195.0000000000 0.0479797363 0.0000000000 41.6800000000
196.0000000000 0.0479858398 0.0000000000 41.5300000000
197.0000000000 0.0479919434 0.0000000000 41.8200000000
198.0000000000 0.0479980469 0.0100000000 41.8200000000
199.0000000000 0.0480041504 0.0000000000 41.1800000000
200.0000000000 0.0480102539 0.0000000000 42.2100000000
201.0000000000 0.0480163574 0.0100000000 41.6900000000
202.0000000000 0.0480224609 0.0000000000 41.6900000000
203.0000000000 0.0480285645 0.0000000000 41.9100000000
204.0000000000 0.0480346680 0.0000000000 42.2700000000
205.0000000000 0.0480407715 0.0100000000 42.3600000000
206.0000000000 0.0480468750 0.0000000000 41.7600000000
207.0000000000 0.0480529785 0.0000000000 41.5600000000
208.0000000000 0.0480590820 0.0000000000 42.3400000000
209.0000000000 0.0480651855 0.0000000000 42.8900000000
210.0000000000 0.0480712891 0.0000000000 42.1900000000
211.0000000000 0.0480773926 0.0000000000 42.4800000000
212.0000000000 0.0480834961 0.0000000000 42.3800000000
213.0000000000 0.0480895996 0.0000000000 41.5900000000
214.0000000000 0.0480957031 0.0000000000 41.7900000000
215.0000000000 0.0481018066 0.0000000000 42.2200000000
216.0000000000 0.0481079102 0.0000000000 42.3500000000
217.0000000000 0.0481140137 0.0000000000 42.0000000000
218.0000000000 0.0481201172 0.0000000000 41.9000000000
219.0000000000 0.0481262207 0.0000000000 42.8700000000
220.0000000000 0.0481323242 0.0000000000 42.2400000000
221.0000000000 0.0481384277 0.0000000000 42.3000000000
222.0000000000 0.0481445313 0.0000000000 42.2200000000
223.0000000000 0.0481506348 0.0100000000 41.8400000000
224.0000000000 0.0481567383 0.0000000000 42.0600000000
225.0000000000 0.0481628418 0.0000000000 41.9900000000
226.0000000000 0.0481689453 0.0000000000 42.0700000000
227.0000000000 0.0481750488 0.0000000000 42.1000000000
228.0000000000 0.0481811523 0.0000000000 42.2400000000
229.0000000000 0.0481872559 0.0100000000 41.7800000000
230.0000000000 0.0481933594 0.0000000000 42.2500000000
231.0000000000 0.0481994629 0.0000000000 42.2800000000
232.0000000000 0.0482055664 0.0000000000 42.6000000000
233.0000000000 0.0482116699 0.0000000000 42.2000000000
234.0000000000 0.0482177734 0.0000000000 42.2000000000
235.0000000000 0.0482238770 0.0000000000 42.1500000000
236.0000000000 0.0482299805 0.0000000000 42.4300000000
237.0000000000 0.0482360840 0.0000000000 43.7000000000
238.0000000000 0.0482421875 0.0000000000 42.3600000000
239.0000000000 0.0482482910 0.0000000000 41.8300000000
240.0000000000 0.0482543945 0.0000000000 42.0400000000
241.0000000000 0.0482604980 0.0000000000 41.7000000000
242.0000000000 0.0482666016 0.0100000000 42.1300000000
243.0000000000 0.0482727051 0.0000000000 42.6100000000
244.0000000000 0.0482788086 0.0000000000 41.8000000000
245.0000000000 0.0482849121 0.0000000000 41.6700000000
246.0000000000 0.0482910156 0.0000000000 41.7000000000
247.0000000000 0.0482971191 0.0000000000 41.5100000000
248.0000000000 0.0483032227 0.0000000000 41.8200000000
249.0000000000 0.0483093262 0.0000000000 41.9800000000
250.0000000000 0.0483154297 0.0000000000 42.0200000000
251.0000000000 0.0483215332 0.0000000000 41.9900000000
252.0000000000 0.0483276367 0.0000000000 41.7900000000
253.0000000000 0.0483337402 0.0000000000 41.9000000000
254.0000000000 0.0483398438 0.0000000000 42.2600000000
255.0000000000 0.0483459473 0.0000000000 41.9000000000
256.0000000000 0.0483520508 0.0000000000 42.4200000000
257.0000000000 0.0483581543 0.0000000000 42.1700000000
258.0000000000 0.0483642578 0.0100000000 41.5600000000
259.0000000000 0.0483703613 0.0000000000 42.1500000000
260.0000000000 0.0483764648 0.0000000000 41.4400000000
261.0000000000 0.0483825684 0.0000000000 42.3200000000
262.0000000000 0.0483886719 0.0000000000 42.2200000000
263.0000000000 0.0483947754 0.0000000000 41.8800000000
264.0000000000 0.0484008789 0.0000000000 42.0600000000
265.0000000000 0.0484069824 0.0000000000 41.7400000000
266.0000000000 0.0484130859 0.0000000000 42.2600000000
267.0000000000 0.0484191895 0.0000000000 42.2300000000
268.0000000000 0.0484252930 0.0000000000 42.2100000000
269.0000000000 0.0484313965 0.0000000000 41.7000000000
270.0000000000 0.0484375000 0.0000000000 41.2800000000
271.0000000000 0.0484436035 0.0000000000 41.7600000000
272.0000000000 0.0484497070 0.0000000000 41.9800000000
273.0000000000 0.0484558105 0.0000000000 41.8000000000
274.0000000000 0.0484619141 0.0000000000 41.5900000000
275.0000000000 0.0484680176 0.0000000000 41.5100000000
276.0000000000 0.0484741211 0.0000000000 41.6900000000
277.0000000000 0.0484802246 0.0000000000 43.8800000000
278.0000000000 0.0484863281 0.0000000000 42.3800000000
279.0000000000 0.0484924316 0.0000000000 42.6100000000
280.0000000000 0.0484985352 0.0000000000 41.8400000000
281.0000000000 0.0485046387 0.0000000000 42.1700000000
282.0000000000 0.0485107422 0.0000000000 41.7900000000
283.0000000000 0.0485168457 0.0000000000 42.0400000000
284.0000000000 0.0485229492 0.0000000000 41.6000000000
285.0000000000 0.0485290527 0.0000000000 41.4300000000
286.0000000000 0.0485351563 0.0000000000 41.8400000000
287.0000000000 0.0485412598 0.0100000000 42.0500000000
288.0000000000 0.0485473633 0.0000000000 41.9100000000
289.0000000000 0.0485534668 0.0000000000 42.2500000000
290.0000000000 0.0485595703 0.0000000000 41.8300000000
291.0000000000 0.0485656738 0.0000000000 41.8900000000
292.0000000000 0.0485717773 0.0000000000 42.5400000000
293.0000000000 0.0485778809 0.0000000000 44.4100000000
294.0000000000 0.0485839844 0.0000000000 41.9600000000
295.0000000000 0.0485900879 0.0000000000 42.3800000000
296.0000000000 0.0485961914 0.0000000000 41.5200000000
297.0000000000 0.0486022949 0.0000000000 41.2200000000
298.0000000000 0.0486083984 0.0000000000 41.8100000000
299.0000000000 0.0486145020 0.0000000000 41.5500000000
300.0000000000 0.0486206055 0.0000000000 41.2200000000
301.0000000000 0.0486267090 0.0000000000 41.3900000000
302.0000000000 0.0486328125 0.0000000000 41.3600000000
303.0000000000 0.0486389160 0.0000000000 42.1400000000
304.0000000000 0.0486450195 0.0100000000 41.7000000000
305.0000000000 0.0486511230 0.0000000000 42.3000000000
306.0000000000 0.0486572266 0.0000000000 41.7900000000
307.0000000000 0.0486633301 0.0000000000 41.7000000000
1.0000000000 0.0486694336 0.0000000000 41.7400000000
2.0000000000 0.0486755371 0.0000000000 41.6900000000
3.0000000000 0.0486816406 0.0000000000 41.4400000000
4.0000000000 0.0486877441 0.0000000000 41.6500000000
5.0000000000 0.0486938477 0.0100000000 42.7200000000
6.0000000000 0.0486999512 0.0000000000 41.9900000000
7.0000000000 0.0487060547 0.0000000000 41.8800000000
8.0000000000 0.0487121582 0.0100000000 41.4000000000
9.0000000000 0.0487182617 0.0000000000 41.8000000000
10.0000000000 0.0487243652 0.0000000000 41.8000000000
11.0000000000 0.0487304688 0.0000000000 41.6100000000
12.0000000000 0.0487365723 0.0000000000 41.7100000000
13.0000000000 0.0487426758 0.0000000000 41.4500000000
14.0000000000 0.0487487793 0.0000000000 41.7400000000
15.0000000000 0.0487548828 0.0000000000 41.8300000000
16.0000000000 0.0487609863 0.0000000000 41.6400000000
17.0000000000 0.0487670898 0.0000000000 42.2400000000
18.0000000000 0.0487731934 0.0000000000 41.7000000000
19.0000000000 0.0487792969 0.0000000000 42.5900000000
20.0000000000 0.0487854004 0.0000000000 42.4000000000
21.0000000000 0.0487915039 0.0000000000 41.6800000000
22.0000000000 0.0487976074 0.0000000000 41.7000000000
23.0000000000 0.0488037109 0.0000000000 40.8700000000
24.0000000000 0.0488098145 0.0000000000 41.4100000000
25.0000000000 0.0488159180 0.0000000000 41.1600000000
26.0000000000 0.0488220215 0.0100000000 41.5000000000
27.0000000000 0.0488281250 0.0000000000 41.6400000000
28.0000000000 0.0488342285 0.0000000000 41.5700000000
29.0000000000 0.0488403320 0.0000000000 41.6600000000
30.0000000000 0.0488464355 0.0000000000 42.0800000000
31.0000000000 0.0488525391 0.0000000000 41.9400000000
32.0000000000 0.0488586426 0.0000000000 41.9300000000
33.0000000000 0.0488647461 0.0000000000 41.8800000000
34.0000000000 0.0488708496 0.0000000000 42.0600000000
35.0000000000 0.0488769531 0.0000000000 41.8400000000
36.0000000000 0.0488830566 0.0000000000 41.8300000000
37.0000000000 0.0488891602 0.0000000000 42.0800000000
38.0000000000 0.0488952637 0.0000000000 41.8500000000
39.0000000000 0.0489013672 0.0000000000 41.7000000000
40.0000000000 0.0489074707 0.0000000000 41.6300000000
41.0000000000 0.0489135742 0.0000000000 42.1700000000
42.0000000000 0.0489196777 0.0000000000 41.8500000000
43.0000000000 0.0489257813 0.0100000000 41.3600000000
44.0000000000 0.0489318848 0.0000000000 41.6700000000
45.0000000000 0.0489379883 0.0000000000 41.9200000000
46.0000000000 0.0489440918 0.0000000000 42.5400000000
47.0000000000 0.0489501953 0.0000000000 42.2100000000
48.0000000000 0.0489562988 0.0000000000 41.7700000000
49.0000000000 0.0489624023 0.0000000000 42.1100000000
50.0000000000 0.0489685059 0.0000000000 41.4700000000
51.0000000000 0.0489746094 0.0000000000 42.1600000000
52.0000000000 0.0489807129 0.0000000000 41.9300000000
53.0000000000 0.0489868164 0.0000000000 42.2400000000
54.0000000000 0.0489929199 0.0000000000 41.8100000000
55.0000000000 0.0489990234 0.0000000000 42.9200000000
56.0000000000 0.0490051270 0.0000000000 41.7400000000
57.0000000000 0.0490112305 0.0000000000 41.3500000000
58.0000000000 0.0490173340 0.0000000000 41.7700000000
59.0000000000 0.0490234375 0.0000000000 41.6000000000
60.0000000000 0.0490295410 0.0000000000 41.8400000000
61.0000000000 0.0490356445 0.0000000000 42.3700000000
62.0000000000 0.0490417480 0.0000000000 42.1100000000
63.0000000000 0.0490478516 0.0000000000 42.4000000000
64.0000000000 0.0490539551 0.0000000000 42.1400000000
65.0000000000 0.0490600586 0.0000000000 41.7400000000
66.0000000000 0.0490661621 0.0000000000 41.7000000000
67.0000000000 0.0490722656 0.0000000000 42.1300000000
68.0000000000 0.0490783691 0.0000000000 42.0300000000
69.0000000000 0.0490844727 0.0000000000 42.2900000000
70.0000000000 0.0490905762 0.0000000000 41.9300000000
71.0000000000 0.0490966797 0.0000000000 42.4200000000
72.0000000000 0.0491027832 0.0000000000 42.5200000000
73.0000000000 0.0491088867 0.0000000000 42.5600000000
74.0000000000 0.0491149902 0.0000000000 42.3300000000
75.0000000000 0.0491210938 0.0100000000 42.6400000000
76.0000000000 0.0491271973 0.0000000000 43.1600000000
77.0000000000 0.0491333008 0.0000000000 41.9600000000
78.0000000000 0.0491394043 0.0000000000 41.7500000000
79.0000000000 0.0491455078 0.0000000000 42.1800000000
80.0000000000 0.0491516113 0.0000000000 41.4200000000
81.0000000000 0.0491577148 0.0000000000 42.4000000000
82.0000000000 0.0491638184 0.0000000000 42.5600000000
83.0000000000 0.0491699219 0.0000000000 41.5800000000
84.0000000000 0.0491760254 0.0000000000 41.9900000000
85.0000000000 0.0491821289 0.0000000000 42.2800000000
86.0000000000 0.0491882324 0.0000000000 42.1400000000
87.0000000000 0.0491943359 0.0000000000 41.8200000000
88.0000000000 0.0492004395 0.0000000000 41.7600000000
89.0000000000 0.0492065430 0.0000000000 42.0700000000
90.0000000000 0.0492126465 0.0000000000 42.1200000000
91.0000000000 0.0492187500 0.0000000000 41.6100000000
92.0000000000 0.0492248535 0.0000000000 41.8600000000
93.0000000000 0.0492309570 0.0000000000 42.0100000000
94.0000000000 0.0492370605 0.0000000000 41.9100000000
95.0000000000 0.0492431641 0.0000000000 42.2700000000
96.0000000000 0.0492492676 0.0000000000 42.3000000000
97.0000000000 0.0492553711 0.0000000000 41.7700000000
98.0000000000 0.0492614746 0.0000000000 41.2700000000
99.0000000000 0.0492675781 0.0000000000 41.2100000000
100.0000000000 0.0492736816 0.0000000000 42.5600000000
101.0000000000 0.0492797852 0.0000000000 41.2500000000
102.0000000000 0.0492858887 0.0100000000 41.9600000000
103.0000000000 0.0492919922 0.0000000000 42.1700000000
104.0000000000 0.0492980957 0.0000000000 41.9700000000
105.0000000000 0.0493041992 0.0000000000 42.0300000000
106.0000000000 0.0493103027 0.0000000000 42.1100000000
107.0000000000 0.0493164063 0.0000000000 42.0300000000
108.0000000000 0.0493225098 0.0000000000 42.2200000000
109.0000000000 0.0493286133 0.0000000000 41.9100000000
110.0000000000 0.0493347168 0.0000000000 42.1400000000
111.0000000000 0.0493408203 0.0000000000 41.9500000000
112.0000000000 0.0493469238 0.0000000000 41.6800000000
113.0000000000 0.0493530273 0.0000000000 41.3800000000
114.0000000000 0.0493591309 0.0000000000 41.7000000000
115.0000000000 0.0493652344 0.0000000000 41.6200000000
116.0000000000 0.0493713379 0.0000000000 41.7400000000
117.0000000000 0.0493774414 0.0000000000 41.9400000000
118.0000000000 0.0493835449 0.0000000000 42.0600000000
119.0000000000 0.0493896484 0.0000000000 41.7900000000
120.0000000000 0.0493957520 0.0000000000 41.9300000000
121.0000000000 0.0494018555 0.0000000000 42.1800000000
122.0000000000 0.0494079590 0.0000000000 42.2500000000
123.0000000000 0.0494140625 0.0000000000 42.4700000000
124.0000000000 0.0494201660 0.0100000000 42.2500000000
125.0000000000 0.0494262695 0.0100000000 42.4000000000
126.0000000000 0.0494323730 0.0000000000 42.6200000000
127.0000000000 0.0494384766 0.0000000000 42.0300000000
128.0000000000 0.0494445801 0.0100000000 42.1900000000
129.0000000000 0.0494506836 0.0000000000 42.1900000000
130.0000000000 0.0494567871 0.0000000000 42.5900000000
131.0000000000 0.0494628906 0.0000000000 42.1400000000
132.0000000000 0.0494689941 0.0000000000 41.6700000000
133.0000000000 0.0494750977 0.0000000000 41.8400000000
134.0000000000 0.0494812012 0.0000000000 43.1200000000
135.0000000000 0.0494873047 0.0000000000 42.0300000000
136.0000000000 0.0494934082 0.0000000000 42.6500000000
137.0000000000 0.0494995117 0.0000000000 42.4000000000
138.0000000000 0.0495056152 0.0000000000 42.2600000000
139.0000000000 0.0495117188 0.0000000000 42.2000000000
140.0000000000 0.0495178223 0.0000000000 42.5800000000
141.0000000000 0.0495239258 0.0000000000 42.0400000000
142.0000000000 0.0495300293 0.0000000000 42.1000000000
143.0000000000 0.0495361328 0.0000000000 41.8500000000
144.0000000000 0.0495422363 0.0000000000 42.2100000000
145.0000000000 0.0495483398 0.0000000000 42.2800000000
146.0000000000 0.0495544434 0.0100000000 41.8700000000
147.0000000000 0.0495605469 0.0000000000 41.9100000000
148.0000000000 0.0495666504 0.0000000000 41.6700000000
149.0000000000 0.0495727539 0.0000000000 42.1400000000
150.0000000000 0.0495788574 0.0000000000 42.1200000000
151.0000000000 0.0495849609 0.0000000000 41.9200000000
152.0000000000 0.0495910645 0.0000000000 42.5400000000
153.0000000000 0.0495971680 0.0000000000 41.9100000000
154.0000000000 0.0496032715 0.0000000000 42.1600000000
155.0000000000 0.0496093750 0.0000000000 41.6400000000
156.0000000000 0.0496154785 0.0100000000 41.2600000000
157.0000000000 0.0496215820 0.0000000000 41.5100000000
158.0000000000 0.0496276855 0.0000000000 42.4800000000
159.0000000000 0.0496337891 0.0000000000 42.8200000000
160.0000000000 0.0496398926 0.0000000000 42.3300000000
161.0000000000 0.0496459961 0.0000000000 42.0500000000
162.0000000000 0.0496520996 0.0000000000 42.0600000000
163.0000000000 0.0496582031 0.0000000000 42.0100000000
164.0000000000 0.0496643066 0.0000000000 41.6400000000
165.0000000000 0.0496704102 0.0000000000 42.1800000000
166.0000000000 0.0496765137 0.0000000000 42.7900000000
167.0000000000 0.0496826172 0.0000000000 42.1300000000
168.0000000000 0.0496887207 0.0100000000 42.4100000000
169.0000000000 0.0496948242 0.0000000000 41.9400000000
170.0000000000 0.0497009277 0.0000000000 42.1200000000
171.0000000000 0.0497070313 0.0000000000 42.1500000000
172.0000000000 0.0497131348 0.0000000000 42.1200000000
173.0000000000 0.0497192383 0.0000000000 42.1000000000
174.0000000000 0.0497253418 0.0000000000 41.4100000000
175.0000000000 0.0497314453 0.0000000000 42.2600000000
176.0000000000 0.0497375488 0.0000000000 41.7100000000
177.0000000000 0.0497436523 0.0000000000 41.8500000000
178.0000000000 0.0497497559 0.0000000000 41.9000000000
179.0000000000 0.0497558594 0.0000000000 42.1300000000
180.0000000000 0.0497619629 0.0000000000 41.4600000000
181.0000000000 0.0497680664 0.0000000000 41.9400000000
182.0000000000 0.0497741699 0.0000000000 42.2800000000
183.0000000000 0.0497802734 0.0000000000 41.2200000000
184.0000000000 0.0497863770 0.0000000000 41.6400000000
185.0000000000 0.0497924805 0.0000000000 41.6100000000
186.0000000000 0.0497985840 0.0000000000 42.2500000000
187.0000000000 0.0498046875 0.0000000000 42.1500000000
188.0000000000 0.0498107910 0.0000000000 41.7000000000
189.0000000000 0.0498168945 0.0000000000 42.1200000000
190.0000000000 0.0498229980 0.0000000000 41.8900000000
191.0000000000 0.0498291016 0.0000000000 42.1000000000
192.0000000000 0.0498352051 0.0000000000 42.6100000000
193.0000000000 0.0498413086 0.0000000000 41.5400000000
194.0000000000 0.0498474121 0.0000000000 41.8000000000
195.0000000000 0.0498535156 0.0000000000 41.7400000000
196.0000000000 0.0498596191 0.0000000000 41.6000000000
197.0000000000 0.0498657227 0.0000000000 42.2500000000
198.0000000000 0.0498718262 0.0000000000 42.6800000000
199.0000000000 0.0498779297 0.0000000000 41.8700000000
200.0000000000 0.0498840332 0.0000000000 41.8100000000
201.0000000000 0.0498901367 0.0000000000 41.8000000000
202.0000000000 0.0498962402 0.0000000000 42.1100000000
203.0000000000 0.0499023438 0.0000000000 42.0300000000
204.0000000000 0.0499084473 0.0100000000 41.9500000000
205.0000000000 0.0499145508 0.0000000000 41.6700000000
206.0000000000 0.0499206543 0.0000000000 41.9400000000
207.0000000000 0.0499267578 0.0000000000 41.8900000000
208.0000000000 0.0499328613 0.0000000000 41.7000000000
209.0000000000 0.0499389648 0.0000000000 41.8400000000
210.0000000000 0.0499450684 0.0000000000 42.1000000000
211.0000000000 0.0499511719 0.0100000000 42.0500000000
212.0000000000 0.0499572754 0.0000000000 42.1000000000
213.0000000000 0.0499633789 0.0000000000 41.6400000000
214.0000000000 0.0499694824 0.0000000000 41.6900000000
215.0000000000 0.0499755859 0.0000000000 41.9700000000
216.0000000000 0.0499816895 0.0000000000 41.3700000000
217.0000000000 0.0499877930 0.0000000000 41.5500000000
218.0000000000 0.0499938965 0.0000000000 41.3400000000
219.0000000000 0.0500000000 0.0000000000 41.6100000000
220.0000000000 0.0500061035 0.0000000000 42.0000000000
221.0000000000 0.0500122070 0.0000000000 41.7100000000
222.0000000000 0.0500183105 0.0000000000 41.9500000000
223.0000000000 0.0500244141 0.0000000000 41.9000000000
224.0000000000 0.0500305176 0.0000000000 42.2700000000
225.0000000000 0.0500366211 0.0100000000 42.1900000000
226.0000000000 0.0500427246 0.0000000000 42.0900000000
227.0000000000 0.0500488281 0.0000000000 41.5000000000
228.0000000000 0.0500549316 0.0000000000 42.0400000000
229.0000000000 0.0500610352 0.0000000000 41.5800000000
230.0000000000 0.0500671387 0.0000000000 41.2400000000
231.0000000000 0.0500732422 0.0100000000 41.4100000000
232.0000000000 0.0500793457 0.0000000000 42.3300000000
233.0000000000 0.0500854492 0.0000000000 41.2900000000
234.0000000000 0.0500915527 0.0100000000 41.4300000000
235.0000000000 0.0500976563 0.0000000000 42.2800000000
236.0000000000 0.0501037598 0.0000000000 41.6400000000
237.0000000000 0.0501098633 0.0000000000 41.7600000000
238.0000000000 0.0501159668 0.0000000000 41.6700000000
239.0000000000 0.0501220703 0.0000000000 41.4300000000
240.0000000000 0.0501281738 0.0100000000 42.0300000000
241.0000000000 0.0501342773 0.0000000000 41.7700000000
242.0000000000 0.0501403809 0.0000000000 42.0000000000
243.0000000000 0.0501464844 0.0100000000 41.5700000000
244.0000000000 0.0501525879 0.0100000000 41.7100000000
245.0000000000 0.0501586914 0.0000000000 41.7800000000
246.0000000000 0.0501647949 0.0000000000 41.6500000000
247.0000000000 0.0501708984 0.0000000000 41.8200000000
248.0000000000 0.0501770020 0.0000000000 42.0600000000
249.0000000000 0.0501831055 0.0000000000 42.6700000000
250.0000000000 0.0501892090 0.0000000000 42.0800000000
251.0000000000 0.0501953125 0.0000000000 42.2000000000
252.0000000000 0.0502014160 0.0000000000 41.7800000000
253.0000000000 0.0502075195 0.0000000000 41.8600000000
254.0000000000 0.0502136230 0.0000000000 42.0300000000
255.0000000000 0.0502197266 0.0000000000 41.5000000000
256.0000000000 0.0502258301 0.0000000000 42.1200000000
257.0000000000 0.0502319336 0.0000000000 41.8600000000
258.0000000000 0.0502380371 0.0000000000 41.5100000000
259.0000000000 0.0502441406 0.0000000000 42.0800000000
260.0000000000 0.0502502441 0.0000000000 42.0700000000
261.0000000000 0.0502563477 0.0000000000 42.2400000000
262.0000000000 0.0502624512 0.0100000000 42.1900000000
263.0000000000 0.0502685547 0.0000000000 41.9100000000
264.0000000000 0.0502746582 0.0000000000 41.8400000000
265.0000000000 0.0502807617 0.0000000000 41.6200000000
266.0000000000 0.0502868652 0.0000000000 41.8100000000
267.0000000000 0.0502929688 0.0000000000 41.6600000000
268.0000000000 0.0502990723 0.0000000000 42.7100000000
269.0000000000 0.0503051758 0.0000000000 42.0700000000
270.0000000000 0.0503112793 0.0000000000 42.3900000000
271.0000000000 0.0503173828 0.0000000000 42.6400000000
272.0000000000 0.0503234863 0.0000000000 42.3500000000
273.0000000000 0.0503295898 0.0000000000 42.4800000000
274.0000000000 0.0503356934 0.0000000000 42.1200000000
275.0000000000 0.0503417969 0.0000000000 42.1400000000
276.0000000000 0.0503479004 0.0000000000 42.3800000000
277.0000000000 0.0503540039 0.0000000000 42.2100000000
278.0000000000 0.0503601074 0.0000000000 42.4700000000
279.0000000000 0.0503662109 0.0000000000 41.9500000000
280.0000000000 0.0503723145 0.0000000000 42.6600000000
281.0000000000 0.0503784180 0.0000000000 42.3500000000
282.0000000000 0.0503845215 0.0000000000 42.0000000000
283.0000000000 0.0503906250 0.0000000000 42.7300000000
284.0000000000 0.0503967285 0.0000000000 42.1100000000
285.0000000000 0.0504028320 0.0000000000 42.1100000000
286.0000000000 0.0504089355 0.0000000000 41.5400000000
287.0000000000 0.0504150391 0.0100000000 41.7900000000
288.0000000000 0.0504211426 0.0000000000 42.5800000000
289.0000000000 0.0504272461 0.0000000000 42.4100000000
290.0000000000 0.0504333496 0.0000000000 42.0500000000
291.0000000000 0.0504394531 0.0000000000 42.1000000000
292.0000000000 0.0504455566 0.0000000000 41.8800000000
293.0000000000 0.0504516602 0.0100000000 42.1500000000
294.0000000000 0.0504577637 0.0000000000 42.4200000000
295.0000000000 0.0504638672 0.0000000000 41.7500000000
296.0000000000 0.0504699707 0.0000000000 42.4000000000
297.0000000000 0.0504760742 0.0000000000 41.9100000000
298.0000000000 0.0504821777 0.0000000000 41.8600000000
299.0000000000 0.0504882813 0.0000000000 41.5300000000
300.0000000000 0.0504943848 0.0000000000 42.0000000000
301.0000000000 0.0505004883 0.0000000000 41.4500000000
302.0000000000 0.0505065918 0.0000000000 41.6800000000
303.0000000000 0.0505126953 0.0000000000 41.9100000000
304.0000000000 0.0505187988 0.0000000000 41.6600000000
305.0000000000 0.0505249023 0.0000000000 42.1800000000
306.0000000000 0.0505310059 0.0000000000 42.0100000000
307.0000000000 0.0505371094 0.0100000000 41.3800000000
308.0000000000 0.0505432129 0.0100000000 42.2000000000
309.0000000000 0.0505493164 0.0000000000 42.2900000000
310.0000000000 0.0505554199 0.0000000000 41.5200000000
311.0000000000 0.0505615234 0.0000000000 41.8400000000
312.0000000000 0.0505676270 0.0000000000 41.7400000000
