x y z ADDATime OurCalcTime
0.0000000000 -4.0000000000 0.0000000000 0.0000000000 47.1300000000
0.0000000000 -3.0000000000 0.0000000000 0.0000000000 46.5400000000
0.0000000000 -2.0000000000 0.0000000000 0.0000000000 46.7700000000
0.0000000000 -1.0000000000 0.0000000000 0.0000000000 46.6000000000
0.0000000000 -0.0000000000 0.0000000000 0.0000000000 46.2300000000
0.0000000000 1.0000000000 0.0000000000 0.0100000000 46.4000000000
0.0000000000 1.9000000000 0.0000000000 0.0000000000 46.6500000000
0.0000000000 2.9000000000 0.0000000000 0.0000000000 46.7300000000
0.0000000000 3.9000000000 0.0000000000 0.0000000000 46.3500000000
0.0000000000 5.0000000000 0.0000000000 0.0000000000 46.5500000000
0.0000000000 0.0000000000 0.0000000000 0.0000000000 0.0000000000
