x y z ADDATime OurCalcTime
0.0000000000 -4.0000000000 0.0000000000 0.0000000000 129.0100000000
0.0000000000 -3.0000000000 0.0000000000 0.0000000000 144.4500000000
0.0000000000 -2.0000000000 0.0000000000 0.0000000000 124.9900000000
0.0000000000 -1.0000000000 0.0000000000 0.0000000000 126.0400000000
0.0000000000 -0.0000000000 0.0000000000 0.0000000000 172.6800000000
0.0000000000 1.0000000000 0.0000000000 0.0000000000 150.9500000000
0.0000000000 1.9000000000 0.0000000000 0.0000000000 171.8500000000
0.0000000000 2.9000000000 0.0000000000 0.0000000000 125.2700000000
0.0000000000 3.9000000000 0.0000000000 0.0000000000 123.3100000000
0.0000000000 5.0000000000 0.0000000000 0.0000000000 125.7900000000
0.0000000000 0.0000000000 0.0000000000 0.0000000000 0.0000000000
