0.000000e+00 0.000000e+00 -1.000000e+00 -4.066368e-31 6.523132e-31 3.171008e-13
0.000000e+00 0.000000e+00 -7.500000e-01 1.270740e-32 -1.863752e-31 3.223278e-13
0.000000e+00 0.000000e+00 -5.000000e-01 1.564599e-31 4.447590e-31 3.257744e-13
0.000000e+00 0.000000e+00 -2.500000e-01 -4.235800e-33 3.642788e-31 3.273559e-13
0.000000e+00 0.000000e+00 0.000000e+00 -5.595492e-30 7.327934e-31 3.270259e-13
0.000000e+00 0.000000e+00 2.500000e-01 -3.599106e-31 -3.303924e-31 3.247772e-13
0.000000e+00 0.000000e+00 5.000000e-01 -2.287332e-31 8.852822e-31 3.206449e-13
0.000000e+00 0.000000e+00 7.500000e-01 -9.320415e-32 -2.014123e-30 3.147114e-13
0.000000e+00 0.000000e+00 1.000000e+00 2.075542e-31 5.379466e-31 3.071109e-13
0.000000e+00 0.000000e+00 1.250000e+00 1.609604e-31 6.989070e-32 2.980291e-13
0.000000e+00 0.000000e+00 1.500000e+00 7.200860e-32 -6.925533e-31 2.876968e-13
0.000000e+00 0.000000e+00 1.750000e+00 1.376635e-31 -2.350869e-31 2.763764e-13
0.000000e+00 0.000000e+00 2.000000e+00 -4.235800e-33 -1.736678e-31 2.643443e-13
0.000000e+00 0.000000e+00 2.250000e+00 -3.702513e-29 -5.960618e-29 2.518725e-13
0.000000e+00 0.000000e+00 2.500000e+00 3.600430e-32 4.256979e-31 2.392114e-13
0.000000e+00 0.000000e+00 2.750000e+00 -1.609521e-31 4.235800e-32 2.265805e-13
0.000000e+00 0.000000e+00 3.000000e+00 6.141910e-32 2.181437e-31 2.141605e-13
0.000000e+00 0.000000e+00 3.250000e+00 7.891296e-30 4.754686e-30 2.020929e-13
0.000000e+00 0.000000e+00 3.500000e+00 -3.905375e-30 -4.049425e-30 1.904819e-13
0.000000e+00 0.000000e+00 3.750000e+00 -3.385331e-32 4.489948e-31 1.793987e-13
0.000000e+00 0.000000e+00 4.000000e+00 1.258033e-30 -5.495951e-31 1.688868e-13
0.000000e+00 0.000000e+00 4.250000e+00 -3.183469e-32 9.530550e-32 1.589674e-13
0.000000e+00 0.000000e+00 4.500000e+00 -2.323072e-32 -4.024010e-32 1.496446e-13
0.000000e+00 0.000000e+00 4.750000e+00 -4.235800e-33 2.329690e-32 1.409095e-13
0.000000e+00 0.000000e+00 5.000000e+00 2.971679e-32 1.683731e-31 1.327443e-13
0.000000e+00 0.000000e+00 5.250000e+00 1.482530e-32 7.200860e-32 1.251249e-13
0.000000e+00 0.000000e+00 5.500000e+00 1.164845e-32 -6.883175e-32 1.180234e-13
0.000000e+00 0.000000e+00 5.750000e+00 1.482530e-32 -6.459595e-32 1.114097e-13
0.000000e+00 0.000000e+00 6.000000e+00 1.125134e-33 -3.706325e-32 1.052531e-13
0.000000e+00 0.000000e+00 6.250000e+00 -1.370017e-32 3.812220e-32 9.952290e-14
0.000000e+00 0.000000e+00 6.500000e+00 1.370017e-32 1.694320e-32 9.418905e-14
0.000000e+00 0.000000e+00 6.750000e+00 6.618438e-35 4.235800e-33 8.922282e-14
0.000000e+00 0.000000e+00 7.000000e+00 -1.793597e-32 -8.471600e-33 8.459693e-14
0.000000e+00 0.000000e+00 7.250000e+00 2.669216e-31 5.400645e-31 8.028572e-14
0.000000e+00 0.000000e+00 7.500000e+00 2.117900e-33 -8.048020e-32 7.626520e-14
0.000000e+00 0.000000e+00 7.750000e+00 -1.052332e-32 7.783283e-32 7.251306e-14
0.000000e+00 0.000000e+00 8.000000e+00 4.030629e-32 4.341695e-32 6.900867e-14
0.000000e+00 0.000000e+00 8.250000e+00 2.117900e-33 8.418653e-32 6.573296e-14
0.000000e+00 0.000000e+00 8.500000e+00 -1.694320e-32 3.388640e-32 6.266837e-14
0.000000e+00 0.000000e+00 8.750000e+00 -1.489149e-32 1.482530e-32 5.979876e-14
0.000000e+00 0.000000e+00 9.000000e+00 1.800215e-32 -2.668554e-31 5.710929e-14
0.000000e+00 0.000000e+00 9.250000e+00 -1.058950e-33 4.129905e-32 5.458635e-14
0.000000e+00 0.000000e+00 9.500000e+00 5.294750e-33 -2.530891e-31 5.221746e-14
0.000000e+00 0.000000e+00 9.750000e+00 1.959058e-32 9.530550e-33 4.999118e-14
