-2.500000e+00 -2.500000e+00 0.000000e+00 1.151391e-21 5.720881e-21 0.000000e+00
-2.500000e+00 -2.250000e+00 0.000000e+00 1.423028e-20 5.622544e-20 0.000000e+00
-2.500000e+00 -2.000000e+00 0.000000e+00 1.307701e-19 4.079573e-19 0.000000e+00
-2.500000e+00 -1.750000e+00 0.000000e+00 8.432455e-19 2.099625e-18 0.000000e+00
-2.500000e+00 -1.500000e+00 0.000000e+00 3.946040e-18 7.900890e-18 0.000000e+00
-2.500000e+00 -1.250000e+00 0.000000e+00 1.389587e-17 2.246080e-17 0.000000e+00
-2.500000e+00 -1.000000e+00 0.000000e+00 3.788425e-17 4.948055e-17 0.000000e+00
-2.500000e+00 -7.500000e-01 0.000000e+00 8.168367e-17 8.601487e-17 0.000000e+00
-2.500000e+00 -5.000000e-01 0.000000e+00 1.414744e-16 1.193624e-16 0.000000e+00
-2.500000e+00 -2.500000e-01 0.000000e+00 1.989443e-16 1.329332e-16 0.000000e+00
-2.500000e+00 0.000000e+00 0.000000e+00 2.285852e-16 1.186627e-16 0.000000e+00
-2.500000e+00 2.500000e-01 0.000000e+00 2.150887e-16 8.409631e-17 0.000000e+00
-2.500000e+00 5.000000e-01 0.000000e+00 1.654691e-16 4.627407e-17 0.000000e+00
-2.500000e+00 7.500000e-01 0.000000e+00 1.034837e-16 1.883408e-17 0.000000e+00
-2.500000e+00 1.000000e+00 0.000000e+00 5.208995e-17 4.988040e-18 0.000000e+00
-2.500000e+00 1.250000e+00 0.000000e+00 2.080074e-17 4.081941e-19 0.000000e+00
-2.500000e+00 1.500000e+00 0.000000e+00 6.467868e-18 -2.993554e-19 0.000000e+00
-2.500000e+00 1.750000e+00 0.000000e+00 1.535435e-18 -1.526351e-19 0.000000e+00
-2.500000e+00 2.000000e+00 0.000000e+00 2.761306e-19 -3.682813e-20 0.000000e+00
-2.500000e+00 2.250000e+00 0.000000e+00 3.948772e-20 -5.584165e-21 0.000000e+00
-2.500000e+00 2.500000e+00 0.000000e+00 5.374744e-21 -7.726238e-22 0.000000e+00
-2.250000e+00 -2.500000e+00 0.000000e+00 7.428748e-21 4.186112e-20 0.000000e+00
-2.250000e+00 -2.250000e+00 0.000000e+00 8.684341e-20 3.847751e-19 0.000000e+00
-2.250000e+00 -2.000000e+00 0.000000e+00 6.904389e-19 2.457002e-18 0.000000e+00
-2.250000e+00 -1.750000e+00 0.000000e+00 3.946383e-18 1.131129e-17 0.000000e+00
-2.250000e+00 -1.500000e+00 0.000000e+00 1.698158e-17 3.907776e-17 0.000000e+00
-2.250000e+00 -1.250000e+00 0.000000e+00 5.672775e-17 1.043673e-16 0.000000e+00
-2.250000e+00 -1.000000e+00 0.000000e+00 1.502922e-16 2.200598e-16 0.000000e+00
-2.250000e+00 -7.500000e-01 0.000000e+00 3.207963e-16 3.715538e-16 0.000000e+00
-2.250000e+00 -5.000000e-01 0.000000e+00 5.581067e-16 5.065115e-16 0.000000e+00
-2.250000e+00 -2.500000e-01 0.000000e+00 7.978292e-16 5.587921e-16 0.000000e+00
-2.250000e+00 0.000000e+00 0.000000e+00 9.416613e-16 4.966170e-16 0.000000e+00
-2.250000e+00 2.500000e-01 0.000000e+00 9.191668e-16 3.504789e-16 0.000000e+00
-2.250000e+00 5.000000e-01 0.000000e+00 7.409374e-16 1.901530e-16 0.000000e+00
-2.250000e+00 7.500000e-01 0.000000e+00 4.909830e-16 7.331667e-17 0.000000e+00
-2.250000e+00 1.000000e+00 0.000000e+00 2.654037e-16 1.502346e-17 0.000000e+00
-2.250000e+00 1.250000e+00 0.000000e+00 1.158101e-16 -2.648882e-18 0.000000e+00
-2.250000e+00 1.500000e+00 0.000000e+00 4.030207e-17 -3.576498e-18 0.000000e+00
-2.250000e+00 1.750000e+00 0.000000e+00 1.106782e-17 -1.533885e-18 0.000000e+00
-2.250000e+00 2.000000e+00 0.000000e+00 2.394233e-18 -4.037436e-19 0.000000e+00
-2.250000e+00 2.250000e+00 0.000000e+00 4.159894e-19 -7.440794e-20 0.000000e+00
-2.250000e+00 2.500000e+00 0.000000e+00 6.103321e-20 -1.131374e-20 0.000000e+00
-2.000000e+00 -2.500000e+00 0.000000e+00 5.159756e-20 2.867926e-19 0.000000e+00
-2.000000e+00 -2.250000e+00 0.000000e+00 4.842982e-19 2.210520e-18 0.000000e+00
-2.000000e+00 -2.000000e+00 0.000000e+00 3.145700e-18 1.201700e-17 0.000000e+00
-2.000000e+00 -1.750000e+00 0.000000e+00 1.532898e-17 4.869698e-17 0.000000e+00
-2.000000e+00 -1.500000e+00 0.000000e+00 5.875139e-17 1.527201e-16 0.000000e+00
-2.000000e+00 -1.250000e+00 0.000000e+00 1.817645e-16 3.798284e-16 0.000000e+00
-2.000000e+00 -1.000000e+00 0.000000e+00 4.604125e-16 7.610789e-16 0.000000e+00
-2.000000e+00 -7.500000e-01 0.000000e+00 9.628750e-16 1.240331e-15 0.000000e+00
-2.000000e+00 -5.000000e-01 0.000000e+00 1.671660e-15 1.650612e-15 0.000000e+00
-2.000000e+00 -2.500000e-01 0.000000e+00 2.417854e-15 1.790500e-15 0.000000e+00
-2.000000e+00 0.000000e+00 0.000000e+00 2.918979e-15 1.568423e-15 0.000000e+00
-2.000000e+00 2.500000e-01 0.000000e+00 2.941614e-15 1.085265e-15 0.000000e+00
-2.000000e+00 5.000000e-01 0.000000e+00 2.469961e-15 5.639754e-16 0.000000e+00
-2.000000e+00 7.500000e-01 0.000000e+00 1.721324e-15 1.898577e-16 0.000000e+00
-2.000000e+00 1.000000e+00 0.000000e+00 9.899285e-16 1.129843e-17 0.000000e+00
-2.000000e+00 1.250000e+00 0.000000e+00 4.665309e-16 -3.261802e-17 0.000000e+00
-2.000000e+00 1.500000e+00 0.000000e+00 1.789891e-16 -2.389892e-17 0.000000e+00
-2.000000e+00 1.750000e+00 0.000000e+00 5.572424e-17 -9.924759e-18 0.000000e+00
-2.000000e+00 2.000000e+00 0.000000e+00 1.413215e-17 -2.878813e-18 0.000000e+00
-2.000000e+00 2.250000e+00 0.000000e+00 2.952505e-18 -6.404607e-19 0.000000e+00
-2.000000e+00 2.500000e+00 0.000000e+00 5.121011e-19 -1.199478e-19 0.000000e+00
-1.750000e+00 -2.500000e+00 0.000000e+00 2.783695e-19 1.657496e-18 0.000000e+00
-1.750000e+00 -2.250000e+00 0.000000e+00 2.193167e-18 1.057607e-17 0.000000e+00
-1.750000e+00 -2.000000e+00 0.000000e+00 1.211446e-17 4.899134e-17 0.000000e+00
-1.750000e+00 -1.750000e+00 0.000000e+00 5.088470e-17 1.740202e-16 0.000000e+00
-1.750000e+00 -1.500000e+00 0.000000e+00 1.716316e-16 4.911162e-16 0.000000e+00
-1.750000e+00 -1.250000e+00 0.000000e+00 4.809346e-16 1.125769e-15 0.000000e+00
-1.750000e+00 -1.000000e+00 0.000000e+00 1.139179e-15 2.122361e-15 0.000000e+00
-1.750000e+00 -7.500000e-01 0.000000e+00 2.294505e-15 3.308457e-15 0.000000e+00
-1.750000e+00 -5.000000e-01 0.000000e+00 3.929467e-15 4.261830e-15 0.000000e+00
-1.750000e+00 -2.500000e-01 0.000000e+00 5.708421e-15 4.505261e-15 0.000000e+00
-1.750000e+00 0.000000e+00 0.000000e+00 7.014896e-15 3.846034e-15 0.000000e+00
-1.750000e+00 2.500000e-01 0.000000e+00 7.271210e-15 2.562378e-15 0.000000e+00
-1.750000e+00 5.000000e-01 0.000000e+00 6.337430e-15 1.223781e-15 0.000000e+00
-1.750000e+00 7.500000e-01 0.000000e+00 4.627657e-15 2.948050e-16 0.000000e+00
-1.750000e+00 1.000000e+00 0.000000e+00 2.819557e-15 -1.136257e-16 0.000000e+00
-1.750000e+00 1.250000e+00 0.000000e+00 1.427904e-15 -1.733390e-16 0.000000e+00
-1.750000e+00 1.500000e+00 0.000000e+00 5.997315e-16 -1.083781e-16 0.000000e+00
-1.750000e+00 1.750000e+00 0.000000e+00 2.091615e-16 -4.596662e-17 0.000000e+00
-1.750000e+00 2.000000e+00 0.000000e+00 6.085792e-17 -1.482573e-17 0.000000e+00
-1.750000e+00 2.250000e+00 0.000000e+00 1.481041e-17 -3.901320e-18 0.000000e+00
-1.750000e+00 2.500000e+00 0.000000e+00 2.978029e-18 -8.735407e-19 0.000000e+00
-1.500000e+00 -2.500000e+00 0.000000e+00 9.680364e-19 7.542263e-18 0.000000e+00
-1.500000e+00 -2.250000e+00 0.000000e+00 7.135218e-18 4.114393e-17 0.000000e+00
-1.500000e+00 -2.000000e+00 0.000000e+00 3.635782e-17 1.662343e-16 0.000000e+00
-1.500000e+00 -1.750000e+00 0.000000e+00 1.390394e-16 5.232761e-16 0.000000e+00
-1.500000e+00 -1.500000e+00 0.000000e+00 4.237292e-16 1.329722e-15 0.000000e+00
-1.500000e+00 -1.250000e+00 0.000000e+00 1.076860e-15 2.792207e-15 0.000000e+00
-1.500000e+00 -1.000000e+00 0.000000e+00 2.352749e-15 4.907308e-15 0.000000e+00
-1.500000e+00 -7.500000e-01 0.000000e+00 4.483731e-15 7.244899e-15 0.000000e+00
-1.500000e+00 -5.000000e-01 0.000000e+00 7.462666e-15 8.945991e-15 0.000000e+00
-1.500000e+00 -2.500000e-01 0.000000e+00 1.078075e-14 9.123053e-15 0.000000e+00
-1.500000e+00 0.000000e+00 0.000000e+00 1.340765e-14 7.493402e-15 0.000000e+00
-1.500000e+00 2.500000e-01 0.000000e+00 1.425117e-14 4.698343e-15 0.000000e+00
-1.500000e+00 5.000000e-01 0.000000e+00 1.287379e-14 1.919305e-15 0.000000e+00
-1.500000e+00 7.500000e-01 0.000000e+00 9.842644e-15 8.310644e-17 0.000000e+00
-1.500000e+00 1.000000e+00 0.000000e+00 6.350319e-15 -6.276021e-16 0.000000e+00
-1.500000e+00 1.250000e+00 0.000000e+00 3.452243e-15 -6.126968e-16 0.000000e+00
-1.500000e+00 1.500000e+00 0.000000e+00 1.581973e-15 -3.665972e-16 0.000000e+00
-1.500000e+00 1.750000e+00 0.000000e+00 6.123555e-16 -1.638402e-16 0.000000e+00
-1.500000e+00 2.000000e+00 0.000000e+00 2.004284e-16 -5.904336e-17 0.000000e+00
-1.500000e+00 2.250000e+00 0.000000e+00 5.508878e-17 -1.790333e-17 0.000000e+00
-1.500000e+00 2.500000e+00 0.000000e+00 1.242496e-17 -4.573856e-18 0.000000e+00
-1.250000e+00 -2.500000e+00 0.000000e+00 1.728426e-18 2.647812e-17 0.000000e+00
-1.250000e+00 -2.250000e+00 0.000000e+00 1.461048e-17 1.279832e-16 0.000000e+00
-1.250000e+00 -2.000000e+00 0.000000e+00 7.685132e-17 4.639523e-16 0.000000e+00
-1.250000e+00 -1.750000e+00 0.000000e+00 2.893766e-16 1.319860e-15 0.000000e+00
-1.250000e+00 -1.500000e+00 0.000000e+00 8.425487e-16 3.050905e-15 0.000000e+00
-1.250000e+00 -1.250000e+00 0.000000e+00 2.006513e-15 5.877802e-15 0.000000e+00
-1.250000e+00 -1.000000e+00 0.000000e+00 4.084116e-15 9.585111e-15 0.000000e+00
-1.250000e+00 -7.500000e-01 0.000000e+00 7.321728e-15 1.329419e-14 0.000000e+00
-1.250000e+00 -5.000000e-01 0.000000e+00 1.170882e-14 1.558746e-14 0.000000e+00
-1.250000e+00 -2.500000e-01 0.000000e+00 1.665658e-14 1.517392e-14 0.000000e+00
-1.250000e+00 0.000000e+00 0.000000e+00 2.084575e-14 1.182096e-14 0.000000e+00
-1.250000e+00 2.500000e-01 0.000000e+00 2.267528e-14 6.758983e-15 0.000000e+00
-1.250000e+00 5.000000e-01 0.000000e+00 2.123911e-14 1.998602e-15 0.000000e+00
-1.250000e+00 7.500000e-01 0.000000e+00 1.703074e-14 -9.661237e-16 0.000000e+00
-1.250000e+00 1.000000e+00 0.000000e+00 1.165712e-14 -1.924049e-15 0.000000e+00
-1.250000e+00 1.250000e+00 0.000000e+00 6.806094e-15 -1.634273e-15 0.000000e+00
-1.250000e+00 1.500000e+00 0.000000e+00 3.391173e-15 -9.873199e-16 0.000000e+00
-1.250000e+00 1.750000e+00 0.000000e+00 1.441431e-15 -4.738822e-16 0.000000e+00
-1.250000e+00 2.000000e+00 0.000000e+00 5.200915e-16 -1.896548e-16 0.000000e+00
-1.250000e+00 2.250000e+00 0.000000e+00 1.569930e-16 -6.413468e-17 0.000000e+00
-1.250000e+00 2.500000e+00 0.000000e+00 3.855646e-17 -1.790646e-17 0.000000e+00
-1.000000e+00 -2.500000e+00 0.000000e+00 -1.161307e-18 7.204057e-17 0.000000e+00
-1.000000e+00 -2.250000e+00 0.000000e+00 1.014011e-17 3.170847e-16 0.000000e+00
-1.000000e+00 -2.000000e+00 0.000000e+00 9.038398e-17 1.056223e-15 0.000000e+00
-1.000000e+00 -1.750000e+00 0.000000e+00 3.991093e-16 2.770722e-15 0.000000e+00
-1.000000e+00 -1.500000e+00 0.000000e+00 1.225011e-15 5.913302e-15 0.000000e+00
-1.000000e+00 -1.250000e+00 0.000000e+00 2.918288e-15 1.053816e-14 0.000000e+00
-1.000000e+00 -1.000000e+00 0.000000e+00 5.764289e-15 1.596672e-14 0.000000e+00
-1.000000e+00 -7.500000e-01 0.000000e+00 9.906676e-15 2.072129e-14 0.000000e+00
-1.000000e+00 -5.000000e-01 0.000000e+00 1.527800e-14 2.290108e-14 0.000000e+00
-1.000000e+00 -2.500000e-01 0.000000e+00 2.135244e-14 2.106902e-14 0.000000e+00
-1.000000e+00 0.000000e+00 0.000000e+00 2.684042e-14 1.531119e-14 0.000000e+00
-1.000000e+00 2.500000e-01 0.000000e+00 2.989710e-14 7.585380e-15 0.000000e+00
-1.000000e+00 5.000000e-01 0.000000e+00 2.911305e-14 7.191763e-16 0.000000e+00
-1.000000e+00 7.500000e-01 0.000000e+00 2.456591e-14 -3.312030e-15 0.000000e+00
-1.000000e+00 1.000000e+00 0.000000e+00 1.788182e-14 -4.345005e-15 0.000000e+00
-1.000000e+00 1.250000e+00 0.000000e+00 1.120565e-14 -3.541642e-15 0.000000e+00
-1.000000e+00 1.500000e+00 0.000000e+00 6.033284e-15 -2.225420e-15 0.000000e+00
-1.000000e+00 1.750000e+00 0.000000e+00 2.777944e-15 -1.152090e-15 0.000000e+00
-1.000000e+00 2.000000e+00 0.000000e+00 1.082351e-15 -5.023015e-16 0.000000e+00
-1.000000e+00 2.250000e+00 0.000000e+00 3.501189e-16 -1.828914e-16 0.000000e+00
-1.000000e+00 2.500000e+00 0.000000e+00 9.136778e-17 -5.386862e-17 0.000000e+00
-7.500000e-01 -2.500000e+00 0.000000e+00 -1.746427e-17 1.537702e-16 0.000000e+00
-7.500000e-01 -2.250000e+00 0.000000e+00 -4.472748e-17 6.283793e-16 0.000000e+00
-7.500000e-01 -2.000000e+00 0.000000e+00 -4.194294e-17 1.957857e-15 0.000000e+00
-7.500000e-01 -1.750000e+00 0.000000e+00 1.731591e-16 4.815886e-15 0.000000e+00
-7.500000e-01 -1.500000e+00 0.000000e+00 9.734542e-16 9.632185e-15 0.000000e+00
-7.500000e-01 -1.250000e+00 0.000000e+00 2.808585e-15 1.605989e-14 0.000000e+00
-7.500000e-01 -1.000000e+00 0.000000e+00 5.966837e-15 2.274937e-14 0.000000e+00
-7.500000e-01 -7.500000e-01 0.000000e+00 1.046276e-14 2.764310e-14 0.000000e+00
-7.500000e-01 -5.000000e-01 0.000000e+00 1.612669e-14 2.867316e-14 0.000000e+00
-7.500000e-01 -2.500000e-01 0.000000e+00 2.256290e-14 2.469256e-14 0.000000e+00
-7.500000e-01 0.000000e+00 0.000000e+00 2.878808e-14 1.635911e-14 0.000000e+00
-7.500000e-01 2.500000e-01 0.000000e+00 3.308113e-14 6.259602e-15 0.000000e+00
-7.500000e-01 5.000000e-01 0.000000e+00 3.369020e-14 -2.288059e-15 0.000000e+00
-7.500000e-01 7.500000e-01 0.000000e+00 3.004014e-14 -7.088896e-15 0.000000e+00
-7.500000e-01 1.000000e+00 0.000000e+00 2.327942e-14 -8.044993e-15 0.000000e+00
-7.500000e-01 1.250000e+00 0.000000e+00 1.560086e-14 -6.576975e-15 0.000000e+00
-7.500000e-01 1.500000e+00 0.000000e+00 8.990713e-15 -4.340927e-15 0.000000e+00
-7.500000e-01 1.750000e+00 0.000000e+00 4.416086e-15 -2.394795e-15 0.000000e+00
-7.500000e-01 2.000000e+00 0.000000e+00 1.822626e-15 -1.106262e-15 0.000000e+00
-7.500000e-01 2.250000e+00 0.000000e+00 6.191084e-16 -4.199746e-16 0.000000e+00
-7.500000e-01 2.500000e+00 0.000000e+00 1.683467e-16 -1.269652e-16 0.000000e+00
-5.000000e-01 -2.500000e+00 0.000000e+00 -5.931402e-17 2.607051e-16 0.000000e+00
-5.000000e-01 -2.250000e+00 0.000000e+00 -1.962730e-16 1.003264e-15 0.000000e+00
-5.000000e-01 -2.000000e+00 0.000000e+00 -4.630540e-16 2.962549e-15 0.000000e+00
-5.000000e-01 -1.750000e+00 0.000000e+00 -7.496593e-16 6.923168e-15 0.000000e+00
-5.000000e-01 -1.500000e+00 0.000000e+00 -6.620629e-16 1.314660e-14 0.000000e+00
-5.000000e-01 -1.250000e+00 0.000000e+00 3.969124e-16 2.075369e-14 0.000000e+00
-5.000000e-01 -1.000000e+00 0.000000e+00 2.893636e-15 2.773651e-14 0.000000e+00
-5.000000e-01 -7.500000e-01 0.000000e+00 6.907094e-15 3.169616e-14 0.000000e+00
-5.000000e-01 -5.000000e-01 0.000000e+00 1.222665e-14 3.079559e-14 0.000000e+00
-5.000000e-01 -2.500000e-01 0.000000e+00 1.851149e-14 2.451968e-14 0.000000e+00
-5.000000e-01 0.000000e+00 0.000000e+00 2.505925e-14 1.413824e-14 0.000000e+00
-5.000000e-01 2.500000e-01 0.000000e+00 3.045276e-14 2.536216e-15 0.000000e+00
-5.000000e-01 5.000000e-01 0.000000e+00 3.287000e-14 -6.955790e-15 0.000000e+00
-5.000000e-01 7.500000e-01 0.000000e+00 3.115245e-14 -1.218527e-14 0.000000e+00
-5.000000e-01 1.000000e+00 0.000000e+00 2.569863e-14 -1.300893e-14 0.000000e+00
-5.000000e-01 1.250000e+00 0.000000e+00 1.831576e-14 -1.081544e-14 0.000000e+00
-5.000000e-01 1.500000e+00 0.000000e+00 1.118122e-14 -7.428345e-15 0.000000e+00
-5.000000e-01 1.750000e+00 0.000000e+00 5.778269e-15 -4.265731e-15 0.000000e+00
-5.000000e-01 2.000000e+00 0.000000e+00 2.487682e-15 -2.028915e-15 0.000000e+00
-5.000000e-01 2.250000e+00 0.000000e+00 8.737548e-16 -7.824473e-16 0.000000e+00
-5.000000e-01 2.500000e+00 0.000000e+00 2.438650e-16 -2.377821e-16 0.000000e+00
-2.500000e-01 -2.500000e+00 0.000000e+00 -1.278315e-16 3.545266e-16 0.000000e+00
-2.500000e-01 -2.250000e+00 0.000000e+00 -4.473538e-16 1.299487e-15 0.000000e+00
-2.500000e-01 -2.000000e+00 0.000000e+00 -1.185485e-15 3.675153e-15 0.000000e+00
-2.500000e-01 -1.750000e+00 0.000000e+00 -2.423455e-15 8.247568e-15 0.000000e+00
-2.500000e-01 -1.500000e+00 0.000000e+00 -3.851863e-15 1.504168e-14 0.000000e+00
-2.500000e-01 -1.250000e+00 0.000000e+00 -4.703928e-15 2.275409e-14 0.000000e+00
-2.500000e-01 -1.000000e+00 0.000000e+00 -4.102691e-15 2.900988e-14 0.000000e+00
-2.500000e-01 -7.500000e-01 0.000000e+00 -1.552435e-15 3.140084e-14 0.000000e+00
-2.500000e-01 -5.000000e-01 0.000000e+00 2.904106e-15 2.851939e-14 0.000000e+00
-2.500000e-01 -2.500000e-01 0.000000e+00 8.859440e-15 2.046965e-14 0.000000e+00
-2.500000e-01 0.000000e+00 0.000000e+00 1.558411e-14 8.926127e-15 0.000000e+00
-2.500000e-01 2.500000e-01 0.000000e+00 2.183784e-14 -3.255604e-15 0.000000e+00
-2.500000e-01 5.000000e-01 0.000000e+00 2.596128e-14 -1.302864e-14 0.000000e+00
-2.500000e-01 7.500000e-01 0.000000e+00 2.657602e-14 -1.837061e-14 0.000000e+00
-2.500000e-01 1.000000e+00 0.000000e+00 2.344588e-14 -1.894124e-14 0.000000e+00
-2.500000e-01 1.250000e+00 0.000000e+00 1.773656e-14 -1.588461e-14 0.000000e+00
-2.500000e-01 1.500000e+00 0.000000e+00 1.140131e-14 -1.111273e-14 0.000000e+00
-2.500000e-01 1.750000e+00 0.000000e+00 6.148367e-15 -6.473270e-15 0.000000e+00
-2.500000e-01 2.000000e+00 0.000000e+00 2.735785e-15 -3.094832e-15 0.000000e+00
-2.500000e-01 2.250000e+00 0.000000e+00 9.839890e-16 -1.188848e-15 0.000000e+00
-2.500000e-01 2.500000e+00 0.000000e+00 2.789507e-16 -3.574022e-16 0.000000e+00
0.000000e+00 -2.500000e+00 0.000000e+00 -2.012948e-16 3.890999e-16 0.000000e+00
0.000000e+00 -2.250000e+00 0.000000e+00 -7.171515e-16 1.372491e-15 0.000000e+00
0.000000e+00 -2.000000e+00 0.000000e+00 -1.977629e-15 3.753681e-15 0.000000e+00
0.000000e+00 -1.750000e+00 0.000000e+00 -4.324446e-15 8.173102e-15 0.000000e+00
0.000000e+00 -1.500000e+00 0.000000e+00 -7.643744e-15 1.448609e-14 0.000000e+00
0.000000e+00 -1.250000e+00 0.000000e+00 -1.107980e-14 2.128415e-14 0.000000e+00
0.000000e+00 -1.000000e+00 0.000000e+00 -1.327148e-14 2.624450e-14 0.000000e+00
0.000000e+00 -7.500000e-01 0.000000e+00 -1.304395e-14 2.716266e-14 0.000000e+00
0.000000e+00 -5.000000e-01 0.000000e+00 -9.998228e-15 2.291323e-14 0.000000e+00
0.000000e+00 -2.500000e-01 0.000000e+00 -4.590756e-15 1.387262e-14 0.000000e+00
0.000000e+00 0.000000e+00 0.000000e+00 2.144138e-15 1.859161e-15 0.000000e+00
0.000000e+00 2.500000e-01 0.000000e+00 8.875163e-15 -1.035452e-14 0.000000e+00
0.000000e+00 5.000000e-01 0.000000e+00 1.418731e-14 -1.993577e-14 0.000000e+00
0.000000e+00 7.500000e-01 0.000000e+00 1.689100e-14 -2.493479e-14 0.000000e+00
0.000000e+00 1.000000e+00 0.000000e+00 1.647558e-14 -2.483681e-14 0.000000e+00
0.000000e+00 1.250000e+00 0.000000e+00 1.344906e-14 -2.062336e-14 0.000000e+00
0.000000e+00 1.500000e+00 0.000000e+00 9.177998e-15 -1.435872e-14 0.000000e+00
0.000000e+00 1.750000e+00 0.000000e+00 5.182369e-15 -8.301421e-15 0.000000e+00
0.000000e+00 2.000000e+00 0.000000e+00 2.384022e-15 -3.918158e-15 0.000000e+00
0.000000e+00 2.250000e+00 0.000000e+00 8.761167e-16 -1.477575e-15 0.000000e+00
0.000000e+00 2.500000e+00 0.000000e+00 2.510468e-16 -4.338584e-16 0.000000e+00
2.500000e-01 -2.500000e+00 0.000000e+00 -2.433303e-16 3.454707e-16 0.000000e+00
2.500000e-01 -2.250000e+00 0.000000e+00 -8.753637e-16 1.185112e-15 0.000000e+00
2.500000e-01 -2.000000e+00 0.000000e+00 -2.467694e-15 3.167406e-15 0.000000e+00
2.500000e-01 -1.750000e+00 0.000000e+00 -5.591536e-15 6.771864e-15 0.000000e+00
2.500000e-01 -1.500000e+00 0.000000e+00 -1.039718e-14 1.183571e-14 0.000000e+00
2.500000e-01 -1.250000e+00 0.000000e+00 -1.613486e-14 1.718452e-14 0.000000e+00
2.500000e-01 -1.000000e+00 0.000000e+00 -2.116974e-14 2.085887e-14 0.000000e+00
2.500000e-01 -7.500000e-01 0.000000e+00 -2.368365e-14 2.086547e-14 0.000000e+00
2.500000e-01 -5.000000e-01 0.000000e+00 -2.263638e-14 1.603047e-14 0.000000e+00
2.500000e-01 -2.500000e-01 0.000000e+00 -1.828517e-14 6.621810e-15 0.000000e+00
2.500000e-01 0.000000e+00 0.000000e+00 -1.192232e-14 -5.500491e-15 0.000000e+00
2.500000e-01 2.500000e-01 0.000000e+00 -5.132893e-15 -1.743244e-14 0.000000e+00
2.500000e-01 5.000000e-01 0.000000e+00 8.004450e-16 -2.630037e-14 0.000000e+00
2.500000e-01 7.500000e-01 0.000000e+00 5.027330e-15 -3.023320e-14 0.000000e+00
2.500000e-01 1.000000e+00 0.000000e+00 7.072849e-15 -2.884145e-14 0.000000e+00
2.500000e-01 1.250000e+00 0.000000e+00 6.959291e-15 -2.327456e-14 0.000000e+00
2.500000e-01 1.500000e+00 0.000000e+00 5.344327e-15 -1.582146e-14 0.000000e+00
2.500000e-01 1.750000e+00 0.000000e+00 3.268134e-15 -8.931113e-15 0.000000e+00
2.500000e-01 2.000000e+00 0.000000e+00 1.585554e-15 -4.106570e-15 0.000000e+00
2.500000e-01 2.250000e+00 0.000000e+00 6.018655e-16 -1.503260e-15 0.000000e+00
2.500000e-01 2.500000e+00 0.000000e+00 1.750250e-16 -4.264752e-16 0.000000e+00
5.000000e-01 -2.500000e+00 0.000000e+00 -2.304865e-16 2.477797e-16 0.000000e+00
5.000000e-01 -2.250000e+00 0.000000e+00 -8.395683e-16 8.365666e-16 0.000000e+00
5.000000e-01 -2.000000e+00 0.000000e+00 -2.417360e-15 2.213595e-15 0.000000e+00
5.000000e-01 -1.750000e+00 0.000000e+00 -5.648995e-15 4.721336e-15 0.000000e+00
5.000000e-01 -1.500000e+00 0.000000e+00 -1.094425e-14 8.297998e-15 0.000000e+00
5.000000e-01 -1.250000e+00 0.000000e+00 -1.787498e-14 1.217167e-14 0.000000e+00
5.000000e-01 -1.000000e+00 0.000000e+00 -2.492624e-14 1.483840e-14 0.000000e+00
5.000000e-01 -7.500000e-01 0.000000e+00 -2.995771e-14 1.444150e-14 0.000000e+00
5.000000e-01 -5.000000e-01 0.000000e+00 -3.126807e-14 9.572259e-15 0.000000e+00
5.000000e-01 -2.500000e-01 0.000000e+00 -2.855699e-14 2.582546e-16 0.000000e+00
5.000000e-01 0.000000e+00 0.000000e+00 -2.300632e-14 -1.155404e-14 0.000000e+00
5.000000e-01 2.500000e-01 0.000000e+00 -1.640415e-14 -2.266107e-14 0.000000e+00
5.000000e-01 5.000000e-01 0.000000e+00 -1.014381e-14 -3.007024e-14 0.000000e+00
5.000000e-01 7.500000e-01 0.000000e+00 -4.944474e-15 -3.218545e-14 0.000000e+00
5.000000e-01 1.000000e+00 0.000000e+00 -1.175349e-15 -2.913760e-14 0.000000e+00
5.000000e-01 1.250000e+00 0.000000e+00 9.594390e-16 -2.251504e-14 0.000000e+00
5.000000e-01 1.500000e+00 0.000000e+00 1.599277e-15 -1.472558e-14 0.000000e+00
5.000000e-01 1.750000e+00 0.000000e+00 1.300517e-15 -8.014056e-15 0.000000e+00
5.000000e-01 2.000000e+00 0.000000e+00 7.307528e-16 -3.551430e-15 0.000000e+00
5.000000e-01 2.250000e+00 0.000000e+00 3.007227e-16 -1.249687e-15 0.000000e+00
5.000000e-01 2.500000e+00 0.000000e+00 9.100745e-17 -3.390969e-16 0.000000e+00
7.500000e-01 -2.500000e+00 0.000000e+00 -1.722045e-16 1.428099e-16 0.000000e+00
7.500000e-01 -2.250000e+00 0.000000e+00 -6.408206e-16 4.815151e-16 0.000000e+00
7.500000e-01 -2.000000e+00 0.000000e+00 -1.898793e-15 1.283513e-15 0.000000e+00
7.500000e-01 -1.750000e+00 0.000000e+00 -4.606364e-15 2.790623e-15 0.000000e+00
7.500000e-01 -1.500000e+00 0.000000e+00 -9.347756e-15 5.055843e-15 0.000000e+00
7.500000e-01 -1.250000e+00 0.000000e+00 -1.611649e-14 7.670443e-15 0.000000e+00
7.500000e-01 -1.000000e+00 0.000000e+00 -2.385564e-14 9.528802e-15 0.000000e+00
7.500000e-01 -7.500000e-01 0.000000e+00 -3.052917e-14 8.927579e-15 0.000000e+00
7.500000e-01 -5.000000e-01 0.000000e+00 -3.398117e-14 4.344079e-15 0.000000e+00
7.500000e-01 -2.500000e-01 0.000000e+00 -3.315962e-14 -4.310456e-15 0.000000e+00
7.500000e-01 0.000000e+00 0.000000e+00 -2.872082e-14 -1.500986e-14 0.000000e+00
7.500000e-01 2.500000e-01 0.000000e+00 -2.243129e-14 -2.441446e-14 0.000000e+00
7.500000e-01 5.000000e-01 0.000000e+00 -1.596819e-14 -2.966471e-14 0.000000e+00
7.500000e-01 7.500000e-01 0.000000e+00 -1.026476e-14 -2.969790e-14 0.000000e+00
7.500000e-01 1.000000e+00 0.000000e+00 -5.710984e-15 -2.532776e-14 0.000000e+00
7.500000e-01 1.250000e+00 0.000000e+00 -2.516529e-15 -1.852310e-14 0.000000e+00
7.500000e-01 1.500000e+00 0.000000e+00 -7.041549e-16 -1.151320e-14 0.000000e+00
7.500000e-01 1.750000e+00 0.000000e+00 2.125217e-17 -5.971913e-15 0.000000e+00
7.500000e-01 2.000000e+00 0.000000e+00 1.502691e-16 -2.524116e-15 0.000000e+00
7.500000e-01 2.250000e+00 0.000000e+00 9.063721e-17 -8.452858e-16 0.000000e+00
7.500000e-01 2.500000e+00 0.000000e+00 3.195641e-17 -2.170407e-16 0.000000e+00
1.000000e+00 -2.500000e+00 0.000000e+00 -1.012558e-16 6.555201e-17 0.000000e+00
1.000000e+00 -2.250000e+00 0.000000e+00 -3.901934e-16 2.248822e-16 0.000000e+00
1.000000e+00 -2.000000e+00 0.000000e+00 -1.206050e-15 6.181091e-16 0.000000e+00
1.000000e+00 -1.750000e+00 0.000000e+00 -3.078916e-15 1.407845e-15 0.000000e+00
1.000000e+00 -1.500000e+00 0.000000e+00 -6.627474e-15 2.698016e-15 0.000000e+00
1.000000e+00 -1.250000e+00 0.000000e+00 -1.218226e-14 4.301672e-15 0.000000e+00
1.000000e+00 -1.000000e+00 0.000000e+00 -1.924988e-14 5.429523e-15 0.000000e+00
1.000000e+00 -7.500000e-01 0.000000e+00 -2.623586e-14 4.662206e-15 0.000000e+00
1.000000e+00 -5.000000e-01 0.000000e+00 -3.092889e-14 6.555620e-16 0.000000e+00
1.000000e+00 -2.500000e-01 0.000000e+00 -3.169868e-14 -6.625367e-15 0.000000e+00
1.000000e+00 0.000000e+00 0.000000e+00 -2.851528e-14 -1.525617e-14 0.000000e+00
1.000000e+00 2.500000e-01 0.000000e+00 -2.284222e-14 -2.220515e-14 0.000000e+00
1.000000e+00 5.000000e-01 0.000000e+00 -1.654308e-14 -2.513185e-14 0.000000e+00
1.000000e+00 7.500000e-01 0.000000e+00 -1.089623e-14 -2.359111e-14 0.000000e+00
1.000000e+00 1.000000e+00 0.000000e+00 -6.436521e-15 -1.886078e-14 0.000000e+00
1.000000e+00 1.250000e+00 0.000000e+00 -3.287231e-15 -1.293163e-14 0.000000e+00
1.000000e+00 1.500000e+00 0.000000e+00 -1.371987e-15 -7.549105e-15 0.000000e+00
1.000000e+00 1.750000e+00 0.000000e+00 -4.299923e-16 -3.686215e-15 0.000000e+00
1.000000e+00 2.000000e+00 0.000000e+00 -8.400123e-17 -1.468086e-15 0.000000e+00
1.000000e+00 2.250000e+00 0.000000e+00 -1.693614e-18 -4.623030e-16 0.000000e+00
1.000000e+00 2.500000e+00 0.000000e+00 4.836777e-18 -1.108921e-16 0.000000e+00
1.250000e+00 -2.500000e+00 0.000000e+00 -4.642772e-17 2.365300e-17 0.000000e+00
1.250000e+00 -2.250000e+00 0.000000e+00 -1.886223e-16 8.460244e-17 0.000000e+00
1.250000e+00 -2.000000e+00 0.000000e+00 -6.196384e-16 2.470672e-16 0.000000e+00
1.250000e+00 -1.750000e+00 0.000000e+00 -1.695406e-15 6.071506e-16 0.000000e+00
1.250000e+00 -1.500000e+00 0.000000e+00 -3.931874e-15 1.253628e-15 0.000000e+00
1.250000e+00 -1.250000e+00 0.000000e+00 -7.788716e-15 2.098603e-15 0.000000e+00
1.250000e+00 -1.000000e+00 0.000000e+00 -1.320561e-14 2.614683e-15 0.000000e+00
1.250000e+00 -7.500000e-01 0.000000e+00 -1.916673e-14 1.788164e-15 0.000000e+00
1.250000e+00 -5.000000e-01 0.000000e+00 -2.383277e-14 -1.333929e-15 0.000000e+00
1.250000e+00 -2.500000e-01 0.000000e+00 -2.546414e-14 -6.681667e-15 0.000000e+00
1.250000e+00 0.000000e+00 0.000000e+00 -2.352752e-14 -1.269401e-14 0.000000e+00
1.250000e+00 2.500000e-01 0.000000e+00 -1.899527e-14 -1.706042e-14 0.000000e+00
1.250000e+00 5.000000e-01 0.000000e+00 -1.358103e-14 -1.818089e-14 0.000000e+00
1.250000e+00 7.500000e-01 0.000000e+00 -8.696816e-15 -1.606412e-14 0.000000e+00
1.250000e+00 1.000000e+00 0.000000e+00 -4.992240e-15 -1.202051e-14 0.000000e+00
1.250000e+00 1.250000e+00 0.000000e+00 -2.526421e-15 -7.673194e-15 0.000000e+00
1.250000e+00 1.500000e+00 0.000000e+00 -1.089186e-15 -4.159277e-15 0.000000e+00
1.250000e+00 1.750000e+00 0.000000e+00 -3.813585e-16 -1.885018e-15 0.000000e+00
1.250000e+00 2.000000e+00 0.000000e+00 -1.019313e-16 -6.966169e-16 0.000000e+00
1.250000e+00 2.250000e+00 0.000000e+00 -1.892716e-17 -2.030180e-16 0.000000e+00
1.250000e+00 2.500000e+00 0.000000e+00 -1.953862e-18 -4.472107e-17 0.000000e+00
1.500000e+00 -2.500000e+00 0.000000e+00 -1.633795e-17 6.589485e-18 0.000000e+00
1.500000e+00 -2.250000e+00 0.000000e+00 -7.157925e-17 2.537031e-17 0.000000e+00
1.500000e+00 -2.000000e+00 0.000000e+00 -2.557914e-16 8.152246e-17 0.000000e+00
1.500000e+00 -1.750000e+00 0.000000e+00 -7.658939e-16 2.215311e-16 0.000000e+00
1.500000e+00 -1.500000e+00 0.000000e+00 -1.942783e-15 4.945468e-16 0.000000e+00
1.500000e+00 -1.250000e+00 0.000000e+00 -4.180883e-15 8.516133e-16 0.000000e+00
1.500000e+00 -1.000000e+00 0.000000e+00 -7.621207e-15 9.812505e-16 0.000000e+00
1.500000e+00 -7.500000e-01 0.000000e+00 -1.175757e-14 2.809856e-16 0.000000e+00
1.500000e+00 -5.000000e-01 0.000000e+00 -1.536472e-14 -1.794065e-15 0.000000e+00
1.500000e+00 -2.500000e-01 0.000000e+00 -1.705184e-14 -5.128078e-15 0.000000e+00
1.500000e+00 0.000000e+00 0.000000e+00 -1.614263e-14 -8.675621e-15 0.000000e+00
1.500000e+00 2.500000e-01 0.000000e+00 -1.312127e-14 -1.097842e-14 0.000000e+00
1.500000e+00 5.000000e-01 0.000000e+00 -9.238310e-15 -1.112836e-14 0.000000e+00
1.500000e+00 7.500000e-01 0.000000e+00 -5.689219e-15 -9.316979e-15 0.000000e+00
1.500000e+00 1.000000e+00 0.000000e+00 -3.084917e-15 -6.543683e-15 0.000000e+00
1.500000e+00 1.250000e+00 0.000000e+00 -1.468593e-15 -3.878628e-15 0.000000e+00
1.500000e+00 1.500000e+00 0.000000e+00 -6.028711e-16 -1.934538e-15 0.000000e+00
1.500000e+00 1.750000e+00 0.000000e+00 -2.062904e-16 -8.017462e-16 0.000000e+00
1.500000e+00 2.000000e+00 0.000000e+00 -5.611245e-17 -2.697825e-16 0.000000e+00
1.500000e+00 2.250000e+00 0.000000e+00 -1.141383e-17 -7.121726e-17 0.000000e+00
1.500000e+00 2.500000e+00 0.000000e+00 -1.594594e-18 -1.406450e-17 0.000000e+00
1.750000e+00 -2.500000e+00 0.000000e+00 -4.308982e-18 1.382435e-18 0.000000e+00
1.750000e+00 -2.250000e+00 0.000000e+00 -2.093078e-17 5.963977e-18 0.000000e+00
1.750000e+00 -2.000000e+00 0.000000e+00 -8.360937e-17 2.185214e-17 0.000000e+00
1.750000e+00 -1.750000e+00 0.000000e+00 -2.798468e-16 6.652988e-17 0.000000e+00
1.750000e+00 -1.500000e+00 0.000000e+00 -7.861697e-16 1.586212e-16 0.000000e+00
1.750000e+00 -1.250000e+00 0.000000e+00 -1.846642e-15 2.699459e-16 0.000000e+00
1.750000e+00 -1.000000e+00 0.000000e+00 -3.618734e-15 2.456011e-16 0.000000e+00
1.750000e+00 -7.500000e-01 0.000000e+00 -5.921082e-15 -2.079368e-16 0.000000e+00
1.750000e+00 -5.000000e-01 0.000000e+00 -8.112237e-15 -1.344056e-15 0.000000e+00
1.750000e+00 -2.500000e-01 0.000000e+00 -9.339538e-15 -3.069815e-15 0.000000e+00
1.750000e+00 0.000000e+00 0.000000e+00 -9.069125e-15 -4.817676e-15 0.000000e+00
1.750000e+00 2.500000e-01 0.000000e+00 -7.456161e-15 -5.831493e-15 0.000000e+00
1.750000e+00 5.000000e-01 0.000000e+00 -5.211807e-15 -5.682827e-15 0.000000e+00
1.750000e+00 7.500000e-01 0.000000e+00 -3.111729e-15 -4.549235e-15 0.000000e+00
1.750000e+00 1.000000e+00 0.000000e+00 -1.593717e-15 -3.020388e-15 0.000000e+00
1.750000e+00 1.250000e+00 0.000000e+00 -7.010522e-16 -1.667586e-15 0.000000e+00
1.750000e+00 1.500000e+00 0.000000e+00 -2.631189e-16 -7.627060e-16 0.000000e+00
1.750000e+00 1.750000e+00 0.000000e+00 -8.260676e-17 -2.857046e-16 0.000000e+00
1.750000e+00 2.000000e+00 0.000000e+00 -2.091604e-17 -8.581836e-17 0.000000e+00
1.750000e+00 2.250000e+00 0.000000e+00 -4.043201e-18 -1.997830e-17 0.000000e+00
1.750000e+00 2.500000e+00 0.000000e+00 -5.521060e-19 -3.423300e-18 0.000000e+00
2.000000e+00 -2.500000e+00 0.000000e+00 -8.240475e-19 2.108280e-19 0.000000e+00
2.000000e+00 -2.250000e+00 0.000000e+00 -4.582686e-18 1.067468e-18 0.000000e+00
2.000000e+00 -2.000000e+00 0.000000e+00 -2.109900e-17 4.601305e-18 0.000000e+00
2.000000e+00 -1.750000e+00 0.000000e+00 -8.059939e-17 1.570735e-17 0.000000e+00
2.000000e+00 -1.500000e+00 0.000000e+00 -2.533409e-16 3.902954e-17 0.000000e+00
2.000000e+00 -1.250000e+00 0.000000e+00 -6.517533e-16 6.094764e-17 0.000000e+00
2.000000e+00 -1.000000e+00 0.000000e+00 -1.373530e-15 1.887903e-17 0.000000e+00
2.000000e+00 -7.500000e-01 0.000000e+00 -2.382485e-15 -2.030734e-16 0.000000e+00
2.000000e+00 -5.000000e-01 0.000000e+00 -3.421412e-15 -7.015870e-16 0.000000e+00
2.000000e+00 -2.500000e-01 0.000000e+00 -4.089269e-15 -1.428210e-15 0.000000e+00
2.000000e+00 0.000000e+00 0.000000e+00 -4.083481e-15 -2.137010e-15 0.000000e+00
2.000000e+00 2.500000e-01 0.000000e+00 -3.414786e-15 -2.508796e-15 0.000000e+00
2.000000e+00 5.000000e-01 0.000000e+00 -2.393451e-15 -2.375242e-15 0.000000e+00
2.000000e+00 7.500000e-01 0.000000e+00 -1.405588e-15 -1.836124e-15 0.000000e+00
2.000000e+00 1.000000e+00 0.000000e+00 -6.905767e-16 -1.163599e-15 0.000000e+00
2.000000e+00 1.250000e+00 0.000000e+00 -2.829921e-16 -6.033751e-16 0.000000e+00
2.000000e+00 1.500000e+00 0.000000e+00 -9.613733e-17 -2.541243e-16 0.000000e+00
2.000000e+00 1.750000e+00 0.000000e+00 -2.672908e-17 -8.575389e-17 0.000000e+00
2.000000e+00 2.000000e+00 0.000000e+00 -5.926957e-18 -2.267672e-17 0.000000e+00
2.000000e+00 2.250000e+00 0.000000e+00 -9.999974e-19 -4.537549e-18 0.000000e+00
2.000000e+00 2.500000e+00 0.000000e+00 -1.186800e-19 -6.509476e-19 0.000000e+00
2.250000e+00 -2.500000e+00 0.000000e+00 -1.100885e-19 2.235050e-20 0.000000e+00
2.250000e+00 -2.250000e+00 0.000000e+00 -7.197944e-19 1.381447e-19 0.000000e+00
2.250000e+00 -2.000000e+00 0.000000e+00 -3.946791e-18 7.183033e-19 0.000000e+00
2.250000e+00 -1.750000e+00 0.000000e+00 -1.758474e-17 2.733269e-18 0.000000e+00
2.250000e+00 -1.500000e+00 0.000000e+00 -6.253504e-17 6.813245e-18 0.000000e+00
2.250000e+00 -1.250000e+00 0.000000e+00 -1.771994e-16 7.983417e-18 0.000000e+00
2.250000e+00 -1.000000e+00 0.000000e+00 -4.030193e-16 -1.367604e-17 0.000000e+00
2.250000e+00 -7.500000e-01 0.000000e+00 -7.431760e-16 -9.472496e-17 0.000000e+00
2.250000e+00 -5.000000e-01 0.000000e+00 -1.121624e-15 -2.655638e-16 0.000000e+00
2.250000e+00 -2.500000e-01 0.000000e+00 -1.395522e-15 -5.089102e-16 0.000000e+00
2.250000e+00 0.000000e+00 0.000000e+00 -1.437927e-15 -7.412188e-16 0.000000e+00
2.250000e+00 2.500000e-01 0.000000e+00 -1.229171e-15 -8.543258e-16 0.000000e+00
2.250000e+00 5.000000e-01 0.000000e+00 -8.708182e-16 -7.933342e-16 0.000000e+00
2.250000e+00 7.500000e-01 0.000000e+00 -5.093984e-16 -5.975706e-16 0.000000e+00
2.250000e+00 1.000000e+00 0.000000e+00 -2.444415e-16 -3.649380e-16 0.000000e+00
2.250000e+00 1.250000e+00 0.000000e+00 -9.532011e-17 -1.795474e-16 0.000000e+00
2.250000e+00 1.500000e+00 0.000000e+00 -2.982043e-17 -7.031107e-17 0.000000e+00
2.250000e+00 1.750000e+00 0.000000e+00 -7.352469e-18 -2.151347e-17 0.000000e+00
2.250000e+00 2.000000e+00 0.000000e+00 -1.390892e-18 -5.006605e-18 0.000000e+00
2.250000e+00 2.250000e+00 0.000000e+00 -1.932236e-19 -8.527094e-19 0.000000e+00
2.250000e+00 2.500000e+00 0.000000e+00 -1.841013e-20 -1.013177e-19 0.000000e+00
2.500000e+00 -2.500000e+00 0.000000e+00 -1.044919e-20 1.654469e-21 0.000000e+00
2.500000e+00 -2.250000e+00 0.000000e+00 -7.704836e-20 1.191341e-20 0.000000e+00
2.500000e+00 -2.000000e+00 0.000000e+00 -5.145170e-19 7.592062e-20 0.000000e+00
2.500000e+00 -1.750000e+00 0.000000e+00 -2.742210e-18 3.201285e-19 0.000000e+00
2.500000e+00 -1.500000e+00 0.000000e+00 -1.122632e-17 7.401950e-19 0.000000e+00
2.500000e+00 -1.250000e+00 0.000000e+00 -3.546387e-17 3.243513e-20 0.000000e+00
2.500000e+00 -1.000000e+00 0.000000e+00 -8.785825e-17 -6.632837e-18 0.000000e+00
2.500000e+00 -7.500000e-01 0.000000e+00 -1.735342e-16 -2.826892e-17 0.000000e+00
2.500000e+00 -5.000000e-01 0.000000e+00 -2.769494e-16 -7.269948e-17 0.000000e+00
2.500000e+00 -2.500000e-01 0.000000e+00 -3.605390e-16 -1.357887e-16 0.000000e+00
2.500000e+00 0.000000e+00 0.000000e+00 -3.850137e-16 -1.958244e-16 0.000000e+00
2.500000e+00 2.500000e-01 0.000000e+00 -3.378949e-16 -2.240009e-16 0.000000e+00
2.500000e+00 5.000000e-01 0.000000e+00 -2.432650e-16 -2.056759e-16 0.000000e+00
2.500000e+00 7.500000e-01 0.000000e+00 -1.428718e-16 -1.520350e-16 0.000000e+00
2.500000e+00 1.000000e+00 0.000000e+00 -6.779763e-17 -9.012810e-17 0.000000e+00
2.500000e+00 1.250000e+00 0.000000e+00 -2.563223e-17 -4.242255e-17 0.000000e+00
2.500000e+00 1.500000e+00 0.000000e+00 -7.573723e-18 -1.559816e-17 0.000000e+00
2.500000e+00 1.750000e+00 0.000000e+00 -1.704378e-18 -4.376322e-18 0.000000e+00
2.500000e+00 2.000000e+00 0.000000e+00 -2.821869e-19 -9.077646e-19 0.000000e+00
2.500000e+00 2.250000e+00 0.000000e+00 -3.296514e-20 -1.342035e-19 0.000000e+00
2.500000e+00 2.500000e+00 0.000000e+00 -2.705380e-21 -1.408326e-20 0.000000e+00
