Iteration# z ADDATime OurCalcTime
1.0000000000 -0.0500000000 0.0000000000 32.8800000000
2.0000000000 0.0000000000 0.0000000000 32.8700000000
3.0000000000 0.0500000000 0.0000000000 32.3100000000
4.0000000000 0.1000000000 0.0000000000 32.0500000000
5.0000000000 0.1500000000 0.0000000000 30.6300000000
6.0000000000 0.1250000000 0.0000000000 32.6200000000
7.0000000000 0.1125000000 0.0000000000 30.8100000000
8.0000000000 0.1250000000 0.0000000000 31.9400000000
9.0000000000 0.1187500000 0.0100000000 31.1800000000
10.0000000000 0.1250000000 0.0100000000 32.7500000000
11.0000000000 0.1218750000 0.0000000000 31.7800000000
12.0000000000 0.1250000000 0.0100000000 30.7500000000
13.0000000000 0.1234375000 0.0000000000 30.3600000000
14.0000000000 0.1250000000 0.0000000000 31.9100000000
15.0000000000 0.1242187500 0.0100000000 33.4700000000
16.0000000000 0.1238281250 0.0000000000 31.6800000000
17.0000000000 0.1242187500 0.0000000000 31.9400000000
18.0000000000 0.1240234375 0.0100000000 31.5100000000
19.0000000000 0.1242187500 0.0000000000 31.3500000000
20.0000000000 0.1241210938 0.0000000000 32.1300000000
21.0000000000 0.1240722656 0.0100000000 32.7300000000
22.0000000000 0.1240478516 0.0100000000 33.3200000000
23.0000000000 0.1240356445 0.0000000000 32.5700000000
24.0000000000 0.1240295410 0.0000000000 32.2100000000
25.0000000000 0.1240264893 0.0000000000 33.1200000000
26.0000000000 0.1240295410 0.0100000000 32.0000000000
27.0000000000 0.1240280151 0.0000000000 32.7600000000
28.0000000000 0.1240295410 0.0100000000 32.3600000000
29.0000000000 0.1240287781 0.0000000000 31.1900000000
30.0000000000 0.1240295410 0.0000000000 33.5400000000
31.0000000000 0.1240291595 0.0100000000 32.0500000000
32.0000000000 0.1240295410 0.0000000000 32.2700000000
33.0000000000 0.1240293503 0.0000000000 31.3300000000
34.0000000000 0.1240295410 0.0000000000 31.0300000000
35.0000000000 0.1240294456 0.0100000000 31.9100000000
36.0000000000 0.1240295410 0.0100000000 32.0400000000
37.0000000000 0.1240294933 0.0000000000 30.2700000000
38.0000000000 0.1240295410 0.0000000000 31.2400000000
39.0000000000 0.1240295172 0.0000000000 30.5400000000
40.0000000000 0.1240295053 0.0000000000 32.5900000000
41.0000000000 0.1240295172 0.0100000000 31.8000000000
42.0000000000 0.1240295112 0.0000000000 30.3700000000
43.0000000000 0.1240295172 0.0000000000 30.7300000000
44.0000000000 0.1240295142 0.0000000000 31.1800000000
45.0000000000 0.1240295127 0.0000000000 32.2400000000
46.0000000000 0.1240295142 0.0000000000 31.1600000000
47.0000000000 0.1240295134 0.0100000000 30.2300000000
48.0000000000 0.1240295131 0.0000000000 32.9000000000
49.0000000000 0.1240295129 0.0000000000 32.9500000000
50.0000000000 0.1240295131 0.0000000000 31.3600000000
51.0000000000 0.1240295130 0.0100000000 32.0500000000
52.0000000000 0.1240295129 0.0000000000 32.9500000000
53.0000000000 0.1240295129 0.0000000000 32.1500000000
54.0000000000 0.1240295129 0.0100000000 31.6500000000
55.0000000000 0.1240295129 0.0000000000 31.4500000000
56.0000000000 0.1240295129 0.0100000000 32.6800000000
57.0000000000 0.1240295129 0.0100000000 31.6300000000
58.0000000000 0.1240295129 0.0000000000 29.9800000000
59.0000000000 0.1240295129 0.0000000000 32.5600000000
60.0000000000 0.1240295129 0.0100000000 31.4800000000
61.0000000000 0.1240295129 0.0000000000 30.6400000000
62.0000000000 0.1240295129 0.0000000000 31.4000000000
63.0000000000 0.1240295129 0.0100000000 31.5800000000
64.0000000000 0.1240295129 0.0100000000 31.0100000000
65.0000000000 0.1240295129 0.0100000000 31.3900000000
66.0000000000 0.1240295129 0.0000000000 32.6200000000
67.0000000000 0.1240295129 0.0100000000 33.5000000000
68.0000000000 0.1240295129 0.0000000000 32.7700000000
69.0000000000 0.1240295129 0.0100000000 30.3600000000
70.0000000000 0.1240295129 0.0100000000 31.1800000000
71.0000000000 0.1240295129 0.0000000000 32.2000000000
72.0000000000 0.1240295129 0.0000000000 31.0700000000
73.0000000000 0.1240295129 0.0000000000 29.8900000000
74.0000000000 0.1240295129 0.0000000000 32.3200000000
75.0000000000 0.1240295129 0.0000000000 32.2600000000
76.0000000000 0.1240295129 0.0100000000 33.4900000000
77.0000000000 0.1240295129 0.0100000000 32.4900000000
78.0000000000 0.1240295129 0.0000000000 31.8600000000
79.0000000000 0.1240295129 0.0100000000 31.4900000000
80.0000000000 0.1240295129 0.0100000000 32.0100000000
81.0000000000 0.1240295129 0.0100000000 30.7200000000
82.0000000000 0.1240295129 0.0000000000 31.2500000000
83.0000000000 0.1240295129 0.0000000000 32.6100000000
84.0000000000 0.1240295129 0.0000000000 31.9100000000
85.0000000000 0.1240295129 0.0000000000 31.4800000000
86.0000000000 0.1240295129 0.0000000000 32.2100000000
87.0000000000 0.1240295129 0.0100000000 31.2600000000
88.0000000000 0.1240295129 0.0000000000 31.7800000000
89.0000000000 0.1240295129 0.0100000000 30.7700000000
90.0000000000 0.1240295129 0.0000000000 32.2800000000
91.0000000000 0.1240295129 0.0100000000 30.4400000000
92.0000000000 0.1240295129 0.0000000000 33.5600000000
93.0000000000 0.1240295129 0.0000000000 31.0900000000
94.0000000000 0.1240295129 0.0000000000 30.7700000000
95.0000000000 0.1240295129 0.0100000000 30.5100000000
96.0000000000 0.1240295129 0.0000000000 31.1700000000
97.0000000000 0.1240295129 0.0000000000 31.3300000000
98.0000000000 0.1240295129 0.0000000000 30.3600000000
99.0000000000 0.1240295129 0.0000000000 30.5600000000
100.0000000000 0.1240295129 0.0100000000 28.9300000000
