-2.500000e+00 -2.500000e+00 0.000000e+00 1.468307e-13 1.188989e-13 0.000000e+00
-2.500000e+00 -2.250000e+00 0.000000e+00 2.308604e-13 1.509054e-13 0.000000e+00
-2.500000e+00 -2.000000e+00 0.000000e+00 3.187494e-13 1.594352e-13 0.000000e+00
-2.500000e+00 -1.750000e+00 0.000000e+00 3.930655e-13 1.382133e-13 0.000000e+00
-2.500000e+00 -1.500000e+00 0.000000e+00 4.399160e-13 9.278875e-14 0.000000e+00
-2.500000e+00 -1.250000e+00 0.000000e+00 4.538840e-13 3.764410e-14 0.000000e+00
-2.500000e+00 -1.000000e+00 0.000000e+00 4.386167e-13 -1.083344e-14 0.000000e+00
-2.500000e+00 -7.500000e-01 0.000000e+00 4.045385e-13 -4.061634e-14 0.000000e+00
-2.500000e+00 -5.000000e-01 0.000000e+00 3.651903e-13 -4.695587e-14 0.000000e+00
-2.500000e+00 -2.500000e-01 0.000000e+00 3.336235e-13 -3.249046e-14 0.000000e+00
-2.500000e+00 0.000000e+00 0.000000e+00 3.192695e-13 -5.290386e-15 0.000000e+00
-2.500000e+00 2.500000e-01 0.000000e+00 3.263261e-13 2.383569e-14 0.000000e+00
-2.500000e+00 5.000000e-01 0.000000e+00 3.527099e-13 4.362914e-14 0.000000e+00
-2.500000e+00 7.500000e-01 0.000000e+00 3.904196e-13 4.487046e-14 0.000000e+00
-2.500000e+00 1.000000e+00 0.000000e+00 4.274012e-13 2.284137e-14 0.000000e+00
-2.500000e+00 1.250000e+00 0.000000e+00 4.501426e-13 -2.044120e-14 0.000000e+00
-2.500000e+00 1.500000e+00 0.000000e+00 4.468849e-13 -7.533492e-14 0.000000e+00
-2.500000e+00 1.750000e+00 0.000000e+00 4.111197e-13 -1.263626e-13 0.000000e+00
-2.500000e+00 2.000000e+00 0.000000e+00 3.447653e-13 -1.573113e-13 0.000000e+00
-2.500000e+00 2.250000e+00 0.000000e+00 2.590381e-13 -1.584375e-13 0.000000e+00
-2.500000e+00 2.500000e+00 0.000000e+00 1.713253e-13 -1.320824e-13 0.000000e+00
-2.250000e+00 -2.500000e+00 0.000000e+00 2.332054e-13 2.126208e-13 0.000000e+00
-2.250000e+00 -2.250000e+00 0.000000e+00 3.408283e-13 2.472092e-13 0.000000e+00
-2.250000e+00 -2.000000e+00 0.000000e+00 4.392221e-13 2.367952e-13 0.000000e+00
-2.250000e+00 -1.750000e+00 0.000000e+00 5.081289e-13 1.806533e-13 0.000000e+00
-2.250000e+00 -1.500000e+00 0.000000e+00 5.361321e-13 9.535388e-14 0.000000e+00
-2.250000e+00 -1.250000e+00 0.000000e+00 5.233201e-13 6.500729e-15 0.000000e+00
-2.250000e+00 -1.000000e+00 0.000000e+00 4.783906e-13 -6.273867e-14 0.000000e+00
-2.250000e+00 -7.500000e-01 0.000000e+00 4.161168e-13 -9.788819e-14 0.000000e+00
-2.250000e+00 -5.000000e-01 0.000000e+00 3.536679e-13 -9.533867e-14 0.000000e+00
-2.250000e+00 -2.500000e-01 0.000000e+00 3.066420e-13 -6.170246e-14 0.000000e+00
-2.250000e+00 0.000000e+00 0.000000e+00 2.860465e-13 -9.734367e-15 0.000000e+00
-2.250000e+00 2.500000e-01 0.000000e+00 2.968708e-13 4.489005e-14 0.000000e+00
-2.250000e+00 5.000000e-01 0.000000e+00 3.363186e-13 8.597493e-14 0.000000e+00
-2.250000e+00 7.500000e-01 0.000000e+00 3.946460e-13 9.975993e-14 0.000000e+00
-2.250000e+00 1.000000e+00 0.000000e+00 4.577720e-13 7.746090e-14 0.000000e+00
-2.250000e+00 1.250000e+00 0.000000e+00 5.093926e-13 1.880688e-14 0.000000e+00
-2.250000e+00 1.500000e+00 0.000000e+00 5.340075e-13 -6.568233e-14 0.000000e+00
-2.250000e+00 1.750000e+00 0.000000e+00 5.203536e-13 -1.555217e-13 0.000000e+00
-2.250000e+00 2.000000e+00 0.000000e+00 4.646955e-13 -2.248359e-13 0.000000e+00
-2.250000e+00 2.250000e+00 0.000000e+00 3.740731e-13 -2.519559e-13 0.000000e+00
-2.250000e+00 2.500000e+00 0.000000e+00 2.662527e-13 -2.303342e-13 0.000000e+00
-2.000000e+00 -2.500000e+00 0.000000e+00 3.230985e-13 3.357086e-13 0.000000e+00
-2.000000e+00 -2.250000e+00 0.000000e+00 4.411674e-13 3.585168e-13 0.000000e+00
-2.000000e+00 -2.000000e+00 0.000000e+00 5.339403e-13 3.109001e-13 0.000000e+00
-2.000000e+00 -1.750000e+00 0.000000e+00 5.832377e-13 2.039670e-13 0.000000e+00
-2.000000e+00 -1.500000e+00 0.000000e+00 5.831289e-13 6.878086e-14 0.000000e+00
-2.000000e+00 -1.250000e+00 0.000000e+00 5.388737e-13 -5.769134e-14 0.000000e+00
-2.000000e+00 -1.000000e+00 0.000000e+00 4.629372e-13 -1.464866e-13 0.000000e+00
-2.000000e+00 -7.500000e-01 0.000000e+00 3.735519e-13 -1.815922e-13 0.000000e+00
-2.000000e+00 -5.000000e-01 0.000000e+00 2.898136e-13 -1.621752e-13 0.000000e+00
-2.000000e+00 -2.500000e-01 0.000000e+00 2.282923e-13 -1.006126e-13 0.000000e+00
-2.000000e+00 0.000000e+00 0.000000e+00 2.023349e-13 -1.502321e-14 0.000000e+00
-2.000000e+00 2.500000e-01 0.000000e+00 2.173955e-13 7.357783e-14 0.000000e+00
-2.000000e+00 5.000000e-01 0.000000e+00 2.700706e-13 1.440621e-13 0.000000e+00
-2.000000e+00 7.500000e-01 0.000000e+00 3.482578e-13 1.779883e-13 0.000000e+00
-2.000000e+00 1.000000e+00 0.000000e+00 4.361657e-13 1.613922e-13 0.000000e+00
-2.000000e+00 1.250000e+00 0.000000e+00 5.163296e-13 9.014861e-14 0.000000e+00
-2.000000e+00 1.500000e+00 0.000000e+00 5.708693e-13 -2.545738e-14 0.000000e+00
-2.000000e+00 1.750000e+00 0.000000e+00 5.862115e-13 -1.615458e-13 0.000000e+00
-2.000000e+00 2.000000e+00 0.000000e+00 5.534428e-13 -2.827992e-13 0.000000e+00
-2.000000e+00 2.250000e+00 0.000000e+00 4.739462e-13 -3.540202e-13 0.000000e+00
-2.000000e+00 2.500000e+00 0.000000e+00 3.612554e-13 -3.544687e-13 0.000000e+00
-1.750000e+00 -2.500000e+00 0.000000e+00 3.967225e-13 4.773456e-13 0.000000e+00
-1.750000e+00 -2.250000e+00 0.000000e+00 5.096158e-13 4.707008e-13 0.000000e+00
-1.750000e+00 -2.000000e+00 0.000000e+00 5.837805e-13 3.694987e-13 0.000000e+00
-1.750000e+00 -1.750000e+00 0.000000e+00 6.063539e-13 2.005299e-13 0.000000e+00
-1.750000e+00 -1.500000e+00 0.000000e+00 5.761130e-13 9.333367e-15 0.000000e+00
-1.750000e+00 -1.250000e+00 0.000000e+00 5.015986e-13 -1.558572e-13 0.000000e+00
-1.750000e+00 -1.000000e+00 0.000000e+00 3.974539e-13 -2.608373e-13 0.000000e+00
-1.750000e+00 -7.500000e-01 0.000000e+00 2.833603e-13 -2.894629e-13 0.000000e+00
-1.750000e+00 -5.000000e-01 0.000000e+00 1.806744e-13 -2.450387e-13 0.000000e+00
-1.750000e+00 -2.500000e-01 0.000000e+00 1.070501e-13 -1.470442e-13 0.000000e+00
-1.750000e+00 0.000000e+00 0.000000e+00 7.755649e-14 -2.055990e-14 0.000000e+00
-1.750000e+00 2.500000e-01 0.000000e+00 9.535257e-14 1.088235e-13 0.000000e+00
-1.750000e+00 5.000000e-01 0.000000e+00 1.586688e-13 2.165273e-13 0.000000e+00
-1.750000e+00 7.500000e-01 0.000000e+00 2.557882e-13 2.780705e-13 0.000000e+00
-1.750000e+00 1.000000e+00 0.000000e+00 3.676027e-13 2.732675e-13 0.000000e+00
-1.750000e+00 1.250000e+00 0.000000e+00 4.743636e-13 1.929948e-13 0.000000e+00
-1.750000e+00 1.500000e+00 0.000000e+00 5.558997e-13 4.698473e-14 0.000000e+00
-1.750000e+00 1.750000e+00 0.000000e+00 5.997979e-13 -1.386408e-13 0.000000e+00
-1.750000e+00 2.000000e+00 0.000000e+00 5.949506e-13 -3.207603e-13 0.000000e+00
-1.750000e+00 2.250000e+00 0.000000e+00 5.373737e-13 -4.503617e-13 0.000000e+00
-1.750000e+00 2.500000e+00 0.000000e+00 4.351382e-13 -4.912847e-13 0.000000e+00
-1.500000e+00 -2.500000e+00 0.000000e+00 4.378501e-13 6.232424e-13 0.000000e+00
-1.500000e+00 -2.250000e+00 0.000000e+00 5.333303e-13 5.716695e-13 0.000000e+00
-1.500000e+00 -2.000000e+00 0.000000e+00 5.825398e-13 4.061527e-13 0.000000e+00
-1.500000e+00 -1.750000e+00 0.000000e+00 5.774088e-13 1.684815e-13 0.000000e+00
-1.500000e+00 -1.500000e+00 0.000000e+00 5.200135e-13 -8.156925e-14 0.000000e+00
-1.500000e+00 -1.250000e+00 0.000000e+00 4.185040e-13 -2.859188e-13 0.000000e+00
-1.500000e+00 -1.000000e+00 0.000000e+00 2.870984e-13 -4.049086e-13 0.000000e+00
-1.500000e+00 -7.500000e-01 0.000000e+00 1.511059e-13 -4.186377e-13 0.000000e+00
-1.500000e+00 -5.000000e-01 0.000000e+00 4.067818e-14 -3.373347e-13 0.000000e+00
-1.500000e+00 -2.500000e-01 0.000000e+00 -2.802855e-14 -1.946718e-13 0.000000e+00
-1.500000e+00 0.000000e+00 0.000000e+00 -5.195593e-14 -2.599736e-14 0.000000e+00
-1.500000e+00 2.500000e-01 0.000000e+00 -3.732405e-14 1.443593e-13 0.000000e+00
-1.500000e+00 5.000000e-01 0.000000e+00 1.890558e-14 2.963067e-13 0.000000e+00
-1.500000e+00 7.500000e-01 0.000000e+00 1.203159e-13 3.974746e-13 0.000000e+00
-1.500000e+00 1.000000e+00 0.000000e+00 2.518719e-13 4.138101e-13 0.000000e+00
-1.500000e+00 1.250000e+00 0.000000e+00 3.868670e-13 3.267237e-13 0.000000e+00
-1.500000e+00 1.500000e+00 0.000000e+00 4.956004e-13 1.487811e-13 0.000000e+00
-1.500000e+00 1.750000e+00 0.000000e+00 5.641749e-13 -8.751764e-14 0.000000e+00
-1.500000e+00 2.000000e+00 0.000000e+00 5.857478e-13 -3.344889e-13 0.000000e+00
-1.500000e+00 2.250000e+00 0.000000e+00 5.541813e-13 -5.312275e-13 0.000000e+00
-1.500000e+00 2.500000e+00 0.000000e+00 4.723586e-13 -6.263402e-13 0.000000e+00
-1.250000e+00 -2.500000e+00 0.000000e+00 4.390531e-13 7.606946e-13 0.000000e+00
-1.250000e+00 -2.250000e+00 0.000000e+00 5.112368e-13 6.548323e-13 0.000000e+00
-1.250000e+00 -2.000000e+00 0.000000e+00 5.349497e-13 4.196177e-13 0.000000e+00
-1.250000e+00 -1.750000e+00 0.000000e+00 5.056714e-13 1.107934e-13 0.000000e+00
-1.250000e+00 -1.500000e+00 0.000000e+00 4.247281e-13 -2.006062e-13 0.000000e+00
-1.250000e+00 -1.250000e+00 0.000000e+00 2.969532e-13 -4.477247e-13 0.000000e+00
-1.250000e+00 -1.000000e+00 0.000000e+00 1.472134e-13 -5.715822e-13 0.000000e+00
-1.250000e+00 -7.500000e-01 0.000000e+00 2.281593e-14 -5.435730e-13 0.000000e+00
-1.250000e+00 -5.000000e-01 0.000000e+00 -5.065437e-14 -4.036349e-13 0.000000e+00
-1.250000e+00 -2.500000e-01 0.000000e+00 -7.977187e-14 -2.188493e-13 0.000000e+00
-1.250000e+00 0.000000e+00 0.000000e+00 -8.391218e-14 -2.876748e-14 0.000000e+00
-1.250000e+00 2.500000e-01 0.000000e+00 -8.090854e-14 1.598159e-13 0.000000e+00
-1.250000e+00 5.000000e-01 0.000000e+00 -6.098460e-14 3.480454e-13 0.000000e+00
-1.250000e+00 7.500000e-01 0.000000e+00 7.611257e-17 5.051552e-13 0.000000e+00
-1.250000e+00 1.000000e+00 0.000000e+00 1.100355e-13 5.721598e-13 0.000000e+00
-1.250000e+00 1.250000e+00 0.000000e+00 2.581779e-13 4.933088e-13 0.000000e+00
-1.250000e+00 1.500000e+00 0.000000e+00 3.963799e-13 2.790375e-13 0.000000e+00
-1.250000e+00 1.750000e+00 0.000000e+00 4.889836e-13 -1.328516e-14 0.000000e+00
-1.250000e+00 2.000000e+00 0.000000e+00 5.318944e-13 -3.257007e-13 0.000000e+00
-1.250000e+00 2.250000e+00 0.000000e+00 5.244756e-13 -5.922961e-13 0.000000e+00
-1.250000e+00 2.500000e+00 0.000000e+00 4.669499e-13 -7.487530e-13 0.000000e+00
-1.000000e+00 -2.500000e+00 0.000000e+00 4.013568e-13 8.805284e-13 0.000000e+00
-1.000000e+00 -2.250000e+00 0.000000e+00 4.501260e-13 7.181581e-13 0.000000e+00
-1.000000e+00 -2.000000e+00 0.000000e+00 4.529041e-13 4.134506e-13 0.000000e+00
-1.000000e+00 -1.750000e+00 0.000000e+00 4.060585e-13 3.391400e-14 0.000000e+00
-1.000000e+00 -1.500000e+00 0.000000e+00 3.052623e-13 -3.445036e-13 0.000000e+00
-1.000000e+00 -1.250000e+00 0.000000e+00 1.630594e-13 -6.280705e-13 0.000000e+00
-1.000000e+00 -1.000000e+00 0.000000e+00 3.493552e-14 -7.162207e-13 0.000000e+00
-1.000000e+00 -7.500000e-01 0.000000e+00 -2.992234e-14 -6.051948e-13 0.000000e+00
-1.000000e+00 -5.000000e-01 0.000000e+00 -4.100666e-14 -4.001618e-13 0.000000e+00
-1.000000e+00 -2.500000e-01 0.000000e+00 -3.478667e-14 -2.004060e-13 0.000000e+00
-1.000000e+00 0.000000e+00 0.000000e+00 -2.229268e-14 -2.628786e-14 0.000000e+00
-1.000000e+00 2.500000e-01 0.000000e+00 -2.834190e-14 1.428794e-13 0.000000e+00
-1.000000e+00 5.000000e-01 0.000000e+00 -3.810912e-14 3.352960e-13 0.000000e+00
-1.000000e+00 7.500000e-01 0.000000e+00 -3.349901e-14 5.427427e-13 0.000000e+00
-1.000000e+00 1.000000e+00 0.000000e+00 9.829821e-15 6.946631e-13 0.000000e+00
-1.000000e+00 1.250000e+00 0.000000e+00 1.225882e-13 6.729466e-13 0.000000e+00
-1.000000e+00 1.500000e+00 0.000000e+00 2.699952e-13 4.378916e-13 0.000000e+00
-1.000000e+00 1.750000e+00 0.000000e+00 3.855001e-13 8.043888e-14 0.000000e+00
-1.000000e+00 2.000000e+00 0.000000e+00 4.456879e-13 -3.006226e-13 0.000000e+00
-1.000000e+00 2.250000e+00 0.000000e+00 4.566624e-13 -6.347064e-13 0.000000e+00
-1.000000e+00 2.500000e+00 0.000000e+00 4.218700e-13 -8.524307e-13 0.000000e+00
-7.500000e-01 -2.500000e+00 0.000000e+00 3.317348e-13 9.771678e-13 0.000000e+00
-7.500000e-01 -2.250000e+00 0.000000e+00 3.608624e-13 7.631958e-13 0.000000e+00
-7.500000e-01 -2.000000e+00 0.000000e+00 3.501508e-13 3.950251e-13 0.000000e+00
-7.500000e-01 -1.750000e+00 0.000000e+00 2.935705e-13 -5.547041e-14 0.000000e+00
-7.500000e-01 -1.500000e+00 0.000000e+00 1.852437e-13 -5.003990e-13 0.000000e+00
-7.500000e-01 -1.250000e+00 0.000000e+00 6.138974e-14 -7.844742e-13 0.000000e+00
-7.500000e-01 -1.000000e+00 0.000000e+00 -1.175549e-14 -7.876408e-13 0.000000e+00
-7.500000e-01 -7.500000e-01 0.000000e+00 -2.524714e-14 -5.885993e-13 0.000000e+00
-7.500000e-01 -5.000000e-01 0.000000e+00 4.721296e-15 -3.420489e-13 0.000000e+00
-7.500000e-01 -2.500000e-01 0.000000e+00 5.566758e-14 -1.511582e-13 0.000000e+00
-7.500000e-01 0.000000e+00 0.000000e+00 9.308784e-14 -1.806099e-14 0.000000e+00
-7.500000e-01 2.500000e-01 0.000000e+00 7.275527e-14 1.044541e-13 0.000000e+00
-7.500000e-01 5.000000e-01 0.000000e+00 2.236514e-14 2.748876e-13 0.000000e+00
-7.500000e-01 7.500000e-01 0.000000e+00 -1.878701e-14 5.107538e-13 0.000000e+00
-7.500000e-01 1.000000e+00 0.000000e+00 -1.993074e-14 7.355124e-13 0.000000e+00
-7.500000e-01 1.250000e+00 0.000000e+00 3.145500e-14 8.132817e-13 0.000000e+00
-7.500000e-01 1.500000e+00 0.000000e+00 1.481384e-13 6.067895e-13 0.000000e+00
-7.500000e-01 1.750000e+00 0.000000e+00 2.687715e-13 1.907703e-13 0.000000e+00
-7.500000e-01 2.000000e+00 0.000000e+00 3.396242e-13 -2.639952e-13 0.000000e+00
-7.500000e-01 2.250000e+00 0.000000e+00 3.623102e-13 -6.614620e-13 0.000000e+00
-7.500000e-01 2.500000e+00 0.000000e+00 3.455005e-13 -9.346705e-13 0.000000e+00
-5.000000e-01 -2.500000e+00 0.000000e+00 2.394590e-13 1.047956e-12 0.000000e+00
-5.000000e-01 -2.250000e+00 0.000000e+00 2.539444e-13 7.916051e-13 0.000000e+00
-5.000000e-01 -2.000000e+00 0.000000e+00 2.382492e-13 3.706839e-13 0.000000e+00
-5.000000e-01 -1.750000e+00 0.000000e+00 1.851009e-13 -1.449375e-13 0.000000e+00
-5.000000e-01 -1.500000e+00 0.000000e+00 9.380158e-14 -6.372719e-13 0.000000e+00
-5.000000e-01 -1.250000e+00 0.000000e+00 1.116461e-14 -8.814781e-13 0.000000e+00
-5.000000e-01 -1.000000e+00 0.000000e+00 -2.041015e-14 -7.965760e-13 0.000000e+00
-5.000000e-01 -7.500000e-01 0.000000e+00 -4.561777e-15 -5.318041e-13 0.000000e+00
-5.000000e-01 -5.000000e-01 0.000000e+00 6.715061e-14 -2.588681e-13 0.000000e+00
-5.000000e-01 -2.500000e-01 0.000000e+00 1.320733e-13 -8.615589e-14 0.000000e+00
-5.000000e-01 0.000000e+00 0.000000e+00 1.663330e-13 -4.957142e-15 0.000000e+00
-5.000000e-01 2.500000e-01 0.000000e+00 1.447243e-13 5.240597e-14 0.000000e+00
-5.000000e-01 5.000000e-01 0.000000e+00 8.555864e-14 1.985426e-13 0.000000e+00
-5.000000e-01 7.500000e-01 0.000000e+00 1.720050e-14 4.339007e-13 0.000000e+00
-5.000000e-01 1.000000e+00 0.000000e+00 -2.080176e-14 7.210331e-13 0.000000e+00
-5.000000e-01 1.250000e+00 0.000000e+00 -5.472929e-15 8.833494e-13 0.000000e+00
-5.000000e-01 1.500000e+00 0.000000e+00 6.275236e-14 7.472656e-13 0.000000e+00
-5.000000e-01 1.750000e+00 0.000000e+00 1.606311e-13 3.011113e-13 0.000000e+00
-5.000000e-01 2.000000e+00 0.000000e+00 2.276689e-13 -2.238845e-13 0.000000e+00
-5.000000e-01 2.250000e+00 0.000000e+00 2.529925e-13 -6.762901e-13 0.000000e+00
-5.000000e-01 2.500000e+00 0.000000e+00 2.475640e-13 -9.944234e-13 0.000000e+00
-2.500000e-01 -2.500000e+00 0.000000e+00 1.334809e-13 1.092031e-12 0.000000e+00
-2.500000e-01 -2.250000e+00 0.000000e+00 1.391998e-13 8.071664e-13 0.000000e+00
-2.500000e-01 -2.000000e+00 0.000000e+00 1.274302e-13 3.510493e-13 0.000000e+00
-2.500000e-01 -1.750000e+00 0.000000e+00 9.209179e-14 -2.134704e-13 0.000000e+00
-2.500000e-01 -1.500000e+00 0.000000e+00 3.662463e-14 -7.323634e-13 0.000000e+00
-2.500000e-01 -1.250000e+00 0.000000e+00 -3.776053e-15 -9.319975e-13 0.000000e+00
-2.500000e-01 -1.000000e+00 0.000000e+00 -1.378579e-14 -7.923115e-13 0.000000e+00
-2.500000e-01 -7.500000e-01 0.000000e+00 2.110167e-14 -4.652294e-13 0.000000e+00
-2.500000e-01 -5.000000e-01 0.000000e+00 4.692877e-14 -2.215939e-13 0.000000e+00
-2.500000e-01 -2.500000e-01 0.000000e+00 5.761816e-14 -5.726294e-14 0.000000e+00
-2.500000e-01 0.000000e+00 0.000000e+00 5.757953e-14 2.762201e-15 0.000000e+00
-2.500000e-01 2.500000e-01 0.000000e+00 5.745847e-14 2.259501e-14 0.000000e+00
-2.500000e-01 5.000000e-01 0.000000e+00 4.337437e-14 1.656630e-13 0.000000e+00
-2.500000e-01 7.500000e-01 0.000000e+00 1.817878e-14 3.817921e-13 0.000000e+00
-2.500000e-01 1.000000e+00 0.000000e+00 -1.744943e-14 7.025502e-13 0.000000e+00
-2.500000e-01 1.250000e+00 0.000000e+00 -1.291501e-14 9.137935e-13 0.000000e+00
-2.500000e-01 1.500000e+00 0.000000e+00 1.837699e-14 8.366030e-13 0.000000e+00
-2.500000e-01 1.750000e+00 0.000000e+00 7.515660e-14 3.872980e-13 0.000000e+00
-2.500000e-01 2.000000e+00 0.000000e+00 1.198540e-13 -1.888908e-13 0.000000e+00
-2.500000e-01 2.250000e+00 0.000000e+00 1.380051e-13 -6.830507e-13 0.000000e+00
-2.500000e-01 2.500000e+00 0.000000e+00 1.372595e-13 -1.031599e-12 0.000000e+00
0.000000e+00 -2.500000e+00 0.000000e+00 2.108304e-14 1.109889e-12 0.000000e+00
0.000000e+00 -2.250000e+00 0.000000e+00 2.171803e-14 8.119358e-13 0.000000e+00
0.000000e+00 -2.000000e+00 0.000000e+00 1.938451e-14 3.408575e-13 0.000000e+00
0.000000e+00 -1.750000e+00 0.000000e+00 1.332212e-14 -2.455400e-13 0.000000e+00
0.000000e+00 -1.500000e+00 0.000000e+00 4.298249e-15 -7.713896e-13 0.000000e+00
0.000000e+00 -1.250000e+00 0.000000e+00 -1.148774e-15 -9.492967e-13 0.000000e+00
0.000000e+00 -1.000000e+00 0.000000e+00 -1.675965e-15 -7.931768e-13 0.000000e+00
0.000000e+00 -7.500000e-01 0.000000e+00 4.642740e-15 -4.576120e-13 0.000000e+00
0.000000e+00 -5.000000e-01 0.000000e+00 6.516976e-15 -2.286114e-13 0.000000e+00
0.000000e+00 -2.500000e-01 0.000000e+00 9.283673e-15 -5.435335e-14 0.000000e+00
0.000000e+00 0.000000e+00 0.000000e+00 4.705814e-15 -1.002426e-14 0.000000e+00
0.000000e+00 2.500000e-01 0.000000e+00 9.267099e-15 4.185588e-14 0.000000e+00
0.000000e+00 5.000000e-01 0.000000e+00 1.410018e-15 1.731043e-13 0.000000e+00
0.000000e+00 7.500000e-01 0.000000e+00 4.767063e-16 3.759040e-13 0.000000e+00
0.000000e+00 1.000000e+00 0.000000e+00 -3.938051e-15 6.829766e-13 0.000000e+00
0.000000e+00 1.250000e+00 0.000000e+00 -2.724648e-15 9.178870e-13 0.000000e+00
0.000000e+00 1.500000e+00 0.000000e+00 1.587074e-15 8.679193e-13 0.000000e+00
0.000000e+00 1.750000e+00 0.000000e+00 1.148639e-14 4.266463e-13 0.000000e+00
0.000000e+00 2.000000e+00 0.000000e+00 1.908574e-14 -1.716452e-13 0.000000e+00
0.000000e+00 2.250000e+00 0.000000e+00 2.155563e-14 -6.847205e-13 0.000000e+00
0.000000e+00 2.500000e+00 0.000000e+00 2.143155e-14 -1.046480e-12 0.000000e+00
2.500000e-01 -2.500000e+00 0.000000e+00 -9.252743e-14 1.100688e-12 0.000000e+00
2.500000e-01 -2.250000e+00 0.000000e+00 -9.663999e-14 8.069920e-13 0.000000e+00
2.500000e-01 -2.000000e+00 0.000000e+00 -8.815208e-14 3.459986e-13 0.000000e+00
2.500000e-01 -1.750000e+00 0.000000e+00 -6.178919e-14 -2.292195e-13 0.000000e+00
2.500000e-01 -1.500000e+00 0.000000e+00 -2.264441e-14 -7.528069e-13 0.000000e+00
2.500000e-01 -1.250000e+00 0.000000e+00 4.028128e-15 -9.393818e-13 0.000000e+00
2.500000e-01 -1.000000e+00 0.000000e+00 9.135952e-15 -7.916200e-13 0.000000e+00
2.500000e-01 -7.500000e-01 0.000000e+00 -1.810698e-14 -4.578771e-13 0.000000e+00
2.500000e-01 -5.000000e-01 0.000000e+00 -3.123632e-14 -2.224813e-13 0.000000e+00
2.500000e-01 -2.500000e-01 0.000000e+00 -3.474121e-14 -5.639345e-14 0.000000e+00
2.500000e-01 0.000000e+00 0.000000e+00 -2.515387e-14 -1.225352e-15 0.000000e+00
2.500000e-01 2.500000e-01 0.000000e+00 -2.943104e-14 3.111305e-14 0.000000e+00
2.500000e-01 5.000000e-01 0.000000e+00 -1.890238e-14 1.680961e-13 0.000000e+00
2.500000e-01 7.500000e-01 0.000000e+00 -8.994806e-15 3.786799e-13 0.000000e+00
2.500000e-01 1.000000e+00 0.000000e+00 1.383165e-14 6.948544e-13 0.000000e+00
2.500000e-01 1.250000e+00 0.000000e+00 1.045895e-14 9.160964e-13 0.000000e+00
2.500000e-01 1.500000e+00 0.000000e+00 -1.087807e-14 8.551505e-13 0.000000e+00
2.500000e-01 1.750000e+00 0.000000e+00 -4.878175e-14 4.109036e-13 0.000000e+00
2.500000e-01 2.000000e+00 0.000000e+00 -8.062541e-14 -1.805373e-13 0.000000e+00
2.500000e-01 2.250000e+00 0.000000e+00 -9.476825e-14 -6.838887e-13 0.000000e+00
2.500000e-01 2.500000e+00 0.000000e+00 -9.521666e-14 -1.039195e-12 0.000000e+00
5.000000e-01 -2.500000e+00 0.000000e+00 -2.015356e-13 1.063263e-12 0.000000e+00
5.000000e-01 -2.250000e+00 0.000000e+00 -2.128344e-13 7.926200e-13 0.000000e+00
5.000000e-01 -2.000000e+00 0.000000e+00 -1.986882e-13 3.657243e-13 0.000000e+00
5.000000e-01 -1.750000e+00 0.000000e+00 -1.495200e-13 -1.686469e-13 0.000000e+00
5.000000e-01 -1.500000e+00 0.000000e+00 -6.844946e-14 -6.780156e-13 0.000000e+00
5.000000e-01 -1.250000e+00 0.000000e+00 -2.676483e-15 -9.026233e-13 0.000000e+00
5.000000e-01 -1.000000e+00 0.000000e+00 1.769450e-14 -7.906404e-13 0.000000e+00
5.000000e-01 -7.500000e-01 0.000000e+00 -9.160295e-15 -5.031151e-13 0.000000e+00
5.000000e-01 -5.000000e-01 0.000000e+00 -6.440367e-14 -2.421179e-13 0.000000e+00
5.000000e-01 -2.500000e-01 0.000000e+00 -1.127080e-13 -7.136254e-14 0.000000e+00
5.000000e-01 0.000000e+00 0.000000e+00 -1.476401e-13 2.961327e-15 0.000000e+00
5.000000e-01 2.500000e-01 0.000000e+00 -1.262603e-13 3.444068e-14 0.000000e+00
5.000000e-01 5.000000e-01 0.000000e+00 -8.117546e-14 1.770756e-13 0.000000e+00
5.000000e-01 7.500000e-01 0.000000e+00 -2.859040e-14 4.056812e-13 0.000000e+00
5.000000e-01 1.000000e+00 0.000000e+00 2.266810e-14 7.156651e-13 0.000000e+00
5.000000e-01 1.250000e+00 0.000000e+00 1.154479e-14 8.959791e-13 0.000000e+00
5.000000e-01 1.500000e+00 0.000000e+00 -4.166773e-14 7.890833e-13 0.000000e+00
5.000000e-01 1.750000e+00 0.000000e+00 -1.246496e-13 3.414217e-13 0.000000e+00
5.000000e-01 2.000000e+00 0.000000e+00 -1.859229e-13 -2.102393e-13 0.000000e+00
5.000000e-01 2.250000e+00 0.000000e+00 -2.104334e-13 -6.796202e-13 0.000000e+00
5.000000e-01 2.500000e+00 0.000000e+00 -2.083008e-13 -1.010280e-12 0.000000e+00
7.500000e-01 -2.500000e+00 0.000000e+00 -2.993439e-13 9.999151e-13 0.000000e+00
7.500000e-01 -2.250000e+00 0.000000e+00 -3.223283e-13 7.670766e-13 0.000000e+00
7.500000e-01 -2.000000e+00 0.000000e+00 -3.109383e-13 3.886754e-13 0.000000e+00
7.500000e-01 -1.750000e+00 0.000000e+00 -2.549140e-13 -8.234470e-14 0.000000e+00
7.500000e-01 -1.500000e+00 0.000000e+00 -1.482294e-13 -5.532879e-13 0.000000e+00
7.500000e-01 -1.250000e+00 0.000000e+00 -3.698659e-14 -8.270094e-13 0.000000e+00
7.500000e-01 -1.000000e+00 0.000000e+00 1.752596e-14 -7.930276e-13 0.000000e+00
7.500000e-01 -7.500000e-01 0.000000e+00 1.945816e-14 -5.709105e-13 0.000000e+00
7.500000e-01 -5.000000e-01 0.000000e+00 -2.965084e-14 -3.129705e-13 0.000000e+00
7.500000e-01 -2.500000e-01 0.000000e+00 -1.048692e-13 -1.255207e-13 0.000000e+00
7.500000e-01 0.000000e+00 0.000000e+00 -1.562397e-13 -1.183618e-14 0.000000e+00
7.500000e-01 2.500000e-01 0.000000e+00 -1.316887e-13 8.093945e-14 0.000000e+00
7.500000e-01 5.000000e-01 0.000000e+00 -5.434174e-14 2.472086e-13 0.000000e+00
7.500000e-01 7.500000e-01 0.000000e+00 9.738522e-15 4.886539e-13 0.000000e+00
7.500000e-01 1.000000e+00 0.000000e+00 2.252169e-14 7.324939e-13 0.000000e+00
7.500000e-01 1.250000e+00 0.000000e+00 -1.275870e-14 8.435325e-13 0.000000e+00
7.500000e-01 1.500000e+00 0.000000e+00 -1.086826e-13 6.681324e-13 0.000000e+00
7.500000e-01 1.750000e+00 0.000000e+00 -2.239974e-13 2.364061e-13 0.000000e+00
7.500000e-01 2.000000e+00 0.000000e+00 -2.973362e-13 -2.503891e-13 0.000000e+00
7.500000e-01 2.250000e+00 0.000000e+00 -3.230355e-13 -6.689638e-13 0.000000e+00
7.500000e-01 2.500000e+00 0.000000e+00 -3.120590e-13 -9.597036e-13 0.000000e+00
1.000000e+00 -2.500000e+00 0.000000e+00 -3.779392e-13 9.125218e-13 0.000000e+00
1.000000e+00 -2.250000e+00 0.000000e+00 -4.181284e-13 7.272523e-13 0.000000e+00
1.000000e+00 -2.000000e+00 0.000000e+00 -4.173043e-13 4.062633e-13 0.000000e+00
1.000000e+00 -1.750000e+00 0.000000e+00 -3.682281e-13 8.074117e-15 0.000000e+00
1.000000e+00 -1.500000e+00 0.000000e+00 -2.616504e-13 -3.972475e-13 0.000000e+00
1.000000e+00 -1.250000e+00 0.000000e+00 -1.211505e-13 -6.880962e-13 0.000000e+00
1.000000e+00 -1.000000e+00 0.000000e+00 -1.101572e-14 -7.493401e-13 0.000000e+00
1.000000e+00 -7.500000e-01 0.000000e+00 2.953218e-14 -6.034864e-13 0.000000e+00
1.000000e+00 -5.000000e-01 0.000000e+00 2.927354e-14 -3.873111e-13 0.000000e+00
1.000000e+00 -2.500000e-01 0.000000e+00 2.927480e-15 -1.841157e-13 0.000000e+00
1.000000e+00 0.000000e+00 0.000000e+00 -1.348378e-14 -2.442892e-14 0.000000e+00
1.000000e+00 2.500000e-01 0.000000e+00 -6.553831e-15 1.300248e-13 0.000000e+00
1.000000e+00 5.000000e-01 0.000000e+00 2.014112e-14 3.187344e-13 0.000000e+00
1.000000e+00 7.500000e-01 0.000000e+00 2.979310e-14 5.368286e-13 0.000000e+00
1.000000e+00 1.000000e+00 0.000000e+00 6.647718e-15 7.176296e-13 0.000000e+00
1.000000e+00 1.250000e+00 0.000000e+00 -7.960669e-14 7.330422e-13 0.000000e+00
1.000000e+00 1.500000e+00 0.000000e+00 -2.178201e-13 5.065805e-13 0.000000e+00
1.000000e+00 1.750000e+00 0.000000e+00 -3.412234e-13 1.203338e-13 0.000000e+00
1.000000e+00 2.000000e+00 0.000000e+00 -4.086334e-13 -2.914506e-13 0.000000e+00
1.000000e+00 2.250000e+00 0.000000e+00 -4.250621e-13 -6.478003e-13 0.000000e+00
1.000000e+00 2.500000e+00 0.000000e+00 -3.982330e-13 -8.867690e-13 0.000000e+00
1.250000e+00 -2.500000e+00 0.000000e+00 -4.280501e-13 8.024451e-13 0.000000e+00
1.250000e+00 -2.250000e+00 0.000000e+00 -4.894718e-13 6.701431e-13 0.000000e+00
1.250000e+00 -2.000000e+00 0.000000e+00 -5.063502e-13 4.131079e-13 0.000000e+00
1.250000e+00 -1.750000e+00 0.000000e+00 -4.738025e-13 8.773917e-14 0.000000e+00
1.250000e+00 -1.500000e+00 0.000000e+00 -3.864082e-13 -2.446974e-13 0.000000e+00
1.250000e+00 -1.250000e+00 0.000000e+00 -2.491088e-13 -5.102517e-13 0.000000e+00
1.250000e+00 -1.000000e+00 0.000000e+00 -1.012839e-13 -6.279809e-13 0.000000e+00
1.250000e+00 -7.500000e-01 0.000000e+00 5.149611e-15 -5.740897e-13 0.000000e+00
1.250000e+00 -5.000000e-01 0.000000e+00 5.556309e-14 -4.121223e-13 0.000000e+00
1.250000e+00 -2.500000e-01 0.000000e+00 6.398302e-14 -2.169099e-13 0.000000e+00
1.250000e+00 0.000000e+00 0.000000e+00 6.531733e-14 -3.000916e-14 0.000000e+00
1.250000e+00 2.500000e-01 0.000000e+00 6.316918e-14 1.559517e-13 0.000000e+00
1.250000e+00 5.000000e-01 0.000000e+00 5.786544e-14 3.500180e-13 0.000000e+00
1.250000e+00 7.500000e-01 0.000000e+00 2.484481e-14 5.299123e-13 0.000000e+00
1.250000e+00 1.000000e+00 0.000000e+00 -6.296492e-14 6.253549e-13 0.000000e+00
1.250000e+00 1.250000e+00 0.000000e+00 -2.018509e-13 5.634430e-13 0.000000e+00
1.250000e+00 1.500000e+00 0.000000e+00 -3.489486e-13 3.369356e-13 0.000000e+00
1.250000e+00 1.750000e+00 0.000000e+00 -4.545048e-13 1.668017e-14 0.000000e+00
1.250000e+00 2.000000e+00 0.000000e+00 -5.052131e-13 -3.215420e-13 0.000000e+00
1.250000e+00 2.250000e+00 0.000000e+00 -5.046030e-13 -6.109663e-13 0.000000e+00
1.250000e+00 2.500000e+00 0.000000e+00 -4.564596e-13 -7.912532e-13 0.000000e+00
1.500000e+00 -2.500000e+00 0.000000e+00 -4.425777e-13 6.740060e-13 0.000000e+00
1.500000e+00 -2.250000e+00 0.000000e+00 -5.267058e-13 5.961414e-13 0.000000e+00
1.500000e+00 -2.000000e+00 0.000000e+00 -5.654038e-13 4.045781e-13 0.000000e+00
1.500000e+00 -1.750000e+00 0.000000e+00 -5.540444e-13 1.483000e-13 0.000000e+00
1.500000e+00 -1.500000e+00 0.000000e+00 -4.914310e-13 -1.181552e-13 0.000000e+00
1.500000e+00 -1.250000e+00 0.000000e+00 -3.813037e-13 -3.384658e-13 0.000000e+00
1.500000e+00 -1.000000e+00 0.000000e+00 -2.402003e-13 -4.623806e-13 0.000000e+00
1.500000e+00 -7.500000e-01 0.000000e+00 -1.019044e-13 -4.655127e-13 0.000000e+00
1.500000e+00 -5.000000e-01 0.000000e+00 9.040229e-16 -3.663731e-13 0.000000e+00
1.500000e+00 -2.500000e-01 0.000000e+00 5.695725e-14 -2.080369e-13 0.000000e+00
1.500000e+00 0.000000e+00 0.000000e+00 7.775038e-14 -2.875082e-14 0.000000e+00
1.500000e+00 2.500000e-01 0.000000e+00 6.555797e-14 1.522508e-13 0.000000e+00
1.500000e+00 5.000000e-01 0.000000e+00 2.146864e-14 3.204708e-13 0.000000e+00
1.500000e+00 7.500000e-01 0.000000e+00 -6.667099e-14 4.424528e-13 0.000000e+00
1.500000e+00 1.000000e+00 0.000000e+00 -1.970025e-13 4.734876e-13 0.000000e+00
1.500000e+00 1.250000e+00 0.000000e+00 -3.419563e-13 3.860246e-13 0.000000e+00
1.500000e+00 1.500000e+00 0.000000e+00 -4.641638e-13 1.923918e-13 0.000000e+00
1.500000e+00 1.750000e+00 0.000000e+00 -5.437389e-13 -6.609500e-14 0.000000e+00
1.500000e+00 2.000000e+00 0.000000e+00 -5.724308e-13 -3.351412e-13 0.000000e+00
1.500000e+00 2.250000e+00 0.000000e+00 -5.494134e-13 -5.562084e-13 0.000000e+00
1.500000e+00 2.500000e+00 0.000000e+00 -4.772338e-13 -6.755389e-13 0.000000e+00
1.750000e+00 -2.500000e+00 0.000000e+00 -4.174021e-13 5.329382e-13 0.000000e+00
1.750000e+00 -2.250000e+00 0.000000e+00 -5.220069e-13 5.052984e-13 0.000000e+00
1.750000e+00 -2.000000e+00 0.000000e+00 -5.844450e-13 3.777036e-13 0.000000e+00
1.750000e+00 -1.750000e+00 0.000000e+00 -5.972862e-13 1.872420e-13 0.000000e+00
1.750000e+00 -1.500000e+00 0.000000e+00 -5.599279e-13 -2.000066e-14 0.000000e+00
1.750000e+00 -1.250000e+00 0.000000e+00 -4.781248e-13 -1.978211e-13 0.000000e+00
1.750000e+00 -1.000000e+00 0.000000e+00 -3.649330e-13 -3.083539e-13 0.000000e+00
1.750000e+00 -7.500000e-01 0.000000e+00 -2.419069e-13 -3.327846e-13 0.000000e+00
1.750000e+00 -5.000000e-01 0.000000e+00 -1.327076e-13 -2.772486e-13 0.000000e+00
1.750000e+00 -2.500000e-01 0.000000e+00 -5.874861e-14 -1.643097e-13 0.000000e+00
1.750000e+00 0.000000e+00 0.000000e+00 -2.895849e-14 -2.258422e-14 0.000000e+00
1.750000e+00 2.500000e-01 0.000000e+00 -4.579681e-14 1.221288e-13 0.000000e+00
1.750000e+00 5.000000e-01 0.000000e+00 -1.068530e-13 2.465258e-13 0.000000e+00
1.750000e+00 7.500000e-01 0.000000e+00 -2.085857e-13 3.212749e-13 0.000000e+00
1.750000e+00 1.000000e+00 0.000000e+00 -3.302029e-13 3.227838e-13 0.000000e+00
1.750000e+00 1.250000e+00 0.000000e+00 -4.486782e-13 2.386179e-13 0.000000e+00
1.750000e+00 1.500000e+00 0.000000e+00 -5.417610e-13 7.929737e-14 0.000000e+00
1.750000e+00 1.750000e+00 0.000000e+00 -5.946264e-13 -1.246815e-13 0.000000e+00
1.750000e+00 2.000000e+00 0.000000e+00 -5.982702e-13 -3.284254e-13 0.000000e+00
1.750000e+00 2.250000e+00 0.000000e+00 -5.503330e-13 -4.827198e-13 0.000000e+00
1.750000e+00 2.500000e+00 0.000000e+00 -4.554641e-13 -5.443986e-13 0.000000e+00
2.000000e+00 -2.500000e+00 0.000000e+00 -3.555515e-13 3.895375e-13 0.000000e+00
2.000000e+00 -2.250000e+00 0.000000e+00 -4.717994e-13 3.999833e-13 0.000000e+00
2.000000e+00 -2.000000e+00 0.000000e+00 -5.556786e-13 3.302507e-13 0.000000e+00
2.000000e+00 -1.750000e+00 0.000000e+00 -5.935928e-13 2.010554e-13 0.000000e+00
2.000000e+00 -1.500000e+00 0.000000e+00 -5.833946e-13 4.887406e-14 0.000000e+00
2.000000e+00 -1.250000e+00 0.000000e+00 -5.299985e-13 -8.943686e-14 0.000000e+00
2.000000e+00 -1.000000e+00 0.000000e+00 -4.455448e-13 -1.836151e-13 0.000000e+00
2.000000e+00 -7.500000e-01 0.000000e+00 -3.473853e-13 -2.171543e-13 0.000000e+00
2.000000e+00 -5.000000e-01 0.000000e+00 -2.555032e-13 -1.899195e-13 0.000000e+00
2.000000e+00 -2.500000e-01 0.000000e+00 -1.900773e-13 -1.158327e-13 0.000000e+00
2.000000e+00 0.000000e+00 0.000000e+00 -1.631241e-13 -1.624479e-14 0.000000e+00
2.000000e+00 2.500000e-01 0.000000e+00 -1.785368e-13 8.650239e-14 0.000000e+00
2.000000e+00 5.000000e-01 0.000000e+00 -2.340953e-13 1.701527e-13 0.000000e+00
2.000000e+00 7.500000e-01 0.000000e+00 -3.202217e-13 2.129819e-13 0.000000e+00
2.000000e+00 1.000000e+00 0.000000e+00 -4.181140e-13 1.994565e-13 0.000000e+00
2.000000e+00 1.250000e+00 0.000000e+00 -5.087254e-13 1.237122e-13 0.000000e+00
2.000000e+00 1.500000e+00 0.000000e+00 -5.738267e-13 -3.789977e-15 0.000000e+00
2.000000e+00 1.750000e+00 0.000000e+00 -5.987457e-13 -1.570298e-13 0.000000e+00
2.000000e+00 2.000000e+00 0.000000e+00 -5.754988e-13 -2.993634e-13 0.000000e+00
2.000000e+00 2.250000e+00 0.000000e+00 -5.037880e-13 -3.920417e-13 0.000000e+00
2.000000e+00 2.500000e+00 0.000000e+00 -3.933759e-13 -4.063828e-13 0.000000e+00
2.250000e+00 -2.500000e+00 0.000000e+00 -2.694707e-13 2.578297e-13 0.000000e+00
2.250000e+00 -2.250000e+00 0.000000e+00 -3.826329e-13 2.887651e-13 0.000000e+00
2.250000e+00 -2.000000e+00 0.000000e+00 -4.787766e-13 2.640388e-13 0.000000e+00
2.250000e+00 -1.750000e+00 0.000000e+00 -5.389189e-13 1.887874e-13 0.000000e+00
2.250000e+00 -1.500000e+00 0.000000e+00 -5.558805e-13 8.657844e-14 0.000000e+00
2.250000e+00 -1.250000e+00 0.000000e+00 -5.322419e-13 -1.414191e-14 0.000000e+00
2.250000e+00 -1.000000e+00 0.000000e+00 -4.776885e-13 -8.929109e-14 0.000000e+00
2.250000e+00 -7.500000e-01 0.000000e+00 -4.059827e-13 -1.248248e-13 0.000000e+00
2.250000e+00 -5.000000e-01 0.000000e+00 -3.349771e-13 -1.172870e-13 0.000000e+00
2.250000e+00 -2.500000e-01 0.000000e+00 -2.825776e-13 -7.427611e-14 0.000000e+00
2.250000e+00 0.000000e+00 0.000000e+00 -2.602766e-13 -1.081753e-14 0.000000e+00
2.250000e+00 2.500000e-01 0.000000e+00 -2.728030e-13 5.540690e-14 0.000000e+00
2.250000e+00 5.000000e-01 0.000000e+00 -3.176125e-13 1.062163e-13 0.000000e+00
2.250000e+00 7.500000e-01 0.000000e+00 -3.843208e-13 1.259850e-13 0.000000e+00
2.250000e+00 1.000000e+00 0.000000e+00 -4.574937e-13 1.044524e-13 0.000000e+00
2.250000e+00 1.250000e+00 0.000000e+00 -5.196514e-13 4.059627e-14 0.000000e+00
2.250000e+00 1.500000e+00 0.000000e+00 -5.551153e-13 -5.529122e-14 0.000000e+00
2.250000e+00 1.750000e+00 0.000000e+00 -5.512596e-13 -1.611792e-13 0.000000e+00
2.250000e+00 2.000000e+00 0.000000e+00 -5.031750e-13 -2.485926e-13 0.000000e+00
2.250000e+00 2.250000e+00 0.000000e+00 -4.151829e-13 -2.907560e-13 0.000000e+00
2.250000e+00 2.500000e+00 0.000000e+00 -3.030726e-13 -2.750170e-13 0.000000e+00
2.500000e+00 -2.500000e+00 0.000000e+00 -1.787131e-13 1.513876e-13 0.000000e+00
2.500000e+00 -2.250000e+00 0.000000e+00 -2.732583e-13 1.856148e-13 0.000000e+00
2.500000e+00 -2.000000e+00 0.000000e+00 -3.663131e-13 1.879563e-13 0.000000e+00
2.500000e+00 -1.750000e+00 0.000000e+00 -4.386889e-13 1.541137e-13 0.000000e+00
2.500000e+00 -1.500000e+00 0.000000e+00 -4.782046e-13 9.468656e-14 0.000000e+00
2.500000e+00 -1.250000e+00 0.000000e+00 -4.824207e-13 2.831840e-14 0.000000e+00
2.500000e+00 -1.000000e+00 0.000000e+00 -4.573629e-13 -2.662683e-14 0.000000e+00
2.500000e+00 -7.500000e-01 0.000000e+00 -4.140298e-13 -5.814302e-14 0.000000e+00
2.500000e+00 -5.000000e-01 0.000000e+00 -3.665804e-13 -6.198204e-14 0.000000e+00
2.500000e+00 -2.500000e-01 0.000000e+00 -3.294999e-13 -4.148502e-14 0.000000e+00
2.500000e+00 0.000000e+00 0.000000e+00 -3.131354e-13 -6.243207e-15 0.000000e+00
2.500000e+00 2.500000e-01 0.000000e+00 -3.220504e-13 3.106263e-14 0.000000e+00
2.500000e+00 5.000000e-01 0.000000e+00 -3.536651e-13 5.741335e-14 0.000000e+00
2.500000e+00 7.500000e-01 0.000000e+00 -3.991821e-13 6.206187e-14 0.000000e+00
2.500000e+00 1.000000e+00 0.000000e+00 -4.456925e-13 3.908878e-14 0.000000e+00
2.500000e+00 1.250000e+00 0.000000e+00 -4.785201e-13 -9.984309e-15 0.000000e+00
2.500000e+00 1.500000e+00 0.000000e+00 -4.847675e-13 -7.538710e-14 0.000000e+00
2.500000e+00 1.750000e+00 0.000000e+00 -4.558484e-13 -1.396605e-13 0.000000e+00
2.500000e+00 2.000000e+00 0.000000e+00 -3.917220e-13 -1.832409e-13 0.000000e+00
2.500000e+00 2.250000e+00 0.000000e+00 -3.019831e-13 -1.919230e-13 0.000000e+00
2.500000e+00 2.500000e+00 0.000000e+00 -2.048370e-13 -1.652350e-13 0.000000e+00
