x y z |F|^2 Fx Fy Fz 
-0.2947639965 -0.2947639965 -0.8842919896 0.0011212489 0.0002809216 -0.0002240218 -0.0010621188
-0.0982546655 -0.2947639965 -0.8842919896 0.0025265759 0.0004415201 0.0009246642 -0.0023094679
0.0982546655 -0.2947639965 -0.8842919896 0.0025265768 -0.0004415200 0.0009246645 -0.0023094688
0.2947639965 -0.2947639965 -0.8842919896 0.0011212506 -0.0002809219 -0.0002240216 -0.0010621205
-0.2947639965 -0.0982546655 -0.8842919896 0.0011249000 0.0008333617 -0.0001429189 -0.0007419451
-0.0982546655 -0.0982546655 -0.8842919896 0.0049149621 0.0016143672 0.0006951253 -0.0045899316
0.0982546655 -0.0982546655 -0.8842919896 0.0049149632 -0.0016143668 0.0006951255 -0.0045899329
0.2947639965 -0.0982546655 -0.8842919896 0.0011249022 -0.0008333623 -0.0001429188 -0.0007419477
-0.2947639965 0.0982546655 -0.8842919896 0.0011248991 0.0008333612 0.0001429186 -0.0007419443
-0.0982546655 0.0982546655 -0.8842919896 0.0049149609 0.0016143669 -0.0006951265 -0.0045899302
0.0982546655 0.0982546655 -0.8842919896 0.0049149621 -0.0016143665 -0.0006951266 -0.0045899316
0.2947639965 0.0982546655 -0.8842919896 0.0011249013 -0.0008333618 0.0001429185 -0.0007419469
-0.2947639965 0.2947639965 -0.8842919896 0.0011212478 0.0002809209 0.0002240216 -0.0010621179
-0.0982546655 0.2947639965 -0.8842919896 0.0025265741 0.0004415197 -0.0009246644 -0.0023094660
0.0982546655 0.2947639965 -0.8842919896 0.0025265750 -0.0004415195 -0.0009246646 -0.0023094668
0.2947639965 0.2947639965 -0.8842919896 0.0011212494 -0.0002809212 0.0002240213 -0.0010621196
-0.0982546655 -0.6877826586 -0.6877826586 0.0027484987 -0.0000039889 0.0000524782 -0.0027479948
0.0982546655 -0.6877826586 -0.6877826586 0.0027484989 0.0000039887 0.0000524781 -0.0027479949
-0.4912733276 -0.4912733276 -0.6877826586 0.0026948288 -0.0003657870 0.0002447143 -0.0026586495
-0.2947639965 -0.4912733276 -0.6877826586 0.0013770639 0.0002249642 0.0002801675 -0.0013293616
-0.0982546655 -0.4912733276 -0.6877826586 0.0034231174 0.0003627974 -0.0001086625 -0.0034021027
0.0982546655 -0.4912733276 -0.6877826586 0.0034231172 -0.0003627977 -0.0001086627 -0.0034021025
0.2947639965 -0.4912733276 -0.6877826586 0.0013770637 -0.0002249640 0.0002801670 -0.0013293615
0.4912733276 -0.4912733276 -0.6877826586 0.0026948291 0.0003657873 0.0002447139 -0.0026586498
-0.4912733276 -0.2947639965 -0.6877826586 0.0034352121 -0.0004365775 0.0005396804 -0.0033643465
-0.2947639965 -0.2947639965 -0.6877826586 0.0014375831 -0.0001843607 0.0004720273 0.0013453054
-0.0982546655 -0.2947639965 -0.6877826586 0.0003329351 -0.0000708240 -0.0002591984 -0.0001965856
0.0982546655 -0.2947639965 -0.6877826586 0.0003329350 0.0000708234 -0.0002591984 -0.0001965857
0.2947639965 -0.2947639965 -0.6877826586 0.0014375827 0.0001843606 0.0004720269 0.0013453050
0.4912733276 -0.2947639965 -0.6877826586 0.0034352115 0.0004365780 0.0005396800 -0.0033643459
-0.6877826586 -0.0982546655 -0.6877826586 0.0042632463 -0.0006903382 -0.0000343664 -0.0042068422
-0.4912733276 -0.0982546655 -0.6877826586 0.0030060105 0.0003127552 0.0002394186 -0.0029800943
-0.2947639965 -0.0982546655 -0.6877826586 0.0020256648 -0.0007805498 0.0000309261 0.0018689846
-0.0982546655 -0.0982546655 -0.6877826586 0.0009852020 -0.0000161009 -0.0001144795 -0.0009783957
0.0982546655 -0.0982546655 -0.6877826586 0.0009852021 0.0000161003 -0.0001144795 -0.0009783959
0.2947639965 -0.0982546655 -0.6877826586 0.0020256645 0.0007805494 0.0000309261 0.0018689845
0.4912733276 -0.0982546655 -0.6877826586 0.0030060091 -0.0003127544 0.0002394184 -0.0029800930
0.6877826586 -0.0982546655 -0.6877826586 0.0042632459 0.0006903385 -0.0000343664 -0.0042068417
-0.6877826586 0.0982546655 -0.6877826586 0.0042632455 -0.0006903378 0.0000343661 -0.0042068415
-0.4912733276 0.0982546655 -0.6877826586 0.0030060103 0.0003127555 -0.0002394181 -0.0029800941
-0.2947639965 0.0982546655 -0.6877826586 0.0020256653 -0.0007805499 -0.0000309253 0.0018689852
-0.0982546655 0.0982546655 -0.6877826586 0.0009852013 -0.0000161010 0.0001144799 -0.0009783950
0.0982546655 0.0982546655 -0.6877826586 0.0009852015 0.0000161004 0.0001144799 -0.0009783951
0.2947639965 0.0982546655 -0.6877826586 0.0020256650 0.0007805494 -0.0000309253 0.0018689850
0.4912733276 0.0982546655 -0.6877826586 0.0030060089 -0.0003127548 -0.0002394180 -0.0029800928
0.6877826586 0.0982546655 -0.6877826586 0.0042632452 0.0006903382 0.0000343661 -0.0042068410
-0.4912733276 0.2947639965 -0.6877826586 0.0034352107 -0.0004365769 -0.0005396809 -0.0033643451
-0.2947639965 0.2947639965 -0.6877826586 0.0014375849 -0.0001843605 -0.0004720273 0.0013453073
-0.0982546655 0.2947639965 -0.6877826586 0.0003329341 -0.0000708242 0.0002591988 -0.0001965834
0.0982546655 0.2947639965 -0.6877826586 0.0003329341 0.0000708235 0.0002591988 -0.0001965836
0.2947639965 0.2947639965 -0.6877826586 0.0014375844 0.0001843604 -0.0004720269 0.0013453069
0.4912733276 0.2947639965 -0.6877826586 0.0034352101 0.0004365773 -0.0005396805 -0.0033643444
-0.4912733276 0.4912733276 -0.6877826586 0.0026948260 -0.0003657863 -0.0002447150 -0.0026586466
-0.2947639965 0.4912733276 -0.6877826586 0.0013770616 0.0002249647 -0.0002801681 -0.0013293589
-0.0982546655 0.4912733276 -0.6877826586 0.0034231149 0.0003627976 0.0001086618 -0.0034021003
0.0982546655 0.4912733276 -0.6877826586 0.0034231147 -0.0003627979 0.0001086620 -0.0034021000
0.2947639965 0.4912733276 -0.6877826586 0.0013770613 -0.0002249646 -0.0002801676 -0.0013293589
0.4912733276 0.4912733276 -0.6877826586 0.0026948263 0.0003657866 -0.0002447146 -0.0026586469
-0.0982546655 0.6877826586 -0.6877826586 0.0027484947 -0.0000039889 -0.0000524794 -0.0027479908
0.0982546655 0.6877826586 -0.6877826586 0.0027484949 0.0000039887 -0.0000524793 -0.0027479909
-0.4912733276 -0.6877826586 -0.4912733276 0.0008721230 0.0000332871 -0.0000422826 -0.0008704612
-0.2947639965 -0.6877826586 -0.4912733276 0.0003938094 0.0000015150 0.0003391097 -0.0002002202
-0.0982546655 -0.6877826586 -0.4912733276 0.0004625288 -0.0000263465 0.0001496872 0.0004368438
0.0982546655 -0.6877826586 -0.4912733276 0.0004625289 0.0000263464 0.0001496873 0.0004368439
0.2947639965 -0.6877826586 -0.4912733276 0.0003938092 -0.0000015150 0.0003391099 -0.0002002197
0.4912733276 -0.6877826586 -0.4912733276 0.0008721228 -0.0000332871 -0.0000422825 -0.0008704610
-0.6877826586 -0.4912733276 -0.4912733276 0.0016353436 -0.0003075428 -0.0001823953 -0.0015957751
-0.4912733276 -0.4912733276 -0.4912733276 0.0014352863 0.0005582294 0.0001185178 0.0013169587
-0.2947639965 -0.4912733276 -0.4912733276 0.0023990201 0.0002433939 0.0006451521 0.0022977892
-0.0982546655 -0.4912733276 -0.4912733276 0.0017178355 -0.0001541559 0.0004154448 0.0016596989
0.0982546655 -0.4912733276 -0.4912733276 0.0017178358 0.0001541559 0.0004154449 0.0016596992
0.2947639965 -0.4912733276 -0.4912733276 0.0023990205 -0.0002433940 0.0006451523 0.0022977897
0.4912733276 -0.4912733276 -0.4912733276 0.0014352864 -0.0005582294 0.0001185179 0.0013169588
0.6877826586 -0.4912733276 -0.4912733276 0.0016353437 0.0003075427 -0.0001823952 -0.0015957752
-0.6877826586 -0.2947639965 -0.4912733276 0.0011518382 -0.0003757031 -0.0000783412 -0.0010860207
-0.4912733276 -0.2947639965 -0.4912733276 0.0020250442 0.0009937093 0.0001904177 0.0017541628
-0.2947639965 -0.2947639965 -0.4912733276 0.0026173365 0.0004236403 0.0004614531 0.0025412674
-0.0982546655 -0.2947639965 -0.4912733276 0.0024918109 -0.0002157611 0.0003776448 0.0024535592
0.0982546655 -0.2947639965 -0.4912733276 0.0024918112 0.0002157613 0.0003776450 0.0024535596
0.2947639965 -0.2947639965 -0.4912733276 0.0026173371 -0.0004236403 0.0004614533 0.0025412681
0.4912733276 -0.2947639965 -0.4912733276 0.0020250443 -0.0009937092 0.0001904177 0.0017541629
0.6877826586 -0.2947639965 -0.4912733276 0.0011518387 0.0003757030 -0.0000783412 -0.0010860214
-0.6877826586 -0.0982546655 -0.4912733276 0.0002071463 -0.0000754758 -0.0000447322 -0.0001876487
-0.4912733276 -0.0982546655 -0.4912733276 0.0019383907 0.0011186522 0.0000813223 0.0015809372
-0.2947639965 -0.0982546655 -0.4912733276 0.0024399305 0.0003698069 0.0000997687 0.0024096784
-0.0982546655 -0.0982546655 -0.4912733276 0.0028311583 -0.0001247978 0.0001495215 0.0028244515
0.0982546655 -0.0982546655 -0.4912733276 0.0028311586 0.0001247981 0.0001495216 0.0028244517
0.2947639965 -0.0982546655 -0.4912733276 0.0024399311 -0.0003698071 0.0000997688 0.0024096790
0.4912733276 -0.0982546655 -0.4912733276 0.0019383907 -0.0011186522 0.0000813223 0.0015809372
0.6877826586 -0.0982546655 -0.4912733276 0.0002071467 0.0000754757 -0.0000447322 -0.0001876491
-0.6877826586 0.0982546655 -0.4912733276 0.0002071464 -0.0000754758 0.0000447322 -0.0001876488
-0.4912733276 0.0982546655 -0.4912733276 0.0019383901 0.0011186520 -0.0000813223 0.0015809366
-0.2947639965 0.0982546655 -0.4912733276 0.0024399299 0.0003698068 -0.0000997691 0.0024096777
-0.0982546655 0.0982546655 -0.4912733276 0.0028311581 -0.0001247978 -0.0001495220 0.0028244512
0.0982546655 0.0982546655 -0.4912733276 0.0028311583 0.0001247981 -0.0001495221 0.0028244515
0.2947639965 0.0982546655 -0.4912733276 0.0024399305 -0.0003698070 -0.0000997692 0.0024096783
0.4912733276 0.0982546655 -0.4912733276 0.0019383902 -0.0011186520 -0.0000813223 0.0015809367
0.6877826586 0.0982546655 -0.4912733276 0.0002071468 0.0000754757 0.0000447323 -0.0001876492
-0.6877826586 0.2947639965 -0.4912733276 0.0011518385 -0.0003757028 0.0000783412 -0.0010860212
-0.4912733276 0.2947639965 -0.4912733276 0.0020250429 0.0009937090 -0.0001904174 0.0017541615
-0.2947639965 0.2947639965 -0.4912733276 0.0026173346 0.0004236399 -0.0004614528 0.0025412656
-0.0982546655 0.2947639965 -0.4912733276 0.0024918094 -0.0002157612 -0.0003776446 0.0024535578
0.0982546655 0.2947639965 -0.4912733276 0.0024918098 0.0002157613 -0.0003776447 0.0024535581
0.2947639965 0.2947639965 -0.4912733276 0.0026173353 -0.0004236400 -0.0004614530 0.0025412662
0.4912733276 0.2947639965 -0.4912733276 0.0020250430 -0.0009937089 -0.0001904175 0.0017541616
0.6877826586 0.2947639965 -0.4912733276 0.0011518391 0.0003757027 0.0000783412 -0.0010860218
-0.6877826586 0.4912733276 -0.4912733276 0.0016353432 -0.0003075423 0.0001823952 -0.0015957748
-0.4912733276 0.4912733276 -0.4912733276 0.0014352857 0.0005582295 -0.0001185177 0.0013169580
-0.2947639965 0.4912733276 -0.4912733276 0.0023990179 0.0002433938 -0.0006451515 0.0022977872
-0.0982546655 0.4912733276 -0.4912733276 0.0017178331 -0.0001541559 -0.0004154438 0.0016596966
0.0982546655 0.4912733276 -0.4912733276 0.0017178334 0.0001541559 -0.0004154440 0.0016596969
0.2947639965 0.4912733276 -0.4912733276 0.0023990184 -0.0002433938 -0.0006451516 0.0022977877
0.4912733276 0.4912733276 -0.4912733276 0.0014352857 -0.0005582295 -0.0001185178 0.0013169580
0.6877826586 0.4912733276 -0.4912733276 0.0016353433 0.0003075422 0.0001823951 -0.0015957749
-0.4912733276 0.6877826586 -0.4912733276 0.0008721232 0.0000332875 0.0000422824 -0.0008704614
-0.2947639965 0.6877826586 -0.4912733276 0.0003938102 0.0000015152 -0.0003391097 -0.0002002219
-0.0982546655 0.6877826586 -0.4912733276 0.0004625281 -0.0000263463 -0.0001496869 0.0004368431
0.0982546655 0.6877826586 -0.4912733276 0.0004625282 0.0000263462 -0.0001496870 0.0004368432
0.2947639965 0.6877826586 -0.4912733276 0.0003938101 -0.0000015152 -0.0003391098 -0.0002002215
0.4912733276 0.6877826586 -0.4912733276 0.0008721230 -0.0000332874 0.0000422823 -0.0008704612
-0.2947639965 -0.8842919896 -0.2947639965 0.0010338925 -0.0005348591 0.0002291994 -0.0008545918
-0.0982546655 -0.8842919896 -0.2947639965 0.0003154583 -0.0001676876 0.0000410209 -0.0002640305
0.0982546655 -0.8842919896 -0.2947639965 0.0003154583 0.0001676877 0.0000410209 -0.0002640304
0.2947639965 -0.8842919896 -0.2947639965 0.0010338923 0.0005348592 0.0002291993 -0.0008545915
-0.4912733276 -0.6877826586 -0.2947639965 0.0012813229 0.0001218171 0.0001307375 0.0012688013
-0.2947639965 -0.6877826586 -0.2947639965 0.0011993828 -0.0003274852 0.0001801561 0.0011396562
-0.0982546655 -0.6877826586 -0.2947639965 0.0010762265 -0.0002088758 0.0001575354 0.0010439430
0.0982546655 -0.6877826586 -0.2947639965 0.0010762266 0.0002088758 0.0001575354 0.0010439430
0.2947639965 -0.6877826586 -0.2947639965 0.0011993829 0.0003274852 0.0001801561 0.0011396563
0.4912733276 -0.6877826586 -0.2947639965 0.0012813229 -0.0001218172 0.0001307371 0.0012688013
-0.6877826586 -0.4912733276 -0.2947639965 0.0014085393 0.0003668759 0.0002660353 0.0013336455
-0.4912733276 -0.4912733276 -0.2947639965 0.0010807195 0.0002228656 0.0000926702 0.0010534219
-0.2947639965 -0.4912733276 -0.2947639965 0.0008160908 -0.0004025277 -0.0001203236 0.0006996412
-0.0982546655 -0.4912733276 -0.2947639965 0.0011015468 -0.0001308059 0.0001420463 0.0010844898
0.0982546655 -0.4912733276 -0.2947639965 0.0011015468 0.0001308060 0.0001420463 0.0010844897
0.2947639965 -0.4912733276 -0.2947639965 0.0008160906 0.0004025276 -0.0001203236 0.0006996411
0.4912733276 -0.4912733276 -0.2947639965 0.0010807192 -0.0002228658 0.0000926700 0.0010534216
0.6877826586 -0.4912733276 -0.2947639965 0.0014085386 -0.0003668758 0.0002660349 0.0013336449
-0.8842919896 -0.2947639965 -0.2947639965 0.0016311972 -0.0002532367 0.0006486524 -0.0014751019
-0.6877826586 -0.2947639965 -0.2947639965 0.0015468729 0.0001848336 0.0003451735 0.0014964984
-0.4912733276 -0.2947639965 -0.2947639965 0.0009974726 -0.0000922210 -0.0000447246 0.0009921928
-0.2947639965 -0.2947639965 -0.2947639965 0.0008285107 -0.0002299377 -0.0000869566 0.0007911999
-0.0982546655 -0.2947639965 -0.2947639965 0.0012831074 0.0000420102 0.0002349346 0.0012607162
0.0982546655 -0.2947639965 -0.2947639965 0.0012831072 -0.0000420102 0.0002349346 0.0012607161
0.2947639965 -0.2947639965 -0.2947639965 0.0008285104 0.0002299375 -0.0000869566 0.0007911996
0.4912733276 -0.2947639965 -0.2947639965 0.0009974721 0.0000922206 -0.0000447247 0.0009921924
0.6877826586 -0.2947639965 -0.2947639965 0.0015468719 -0.0001848333 0.0003451731 0.0014964975
0.8842919896 -0.2947639965 -0.2947639965 0.0016311984 0.0002532375 0.0006486522 -0.0014751031
-0.8842919896 -0.0982546655 -0.2947639965 0.0028403628 -0.0010192521 0.0004635606 -0.0026103443
-0.6877826586 -0.0982546655 -0.2947639965 0.0014721273 -0.0001878287 0.0001300236 0.0014542946
-0.4912733276 -0.0982546655 -0.2947639965 0.0011659599 -0.0002034605 -0.0000215492 0.0011478685
-0.2947639965 -0.0982546655 -0.2947639965 0.0010835155 -0.0000535823 0.0000032554 0.0010821849
-0.0982546655 -0.0982546655 -0.2947639965 0.0013873464 0.0001677771 0.0001246521 0.0013715112
0.0982546655 -0.0982546655 -0.2947639965 0.0013873463 -0.0001677771 0.0001246521 0.0013715110
0.2947639965 -0.0982546655 -0.2947639965 0.0010835152 0.0000535821 0.0000032554 0.0010821846
0.4912733276 -0.0982546655 -0.2947639965 0.0011659595 0.0002034600 -0.0000215493 0.0011478681
0.6877826586 -0.0982546655 -0.2947639965 0.0014721264 0.0001878287 0.0001300234 0.0014542938
0.8842919896 -0.0982546655 -0.2947639965 0.0028403642 0.0010192532 0.0004635605 -0.0026103455
-0.8842919896 0.0982546655 -0.2947639965 0.0028403630 -0.0010192523 -0.0004635606 -0.0026103445
-0.6877826586 0.0982546655 -0.2947639965 0.0014721272 -0.0001878287 -0.0001300239 0.0014542946
-0.4912733276 0.0982546655 -0.2947639965 0.0011659603 -0.0002034603 0.0000215491 0.0011478689
-0.2947639965 0.0982546655 -0.2947639965 0.0010835162 -0.0000535820 -0.0000032553 0.0010821856
-0.0982546655 0.0982546655 -0.2947639965 0.0013873471 0.0001677772 -0.0001246515 0.0013715118
0.0982546655 0.0982546655 -0.2947639965 0.0013873470 -0.0001677772 -0.0001246514 0.0013715117
0.2947639965 0.0982546655 -0.2947639965 0.0010835159 0.0000535818 -0.0000032552 0.0010821853
0.4912733276 0.0982546655 -0.2947639965 0.0011659598 0.0002034598 0.0000215491 0.0011478685
0.6877826586 0.0982546655 -0.2947639965 0.0014721264 0.0001878288 -0.0001300237 0.0014542937
0.8842919896 0.0982546655 -0.2947639965 0.0028403644 0.0010192534 -0.0004635604 -0.0026103457
-0.8842919896 0.2947639965 -0.2947639965 0.0016311976 -0.0002532371 -0.0006486523 -0.0014751024
-0.6877826586 0.2947639965 -0.2947639965 0.0015468725 0.0001848333 -0.0003451735 0.0014964980
-0.4912733276 0.2947639965 -0.2947639965 0.0009974732 -0.0000922207 0.0000447242 0.0009921934
-0.2947639965 0.2947639965 -0.2947639965 0.0008285121 -0.0002299372 0.0000869562 0.0007912015
-0.0982546655 0.2947639965 -0.2947639965 0.0012831093 0.0000420105 -0.0002349350 0.0012607181
0.0982546655 0.2947639965 -0.2947639965 0.0012831092 -0.0000420105 -0.0002349350 0.0012607180
0.2947639965 0.2947639965 -0.2947639965 0.0008285118 0.0002299370 0.0000869562 0.0007912012
0.4912733276 0.2947639965 -0.2947639965 0.0009974727 0.0000922203 0.0000447243 0.0009921930
0.6877826586 0.2947639965 -0.2947639965 0.0015468715 -0.0001848330 -0.0003451731 0.0014964972
0.8842919896 0.2947639965 -0.2947639965 0.0016311988 0.0002532379 -0.0006486521 -0.0014751036
-0.6877826586 0.4912733276 -0.2947639965 0.0014085385 0.0003668754 -0.0002660352 0.0013336448
-0.4912733276 0.4912733276 -0.2947639965 0.0010807193 0.0002228653 -0.0000926703 0.0010534218
-0.2947639965 0.4912733276 -0.2947639965 0.0008160914 -0.0004025274 0.0001203230 0.0006996423
-0.0982546655 0.4912733276 -0.2947639965 0.0011015486 -0.0001308056 -0.0001420469 0.0010844915
0.0982546655 0.4912733276 -0.2947639965 0.0011015485 0.0001308057 -0.0001420469 0.0010844915
0.2947639965 0.4912733276 -0.2947639965 0.0008160912 0.0004025272 0.0001203230 0.0006996421
0.4912733276 0.4912733276 -0.2947639965 0.0010807190 -0.0002228655 -0.0000926700 0.0010534214
0.6877826586 0.4912733276 -0.2947639965 0.0014085378 -0.0003668753 -0.0002660348 0.0013336442
-0.4912733276 0.6877826586 -0.2947639965 0.0012813217 0.0001218166 -0.0001307370 0.0012688002
-0.2947639965 0.6877826586 -0.2947639965 0.0011993819 -0.0003274853 -0.0001801557 0.0011396554
-0.0982546655 0.6877826586 -0.2947639965 0.0010762262 -0.0002088756 -0.0001575354 0.0010439427
0.0982546655 0.6877826586 -0.2947639965 0.0010762262 0.0002088756 -0.0001575354 0.0010439428
0.2947639965 0.6877826586 -0.2947639965 0.0011993820 0.0003274853 -0.0001801556 0.0011396555
0.4912733276 0.6877826586 -0.2947639965 0.0012813217 -0.0001218167 -0.0001307367 0.0012688002
-0.2947639965 0.8842919896 -0.2947639965 0.0010338936 -0.0005348592 -0.0002291986 -0.0008545932
-0.0982546655 0.8842919896 -0.2947639965 0.0003154593 -0.0001676876 -0.0000410203 -0.0002640317
0.0982546655 0.8842919896 -0.2947639965 0.0003154592 0.0001676877 -0.0000410203 -0.0002640316
0.2947639965 0.8842919896 -0.2947639965 0.0010338935 0.0005348593 -0.0002291985 -0.0008545930
-0.2947639965 -0.8842919896 -0.0982546655 0.0005943026 -0.0002565904 -0.0005070781 0.0001738641
-0.0982546655 -0.8842919896 -0.0982546655 0.0007364619 -0.0000465307 -0.0001926688 0.0007092882
0.0982546655 -0.8842919896 -0.0982546655 0.0007364619 0.0000465309 -0.0001926689 0.0007092881
0.2947639965 -0.8842919896 -0.0982546655 0.0005943028 0.0002565906 -0.0005070783 0.0001738640
-0.6877826586 -0.6877826586 -0.0982546655 0.0015369808 -0.0002129690 -0.0004329212 -0.0014592921
-0.4912733276 -0.6877826586 -0.0982546655 0.0003783217 -0.0000470728 -0.0002699863 0.0002608043
-0.2947639965 -0.6877826586 -0.0982546655 0.0009353543 0.0001207455 0.0000835520 0.0009237571
-0.0982546655 -0.6877826586 -0.0982546655 0.0016862771 0.0002214599 0.0005636664 0.0015737745
0.0982546655 -0.6877826586 -0.0982546655 0.0016862770 -0.0002214599 0.0005636663 0.0015737744
0.2947639965 -0.6877826586 -0.0982546655 0.0009353540 -0.0001207454 0.0000835518 0.0009237569
0.4912733276 -0.6877826586 -0.0982546655 0.0003783218 0.0000470727 -0.0002699865 0.0002608042
0.6877826586 -0.6877826586 -0.0982546655 0.0015369809 0.0002129689 -0.0004329214 -0.0014592922
-0.6877826586 -0.4912733276 -0.0982546655 0.0003396988 0.0000040511 -0.0000971367 0.0003254893
-0.4912733276 -0.4912733276 -0.0982546655 0.0018150967 0.0004298706 0.0004773106 0.0016976343
-0.2947639965 -0.4912733276 -0.0982546655 0.0022500826 0.0004974632 0.0007864662 0.0020486271
-0.0982546655 -0.4912733276 -0.0982546655 0.0020761057 0.0003446269 0.0008541548 0.0018606092
0.0982546655 -0.4912733276 -0.0982546655 0.0020761057 -0.0003446269 0.0008541548 0.0018606092
0.2947639965 -0.4912733276 -0.0982546655 0.0022500825 -0.0004974632 0.0007864662 0.0020486270
0.4912733276 -0.4912733276 -0.0982546655 0.0018150969 -0.0004298706 0.0004773106 0.0016976344
0.6877826586 -0.4912733276 -0.0982546655 0.0003396989 -0.0000040513 -0.0000971367 0.0003254895
-0.8842919896 -0.2947639965 -0.0982546655 0.0012476016 -0.0007389759 -0.0000914285 -0.0010010322
-0.6877826586 -0.2947639965 -0.0982546655 0.0015969259 0.0006348187 0.0002214535 0.0014484944
-0.4912733276 -0.2947639965 -0.0982546655 0.0028710596 0.0008706548 0.0007453341 0.0026323792
-0.2947639965 -0.2947639965 -0.0982546655 0.0022151317 0.0004991914 0.0007472180 0.0020246683
-0.0982546655 -0.2947639965 -0.0982546655 0.0012918748 0.0002503944 0.0005576049 0.0011381212
0.0982546655 -0.2947639965 -0.0982546655 0.0012918749 -0.0002503944 0.0005576050 0.0011381213
0.2947639965 -0.2947639965 -0.0982546655 0.0022151317 -0.0004991913 0.0007472180 0.0020246683
0.4912733276 -0.2947639965 -0.0982546655 0.0028710597 -0.0008706549 0.0007453343 0.0026323793
0.6877826586 -0.2947639965 -0.0982546655 0.0015969263 -0.0006348190 0.0002214537 0.0014484947
0.8842919896 -0.2947639965 -0.0982546655 0.0012476019 0.0007389759 -0.0000914284 -0.0010010324
-0.8842919896 -0.0982546655 -0.0982546655 0.0016262369 -0.0008587507 -0.0000224760 -0.0013808290
-0.6877826586 -0.0982546655 -0.0982546655 0.0023130631 0.0010855632 0.0001152165 0.0020392495
-0.4912733276 -0.0982546655 -0.0982546655 0.0028980476 0.0010535455 0.0003013252 0.0026828949
-0.2947639965 -0.0982546655 -0.0982546655 0.0015793278 0.0003770856 0.0002656027 0.0015104761
-0.0982546655 -0.0982546655 -0.0982546655 0.0005427390 0.0001432323 0.0001542702 0.0005002508
0.0982546655 -0.0982546655 -0.0982546655 0.0005427391 -0.0001432322 0.0001542702 0.0005002509
0.2947639965 -0.0982546655 -0.0982546655 0.0015793278 -0.0003770854 0.0002656027 0.0015104761
0.4912733276 -0.0982546655 -0.0982546655 0.0028980476 -0.0010535455 0.0003013252 0.0026828949
0.6877826586 -0.0982546655 -0.0982546655 0.0023130635 -0.0010855635 0.0001152165 0.0020392498
0.8842919896 -0.0982546655 -0.0982546655 0.0016262369 0.0008587507 -0.0000224759 -0.0013808290
-0.8842919896 0.0982546655 -0.0982546655 0.0016262369 -0.0008587507 0.0000224760 -0.0013808289
-0.6877826586 0.0982546655 -0.0982546655 0.0023130633 0.0010855633 -0.0001152163 0.0020392497
-0.4912733276 0.0982546655 -0.0982546655 0.0028980476 0.0010535454 -0.0003013248 0.0026828950
-0.2947639965 0.0982546655 -0.0982546655 0.0015793275 0.0003770853 -0.0002656027 0.0015104759
-0.0982546655 0.0982546655 -0.0982546655 0.0005427386 0.0001432321 -0.0001542706 0.0005002503
0.0982546655 0.0982546655 -0.0982546655 0.0005427387 -0.0001432321 -0.0001542706 0.0005002504
0.2947639965 0.0982546655 -0.0982546655 0.0015793275 -0.0003770851 -0.0002656027 0.0015104759
0.4912733276 0.0982546655 -0.0982546655 0.0028980476 -0.0010535454 -0.0003013249 0.0026828949
0.6877826586 0.0982546655 -0.0982546655 0.0023130637 -0.0010855636 -0.0001152164 0.0020392500
0.8842919896 0.0982546655 -0.0982546655 0.0016262369 0.0008587507 0.0000224759 -0.0013808289
-0.8842919896 0.2947639965 -0.0982546655 0.0012476018 -0.0007389760 0.0000914285 -0.0010010322
-0.6877826586 0.2947639965 -0.0982546655 0.0015969266 0.0006348191 -0.0002214536 0.0014484949
-0.4912733276 0.2947639965 -0.0982546655 0.0028710599 0.0008706550 -0.0007453339 0.0026323796
-0.2947639965 0.2947639965 -0.0982546655 0.0022151312 0.0004991909 -0.0007472175 0.0020246680
-0.0982546655 0.2947639965 -0.0982546655 0.0012918738 0.0002503941 -0.0005576043 0.0011381204
0.0982546655 0.2947639965 -0.0982546655 0.0012918738 -0.0002503941 -0.0005576043 0.0011381205
0.2947639965 0.2947639965 -0.0982546655 0.0022151312 -0.0004991908 -0.0007472175 0.0020246681
0.4912733276 0.2947639965 -0.0982546655 0.0028710601 -0.0008706550 -0.0007453341 0.0026323797
0.6877826586 0.2947639965 -0.0982546655 0.0015969270 -0.0006348193 -0.0002214537 0.0014484952
0.8842919896 0.2947639965 -0.0982546655 0.0012476020 0.0007389760 0.0000914284 -0.0010010325
-0.6877826586 0.4912733276 -0.0982546655 0.0003396991 0.0000040513 0.0000971365 0.0003254898
-0.4912733276 0.4912733276 -0.0982546655 0.0018150979 0.0004298710 -0.0004773109 0.0016976353
-0.2947639965 0.4912733276 -0.0982546655 0.0022500832 0.0004974634 -0.0007864660 0.0020486278
-0.0982546655 0.4912733276 -0.0982546655 0.0020761055 0.0003446268 -0.0008541541 0.0018606094
0.0982546655 0.4912733276 -0.0982546655 0.0020761055 -0.0003446269 -0.0008541541 0.0018606093
0.2947639965 0.4912733276 -0.0982546655 0.0022500832 -0.0004974633 -0.0007864661 0.0020486277
0.4912733276 0.4912733276 -0.0982546655 0.0018150980 -0.0004298711 -0.0004773110 0.0016976354
0.6877826586 0.4912733276 -0.0982546655 0.0003396993 -0.0000040515 0.0000971365 0.0003254899
-0.6877826586 0.6877826586 -0.0982546655 0.0015369807 -0.0002129691 0.0004329212 -0.0014592920
-0.4912733276 0.6877826586 -0.0982546655 0.0003783219 -0.0000470726 0.0002699859 0.0002608050
-0.2947639965 0.6877826586 -0.0982546655 0.0009353558 0.0001207460 -0.0000835528 0.0009237586
-0.0982546655 0.6877826586 -0.0982546655 0.0016862787 0.0002214602 -0.0005636671 0.0015737759
0.0982546655 0.6877826586 -0.0982546655 0.0016862785 -0.0002214602 -0.0005636670 0.0015737758
0.2947639965 0.6877826586 -0.0982546655 0.0009353556 -0.0001207458 -0.0000835526 0.0009237583
0.4912733276 0.6877826586 -0.0982546655 0.0003783220 0.0000470726 0.0002699862 0.0002608049
0.6877826586 0.6877826586 -0.0982546655 0.0015369808 0.0002129689 0.0004329214 -0.0014592921
-0.2947639965 0.8842919896 -0.0982546655 0.0005943021 -0.0002565903 0.0005070776 0.0001738642
-0.0982546655 0.8842919896 -0.0982546655 0.0007364621 -0.0000465306 0.0001926680 0.0007092887
0.0982546655 0.8842919896 -0.0982546655 0.0007364621 0.0000465308 0.0001926681 0.0007092886
0.2947639965 0.8842919896 -0.0982546655 0.0005943023 0.0002565905 0.0005070777 0.0001738641
-0.2947639965 -0.8842919896 0.0982546655 0.0007235703 -0.0000174836 0.0001049060 0.0007157115
-0.0982546655 -0.8842919896 0.0982546655 0.0007819206 0.0000148811 0.0001917721 0.0007578930
0.0982546655 -0.8842919896 0.0982546655 0.0007819205 -0.0000148811 0.0001917720 0.0007578929
0.2947639965 -0.8842919896 0.0982546655 0.0007235700 0.0000174837 0.0001049057 0.0007157113
-0.6877826586 -0.6877826586 0.0982546655 0.0022213533 -0.0000623249 0.0003430969 0.0021938119
-0.4912733276 -0.6877826586 0.0982546655 0.0014397632 0.0001690700 0.0003843983 0.0013771606
-0.2947639965 -0.6877826586 0.0982546655 0.0014476652 0.0001154820 0.0004160520 0.0013817739
-0.0982546655 -0.6877826586 0.0982546655 0.0010099358 0.0000265007 0.0002998899 0.0009640198
0.0982546655 -0.6877826586 0.0982546655 0.0010099358 -0.0000265009 0.0002998899 0.0009640198
0.2947639965 -0.6877826586 0.0982546655 0.0014476650 -0.0001154820 0.0004160519 0.0013817737
0.4912733276 -0.6877826586 0.0982546655 0.0014397629 -0.0001690698 0.0003843983 0.0013771603
0.6877826586 -0.6877826586 0.0982546655 0.0022213533 0.0000623249 0.0003430968 0.0021938119
-0.6877826586 -0.4912733276 0.0982546655 0.0020203096 -0.0001580474 0.0006446587 0.0019081632
-0.4912733276 -0.4912733276 0.0982546655 0.0011258145 -0.0001364557 0.0002953689 0.0010777733
-0.2947639965 -0.4912733276 0.0982546655 0.0005138880 -0.0000985217 0.0000323264 0.0005033184
-0.0982546655 -0.4912733276 0.0982546655 0.0003316791 0.0000061675 0.0001448405 0.0002983190
0.0982546655 -0.4912733276 0.0982546655 0.0003316792 -0.0000061676 0.0001448406 0.0002983191
0.2947639965 -0.4912733276 0.0982546655 0.0005138880 0.0000985217 0.0000323265 0.0005033184
0.4912733276 -0.4912733276 0.0982546655 0.0011258142 0.0001364557 0.0002953689 0.0010777730
0.6877826586 -0.4912733276 0.0982546655 0.0020203093 0.0001580474 0.0006446586 0.0019081630
-0.8842919896 -0.2947639965 0.0982546655 0.0020469082 0.0004668225 0.0004106652 0.0019501959
-0.6877826586 -0.2947639965 0.0982546655 0.0014398157 0.0001876702 0.0002776892 0.0014002635
-0.4912733276 -0.2947639965 0.0982546655 0.0004357422 -0.0004064910 -0.0001000035 0.0001209778
-0.2947639965 -0.2947639965 0.0982546655 0.0004042799 0.0002269245 0.0002430837 0.0002299082
-0.0982546655 -0.2947639965 0.0982546655 0.0008427974 0.0002240753 0.0006632465 0.0004692565
0.0982546655 -0.2947639965 0.0982546655 0.0008427974 -0.0002240753 0.0006632466 0.0004692566
0.2947639965 -0.2947639965 0.0982546655 0.0004042799 -0.0002269246 0.0002430837 0.0002299082
0.4912733276 -0.2947639965 0.0982546655 0.0004357420 0.0004064909 -0.0001000035 0.0001209774
0.6877826586 -0.2947639965 0.0982546655 0.0014398150 -0.0001876702 0.0002776889 0.0014002628
0.8842919896 -0.2947639965 0.0982546655 0.0020469081 -0.0004668224 0.0004106651 0.0019501958
-0.8842919896 -0.0982546655 0.0982546655 0.0029028096 0.0001486334 0.0002974689 0.0028836997
-0.6877826586 -0.0982546655 0.0982546655 0.0009056094 -0.0003528373 0.0000216199 0.0008337667
-0.4912733276 -0.0982546655 0.0982546655 0.0002360410 -0.0002228378 -0.0000447306 -0.0000637012
-0.2947639965 -0.0982546655 0.0982546655 0.0009445676 0.0007239735 0.0002314497 0.0005608043
-0.0982546655 -0.0982546655 0.0982546655 0.0009339255 0.0004202705 0.0004254060 0.0007173697
0.0982546655 -0.0982546655 0.0982546655 0.0009339255 -0.0004202705 0.0004254060 0.0007173697
0.2947639965 -0.0982546655 0.0982546655 0.0009445677 -0.0007239736 0.0002314497 0.0005608043
0.4912733276 -0.0982546655 0.0982546655 0.0002360408 0.0002228375 -0.0000447307 -0.0000637014
0.6877826586 -0.0982546655 0.0982546655 0.0009056085 0.0003528373 0.0000216197 0.0008337657
0.8842919896 -0.0982546655 0.0982546655 0.0029028090 -0.0001486331 0.0002974688 0.0028836992
-0.8842919896 0.0982546655 0.0982546655 0.0029028096 0.0001486335 -0.0002974688 0.0028836997
-0.6877826586 0.0982546655 0.0982546655 0.0009056095 -0.0003528374 -0.0000216197 0.0008337667
-0.4912733276 0.0982546655 0.0982546655 0.0002360413 -0.0002228381 0.0000447304 -0.0000637012
-0.2947639965 0.0982546655 0.0982546655 0.0009445678 0.0007239733 -0.0002314505 0.0005608044
-0.0982546655 0.0982546655 0.0982546655 0.0009339262 0.0004202705 -0.0004254071 0.0007173700
0.0982546655 0.0982546655 0.0982546655 0.0009339262 -0.0004202705 -0.0004254071 0.0007173700
0.2947639965 0.0982546655 0.0982546655 0.0009445678 -0.0007239734 -0.0002314505 0.0005608044
0.4912733276 0.0982546655 0.0982546655 0.0002360411 0.0002228378 0.0000447305 -0.0000637015
0.6877826586 0.0982546655 0.0982546655 0.0009056086 0.0003528374 -0.0000216195 0.0008337657
0.8842919896 0.0982546655 0.0982546655 0.0029028091 -0.0001486332 -0.0002974688 0.0028836992
-0.8842919896 0.2947639965 0.0982546655 0.0020469083 0.0004668228 -0.0004106652 0.0019501959
-0.6877826586 0.2947639965 0.0982546655 0.0014398157 0.0001876702 -0.0002776891 0.0014002636
-0.4912733276 0.2947639965 0.0982546655 0.0004357429 -0.0004064918 0.0001000036 0.0001209776
-0.2947639965 0.2947639965 0.0982546655 0.0004042797 0.0002269239 -0.0002430838 0.0002299083
-0.0982546655 0.2947639965 0.0982546655 0.0008427980 0.0002240751 -0.0006632470 0.0004692571
0.0982546655 0.2947639965 0.0982546655 0.0008427980 -0.0002240751 -0.0006632470 0.0004692571
0.2947639965 0.2947639965 0.0982546655 0.0004042797 -0.0002269240 -0.0002430838 0.0002299083
0.4912733276 0.2947639965 0.0982546655 0.0004357427 0.0004064917 0.0001000037 0.0001209773
0.6877826586 0.2947639965 0.0982546655 0.0014398150 -0.0001876701 -0.0002776888 0.0014002629
0.8842919896 0.2947639965 0.0982546655 0.0020469081 -0.0004668226 -0.0004106651 0.0019501958
-0.6877826586 0.4912733276 0.0982546655 0.0020203097 -0.0001580473 -0.0006446588 0.0019081634
-0.4912733276 0.4912733276 0.0982546655 0.0011258143 -0.0001364562 -0.0002953686 0.0010777732
-0.2947639965 0.4912733276 0.0982546655 0.0005138878 -0.0000985225 -0.0000323256 0.0005033181
-0.0982546655 0.4912733276 0.0982546655 0.0003316786 0.0000061672 -0.0001448398 0.0002983188
0.0982546655 0.4912733276 0.0982546655 0.0003316787 -0.0000061673 -0.0001448399 0.0002983188
0.2947639965 0.4912733276 0.0982546655 0.0005138879 0.0000985225 -0.0000323258 0.0005033181
0.4912733276 0.4912733276 0.0982546655 0.0011258141 0.0001364563 -0.0002953686 0.0010777729
0.6877826586 0.4912733276 0.0982546655 0.0020203095 0.0001580473 -0.0006446588 0.0019081631
-0.6877826586 0.6877826586 0.0982546655 0.0022213535 -0.0000623246 -0.0003430972 0.0021938120
-0.4912733276 0.6877826586 0.0982546655 0.0014397634 0.0001690700 -0.0003843984 0.0013771608
-0.2947639965 0.6877826586 0.0982546655 0.0014476649 0.0001154817 -0.0004160515 0.0013817738
-0.0982546655 0.6877826586 0.0982546655 0.0010099351 0.0000265005 -0.0002998889 0.0009640193
0.0982546655 0.6877826586 0.0982546655 0.0010099351 -0.0000265007 -0.0002998889 0.0009640193
0.2947639965 0.6877826586 0.0982546655 0.0014476647 -0.0001154817 -0.0004160514 0.0013817736
0.4912733276 0.6877826586 0.0982546655 0.0014397632 -0.0001690698 -0.0003843984 0.0013771606
0.6877826586 0.6877826586 0.0982546655 0.0022213535 0.0000623246 -0.0003430971 0.0021938121
-0.2947639965 0.8842919896 0.0982546655 0.0007235711 -0.0000174835 -0.0001049064 0.0007157123
-0.0982546655 0.8842919896 0.0982546655 0.0007819212 0.0000148811 -0.0001917721 0.0007578937
0.0982546655 0.8842919896 0.0982546655 0.0007819211 -0.0000148812 -0.0001917720 0.0007578936
0.2947639965 0.8842919896 0.0982546655 0.0007235708 0.0000174836 -0.0001049061 0.0007157121
-0.2947639965 -0.8842919896 0.2947639965 0.0016625339 -0.0000788355 -0.0001400651 0.0016547464
-0.0982546655 -0.8842919896 0.2947639965 0.0013221111 -0.0000118139 -0.0001772029 0.0013101287
0.0982546655 -0.8842919896 0.2947639965 0.0013221111 0.0000118138 -0.0001772029 0.0013101288
0.2947639965 -0.8842919896 0.2947639965 0.0016625340 0.0000788354 -0.0001400652 0.0016547465
-0.4912733276 -0.6877826586 0.2947639965 0.0006445259 -0.0000840875 -0.0004053054 0.0004940349
-0.2947639965 -0.6877826586 0.2947639965 0.0005023801 0.0000383645 -0.0000332861 0.0004998059
-0.0982546655 -0.6877826586 0.2947639965 0.0005663393 0.0000686452 0.0003061143 0.0004715104
0.0982546655 -0.6877826586 0.2947639965 0.0005663395 -0.0000686453 0.0003061144 0.0004715105
0.2947639965 -0.6877826586 0.2947639965 0.0005023804 -0.0000383646 -0.0000332860 0.0004998062
0.4912733276 -0.6877826586 0.2947639965 0.0006445258 0.0000840876 -0.0004053052 0.0004940349
-0.6877826586 -0.4912733276 0.2947639965 0.0003598642 -0.0001917113 -0.0002098355 0.0002207217
-0.4912733276 -0.4912733276 0.2947639965 0.0009771932 0.0004060346 0.0005254606 0.0007168917
-0.2947639965 -0.4912733276 0.2947639965 0.0014145888 0.0006166076 0.0012021211 0.0004192391
-0.0982546655 -0.4912733276 0.2947639965 0.0014523068 0.0003268586 0.0014146463 0.0000336789
0.0982546655 -0.4912733276 0.2947639965 0.0014523067 -0.0003268586 0.0014146462 0.0000336789
0.2947639965 -0.4912733276 0.2947639965 0.0014145889 -0.0006166076 0.0012021212 0.0004192391
0.4912733276 -0.4912733276 0.2947639965 0.0009771934 -0.0004060346 0.0005254608 0.0007168917
0.6877826586 -0.4912733276 0.2947639965 0.0003598640 0.0001917114 -0.0002098355 0.0002207214
-0.8842919896 -0.2947639965 0.2947639965 0.0008613678 -0.0007299575 -0.0000273614 0.0004564733
-0.6877826586 -0.2947639965 0.2947639965 0.0012770535 0.0006913370 0.0002570582 0.0010425160
-0.4912733276 -0.2947639965 0.2947639965 0.0025147639 0.0014248852 0.0015251731 0.0014027069
-0.2947639965 -0.2947639965 0.2947639965 0.0018506874 0.0006539550 0.0014655604 -0.0009216939
-0.0982546655 -0.2947639965 0.2947639965 0.0025118228 0.0001418270 0.0008813750 -0.0023478324
0.0982546655 -0.2947639965 0.2947639965 0.0025118229 -0.0001418270 0.0008813749 -0.0023478325
0.2947639965 -0.2947639965 0.2947639965 0.0018506874 -0.0006539547 0.0014655603 -0.0009216942
0.4912733276 -0.2947639965 0.2947639965 0.0025147639 -0.0014248851 0.0015251734 0.0014027068
0.6877826586 -0.2947639965 0.2947639965 0.0012770535 -0.0006913374 0.0002570583 0.0010425158
0.8842919896 -0.2947639965 0.2947639965 0.0008613677 0.0007299578 -0.0000273616 0.0004564726
-0.8842919896 -0.0982546655 0.2947639965 0.0012626880 -0.0012499147 0.0000037599 0.0001791090
-0.6877826586 -0.0982546655 0.2947639965 0.0026937205 0.0017654663 0.0002607087 0.0020177438
-0.4912733276 -0.0982546655 0.2947639965 0.0023814770 0.0018432950 0.0008198569 0.0012655160
-0.2947639965 -0.0982546655 0.2947639965 0.0029282543 -0.0000024098 0.0004850358 -0.0028878033
-0.0982546655 -0.0982546655 0.2947639965 0.0043662420 -0.0001996296 0.0000900148 -0.0043607470
0.0982546655 -0.0982546655 0.2947639965 0.0043662422 0.0001996295 0.0000900147 -0.0043607472
0.2947639965 -0.0982546655 0.2947639965 0.0029282548 0.0000024102 0.0004850358 -0.0028878038
0.4912733276 -0.0982546655 0.2947639965 0.0023814767 -0.0018432947 0.0008198571 0.0012655158
0.6877826586 -0.0982546655 0.2947639965 0.0026937212 -0.0017654670 0.0002607088 0.0020177440
0.8842919896 -0.0982546655 0.2947639965 0.0012626879 0.0012499148 0.0000037598 0.0001791081
-0.8842919896 0.0982546655 0.2947639965 0.0012626879 -0.0012499146 -0.0000037599 0.0001791091
-0.6877826586 0.0982546655 0.2947639965 0.0026937204 0.0017654661 -0.0002607088 0.0020177438
-0.4912733276 0.0982546655 0.2947639965 0.0023814769 0.0018432949 -0.0008198573 0.0012655158
-0.2947639965 0.0982546655 0.2947639965 0.0029282546 -0.0000024096 -0.0004850361 -0.0028878036
-0.0982546655 0.0982546655 0.2947639965 0.0043662423 -0.0001996295 -0.0000900148 -0.0043607473
0.0982546655 0.0982546655 0.2947639965 0.0043662425 0.0001996294 -0.0000900147 -0.0043607475
0.2947639965 0.0982546655 0.2947639965 0.0029282551 0.0000024100 -0.0004850361 -0.0028878041
0.4912733276 0.0982546655 0.2947639965 0.0023814767 -0.0018432946 -0.0008198575 0.0012655156
0.6877826586 0.0982546655 0.2947639965 0.0026937210 -0.0017654669 -0.0002607089 0.0020177440
0.8842919896 0.0982546655 0.2947639965 0.0012626878 0.0012499147 -0.0000037598 0.0001791081
-0.8842919896 0.2947639965 0.2947639965 0.0008613676 -0.0007299573 0.0000273614 0.0004564733
-0.6877826586 0.2947639965 0.2947639965 0.0012770534 0.0006913368 -0.0002570582 0.0010425161
-0.4912733276 0.2947639965 0.2947639965 0.0025147637 0.0014248850 -0.0015251731 0.0014027068
-0.2947639965 0.2947639965 0.2947639965 0.0018506879 0.0006539552 -0.0014655605 -0.0009216944
-0.0982546655 0.2947639965 0.2947639965 0.0025118237 0.0001418272 -0.0008813754 -0.0023478333
0.0982546655 0.2947639965 0.2947639965 0.0025118238 -0.0001418273 -0.0008813753 -0.0023478334
0.2947639965 0.2947639965 0.2947639965 0.0018506879 -0.0006539550 -0.0014655604 -0.0009216947
0.4912733276 0.2947639965 0.2947639965 0.0025147637 -0.0014248849 -0.0015251734 0.0014027066
0.6877826586 0.2947639965 0.2947639965 0.0012770534 -0.0006913371 -0.0002570583 0.0010425159
0.8842919896 0.2947639965 0.2947639965 0.0008613675 0.0007299575 0.0000273616 0.0004564727
-0.6877826586 0.4912733276 0.2947639965 0.0003598644 -0.0001917114 0.0002098355 0.0002207221
-0.4912733276 0.4912733276 0.2947639965 0.0009771932 0.0004060342 -0.0005254604 0.0007168920
-0.2947639965 0.4912733276 0.2947639965 0.0014145890 0.0006166076 -0.0012021212 0.0004192394
-0.0982546655 0.4912733276 0.2947639965 0.0014523071 0.0003268587 -0.0014146466 0.0000336790
0.0982546655 0.4912733276 0.2947639965 0.0014523071 -0.0003268586 -0.0014146466 0.0000336790
0.2947639965 0.4912733276 0.2947639965 0.0014145890 -0.0006166076 -0.0012021212 0.0004192395
0.4912733276 0.4912733276 0.2947639965 0.0009771933 -0.0004060343 -0.0005254606 0.0007168920
0.6877826586 0.4912733276 0.2947639965 0.0003598642 0.0001917115 0.0002098355 0.0002207217
-0.4912733276 0.6877826586 0.2947639965 0.0006445263 -0.0000840878 0.0004053055 0.0004940353
-0.2947639965 0.6877826586 0.2947639965 0.0005023806 0.0000383643 0.0000332866 0.0004998064
-0.0982546655 0.6877826586 0.2947639965 0.0005663397 0.0000686452 -0.0003061139 0.0004715112
0.0982546655 0.6877826586 0.2947639965 0.0005663399 -0.0000686452 -0.0003061140 0.0004715113
0.2947639965 0.6877826586 0.2947639965 0.0005023809 -0.0000383644 0.0000332865 0.0004998067
0.4912733276 0.6877826586 0.2947639965 0.0006445262 0.0000840878 0.0004053053 0.0004940353
-0.2947639965 0.8842919896 0.2947639965 0.0016625348 -0.0000788355 0.0001400656 0.0016547473
-0.0982546655 0.8842919896 0.2947639965 0.0013221121 -0.0000118139 0.0001772037 0.0013101296
0.0982546655 0.8842919896 0.2947639965 0.0013221121 0.0000118138 0.0001772037 0.0013101296
0.2947639965 0.8842919896 0.2947639965 0.0016625349 0.0000788354 0.0001400657 0.0016547474
-0.4912733276 -0.6877826586 0.4912733276 0.0005386054 -0.0002005883 -0.0001272201 0.0004833996
-0.2947639965 -0.6877826586 0.4912733276 0.0003024671 0.0000924238 0.0002620569 0.0001194587
-0.0982546655 -0.6877826586 0.4912733276 0.0006838264 0.0002062567 0.0004674799 0.0004544659
0.0982546655 -0.6877826586 0.4912733276 0.0006838263 -0.0002062566 0.0004674798 0.0004544658
0.2947639965 -0.6877826586 0.4912733276 0.0003024673 -0.0000924239 0.0002620570 0.0001194588
0.4912733276 -0.6877826586 0.4912733276 0.0005386053 0.0002005882 -0.0001272200 0.0004833996
-0.6877826586 -0.4912733276 0.4912733276 0.0016100787 -0.0002724390 0.0005221609 0.0014984921
-0.4912733276 -0.4912733276 0.4912733276 0.0008651388 0.0002686412 0.0007014137 0.0004293202
-0.2947639965 -0.4912733276 0.4912733276 0.0010062916 0.0005109973 0.0008232619 -0.0002715594
-0.0982546655 -0.4912733276 0.4912733276 0.0010568614 0.0001829137 0.0005276222 -0.0008972811
0.0982546655 -0.4912733276 0.4912733276 0.0010568614 -0.0001829136 0.0005276221 -0.0008972812
0.2947639965 -0.4912733276 0.4912733276 0.0010062916 -0.0005109973 0.0008232617 -0.0002715595
0.4912733276 -0.4912733276 0.4912733276 0.0008651387 -0.0002686412 0.0007014137 0.0004293200
0.6877826586 -0.4912733276 0.4912733276 0.0016100783 0.0002724391 0.0005221610 0.0014984916
-0.6877826586 -0.2947639965 0.4912733276 0.0029948548 -0.0010194039 0.0008820828 0.0026743038
-0.4912733276 -0.2947639965 0.4912733276 0.0008127980 -0.0001269177 0.0001423905 -0.0007900996
-0.2947639965 -0.2947639965 0.4912733276 0.0014731317 0.0010185241 0.0006952488 -0.0008058255
-0.0982546655 -0.2947639965 0.4912733276 0.0022664918 0.0005075206 0.0018315087 -0.0012349023
0.0982546655 -0.2947639965 0.4912733276 0.0022664919 -0.0005075206 0.0018315090 -0.0012349021
0.2947639965 -0.2947639965 0.4912733276 0.0014731317 -0.0010185243 0.0006952489 -0.0008058252
0.4912733276 -0.2947639965 0.4912733276 0.0008127983 0.0001269180 0.0001423905 -0.0007900999
0.6877826586 -0.2947639965 0.4912733276 0.0029948544 0.0010194042 0.0008820831 0.0026743032
-0.6877826586 -0.0982546655 0.4912733276 0.0024530758 -0.0021913253 0.0003390818 0.0010491415
-0.4912733276 -0.0982546655 0.4912733276 0.0017405140 -0.0005299774 -0.0001647697 -0.0016496557
-0.2947639965 -0.0982546655 0.4912733276 0.0028759392 0.0027171641 0.0005554237 0.0007612821
-0.0982546655 -0.0982546655 0.4912733276 0.0018647727 0.0013038130 0.0013253997 0.0001440989
0.0982546655 -0.0982546655 0.4912733276 0.0018647726 -0.0013038126 0.0013253999 0.0001440994
0.2947639965 -0.0982546655 0.4912733276 0.0028759400 -0.0027171646 0.0005554239 0.0007612829
0.4912733276 -0.0982546655 0.4912733276 0.0017405146 0.0005299778 -0.0001647696 -0.0016496562
0.6877826586 -0.0982546655 0.4912733276 0.0024530760 0.0021913258 0.0003390820 0.0010491409
-0.6877826586 0.0982546655 0.4912733276 0.0024530761 -0.0021913255 -0.0003390819 0.0010491418
-0.4912733276 0.0982546655 0.4912733276 0.0017405138 -0.0005299774 0.0001647693 -0.0016496555
-0.2947639965 0.0982546655 0.4912733276 0.0028759398 0.0027171646 -0.0005554238 0.0007612823
-0.0982546655 0.0982546655 0.4912733276 0.0018647726 0.0013038134 -0.0013253992 0.0001440993
0.0982546655 0.0982546655 0.4912733276 0.0018647725 -0.0013038130 -0.0013253993 0.0001440998
0.2947639965 0.0982546655 0.4912733276 0.0028759405 -0.0027171651 -0.0005554240 0.0007612831
0.4912733276 0.0982546655 0.4912733276 0.0017405144 0.0005299778 0.0001647692 -0.0016496560
0.6877826586 0.0982546655 0.4912733276 0.0024530763 0.0021913260 -0.0003390820 0.0010491411
-0.6877826586 0.2947639965 0.4912733276 0.0029948555 -0.0010194043 -0.0008820826 0.0026743045
-0.4912733276 0.2947639965 0.4912733276 0.0008127976 -0.0001269178 -0.0001423903 -0.0007900992
-0.2947639965 0.2947639965 0.4912733276 0.0014731320 0.0010185244 -0.0006952489 -0.0008058255
-0.0982546655 0.2947639965 0.4912733276 0.0022664928 0.0005075208 -0.0018315096 -0.0012349027
0.0982546655 0.2947639965 0.4912733276 0.0022664928 -0.0005075208 -0.0018315098 -0.0012349025
0.2947639965 0.2947639965 0.4912733276 0.0014731320 -0.0010185246 -0.0006952491 -0.0008058252
0.4912733276 0.2947639965 0.4912733276 0.0008127979 0.0001269181 -0.0001423903 -0.0007900995
0.6877826586 0.2947639965 0.4912733276 0.0029948552 0.0010194046 -0.0008820829 0.0026743039
-0.6877826586 0.4912733276 0.4912733276 0.0016100798 -0.0002724394 -0.0005221609 0.0014984932
-0.4912733276 0.4912733276 0.4912733276 0.0008651390 0.0002686412 -0.0007014137 0.0004293208
-0.2947639965 0.4912733276 0.4912733276 0.0010062917 0.0005109975 -0.0008232619 -0.0002715593
-0.0982546655 0.4912733276 0.4912733276 0.0010568617 0.0001829137 -0.0005276218 -0.0008972817
0.0982546655 0.4912733276 0.4912733276 0.0010568617 -0.0001829136 -0.0005276218 -0.0008972817
0.2947639965 0.4912733276 0.4912733276 0.0010062916 -0.0005109975 -0.0008232617 -0.0002715594
0.4912733276 0.4912733276 0.4912733276 0.0008651389 -0.0002686412 -0.0007014136 0.0004293206
0.6877826586 0.4912733276 0.4912733276 0.0016100794 0.0002724395 -0.0005221609 0.0014984927
-0.4912733276 0.6877826586 0.4912733276 0.0005386064 -0.0002005886 0.0001272201 0.0004834005
-0.2947639965 0.6877826586 0.4912733276 0.0003024676 0.0000924239 -0.0002620571 0.0001194593
-0.0982546655 0.6877826586 0.4912733276 0.0006838266 0.0002062570 -0.0004674796 0.0004544664
0.0982546655 0.6877826586 0.4912733276 0.0006838265 -0.0002062569 -0.0004674795 0.0004544663
0.2947639965 0.6877826586 0.4912733276 0.0003024677 -0.0000924240 -0.0002620572 0.0001194594
0.4912733276 0.6877826586 0.4912733276 0.0005386063 0.0002005885 0.0001272200 0.0004834005
-0.0982546655 -0.6877826586 0.6877826586 0.0003836066 -0.0000183940 -0.0003572340 0.0001385627
0.0982546655 -0.6877826586 0.6877826586 0.0003836066 0.0000183941 -0.0003572339 0.0001385627
-0.4912733276 -0.4912733276 0.6877826586 0.0005440435 0.0002558246 0.0004779962 0.0000453512
-0.2947639965 -0.4912733276 0.6877826586 0.0009679653 -0.0000357589 0.0008898084 -0.0003793667
-0.0982546655 -0.4912733276 0.6877826586 0.0004955719 -0.0001498665 0.0003821107 -0.0002777102
0.0982546655 -0.4912733276 0.6877826586 0.0004955721 0.0001498668 0.0003821109 -0.0002777100
0.2947639965 -0.4912733276 0.6877826586 0.0009679656 0.0000357588 0.0008898089 -0.0003793664
0.4912733276 -0.4912733276 0.6877826586 0.0005440437 -0.0002558248 0.0004779963 0.0000453513
-0.4912733276 -0.2947639965 0.6877826586 0.0021803968 0.0009525857 0.0012998075 0.0014687447
-0.2947639965 -0.2947639965 0.6877826586 0.0046009348 0.0005485392 0.0031656095 -0.0032934210
-0.0982546655 -0.2947639965 0.6877826586 0.0042311392 0.0005006742 0.0030674936 -0.0028709489
0.0982546655 -0.2947639965 0.6877826586 0.0042311397 -0.0005006733 0.0030674941 -0.0028709493
0.2947639965 -0.2947639965 0.6877826586 0.0046009359 -0.0005485394 0.0031656105 -0.0032934215
0.4912733276 -0.2947639965 0.6877826586 0.0021803979 -0.0009525865 0.0012998079 0.0014687455
-0.6877826586 -0.0982546655 0.6877826586 0.0001418460 -0.0000198131 -0.0001321548 0.0000475695
-0.4912733276 -0.0982546655 0.6877826586 0.0059260691 0.0042786271 0.0008695635 0.0040069320
-0.2947639965 -0.0982546655 0.6877826586 0.0068875004 0.0007553009 0.0016659992 -0.0066401527
-0.0982546655 -0.0982546655 0.6877826586 0.0084309014 -0.0000359452 0.0001127144 -0.0084300713
0.0982546655 -0.0982546655 0.6877826586 0.0084309023 0.0000359469 0.0001127147 -0.0084300722
0.2947639965 -0.0982546655 0.6877826586 0.0068875012 -0.0007553012 0.0016659998 -0.0066401534
0.4912733276 -0.0982546655 0.6877826586 0.0059260711 -0.0042786284 0.0008695637 0.0040069336
0.6877826586 -0.0982546655 0.6877826586 0.0001418460 0.0000198130 -0.0001321547 0.0000475696
-0.6877826586 0.0982546655 0.6877826586 0.0001418462 -0.0000198134 0.0001321549 0.0000475695
-0.4912733276 0.0982546655 0.6877826586 0.0059260693 0.0042786273 -0.0008695635 0.0040069320
-0.2947639965 0.0982546655 0.6877826586 0.0068875010 0.0007553016 -0.0016659986 -0.0066401534
-0.0982546655 0.0982546655 0.6877826586 0.0084309025 -0.0000359449 -0.0001127131 -0.0084300724
0.0982546655 0.0982546655 0.6877826586 0.0084309033 0.0000359465 -0.0001127134 -0.0084300732
0.2947639965 0.0982546655 0.6877826586 0.0068875018 -0.0007553019 -0.0016659992 -0.0066401541
0.4912733276 0.0982546655 0.6877826586 0.0059260713 -0.0042786286 -0.0008695637 0.0040069336
0.6877826586 0.0982546655 0.6877826586 0.0001418462 0.0000198132 0.0001321549 0.0000475696
-0.4912733276 0.2947639965 0.6877826586 0.0021803968 0.0009525859 -0.0012998077 0.0014687445
-0.2947639965 0.2947639965 0.6877826586 0.0046009361 0.0005485397 -0.0031656099 -0.0032934224
-0.0982546655 0.2947639965 0.6877826586 0.0042311409 0.0005006744 -0.0030674945 -0.0028709504
0.0982546655 0.2947639965 0.6877826586 0.0042311414 -0.0005006734 -0.0030674950 -0.0028709508
0.2947639965 0.2947639965 0.6877826586 0.0046009373 -0.0005485399 -0.0031656110 -0.0032934229
0.4912733276 0.2947639965 0.6877826586 0.0021803979 -0.0009525867 -0.0012998081 0.0014687453
-0.4912733276 0.4912733276 0.6877826586 0.0005440435 0.0002558248 -0.0004779961 0.0000453510
-0.2947639965 0.4912733276 0.6877826586 0.0009679649 -0.0000357584 -0.0008898081 -0.0003793666
-0.0982546655 0.4912733276 0.6877826586 0.0004955713 -0.0001498664 -0.0003821107 -0.0002777091
0.0982546655 0.4912733276 0.6877826586 0.0004955714 0.0001498667 -0.0003821109 -0.0002777089
0.2947639965 0.4912733276 0.6877826586 0.0009679652 0.0000357583 -0.0008898085 -0.0003793663
0.4912733276 0.4912733276 0.6877826586 0.0005440437 -0.0002558250 -0.0004779962 0.0000453511
-0.0982546655 0.6877826586 0.6877826586 0.0003836065 -0.0000183940 0.0003572337 0.0001385631
0.0982546655 0.6877826586 0.6877826586 0.0003836065 0.0000183941 0.0003572336 0.0001385631
-0.2947639965 -0.2947639965 0.8842919896 0.0024755565 0.0021371723 -0.0002545943 0.0012231338
-0.0982546655 -0.2947639965 0.8842919896 0.0151751778 0.0048577855 0.0039528036 0.0138225644
0.0982546655 -0.2947639965 0.8842919896 0.0151751773 -0.0048577851 0.0039528035 0.0138225640
0.2947639965 -0.2947639965 0.8842919896 0.0024755558 -0.0021371722 -0.0002545940 0.0012231328
-0.2947639965 -0.0982546655 0.8842919896 0.0046835196 0.0041304004 -0.0003747691 0.0021759359
-0.0982546655 -0.0982546655 0.8842919896 0.0335389984 0.0102564246 0.0026551312 0.0318216978
0.0982546655 -0.0982546655 0.8842919896 0.0335389974 -0.0102564244 0.0026551310 0.0318216968
0.2947639965 -0.0982546655 0.8842919896 0.0046835180 -0.0041303994 -0.0003747690 0.0021759342
-0.2947639965 0.0982546655 0.8842919896 0.0046835202 0.0041304009 0.0003747695 0.0021759359
-0.0982546655 0.0982546655 0.8842919896 0.0335389990 0.0102564248 -0.0026551297 0.0318216984
0.0982546655 0.0982546655 0.8842919896 0.0335389980 -0.0102564246 -0.0026551295 0.0318216975
0.2947639965 0.0982546655 0.8842919896 0.0046835185 -0.0041304000 0.0003747693 0.0021759343
-0.2947639965 0.2947639965 0.8842919896 0.0024755577 0.0021371733 0.0002545942 0.0012231344
-0.0982546655 0.2947639965 0.8842919896 0.0151751804 0.0048577860 -0.0039528039 0.0138225670
0.0982546655 0.2947639965 0.8842919896 0.0151751799 -0.0048577857 -0.0039528037 0.0138225666
0.2947639965 0.2947639965 0.8842919896 0.0024755570 -0.0021371732 0.0002545939 0.0012231334
