x y z |Einc|^2 Eincx.r Eincx.i Eincy.r Eincy.i Eincz.r Eincz.i
-0.2947639965 -0.2947639965 -0.8842919896 1 0 0 0.7471617713 0.6646422252 0 0
-0.09825466551 -0.2947639965 -0.8842919896 1 0 0 0.7471617713 0.6646422252 0 0
0.09825466551 -0.2947639965 -0.8842919896 1 0 0 0.7471617713 0.6646422252 0 0
0.2947639965 -0.2947639965 -0.8842919896 1 0 0 0.7471617713 0.6646422252 0 0
-0.2947639965 -0.09825466551 -0.8842919896 1 0 0 0.7471617713 0.6646422252 0 0
-0.09825466551 -0.09825466551 -0.8842919896 1 0 0 0.7471617713 0.6646422252 0 0
0.09825466551 -0.09825466551 -0.8842919896 1 0 0 0.7471617713 0.6646422252 0 0
0.2947639965 -0.09825466551 -0.8842919896 1 0 0 0.7471617713 0.6646422252 0 0
-0.2947639965 0.09825466551 -0.8842919896 1 0 0 0.7471617713 0.6646422252 0 0
-0.09825466551 0.09825466551 -0.8842919896 1 0 0 0.7471617713 0.6646422252 0 0
0.09825466551 0.09825466551 -0.8842919896 1 0 0 0.7471617713 0.6646422252 0 0
0.2947639965 0.09825466551 -0.8842919896 1 0 0 0.7471617713 0.6646422252 0 0
-0.2947639965 0.2947639965 -0.8842919896 1 0 0 0.7471617713 0.6646422252 0 0
-0.09825466551 0.2947639965 -0.8842919896 1 0 0 0.7471617713 0.6646422252 0 0
0.09825466551 0.2947639965 -0.8842919896 1 0 0 0.7471617713 0.6646422252 0 0
0.2947639965 0.2947639965 -0.8842919896 1 0 0 0.7471617713 0.6646422252 0 0
-0.09825466551 -0.6877826586 -0.6877826586 1 -0 0 -0.3810420231 0.9245577195 -0 0
0.09825466551 -0.6877826586 -0.6877826586 1 -0 0 -0.3810420231 0.9245577195 -0 0
-0.4912733276 -0.4912733276 -0.6877826586 1 -0 0 -0.3810420231 0.9245577195 -0 0
-0.2947639965 -0.4912733276 -0.6877826586 1 -0 0 -0.3810420231 0.9245577195 -0 0
-0.09825466551 -0.4912733276 -0.6877826586 1 -0 0 -0.3810420231 0.9245577195 -0 0
0.09825466551 -0.4912733276 -0.6877826586 1 -0 0 -0.3810420231 0.9245577195 -0 0
0.2947639965 -0.4912733276 -0.6877826586 1 -0 0 -0.3810420231 0.9245577195 -0 0
0.4912733276 -0.4912733276 -0.6877826586 1 -0 0 -0.3810420231 0.9245577195 -0 0
-0.4912733276 -0.2947639965 -0.6877826586 1 -0 0 -0.3810420231 0.9245577195 -0 0
-0.2947639965 -0.2947639965 -0.6877826586 1 -0 0 -0.3810420231 0.9245577195 -0 0
-0.09825466551 -0.2947639965 -0.6877826586 1 -0 0 -0.3810420231 0.9245577195 -0 0
0.09825466551 -0.2947639965 -0.6877826586 1 -0 0 -0.3810420231 0.9245577195 -0 0
0.2947639965 -0.2947639965 -0.6877826586 1 -0 0 -0.3810420231 0.9245577195 -0 0
0.4912733276 -0.2947639965 -0.6877826586 1 -0 0 -0.3810420231 0.9245577195 -0 0
-0.6877826586 -0.09825466551 -0.6877826586 1 -0 0 -0.3810420231 0.9245577195 -0 0
-0.4912733276 -0.09825466551 -0.6877826586 1 -0 0 -0.3810420231 0.9245577195 -0 0
-0.2947639965 -0.09825466551 -0.6877826586 1 -0 0 -0.3810420231 0.9245577195 -0 0
-0.09825466551 -0.09825466551 -0.6877826586 1 -0 0 -0.3810420231 0.9245577195 -0 0
0.09825466551 -0.09825466551 -0.6877826586 1 -0 0 -0.3810420231 0.9245577195 -0 0
0.2947639965 -0.09825466551 -0.6877826586 1 -0 0 -0.3810420231 0.9245577195 -0 0
0.4912733276 -0.09825466551 -0.6877826586 1 -0 0 -0.3810420231 0.9245577195 -0 0
0.6877826586 -0.09825466551 -0.6877826586 1 -0 0 -0.3810420231 0.9245577195 -0 0
-0.6877826586 0.09825466551 -0.6877826586 1 -0 0 -0.3810420231 0.9245577195 -0 0
-0.4912733276 0.09825466551 -0.6877826586 1 -0 0 -0.3810420231 0.9245577195 -0 0
-0.2947639965 0.09825466551 -0.6877826586 1 -0 0 -0.3810420231 0.9245577195 -0 0
-0.09825466551 0.09825466551 -0.6877826586 1 -0 0 -0.3810420231 0.9245577195 -0 0
0.09825466551 0.09825466551 -0.6877826586 1 -0 0 -0.3810420231 0.9245577195 -0 0
0.2947639965 0.09825466551 -0.6877826586 1 -0 0 -0.3810420231 0.9245577195 -0 0
0.4912733276 0.09825466551 -0.6877826586 1 -0 0 -0.3810420231 0.9245577195 -0 0
0.6877826586 0.09825466551 -0.6877826586 1 -0 0 -0.3810420231 0.9245577195 -0 0
-0.4912733276 0.2947639965 -0.6877826586 1 -0 0 -0.3810420231 0.9245577195 -0 0
-0.2947639965 0.2947639965 -0.6877826586 1 -0 0 -0.3810420231 0.9245577195 -0 0
-0.09825466551 0.2947639965 -0.6877826586 1 -0 0 -0.3810420231 0.9245577195 -0 0
0.09825466551 0.2947639965 -0.6877826586 1 -0 0 -0.3810420231 0.9245577195 -0 0
0.2947639965 0.2947639965 -0.6877826586 1 -0 0 -0.3810420231 0.9245577195 -0 0
0.4912733276 0.2947639965 -0.6877826586 1 -0 0 -0.3810420231 0.9245577195 -0 0
-0.4912733276 0.4912733276 -0.6877826586 1 -0 0 -0.3810420231 0.9245577195 -0 0
-0.2947639965 0.4912733276 -0.6877826586 1 -0 0 -0.3810420231 0.9245577195 -0 0
-0.09825466551 0.4912733276 -0.6877826586 1 -0 0 -0.3810420231 0.9245577195 -0 0
0.09825466551 0.4912733276 -0.6877826586 1 -0 0 -0.3810420231 0.9245577195 -0 0
0.2947639965 0.4912733276 -0.6877826586 1 -0 0 -0.3810420231 0.9245577195 -0 0
0.4912733276 0.4912733276 -0.6877826586 1 -0 0 -0.3810420231 0.9245577195 -0 0
-0.09825466551 0.6877826586 -0.6877826586 1 -0 0 -0.3810420231 0.9245577195 -0 0
0.09825466551 0.6877826586 -0.6877826586 1 -0 0 -0.3810420231 0.9245577195 -0 0
-0.4912733276 -0.6877826586 -0.4912733276 1 -0 -0 -0.9984971409 -0.05480382935 -0 -0
-0.2947639965 -0.6877826586 -0.4912733276 1 -0 -0 -0.9984971409 -0.05480382935 -0 -0
-0.09825466551 -0.6877826586 -0.4912733276 1 -0 -0 -0.9984971409 -0.05480382935 -0 -0
0.09825466551 -0.6877826586 -0.4912733276 1 -0 -0 -0.9984971409 -0.05480382935 -0 -0
0.2947639965 -0.6877826586 -0.4912733276 1 -0 -0 -0.9984971409 -0.05480382935 -0 -0
0.4912733276 -0.6877826586 -0.4912733276 1 -0 -0 -0.9984971409 -0.05480382935 -0 -0
-0.6877826586 -0.4912733276 -0.4912733276 1 -0 -0 -0.9984971409 -0.05480382935 -0 -0
-0.4912733276 -0.4912733276 -0.4912733276 1 -0 -0 -0.9984971409 -0.05480382935 -0 -0
-0.2947639965 -0.4912733276 -0.4912733276 1 -0 -0 -0.9984971409 -0.05480382935 -0 -0
-0.09825466551 -0.4912733276 -0.4912733276 1 -0 -0 -0.9984971409 -0.05480382935 -0 -0
0.09825466551 -0.4912733276 -0.4912733276 1 -0 -0 -0.9984971409 -0.05480382935 -0 -0
0.2947639965 -0.4912733276 -0.4912733276 1 -0 -0 -0.9984971409 -0.05480382935 -0 -0
0.4912733276 -0.4912733276 -0.4912733276 1 -0 -0 -0.9984971409 -0.05480382935 -0 -0
0.6877826586 -0.4912733276 -0.4912733276 1 -0 -0 -0.9984971409 -0.05480382935 -0 -0
-0.6877826586 -0.2947639965 -0.4912733276 1 -0 -0 -0.9984971409 -0.05480382935 -0 -0
-0.4912733276 -0.2947639965 -0.4912733276 1 -0 -0 -0.9984971409 -0.05480382935 -0 -0
-0.2947639965 -0.2947639965 -0.4912733276 1 -0 -0 -0.9984971409 -0.05480382935 -0 -0
-0.09825466551 -0.2947639965 -0.4912733276 1 -0 -0 -0.9984971409 -0.05480382935 -0 -0
0.09825466551 -0.2947639965 -0.4912733276 1 -0 -0 -0.9984971409 -0.05480382935 -0 -0
0.2947639965 -0.2947639965 -0.4912733276 1 -0 -0 -0.9984971409 -0.05480382935 -0 -0
0.4912733276 -0.2947639965 -0.4912733276 1 -0 -0 -0.9984971409 -0.05480382935 -0 -0
0.6877826586 -0.2947639965 -0.4912733276 1 -0 -0 -0.9984971409 -0.05480382935 -0 -0
-0.6877826586 -0.09825466551 -0.4912733276 1 -0 -0 -0.9984971409 -0.05480382935 -0 -0
-0.4912733276 -0.09825466551 -0.4912733276 1 -0 -0 -0.9984971409 -0.05480382935 -0 -0
-0.2947639965 -0.09825466551 -0.4912733276 1 -0 -0 -0.9984971409 -0.05480382935 -0 -0
-0.09825466551 -0.09825466551 -0.4912733276 1 -0 -0 -0.9984971409 -0.05480382935 -0 -0
0.09825466551 -0.09825466551 -0.4912733276 1 -0 -0 -0.9984971409 -0.05480382935 -0 -0
0.2947639965 -0.09825466551 -0.4912733276 1 -0 -0 -0.9984971409 -0.05480382935 -0 -0
0.4912733276 -0.09825466551 -0.4912733276 1 -0 -0 -0.9984971409 -0.05480382935 -0 -0
0.6877826586 -0.09825466551 -0.4912733276 1 -0 -0 -0.9984971409 -0.05480382935 -0 -0
-0.6877826586 0.09825466551 -0.4912733276 1 -0 -0 -0.9984971409 -0.05480382935 -0 -0
-0.4912733276 0.09825466551 -0.4912733276 1 -0 -0 -0.9984971409 -0.05480382935 -0 -0
-0.2947639965 0.09825466551 -0.4912733276 1 -0 -0 -0.9984971409 -0.05480382935 -0 -0
-0.09825466551 0.09825466551 -0.4912733276 1 -0 -0 -0.9984971409 -0.05480382935 -0 -0
0.09825466551 0.09825466551 -0.4912733276 1 -0 -0 -0.9984971409 -0.05480382935 -0 -0
0.2947639965 0.09825466551 -0.4912733276 1 -0 -0 -0.9984971409 -0.05480382935 -0 -0
0.4912733276 0.09825466551 -0.4912733276 1 -0 -0 -0.9984971409 -0.05480382935 -0 -0
0.6877826586 0.09825466551 -0.4912733276 1 -0 -0 -0.9984971409 -0.05480382935 -0 -0
-0.6877826586 0.2947639965 -0.4912733276 1 -0 -0 -0.9984971409 -0.05480382935 -0 -0
-0.4912733276 0.2947639965 -0.4912733276 1 -0 -0 -0.9984971409 -0.05480382935 -0 -0
-0.2947639965 0.2947639965 -0.4912733276 1 -0 -0 -0.9984971409 -0.05480382935 -0 -0
-0.09825466551 0.2947639965 -0.4912733276 1 -0 -0 -0.9984971409 -0.05480382935 -0 -0
0.09825466551 0.2947639965 -0.4912733276 1 -0 -0 -0.9984971409 -0.05480382935 -0 -0
0.2947639965 0.2947639965 -0.4912733276 1 -0 -0 -0.9984971409 -0.05480382935 -0 -0
0.4912733276 0.2947639965 -0.4912733276 1 -0 -0 -0.9984971409 -0.05480382935 -0 -0
0.6877826586 0.2947639965 -0.4912733276 1 -0 -0 -0.9984971409 -0.05480382935 -0 -0
-0.6877826586 0.4912733276 -0.4912733276 1 -0 -0 -0.9984971409 -0.05480382935 -0 -0
-0.4912733276 0.4912733276 -0.4912733276 1 -0 -0 -0.9984971409 -0.05480382935 -0 -0
-0.2947639965 0.4912733276 -0.4912733276 1 -0 -0 -0.9984971409 -0.05480382935 -0 -0
-0.09825466551 0.4912733276 -0.4912733276 1 -0 -0 -0.9984971409 -0.05480382935 -0 -0
0.09825466551 0.4912733276 -0.4912733276 1 -0 -0 -0.9984971409 -0.05480382935 -0 -0
0.2947639965 0.4912733276 -0.4912733276 1 -0 -0 -0.9984971409 -0.05480382935 -0 -0
0.4912733276 0.4912733276 -0.4912733276 1 -0 -0 -0.9984971409 -0.05480382935 -0 -0
0.6877826586 0.4912733276 -0.4912733276 1 -0 -0 -0.9984971409 -0.05480382935 -0 -0
-0.4912733276 0.6877826586 -0.4912733276 1 -0 -0 -0.9984971409 -0.05480382935 -0 -0
-0.2947639965 0.6877826586 -0.4912733276 1 -0 -0 -0.9984971409 -0.05480382935 -0 -0
-0.09825466551 0.6877826586 -0.4912733276 1 -0 -0 -0.9984971409 -0.05480382935 -0 -0
0.09825466551 0.6877826586 -0.4912733276 1 -0 -0 -0.9984971409 -0.05480382935 -0 -0
0.2947639965 0.6877826586 -0.4912733276 1 -0 -0 -0.9984971409 -0.05480382935 -0 -0
0.4912733276 0.6877826586 -0.4912733276 1 -0 -0 -0.9984971409 -0.05480382935 -0 -0
-0.2947639965 -0.8842919896 -0.2947639965 1 -0 -0 -0.277566825 -0.9607063327 -0 -0
-0.09825466551 -0.8842919896 -0.2947639965 1 -0 -0 -0.277566825 -0.9607063327 -0 -0
0.09825466551 -0.8842919896 -0.2947639965 1 -0 -0 -0.277566825 -0.9607063327 -0 -0
0.2947639965 -0.8842919896 -0.2947639965 1 -0 -0 -0.277566825 -0.9607063327 -0 -0
-0.4912733276 -0.6877826586 -0.2947639965 1 -0 -0 -0.277566825 -0.9607063327 -0 -0
-0.2947639965 -0.6877826586 -0.2947639965 1 -0 -0 -0.277566825 -0.9607063327 -0 -0
-0.09825466551 -0.6877826586 -0.2947639965 1 -0 -0 -0.277566825 -0.9607063327 -0 -0
0.09825466551 -0.6877826586 -0.2947639965 1 -0 -0 -0.277566825 -0.9607063327 -0 -0
0.2947639965 -0.6877826586 -0.2947639965 1 -0 -0 -0.277566825 -0.9607063327 -0 -0
0.4912733276 -0.6877826586 -0.2947639965 1 -0 -0 -0.277566825 -0.9607063327 -0 -0
-0.6877826586 -0.4912733276 -0.2947639965 1 -0 -0 -0.277566825 -0.9607063327 -0 -0
-0.4912733276 -0.4912733276 -0.2947639965 1 -0 -0 -0.277566825 -0.9607063327 -0 -0
-0.2947639965 -0.4912733276 -0.2947639965 1 -0 -0 -0.277566825 -0.9607063327 -0 -0
-0.09825466551 -0.4912733276 -0.2947639965 1 -0 -0 -0.277566825 -0.9607063327 -0 -0
0.09825466551 -0.4912733276 -0.2947639965 1 -0 -0 -0.277566825 -0.9607063327 -0 -0
0.2947639965 -0.4912733276 -0.2947639965 1 -0 -0 -0.277566825 -0.9607063327 -0 -0
0.4912733276 -0.4912733276 -0.2947639965 1 -0 -0 -0.277566825 -0.9607063327 -0 -0
0.6877826586 -0.4912733276 -0.2947639965 1 -0 -0 -0.277566825 -0.9607063327 -0 -0
-0.8842919896 -0.2947639965 -0.2947639965 1 -0 -0 -0.277566825 -0.9607063327 -0 -0
-0.6877826586 -0.2947639965 -0.2947639965 1 -0 -0 -0.277566825 -0.9607063327 -0 -0
-0.4912733276 -0.2947639965 -0.2947639965 1 -0 -0 -0.277566825 -0.9607063327 -0 -0
-0.2947639965 -0.2947639965 -0.2947639965 1 -0 -0 -0.277566825 -0.9607063327 -0 -0
-0.09825466551 -0.2947639965 -0.2947639965 1 -0 -0 -0.277566825 -0.9607063327 -0 -0
0.09825466551 -0.2947639965 -0.2947639965 1 -0 -0 -0.277566825 -0.9607063327 -0 -0
0.2947639965 -0.2947639965 -0.2947639965 1 -0 -0 -0.277566825 -0.9607063327 -0 -0
0.4912733276 -0.2947639965 -0.2947639965 1 -0 -0 -0.277566825 -0.9607063327 -0 -0
0.6877826586 -0.2947639965 -0.2947639965 1 -0 -0 -0.277566825 -0.9607063327 -0 -0
0.8842919896 -0.2947639965 -0.2947639965 1 -0 -0 -0.277566825 -0.9607063327 -0 -0
-0.8842919896 -0.09825466551 -0.2947639965 1 -0 -0 -0.277566825 -0.9607063327 -0 -0
-0.6877826586 -0.09825466551 -0.2947639965 1 -0 -0 -0.277566825 -0.9607063327 -0 -0
-0.4912733276 -0.09825466551 -0.2947639965 1 -0 -0 -0.277566825 -0.9607063327 -0 -0
-0.2947639965 -0.09825466551 -0.2947639965 1 -0 -0 -0.277566825 -0.9607063327 -0 -0
-0.09825466551 -0.09825466551 -0.2947639965 1 -0 -0 -0.277566825 -0.9607063327 -0 -0
0.09825466551 -0.09825466551 -0.2947639965 1 -0 -0 -0.277566825 -0.9607063327 -0 -0
0.2947639965 -0.09825466551 -0.2947639965 1 -0 -0 -0.277566825 -0.9607063327 -0 -0
0.4912733276 -0.09825466551 -0.2947639965 1 -0 -0 -0.277566825 -0.9607063327 -0 -0
0.6877826586 -0.09825466551 -0.2947639965 1 -0 -0 -0.277566825 -0.9607063327 -0 -0
0.8842919896 -0.09825466551 -0.2947639965 1 -0 -0 -0.277566825 -0.9607063327 -0 -0
-0.8842919896 0.09825466551 -0.2947639965 1 -0 -0 -0.277566825 -0.9607063327 -0 -0
-0.6877826586 0.09825466551 -0.2947639965 1 -0 -0 -0.277566825 -0.9607063327 -0 -0
-0.4912733276 0.09825466551 -0.2947639965 1 -0 -0 -0.277566825 -0.9607063327 -0 -0
-0.2947639965 0.09825466551 -0.2947639965 1 -0 -0 -0.277566825 -0.9607063327 -0 -0
-0.09825466551 0.09825466551 -0.2947639965 1 -0 -0 -0.277566825 -0.9607063327 -0 -0
0.09825466551 0.09825466551 -0.2947639965 1 -0 -0 -0.277566825 -0.9607063327 -0 -0
0.2947639965 0.09825466551 -0.2947639965 1 -0 -0 -0.277566825 -0.9607063327 -0 -0
0.4912733276 0.09825466551 -0.2947639965 1 -0 -0 -0.277566825 -0.9607063327 -0 -0
0.6877826586 0.09825466551 -0.2947639965 1 -0 -0 -0.277566825 -0.9607063327 -0 -0
0.8842919896 0.09825466551 -0.2947639965 1 -0 -0 -0.277566825 -0.9607063327 -0 -0
-0.8842919896 0.2947639965 -0.2947639965 1 -0 -0 -0.277566825 -0.9607063327 -0 -0
-0.6877826586 0.2947639965 -0.2947639965 1 -0 -0 -0.277566825 -0.9607063327 -0 -0
-0.4912733276 0.2947639965 -0.2947639965 1 -0 -0 -0.277566825 -0.9607063327 -0 -0
-0.2947639965 0.2947639965 -0.2947639965 1 -0 -0 -0.277566825 -0.9607063327 -0 -0
-0.09825466551 0.2947639965 -0.2947639965 1 -0 -0 -0.277566825 -0.9607063327 -0 -0
0.09825466551 0.2947639965 -0.2947639965 1 -0 -0 -0.277566825 -0.9607063327 -0 -0
0.2947639965 0.2947639965 -0.2947639965 1 -0 -0 -0.277566825 -0.9607063327 -0 -0
0.4912733276 0.2947639965 -0.2947639965 1 -0 -0 -0.277566825 -0.9607063327 -0 -0
0.6877826586 0.2947639965 -0.2947639965 1 -0 -0 -0.277566825 -0.9607063327 -0 -0
0.8842919896 0.2947639965 -0.2947639965 1 -0 -0 -0.277566825 -0.9607063327 -0 -0
-0.6877826586 0.4912733276 -0.2947639965 1 -0 -0 -0.277566825 -0.9607063327 -0 -0
-0.4912733276 0.4912733276 -0.2947639965 1 -0 -0 -0.277566825 -0.9607063327 -0 -0
-0.2947639965 0.4912733276 -0.2947639965 1 -0 -0 -0.277566825 -0.9607063327 -0 -0
-0.09825466551 0.4912733276 -0.2947639965 1 -0 -0 -0.277566825 -0.9607063327 -0 -0
0.09825466551 0.4912733276 -0.2947639965 1 -0 -0 -0.277566825 -0.9607063327 -0 -0
0.2947639965 0.4912733276 -0.2947639965 1 -0 -0 -0.277566825 -0.9607063327 -0 -0
0.4912733276 0.4912733276 -0.2947639965 1 -0 -0 -0.277566825 -0.9607063327 -0 -0
0.6877826586 0.4912733276 -0.2947639965 1 -0 -0 -0.277566825 -0.9607063327 -0 -0
-0.4912733276 0.6877826586 -0.2947639965 1 -0 -0 -0.277566825 -0.9607063327 -0 -0
-0.2947639965 0.6877826586 -0.2947639965 1 -0 -0 -0.277566825 -0.9607063327 -0 -0
-0.09825466551 0.6877826586 -0.2947639965 1 -0 -0 -0.277566825 -0.9607063327 -0 -0
0.09825466551 0.6877826586 -0.2947639965 1 -0 -0 -0.277566825 -0.9607063327 -0 -0
0.2947639965 0.6877826586 -0.2947639965 1 -0 -0 -0.277566825 -0.9607063327 -0 -0
0.4912733276 0.6877826586 -0.2947639965 1 -0 -0 -0.277566825 -0.9607063327 -0 -0
-0.2947639965 0.8842919896 -0.2947639965 1 -0 -0 -0.277566825 -0.9607063327 -0 -0
-0.09825466551 0.8842919896 -0.2947639965 1 -0 -0 -0.277566825 -0.9607063327 -0 -0
0.09825466551 0.8842919896 -0.2947639965 1 -0 -0 -0.277566825 -0.9607063327 -0 -0
0.2947639965 0.8842919896 -0.2947639965 1 -0 -0 -0.277566825 -0.9607063327 -0 -0
-0.2947639965 -0.8842919896 -0.09825466551 1 0 -0 0.8154140258 -0.5788781966 0 -0
-0.09825466551 -0.8842919896 -0.09825466551 1 0 -0 0.8154140258 -0.5788781966 0 -0
0.09825466551 -0.8842919896 -0.09825466551 1 0 -0 0.8154140258 -0.5788781966 0 -0
0.2947639965 -0.8842919896 -0.09825466551 1 0 -0 0.8154140258 -0.5788781966 0 -0
-0.6877826586 -0.6877826586 -0.09825466551 1 0 -0 0.8154140258 -0.5788781966 0 -0
-0.4912733276 -0.6877826586 -0.09825466551 1 0 -0 0.8154140258 -0.5788781966 0 -0
-0.2947639965 -0.6877826586 -0.09825466551 1 0 -0 0.8154140258 -0.5788781966 0 -0
-0.09825466551 -0.6877826586 -0.09825466551 1 0 -0 0.8154140258 -0.5788781966 0 -0
0.09825466551 -0.6877826586 -0.09825466551 1 0 -0 0.8154140258 -0.5788781966 0 -0
0.2947639965 -0.6877826586 -0.09825466551 1 0 -0 0.8154140258 -0.5788781966 0 -0
0.4912733276 -0.6877826586 -0.09825466551 1 0 -0 0.8154140258 -0.5788781966 0 -0
0.6877826586 -0.6877826586 -0.09825466551 1 0 -0 0.8154140258 -0.5788781966 0 -0
-0.6877826586 -0.4912733276 -0.09825466551 1 0 -0 0.8154140258 -0.5788781966 0 -0
-0.4912733276 -0.4912733276 -0.09825466551 1 0 -0 0.8154140258 -0.5788781966 0 -0
-0.2947639965 -0.4912733276 -0.09825466551 1 0 -0 0.8154140258 -0.5788781966 0 -0
-0.09825466551 -0.4912733276 -0.09825466551 1 0 -0 0.8154140258 -0.5788781966 0 -0
0.09825466551 -0.4912733276 -0.09825466551 1 0 -0 0.8154140258 -0.5788781966 0 -0
0.2947639965 -0.4912733276 -0.09825466551 1 0 -0 0.8154140258 -0.5788781966 0 -0
0.4912733276 -0.4912733276 -0.09825466551 1 0 -0 0.8154140258 -0.5788781966 0 -0
0.6877826586 -0.4912733276 -0.09825466551 1 0 -0 0.8154140258 -0.5788781966 0 -0
-0.8842919896 -0.2947639965 -0.09825466551 1 0 -0 0.8154140258 -0.5788781966 0 -0
-0.6877826586 -0.2947639965 -0.09825466551 1 0 -0 0.8154140258 -0.5788781966 0 -0
-0.4912733276 -0.2947639965 -0.09825466551 1 0 -0 0.8154140258 -0.5788781966 0 -0
-0.2947639965 -0.2947639965 -0.09825466551 1 0 -0 0.8154140258 -0.5788781966 0 -0
-0.09825466551 -0.2947639965 -0.09825466551 1 0 -0 0.8154140258 -0.5788781966 0 -0
0.09825466551 -0.2947639965 -0.09825466551 1 0 -0 0.8154140258 -0.5788781966 0 -0
0.2947639965 -0.2947639965 -0.09825466551 1 0 -0 0.8154140258 -0.5788781966 0 -0
0.4912733276 -0.2947639965 -0.09825466551 1 0 -0 0.8154140258 -0.5788781966 0 -0
0.6877826586 -0.2947639965 -0.09825466551 1 0 -0 0.8154140258 -0.5788781966 0 -0
0.8842919896 -0.2947639965 -0.09825466551 1 0 -0 0.8154140258 -0.5788781966 0 -0
-0.8842919896 -0.09825466551 -0.09825466551 1 0 -0 0.8154140258 -0.5788781966 0 -0
-0.6877826586 -0.09825466551 -0.09825466551 1 0 -0 0.8154140258 -0.5788781966 0 -0
-0.4912733276 -0.09825466551 -0.09825466551 1 0 -0 0.8154140258 -0.5788781966 0 -0
-0.2947639965 -0.09825466551 -0.09825466551 1 0 -0 0.8154140258 -0.5788781966 0 -0
-0.09825466551 -0.09825466551 -0.09825466551 1 0 -0 0.8154140258 -0.5788781966 0 -0
0.09825466551 -0.09825466551 -0.09825466551 1 0 -0 0.8154140258 -0.5788781966 0 -0
0.2947639965 -0.09825466551 -0.09825466551 1 0 -0 0.8154140258 -0.5788781966 0 -0
0.4912733276 -0.09825466551 -0.09825466551 1 0 -0 0.8154140258 -0.5788781966 0 -0
0.6877826586 -0.09825466551 -0.09825466551 1 0 -0 0.8154140258 -0.5788781966 0 -0
0.8842919896 -0.09825466551 -0.09825466551 1 0 -0 0.8154140258 -0.5788781966 0 -0
-0.8842919896 0.09825466551 -0.09825466551 1 0 -0 0.8154140258 -0.5788781966 0 -0
-0.6877826586 0.09825466551 -0.09825466551 1 0 -0 0.8154140258 -0.5788781966 0 -0
-0.4912733276 0.09825466551 -0.09825466551 1 0 -0 0.8154140258 -0.5788781966 0 -0
-0.2947639965 0.09825466551 -0.09825466551 1 0 -0 0.8154140258 -0.5788781966 0 -0
-0.09825466551 0.09825466551 -0.09825466551 1 0 -0 0.8154140258 -0.5788781966 0 -0
0.09825466551 0.09825466551 -0.09825466551 1 0 -0 0.8154140258 -0.5788781966 0 -0
0.2947639965 0.09825466551 -0.09825466551 1 0 -0 0.8154140258 -0.5788781966 0 -0
0.4912733276 0.09825466551 -0.09825466551 1 0 -0 0.8154140258 -0.5788781966 0 -0
0.6877826586 0.09825466551 -0.09825466551 1 0 -0 0.8154140258 -0.5788781966 0 -0
0.8842919896 0.09825466551 -0.09825466551 1 0 -0 0.8154140258 -0.5788781966 0 -0
-0.8842919896 0.2947639965 -0.09825466551 1 0 -0 0.8154140258 -0.5788781966 0 -0
-0.6877826586 0.2947639965 -0.09825466551 1 0 -0 0.8154140258 -0.5788781966 0 -0
-0.4912733276 0.2947639965 -0.09825466551 1 0 -0 0.8154140258 -0.5788781966 0 -0
-0.2947639965 0.2947639965 -0.09825466551 1 0 -0 0.8154140258 -0.5788781966 0 -0
-0.09825466551 0.2947639965 -0.09825466551 1 0 -0 0.8154140258 -0.5788781966 0 -0
0.09825466551 0.2947639965 -0.09825466551 1 0 -0 0.8154140258 -0.5788781966 0 -0
0.2947639965 0.2947639965 -0.09825466551 1 0 -0 0.8154140258 -0.5788781966 0 -0
0.4912733276 0.2947639965 -0.09825466551 1 0 -0 0.8154140258 -0.5788781966 0 -0
0.6877826586 0.2947639965 -0.09825466551 1 0 -0 0.8154140258 -0.5788781966 0 -0
0.8842919896 0.2947639965 -0.09825466551 1 0 -0 0.8154140258 -0.5788781966 0 -0
-0.6877826586 0.4912733276 -0.09825466551 1 0 -0 0.8154140258 -0.5788781966 0 -0
-0.4912733276 0.4912733276 -0.09825466551 1 0 -0 0.8154140258 -0.5788781966 0 -0
-0.2947639965 0.4912733276 -0.09825466551 1 0 -0 0.8154140258 -0.5788781966 0 -0
-0.09825466551 0.4912733276 -0.09825466551 1 0 -0 0.8154140258 -0.5788781966 0 -0
0.09825466551 0.4912733276 -0.09825466551 1 0 -0 0.8154140258 -0.5788781966 0 -0
0.2947639965 0.4912733276 -0.09825466551 1 0 -0 0.8154140258 -0.5788781966 0 -0
0.4912733276 0.4912733276 -0.09825466551 1 0 -0 0.8154140258 -0.5788781966 0 -0
0.6877826586 0.4912733276 -0.09825466551 1 0 -0 0.8154140258 -0.5788781966 0 -0
-0.6877826586 0.6877826586 -0.09825466551 1 0 -0 0.8154140258 -0.5788781966 0 -0
-0.4912733276 0.6877826586 -0.09825466551 1 0 -0 0.8154140258 -0.5788781966 0 -0
-0.2947639965 0.6877826586 -0.09825466551 1 0 -0 0.8154140258 -0.5788781966 0 -0
-0.09825466551 0.6877826586 -0.09825466551 1 0 -0 0.8154140258 -0.5788781966 0 -0
0.09825466551 0.6877826586 -0.09825466551 1 0 -0 0.8154140258 -0.5788781966 0 -0
0.2947639965 0.6877826586 -0.09825466551 1 0 -0 0.8154140258 -0.5788781966 0 -0
0.4912733276 0.6877826586 -0.09825466551 1 0 -0 0.8154140258 -0.5788781966 0 -0
0.6877826586 0.6877826586 -0.09825466551 1 0 -0 0.8154140258 -0.5788781966 0 -0
-0.2947639965 0.8842919896 -0.09825466551 1 0 -0 0.8154140258 -0.5788781966 0 -0
-0.09825466551 0.8842919896 -0.09825466551 1 0 -0 0.8154140258 -0.5788781966 0 -0
0.09825466551 0.8842919896 -0.09825466551 1 0 -0 0.8154140258 -0.5788781966 0 -0
0.2947639965 0.8842919896 -0.09825466551 1 0 -0 0.8154140258 -0.5788781966 0 -0
-0.2947639965 -0.8842919896 0.09825466551 1 0 0 0.8154140258 0.5788781966 0 0
-0.09825466551 -0.8842919896 0.09825466551 1 0 0 0.8154140258 0.5788781966 0 0
0.09825466551 -0.8842919896 0.09825466551 1 0 0 0.8154140258 0.5788781966 0 0
0.2947639965 -0.8842919896 0.09825466551 1 0 0 0.8154140258 0.5788781966 0 0
-0.6877826586 -0.6877826586 0.09825466551 1 0 0 0.8154140258 0.5788781966 0 0
-0.4912733276 -0.6877826586 0.09825466551 1 0 0 0.8154140258 0.5788781966 0 0
-0.2947639965 -0.6877826586 0.09825466551 1 0 0 0.8154140258 0.5788781966 0 0
-0.09825466551 -0.6877826586 0.09825466551 1 0 0 0.8154140258 0.5788781966 0 0
0.09825466551 -0.6877826586 0.09825466551 1 0 0 0.8154140258 0.5788781966 0 0
0.2947639965 -0.6877826586 0.09825466551 1 0 0 0.8154140258 0.5788781966 0 0
0.4912733276 -0.6877826586 0.09825466551 1 0 0 0.8154140258 0.5788781966 0 0
0.6877826586 -0.6877826586 0.09825466551 1 0 0 0.8154140258 0.5788781966 0 0
-0.6877826586 -0.4912733276 0.09825466551 1 0 0 0.8154140258 0.5788781966 0 0
-0.4912733276 -0.4912733276 0.09825466551 1 0 0 0.8154140258 0.5788781966 0 0
-0.2947639965 -0.4912733276 0.09825466551 1 0 0 0.8154140258 0.5788781966 0 0
-0.09825466551 -0.4912733276 0.09825466551 1 0 0 0.8154140258 0.5788781966 0 0
0.09825466551 -0.4912733276 0.09825466551 1 0 0 0.8154140258 0.5788781966 0 0
0.2947639965 -0.4912733276 0.09825466551 1 0 0 0.8154140258 0.5788781966 0 0
0.4912733276 -0.4912733276 0.09825466551 1 0 0 0.8154140258 0.5788781966 0 0
0.6877826586 -0.4912733276 0.09825466551 1 0 0 0.8154140258 0.5788781966 0 0
-0.8842919896 -0.2947639965 0.09825466551 1 0 0 0.8154140258 0.5788781966 0 0
-0.6877826586 -0.2947639965 0.09825466551 1 0 0 0.8154140258 0.5788781966 0 0
-0.4912733276 -0.2947639965 0.09825466551 1 0 0 0.8154140258 0.5788781966 0 0
-0.2947639965 -0.2947639965 0.09825466551 1 0 0 0.8154140258 0.5788781966 0 0
-0.09825466551 -0.2947639965 0.09825466551 1 0 0 0.8154140258 0.5788781966 0 0
0.09825466551 -0.2947639965 0.09825466551 1 0 0 0.8154140258 0.5788781966 0 0
0.2947639965 -0.2947639965 0.09825466551 1 0 0 0.8154140258 0.5788781966 0 0
0.4912733276 -0.2947639965 0.09825466551 1 0 0 0.8154140258 0.5788781966 0 0
0.6877826586 -0.2947639965 0.09825466551 1 0 0 0.8154140258 0.5788781966 0 0
0.8842919896 -0.2947639965 0.09825466551 1 0 0 0.8154140258 0.5788781966 0 0
-0.8842919896 -0.09825466551 0.09825466551 1 0 0 0.8154140258 0.5788781966 0 0
-0.6877826586 -0.09825466551 0.09825466551 1 0 0 0.8154140258 0.5788781966 0 0
-0.4912733276 -0.09825466551 0.09825466551 1 0 0 0.8154140258 0.5788781966 0 0
-0.2947639965 -0.09825466551 0.09825466551 1 0 0 0.8154140258 0.5788781966 0 0
-0.09825466551 -0.09825466551 0.09825466551 1 0 0 0.8154140258 0.5788781966 0 0
0.09825466551 -0.09825466551 0.09825466551 1 0 0 0.8154140258 0.5788781966 0 0
0.2947639965 -0.09825466551 0.09825466551 1 0 0 0.8154140258 0.5788781966 0 0
0.4912733276 -0.09825466551 0.09825466551 1 0 0 0.8154140258 0.5788781966 0 0
0.6877826586 -0.09825466551 0.09825466551 1 0 0 0.8154140258 0.5788781966 0 0
0.8842919896 -0.09825466551 0.09825466551 1 0 0 0.8154140258 0.5788781966 0 0
-0.8842919896 0.09825466551 0.09825466551 1 0 0 0.8154140258 0.5788781966 0 0
-0.6877826586 0.09825466551 0.09825466551 1 0 0 0.8154140258 0.5788781966 0 0
-0.4912733276 0.09825466551 0.09825466551 1 0 0 0.8154140258 0.5788781966 0 0
-0.2947639965 0.09825466551 0.09825466551 1 0 0 0.8154140258 0.5788781966 0 0
-0.09825466551 0.09825466551 0.09825466551 1 0 0 0.8154140258 0.5788781966 0 0
0.09825466551 0.09825466551 0.09825466551 1 0 0 0.8154140258 0.5788781966 0 0
0.2947639965 0.09825466551 0.09825466551 1 0 0 0.8154140258 0.5788781966 0 0
0.4912733276 0.09825466551 0.09825466551 1 0 0 0.8154140258 0.5788781966 0 0
0.6877826586 0.09825466551 0.09825466551 1 0 0 0.8154140258 0.5788781966 0 0
0.8842919896 0.09825466551 0.09825466551 1 0 0 0.8154140258 0.5788781966 0 0
-0.8842919896 0.2947639965 0.09825466551 1 0 0 0.8154140258 0.5788781966 0 0
-0.6877826586 0.2947639965 0.09825466551 1 0 0 0.8154140258 0.5788781966 0 0
-0.4912733276 0.2947639965 0.09825466551 1 0 0 0.8154140258 0.5788781966 0 0
-0.2947639965 0.2947639965 0.09825466551 1 0 0 0.8154140258 0.5788781966 0 0
-0.09825466551 0.2947639965 0.09825466551 1 0 0 0.8154140258 0.5788781966 0 0
0.09825466551 0.2947639965 0.09825466551 1 0 0 0.8154140258 0.5788781966 0 0
0.2947639965 0.2947639965 0.09825466551 1 0 0 0.8154140258 0.5788781966 0 0
0.4912733276 0.2947639965 0.09825466551 1 0 0 0.8154140258 0.5788781966 0 0
0.6877826586 0.2947639965 0.09825466551 1 0 0 0.8154140258 0.5788781966 0 0
0.8842919896 0.2947639965 0.09825466551 1 0 0 0.8154140258 0.5788781966 0 0
-0.6877826586 0.4912733276 0.09825466551 1 0 0 0.8154140258 0.5788781966 0 0
-0.4912733276 0.4912733276 0.09825466551 1 0 0 0.8154140258 0.5788781966 0 0
-0.2947639965 0.4912733276 0.09825466551 1 0 0 0.8154140258 0.5788781966 0 0
-0.09825466551 0.4912733276 0.09825466551 1 0 0 0.8154140258 0.5788781966 0 0
0.09825466551 0.4912733276 0.09825466551 1 0 0 0.8154140258 0.5788781966 0 0
0.2947639965 0.4912733276 0.09825466551 1 0 0 0.8154140258 0.5788781966 0 0
0.4912733276 0.4912733276 0.09825466551 1 0 0 0.8154140258 0.5788781966 0 0
0.6877826586 0.4912733276 0.09825466551 1 0 0 0.8154140258 0.5788781966 0 0
-0.6877826586 0.6877826586 0.09825466551 1 0 0 0.8154140258 0.5788781966 0 0
-0.4912733276 0.6877826586 0.09825466551 1 0 0 0.8154140258 0.5788781966 0 0
-0.2947639965 0.6877826586 0.09825466551 1 0 0 0.8154140258 0.5788781966 0 0
-0.09825466551 0.6877826586 0.09825466551 1 0 0 0.8154140258 0.5788781966 0 0
0.09825466551 0.6877826586 0.09825466551 1 0 0 0.8154140258 0.5788781966 0 0
0.2947639965 0.6877826586 0.09825466551 1 0 0 0.8154140258 0.5788781966 0 0
0.4912733276 0.6877826586 0.09825466551 1 0 0 0.8154140258 0.5788781966 0 0
0.6877826586 0.6877826586 0.09825466551 1 0 0 0.8154140258 0.5788781966 0 0
-0.2947639965 0.8842919896 0.09825466551 1 0 0 0.8154140258 0.5788781966 0 0
-0.09825466551 0.8842919896 0.09825466551 1 0 0 0.8154140258 0.5788781966 0 0
0.09825466551 0.8842919896 0.09825466551 1 0 0 0.8154140258 0.5788781966 0 0
0.2947639965 0.8842919896 0.09825466551 1 0 0 0.8154140258 0.5788781966 0 0
-0.2947639965 -0.8842919896 0.2947639965 1 -0 0 -0.277566825 0.9607063327 -0 0
-0.09825466551 -0.8842919896 0.2947639965 1 -0 0 -0.277566825 0.9607063327 -0 0
0.09825466551 -0.8842919896 0.2947639965 1 -0 0 -0.277566825 0.9607063327 -0 0
0.2947639965 -0.8842919896 0.2947639965 1 -0 0 -0.277566825 0.9607063327 -0 0
-0.4912733276 -0.6877826586 0.2947639965 1 -0 0 -0.277566825 0.9607063327 -0 0
-0.2947639965 -0.6877826586 0.2947639965 1 -0 0 -0.277566825 0.9607063327 -0 0
-0.09825466551 -0.6877826586 0.2947639965 1 -0 0 -0.277566825 0.9607063327 -0 0
0.09825466551 -0.6877826586 0.2947639965 1 -0 0 -0.277566825 0.9607063327 -0 0
0.2947639965 -0.6877826586 0.2947639965 1 -0 0 -0.277566825 0.9607063327 -0 0
0.4912733276 -0.6877826586 0.2947639965 1 -0 0 -0.277566825 0.9607063327 -0 0
-0.6877826586 -0.4912733276 0.2947639965 1 -0 0 -0.277566825 0.9607063327 -0 0
-0.4912733276 -0.4912733276 0.2947639965 1 -0 0 -0.277566825 0.9607063327 -0 0
-0.2947639965 -0.4912733276 0.2947639965 1 -0 0 -0.277566825 0.9607063327 -0 0
-0.09825466551 -0.4912733276 0.2947639965 1 -0 0 -0.277566825 0.9607063327 -0 0
0.09825466551 -0.4912733276 0.2947639965 1 -0 0 -0.277566825 0.9607063327 -0 0
0.2947639965 -0.4912733276 0.2947639965 1 -0 0 -0.277566825 0.9607063327 -0 0
0.4912733276 -0.4912733276 0.2947639965 1 -0 0 -0.277566825 0.9607063327 -0 0
0.6877826586 -0.4912733276 0.2947639965 1 -0 0 -0.277566825 0.9607063327 -0 0
-0.8842919896 -0.2947639965 0.2947639965 1 -0 0 -0.277566825 0.9607063327 -0 0
-0.6877826586 -0.2947639965 0.2947639965 1 -0 0 -0.277566825 0.9607063327 -0 0
-0.4912733276 -0.2947639965 0.2947639965 1 -0 0 -0.277566825 0.9607063327 -0 0
-0.2947639965 -0.2947639965 0.2947639965 1 -0 0 -0.277566825 0.9607063327 -0 0
-0.09825466551 -0.2947639965 0.2947639965 1 -0 0 -0.277566825 0.9607063327 -0 0
0.09825466551 -0.2947639965 0.2947639965 1 -0 0 -0.277566825 0.9607063327 -0 0
0.2947639965 -0.2947639965 0.2947639965 1 -0 0 -0.277566825 0.9607063327 -0 0
0.4912733276 -0.2947639965 0.2947639965 1 -0 0 -0.277566825 0.9607063327 -0 0
0.6877826586 -0.2947639965 0.2947639965 1 -0 0 -0.277566825 0.9607063327 -0 0
0.8842919896 -0.2947639965 0.2947639965 1 -0 0 -0.277566825 0.9607063327 -0 0
-0.8842919896 -0.09825466551 0.2947639965 1 -0 0 -0.277566825 0.9607063327 -0 0
-0.6877826586 -0.09825466551 0.2947639965 1 -0 0 -0.277566825 0.9607063327 -0 0
-0.4912733276 -0.09825466551 0.2947639965 1 -0 0 -0.277566825 0.9607063327 -0 0
-0.2947639965 -0.09825466551 0.2947639965 1 -0 0 -0.277566825 0.9607063327 -0 0
-0.09825466551 -0.09825466551 0.2947639965 1 -0 0 -0.277566825 0.9607063327 -0 0
0.09825466551 -0.09825466551 0.2947639965 1 -0 0 -0.277566825 0.9607063327 -0 0
0.2947639965 -0.09825466551 0.2947639965 1 -0 0 -0.277566825 0.9607063327 -0 0
0.4912733276 -0.09825466551 0.2947639965 1 -0 0 -0.277566825 0.9607063327 -0 0
0.6877826586 -0.09825466551 0.2947639965 1 -0 0 -0.277566825 0.9607063327 -0 0
0.8842919896 -0.09825466551 0.2947639965 1 -0 0 -0.277566825 0.9607063327 -0 0
-0.8842919896 0.09825466551 0.2947639965 1 -0 0 -0.277566825 0.9607063327 -0 0
-0.6877826586 0.09825466551 0.2947639965 1 -0 0 -0.277566825 0.9607063327 -0 0
-0.4912733276 0.09825466551 0.2947639965 1 -0 0 -0.277566825 0.9607063327 -0 0
-0.2947639965 0.09825466551 0.2947639965 1 -0 0 -0.277566825 0.9607063327 -0 0
-0.09825466551 0.09825466551 0.2947639965 1 -0 0 -0.277566825 0.9607063327 -0 0
0.09825466551 0.09825466551 0.2947639965 1 -0 0 -0.277566825 0.9607063327 -0 0
0.2947639965 0.09825466551 0.2947639965 1 -0 0 -0.277566825 0.9607063327 -0 0
0.4912733276 0.09825466551 0.2947639965 1 -0 0 -0.277566825 0.9607063327 -0 0
0.6877826586 0.09825466551 0.2947639965 1 -0 0 -0.277566825 0.9607063327 -0 0
0.8842919896 0.09825466551 0.2947639965 1 -0 0 -0.277566825 0.9607063327 -0 0
-0.8842919896 0.2947639965 0.2947639965 1 -0 0 -0.277566825 0.9607063327 -0 0
-0.6877826586 0.2947639965 0.2947639965 1 -0 0 -0.277566825 0.9607063327 -0 0
-0.4912733276 0.2947639965 0.2947639965 1 -0 0 -0.277566825 0.9607063327 -0 0
-0.2947639965 0.2947639965 0.2947639965 1 -0 0 -0.277566825 0.9607063327 -0 0
-0.09825466551 0.2947639965 0.2947639965 1 -0 0 -0.277566825 0.9607063327 -0 0
0.09825466551 0.2947639965 0.2947639965 1 -0 0 -0.277566825 0.9607063327 -0 0
0.2947639965 0.2947639965 0.2947639965 1 -0 0 -0.277566825 0.9607063327 -0 0
0.4912733276 0.2947639965 0.2947639965 1 -0 0 -0.277566825 0.9607063327 -0 0
0.6877826586 0.2947639965 0.2947639965 1 -0 0 -0.277566825 0.9607063327 -0 0
0.8842919896 0.2947639965 0.2947639965 1 -0 0 -0.277566825 0.9607063327 -0 0
-0.6877826586 0.4912733276 0.2947639965 1 -0 0 -0.277566825 0.9607063327 -0 0
-0.4912733276 0.4912733276 0.2947639965 1 -0 0 -0.277566825 0.9607063327 -0 0
-0.2947639965 0.4912733276 0.2947639965 1 -0 0 -0.277566825 0.9607063327 -0 0
-0.09825466551 0.4912733276 0.2947639965 1 -0 0 -0.277566825 0.9607063327 -0 0
0.09825466551 0.4912733276 0.2947639965 1 -0 0 -0.277566825 0.9607063327 -0 0
0.2947639965 0.4912733276 0.2947639965 1 -0 0 -0.277566825 0.9607063327 -0 0
0.4912733276 0.4912733276 0.2947639965 1 -0 0 -0.277566825 0.9607063327 -0 0
0.6877826586 0.4912733276 0.2947639965 1 -0 0 -0.277566825 0.9607063327 -0 0
-0.4912733276 0.6877826586 0.2947639965 1 -0 0 -0.277566825 0.9607063327 -0 0
-0.2947639965 0.6877826586 0.2947639965 1 -0 0 -0.277566825 0.9607063327 -0 0
-0.09825466551 0.6877826586 0.2947639965 1 -0 0 -0.277566825 0.9607063327 -0 0
0.09825466551 0.6877826586 0.2947639965 1 -0 0 -0.277566825 0.9607063327 -0 0
0.2947639965 0.6877826586 0.2947639965 1 -0 0 -0.277566825 0.9607063327 -0 0
0.4912733276 0.6877826586 0.2947639965 1 -0 0 -0.277566825 0.9607063327 -0 0
-0.2947639965 0.8842919896 0.2947639965 1 -0 0 -0.277566825 0.9607063327 -0 0
-0.09825466551 0.8842919896 0.2947639965 1 -0 0 -0.277566825 0.9607063327 -0 0
0.09825466551 0.8842919896 0.2947639965 1 -0 0 -0.277566825 0.9607063327 -0 0
0.2947639965 0.8842919896 0.2947639965 1 -0 0 -0.277566825 0.9607063327 -0 0
-0.4912733276 -0.6877826586 0.4912733276 1 -0 0 -0.9984971409 0.05480382935 -0 0
-0.2947639965 -0.6877826586 0.4912733276 1 -0 0 -0.9984971409 0.05480382935 -0 0
-0.09825466551 -0.6877826586 0.4912733276 1 -0 0 -0.9984971409 0.05480382935 -0 0
0.09825466551 -0.6877826586 0.4912733276 1 -0 0 -0.9984971409 0.05480382935 -0 0
0.2947639965 -0.6877826586 0.4912733276 1 -0 0 -0.9984971409 0.05480382935 -0 0
0.4912733276 -0.6877826586 0.4912733276 1 -0 0 -0.9984971409 0.05480382935 -0 0
-0.6877826586 -0.4912733276 0.4912733276 1 -0 0 -0.9984971409 0.05480382935 -0 0
-0.4912733276 -0.4912733276 0.4912733276 1 -0 0 -0.9984971409 0.05480382935 -0 0
-0.2947639965 -0.4912733276 0.4912733276 1 -0 0 -0.9984971409 0.05480382935 -0 0
-0.09825466551 -0.4912733276 0.4912733276 1 -0 0 -0.9984971409 0.05480382935 -0 0
0.09825466551 -0.4912733276 0.4912733276 1 -0 0 -0.9984971409 0.05480382935 -0 0
0.2947639965 -0.4912733276 0.4912733276 1 -0 0 -0.9984971409 0.05480382935 -0 0
0.4912733276 -0.4912733276 0.4912733276 1 -0 0 -0.9984971409 0.05480382935 -0 0
0.6877826586 -0.4912733276 0.4912733276 1 -0 0 -0.9984971409 0.05480382935 -0 0
-0.6877826586 -0.2947639965 0.4912733276 1 -0 0 -0.9984971409 0.05480382935 -0 0
-0.4912733276 -0.2947639965 0.4912733276 1 -0 0 -0.9984971409 0.05480382935 -0 0
-0.2947639965 -0.2947639965 0.4912733276 1 -0 0 -0.9984971409 0.05480382935 -0 0
-0.09825466551 -0.2947639965 0.4912733276 1 -0 0 -0.9984971409 0.05480382935 -0 0
0.09825466551 -0.2947639965 0.4912733276 1 -0 0 -0.9984971409 0.05480382935 -0 0
0.2947639965 -0.2947639965 0.4912733276 1 -0 0 -0.9984971409 0.05480382935 -0 0
0.4912733276 -0.2947639965 0.4912733276 1 -0 0 -0.9984971409 0.05480382935 -0 0
0.6877826586 -0.2947639965 0.4912733276 1 -0 0 -0.9984971409 0.05480382935 -0 0
-0.6877826586 -0.09825466551 0.4912733276 1 -0 0 -0.9984971409 0.05480382935 -0 0
-0.4912733276 -0.09825466551 0.4912733276 1 -0 0 -0.9984971409 0.05480382935 -0 0
-0.2947639965 -0.09825466551 0.4912733276 1 -0 0 -0.9984971409 0.05480382935 -0 0
-0.09825466551 -0.09825466551 0.4912733276 1 -0 0 -0.9984971409 0.05480382935 -0 0
0.09825466551 -0.09825466551 0.4912733276 1 -0 0 -0.9984971409 0.05480382935 -0 0
0.2947639965 -0.09825466551 0.4912733276 1 -0 0 -0.9984971409 0.05480382935 -0 0
0.4912733276 -0.09825466551 0.4912733276 1 -0 0 -0.9984971409 0.05480382935 -0 0
0.6877826586 -0.09825466551 0.4912733276 1 -0 0 -0.9984971409 0.05480382935 -0 0
-0.6877826586 0.09825466551 0.4912733276 1 -0 0 -0.9984971409 0.05480382935 -0 0
-0.4912733276 0.09825466551 0.4912733276 1 -0 0 -0.9984971409 0.05480382935 -0 0
-0.2947639965 0.09825466551 0.4912733276 1 -0 0 -0.9984971409 0.05480382935 -0 0
-0.09825466551 0.09825466551 0.4912733276 1 -0 0 -0.9984971409 0.05480382935 -0 0
0.09825466551 0.09825466551 0.4912733276 1 -0 0 -0.9984971409 0.05480382935 -0 0
0.2947639965 0.09825466551 0.4912733276 1 -0 0 -0.9984971409 0.05480382935 -0 0
0.4912733276 0.09825466551 0.4912733276 1 -0 0 -0.9984971409 0.05480382935 -0 0
0.6877826586 0.09825466551 0.4912733276 1 -0 0 -0.9984971409 0.05480382935 -0 0
-0.6877826586 0.2947639965 0.4912733276 1 -0 0 -0.9984971409 0.05480382935 -0 0
-0.4912733276 0.2947639965 0.4912733276 1 -0 0 -0.9984971409 0.05480382935 -0 0
-0.2947639965 0.2947639965 0.4912733276 1 -0 0 -0.9984971409 0.05480382935 -0 0
-0.09825466551 0.2947639965 0.4912733276 1 -0 0 -0.9984971409 0.05480382935 -0 0
0.09825466551 0.2947639965 0.4912733276 1 -0 0 -0.9984971409 0.05480382935 -0 0
0.2947639965 0.2947639965 0.4912733276 1 -0 0 -0.9984971409 0.05480382935 -0 0
0.4912733276 0.2947639965 0.4912733276 1 -0 0 -0.9984971409 0.05480382935 -0 0
0.6877826586 0.2947639965 0.4912733276 1 -0 0 -0.9984971409 0.05480382935 -0 0
-0.6877826586 0.4912733276 0.4912733276 1 -0 0 -0.9984971409 0.05480382935 -0 0
-0.4912733276 0.4912733276 0.4912733276 1 -0 0 -0.9984971409 0.05480382935 -0 0
-0.2947639965 0.4912733276 0.4912733276 1 -0 0 -0.9984971409 0.05480382935 -0 0
-0.09825466551 0.4912733276 0.4912733276 1 -0 0 -0.9984971409 0.05480382935 -0 0
0.09825466551 0.4912733276 0.4912733276 1 -0 0 -0.9984971409 0.05480382935 -0 0
0.2947639965 0.4912733276 0.4912733276 1 -0 0 -0.9984971409 0.05480382935 -0 0
0.4912733276 0.4912733276 0.4912733276 1 -0 0 -0.9984971409 0.05480382935 -0 0
0.6877826586 0.4912733276 0.4912733276 1 -0 0 -0.9984971409 0.05480382935 -0 0
-0.4912733276 0.6877826586 0.4912733276 1 -0 0 -0.9984971409 0.05480382935 -0 0
-0.2947639965 0.6877826586 0.4912733276 1 -0 0 -0.9984971409 0.05480382935 -0 0
-0.09825466551 0.6877826586 0.4912733276 1 -0 0 -0.9984971409 0.05480382935 -0 0
0.09825466551 0.6877826586 0.4912733276 1 -0 0 -0.9984971409 0.05480382935 -0 0
0.2947639965 0.6877826586 0.4912733276 1 -0 0 -0.9984971409 0.05480382935 -0 0
0.4912733276 0.6877826586 0.4912733276 1 -0 0 -0.9984971409 0.05480382935 -0 0
-0.09825466551 -0.6877826586 0.6877826586 1 -0 -0 -0.3810420231 -0.9245577195 -0 -0
0.09825466551 -0.6877826586 0.6877826586 1 -0 -0 -0.3810420231 -0.9245577195 -0 -0
-0.4912733276 -0.4912733276 0.6877826586 1 -0 -0 -0.3810420231 -0.9245577195 -0 -0
-0.2947639965 -0.4912733276 0.6877826586 1 -0 -0 -0.3810420231 -0.9245577195 -0 -0
-0.09825466551 -0.4912733276 0.6877826586 1 -0 -0 -0.3810420231 -0.9245577195 -0 -0
0.09825466551 -0.4912733276 0.6877826586 1 -0 -0 -0.3810420231 -0.9245577195 -0 -0
0.2947639965 -0.4912733276 0.6877826586 1 -0 -0 -0.3810420231 -0.9245577195 -0 -0
0.4912733276 -0.4912733276 0.6877826586 1 -0 -0 -0.3810420231 -0.9245577195 -0 -0
-0.4912733276 -0.2947639965 0.6877826586 1 -0 -0 -0.3810420231 -0.9245577195 -0 -0
-0.2947639965 -0.2947639965 0.6877826586 1 -0 -0 -0.3810420231 -0.9245577195 -0 -0
-0.09825466551 -0.2947639965 0.6877826586 1 -0 -0 -0.3810420231 -0.9245577195 -0 -0
0.09825466551 -0.2947639965 0.6877826586 1 -0 -0 -0.3810420231 -0.9245577195 -0 -0
0.2947639965 -0.2947639965 0.6877826586 1 -0 -0 -0.3810420231 -0.9245577195 -0 -0
0.4912733276 -0.2947639965 0.6877826586 1 -0 -0 -0.3810420231 -0.9245577195 -0 -0
-0.6877826586 -0.09825466551 0.6877826586 1 -0 -0 -0.3810420231 -0.9245577195 -0 -0
-0.4912733276 -0.09825466551 0.6877826586 1 -0 -0 -0.3810420231 -0.9245577195 -0 -0
-0.2947639965 -0.09825466551 0.6877826586 1 -0 -0 -0.3810420231 -0.9245577195 -0 -0
-0.09825466551 -0.09825466551 0.6877826586 1 -0 -0 -0.3810420231 -0.9245577195 -0 -0
0.09825466551 -0.09825466551 0.6877826586 1 -0 -0 -0.3810420231 -0.9245577195 -0 -0
0.2947639965 -0.09825466551 0.6877826586 1 -0 -0 -0.3810420231 -0.9245577195 -0 -0
0.4912733276 -0.09825466551 0.6877826586 1 -0 -0 -0.3810420231 -0.9245577195 -0 -0
0.6877826586 -0.09825466551 0.6877826586 1 -0 -0 -0.3810420231 -0.9245577195 -0 -0
-0.6877826586 0.09825466551 0.6877826586 1 -0 -0 -0.3810420231 -0.9245577195 -0 -0
-0.4912733276 0.09825466551 0.6877826586 1 -0 -0 -0.3810420231 -0.9245577195 -0 -0
-0.2947639965 0.09825466551 0.6877826586 1 -0 -0 -0.3810420231 -0.9245577195 -0 -0
-0.09825466551 0.09825466551 0.6877826586 1 -0 -0 -0.3810420231 -0.9245577195 -0 -0
0.09825466551 0.09825466551 0.6877826586 1 -0 -0 -0.3810420231 -0.9245577195 -0 -0
0.2947639965 0.09825466551 0.6877826586 1 -0 -0 -0.3810420231 -0.9245577195 -0 -0
0.4912733276 0.09825466551 0.6877826586 1 -0 -0 -0.3810420231 -0.9245577195 -0 -0
0.6877826586 0.09825466551 0.6877826586 1 -0 -0 -0.3810420231 -0.9245577195 -0 -0
-0.4912733276 0.2947639965 0.6877826586 1 -0 -0 -0.3810420231 -0.9245577195 -0 -0
-0.2947639965 0.2947639965 0.6877826586 1 -0 -0 -0.3810420231 -0.9245577195 -0 -0
-0.09825466551 0.2947639965 0.6877826586 1 -0 -0 -0.3810420231 -0.9245577195 -0 -0
0.09825466551 0.2947639965 0.6877826586 1 -0 -0 -0.3810420231 -0.9245577195 -0 -0
0.2947639965 0.2947639965 0.6877826586 1 -0 -0 -0.3810420231 -0.9245577195 -0 -0
0.4912733276 0.2947639965 0.6877826586 1 -0 -0 -0.3810420231 -0.9245577195 -0 -0
-0.4912733276 0.4912733276 0.6877826586 1 -0 -0 -0.3810420231 -0.9245577195 -0 -0
-0.2947639965 0.4912733276 0.6877826586 1 -0 -0 -0.3810420231 -0.9245577195 -0 -0
-0.09825466551 0.4912733276 0.6877826586 1 -0 -0 -0.3810420231 -0.9245577195 -0 -0
0.09825466551 0.4912733276 0.6877826586 1 -0 -0 -0.3810420231 -0.9245577195 -0 -0
0.2947639965 0.4912733276 0.6877826586 1 -0 -0 -0.3810420231 -0.9245577195 -0 -0
0.4912733276 0.4912733276 0.6877826586 1 -0 -0 -0.3810420231 -0.9245577195 -0 -0
-0.09825466551 0.6877826586 0.6877826586 1 -0 -0 -0.3810420231 -0.9245577195 -0 -0
0.09825466551 0.6877826586 0.6877826586 1 -0 -0 -0.3810420231 -0.9245577195 -0 -0
-0.2947639965 -0.2947639965 0.8842919896 1 0 -0 0.7471617713 -0.6646422252 0 -0
-0.09825466551 -0.2947639965 0.8842919896 1 0 -0 0.7471617713 -0.6646422252 0 -0
0.09825466551 -0.2947639965 0.8842919896 1 0 -0 0.7471617713 -0.6646422252 0 -0
0.2947639965 -0.2947639965 0.8842919896 1 0 -0 0.7471617713 -0.6646422252 0 -0
-0.2947639965 -0.09825466551 0.8842919896 1 0 -0 0.7471617713 -0.6646422252 0 -0
-0.09825466551 -0.09825466551 0.8842919896 1 0 -0 0.7471617713 -0.6646422252 0 -0
0.09825466551 -0.09825466551 0.8842919896 1 0 -0 0.7471617713 -0.6646422252 0 -0
0.2947639965 -0.09825466551 0.8842919896 1 0 -0 0.7471617713 -0.6646422252 0 -0
-0.2947639965 0.09825466551 0.8842919896 1 0 -0 0.7471617713 -0.6646422252 0 -0
-0.09825466551 0.09825466551 0.8842919896 1 0 -0 0.7471617713 -0.6646422252 0 -0
0.09825466551 0.09825466551 0.8842919896 1 0 -0 0.7471617713 -0.6646422252 0 -0
0.2947639965 0.09825466551 0.8842919896 1 0 -0 0.7471617713 -0.6646422252 0 -0
-0.2947639965 0.2947639965 0.8842919896 1 0 -0 0.7471617713 -0.6646422252 0 -0
-0.09825466551 0.2947639965 0.8842919896 1 0 -0 0.7471617713 -0.6646422252 0 -0
0.09825466551 0.2947639965 0.8842919896 1 0 -0 0.7471617713 -0.6646422252 0 -0
0.2947639965 0.2947639965 0.8842919896 1 0 -0 0.7471617713 -0.6646422252 0 -0
