x y z |Einc|^2 Eincx.r Eincx.i Eincy.r Eincy.i Eincz.r Eincz.i
-0.1232008007 -0.3696024021 -0.8624056048 1 0 0 0.6489969353 0.7607910212 0 0
0.1232008007 -0.3696024021 -0.8624056048 1 0 0 0.6489969353 0.7607910212 0 0
-0.3696024021 -0.1232008007 -0.8624056048 1 0 0 0.6489969353 0.7607910212 0 0
-0.1232008007 -0.1232008007 -0.8624056048 1 0 0 0.6489969353 0.7607910212 0 0
0.1232008007 -0.1232008007 -0.8624056048 1 0 0 0.6489969353 0.7607910212 0 0
0.3696024021 -0.1232008007 -0.8624056048 1 0 0 0.6489969353 0.7607910212 0 0
-0.3696024021 0.1232008007 -0.8624056048 1 0 0 0.6489969353 0.7607910212 0 0
-0.1232008007 0.1232008007 -0.8624056048 1 0 0 0.6489969353 0.7607910212 0 0
0.1232008007 0.1232008007 -0.8624056048 1 0 0 0.6489969353 0.7607910212 0 0
0.3696024021 0.1232008007 -0.8624056048 1 0 0 0.6489969353 0.7607910212 0 0
-0.1232008007 0.3696024021 -0.8624056048 1 0 0 0.6489969353 0.7607910212 0 0
0.1232008007 0.3696024021 -0.8624056048 1 0 0 0.6489969353 0.7607910212 0 0
-0.3696024021 -0.6160040034 -0.6160040034 1 -0 0 -0.7459243922 0.6660306308 -0 0
-0.1232008007 -0.6160040034 -0.6160040034 1 -0 0 -0.7459243922 0.6660306308 -0 0
0.1232008007 -0.6160040034 -0.6160040034 1 -0 0 -0.7459243922 0.6660306308 -0 0
0.3696024021 -0.6160040034 -0.6160040034 1 -0 0 -0.7459243922 0.6660306308 -0 0
-0.6160040034 -0.3696024021 -0.6160040034 1 -0 0 -0.7459243922 0.6660306308 -0 0
-0.3696024021 -0.3696024021 -0.6160040034 1 -0 0 -0.7459243922 0.6660306308 -0 0
-0.1232008007 -0.3696024021 -0.6160040034 1 -0 0 -0.7459243922 0.6660306308 -0 0
0.1232008007 -0.3696024021 -0.6160040034 1 -0 0 -0.7459243922 0.6660306308 -0 0
0.3696024021 -0.3696024021 -0.6160040034 1 -0 0 -0.7459243922 0.6660306308 -0 0
0.6160040034 -0.3696024021 -0.6160040034 1 -0 0 -0.7459243922 0.6660306308 -0 0
-0.6160040034 -0.1232008007 -0.6160040034 1 -0 0 -0.7459243922 0.6660306308 -0 0
-0.3696024021 -0.1232008007 -0.6160040034 1 -0 0 -0.7459243922 0.6660306308 -0 0
-0.1232008007 -0.1232008007 -0.6160040034 1 -0 0 -0.7459243922 0.6660306308 -0 0
0.1232008007 -0.1232008007 -0.6160040034 1 -0 0 -0.7459243922 0.6660306308 -0 0
0.3696024021 -0.1232008007 -0.6160040034 1 -0 0 -0.7459243922 0.6660306308 -0 0
0.6160040034 -0.1232008007 -0.6160040034 1 -0 0 -0.7459243922 0.6660306308 -0 0
-0.6160040034 0.1232008007 -0.6160040034 1 -0 0 -0.7459243922 0.6660306308 -0 0
-0.3696024021 0.1232008007 -0.6160040034 1 -0 0 -0.7459243922 0.6660306308 -0 0
-0.1232008007 0.1232008007 -0.6160040034 1 -0 0 -0.7459243922 0.6660306308 -0 0
0.1232008007 0.1232008007 -0.6160040034 1 -0 0 -0.7459243922 0.6660306308 -0 0
0.3696024021 0.1232008007 -0.6160040034 1 -0 0 -0.7459243922 0.6660306308 -0 0
0.6160040034 0.1232008007 -0.6160040034 1 -0 0 -0.7459243922 0.6660306308 -0 0
-0.6160040034 0.3696024021 -0.6160040034 1 -0 0 -0.7459243922 0.6660306308 -0 0
-0.3696024021 0.3696024021 -0.6160040034 1 -0 0 -0.7459243922 0.6660306308 -0 0
-0.1232008007 0.3696024021 -0.6160040034 1 -0 0 -0.7459243922 0.6660306308 -0 0
0.1232008007 0.3696024021 -0.6160040034 1 -0 0 -0.7459243922 0.6660306308 -0 0
0.3696024021 0.3696024021 -0.6160040034 1 -0 0 -0.7459243922 0.6660306308 -0 0
0.6160040034 0.3696024021 -0.6160040034 1 -0 0 -0.7459243922 0.6660306308 -0 0
-0.3696024021 0.6160040034 -0.6160040034 1 -0 0 -0.7459243922 0.6660306308 -0 0
-0.1232008007 0.6160040034 -0.6160040034 1 -0 0 -0.7459243922 0.6660306308 -0 0
0.1232008007 0.6160040034 -0.6160040034 1 -0 0 -0.7459243922 0.6660306308 -0 0
0.3696024021 0.6160040034 -0.6160040034 1 -0 0 -0.7459243922 0.6660306308 -0 0
-0.1232008007 -0.8624056048 -0.3696024021 1 -0 -0 -0.6827238757 -0.7306764739 -0 -0
0.1232008007 -0.8624056048 -0.3696024021 1 -0 -0 -0.6827238757 -0.7306764739 -0 -0
-0.6160040034 -0.6160040034 -0.3696024021 1 -0 -0 -0.6827238757 -0.7306764739 -0 -0
-0.3696024021 -0.6160040034 -0.3696024021 1 -0 -0 -0.6827238757 -0.7306764739 -0 -0
-0.1232008007 -0.6160040034 -0.3696024021 1 -0 -0 -0.6827238757 -0.7306764739 -0 -0
0.1232008007 -0.6160040034 -0.3696024021 1 -0 -0 -0.6827238757 -0.7306764739 -0 -0
0.3696024021 -0.6160040034 -0.3696024021 1 -0 -0 -0.6827238757 -0.7306764739 -0 -0
0.6160040034 -0.6160040034 -0.3696024021 1 -0 -0 -0.6827238757 -0.7306764739 -0 -0
-0.6160040034 -0.3696024021 -0.3696024021 1 -0 -0 -0.6827238757 -0.7306764739 -0 -0
-0.3696024021 -0.3696024021 -0.3696024021 1 -0 -0 -0.6827238757 -0.7306764739 -0 -0
-0.1232008007 -0.3696024021 -0.3696024021 1 -0 -0 -0.6827238757 -0.7306764739 -0 -0
0.1232008007 -0.3696024021 -0.3696024021 1 -0 -0 -0.6827238757 -0.7306764739 -0 -0
0.3696024021 -0.3696024021 -0.3696024021 1 -0 -0 -0.6827238757 -0.7306764739 -0 -0
0.6160040034 -0.3696024021 -0.3696024021 1 -0 -0 -0.6827238757 -0.7306764739 -0 -0
-0.8624056048 -0.1232008007 -0.3696024021 1 -0 -0 -0.6827238757 -0.7306764739 -0 -0
-0.6160040034 -0.1232008007 -0.3696024021 1 -0 -0 -0.6827238757 -0.7306764739 -0 -0
-0.3696024021 -0.1232008007 -0.3696024021 1 -0 -0 -0.6827238757 -0.7306764739 -0 -0
-0.1232008007 -0.1232008007 -0.3696024021 1 -0 -0 -0.6827238757 -0.7306764739 -0 -0
0.1232008007 -0.1232008007 -0.3696024021 1 -0 -0 -0.6827238757 -0.7306764739 -0 -0
0.3696024021 -0.1232008007 -0.3696024021 1 -0 -0 -0.6827238757 -0.7306764739 -0 -0
0.6160040034 -0.1232008007 -0.3696024021 1 -0 -0 -0.6827238757 -0.7306764739 -0 -0
0.8624056048 -0.1232008007 -0.3696024021 1 -0 -0 -0.6827238757 -0.7306764739 -0 -0
-0.8624056048 0.1232008007 -0.3696024021 1 -0 -0 -0.6827238757 -0.7306764739 -0 -0
-0.6160040034 0.1232008007 -0.3696024021 1 -0 -0 -0.6827238757 -0.7306764739 -0 -0
-0.3696024021 0.1232008007 -0.3696024021 1 -0 -0 -0.6827238757 -0.7306764739 -0 -0
-0.1232008007 0.1232008007 -0.3696024021 1 -0 -0 -0.6827238757 -0.7306764739 -0 -0
0.1232008007 0.1232008007 -0.3696024021 1 -0 -0 -0.6827238757 -0.7306764739 -0 -0
0.3696024021 0.1232008007 -0.3696024021 1 -0 -0 -0.6827238757 -0.7306764739 -0 -0
0.6160040034 0.1232008007 -0.3696024021 1 -0 -0 -0.6827238757 -0.7306764739 -0 -0
0.8624056048 0.1232008007 -0.3696024021 1 -0 -0 -0.6827238757 -0.7306764739 -0 -0
-0.6160040034 0.3696024021 -0.3696024021 1 -0 -0 -0.6827238757 -0.7306764739 -0 -0
-0.3696024021 0.3696024021 -0.3696024021 1 -0 -0 -0.6827238757 -0.7306764739 -0 -0
-0.1232008007 0.3696024021 -0.3696024021 1 -0 -0 -0.6827238757 -0.7306764739 -0 -0
0.1232008007 0.3696024021 -0.3696024021 1 -0 -0 -0.6827238757 -0.7306764739 -0 -0
0.3696024021 0.3696024021 -0.3696024021 1 -0 -0 -0.6827238757 -0.7306764739 -0 -0
0.6160040034 0.3696024021 -0.3696024021 1 -0 -0 -0.6827238757 -0.7306764739 -0 -0
-0.6160040034 0.6160040034 -0.3696024021 1 -0 -0 -0.6827238757 -0.7306764739 -0 -0
-0.3696024021 0.6160040034 -0.3696024021 1 -0 -0 -0.6827238757 -0.7306764739 -0 -0
-0.1232008007 0.6160040034 -0.3696024021 1 -0 -0 -0.6827238757 -0.7306764739 -0 -0
0.1232008007 0.6160040034 -0.3696024021 1 -0 -0 -0.6827238757 -0.7306764739 -0 -0
0.3696024021 0.6160040034 -0.3696024021 1 -0 -0 -0.6827238757 -0.7306764739 -0 -0
0.6160040034 0.6160040034 -0.3696024021 1 -0 -0 -0.6827238757 -0.7306764739 -0 -0
-0.1232008007 0.8624056048 -0.3696024021 1 -0 -0 -0.6827238757 -0.7306764739 -0 -0
0.1232008007 0.8624056048 -0.3696024021 1 -0 -0 -0.6827238757 -0.7306764739 -0 -0
-0.3696024021 -0.8624056048 -0.1232008007 1 0 -0 0.7150550605 -0.6990681372 0 -0
-0.1232008007 -0.8624056048 -0.1232008007 1 0 -0 0.7150550605 -0.6990681372 0 -0
0.1232008007 -0.8624056048 -0.1232008007 1 0 -0 0.7150550605 -0.6990681372 0 -0
0.3696024021 -0.8624056048 -0.1232008007 1 0 -0 0.7150550605 -0.6990681372 0 -0
-0.6160040034 -0.6160040034 -0.1232008007 1 0 -0 0.7150550605 -0.6990681372 0 -0
-0.3696024021 -0.6160040034 -0.1232008007 1 0 -0 0.7150550605 -0.6990681372 0 -0
-0.1232008007 -0.6160040034 -0.1232008007 1 0 -0 0.7150550605 -0.6990681372 0 -0
0.1232008007 -0.6160040034 -0.1232008007 1 0 -0 0.7150550605 -0.6990681372 0 -0
0.3696024021 -0.6160040034 -0.1232008007 1 0 -0 0.7150550605 -0.6990681372 0 -0
0.6160040034 -0.6160040034 -0.1232008007 1 0 -0 0.7150550605 -0.6990681372 0 -0
-0.8624056048 -0.3696024021 -0.1232008007 1 0 -0 0.7150550605 -0.6990681372 0 -0
-0.6160040034 -0.3696024021 -0.1232008007 1 0 -0 0.7150550605 -0.6990681372 0 -0
-0.3696024021 -0.3696024021 -0.1232008007 1 0 -0 0.7150550605 -0.6990681372 0 -0
-0.1232008007 -0.3696024021 -0.1232008007 1 0 -0 0.7150550605 -0.6990681372 0 -0
0.1232008007 -0.3696024021 -0.1232008007 1 0 -0 0.7150550605 -0.6990681372 0 -0
0.3696024021 -0.3696024021 -0.1232008007 1 0 -0 0.7150550605 -0.6990681372 0 -0
0.6160040034 -0.3696024021 -0.1232008007 1 0 -0 0.7150550605 -0.6990681372 0 -0
0.8624056048 -0.3696024021 -0.1232008007 1 0 -0 0.7150550605 -0.6990681372 0 -0
-0.8624056048 -0.1232008007 -0.1232008007 1 0 -0 0.7150550605 -0.6990681372 0 -0
-0.6160040034 -0.1232008007 -0.1232008007 1 0 -0 0.7150550605 -0.6990681372 0 -0
-0.3696024021 -0.1232008007 -0.1232008007 1 0 -0 0.7150550605 -0.6990681372 0 -0
-0.1232008007 -0.1232008007 -0.1232008007 1 0 -0 0.7150550605 -0.6990681372 0 -0
0.1232008007 -0.1232008007 -0.1232008007 1 0 -0 0.7150550605 -0.6990681372 0 -0
0.3696024021 -0.1232008007 -0.1232008007 1 0 -0 0.7150550605 -0.6990681372 0 -0
0.6160040034 -0.1232008007 -0.1232008007 1 0 -0 0.7150550605 -0.6990681372 0 -0
0.8624056048 -0.1232008007 -0.1232008007 1 0 -0 0.7150550605 -0.6990681372 0 -0
-0.8624056048 0.1232008007 -0.1232008007 1 0 -0 0.7150550605 -0.6990681372 0 -0
-0.6160040034 0.1232008007 -0.1232008007 1 0 -0 0.7150550605 -0.6990681372 0 -0
-0.3696024021 0.1232008007 -0.1232008007 1 0 -0 0.7150550605 -0.6990681372 0 -0
-0.1232008007 0.1232008007 -0.1232008007 1 0 -0 0.7150550605 -0.6990681372 0 -0
0.1232008007 0.1232008007 -0.1232008007 1 0 -0 0.7150550605 -0.6990681372 0 -0
0.3696024021 0.1232008007 -0.1232008007 1 0 -0 0.7150550605 -0.6990681372 0 -0
0.6160040034 0.1232008007 -0.1232008007 1 0 -0 0.7150550605 -0.6990681372 0 -0
0.8624056048 0.1232008007 -0.1232008007 1 0 -0 0.7150550605 -0.6990681372 0 -0
-0.8624056048 0.3696024021 -0.1232008007 1 0 -0 0.7150550605 -0.6990681372 0 -0
-0.6160040034 0.3696024021 -0.1232008007 1 0 -0 0.7150550605 -0.6990681372 0 -0
-0.3696024021 0.3696024021 -0.1232008007 1 0 -0 0.7150550605 -0.6990681372 0 -0
-0.1232008007 0.3696024021 -0.1232008007 1 0 -0 0.7150550605 -0.6990681372 0 -0
0.1232008007 0.3696024021 -0.1232008007 1 0 -0 0.7150550605 -0.6990681372 0 -0
0.3696024021 0.3696024021 -0.1232008007 1 0 -0 0.7150550605 -0.6990681372 0 -0
0.6160040034 0.3696024021 -0.1232008007 1 0 -0 0.7150550605 -0.6990681372 0 -0
0.8624056048 0.3696024021 -0.1232008007 1 0 -0 0.7150550605 -0.6990681372 0 -0
-0.6160040034 0.6160040034 -0.1232008007 1 0 -0 0.7150550605 -0.6990681372 0 -0
-0.3696024021 0.6160040034 -0.1232008007 1 0 -0 0.7150550605 -0.6990681372 0 -0
-0.1232008007 0.6160040034 -0.1232008007 1 0 -0 0.7150550605 -0.6990681372 0 -0
0.1232008007 0.6160040034 -0.1232008007 1 0 -0 0.7150550605 -0.6990681372 0 -0
0.3696024021 0.6160040034 -0.1232008007 1 0 -0 0.7150550605 -0.6990681372 0 -0
0.6160040034 0.6160040034 -0.1232008007 1 0 -0 0.7150550605 -0.6990681372 0 -0
-0.3696024021 0.8624056048 -0.1232008007 1 0 -0 0.7150550605 -0.6990681372 0 -0
-0.1232008007 0.8624056048 -0.1232008007 1 0 -0 0.7150550605 -0.6990681372 0 -0
0.1232008007 0.8624056048 -0.1232008007 1 0 -0 0.7150550605 -0.6990681372 0 -0
0.3696024021 0.8624056048 -0.1232008007 1 0 -0 0.7150550605 -0.6990681372 0 -0
-0.3696024021 -0.8624056048 0.1232008007 1 0 0 0.7150550605 0.6990681372 0 0
-0.1232008007 -0.8624056048 0.1232008007 1 0 0 0.7150550605 0.6990681372 0 0
0.1232008007 -0.8624056048 0.1232008007 1 0 0 0.7150550605 0.6990681372 0 0
0.3696024021 -0.8624056048 0.1232008007 1 0 0 0.7150550605 0.6990681372 0 0
-0.6160040034 -0.6160040034 0.1232008007 1 0 0 0.7150550605 0.6990681372 0 0
-0.3696024021 -0.6160040034 0.1232008007 1 0 0 0.7150550605 0.6990681372 0 0
-0.1232008007 -0.6160040034 0.1232008007 1 0 0 0.7150550605 0.6990681372 0 0
0.1232008007 -0.6160040034 0.1232008007 1 0 0 0.7150550605 0.6990681372 0 0
0.3696024021 -0.6160040034 0.1232008007 1 0 0 0.7150550605 0.6990681372 0 0
0.6160040034 -0.6160040034 0.1232008007 1 0 0 0.7150550605 0.6990681372 0 0
-0.8624056048 -0.3696024021 0.1232008007 1 0 0 0.7150550605 0.6990681372 0 0
-0.6160040034 -0.3696024021 0.1232008007 1 0 0 0.7150550605 0.6990681372 0 0
-0.3696024021 -0.3696024021 0.1232008007 1 0 0 0.7150550605 0.6990681372 0 0
-0.1232008007 -0.3696024021 0.1232008007 1 0 0 0.7150550605 0.6990681372 0 0
0.1232008007 -0.3696024021 0.1232008007 1 0 0 0.7150550605 0.6990681372 0 0
0.3696024021 -0.3696024021 0.1232008007 1 0 0 0.7150550605 0.6990681372 0 0
0.6160040034 -0.3696024021 0.1232008007 1 0 0 0.7150550605 0.6990681372 0 0
0.8624056048 -0.3696024021 0.1232008007 1 0 0 0.7150550605 0.6990681372 0 0
-0.8624056048 -0.1232008007 0.1232008007 1 0 0 0.7150550605 0.6990681372 0 0
-0.6160040034 -0.1232008007 0.1232008007 1 0 0 0.7150550605 0.6990681372 0 0
-0.3696024021 -0.1232008007 0.1232008007 1 0 0 0.7150550605 0.6990681372 0 0
-0.1232008007 -0.1232008007 0.1232008007 1 0 0 0.7150550605 0.6990681372 0 0
0.1232008007 -0.1232008007 0.1232008007 1 0 0 0.7150550605 0.6990681372 0 0
0.3696024021 -0.1232008007 0.1232008007 1 0 0 0.7150550605 0.6990681372 0 0
0.6160040034 -0.1232008007 0.1232008007 1 0 0 0.7150550605 0.6990681372 0 0
0.8624056048 -0.1232008007 0.1232008007 1 0 0 0.7150550605 0.6990681372 0 0
-0.8624056048 0.1232008007 0.1232008007 1 0 0 0.7150550605 0.6990681372 0 0
-0.6160040034 0.1232008007 0.1232008007 1 0 0 0.7150550605 0.6990681372 0 0
-0.3696024021 0.1232008007 0.1232008007 1 0 0 0.7150550605 0.6990681372 0 0
-0.1232008007 0.1232008007 0.1232008007 1 0 0 0.7150550605 0.6990681372 0 0
0.1232008007 0.1232008007 0.1232008007 1 0 0 0.7150550605 0.6990681372 0 0
0.3696024021 0.1232008007 0.1232008007 1 0 0 0.7150550605 0.6990681372 0 0
0.6160040034 0.1232008007 0.1232008007 1 0 0 0.7150550605 0.6990681372 0 0
0.8624056048 0.1232008007 0.1232008007 1 0 0 0.7150550605 0.6990681372 0 0
-0.8624056048 0.3696024021 0.1232008007 1 0 0 0.7150550605 0.6990681372 0 0
-0.6160040034 0.3696024021 0.1232008007 1 0 0 0.7150550605 0.6990681372 0 0
-0.3696024021 0.3696024021 0.1232008007 1 0 0 0.7150550605 0.6990681372 0 0
-0.1232008007 0.3696024021 0.1232008007 1 0 0 0.7150550605 0.6990681372 0 0
0.1232008007 0.3696024021 0.1232008007 1 0 0 0.7150550605 0.6990681372 0 0
0.3696024021 0.3696024021 0.1232008007 1 0 0 0.7150550605 0.6990681372 0 0
0.6160040034 0.3696024021 0.1232008007 1 0 0 0.7150550605 0.6990681372 0 0
0.8624056048 0.3696024021 0.1232008007 1 0 0 0.7150550605 0.6990681372 0 0
-0.6160040034 0.6160040034 0.1232008007 1 0 0 0.7150550605 0.6990681372 0 0
-0.3696024021 0.6160040034 0.1232008007 1 0 0 0.7150550605 0.6990681372 0 0
-0.1232008007 0.6160040034 0.1232008007 1 0 0 0.7150550605 0.6990681372 0 0
0.1232008007 0.6160040034 0.1232008007 1 0 0 0.7150550605 0.6990681372 0 0
0.3696024021 0.6160040034 0.1232008007 1 0 0 0.7150550605 0.6990681372 0 0
0.6160040034 0.6160040034 0.1232008007 1 0 0 0.7150550605 0.6990681372 0 0
-0.3696024021 0.8624056048 0.1232008007 1 0 0 0.7150550605 0.6990681372 0 0
-0.1232008007 0.8624056048 0.1232008007 1 0 0 0.7150550605 0.6990681372 0 0
0.1232008007 0.8624056048 0.1232008007 1 0 0 0.7150550605 0.6990681372 0 0
0.3696024021 0.8624056048 0.1232008007 1 0 0 0.7150550605 0.6990681372 0 0
-0.1232008007 -0.8624056048 0.3696024021 1 -0 0 -0.6827238757 0.7306764739 -0 0
0.1232008007 -0.8624056048 0.3696024021 1 -0 0 -0.6827238757 0.7306764739 -0 0
-0.6160040034 -0.6160040034 0.3696024021 1 -0 0 -0.6827238757 0.7306764739 -0 0
-0.3696024021 -0.6160040034 0.3696024021 1 -0 0 -0.6827238757 0.7306764739 -0 0
-0.1232008007 -0.6160040034 0.3696024021 1 -0 0 -0.6827238757 0.7306764739 -0 0
0.1232008007 -0.6160040034 0.3696024021 1 -0 0 -0.6827238757 0.7306764739 -0 0
0.3696024021 -0.6160040034 0.3696024021 1 -0 0 -0.6827238757 0.7306764739 -0 0
0.6160040034 -0.6160040034 0.3696024021 1 -0 0 -0.6827238757 0.7306764739 -0 0
-0.6160040034 -0.3696024021 0.3696024021 1 -0 0 -0.6827238757 0.7306764739 -0 0
-0.3696024021 -0.3696024021 0.3696024021 1 -0 0 -0.6827238757 0.7306764739 -0 0
-0.1232008007 -0.3696024021 0.3696024021 1 -0 0 -0.6827238757 0.7306764739 -0 0
0.1232008007 -0.3696024021 0.3696024021 1 -0 0 -0.6827238757 0.7306764739 -0 0
0.3696024021 -0.3696024021 0.3696024021 1 -0 0 -0.6827238757 0.7306764739 -0 0
0.6160040034 -0.3696024021 0.3696024021 1 -0 0 -0.6827238757 0.7306764739 -0 0
-0.8624056048 -0.1232008007 0.3696024021 1 -0 0 -0.6827238757 0.7306764739 -0 0
-0.6160040034 -0.1232008007 0.3696024021 1 -0 0 -0.6827238757 0.7306764739 -0 0
-0.3696024021 -0.1232008007 0.3696024021 1 -0 0 -0.6827238757 0.7306764739 -0 0
-0.1232008007 -0.1232008007 0.3696024021 1 -0 0 -0.6827238757 0.7306764739 -0 0
0.1232008007 -0.1232008007 0.3696024021 1 -0 0 -0.6827238757 0.7306764739 -0 0
0.3696024021 -0.1232008007 0.3696024021 1 -0 0 -0.6827238757 0.7306764739 -0 0
0.6160040034 -0.1232008007 0.3696024021 1 -0 0 -0.6827238757 0.7306764739 -0 0
0.8624056048 -0.1232008007 0.3696024021 1 -0 0 -0.6827238757 0.7306764739 -0 0
-0.8624056048 0.1232008007 0.3696024021 1 -0 0 -0.6827238757 0.7306764739 -0 0
-0.6160040034 0.1232008007 0.3696024021 1 -0 0 -0.6827238757 0.7306764739 -0 0
-0.3696024021 0.1232008007 0.3696024021 1 -0 0 -0.6827238757 0.7306764739 -0 0
-0.1232008007 0.1232008007 0.3696024021 1 -0 0 -0.6827238757 0.7306764739 -0 0
0.1232008007 0.1232008007 0.3696024021 1 -0 0 -0.6827238757 0.7306764739 -0 0
0.3696024021 0.1232008007 0.3696024021 1 -0 0 -0.6827238757 0.7306764739 -0 0
0.6160040034 0.1232008007 0.3696024021 1 -0 0 -0.6827238757 0.7306764739 -0 0
0.8624056048 0.1232008007 0.3696024021 1 -0 0 -0.6827238757 0.7306764739 -0 0
-0.6160040034 0.3696024021 0.3696024021 1 -0 0 -0.6827238757 0.7306764739 -0 0
-0.3696024021 0.3696024021 0.3696024021 1 -0 0 -0.6827238757 0.7306764739 -0 0
-0.1232008007 0.3696024021 0.3696024021 1 -0 0 -0.6827238757 0.7306764739 -0 0
0.1232008007 0.3696024021 0.3696024021 1 -0 0 -0.6827238757 0.7306764739 -0 0
0.3696024021 0.3696024021 0.3696024021 1 -0 0 -0.6827238757 0.7306764739 -0 0
0.6160040034 0.3696024021 0.3696024021 1 -0 0 -0.6827238757 0.7306764739 -0 0
-0.6160040034 0.6160040034 0.3696024021 1 -0 0 -0.6827238757 0.7306764739 -0 0
-0.3696024021 0.6160040034 0.3696024021 1 -0 0 -0.6827238757 0.7306764739 -0 0
-0.1232008007 0.6160040034 0.3696024021 1 -0 0 -0.6827238757 0.7306764739 -0 0
0.1232008007 0.6160040034 0.3696024021 1 -0 0 -0.6827238757 0.7306764739 -0 0
0.3696024021 0.6160040034 0.3696024021 1 -0 0 -0.6827238757 0.7306764739 -0 0
0.6160040034 0.6160040034 0.3696024021 1 -0 0 -0.6827238757 0.7306764739 -0 0
-0.1232008007 0.8624056048 0.3696024021 1 -0 0 -0.6827238757 0.7306764739 -0 0
0.1232008007 0.8624056048 0.3696024021 1 -0 0 -0.6827238757 0.7306764739 -0 0
-0.3696024021 -0.6160040034 0.6160040034 1 -0 -0 -0.7459243922 -0.6660306308 -0 -0
-0.1232008007 -0.6160040034 0.6160040034 1 -0 -0 -0.7459243922 -0.6660306308 -0 -0
0.1232008007 -0.6160040034 0.6160040034 1 -0 -0 -0.7459243922 -0.6660306308 -0 -0
0.3696024021 -0.6160040034 0.6160040034 1 -0 -0 -0.7459243922 -0.6660306308 -0 -0
-0.6160040034 -0.3696024021 0.6160040034 1 -0 -0 -0.7459243922 -0.6660306308 -0 -0
-0.3696024021 -0.3696024021 0.6160040034 1 -0 -0 -0.7459243922 -0.6660306308 -0 -0
-0.1232008007 -0.3696024021 0.6160040034 1 -0 -0 -0.7459243922 -0.6660306308 -0 -0
0.1232008007 -0.3696024021 0.6160040034 1 -0 -0 -0.7459243922 -0.6660306308 -0 -0
0.3696024021 -0.3696024021 0.6160040034 1 -0 -0 -0.7459243922 -0.6660306308 -0 -0
0.6160040034 -0.3696024021 0.6160040034 1 -0 -0 -0.7459243922 -0.6660306308 -0 -0
-0.6160040034 -0.1232008007 0.6160040034 1 -0 -0 -0.7459243922 -0.6660306308 -0 -0
-0.3696024021 -0.1232008007 0.6160040034 1 -0 -0 -0.7459243922 -0.6660306308 -0 -0
-0.1232008007 -0.1232008007 0.6160040034 1 -0 -0 -0.7459243922 -0.6660306308 -0 -0
0.1232008007 -0.1232008007 0.6160040034 1 -0 -0 -0.7459243922 -0.6660306308 -0 -0
0.3696024021 -0.1232008007 0.6160040034 1 -0 -0 -0.7459243922 -0.6660306308 -0 -0
0.6160040034 -0.1232008007 0.6160040034 1 -0 -0 -0.7459243922 -0.6660306308 -0 -0
-0.6160040034 0.1232008007 0.6160040034 1 -0 -0 -0.7459243922 -0.6660306308 -0 -0
-0.3696024021 0.1232008007 0.6160040034 1 -0 -0 -0.7459243922 -0.6660306308 -0 -0
-0.1232008007 0.1232008007 0.6160040034 1 -0 -0 -0.7459243922 -0.6660306308 -0 -0
0.1232008007 0.1232008007 0.6160040034 1 -0 -0 -0.7459243922 -0.6660306308 -0 -0
0.3696024021 0.1232008007 0.6160040034 1 -0 -0 -0.7459243922 -0.6660306308 -0 -0
0.6160040034 0.1232008007 0.6160040034 1 -0 -0 -0.7459243922 -0.6660306308 -0 -0
-0.6160040034 0.3696024021 0.6160040034 1 -0 -0 -0.7459243922 -0.6660306308 -0 -0
-0.3696024021 0.3696024021 0.6160040034 1 -0 -0 -0.7459243922 -0.6660306308 -0 -0
-0.1232008007 0.3696024021 0.6160040034 1 -0 -0 -0.7459243922 -0.6660306308 -0 -0
0.1232008007 0.3696024021 0.6160040034 1 -0 -0 -0.7459243922 -0.6660306308 -0 -0
0.3696024021 0.3696024021 0.6160040034 1 -0 -0 -0.7459243922 -0.6660306308 -0 -0
0.6160040034 0.3696024021 0.6160040034 1 -0 -0 -0.7459243922 -0.6660306308 -0 -0
-0.3696024021 0.6160040034 0.6160040034 1 -0 -0 -0.7459243922 -0.6660306308 -0 -0
-0.1232008007 0.6160040034 0.6160040034 1 -0 -0 -0.7459243922 -0.6660306308 -0 -0
0.1232008007 0.6160040034 0.6160040034 1 -0 -0 -0.7459243922 -0.6660306308 -0 -0
0.3696024021 0.6160040034 0.6160040034 1 -0 -0 -0.7459243922 -0.6660306308 -0 -0
-0.1232008007 -0.3696024021 0.8624056048 1 0 -0 0.6489969353 -0.7607910212 0 -0
0.1232008007 -0.3696024021 0.8624056048 1 0 -0 0.6489969353 -0.7607910212 0 -0
-0.3696024021 -0.1232008007 0.8624056048 1 0 -0 0.6489969353 -0.7607910212 0 -0
-0.1232008007 -0.1232008007 0.8624056048 1 0 -0 0.6489969353 -0.7607910212 0 -0
0.1232008007 -0.1232008007 0.8624056048 1 0 -0 0.6489969353 -0.7607910212 0 -0
0.3696024021 -0.1232008007 0.8624056048 1 0 -0 0.6489969353 -0.7607910212 0 -0
-0.3696024021 0.1232008007 0.8624056048 1 0 -0 0.6489969353 -0.7607910212 0 -0
-0.1232008007 0.1232008007 0.8624056048 1 0 -0 0.6489969353 -0.7607910212 0 -0
0.1232008007 0.1232008007 0.8624056048 1 0 -0 0.6489969353 -0.7607910212 0 -0
0.3696024021 0.1232008007 0.8624056048 1 0 -0 0.6489969353 -0.7607910212 0 -0
-0.1232008007 0.3696024021 0.8624056048 1 0 -0 0.6489969353 -0.7607910212 0 -0
0.1232008007 0.3696024021 0.8624056048 1 0 -0 0.6489969353 -0.7607910212 0 -0
