x y z |E|^2 Ex.r Ex.i Ey.r Ey.i Ez.r Ez.i
-0.1232008007 -0.3696024021 -0.8624056048 0.9191105872 0.0267510325 0.2036620089 0.0859390481 0.9219130106 0.06436444081 -0.1243577711
0.1232008007 -0.3696024021 -0.8624056048 0.9191114712 -0.02675033484 -0.2036603953 0.08593894318 0.9219138475 0.06436459043 -0.1243579093
-0.3696024021 -0.1232008007 -0.8624056048 0.6482219215 0.07867621674 0.1820066517 0.4510773218 -0.6317845248 -0.07578050824 -0.02324718557
-0.1232008007 -0.1232008007 -0.8624056048 2.080107986 0.02466299065 0.1434236936 0.086710177 1.428520871 0.0207138607 -0.1015370403
0.1232008007 -0.1232008007 -0.8624056048 2.080111301 -0.02466237851 -0.1434229217 0.0867103961 1.428522101 0.02071391276 -0.1015370985
0.3696024021 -0.1232008007 -0.8624056048 0.6482187456 -0.07867593204 -0.1820061405 0.4510771658 -0.6317823174 -0.07578038659 -0.02324726146
-0.3696024021 0.1232008007 -0.8624056048 0.6482218065 -0.07867599929 -0.1820064632 0.4510773064 -0.6317845468 0.07578032761 0.02324721533
-0.1232008007 0.1232008007 -0.8624056048 2.08010789 -0.02466287186 -0.1434236411 0.08671014271 1.428520836 -0.02071394243 0.1015371745
0.1232008007 0.1232008007 -0.8624056048 2.080111206 0.02466225973 0.1434228693 0.08671036182 1.428522066 -0.02071399449 0.1015372327
0.3696024021 0.1232008007 -0.8624056048 0.6482186306 0.07867571459 0.182005952 0.4510771503 -0.6317823394 0.07578020598 0.02324729121
-0.1232008007 0.3696024021 -0.8624056048 0.9191104105 -0.02675096602 -0.2036619279 0.08593899422 0.9219129191 -0.06436457969 0.1243578508
0.1232008007 0.3696024021 -0.8624056048 0.9191112945 0.02675026837 0.2036603143 0.08593888929 0.921913756 -0.0643647293 0.124357989
-0.3696024021 -0.6160040034 -0.6160040034 0.7043453666 -0.06358949154 -0.04505007609 -0.7647751956 0.3199215788 -0.01195018182 0.1043959322
-0.1232008007 -0.6160040034 -0.6160040034 1.043563251 -0.007282940746 0.05950804026 -0.8174083782 0.5511183006 0.2607940553 0.008223497515
0.1232008007 -0.6160040034 -0.6160040034 1.043563968 0.00728299602 -0.05950783508 -0.8174085377 0.5511186477 0.2607942508 0.008223167899
0.3696024021 -0.6160040034 -0.6160040034 0.7043461708 0.06358951494 0.04505003471 -0.7647756245 0.3199219785 -0.01194970946 0.1043954744
-0.6160040034 -0.3696024021 -0.6160040034 2.175133971 0.009569371844 -0.2278671153 -0.9649936952 1.076079179 0.1729560056 -0.06360788922
-0.3696024021 -0.3696024021 -0.6160040034 1.030458185 0.1554963489 -0.1284519658 -0.9315069197 -0.30550133 -0.05432222551 0.1605990485
-0.1232008007 -0.3696024021 -0.6160040034 1.114207994 0.07916151239 0.04639728513 -0.9853571279 0.3257653246 0.1579003143 -0.06168075621
0.1232008007 -0.3696024021 -0.6160040034 1.114207904 -0.07916051904 -0.04639651641 -0.9853569142 0.3257660757 0.1579004207 -0.06168105396
0.3696024021 -0.3696024021 -0.6160040034 1.030457039 -0.1554958224 0.1284523798 -0.9315067932 -0.3055001838 -0.05432195047 0.1605986672
0.6160040034 -0.3696024021 -0.6160040034 2.175133991 -0.009569253237 0.227867133 -0.9649937255 1.076079138 0.1729561663 -0.06360780361
-0.6160040034 -0.1232008007 -0.6160040034 3.911063806 0.06745230068 -0.02753714224 -1.366004461 1.426407752 0.01652950213 -0.06982271452
-0.3696024021 -0.1232008007 -0.6160040034 1.653087116 0.116871634 0.01172292901 -1.049222701 -0.7257577076 -0.0959110107 0.04999260368
-0.1232008007 -0.1232008007 -0.6160040034 0.8131688393 0.05452250198 0.04666469796 -0.88589661 0.1426891879 0.01495287784 -0.05120493614
0.1232008007 -0.1232008007 -0.6160040034 0.8131679248 -0.05452179131 -0.0466643054 -0.8858959998 0.1426901285 0.01495290741 -0.05120504862
0.3696024021 -0.1232008007 -0.6160040034 1.65308322 -0.1168712373 -0.01172269469 -1.049221927 -0.7257562323 -0.0959109278 0.04999245288
0.6160040034 -0.1232008007 -0.6160040034 3.911063175 -0.06745220579 0.02753718419 -1.36600422 1.426407769 0.01652956413 -0.06982264101
-0.6160040034 0.1232008007 -0.6160040034 3.911063802 -0.0674519937 0.02753720222 -1.366004458 1.426407766 -0.01652979409 0.06982265487
-0.3696024021 0.1232008007 -0.6160040034 1.653087061 -0.1168713434 -0.01172302523 -1.049222727 -0.7257577003 0.0959109223 -0.0499924482
-0.1232008007 0.1232008007 -0.6160040034 0.813168951 -0.05452239305 -0.04666476283 -0.88589667 0.1426891939 -0.01495263628 0.05120510052
0.1232008007 0.1232008007 -0.6160040034 0.8131680365 0.05452168236 0.04666437027 -0.8858960597 0.1426901345 -0.01495266585 0.05120521298
0.3696024021 0.1232008007 -0.6160040034 1.653083166 0.1168709467 0.01172279092 -1.049221953 -0.7257562249 0.09591083941 -0.04999229742
0.6160040034 0.1232008007 -0.6160040034 3.911063171 0.06745189879 -0.02753724416 -1.366004217 1.426407783 -0.01652985608 0.06982258137
-0.6160040034 0.3696024021 -0.6160040034 2.175134173 -0.009569129886 0.2278672618 -0.9649937001 1.07607921 -0.1729562397 0.0636077637
-0.3696024021 0.3696024021 -0.6160040034 1.03045815 -0.155496063 0.1284519635 -0.9315069724 -0.3055013319 0.05432205623 -0.1605989672
-0.1232008007 0.3696024021 -0.6160040034 1.114208241 -0.07916139711 -0.04639731426 -0.985357259 0.3257653171 -0.1579002764 0.06168092732
0.1232008007 0.3696024021 -0.6160040034 1.114208151 0.07916040374 0.04639654554 -0.9853570452 0.3257660682 -0.1579003828 0.06168122506
0.3696024021 0.3696024021 -0.6160040034 1.030457004 0.1554955365 -0.1284523775 -0.9315068459 -0.3055001857 0.05432178121 -0.160598586
0.6160040034 0.3696024021 -0.6160040034 2.175134193 0.009569011265 -0.2278672795 -0.9649937304 1.076079169 -0.1729564004 0.0636076781
-0.3696024021 0.6160040034 -0.6160040034 0.7043454327 0.06358966175 0.04505020745 -0.7647752265 0.3199215493 0.01194999613 -0.104395973
-0.1232008007 0.6160040034 -0.6160040034 1.043563401 0.007283032752 -0.05950800769 -0.8174084659 0.5511182429 -0.260794196 -0.008223439188
0.1232008007 0.6160040034 -0.6160040034 1.043564117 -0.007283088038 0.05950780249 -0.8174086254 0.5511185899 -0.2607943915 -0.008223109574
0.3696024021 0.6160040034 -0.6160040034 0.7043462368 -0.06358968515 -0.04505016609 -0.7647756555 0.319921949 0.01194952378 -0.1043955152
-0.1232008007 -0.8624056048 -0.3696024021 0.4875800001 0.02615997062 0.03070113026 0.04621796834 -0.6886580836 -0.03431584147 0.09159401161
0.1232008007 -0.8624056048 -0.3696024021 0.4875799742 -0.02616055295 -0.03070238371 0.04621780747 -0.6886580666 -0.03431563915 0.09159356864
-0.6160040034 -0.6160040034 -0.3696024021 0.3230312883 -0.02611534742 -0.1555266794 0.1057722549 -0.5265893549 0.07767479445 0.06035922922
-0.3696024021 -0.6160040034 -0.3696024021 1.396101987 -0.05718808721 -0.0563825536 0.6747545424 -0.8683292283 -0.2878677001 0.312242475
-0.1232008007 -0.6160040034 -0.3696024021 1.242513693 -0.02284188284 0.04238695251 0.6541017687 -0.8839737242 0.08445070462 0.1542877108
0.1232008007 -0.6160040034 -0.3696024021 1.242512976 0.02284104567 -0.0423874464 0.6541015967 -0.8839735365 0.08445069388 0.1542871852
0.3696024021 -0.6160040034 -0.3696024021 1.396100653 0.05718745608 0.05638190049 0.6747541135 -0.8683292024 -0.2878675819 0.3122416812
0.6160040034 -0.6160040034 -0.3696024021 0.3230317212 0.02611523295 0.1555260563 0.1057720549 -0.526589988 0.07767484816 0.06035922897
-0.6160040034 -0.3696024021 -0.3696024021 0.7261533943 -0.04908367436 -0.01603406309 0.5501892485 -0.6185872382 0.168881387 -0.09801934864
-0.3696024021 -0.3696024021 -0.3696024021 2.798464921 -0.07838742263 -0.08694098345 1.158562433 -1.164300952 -0.1647832964 0.2444267682
-0.1232008007 -0.3696024021 -0.3696024021 2.027189069 -0.03616788549 -0.002034491648 1.141469026 -0.844695358 -0.02392803244 0.09403444844
0.1232008007 -0.3696024021 -0.3696024021 2.027188645 0.03616790225 0.002034567575 1.141469084 -0.8446950585 -0.02392807633 0.09403415964
0.3696024021 -0.3696024021 -0.3696024021 2.798463974 0.07838726299 0.08694083197 1.158562216 -1.164300846 -0.164783239 0.2444265104
0.6160040034 -0.3696024021 -0.3696024021 0.7261542319 0.0490835205 0.01603370781 0.5501888382 -0.6185883707 0.168881448 -0.09801880781
-0.8624056048 -0.1232008007 -0.3696024021 0.349007145 -0.02251804581 0.1731270712 0.2277992794 -0.4919834163 -0.1408134906 -0.06898164379
-0.6160040034 -0.1232008007 -0.3696024021 0.8886359176 -0.02372819396 0.1375750713 0.8151992957 -0.4416612177 -0.008978780368 -0.09721547633
-0.3696024021 -0.1232008007 -0.3696024021 3.175289119 -0.0285309323 0.03980048355 1.34625007 -1.16046566 -0.1047371042 0.05339818757
-0.1232008007 -0.1232008007 -0.3696024021 2.477276904 -0.01278518725 0.01918201254 1.377968074 -0.7572470834 -0.06658902057 0.009604048085
0.1232008007 -0.1232008007 -0.3696024021 2.477277216 0.01278542928 -0.01918192335 1.377968352 -0.7572467825 -0.06658902558 0.009603976534
0.3696024021 -0.1232008007 -0.3696024021 3.175289337 0.02853101018 -0.03980048669 1.346250158 -1.160465655 -0.1047370435 0.05339819727
0.6160040034 -0.1232008007 -0.3696024021 0.8886365571 0.02372813729 -0.1375751956 0.8151988758 -0.4416627626 -0.008978698028 -0.09721511264
0.8624056048 -0.1232008007 -0.3696024021 0.3490095897 0.02251803649 -0.1731271809 0.2277998637 -0.4919856095 -0.1408136571 -0.06898117903
-0.8624056048 0.1232008007 -0.3696024021 0.349007037 0.02251824461 -0.1731270899 0.2277992852 -0.4919833727 0.1408132847 0.06898146018
-0.6160040034 0.1232008007 -0.3696024021 0.8886360439 0.02372829343 -0.1375752499 0.8151993405 -0.4416612051 0.008978496013 0.09721555637
-0.3696024021 0.1232008007 -0.3696024021 3.175289155 0.02853086428 -0.03980066813 1.346250078 -1.160465663 0.1047371612 -0.05339804423
-0.1232008007 0.1232008007 -0.3696024021 2.47727684 0.01278512646 -0.01918208311 1.377968032 -0.7572470807 0.06658943585 -0.009604025211
0.1232008007 0.1232008007 -0.3696024021 2.477277152 -0.0127853685 0.01918199395 1.37796831 -0.7572467798 0.06658944087 -0.00960395368
0.3696024021 0.1232008007 -0.3696024021 3.175289372 -0.02853094217 0.0398006713 1.346250166 -1.160465658 0.1047371006 -0.05339805397
0.6160040034 0.1232008007 -0.3696024021 0.8886366834 -0.02372823678 0.1375753743 0.8151989207 -0.4416627499 0.008978413685 0.09721519269
0.8624056048 0.1232008007 -0.3696024021 0.3490094817 -0.0225182353 0.1731271997 0.2277998695 -0.491985566 0.1408134512 0.06898099545
-0.6160040034 0.3696024021 -0.3696024021 0.7261535245 0.04908386143 0.01603400264 0.5501893349 -0.6185871769 -0.1688816591 0.09801936211
-0.3696024021 0.3696024021 -0.3696024021 2.798464866 0.07838750844 0.08694084571 1.158562454 -1.16430095 0.164783232 -0.2444266283
-0.1232008007 0.3696024021 -0.3696024021 2.027188858 0.03616789752 0.002034427271 1.141468937 -0.8446953605 0.02392823126 -0.09403433562
0.1232008007 0.3696024021 -0.3696024021 2.027188435 -0.03616791429 -0.002034503189 1.141468995 -0.8446950611 0.02392827516 -0.09403404683
0.3696024021 0.3696024021 -0.3696024021 2.798463919 -0.07838734881 -0.08694069423 1.158562237 -1.164300844 0.1647831746 -0.2444263705
0.6160040034 0.3696024021 -0.3696024021 0.7261543621 -0.04908370758 -0.01603364737 0.5501889246 -0.6185883093 -0.1688817201 0.09801882131
-0.6160040034 0.6160040034 -0.3696024021 0.3230312661 0.02611552209 0.1555267688 0.1057722827 -0.5265892559 -0.0776749696 -0.06035933006
-0.3696024021 0.6160040034 -0.3696024021 1.396101865 0.05718827434 0.05638254738 0.6747545602 -0.8683292075 0.2878675329 -0.3122424205
-0.1232008007 0.6160040034 -0.3696024021 1.242513617 0.02284195409 -0.0423869706 0.6541017038 -0.8839737407 -0.08445075965 -0.1542875987
0.1232008007 0.6160040034 -0.3696024021 1.2425129 -0.02284111694 0.04238746449 0.6541015318 -0.8839735529 -0.08445074891 -0.1542870731
0.3696024021 0.6160040034 -0.3696024021 1.396100532 -0.05718764322 -0.05638189428 0.6747541313 -0.8683291816 0.2878674147 -0.3122416267
0.6160040034 0.6160040034 -0.3696024021 0.323031699 -0.02611540761 -0.1555261456 0.1057720827 -0.5265898889 -0.07767502332 -0.06035932979
-0.1232008007 0.8624056048 -0.3696024021 0.4875800124 -0.02615993491 -0.03070108245 0.04621795528 -0.6886580994 0.03431571949 -0.09159403865
0.1232008007 0.8624056048 -0.3696024021 0.4875799865 0.02616051723 0.03070233589 0.04621779442 -0.6886580824 0.03431551717 -0.09159359569
-0.3696024021 -0.8624056048 -0.1232008007 0.7358368081 0.1399936785 0.1730169071 0.5703867999 -0.149869556 -0.5805955702 0.03755697778
-0.1232008007 -0.8624056048 -0.1232008007 0.1098051063 0.07589136882 0.09004343971 0.2789669227 0.0672124671 -0.07066942756 0.09275536476
0.1232008007 -0.8624056048 -0.1232008007 0.1098051375 -0.07589188258 -0.09004407245 0.2789668514 0.06721246414 -0.07066938991 0.0927547434
0.3696024021 -0.8624056048 -0.1232008007 0.7358364592 -0.139993932 -0.1730174358 0.5703866524 -0.1498696402 -0.5805952384 0.03755598316
-0.6160040034 -0.6160040034 -0.1232008007 0.2296340024 0.07727421048 0.04939439533 0.4104153953 -0.1797950812 0.007605823023 0.1428214831
-0.3696024021 -0.6160040034 -0.1232008007 0.4096647098 -0.007928008297 0.02024025236 0.3086515917 0.4036828425 -0.3818995075 0.07154937057
-0.1232008007 -0.6160040034 -0.1232008007 0.5565299155 -0.001086628584 0.02309164246 -0.1156138574 0.720887317 0.01592615325 -0.1506545076
0.1232008007 -0.6160040034 -0.1232008007 0.5565301722 0.001085983292 -0.02309194177 -0.115613954 0.7208873612 0.01592595353 -0.1506550533
0.3696024021 -0.6160040034 -0.1232008007 0.4096645629 0.007927526518 -0.02024060757 0.308651337 0.4036827807 -0.3818997174 0.07154862438
0.6160040034 -0.6160040034 -0.1232008007 0.2296341094 -0.07727437778 -0.04939472745 0.4104152249 -0.1797954624 0.007605637108 0.1428216719
-0.8624056048 -0.3696024021 -0.1232008007 1.335040166 0.09340635967 0.2467237229 0.6012158 -0.8695804892 -0.3470567473 0.1654199858
-0.6160040034 -0.3696024021 -0.1232008007 0.1721685112 -0.0446574364 0.1416772319 0.2544692908 0.2252027051 0.168043877 -0.07995100732
-0.3696024021 -0.3696024021 -0.1232008007 1.073737976 -0.1207099964 -0.0328039676 -0.1979414029 1.00511381 -0.07451427079 -0.05571378588
-0.1232008007 -0.3696024021 -0.1232008007 2.145251252 -0.05781679179 -0.02035896409 -0.6750190203 1.282840359 -0.01715422052 -0.1996738596
0.1232008007 -0.3696024021 -0.1232008007 2.145251479 0.05781652977 0.0203589241 -0.6750190683 1.282840404 -0.01715435275 -0.1996740468
0.3696024021 -0.3696024021 -0.1232008007 1.073737707 0.1207097269 0.03280383985 -0.1979416696 1.005113659 -0.07451434203 -0.05571371535
0.6160040034 -0.3696024021 -0.1232008007 0.1721678725 0.04465725558 -0.1416774301 0.2544689204 0.225201995 0.1680438888 -0.07994991685
0.8624056048 -0.3696024021 -0.1232008007 1.335042792 -0.09340638741 -0.2467238944 0.6012159003 -0.8695813654 -0.3470573919 0.1654213263
-0.8624056048 -0.1232008007 -0.1232008007 2.078864309 0.002080863666 0.1813500881 0.8241522996 -1.12937619 -0.3018234259 0.0125360104
-0.6160040034 -0.1232008007 -0.1232008007 0.3441019376 -0.04519824689 0.1458519425 0.1399370205 0.5384611176 -0.008484279683 -0.1057900709
-0.3696024021 -0.1232008007 -0.1232008007 2.235911768 -0.07025248567 0.04085095252 -0.5765485701 1.375596299 -0.03376564322 -0.05911011197
-0.1232008007 -0.1232008007 -0.1232008007 3.549461507 -0.03127360428 0.007053525227 -1.08853208 1.535339571 -0.03640853418 -0.070274086
0.1232008007 -0.1232008007 -0.1232008007 3.549461551 0.03127359047 -0.007053516655 -1.088532076 1.535339588 -0.03640855188 -0.07027409412
0.3696024021 -0.1232008007 -0.1232008007 2.235911271 0.07025243267 -0.04085097934 -0.576548803 1.375596033 -0.03376557611 -0.0591099103
0.6160040034 -0.1232008007 -0.1232008007 0.3441006167 0.0451981798 -0.1458520107 0.1399365351 0.5384601395 -0.008484139354 -0.1057893944
0.8624056048 -0.1232008007 -0.1232008007 2.078867266 -0.002080882859 -0.1813501492 0.824152266 -1.129377472 -0.3018235506 0.01253682235
-0.8624056048 0.1232008007 -0.1232008007 2.07886421 -0.00208076292 -0.1813502155 0.8241523369 -1.129376129 0.3018233134 -0.01253606265
-0.6160040034 0.1232008007 -0.1232008007 0.3441020128 0.04519800799 -0.1458521475 0.1399371014 0.5384611217 0.00848417103 0.1057901263
-0.3696024021 0.1232008007 -0.1232008007 2.235911596 0.07025204294 -0.04085103251 -0.5765485295 1.37559627 0.03376569418 0.05911016273
-0.1232008007 0.1232008007 -0.1232008007 3.549461464 0.0312733826 -0.007053525117 -1.088532098 1.535339545 0.03640873755 0.07027405993
0.1232008007 0.1232008007 -0.1232008007 3.549461508 -0.03127336879 0.007053516557 -1.088532094 1.535339562 0.03640875525 0.07027406804
0.3696024021 0.1232008007 -0.1232008007 2.235911098 -0.07025198994 0.04085105934 -0.5765487624 1.375596004 0.03376562708 0.05910996103
0.6160040034 0.1232008007 -0.1232008007 0.3441006919 -0.0451979409 0.1458522157 0.139936616 0.5384601436 0.008484030717 0.1057894498
0.8624056048 0.1232008007 -0.1232008007 2.078867168 0.002080782113 0.1813502767 0.8241523033 -1.129377411 0.3018234381 -0.01253687459
-0.8624056048 0.3696024021 -0.1232008007 1.33503993 -0.09340621056 -0.2467237712 0.6012158412 -0.8695803392 0.3470566812 -0.1654200621
-0.6160040034 0.3696024021 -0.1232008007 0.1721687067 0.04465742785 -0.1416773873 0.2544694665 0.2252027512 -0.1680439874 0.07995103863
-0.3696024021 0.3696024021 -0.1232008007 1.073737801 0.1207098221 0.03280384847 -0.1979413001 1.005113765 0.07451426689 0.05571384756
-0.1232008007 0.3696024021 -0.1232008007 2.145251144 0.05781668796 0.02035892908 -0.6750190478 1.282840302 0.01715433269 0.1996738882
0.1232008007 0.3696024021 -0.1232008007 2.145251371 -0.05781642593 -0.02035888908 -0.6750190958 1.282840347 0.01715446493 0.1996740753
0.3696024021 0.3696024021 -0.1232008007 1.073737532 -0.1207095526 -0.03280372072 -0.1979415667 1.005113614 0.07451433814 0.05571377702
0.6160040034 0.3696024021 -0.1232008007 0.172168068 -0.04465724703 0.1416775855 0.254469096 0.2252020411 -0.1680439991 0.07994994818
0.8624056048 0.3696024021 -0.1232008007 1.335042556 0.09340623831 0.2467239426 0.6012159415 -0.8695812154 0.3470573258 -0.1654214027
-0.6160040034 0.6160040034 -0.1232008007 0.229634031 -0.07727406486 -0.04939439096 0.4104155028 -0.1797949604 -0.007605912536 -0.1428215018
-0.3696024021 0.6160040034 -0.1232008007 0.4096647371 0.007928101645 -0.02024030968 0.308651697 0.4036828516 0.3818994503 -0.07154933475
-0.1232008007 0.6160040034 -0.1232008007 0.5565298734 0.001086652896 -0.02309167434 -0.1156138547 0.7208872763 -0.01592615687 0.150654559
0.1232008007 0.6160040034 -0.1232008007 0.5565301301 -0.001086007601 0.02309197365 -0.1156139513 0.7208873206 -0.01592595714 0.1506551048
0.3696024021 0.6160040034 -0.1232008007 0.4096645903 -0.00792761986 0.02024066489 0.3086514422 0.4036827898 0.3818996602 -0.07154858853
0.6160040034 0.6160040034 -0.1232008007 0.229634138 0.07727423217 0.04939472307 0.4104153325 -0.1797953415 -0.007605726625 -0.1428216906
-0.3696024021 0.8624056048 -0.1232008007 0.735836732 -0.1399935808 -0.1730168265 0.5703868414 -0.1498694977 0.5805955245 -0.03755700867
-0.1232008007 0.8624056048 -0.1232008007 0.1098050972 -0.07589131657 -0.09004341942 0.2789669417 0.06721247382 0.07066937201 -0.09275535843
0.1232008007 0.8624056048 -0.1232008007 0.1098051284 0.07589183032 0.09004405217 0.2789668704 0.06721247086 0.07066933437 -0.09275473706
0.3696024021 0.8624056048 -0.1232008007 0.7358363831 0.1399938342 0.1730173552 0.5703866939 -0.149869582 0.5805951928 -0.03755601403
-0.3696024021 -0.8624056048 0.1232008007 0.4727808138 0.02633997288 0.006846496017 -0.2459013256 0.5536167603 -0.2373298244 -0.2208069754
-0.1232008007 -0.8624056048 0.1232008007 0.3923446362 0.006586232204 -0.002696255901 -0.2987014999 0.2953986623 0.4483505853 -0.121625593
0.1232008007 -0.8624056048 0.1232008007 0.3923447769 -0.006585718451 0.00269688864 -0.2987014286 0.2953986652 0.448350623 -0.1216262143
0.3696024021 -0.8624056048 0.1232008007 0.4727810958 -0.02633971944 -0.006845967261 -0.2459011781 0.5536168445 -0.2373294927 -0.22080797
-0.6160040034 -0.6160040034 0.1232008007 0.9741055167 0.07700923405 -0.2856157674 -0.5183526539 0.5948053917 0.503204952 -0.1044058258
-0.3696024021 -0.6160040034 0.1232008007 0.8255395158 0.05802430371 -0.2094785606 -0.7380228258 0.4180742666 0.07517544097 -0.2305998653
-0.1232008007 -0.6160040034 0.1232008007 0.5227916149 0.02893165192 -0.04553512262 -0.5861655954 -0.03060528068 0.3503476258 -0.2293706163
0.1232008007 -0.6160040034 0.1232008007 0.5227916046 -0.02893100664 0.04553542193 -0.5861654988 -0.03060532497 0.3503474261 -0.229371162
0.3696024021 -0.6160040034 0.1232008007 0.8255395969 -0.05802382194 0.2094789158 -0.738022571 0.4180743284 0.07517523105 -0.2306006115
0.6160040034 -0.6160040034 0.1232008007 0.9741057309 -0.07700906676 0.2856160995 -0.5183524836 0.5948057728 0.5032047661 -0.104405637
-0.8624056048 -0.3696024021 0.1232008007 1.232404512 0.06342381041 -0.2021252595 -0.4715422091 0.9443686252 -0.2083378821 0.1730274076
-0.6160040034 -0.3696024021 0.1232008007 1.950545934 0.09220175547 -0.3226395903 -1.024706604 0.699623516 0.5264397824 -0.1459894937
-0.3696024021 -0.3696024021 0.1232008007 0.8781883741 0.09508302395 -0.1821893609 -0.8871921336 -0.08568088004 0.1726787126 -0.1080999378
-0.1232008007 -0.3696024021 0.1232008007 0.8070069166 0.05161073462 -0.03406293568 -0.4289849219 -0.7749797136 0.130575477 -0.03887660134
0.1232008007 -0.3696024021 0.1232008007 0.8070069004 -0.05161047261 0.03406297568 -0.4289848739 -0.7749797583 0.1305753447 -0.03887678853
0.3696024021 -0.3696024021 0.1232008007 0.8781878306 -0.09508275445 0.1821894886 -0.887191867 -0.08568072873 0.1726786413 -0.1080998672
0.6160040034 -0.3696024021 0.1232008007 1.950545957 -0.09220157466 0.3226397885 -1.024706233 0.6996242261 0.5264397942 -0.1459884033
0.8624056048 -0.3696024021 0.1232008007 1.23240706 -0.06342378267 0.202125431 -0.4715423095 0.9443695014 -0.2083385266 0.1730287482
-0.8624056048 -0.1232008007 0.1232008007 2.430748318 0.01440839159 -0.0266170879 -0.8746930321 1.269200813 -0.2298822585 0.03205918796
-0.6160040034 -0.1232008007 0.1232008007 1.954508972 0.03844656259 -0.06162640822 -1.24101726 0.6248958597 0.103566827 -0.08881585538
-0.3696024021 -0.1232008007 0.1232008007 0.9874164772 0.05477390236 -0.01970060138 -0.8163265668 -0.5622639773 0.03731249871 -0.01030129501
-0.1232008007 -0.1232008007 0.1232008007 1.975357373 0.03174618225 0.006403940035 -0.2183974283 -1.385235768 0.04176218305 0.07738794567
0.1232008007 -0.1232008007 0.1232008007 1.975357417 -0.03174616844 -0.006403948598 -0.2183974322 -1.385235784 0.04176216535 0.07738793755
0.3696024021 -0.1232008007 0.1232008007 0.9874157937 -0.05477384937 0.01970062821 -0.816326334 -0.562263711 0.03731256581 -0.01030109332
0.6160040034 -0.1232008007 0.1232008007 1.954508902 -0.03844649551 0.06162647639 -1.241016775 0.6248968378 0.1035669673 -0.08881517891
0.8624056048 -0.1232008007 0.1232008007 2.430751625 -0.01440837239 0.02661714905 -0.8746929984 1.269202094 -0.2298823832 0.03205999991
-0.8624056048 0.1232008007 0.1232008007 2.430748448 -0.01440829085 0.02661696045 -0.8746929948 1.269200874 0.229882371 -0.03205913567
-0.6160040034 0.1232008007 0.1232008007 1.954508737 -0.03844680151 0.06162620324 -1.241017179 0.6248958638 -0.1035667183 0.08881579996
-0.3696024021 0.1232008007 0.1232008007 0.9874164917 -0.05477434509 0.01970052141 -0.8163265263 -0.5622640063 -0.03731254968 0.01030124423
-0.1232008007 0.1232008007 0.1232008007 1.97535748 -0.03174640394 -0.00640393992 -0.2183974466 -1.385235794 -0.04176238642 -0.07738791959
0.1232008007 0.1232008007 0.1232008007 1.975357524 0.03174639012 0.006403948473 -0.2183974505 -1.38523581 -0.04176236872 -0.07738791148
0.3696024021 0.1232008007 0.1232008007 0.9874158081 0.0547742921 -0.01970054825 -0.8163262934 -0.56226374 -0.03731261678 0.01030104253
0.6160040034 0.1232008007 0.1232008007 1.954508667 0.03844673442 -0.06162627142 -1.241016694 0.6248968419 -0.1035668586 0.0888151235
0.8624056048 0.1232008007 0.1232008007 2.430751755 0.01440827166 -0.0266170216 -0.8746929612 1.269202156 0.2298824957 -0.03205994761
-0.8624056048 0.3696024021 0.1232008007 1.232404719 -0.06342366131 0.2021252112 -0.4715421679 0.9443687751 0.2083379482 -0.1730273312
-0.6160040034 0.3696024021 0.1232008007 1.950545414 -0.09220176402 0.3226394349 -1.024706428 0.6996235621 -0.5264396721 0.1459894624
-0.3696024021 0.3696024021 0.1232008007 0.8781881745 -0.0950831982 0.1821892417 -0.8871920308 -0.08568092509 -0.1726787087 0.1080998761
-0.1232008007 0.3696024021 0.1232008007 0.807007064 -0.05161083846 0.03406290066 -0.4289849494 -0.7749797707 -0.1305755891 0.03887657286
0.1232008007 0.3696024021 0.1232008007 0.8070070479 0.05161057645 -0.03406294068 -0.4289849014 -0.7749798154 -0.1305754569 0.03887676003
0.3696024021 0.3696024021 0.1232008007 0.8781876309 0.09508292871 -0.1821893695 -0.8871917642 -0.0856807738 -0.1726786374 0.1080998056
0.6160040034 0.3696024021 0.1232008007 1.950545437 0.09220158322 -0.3226396332 -1.024706058 0.6996242721 -0.5264396839 0.145988372
0.8624056048 0.3696024021 0.1232008007 1.232407267 0.06342363358 -0.2021253827 -0.4715422683 0.9443696513 0.2083385928 -0.1730286717
-0.6160040034 0.6160040034 0.1232008007 0.9741054427 -0.07700908843 0.2856157717 -0.5183525464 0.5948055125 -0.5032048625 0.1044058445
-0.3696024021 0.6160040034 0.1232008007 0.825539308 -0.05802421037 0.2094785032 -0.7380227205 0.4180742757 -0.07517538381 0.2305998294
-0.1232008007 0.6160040034 0.1232008007 0.5227915838 -0.02893162761 0.04553509073 -0.5861655928 -0.03060532129 -0.3503476222 0.2293705648
0.1232008007 0.6160040034 0.1232008007 0.5227915735 0.02893098234 -0.04553539004 -0.5861654961 -0.03060536559 -0.3503474225 0.2293711105
0.3696024021 0.6160040034 0.1232008007 0.8255393891 0.05802372861 -0.2094788584 -0.7380224658 0.4180743375 -0.07517517388 0.2306005756
0.6160040034 0.6160040034 0.1232008007 0.9741056569 0.07700892114 -0.2856161039 -0.518352376 0.5948058936 -0.5032046765 0.1044056557
-0.3696024021 0.8624056048 0.1232008007 0.4727808869 -0.0263398751 -0.006846415416 -0.2459012841 0.5536168185 0.23732987 0.2208070063
-0.1232008007 0.8624056048 0.1232008007 0.3923445769 -0.006586179944 0.002696276189 -0.2987014809 0.295398669 -0.4483505298 0.1216255866
0.1232008007 0.8624056048 0.1232008007 0.3923447176 0.006585666186 -0.002696908913 -0.2987014096 0.295398672 -0.4483505674 0.1216262079
0.3696024021 0.8624056048 0.1232008007 0.4727811689 0.02633962165 0.006845886671 -0.2459011367 0.5536169027 0.2373295383 0.2208080009
-0.1232008007 -0.8624056048 0.3696024021 0.314609132 -0.06459055386 -0.0154889908 -0.05227484577 -0.3088794011 0.4516233002 0.08996962996
0.1232008007 -0.8624056048 0.3696024021 0.3146093428 0.06459113618 0.01549024424 -0.0522746849 -0.3088794182 0.4516235025 0.089969187
-0.6160040034 -0.6160040034 0.3696024021 0.6254565683 -0.1695692492 -0.00162582418 0.09846834417 -0.4751610835 0.5977842172 -0.06229088476
-0.3696024021 -0.6160040034 0.3696024021 0.495213365 -0.1345857614 0.1881289992 0.3534316387 -0.5137548442 -0.2115861444 0.08989359208
-0.1232008007 -0.6160040034 0.3696024021 0.9746196185 -0.03921468836 0.1135451126 0.7298379521 -0.5671363066 -0.199682862 0.256922288
0.1232008007 -0.6160040034 0.3696024021 0.9746197702 0.03921552551 -0.1135446187 0.7298381242 -0.5671364944 -0.1996828727 0.2569217624
0.3696024021 -0.6160040034 0.3696024021 0.4952134262 0.1345863925 -0.1881283461 0.3534320676 -0.5137548701 -0.2115860262 0.0898927983
0.6160040034 -0.6160040034 0.3696024021 0.6254561112 0.1695693637 0.00162644735 0.09846854414 -0.4751604505 0.5977842709 -0.06229088501
-0.6160040034 -0.3696024021 0.3696024021 1.856847419 -0.06632524869 0.1249004108 0.7816971338 -1.05851416 0.322557146 -0.03609043793
-0.3696024021 -0.3696024021 0.3696024021 2.627162348 -0.009127152666 0.3308956643 1.21442242 -0.9135084887 -0.3866968678 0.2423490493
-0.1232008007 -0.3696024021 0.3696024021 2.806918733 0.02702131768 0.1668896473 1.533947942 -0.4671265864 -0.2655461106 0.3696189286
0.1232008007 -0.3696024021 0.3696024021 2.80691867 -0.02702133445 -0.1668897232 1.533947884 -0.4671268858 -0.2655461545 0.3696186398
0.3696024021 -0.3696024021 0.3696024021 2.627162803 0.009127312291 -0.3308955128 1.214422637 -0.913508595 -0.3866968104 0.2423487915
0.6160040034 -0.3696024021 0.3696024021 1.856845596 0.06632540254 -0.1249000555 0.7816975441 -1.058513028 0.3225572071 -0.0360898971
-0.8624056048 -0.1232008007 0.3696024021 0.0569189362 -0.04940416517 -0.009916984686 -0.1563405138 0.1595125487 -0.0663848999 0.009287286952
-0.6160040034 -0.1232008007 0.3696024021 3.970973145 -0.02136173983 0.0880544756 1.324258936 -1.485980184 -0.02698476135 -0.0153693297
-0.3696024021 -0.1232008007 0.3696024021 4.505536585 0.02704378989 0.175607474 1.812351663 -1.059832634 -0.2097870441 0.148636691
-0.1232008007 -0.1232008007 0.3696024021 3.537369054 0.03058681103 0.08427770439 1.854860146 -0.1669730795 -0.009331371888 0.2466931794
0.1232008007 -0.1232008007 0.3696024021 3.537368118 -0.03058705307 -0.08427779357 1.854859868 -0.1669733804 -0.009331376908 0.2466931079
0.3696024021 -0.1232008007 0.3696024021 4.505536258 -0.02704386778 -0.1756074709 1.812351575 -1.059832639 -0.2097869835 0.1486367008
0.6160040034 -0.1232008007 0.3696024021 3.97096963 0.02136179649 -0.08805435127 1.324259356 -1.485978639 -0.02698467902 -0.015368966
0.8624056048 -0.1232008007 0.3696024021 0.05691985246 0.04940417449 0.009917094485 -0.1563410981 0.159514742 -0.06638506639 0.009287751701
-0.8624056048 0.1232008007 0.3696024021 0.05691899145 0.04940436395 0.009916965946 -0.1563405079 0.1595125922 0.06638510583 -0.009287103322
-0.6160040034 0.1232008007 0.3696024021 3.970973274 0.02136183927 -0.08805465417 1.324258981 -1.485980171 0.02698504573 0.01536924963
-0.3696024021 0.1232008007 0.3696024021 4.505536708 -0.02704385793 -0.1756076586 1.812351672 -1.059832637 0.2097869871 -0.1486368344
-0.1232008007 0.1232008007 0.3696024021 3.537368916 -0.03058687182 -0.08427777495 1.854860104 -0.1669730767 0.009330956607 -0.2466932023
0.1232008007 0.1232008007 0.3696024021 3.53736798 0.03058711385 0.08427786412 1.854859826 -0.1669733777 0.00933096162 -0.2466931307
0.3696024021 0.1232008007 0.3696024021 4.505536381 0.02704393581 0.1756076554 1.812351584 -1.059832642 0.2097869264 -0.1486368441
0.6160040034 0.1232008007 0.3696024021 3.97096976 -0.02136189594 0.08805452984 1.324259401 -1.485978626 0.0269849634 0.01536888593
0.8624056048 0.1232008007 0.3696024021 0.0569199077 -0.04940437326 -0.009917075742 -0.1563410923 0.1595147855 0.06638527233 -0.009287568067
-0.6160040034 0.3696024021 0.3696024021 1.856847288 0.06632543575 -0.1249004712 0.7816972202 -1.058514099 -0.3225568739 0.03609042444
-0.3696024021 0.3696024021 0.3696024021 2.627162607 0.009127238455 -0.330895802 1.214422442 -0.9135084866 0.3866969322 -0.2423491892
-0.1232008007 0.3696024021 0.3696024021 2.80691846 -0.02702130566 -0.1668897117 1.533947853 -0.4671265888 0.2655459117 -0.3696190413
0.1232008007 0.3696024021 0.3696024021 2.806918397 0.02702132244 0.1668897876 1.533947795 -0.4671268883 0.2655459556 -0.3696187525
0.3696024021 0.3696024021 0.3696024021 2.627163062 -0.009127398077 0.3308956505 1.214422659 -0.9135085929 0.3866968748 -0.2423489313
0.6160040034 0.3696024021 0.3696024021 1.856845464 -0.0663255896 0.1249001159 0.7816976305 -1.058512966 -0.3225569349 0.03608988362
-0.6160040034 0.6160040034 0.3696024021 0.6254563424 0.1695694239 0.00162591346 0.09846837201 -0.4751609845 -0.597784042 0.0622909856
-0.3696024021 0.6160040034 0.3696024021 0.4952134895 0.1345859485 -0.1881290054 0.3534316565 -0.5137548234 0.2115863115 -0.08989364654
-0.1232008007 0.6160040034 0.3696024021 0.9746196317 0.03921475962 -0.1135451307 0.7298378872 -0.5671363231 0.199682917 -0.2569224001
0.1232008007 0.6160040034 0.3696024021 0.9746197834 -0.03921559676 0.1135446368 0.7298380592 -0.5671365108 0.1996829277 -0.2569218745
0.3696024021 0.6160040034 0.3696024021 0.4952135507 -0.1345865796 0.1881283523 0.3534320854 -0.5137548493 0.2115861934 -0.08989285278
0.6160040034 0.6160040034 0.3696024021 0.6254558852 -0.1695695383 -0.001626536619 0.09846857199 -0.4751603515 -0.5977840957 0.06229098585
-0.1232008007 0.8624056048 0.3696024021 0.3146090342 0.06459058958 0.01548903861 -0.05227485885 -0.308879417 -0.4516231782 -0.08996960296
0.1232008007 0.8624056048 0.3696024021 0.314609245 -0.06459117191 -0.01549029203 -0.05227469799 -0.308879434 -0.4516233805 -0.08996915999
-0.3696024021 -0.6160040034 0.6160040034 0.6227160326 -0.02643957139 0.1114286503 -0.3288711987 0.4606833013 -0.5350602799 0.054090341
-0.1232008007 -0.6160040034 0.6160040034 0.4773721106 -0.0004065899459 -0.01048987866 -0.2656742746 0.4642677996 -0.4370530797 0.01091344742
0.1232008007 -0.6160040034 0.6160040034 0.4773715211 0.0004065346588 0.01048967346 -0.2656741151 0.4642674525 -0.4370528842 0.0109131178
0.3696024021 -0.6160040034 0.6160040034 0.6227148167 0.02643954798 -0.1114286089 -0.3288707697 0.4606829016 -0.5350598076 0.05408988318
-0.6160040034 -0.3696024021 0.6160040034 0.341680866 -0.1161996706 0.2622439953 0.3668379598 -0.3068967902 -0.1727965393 -0.0281463488
-0.3696024021 -0.3696024021 0.6160040034 3.273919293 -0.03358020281 0.09881209953 -0.9244546976 1.424853182 -0.6144370844 0.02591957368
-0.1232008007 -0.3696024021 0.6160040034 4.051683005 0.02544629597 -0.0497127982 -1.325336983 1.479885503 0.1913449958 -0.2556794843
0.1232008007 -0.3696024021 0.6160040034 4.051681515 -0.02544728934 0.04971202947 -1.325337197 1.479884752 0.1913451022 -0.255679782
0.3696024021 -0.3696024021 0.6160040034 3.27391595 0.03357967633 -0.09881251355 -0.924454824 1.424852036 -0.6144368094 0.02591919241
0.6160040034 -0.3696024021 0.6160040034 0.3416807843 0.116199552 -0.262244013 0.36683799 -0.3068967491 -0.1727963786 -0.02814626319
-0.6160040034 -0.1232008007 0.6160040034 0.3683526509 -0.06005449102 0.07887248378 0.4962602343 -0.2704001695 -0.1932706065 -0.04220475305
-0.3696024021 -0.1232008007 0.6160040034 7.127711543 -0.01741659939 -0.001006155803 -1.476868934 2.209408435 -0.254509655 0.00213320385
-0.1232008007 -0.1232008007 0.6160040034 10.87655146 0.02163641913 -0.04866159613 -2.392026684 2.238153198 0.3716547094 -0.0668338139
0.1232008007 -0.1232008007 0.6160040034 10.8765502 -0.02163712981 0.04866120358 -2.392027294 2.238152258 0.3716547389 -0.06683392637
0.3696024021 -0.1232008007 0.6160040034 7.127707254 0.01741620273 0.001005921488 -1.476869708 2.209406959 -0.2545095721 0.002133053055
0.6160040034 -0.1232008007 0.6160040034 0.3683523854 0.06005439612 -0.07887252573 0.4962599931 -0.2704001859 -0.1932705445 -0.04220467954
-0.6160040034 0.1232008007 0.6160040034 0.3683527912 0.06005479799 -0.07887242382 0.4962602368 -0.2704001557 0.1932708984 0.04220481268
-0.3696024021 0.1232008007 0.6160040034 7.127711707 0.01741688997 0.001006059577 -1.476868959 2.209408442 0.2545097434 -0.002133359348
-0.1232008007 0.1232008007 0.6160040034 10.87655192 -0.0216363102 0.04866153126 -2.392026743 2.238153204 -0.3716549509 0.06683364953
0.1232008007 0.1232008007 0.6160040034 10.87655066 0.02163702088 -0.04866113871 -2.392027354 2.238152264 -0.3716549805 0.066833762
0.3696024021 0.1232008007 0.6160040034 7.127707418 -0.01741649331 -0.001005825267 -1.476869734 2.209406967 0.2545096605 -0.002133208557
0.6160040034 0.1232008007 0.6160040034 0.3683525257 -0.06005470309 0.07887246576 0.4962599956 -0.270400172 0.1932708365 0.04220473917
-0.6160040034 0.3696024021 0.6160040034 0.341680911 0.1161999125 -0.2622438488 0.3668379548 -0.3068967597 0.1727967734 0.02814647431
-0.3696024021 0.3696024021 0.6160040034 3.273919617 0.03358048871 -0.09881210183 -0.9244547502 1.42485318 0.6144372537 -0.0259196549
-0.1232008007 0.3696024021 0.6160040034 4.051683248 -0.02544618068 0.04971276906 -1.325337114 1.479885496 -0.1913450337 0.2556793132
0.1232008007 0.3696024021 0.6160040034 4.051681759 0.02544717406 -0.04971200032 -1.325337328 1.479884745 -0.1913451401 0.255679611
0.3696024021 0.3696024021 0.6160040034 3.273916273 -0.03357996222 0.09881251585 -0.9244548767 1.424852034 0.6144369786 -0.02591927365
0.6160040034 0.3696024021 0.6160040034 0.3416808293 -0.1161997939 0.2622438665 0.3668379851 -0.3068967186 0.1727966127 0.0281463887
-0.3696024021 0.6160040034 0.6160040034 0.6227161997 0.02643974162 -0.1114285189 -0.3288712296 0.4606832717 0.5350604656 -0.05409030019
-0.1232008007 0.6160040034 0.6160040034 0.4773722286 0.00040668197 0.01048991122 -0.2656743624 0.4642677418 0.4370532204 -0.01091350573
0.1232008007 0.6160040034 0.6160040034 0.4773716391 -0.0004066266736 -0.010489706 -0.2656742028 0.4642673947 0.4370530249 -0.01091317612
0.3696024021 0.6160040034 0.6160040034 0.6227149839 -0.02643971822 0.1114284776 -0.3288708007 0.460682872 0.5350599933 -0.05408984238
-0.1232008007 -0.3696024021 0.8624056048 4.698351471 0.123815118 -0.3751983362 0.5146954406 -1.828964487 0.9067111871 -0.3318129423
0.1232008007 -0.3696024021 0.8624056048 4.698353965 -0.1238158156 0.3751967225 0.5146955455 -1.828965324 0.9067113367 -0.3318130805
-0.3696024021 -0.1232008007 0.8624056048 1.421040188 0.08181885107 -0.417582244 -1.001021659 0.4725322364 0.05224183632 -0.1091359143
-0.1232008007 -0.1232008007 0.8624056048 11.89354464 0.07300242137 -0.2807472035 0.8374989511 -3.249709251 0.7287267496 -0.1278237338
0.1232008007 -0.1232008007 0.8624056048 11.89355201 -0.07300303351 0.2807464317 0.837498732 -3.249710481 0.7287268016 -0.127823792
0.3696024021 -0.1232008007 0.8624056048 1.421037438 -0.08181913577 0.4175817328 -1.001021503 0.472530029 0.05224195796 -0.1091359901
-0.3696024021 0.1232008007 0.8624056048 1.421040295 -0.08181863362 0.4175824325 -1.001021674 0.4725322144 -0.05224165568 0.1091358845
-0.1232008007 0.1232008007 0.8624056048 11.89354466 -0.07300230259 0.280747256 0.8374989168 -3.249709286 -0.7287266679 0.1278235996
0.1232008007 0.1232008007 0.8624056048 11.89355204 0.07300291473 -0.2807464841 0.8374986977 -3.249710516 -0.7287267199 0.1278236578
0.3696024021 0.1232008007 0.8624056048 1.421037545 0.08181891832 -0.4175819213 -1.001021518 0.472530007 -0.05224177732 0.1091359604
-0.1232008007 0.3696024021 0.8624056048 4.69835149 -0.1238150515 0.3751984171 0.5146953867 -1.828964578 -0.9067110483 0.3318128626
0.1232008007 0.3696024021 0.8624056048 4.698353984 0.1238157492 -0.3751968035 0.5146954916 -1.828965415 -0.9067111979 0.3318130008
