0.000000e+00 0.000000e+00 0.000000e+00 0.000000e+00 0.000000e+00
1.000000e-04 1.307671e-06 2.929774e-04 2.191544e-16 4.910050e-14
2.000000e-04 1.356434e-05 6.478435e-04 2.054112e-15 5.947251e-14
3.000000e-04 -2.849562e-05 1.173294e-03 -7.048887e-15 8.806094e-14
4.000000e-04 -2.558063e-05 1.538094e-03 4.885275e-16 6.113742e-14
5.000000e-04 -9.606245e-05 1.814148e-03 -1.181215e-14 4.626428e-14
6.000000e-04 -2.330167e-05 2.087412e-03 1.219408e-14 4.579672e-14
7.000000e-04 -7.166854e-05 2.499369e-03 -8.105871e-15 6.904047e-14
8.000000e-04 -3.527433e-05 2.916252e-03 6.099356e-15 6.986589e-14
9.000000e-04 -8.646278e-05 3.206825e-03 -8.578745e-15 4.869755e-14
1.000000e-03 -9.145315e-05 3.446971e-03 -8.363425e-16 4.024642e-14
1.100000e-03 -1.793755e-04 3.710099e-03 -1.473503e-14 4.409805e-14
1.200000e-03 -6.934461e-05 3.959700e-03 1.844023e-14 4.183090e-14
1.300000e-03 -3.911041e-05 4.289144e-03 5.066992e-15 5.521203e-14
1.400000e-03 -1.091056e-04 4.464794e-03 -1.173059e-14 2.943734e-14
1.500000e-03 -2.199619e-04 4.725941e-03 -1.857857e-14 4.376614e-14
1.600000e-03 -3.497398e-04 5.123352e-03 -2.174966e-14 6.660262e-14
1.700000e-03 -4.752408e-04 5.366051e-03 -2.103289e-14 4.067424e-14
1.800000e-03 -5.561107e-04 5.698126e-03 -1.355310e-14 5.565286e-14
1.900000e-03 -6.001913e-04 6.026635e-03 -7.387525e-15 5.505533e-14
2.000000e-03 -5.595520e-04 6.429236e-03 6.810795e-15 6.747254e-14
2.100000e-03 -6.992000e-04 6.698192e-03 -2.340380e-14 4.507472e-14
2.200000e-03 -7.182591e-04 7.077134e-03 -3.194145e-15 6.350744e-14
2.300000e-03 -6.845519e-04 7.444037e-03 5.649045e-15 6.148967e-14
2.400000e-03 -6.202551e-04 7.816473e-03 1.077558e-14 6.241712e-14
2.500000e-03 -7.252825e-04 8.175657e-03 -1.760168e-14 6.019614e-14
2.600000e-03 -6.849420e-04 8.634733e-03 6.760722e-15 7.693714e-14
2.700000e-03 -4.917136e-04 8.951027e-03 3.238341e-14 5.300821e-14
2.800000e-03 -3.377040e-04 9.255253e-03 2.581069e-14 5.098571e-14
2.900000e-03 -2.362993e-04 9.630514e-03 1.699456e-14 6.289055e-14
3.000000e-03 -1.951093e-04 9.856444e-03 6.903085e-15 3.786393e-14
3.100000e-03 -1.961363e-04 1.012589e-02 -1.721109e-16 4.515612e-14
3.200000e-03 -2.350576e-04 1.047344e-02 -6.522883e-15 5.824789e-14
3.300000e-03 -1.291022e-04 1.080271e-02 1.775722e-14 5.518147e-14
3.400000e-03 -1.344030e-04 1.107221e-02 -8.883631e-16 4.516662e-14
3.500000e-03 -2.903379e-05 1.134646e-02 1.765897e-14 4.596203e-14
3.600000e-03 -8.363312e-05 1.162799e-02 -9.150378e-15 4.718211e-14
3.700000e-03 -1.336997e-04 1.188393e-02 -8.390729e-15 4.289243e-14
3.800000e-03 -6.496322e-05 1.221710e-02 1.151964e-14 5.583654e-14
3.900000e-03 -1.368315e-04 1.267188e-02 -1.204450e-14 7.621757e-14
4.000000e-03 -1.200092e-04 1.302865e-02 2.819264e-15 5.979108e-14
4.100000e-03 -2.125889e-04 1.339871e-02 -1.551556e-14 6.202000e-14
4.200000e-03 -2.256147e-04 1.359440e-02 -2.183010e-15 3.279512e-14
4.300000e-03 -1.658769e-04 1.388696e-02 1.001154e-14 4.903040e-14
4.400000e-03 -1.476943e-04 1.416968e-02 3.047257e-15 4.738137e-14
4.500000e-03 -6.487963e-05 1.449196e-02 1.387902e-14 5.401200e-14
4.600000e-03 3.131160e-05 1.470219e-02 1.612082e-14 3.523320e-14
4.700000e-03 5.469731e-05 1.505933e-02 3.919243e-15 5.985346e-14
4.800000e-03 1.450158e-04 1.543073e-02 1.513660e-14 6.224287e-14
4.900000e-03 4.689312e-05 1.556721e-02 -1.644452e-14 2.287293e-14
5.000000e-03 1.103438e-04 1.588235e-02 1.063379e-14 5.281511e-14
5.100000e-03 1.731561e-04 1.608872e-02 1.052679e-14 3.458565e-14
5.200000e-03 1.407097e-04 1.644221e-02 -5.437739e-15 5.924174e-14
5.300000e-03 1.518173e-04 1.672230e-02 1.861542e-15 4.694148e-14
5.400000e-03 4.734511e-05 1.698800e-02 -1.750864e-14 4.452809e-14
5.500000e-03 7.651524e-05 1.727224e-02 4.888664e-15 4.763622e-14
5.600000e-03 3.726469e-05 1.744673e-02 -6.578056e-15 2.924315e-14
5.700000e-03 -6.926649e-05 1.776043e-02 -1.785371e-14 5.257357e-14
5.800000e-03 -1.366412e-04 1.800515e-02 -1.129143e-14 4.101342e-14
5.900000e-03 -1.758263e-05 1.830966e-02 1.995320e-14 5.103334e-14
6.000000e-03 -7.302065e-06 1.861954e-02 1.722934e-15 5.193303e-14
6.100000e-03 1.839105e-05 1.896169e-02 4.305946e-15 5.734152e-14
6.200000e-03 -2.439623e-05 1.938112e-02 -7.170781e-15 7.029254e-14
6.300000e-03 -5.382990e-05 1.957134e-02 -4.932829e-15 3.187887e-14
6.400000e-03 -6.372891e-05 1.982975e-02 -1.658990e-15 4.330675e-14
6.500000e-03 -8.001692e-05 2.011809e-02 -2.729731e-15 4.832364e-14
6.600000e-03 -6.580950e-05 2.046419e-02 2.381041e-15 5.800403e-14
6.700000e-03 -1.121827e-04 2.086736e-02 -7.771756e-15 6.756763e-14
6.800000e-03 -1.580034e-04 2.110980e-02 -7.679140e-15 4.063025e-14
6.900000e-03 -1.754430e-04 2.138028e-02 -2.922744e-15 4.533055e-14
7.000000e-03 -1.333467e-04 2.174831e-02 7.054980e-15 6.167919e-14
7.100000e-03 3.992579e-06 2.198833e-02 2.301689e-14 4.022419e-14
7.200000e-03 -3.555661e-06 2.227514e-02 -1.265020e-15 4.806819e-14
7.300000e-03 6.844896e-06 2.267890e-02 1.743044e-15 6.766636e-14
7.400000e-03 3.936323e-06 2.289923e-02 -4.874518e-16 3.692488e-14
7.500000e-03 1.172319e-04 2.326043e-02 1.898736e-14 6.053455e-14
7.600000e-03 1.503980e-04 2.343553e-02 5.558349e-15 2.934512e-14
7.700000e-03 1.454879e-04 2.387727e-02 -8.228797e-16 7.403158e-14
7.800000e-03 4.273591e-05 2.422969e-02 -1.722036e-14 5.906307e-14
7.900000e-03 1.158946e-04 2.458951e-02 1.226077e-14 6.030181e-14
8.000000e-03 1.260306e-04 2.499815e-02 1.698703e-15 6.848551e-14
8.100000e-03 1.864714e-04 2.534855e-02 1.012936e-14 5.872404e-14
8.200000e-03 2.132754e-04 2.564396e-02 4.492116e-15 4.950813e-14
8.300000e-03 1.639600e-04 2.597135e-02 -8.264828e-15 5.486773e-14
8.400000e-03 1.675095e-04 2.628603e-02 5.948606e-16 5.273744e-14
8.500000e-03 1.079453e-04 2.664597e-02 -9.982443e-15 6.032299e-14
8.600000e-03 2.158923e-04 2.706073e-02 1.809099e-14 6.950979e-14
8.700000e-03 1.921079e-04 2.742869e-02 -3.986063e-15 6.166679e-14
8.800000e-03 2.536886e-04 2.778960e-02 1.032040e-14 6.048534e-14
8.900000e-03 9.157781e-05 2.802701e-02 -2.716838e-14 3.978790e-14
9.000000e-03 3.929058e-05 2.836688e-02 -8.762891e-15 5.696008e-14
9.100000e-03 1.041233e-04 2.863686e-02 1.086541e-14 4.524492e-14
9.200000e-03 1.184888e-04 2.893086e-02 2.407523e-15 4.927241e-14
9.300000e-03 1.703627e-04 2.925347e-02 8.693621e-15 5.406749e-14
9.400000e-03 1.990466e-04 2.960583e-02 4.807181e-15 5.905234e-14
9.500000e-03 1.326242e-04 2.997183e-02 -1.113182e-14 6.133771e-14
9.600000e-03 1.201086e-04 3.025911e-02 -2.097520e-15 4.814621e-14
9.700000e-03 8.644465e-05 3.044744e-02 -5.641783e-15 3.156285e-14
9.800000e-03 1.699587e-04 3.086571e-02 1.399623e-14 7.009706e-14
9.900000e-03 2.233862e-04 3.120365e-02 8.954002e-15 5.663654e-14
1.000000e-02 2.188416e-04 3.150911e-02 -7.616420e-16 5.119201e-14
1.010000e-02 2.429239e-04 3.172120e-02 4.035993e-15 3.554474e-14
