Iteration# z ADDATime OurCalcTime
1.0000000000 -0.0500000000 0.0000000000 38.6500000000
2.0000000000 0.0000000000 0.0000000000 40.7100000000
3.0000000000 0.0500000000 0.0000000000 40.9200000000
4.0000000000 0.0250000000 0.0100000000 40.4600000000
5.0000000000 0.0125000000 0.0000000000 40.7200000000
6.0000000000 0.0062500000 0.0100000000 40.5500000000
7.0000000000 0.0031250000 0.0000000000 40.9400000000
8.0000000000 0.0015625000 0.0000000000 40.3900000000
9.0000000000 0.0007812500 0.0000000000 39.8100000000
10.0000000000 0.0015625000 0.0000000000 40.4100000000
11.0000000000 0.0011718750 0.0000000000 40.2000000000
12.0000000000 0.0009765625 0.0100000000 39.8800000000
13.0000000000 0.0008789063 0.0000000000 39.6600000000
14.0000000000 0.0008300781 0.0000000000 39.9800000000
15.0000000000 0.0008789063 0.0000000000 40.0000000000
16.0000000000 0.0008544922 0.0000000000 39.9600000000
17.0000000000 0.0008789063 0.0000000000 40.4600000000
18.0000000000 0.0008666992 0.0000000000 40.3100000000
19.0000000000 0.0008789063 0.0000000000 40.7100000000
20.0000000000 0.0008728027 0.0000000000 39.5000000000
