-3.900000e+00 -5.030013e-33 5.630754e-15 3.845084e-15
-3.800000e+00 -8.603969e-33 8.373666e-15 6.574804e-15
-3.700000e+00 6.618438e-33 1.195627e-14 1.078019e-14
-3.600000e+00 1.217793e-32 1.641356e-14 1.698822e-14
-3.500000e+00 -2.965060e-32 2.169012e-14 2.578464e-14
-3.400000e+00 -1.609604e-31 2.762107e-14 3.776630e-14
-3.300000e+00 -8.641032e-31 3.392676e-14 5.347489e-14
-3.200000e+00 5.082960e-32 4.022626e-14 7.331895e-14
-3.100000e+00 0.000000e+00 4.606990e-14 9.749399e-14
-3.000000e+00 -4.506425e-28 5.098727e-14 1.259128e-13
-2.900000e+00 -3.812220e-30 5.454231e-14 1.581613e-13
-2.800000e+00 -5.930120e-32 5.638706e-14 1.934827e-13
-2.700000e+00 5.506540e-31 5.630158e-14 2.308037e-13
-2.600000e+00 -1.355456e-31 5.421403e-14 2.687941e-13
-2.500000e+00 2.456764e-31 5.019734e-14 3.059548e-13
-2.400000e+00 -1.694320e-31 4.444475e-14 3.407232e-13
-2.300000e+00 -1.355456e-31 3.723152e-14 3.715803e-13
-2.200000e+00 -1.694320e-32 2.887260e-14 3.971506e-13
-2.100000e+00 -1.059628e-28 1.968620e-14 4.162846e-13
-2.000000e+00 2.710912e-31 9.971055e-15 4.281204e-13
-1.900000e+00 1.823088e-29 -4.224790e-20 4.321258e-13
-1.800000e+00 1.537358e-27 -9.971238e-15 4.281206e-13
-1.700000e+00 -3.219208e-31 -1.968662e-14 4.162847e-13
-1.600000e+00 4.066368e-31 -2.887323e-14 3.971505e-13
-1.500000e+00 9.013783e-30 -3.723210e-14 3.715797e-13
-1.400000e+00 0.000000e+00 -4.444474e-14 3.407223e-13
-1.300000e+00 1.186024e-31 -5.019597e-14 3.059540e-13
-1.200000e+00 6.268984e-31 -5.421032e-14 2.687944e-13
-1.100000e+00 -1.694320e-32 -5.629433e-14 2.308071e-13
-1.000000e+00 3.388640e-32 -5.637463e-14 1.934917e-13
-9.000000e-01 6.861996e-31 -5.452179e-14 1.581794e-13
-8.000000e-01 -3.812220e-32 -5.095242e-14 1.259451e-13
-7.000000e-01 8.471600e-33 -4.600791e-14 9.754615e-14
-6.000000e-01 1.482530e-31 -4.011050e-14 7.340237e-14
-5.000000e-01 1.728206e-30 -3.370660e-14 5.361034e-14
-4.000000e-01 5.294750e-32 -2.720705e-14 3.799420e-14
-3.000000e-01 -6.353700e-33 -2.093328e-14 2.618406e-14
-2.000000e-01 4.500538e-32 -1.508167e-14 1.770629e-14
-1.000000e-01 4.182853e-32 -9.708558e-15 1.207643e-14
2.414735e-15 -8.471600e-33 -4.739621e-15 8.882518e-15
1.000000e-01 2.647375e-33 1.104697e-29 7.849938e-15
2.000000e-01 -4.235800e-33 4.739621e-15 8.882518e-15
3.000000e-01 -1.853163e-33 9.708558e-15 1.207643e-14
4.000000e-01 3.706325e-32 1.508167e-14 1.770629e-14
5.000000e-01 1.484648e-30 2.093328e-14 2.618406e-14
6.000000e-01 -4.723129e-29 2.720705e-14 3.799420e-14
7.000000e-01 0.000000e+00 3.370660e-14 5.361034e-14
8.000000e-01 -9.318760e-32 4.011050e-14 7.340237e-14
9.000000e-01 -5.930120e-32 4.600791e-14 9.754615e-14
1.000000e+00 2.965060e-32 5.095242e-14 1.259451e-13
1.100000e+00 6.268984e-31 5.452179e-14 1.581794e-13
1.200000e+00 -5.082960e-32 5.637463e-14 1.934917e-13
1.300000e+00 6.777280e-32 5.629433e-14 2.308071e-13
1.400000e+00 -2.160258e-30 5.421032e-14 2.687944e-13
1.500000e+00 -2.456764e-31 5.019597e-14 3.059540e-13
1.600000e+00 1.694320e-32 4.444474e-14 3.407223e-13
1.700000e+00 -3.558072e-31 3.723210e-14 3.715797e-13
1.800000e+00 -8.471600e-32 2.887323e-14 3.971505e-13
1.900000e+00 6.777280e-32 1.968662e-14 4.162847e-13
2.000000e+00 1.863752e-31 9.971238e-15 4.281206e-13
2.100000e+00 -1.355456e-31 4.224790e-20 4.321258e-13
2.200000e+00 7.116144e-31 -9.971055e-15 4.281204e-13
2.300000e+00 2.202616e-31 -1.968620e-14 4.162846e-13
2.400000e+00 2.033184e-31 -2.887260e-14 3.971506e-13
2.500000e+00 1.694320e-31 -3.723152e-14 3.715803e-13
2.600000e+00 1.016592e-31 -4.444475e-14 3.407232e-13
2.700000e+00 -5.082960e-32 -5.019734e-14 3.059548e-13
2.800000e+00 -5.082960e-32 -5.421403e-14 2.687941e-13
2.900000e+00 5.252392e-31 -5.630158e-14 2.308037e-13
3.000000e+00 8.471600e-33 -5.638706e-14 1.934827e-13
3.100000e+00 -5.506540e-32 -5.454231e-14 1.581613e-13
3.200000e+00 -2.482179e-29 -5.098727e-14 1.259128e-13
3.300000e+00 -2.541480e-32 -4.606990e-14 9.749399e-14
3.400000e+00 8.471600e-33 -4.022626e-14 7.331895e-14
3.500000e+00 -5.612435e-32 -3.392676e-14 5.347489e-14
3.600000e+00 -3.960473e-30 -2.762107e-14 3.776630e-14
3.700000e+00 3.070955e-32 -2.169012e-14 2.578464e-14
3.800000e+00 -1.863752e-31 -1.641356e-14 1.698822e-14
3.900000e+00 3.176850e-33 -1.195627e-14 1.078019e-14
4.000000e+00 1.959058e-32 -8.373666e-15 6.574804e-15
