-4.963235e-21 -2.008429e-20 -7.150127e-20 -2.247045e-19 -6.150755e-19 -1.437072e-18 -2.791517e-18 -4.346210e-18 -5.109236e-18 -3.935327e-18 -7.551804e-19 2.860926e-18 4.937603e-18 4.836034e-18 3.428683e-18 1.904696e-18 8.663333e-19 3.328162e-19 1.106038e-19 3.236118e-20 8.374248e-21
-2.125211e-20 -8.937944e-20 -3.381154e-19 -1.137457e-18 -3.332958e-18 -8.274111e-18 -1.682764e-17 -2.696888e-17 -3.218705e-17 -2.495430e-17 -4.797524e-18 1.817528e-17 3.122810e-17 3.021995e-17 2.090649e-17 1.114959e-17 4.791917e-18 1.722368e-18 5.345624e-19 1.467760e-19 3.621994e-20
-7.989679e-20 -3.566459e-19 -1.448408e-18 -5.242639e-18 -1.638372e-17 -4.250097e-17 -8.822371e-17 -1.417487e-16 -1.680419e-16 -1.292047e-16 -2.463918e-17 9.407092e-17 1.625644e-16 1.583857e-16 1.096474e-16 5.767894e-17 2.393286e-17 8.122798e-18 2.349283e-18 6.005672e-19 1.390349e-19
-2.661289e-19 -1.271354e-18 -5.555518e-18 -2.148617e-17 -7.011708e-17 -1.845655e-16 -3.800507e-16 -5.982071e-16 -6.926951e-16 -5.225550e-16 -9.821796e-17 3.796100e-16 6.649144e-16 6.616809e-16 4.681605e-16 2.496664e-16 1.031272e-16 3.392005e-17 9.256930e-18 2.203256e-18 4.756553e-19
-7.827693e-19 -4.003243e-18 -1.869743e-17 -7.575689e-17 -2.510593e-16 -6.532411e-16 -1.307382e-15 -1.985542e-15 -2.220527e-15 -1.630924e-15 -3.006748e-16 1.180672e-15 2.108159e-15 2.164311e-15 1.587180e-15 8.744385e-16 3.685345e-16 1.208741e-16 3.188951e-17 7.145414e-18 1.440004e-18
-2.013888e-18 -1.096586e-17 -5.393302e-17 -2.236174e-16 -7.359383e-16 -1.861951e-15 -3.579861e-15 -5.197209e-15 -5.567932e-15 -3.955624e-15 -7.117640e-16 2.851144e-15 5.215874e-15 5.566722e-15 4.269572e-15 2.456412e-15 1.071669e-15 3.576372e-16 9.343154e-17 2.008622e-17 3.809316e-18
-4.480169e-18 -2.571086e-17 -1.308151e-16 -5.448576e-16 -1.758119e-15 -4.293141e-15 -7.889868e-15 -1.089440e-14 -1.111167e-14 -7.587192e-15 -1.325042e-15 5.440398e-15 1.024957e-14 1.144475e-14 9.231002e-15 5.572266e-15 2.531405e-15 8.682008e-16 2.282648e-16 4.798357e-17 8.677435e-18
-8.519732e-18 -5.088045e-17 -2.637822e-16 -1.092075e-15 -3.440181e-15 -8.104220e-15 -1.424422e-14 -1.869154e-14 -1.808343e-14 -1.179970e-14 -1.988004e-15 8.409795e-15 1.639829e-14 1.924440e-14 1.635084e-14 1.035046e-14 4.892940e-15 1.727972e-15 4.606353e-16 9.597956e-17 1.679028e-17
-1.370978e-17 -8.412844e-17 -4.399318e-16 -1.804027e-15 -5.559161e-15 -1.269782e-14 -2.147167e-14 -2.690404e-14 -2.472681e-14 -1.538322e-14 -2.489319e-15 1.089151e-14 2.203821e-14 2.718100e-14 2.423308e-14 1.598990e-14 7.818448e-15 2.832003e-15 7.659346e-16 1.593569e-16 2.730174e-17
-1.852242e-17 -1.154835e-16 -6.058118e-16 -2.464236e-15 -7.475490e-15 -1.671150e-14 -2.749399e-14 -3.328928e-14 -2.937277e-14 -1.753878e-14 -2.733432e-15 1.234496e-14 2.580438e-14 3.314377e-14 3.064660e-14 2.083054e-14 1.042562e-14 3.842633e-15 1.050300e-15 2.187171e-16 3.704139e-17
-2.090320e-17 -1.311431e-16 -6.885394e-16 -2.790445e-15 -8.408501e-15 -1.862573e-14 -3.028004e-14 -3.609769e-14 -3.123311e-14 -1.825922e-14 -2.784056e-15 1.281616e-14 2.724005e-14 3.569018e-14 3.356070e-14 2.310846e-14 1.167863e-14 4.334586e-15 1.189613e-15 2.477858e-16 4.176967e-17
-1.966141e-17 -1.230196e-16 -6.457495e-16 -2.621936e-15 -7.926942e-15 -1.763700e-14 -2.883019e-14 -3.459554e-14 -3.015799e-14 -1.775698e-14 -2.715254e-15 1.248876e-14 2.636652e-14 3.428590e-14 3.202079e-14 2.191812e-14 1.102038e-14 4.072465e-15 1.113951e-15 2.316623e-16 3.910026e-17
-1.542442e-17 -9.535149e-17 -4.995663e-16 -2.042429e-15 -6.254586e-15 -1.415926e-14 -2.365230e-14 -2.914325e-14 -2.620191e-14 -1.590669e-14 -2.486823e-15 1.125606e-14 2.315065e-14 2.918445e-14 2.650893e-14 1.772981e-14 8.746761e-15 3.184040e-15 8.621287e-16 1.788112e-16 3.041498e-17
-1.013011e-17 -6.120594e-17 -3.187232e-16 -1.315694e-15 -4.111513e-15 -9.568990e-15 -1.653710e-14 -2.120654e-14 -1.992635e-14 -1.260314e-14 -2.025765e-15 8.990910e-15 1.786256e-14 2.155879e-14 1.879024e-14 1.212532e-14 5.805458e-15 2.064240e-15 5.507194e-16 1.140824e-16 1.972632e-17
-5.607346e-18 -3.270000e-17 -1.678200e-16 -6.984277e-16 -2.235464e-15 -5.382937e-15 -9.692868e-15 -1.301511e-14 -1.282338e-14 -8.447399e-15 -1.389956e-15 6.078199e-15 1.166716e-14 1.344877e-14 1.118658e-14 6.916834e-15 3.192548e-15 1.103514e-15 2.899189e-16 6.034675e-17 1.073347e-17
-2.640865e-18 -1.466842e-17 -7.318397e-17 -3.046372e-16 -9.967423e-16 -2.486220e-15 -4.672172e-15 -6.568892e-15 -6.766465e-15 -4.617798e-15 -7.715300e-16 3.351638e-15 6.239919e-15 6.892135e-15 5.474058e-15 3.238354e-15 1.438490e-15 4.836077e-16 1.258342e-16 2.664519e-17 4.946064e-18
-1.070338e-18 -5.597084e-18 -2.667241e-17 -1.092845e-16 -3.619420e-16 -9.302378e-16 -1.817443e-15 -2.663504e-15 -2.851035e-15 -2.002271e-15 -3.366831e-16 1.466360e-15 2.659894e-15 2.830999e-15 2.156506e-15 1.224758e-15 5.257922e-16 1.732895e-16 4.529553e-17 9.940285e-18 1.954146e-18
-3.778302e-19 -1.846529e-18 -8.262830e-18 -3.256538e-17 -1.070482e-16 -2.796197e-16 -5.623556e-16 -8.518186e-16 -9.399761e-16 -6.746325e-16 -1.131282e-16 4.988110e-16 8.854264e-16 9.142625e-16 6.729780e-16 3.701132e-16 1.553791e-16 5.109234e-17 1.373027e-17 3.189038e-18 6.711137e-19
-1.174175e-19 -5.354104e-19 -2.227087e-18 -8.249738e-18 -2.617245e-17 -6.784291e-17 -1.379656e-16 -2.131225e-16 -2.399517e-16 -1.746617e-16 -2.892827e-17 1.304615e-16 2.276614e-16 2.299941e-16 1.654932e-16 8.952391e-17 3.755542e-17 1.266494e-17 3.594431e-18 8.972625e-19 2.029247e-19
-3.231881e-20 -1.382191e-19 -5.341148e-19 -1.836317e-18 -5.475506e-18 -1.365749e-17 -2.734505e-17 -4.221827e-17 -4.780943e-17 -3.496956e-17 -5.672292e-18 2.637380e-17 4.553035e-17 4.554120e-17 3.260763e-17 1.778015e-17 7.682399e-18 2.737111e-18 8.354684e-19 2.249774e-19 5.450831e-20
-7.843429e-21 -3.197556e-20 -1.156178e-19 -3.695021e-19 -1.024549e-18 -2.401620e-18 -4.602694e-18 -6.927693e-18 -7.747838e-18 -5.631847e-18 -8.928577e-19 4.274328e-18 7.370426e-18 7.420096e-18 5.411597e-18 3.059345e-18 1.397997e-18 5.343969e-19 1.756747e-19 5.073107e-20 1.300908e-20
