0.0000000000 0.0000000000 -1.0000000000 0.0000000000 0.0000000000 0.0000000070
0.0000000000 0.0000000000 -0.9500000000 0.0000000000 0.0000000000 0.0000000089
0.0000000000 0.0000000000 -0.9000000000 0.0000000000 -0.0000000000 0.0000000091
0.0000000000 0.0000000000 -0.8500000000 0.0000000000 -0.0000000000 0.0000000098
0.0000000000 0.0000000000 -0.8000000000 -0.0000000000 -0.0000000000 0.0000000107
0.0000000000 0.0000000000 -0.7500000000 -0.0000000000 -0.0000000000 0.0000000111
0.0000000000 0.0000000000 -0.7000000000 -0.0000000000 0.0000000000 0.0000000102
0.0000000000 0.0000000000 -0.6500000000 0.0000000000 -0.0000000000 0.0000000093
0.0000000000 0.0000000000 -0.6000000000 0.0000000000 0.0000000000 0.0000000088
0.0000000000 0.0000000000 -0.5500000000 0.0000000000 0.0000000000 0.0000000089
0.0000000000 0.0000000000 -0.5000000000 0.0000000000 -0.0000000000 0.0000000084
0.0000000000 0.0000000000 -0.4500000000 0.0000000000 0.0000000000 0.0000000074
0.0000000000 0.0000000000 -0.4000000000 0.0000000000 -0.0000000000 0.0000000063
0.0000000000 0.0000000000 -0.3500000000 -0.0000000000 -0.0000000000 0.0000000056
0.0000000000 0.0000000000 -0.3000000000 0.0000000000 0.0000000000 0.0000000049
0.0000000000 0.0000000000 -0.2500000000 0.0000000000 0.0000000000 0.0000000042
0.0000000000 0.0000000000 -0.2000000000 -0.0000000000 0.0000000000 0.0000000029
0.0000000000 0.0000000000 -0.1500000000 -0.0000000000 0.0000000000 0.0000000020
0.0000000000 0.0000000000 -0.1000000000 0.0000000000 0.0000000000 0.0000000019
0.0000000000 0.0000000000 -0.0500000000 0.0000000000 -0.0000000000 0.0000000012
0.0000000000 0.0000000000 0.0000000000 0.0000000000 0.0000000000 0.0000000003
0.0000000000 0.0000000000 0.0500000000 -0.0000000000 -0.0000000000 -0.0000000004
0.0000000000 0.0000000000 0.1000000000 0.0000000000 -0.0000000000 -0.0000000009
0.0000000000 0.0000000000 0.1500000000 -0.0000000000 0.0000000000 -0.0000000011
0.0000000000 0.0000000000 0.2000000000 0.0000000000 0.0000000000 -0.0000000022
0.0000000000 0.0000000000 0.2500000000 -0.0000000000 0.0000000000 -0.0000000034
0.0000000000 0.0000000000 0.3000000000 -0.0000000000 0.0000000000 -0.0000000041
0.0000000000 0.0000000000 0.3500000000 0.0000000000 0.0000000000 -0.0000000049
0.0000000000 0.0000000000 0.4000000000 -0.0000000000 0.0000000000 -0.0000000056
0.0000000000 0.0000000000 0.4500000000 -0.0000000000 -0.0000000000 -0.0000000069
0.0000000000 0.0000000000 0.5000000000 0.0000000000 -0.0000000000 -0.0000000082
0.0000000000 0.0000000000 0.5500000000 -0.0000000000 0.0000000000 -0.0000000087
0.0000000000 0.0000000000 0.6000000000 0.0000000000 -0.0000000000 -0.0000000084
0.0000000000 0.0000000000 0.6500000000 0.0000000000 0.0000000000 -0.0000000092
0.0000000000 0.0000000000 0.7000000000 -0.0000000000 -0.0000000000 -0.0000000102
0.0000000000 0.0000000000 0.7500000000 0.0000000000 0.0000000000 -0.0000000111
0.0000000000 0.0000000000 0.8000000000 0.0000000000 0.0000000000 -0.0000000115
0.0000000000 0.0000000000 0.8500000000 -0.0000000000 -0.0000000000 -0.0000000111
0.0000000000 0.0000000000 0.9000000000 -0.0000000000 0.0000000000 -0.0000000106
0.0000000000 0.0000000000 0.9500000000 0.0000000000 0.0000000000 -0.0000000101
0.0000000000 0.0000000000 1.0000000000 -0.0000000000 0.0000000000 -0.0000000075
0.0000000000 0.0000000000 1.0500000000 0.0000000000 0.0000000000 -0.0000000035
0.0000000000 0.0000000000 1.1000000000 -0.0000000000 0.0000000000 -0.0000000010
0.0000000000 0.0000000000 1.1500000000 0.0000000000 -0.0000000000 -0.0000000001
0.0000000000 0.0000000000 1.2000000000 0.0000000000 -0.0000000000 0.0000000002
0.0000000000 0.0000000000 1.2500000000 -0.0000000000 0.0000000000 0.0000000002
0.0000000000 0.0000000000 1.3000000000 0.0000000000 -0.0000000000 0.0000000002
0.0000000000 0.0000000000 1.3500000000 -0.0000000000 -0.0000000000 0.0000000002
0.0000000000 0.0000000000 1.4000000000 -0.0000000000 -0.0000000000 0.0000000002
0.0000000000 0.0000000000 1.4500000000 0.0000000000 -0.0000000000 0.0000000002
0.0000000000 0.0000000000 1.5000000000 0.0000000000 0.0000000000 0.0000000002
0.0000000000 0.0000000000 1.5500000000 -0.0000000000 0.0000000000 0.0000000002
0.0000000000 0.0000000000 1.6000000000 0.0000000000 -0.0000000000 0.0000000002
0.0000000000 0.0000000000 1.6500000000 -0.0000000000 0.0000000000 0.0000000001
0.0000000000 0.0000000000 1.7000000000 0.0000000000 -0.0000000000 0.0000000001
0.0000000000 0.0000000000 1.7500000000 0.0000000000 -0.0000000000 0.0000000001
0.0000000000 0.0000000000 1.8000000000 0.0000000000 -0.0000000000 0.0000000001
0.0000000000 0.0000000000 1.8500000000 0.0000000000 -0.0000000000 0.0000000001
0.0000000000 0.0000000000 1.9000000000 -0.0000000000 0.0000000000 0.0000000001
0.0000000000 0.0000000000 1.9500000000 0.0000000000 -0.0000000000 0.0000000001
