dpl Lambda(micro m) RefractiveIndex ParticleDiameter(micro m) CorrectionFactor
15.0000000000 1.0000000000 1.5000000000 2.0000000000 0.3141289631
15.0000000000 1.0000000000 1.5000000000 2.0000000000 0.3141289631
15.0000000000 1.0000000000 1.5000000000 2.0000000000 0.3141289631
15.0000000000 1.0000000000 1.5000000000 2.0000000000 0.3141289631
15.0000000000 1.0000000000 1.5000000000 2.0000000000 0.3141289631
15.0000000000 1.0000000000 1.5000000000 2.0000000000 0.3141289631
15.0000000000 1.0000000000 1.5000000000 2.0000000000 0.3141289631
15.0000000000 1.0000000000 1.5000000000 2.0000000000 0.3141289631
15.0000000000 1.0000000000 1.5000000000 2.0000000000 0.3141289631
15.0000000000 1.0000000000 1.5000000000 2.0000000000 0.3141289631
15.0000000000 1.0000000000 1.5000000000 2.0000000000 0.3141289631
15.0000000000 1.0000000000 1.5000000000 2.0000000000 0.3141289631
15.0000000000 1.0000000000 1.5000000000 2.0000000000 0.3141289631
15.0000000000 1.0000000000 1.5000000000 2.0000000000 0.3141289631
15.0000000000 1.0000000000 1.5000000000 2.0000000000 0.3141289631
15.0000000000 1.0000000000 1.5000000000 2.0000000000 0.3141289631
15.0000000000 1.0000000000 1.5000000000 2.0000000000 0.3141289631
15.0000000000 1.0000000000 1.5000000000 2.0000000000 0.3141289631
15.0000000000 1.0000000000 1.5000000000 2.0000000000 0.3141289631
15.0000000000 1.0000000000 1.5000000000 2.0000000000 0.3141289631
15.0000000000 1.0000000000 1.5000000000 2.0000000000 0.3141289631
15.0000000000 1.0000000000 1.5000000000 2.0000000000 0.3141289631
15.0000000000 1.0000000000 1.5000000000 2.0000000000 0.3141289631
15.0000000000 1.0000000000 1.5000000000 2.0000000000 0.3141289631
15.0000000000 1.0000000000 1.5000000000 2.0000000000 0.3141289631
15.0000000000 1.0000000000 1.5000000000 2.0000000000 0.3141289631
15.0000000000 1.0000000000 1.5000000000 2.0000000000 0.3141289631
15.0000000000 1.0000000000 1.5000000000 2.0000000000 0.3141289631
15.0000000000 1.0000000000 1.5000000000 2.0000000000 0.3141289631
15.0000000000 1.0000000000 1.5000000000 2.0000000000 0.3141289631
15.0000000000 1.0000000000 1.5000000000 2.0000000000 0.3141289631
15.0000000000 1.0000000000 1.5000000000 2.0000000000 0.3141289631
15.0000000000 1.0000000000 1.5000000000 2.0000000000 0.3141289631
15.0000000000 1.0000000000 1.5000000000 2.0000000000 0.3141289631
15.0000000000 1.0000000000 1.5000000000 2.0000000000 0.3141289631
15.0000000000 1.0000000000 1.5000000000 2.0000000000 0.3141289631
15.0000000000 1.0000000000 1.5000000000 2.0000000000 0.3141289631
15.0000000000 1.0000000000 1.5000000000 2.0000000000 0.3141289631
15.0000000000 1.0000000000 1.5000000000 2.0000000000 0.3141289631
15.0000000000 1.0000000000 1.5000000000 2.0000000000 0.3141289631
15.0000000000 1.0000000000 1.5000000000 2.0000000000 0.3141289631
15.0000000000 1.0000000000 1.5000000000 2.0000000000 0.3141289631
15.0000000000 1.0000000000 1.5000000000 2.0000000000 0.3141289631
15.0000000000 1.0000000000 1.5000000000 2.0000000000 0.3141289631
15.0000000000 1.0000000000 1.5000000000 2.0000000000 0.3141289631
15.0000000000 1.0000000000 1.5000000000 2.0000000000 0.3141289631
15.0000000000 1.0000000000 1.5000000000 2.0000000000 0.3141289631
15.0000000000 1.0000000000 1.5000000000 2.0000000000 0.3141289631
15.0000000000 1.0000000000 1.5000000000 2.0000000000 0.3141289631
15.0000000000 1.0000000000 1.5000000000 2.0000000000 0.3141289631
15.0000000000 1.0000000000 1.5000000000 2.0000000000 0.3141289631
15.0000000000 1.0000000000 1.5000000000 2.0000000000 0.3141289631
15.0000000000 1.0000000000 1.5000000000 2.0000000000 0.3141289631
15.0000000000 1.0000000000 1.5000000000 2.0000000000 0.3141289631
15.0000000000 1.0000000000 1.5000000000 2.0000000000 0.3141289631
15.0000000000 1.0000000000 1.5000000000 2.0000000000 0.3141289631
15.0000000000 1.0000000000 1.5000000000 2.0000000000 0.3141289631
15.0000000000 1.0000000000 1.5000000000 2.0000000000 0.3141289631
15.0000000000 1.0000000000 1.5000000000 2.0000000000 0.3141289631
15.0000000000 1.0000000000 1.5000000000 2.0000000000 0.3141289631
15.0000000000 1.0000000000 1.5000000000 2.0000000000 0.3141289631
15.0000000000 1.0000000000 1.5000000000 2.0000000000 0.3141289631
15.0000000000 1.0000000000 1.5000000000 2.0000000000 0.3141289631
15.0000000000 1.0000000000 1.5000000000 2.0000000000 0.3141289631
15.0000000000 1.0000000000 1.5000000000 2.0000000000 0.3141289631
15.0000000000 1.0000000000 1.5000000000 2.0000000000 0.3141289631
15.0000000000 1.0000000000 1.5000000000 2.0000000000 0.3141289631
15.0000000000 1.0000000000 1.5000000000 2.0000000000 0.3141289631
15.0000000000 1.0000000000 1.5000000000 2.0000000000 0.3141289631
15.0000000000 1.0000000000 1.5000000000 2.0000000000 0.3141289631
15.0000000000 1.0000000000 1.5000000000 2.0000000000 0.3141289631
15.0000000000 1.0000000000 1.5000000000 2.0000000000 0.3141289631
15.0000000000 1.0000000000 1.5000000000 2.0000000000 0.3141289631
15.0000000000 1.0000000000 1.5000000000 2.0000000000 0.3141289631
15.0000000000 1.0000000000 1.5000000000 2.0000000000 0.3141289631
15.0000000000 1.0000000000 1.5000000000 2.0000000000 0.3141289631
15.0000000000 1.0000000000 1.5000000000 2.0000000000 0.3141289631
15.0000000000 1.0000000000 1.5000000000 2.0000000000 0.3141289631
15.0000000000 1.0000000000 1.5000000000 2.0000000000 0.3141289631
15.0000000000 1.0000000000 1.5000000000 2.0000000000 0.3141289631
15.0000000000 1.0000000000 1.5000000000 2.0000000000 0.3141289631
15.0000000000 1.0000000000 1.5000000000 2.0000000000 0.3141289631
15.0000000000 1.0000000000 1.5000000000 2.0000000000 0.3141289631
15.0000000000 1.0000000000 1.5000000000 2.0000000000 0.3141289631
15.0000000000 1.0000000000 1.5000000000 2.0000000000 0.3141289631
15.0000000000 1.0000000000 1.5000000000 2.0000000000 0.3141289631
15.0000000000 1.0000000000 1.5000000000 2.0000000000 0.3141289631
15.0000000000 1.0000000000 1.5000000000 2.0000000000 0.3141289631
15.0000000000 1.0000000000 1.5000000000 2.0000000000 0.3141289631
15.0000000000 1.0000000000 1.5000000000 2.0000000000 0.3141289631
15.0000000000 1.0000000000 1.5000000000 2.0000000000 0.3141289631
15.0000000000 1.0000000000 1.5000000000 2.0000000000 0.3141289631
15.0000000000 1.0000000000 1.5000000000 2.0000000000 0.3141289631
15.0000000000 1.0000000000 1.5000000000 2.0000000000 0.3141289631
15.0000000000 1.0000000000 1.5000000000 2.0000000000 0.3141289631
15.0000000000 1.0000000000 1.5000000000 2.0000000000 0.3141289631
15.0000000000 1.0000000000 1.5000000000 2.0000000000 0.3141289631
15.0000000000 1.0000000000 1.5000000000 2.0000000000 0.3141289631
15.0000000000 1.0000000000 1.5000000000 2.0000000000 0.3141289631
15.0000000000 1.0000000000 1.5000000000 2.0000000000 0.3141289631
