0.000000e+00 0.000000e+00 -1.000000e+00 -6.063081e-13 -1.072094e-12 6.915459e-12
0.000000e+00 0.000000e+00 -9.500000e-01 -1.053879e-12 -2.059074e-12 1.485515e-11
0.000000e+00 0.000000e+00 -9.000000e-01 -1.617974e-12 -3.649200e-12 3.028168e-11
0.000000e+00 0.000000e+00 -8.500000e-01 -2.035512e-12 -5.685813e-12 5.622179e-11
0.000000e+00 0.000000e+00 -8.000000e-01 -1.910616e-12 -7.294256e-12 8.938150e-11
0.000000e+00 0.000000e+00 -7.500000e-01 -1.314140e-12 -7.181879e-12 1.109046e-10
0.000000e+00 0.000000e+00 -7.000000e-01 -9.321511e-13 -5.652670e-12 9.227449e-11
0.000000e+00 0.000000e+00 -6.500000e-01 -8.550953e-13 -5.049237e-12 3.533010e-11
0.000000e+00 0.000000e+00 -6.000000e-01 -7.842999e-13 -4.651860e-12 -1.393594e-11
0.000000e+00 0.000000e+00 -5.500000e-01 -7.241811e-13 -4.388203e-12 -3.450302e-11
0.000000e+00 0.000000e+00 -5.000000e-01 -6.763855e-13 -4.034519e-12 -3.813667e-11
0.000000e+00 0.000000e+00 -4.500000e-01 -6.110495e-13 -3.729403e-12 -3.503422e-11
0.000000e+00 0.000000e+00 -4.000000e-01 -5.671681e-13 -3.410217e-12 -2.676782e-11
0.000000e+00 0.000000e+00 -3.500000e-01 -5.151972e-13 -3.099286e-12 -6.120941e-12
0.000000e+00 0.000000e+00 -3.000000e-01 -4.047186e-13 -2.281127e-12 4.040853e-11
0.000000e+00 0.000000e+00 -2.500000e-01 1.227243e-13 -8.689021e-13 1.060455e-10
0.000000e+00 0.000000e+00 -2.000000e-01 7.564112e-13 -1.060007e-12 1.281361e-10
0.000000e+00 0.000000e+00 -1.500000e-01 6.316680e-13 -3.667397e-12 7.677942e-11
0.000000e+00 0.000000e+00 -1.000000e-01 -2.401943e-13 -6.504994e-12 1.868981e-12
0.000000e+00 0.000000e+00 -5.000000e-02 -1.235548e-12 -8.368359e-12 -5.031294e-11
0.000000e+00 0.000000e+00 3.191891e-16 -1.947299e-12 -9.045245e-12 -7.306247e-11
0.000000e+00 0.000000e+00 5.000000e-02 -2.265485e-12 -8.911751e-12 -7.744375e-11
0.000000e+00 0.000000e+00 1.000000e-01 -2.301152e-12 -8.214547e-12 -7.360326e-11
0.000000e+00 0.000000e+00 1.500000e-01 -2.167845e-12 -7.314917e-12 -6.679140e-11
0.000000e+00 0.000000e+00 2.000000e-01 -1.966887e-12 -6.196070e-12 -5.871801e-11
0.000000e+00 0.000000e+00 2.500000e-01 -1.692107e-12 -5.231126e-12 -4.924458e-11
0.000000e+00 0.000000e+00 3.000000e-01 -1.439591e-12 -4.570045e-12 -3.935808e-11
0.000000e+00 0.000000e+00 3.500000e-01 -1.232203e-12 -4.020393e-12 -3.170806e-11
0.000000e+00 0.000000e+00 4.000000e-01 -1.070432e-12 -3.420928e-12 -2.672003e-11
0.000000e+00 0.000000e+00 4.500000e-01 -9.145023e-13 -2.857929e-12 -2.345692e-11
0.000000e+00 0.000000e+00 5.000000e-01 -7.555588e-13 -2.387067e-12 -2.113985e-11
0.000000e+00 0.000000e+00 5.500000e-01 -6.045683e-13 -1.998958e-12 -1.932222e-11
0.000000e+00 0.000000e+00 6.000000e-01 -4.756431e-13 -1.661931e-12 -1.760239e-11
0.000000e+00 0.000000e+00 6.500000e-01 -3.637986e-13 -1.359962e-12 -1.524348e-11
0.000000e+00 0.000000e+00 7.000000e-01 -2.588664e-13 -1.091424e-12 -1.136011e-11
0.000000e+00 0.000000e+00 7.500000e-01 -1.757816e-13 -8.320883e-13 -6.676840e-12
0.000000e+00 0.000000e+00 8.000000e-01 -1.061560e-13 -5.255913e-13 -3.164337e-12
0.000000e+00 0.000000e+00 8.500000e-01 -5.506798e-14 -2.724160e-13 -1.293052e-12
0.000000e+00 0.000000e+00 9.000000e-01 -2.548559e-14 -1.236861e-13 -4.761308e-13
0.000000e+00 0.000000e+00 9.500000e-01 -1.097137e-14 -5.194390e-14 -1.561952e-13
0.000000e+00 0.000000e+00 1.000000e+00 -4.517181e-15 -2.080524e-14 -3.844801e-14
0.000000e+00 0.000000e+00 1.050000e+00 -1.820008e-15 -8.049723e-15 2.808384e-15
0.000000e+00 0.000000e+00 1.100000e+00 -7.500712e-16 -3.017635e-15 1.624637e-14
0.000000e+00 0.000000e+00 1.150000e+00 -3.530436e-16 -1.104658e-15 1.987665e-14
0.000000e+00 0.000000e+00 1.200000e+00 -2.225053e-16 -4.175220e-16 2.020138e-14
0.000000e+00 0.000000e+00 1.250000e+00 -1.909057e-16 -1.973595e-16 1.951616e-14
0.000000e+00 0.000000e+00 1.300000e+00 -1.914043e-16 -1.456570e-16 1.860186e-14
0.000000e+00 0.000000e+00 1.350000e+00 -1.987096e-16 -1.478634e-16 1.770328e-14
0.000000e+00 0.000000e+00 1.400000e+00 -2.042647e-16 -1.620377e-16 1.688182e-14
0.000000e+00 0.000000e+00 1.450000e+00 -2.059795e-16 -1.743505e-16 1.614072e-14
0.000000e+00 0.000000e+00 1.500000e+00 -2.040546e-16 -1.814362e-16 1.546824e-14
0.000000e+00 0.000000e+00 1.550000e+00 -1.993359e-16 -1.834971e-16 1.485142e-14
0.000000e+00 0.000000e+00 1.600000e+00 -1.927079e-16 -1.816958e-16 1.427965e-14
0.000000e+00 0.000000e+00 1.650000e+00 -1.849040e-16 -1.772378e-16 1.374511e-14
0.000000e+00 0.000000e+00 1.700000e+00 -1.764754e-16 -1.711034e-16 1.324216e-14
0.000000e+00 0.000000e+00 1.750000e+00 -1.678132e-16 -1.640142e-16 1.276675e-14
0.000000e+00 0.000000e+00 1.800000e+00 -1.591838e-16 -1.564724e-16 1.231593e-14
0.000000e+00 0.000000e+00 1.850000e+00 -1.507609e-16 -1.488138e-16 1.188746e-14
0.000000e+00 0.000000e+00 1.900000e+00 -1.426526e-16 -1.412553e-16 1.147959e-14
0.000000e+00 0.000000e+00 1.950000e+00 -1.349211e-16 -1.339309e-16 1.109088e-14
