6.624569e-27 7.218265e-26 5.117913e-25 2.441862e-24 8.241346e-24 2.041498e-23 3.806011e-23 5.427808e-23 5.977128e-23 5.102938e-23 3.380313e-23 1.743766e-23 7.177085e-24 2.554983e-24 8.931335e-25 3.010624e-25 7.130224e-26 3.518653e-28 -7.483415e-27 -3.087145e-27 -6.874211e-28
4.036715e-26 3.897824e-25 2.448303e-24 1.060634e-23 3.320608e-23 7.759567e-23 1.383135e-22 1.906998e-22 2.049558e-22 1.722455e-22 1.133805e-22 5.903915e-23 2.540950e-23 1.008036e-23 4.035287e-24 1.393370e-24 2.078987e-25 -1.312608e-25 -1.098593e-25 -4.102869e-26 -9.273936e-27
1.884394e-25 1.584433e-24 8.901032e-24 3.535774e-23 1.034292e-22 2.290977e-22 3.915268e-22 5.223344e-22 5.472603e-22 4.512111e-22 2.935765e-22 1.534939e-22 6.895108e-23 3.011550e-23 1.288134e-23 3.712969e-24 -6.477783e-25 -1.519936e-24 -9.358956e-25 -3.420318e-25 -8.147290e-26
6.923458e-25 5.070966e-24 2.562540e-23 9.374364e-23 2.568963e-22 5.400460e-22 8.847955e-22 1.140417e-21 1.160939e-21 9.340541e-22 5.965425e-22 3.113901e-22 1.456986e-22 6.831065e-23 2.771655e-23 2.088924e-24 -9.529577e-24 -9.568951e-24 -5.287502e-24 -1.929458e-24 -4.807215e-25
2.100248e-24 1.339218e-23 6.084574e-23 2.046799e-22 5.242678e-22 1.042870e-21 1.631874e-21 2.022283e-21 1.987594e-21 1.547776e-21 9.614746e-22 4.981124e-22 2.415314e-22 1.145161e-22 3.045696e-23 -2.882409e-23 -5.062964e-23 -4.075897e-23 -2.139344e-23 -7.828084e-24 -2.015905e-24
5.490507e-24 3.048208e-23 1.240495e-22 3.815018e-22 9.070529e-22 1.694258e-21 2.510862e-21 2.963646e-21 2.781944e-21 2.070857e-21 1.236133e-21 6.315634e-22 3.111481e-22 1.242425e-22 -3.688174e-23 -1.519237e-22 -1.759395e-22 -1.278947e-22 -6.509458e-23 -2.385016e-23 -6.278725e-24
1.264635e-23 6.163061e-23 2.246083e-22 6.281166e-22 1.374048e-21 2.382905e-21 3.300318e-21 3.654355e-21 3.220236e-21 2.248622e-21 1.268693e-21 6.329530e-22 2.920046e-22 1.529406e-23 -2.737460e-22 -4.603836e-22 -4.532248e-22 -3.098327e-22 -1.540342e-22 -5.628787e-23 -1.499731e-23
2.559758e-23 1.115848e-22 3.674517e-22 9.355416e-22 1.873264e-21 2.983786e-21 3.801081e-21 3.867149e-21 3.118618e-21 1.985277e-21 1.034110e-21 4.877712e-22 1.321406e-22 -3.015951e-22 -7.722508e-22 -1.018910e-21 -9.143785e-22 -5.972845e-22 -2.903727e-22 -1.052629e-22 -2.811789e-23
4.475348e-23 1.787838e-22 5.411094e-22 1.267099e-21 2.329605e-21 3.392787e-21 3.923737e-21 3.584767e-21 2.557346e-21 1.421767e-21 6.558055e-22 2.423859e-22 -1.939336e-22 -8.658635e-22 -1.531622e-21 -1.778461e-21 -1.492068e-21 -9.361498e-22 -4.439687e-22 -1.586221e-22 -4.207914e-23
6.631762e-23 2.484282e-22 7.045024e-22 1.540688e-21 2.628441e-21 3.514596e-21 3.671218e-21 2.955468e-21 1.791886e-21 8.113481e-22 2.846266e-22 -6.828849e-23 -6.907320e-22 -1.626963e-21 -2.411844e-21 -2.550187e-21 -2.015575e-21 -1.213425e-21 -5.584508e-22 -1.950914e-22 -5.087652e-23
8.208236e-23 2.937746e-22 7.938474e-22 1.645809e-21 2.638596e-21 3.268558e-21 3.090174e-21 2.164465e-21 1.061126e-21 3.235032e-22 -3.775239e-23 -4.758411e-22 -1.348885e-21 -2.460566e-21 -3.192317e-21 -3.096503e-21 -2.301023e-21 -1.321404e-21 -5.853345e-22 -1.979362e-22 -5.014717e-23
8.397122e-23 2.913258e-22 7.599861e-22 1.511229e-21 2.299918e-21 2.659159e-21 2.278491e-21 1.363288e-21 4.777536e-22 -3.489397e-23 -3.854466e-22 -1.037299e-21 -2.124573e-21 -3.220624e-21 -3.692650e-21 -3.273920e-21 -2.268785e-21 -1.230064e-21 -5.182825e-22 -1.674294e-22 -4.060839e-23
7.038444e-23 2.394274e-22 6.088747e-22 1.170419e-21 1.699899e-21 1.835626e-21 1.408416e-21 6.709093e-22 5.184016e-23 -3.383732e-22 -8.222328e-22 -1.720670e-21 -2.890821e-21 -3.764896e-21 -3.837212e-21 -3.093309e-21 -1.978120e-21 -9.990394e-22 -3.942905e-22 -1.196180e-22 -2.725371e-23
4.788725e-23 1.612571e-22 4.026834e-22 7.515403e-22 1.041107e-21 1.037810e-21 6.776721e-22 1.737560e-22 -2.339266e-22 -6.138842e-22 -1.277565e-21 -2.334181e-21 -3.419619e-21 -3.949866e-21 -3.624656e-21 -2.658727e-21 -1.557723e-21 -7.236425e-22 -2.630622e-22 -7.343578e-23 -1.534734e-23
2.613207e-23 8.786113e-23 2.166247e-22 3.928397e-22 5.145504e-22 4.563234e-22 2.080739e-22 -9.819111e-23 -3.834481e-22 -7.978586e-22 -1.562947e-21 -2.607802e-21 -3.474409e-21 -3.669377e-21 -3.090284e-21 -2.081968e-21 -1.118684e-21 -4.749822e-22 -1.569672e-22 -3.953056e-23 -7.377786e-24
1.125363e-23 3.808937e-23 9.306957e-23 1.633300e-22 1.974553e-22 1.393070e-22 -6.133320e-24 -1.818659e-22 -4.008125e-22 -8.104212e-22 -1.527777e-21 -2.393146e-21 -2.984855e-21 -2.954033e-21 -2.327905e-21 -1.460935e-21 -7.260673e-22 -2.824377e-22 -8.446508e-23 -1.894365e-23 -3.083929e-24
3.740478e-24 1.284928e-23 3.115780e-23 5.222731e-23 5.468665e-23 1.730439e-23 -5.664798e-23 -1.551244e-22 -3.193396e-22 -6.528247e-22 -1.197870e-21 -1.794953e-21 -2.136490e-21 -2.015700e-21 -1.508869e-21 -8.936023e-22 -4.151629e-22 -1.490905e-22 -4.048633e-23 -8.062326e-24 -1.129864e-24
9.306997e-25 3.272039e-24 7.849450e-24 1.214625e-23 8.859437e-24 -9.014131e-24 -4.174740e-23 -9.390320e-23 -2.001601e-22 -4.174876e-22 -7.523149e-22 -1.092648e-21 -1.256656e-21 -1.142513e-21 -8.201496e-22 -4.623259e-22 -2.023719e-22 -6.755578e-23 -1.674809e-23 -2.968881e-24 -3.572822e-25
1.661893e-25 6.027603e-25 1.411728e-24 1.827718e-24 -1.861180e-25 -6.724717e-24 -1.911132e-23 -4.331807e-23 -9.881467e-23 -2.109424e-22 -3.762098e-22 -5.345801e-22 -5.987805e-22 -5.278311e-22 -3.651006e-22 -1.966546e-22 -8.136020e-23 -2.531039e-23 -5.738216e-24 -9.060746e-25 -9.383397e-26
2.011319e-26 7.554880e-26 1.657649e-25 1.141912e-25 -5.346677e-25 -2.351772e-24 -6.221635e-24 -1.540499e-23 -3.806420e-23 -8.338682e-23 -1.481854e-22 -2.074087e-22 -2.273590e-22 -1.948870e-22 -1.300597e-22 -6.693456e-23 -2.613915e-23 -7.557373e-24 -1.560011e-24 -2.183234e-25 -1.959816e-26
1.559719e-27 5.915154e-27 1.049576e-26 -1.410020e-26 -1.465968e-25 -5.206698e-25 -1.477677e-24 -4.187517e-24 -1.126169e-23 -2.539588e-23 -4.522990e-23 -6.266230e-23 -6.740946e-23 -5.622230e-23 -3.615310e-23 -1.772090e-23 -6.498085e-24 -1.732674e-24 -3.223909e-25 -3.972333e-26 -3.224392e-27
