8.491400e-28 1.291858e-26 1.242350e-25 7.842268e-25 3.452200e-24 1.109310e-23 2.688115e-23 5.028801e-23 7.389221e-23 8.642411e-23 8.139249e-23 6.250111e-23 3.980872e-23 2.155827e-23 1.022622e-23 4.333430e-24 1.623263e-24 5.147814e-25 1.304846e-25 2.512109e-26 3.623689e-27
2.745610e-27 4.463101e-26 4.241057e-25 2.614371e-24 1.126981e-23 3.569304e-23 8.591197e-23 1.609993e-22 2.391807e-22 2.858008e-22 2.784358e-22 2.246918e-22 1.534795e-22 9.131769e-23 4.867441e-23 2.346342e-23 1.000191e-23 3.599408e-24 1.037500e-24 2.279763e-25 3.659899e-26
2.992172e-27 8.735480e-26 9.456468e-25 6.076109e-24 2.660486e-23 8.497925e-23 2.063216e-22 3.914560e-22 5.922804e-22 7.265218e-22 7.342333e-22 6.232569e-22 4.558896e-22 2.961770e-22 1.748971e-22 9.373399e-23 4.421542e-23 1.753388e-23 5.580489e-24 1.365726e-24 2.464863e-25
-1.705458e-26 2.214055e-26 1.156186e-24 9.391842e-24 4.490387e-23 1.500121e-22 3.753118e-22 7.308837e-22 1.136661e-21 1.440384e-21 1.516597e-21 1.357912e-21 1.064222e-21 7.520629e-22 4.868512e-22 2.853221e-22 1.460766e-22 6.255093e-23 2.151057e-23 5.724943e-24 1.135785e-24
-1.099094e-25 -4.622455e-25 -3.588943e-25 7.377787e-24 5.053318e-23 1.919433e-22 5.138343e-22 1.048463e-21 1.697651e-21 2.242125e-21 2.476105e-21 2.350952e-21 1.980443e-21 1.520544e-21 1.071251e-21 6.783642e-22 3.717707e-22 1.694250e-22 6.197120e-23 1.761480e-23 3.762218e-24
-3.976036e-25 -1.900070e-24 -5.516760e-24 -6.132707e-24 2.516982e-23 1.621896e-22 5.122260e-22 1.139157e-21 1.960499e-21 2.735031e-21 3.201493e-21 3.252657e-21 2.964897e-21 2.477368e-21 1.891136e-21 1.283071e-21 7.451955e-22 3.575690e-22 1.374751e-22 4.116430e-23 9.311049e-24
-1.228695e-24 -5.420215e-24 -1.689617e-23 -3.546065e-23 -3.772643e-23 4.641779e-23 3.285798e-22 8.956707e-22 1.710613e-21 2.579990e-21 3.256683e-21 3.593701e-21 3.584882e-21 3.275763e-21 2.704713e-21 1.955014e-21 1.194696e-21 5.987544e-22 2.397779e-22 7.482494e-23 1.769341e-23
-3.563984e-24 -1.404400e-23 -4.109406e-23 -8.946940e-23 -1.400232e-22 -1.313607e-22 3.133490e-23 4.280222e-22 1.059823e-21 1.823438e-21 2.561874e-21 3.147231e-21 3.496998e-21 3.523966e-21 3.149439e-21 2.417497e-21 1.546868e-21 8.049694e-22 3.333818e-22 1.074888e-22 2.629214e-23
-9.188734e-24 -3.366662e-23 -9.265409e-23 -1.943377e-22 -3.117811e-22 -3.752184e-22 -3.048326e-22 -5.800138e-23 3.553908e-22 8.939370e-22 1.511703e-21 2.159302e-21 2.742321e-21 3.082834e-21 2.990133e-21 2.434265e-21 1.626002e-21 8.748020e-22 3.725584e-22 1.232058e-22 3.089179e-23
-1.967807e-23 -6.989496e-23 -1.874107e-22 -3.856961e-22 -6.155332e-22 -7.646461e-22 -7.333397e-22 -5.156938e-22 -1.857192e-22 1.940467e-22 6.293102e-22 1.154688e-21 1.734543e-21 2.198999e-21 2.319311e-21 2.000535e-21 1.391700e-21 7.712819e-22 3.360351e-22 1.132089e-22 2.884799e-23
-3.392593e-23 -1.197066e-22 -3.205453e-22 -6.631673e-22 -1.073166e-21 -1.369695e-21 -1.386113e-21 -1.113463e-21 -6.968174e-22 -2.864290e-22 8.264813e-23 4.686245e-22 9.046022e-22 1.302850e-21 1.487945e-21 1.353037e-21 9.755572e-22 5.539652e-22 2.453278e-22 8.353642e-23 2.142914e-23
-4.671243e-23 -1.659689e-22 -4.495890e-22 -9.470384e-22 -1.574545e-21 -2.091717e-21 -2.246938e-21 -1.979271e-21 -1.452938e-21 -8.921872e-22 -4.146229e-22 -1.349218e-23 3.495419e-22 6.540592e-22 8.158696e-22 7.739269e-22 5.711510e-22 3.283303e-22 1.460478e-22 4.964602e-23 1.265141e-23
-5.133825e-23 -1.853591e-22 -5.118307e-22 -1.104683e-21 -1.897365e-21 -2.637724e-21 -3.024986e-21 -2.930569e-21 -2.465605e-21 -1.840040e-21 -1.205393e-21 -6.289065e-22 -1.469276e-22 2.006657e-22 3.792030e-22 3.908981e-22 2.922440e-22 1.664325e-22 7.263636e-23 2.408200e-23 5.957844e-24
-4.499546e-23 -1.664120e-22 -4.713367e-22 -1.047160e-21 -1.864004e-21 -2.717228e-21 -3.328479e-21 -3.533628e-21 -3.352222e-21 -2.887859e-21 -2.231150e-21 -1.476873e-21 -7.619060e-22 -2.241592e-22 7.283918e-23 1.628084e-22 1.354927e-22 7.649037e-23 3.186181e-23 9.923548e-24 2.287649e-24
-3.130638e-23 -1.195976e-22 -3.497756e-22 -8.040105e-22 -1.488831e-21 -2.281247e-21 -2.985449e-21 -3.455569e-21 -3.636981e-21 -3.500707e-21 -3.018008e-21 -2.243357e-21 -1.369429e-21 -6.365074e-22 -1.826261e-22 1.006755e-23 4.800230e-23 3.177700e-23 1.300694e-23 3.722300e-24 7.598467e-25
-1.711991e-23 -6.821544e-23 -2.076428e-22 -4.970610e-22 -9.626708e-22 -1.556999e-21 -2.181349e-21 -2.744072e-21 -3.165960e-21 -3.333176e-21 -3.117646e-21 -2.503020e-21 -1.666635e-21 -8.857482e-22 -3.536079e-22 -9.081604e-23 -4.035276e-24 8.724195e-24 4.584635e-24 1.299831e-24 2.350231e-25
-7.236171e-24 -3.043277e-23 -9.737427e-23 -2.448174e-22 -4.996429e-22 -8.586390e-22 -1.293519e-21 -1.767561e-21 -2.218455e-21 -2.520614e-21 -2.516300e-21 -2.139822e-21 -1.508932e-21 -8.599815e-22 -3.837631e-22 -1.272667e-22 -2.781794e-23 -2.252224e-24 8.357454e-25 3.575540e-25 6.532087e-26
-2.305251e-24 -1.038851e-23 -3.538613e-23 -9.448253e-23 -2.052823e-22 -3.783776e-22 -6.173236e-22 -9.183062e-22 -1.248846e-21 -1.518916e-21 -1.602297e-21 -1.426449e-21 -1.048484e-21 -6.239347e-22 -2.940791e-22 -1.065390e-22 -2.826005e-23 -4.974219e-24 -4.185567e-25 3.128355e-26 1.234530e-26
-5.339194e-25 -2.629061e-24 -9.694215e-24 -2.789785e-23 -6.542959e-23 -1.310485e-22 -2.339601e-22 -3.807407e-22 -5.605569e-22 -7.266139e-22 -8.050719e-22 -7.446598e-22 -5.646957e-22 -3.454736e-22 -1.675256e-22 -6.294381e-23 -1.774503e-23 -3.570970e-24 -4.690109e-25 -3.231034e-26 -1.236092e-28
-8.561001e-26 -4.717567e-25 -1.925975e-24 -6.096914e-24 -1.573735e-23 -3.487958e-23 -6.912858e-23 -1.240398e-22 -1.980588e-22 -2.731551e-22 -3.167724e-22 -3.028734e-22 -2.352184e-22 -1.463554e-22 -7.183056e-23 -2.725898e-23 -7.783941e-24 -1.609017e-24 -2.272082e-25 -2.003185e-26 -9.851223e-28
-9.062495e-27 -5.658440e-26 -2.629351e-25 -9.423092e-25 -2.753241e-24 -6.929761e-24 -1.554914e-23 -3.109876e-23 -5.407127e-23 -7.937043e-23 -9.617352e-23 -9.471510e-23 -7.490443e-23 -4.700057e-23 -2.306263e-23 -8.682093e-24 -2.442809e-24 -4.952633e-25 -6.873528e-26 -6.125138e-27 -3.505533e-28
