0.000000e+00 -4.500000e+00 0.000000e+00 -4.275364e-44 1.849179e-27 1.280988e-29
0.000000e+00 -4.400000e+00 0.000000e+00 5.362752e-44 1.128866e-26 5.422393e-29
0.000000e+00 -4.300000e+00 0.000000e+00 1.388798e-41 6.355119e-26 3.045205e-28
0.000000e+00 -4.200000e+00 0.000000e+00 -8.267514e-42 3.291800e-25 3.547693e-27
0.000000e+00 -4.100000e+00 0.000000e+00 2.104466e-41 1.558653e-24 3.349012e-26
0.000000e+00 -4.000000e+00 0.000000e+00 -1.766246e-39 6.695657e-24 2.054893e-25
0.000000e+00 -3.900000e+00 0.000000e+00 7.130053e-38 2.602975e-23 8.612904e-25
0.000000e+00 -3.800000e+00 0.000000e+00 -1.753784e-38 9.217520e-23 2.977252e-24
0.000000e+00 -3.700000e+00 0.000000e+00 -1.977319e-38 3.011766e-22 1.360566e-23
0.000000e+00 -3.600000e+00 0.000000e+00 1.476946e-35 9.156093e-22 8.564442e-23
0.000000e+00 -3.500000e+00 0.000000e+00 1.883482e-35 2.572737e-21 4.723840e-22
0.000000e+00 -3.400000e+00 0.000000e+00 1.795208e-35 6.579320e-21 1.913604e-21
0.000000e+00 -3.300000e+00 0.000000e+00 5.141672e-35 1.541096e-20 5.477188e-21
0.000000e+00 -3.200000e+00 0.000000e+00 1.179489e-33 3.554209e-20 1.057497e-20
0.000000e+00 -3.100000e+00 0.000000e+00 -4.839518e-34 9.100075e-20 1.302869e-20
0.000000e+00 -3.000000e+00 0.000000e+00 -1.058782e-34 2.598459e-19 1.977218e-20
0.000000e+00 -2.900000e+00 0.000000e+00 -1.427005e-33 7.203787e-19 1.096240e-19
0.000000e+00 -2.800000e+00 0.000000e+00 5.844383e-33 1.753187e-18 5.064287e-19
0.000000e+00 -2.700000e+00 0.000000e+00 8.958812e-33 3.868606e-18 1.424582e-18
0.000000e+00 -2.600000e+00 0.000000e+00 -1.380378e-31 9.433818e-18 2.417664e-18
0.000000e+00 -2.500000e+00 0.000000e+00 6.912425e-32 2.981331e-17 2.340166e-18
0.000000e+00 -2.400000e+00 0.000000e+00 -5.763608e-31 1.042639e-16 5.566655e-18
0.000000e+00 -2.300000e+00 0.000000e+00 -6.493930e-32 3.332814e-16 4.756555e-17
0.000000e+00 -2.200000e+00 0.000000e+00 -9.584603e-32 9.150307e-16 2.577129e-16
0.000000e+00 -2.100000e+00 0.000000e+00 -6.820980e-29 2.154162e-15 9.690104e-16
0.000000e+00 -2.000000e+00 0.000000e+00 -1.991475e-28 4.406824e-15 2.856377e-15
0.000000e+00 -1.900000e+00 0.000000e+00 -9.125603e-28 7.952112e-15 7.045917e-15
0.000000e+00 -1.800000e+00 0.000000e+00 -6.139091e-28 1.283125e-14 1.511218e-14
0.000000e+00 -1.700000e+00 0.000000e+00 3.284061e-27 1.873445e-14 2.889671e-14
0.000000e+00 -1.600000e+00 0.000000e+00 -8.881554e-29 2.500248e-14 5.014205e-14
0.000000e+00 -1.500000e+00 0.000000e+00 -2.549600e-28 3.075276e-14 8.002069e-14
0.000000e+00 -1.400000e+00 0.000000e+00 2.874861e-28 3.508248e-14 1.186899e-13
0.000000e+00 -1.300000e+00 0.000000e+00 -4.008090e-27 3.727632e-14 1.650219e-13
