0.000000e+00 0.000000e+00 0.000000e+00 0.000000e+00 0.000000e+00
1.000000e-04 -1.882155e-05 2.005092e-04 -3.154330e-15 3.360362e-14
2.000000e-04 1.511379e-04 2.667278e-04 2.848374e-14 1.109767e-14
3.000000e-04 1.176725e-04 3.807479e-04 -5.608523e-15 1.910879e-14
4.000000e-04 1.420909e-04 5.723944e-04 4.092315e-15 3.211831e-14
5.000000e-04 1.079954e-04 6.975248e-04 -5.714107e-15 2.097078e-14
6.000000e-04 -2.905402e-05 7.914858e-04 -2.296830e-14 1.574705e-14
7.000000e-04 -9.654084e-05 9.192287e-04 -1.131021e-14 2.140861e-14
8.000000e-04 -1.080901e-04 1.080900e-03 -1.935559e-15 2.709470e-14
9.000000e-04 -1.070787e-04 1.149597e-03 1.695097e-16 1.151308e-14
1.000000e-03 -1.496831e-04 1.286157e-03 -7.140130e-15 2.288618e-14
1.100000e-03 -1.135938e-04 1.509822e-03 6.048249e-15 3.748434e-14
1.200000e-03 -1.683290e-04 1.618204e-03 -9.173140e-15 1.816390e-14
1.300000e-03 -1.082251e-04 1.627545e-03 1.007289e-14 1.565581e-15
1.400000e-03 -6.599213e-05 1.849570e-03 7.077884e-15 3.720934e-14
1.500000e-03 -1.190527e-04 1.835050e-03 -8.892489e-15 -2.433284e-15
1.600000e-03 -2.262320e-04 1.893073e-03 -1.796233e-14 9.724094e-15
1.700000e-03 -8.788842e-05 2.052226e-03 2.318519e-14 2.667274e-14
1.800000e-03 -1.332263e-04 2.073828e-03 -7.598246e-15 3.620296e-15
1.900000e-03 -7.268282e-05 2.182575e-03 1.014657e-14 1.822496e-14
2.000000e-03 -6.618744e-05 2.280063e-03 1.088570e-15 1.633813e-14
2.100000e-03 2.309963e-05 2.411268e-03 1.496374e-14 2.198892e-14
2.200000e-03 5.380791e-05 2.571403e-03 5.146444e-15 2.683715e-14
2.300000e-03 4.472302e-05 2.764958e-03 -1.522550e-15 3.243831e-14
2.400000e-03 6.642081e-05 2.810896e-03 3.636363e-15 7.698768e-15
2.500000e-03 9.620969e-05 2.910475e-03 4.992360e-15 1.668847e-14
2.600000e-03 1.045110e-04 3.059629e-03 1.391228e-15 2.499702e-14
2.700000e-03 1.694221e-04 3.064312e-03 1.087854e-14 7.847490e-16
2.800000e-03 1.437769e-04 3.208806e-03 -4.297903e-15 2.421595e-14
2.900000e-03 2.722046e-04 3.270831e-03 2.152337e-14 1.039495e-14
3.000000e-03 2.637353e-04 3.432877e-03 -1.419378e-15 2.715747e-14
3.100000e-03 3.321964e-04 3.468543e-03 1.147349e-14 5.977387e-15
3.200000e-03 3.238920e-04 3.527122e-03 -1.391748e-15 9.817255e-15
3.300000e-03 2.685622e-04 3.683516e-03 -9.272794e-15 2.621034e-14
3.400000e-03 2.973145e-04 3.668723e-03 4.818649e-15 -2.479277e-15
3.500000e-03 3.109609e-04 3.721990e-03 2.287009e-15 8.927103e-15
3.600000e-03 2.704961e-04 3.918395e-03 -6.781550e-15 3.291583e-14
3.700000e-03 3.057084e-04 4.096269e-03 5.901281e-15 2.981013e-14
3.800000e-03 3.240466e-04 4.127514e-03 3.073322e-15 5.236460e-15
3.900000e-03 4.069713e-04 4.174818e-03 1.389746e-14 7.927712e-15
4.000000e-03 5.650471e-04 4.281708e-03 2.649216e-14 1.791383e-14
4.100000e-03 5.540933e-04 4.395427e-03 -1.835761e-15 1.905843e-14
4.200000e-03 6.229415e-04 4.478454e-03 1.153836e-14 1.391453e-14
4.300000e-03 7.261139e-04 4.552306e-03 1.729081e-14 1.237696e-14
4.400000e-03 6.323115e-04 4.724405e-03 -1.572048e-14 2.884240e-14
4.500000e-03 6.681499e-04 4.836389e-03 6.006206e-15 1.876745e-14
4.600000e-03 6.751310e-04 4.828193e-03 1.169964e-15 -1.373448e-15
4.700000e-03 7.212832e-04 4.910492e-03 7.734723e-15 1.379248e-14
4.800000e-03 6.743595e-04 5.023542e-03 -7.864019e-15 1.894633e-14
4.900000e-03 6.173771e-04 5.146461e-03 -9.549746e-15 2.060017e-14
5.000000e-03 5.050762e-04 5.128901e-03 -1.882067e-14 -2.943016e-15
5.100000e-03 4.527033e-04 5.171755e-03 -8.777250e-15 7.181931e-15
5.200000e-03 3.723571e-04 5.276897e-03 -1.346534e-14 1.762091e-14
5.300000e-03 3.187424e-04 5.369111e-03 -8.985364e-15 1.545427e-14
5.400000e-03 2.959546e-04 5.421709e-03 -3.819034e-15 8.815076e-15
5.500000e-03 2.890870e-04 5.408582e-03 -1.150947e-15 -2.199946e-15
5.600000e-03 1.971354e-04 5.486356e-03 -1.541030e-14 1.303416e-14
5.700000e-03 2.302300e-04 5.543557e-03 5.546361e-15 9.586421e-15
5.800000e-03 2.782843e-04 5.703987e-03 8.053494e-15 2.688670e-14
5.900000e-03 1.951699e-04 5.964894e-03 -1.392925e-14 4.372573e-14
6.000000e-03 1.759989e-04 5.910135e-03 -3.212907e-15 -9.177146e-15
6.100000e-03 1.924884e-04 6.072751e-03 2.763505e-15 2.725314e-14
6.200000e-03 4.995105e-05 6.222696e-03 -2.388803e-14 2.512936e-14
6.300000e-03 5.033005e-05 6.408972e-03 6.351656e-17 3.121825e-14
6.400000e-03 9.146169e-05 6.548334e-03 6.893311e-15 2.335596e-14
6.500000e-03 -1.400269e-05 6.684692e-03 -1.767492e-14 2.285245e-14
6.600000e-03 8.950082e-08 6.794238e-03 2.361730e-15 1.835899e-14
6.700000e-03 3.059401e-05 6.852360e-03 5.112294e-15 9.740719e-15
6.800000e-03 1.550740e-04 6.775854e-03 2.086177e-14 -1.282181e-14
6.900000e-03 4.260739e-05 6.855906e-03 -1.884844e-14 1.341610e-14
7.000000e-03 -1.087765e-04 6.959355e-03 -2.537064e-14 1.733711e-14
7.100000e-03 -7.178007e-05 7.063060e-03 6.200289e-15 1.738012e-14
7.200000e-03 -9.960964e-06 7.151961e-03 1.036035e-14 1.489893e-14
7.300000e-03 -3.955464e-05 7.363204e-03 -4.959646e-15 3.540261e-14
7.400000e-03 -4.100460e-05 7.424676e-03 -2.430002e-16 1.030223e-14
7.500000e-03 -7.946941e-05 7.584554e-03 -6.446372e-15 2.679406e-14
7.600000e-03 -1.016324e-04 7.709317e-03 -3.714328e-15 2.090925e-14
7.700000e-03 -1.479886e-04 7.883292e-03 -7.768898e-15 2.915671e-14
7.800000e-03 -9.065977e-05 8.079114e-03 9.607818e-15 3.281806e-14
7.900000e-03 -8.719774e-05 8.170978e-03 5.802059e-16 1.539567e-14
8.000000e-03 -5.746694e-06 8.140871e-03 1.365050e-14 -5.045760e-15
8.100000e-03 1.720648e-05 8.272060e-03 3.846754e-15 2.198614e-14
8.200000e-03 8.396154e-05 8.468817e-03 1.118757e-14 3.297492e-14
8.300000e-03 2.681495e-05 8.516845e-03 -9.577276e-15 8.048986e-15
8.400000e-03 2.530554e-05 8.651444e-03 -2.529650e-16 2.255769e-14
8.500000e-03 1.440712e-04 8.735388e-03 1.990411e-14 1.406826e-14
8.600000e-03 1.693603e-04 8.750505e-03 4.238233e-15 2.533553e-15
8.700000e-03 1.708826e-04 8.796985e-03 2.551134e-16 7.789524e-15
8.800000e-03 2.744195e-04 8.981606e-03 1.735189e-14 3.094097e-14
8.900000e-03 1.947925e-04 8.909158e-03 -1.334479e-14 -1.214177e-14
9.000000e-03 2.845648e-04 9.019127e-03 1.504506e-14 1.842990e-14
9.100000e-03 2.666655e-04 9.208525e-03 -2.999772e-15 3.174150e-14
9.200000e-03 2.846507e-04 9.391901e-03 3.014160e-15 3.073234e-14
9.300000e-03 2.835540e-04 9.518852e-03 -1.837836e-16 2.127574e-14
9.400000e-03 1.351649e-04 9.673824e-03 -2.486875e-14 2.597206e-14
9.500000e-03 2.354922e-04 9.675328e-03 1.681400e-14 2.521025e-16
9.600000e-03 1.814780e-04 9.845492e-03 -9.052321e-15 2.851790e-14
9.700000e-03 1.074216e-04 9.900041e-03 -1.241121e-14 9.142001e-15
9.800000e-03 1.364531e-04 9.961751e-03 4.865429e-15 1.034214e-14
9.900000e-03 2.209386e-04 1.011805e-02 1.415904e-14 2.619442e-14
1.000000e-02 2.840324e-04 1.018014e-02 1.057399e-14 1.040637e-14
1.010000e-02 3.756063e-04 1.028437e-02 1.534698e-14 1.746669e-14
