-2.500000e+00 -2.500000e+00 0.000000e+00 6.601764e-20 6.219659e-20 0.000000e+00
-2.500000e+00 -2.250000e+00 0.000000e+00 3.551452e-19 2.972700e-19 0.000000e+00
-2.500000e+00 -2.000000e+00 0.000000e+00 1.454794e-18 1.065652e-18 0.000000e+00
-2.500000e+00 -1.750000e+00 0.000000e+00 4.677993e-18 2.946881e-18 0.000000e+00
-2.500000e+00 -1.500000e+00 0.000000e+00 1.216531e-17 6.453699e-18 0.000000e+00
-2.500000e+00 -1.250000e+00 0.000000e+00 2.628536e-17 1.143237e-17 0.000000e+00
-2.500000e+00 -1.000000e+00 0.000000e+00 4.826233e-17 1.658062e-17 0.000000e+00
-2.500000e+00 -7.500000e-01 0.000000e+00 7.661998e-17 1.963857e-17 0.000000e+00
-2.500000e+00 -5.000000e-01 0.000000e+00 1.064579e-16 1.839489e-17 0.000000e+00
-2.500000e+00 -2.500000e-01 0.000000e+00 1.304010e-16 1.200805e-17 0.000000e+00
-2.500000e+00 0.000000e+00 0.000000e+00 1.413106e-16 1.825704e-18 0.000000e+00
-2.500000e+00 2.500000e-01 0.000000e+00 1.356203e-16 -8.966061e-18 0.000000e+00
-2.500000e+00 5.000000e-01 0.000000e+00 1.151989e-16 -1.686268e-17 0.000000e+00
-2.500000e+00 7.500000e-01 0.000000e+00 8.636892e-17 -1.978956e-17 0.000000e+00
-2.500000e+00 1.000000e+00 0.000000e+00 5.680890e-17 -1.791581e-17 0.000000e+00
-2.500000e+00 1.250000e+00 0.000000e+00 3.242798e-17 -1.315879e-17 0.000000e+00
-2.500000e+00 1.500000e+00 0.000000e+00 1.580280e-17 -7.912166e-18 0.000000e+00
-2.500000e+00 1.750000e+00 0.000000e+00 6.431683e-18 -3.858367e-18 0.000000e+00
-2.500000e+00 2.000000e+00 0.000000e+00 2.128434e-18 -1.495673e-18 0.000000e+00
-2.500000e+00 2.250000e+00 0.000000e+00 5.557721e-19 -4.490334e-19 0.000000e+00
-2.500000e+00 2.500000e+00 0.000000e+00 1.110082e-19 -1.014934e-19 0.000000e+00
-2.250000e+00 -2.500000e+00 0.000000e+00 3.534169e-19 3.699606e-19 0.000000e+00
-2.250000e+00 -2.250000e+00 0.000000e+00 1.705956e-18 1.586946e-18 0.000000e+00
-2.250000e+00 -2.000000e+00 0.000000e+00 6.328517e-18 5.152558e-18 0.000000e+00
-2.250000e+00 -1.750000e+00 0.000000e+00 1.868792e-17 1.308798e-17 0.000000e+00
-2.250000e+00 -1.500000e+00 0.000000e+00 4.541217e-17 2.680059e-17 0.000000e+00
-2.250000e+00 -1.250000e+00 0.000000e+00 9.344628e-17 4.527806e-17 0.000000e+00
-2.250000e+00 -1.000000e+00 0.000000e+00 1.664362e-16 6.385294e-17 0.000000e+00
-2.250000e+00 -7.500000e-01 0.000000e+00 2.602359e-16 7.471592e-17 0.000000e+00
-2.250000e+00 -5.000000e-01 0.000000e+00 3.597802e-16 6.986300e-17 0.000000e+00
-2.250000e+00 -2.500000e-01 0.000000e+00 4.407203e-16 4.574918e-17 0.000000e+00
-2.250000e+00 0.000000e+00 0.000000e+00 4.780324e-16 7.034865e-18 0.000000e+00
-2.250000e+00 2.500000e-01 0.000000e+00 4.586886e-16 -3.407948e-17 0.000000e+00
-2.250000e+00 5.000000e-01 0.000000e+00 3.894629e-16 -6.400823e-17 0.000000e+00
-2.250000e+00 7.500000e-01 0.000000e+00 2.928900e-16 -7.513743e-17 0.000000e+00
-2.250000e+00 1.000000e+00 0.000000e+00 1.949242e-16 -6.860879e-17 0.000000e+00
-2.250000e+00 1.250000e+00 0.000000e+00 1.141686e-16 -5.157516e-17 0.000000e+00
-2.250000e+00 1.500000e+00 0.000000e+00 5.812247e-17 -3.235420e-17 0.000000e+00
-2.250000e+00 1.750000e+00 0.000000e+00 2.520026e-17 -1.680224e-17 0.000000e+00
-2.250000e+00 2.000000e+00 0.000000e+00 9.051345e-18 -7.070379e-18 0.000000e+00
-2.250000e+00 2.250000e+00 0.000000e+00 2.605461e-18 -2.340853e-18 0.000000e+00
-2.250000e+00 2.500000e+00 0.000000e+00 5.797986e-19 -5.897344e-19 0.000000e+00
-2.000000e+00 -2.500000e+00 0.000000e+00 1.411352e-18 1.663049e-18 0.000000e+00
-2.000000e+00 -2.250000e+00 0.000000e+00 6.168497e-18 6.460586e-18 0.000000e+00
-2.000000e+00 -2.000000e+00 0.000000e+00 2.101694e-17 1.926892e-17 0.000000e+00
-2.000000e+00 -1.750000e+00 0.000000e+00 5.808285e-17 4.582719e-17 0.000000e+00
-2.000000e+00 -1.500000e+00 0.000000e+00 1.349655e-16 8.985777e-17 0.000000e+00
-2.000000e+00 -1.250000e+00 0.000000e+00 2.714723e-16 1.488180e-16 0.000000e+00
-2.000000e+00 -1.000000e+00 0.000000e+00 4.818910e-16 2.100263e-16 0.000000e+00
-2.000000e+00 -7.500000e-01 0.000000e+00 7.615469e-16 2.495525e-16 0.000000e+00
-2.000000e+00 -5.000000e-01 0.000000e+00 1.071003e-15 2.384194e-16 0.000000e+00
-2.000000e+00 -2.500000e-01 0.000000e+00 1.332276e-15 1.591203e-16 0.000000e+00
-2.000000e+00 0.000000e+00 0.000000e+00 1.455757e-15 2.484164e-17 0.000000e+00
-2.000000e+00 2.500000e-01 0.000000e+00 1.391895e-15 -1.188127e-16 0.000000e+00
-2.000000e+00 5.000000e-01 0.000000e+00 1.166299e-15 -2.198506e-16 0.000000e+00
-2.000000e+00 7.500000e-01 0.000000e+00 8.618873e-16 -2.526199e-16 0.000000e+00
-2.000000e+00 1.000000e+00 0.000000e+00 5.657389e-16 -2.264658e-16 0.000000e+00
-2.000000e+00 1.250000e+00 0.000000e+00 3.306715e-16 -1.692008e-16 0.000000e+00
-2.000000e+00 1.500000e+00 0.000000e+00 1.710802e-16 -1.075655e-16 0.000000e+00
-2.000000e+00 1.750000e+00 0.000000e+00 7.707618e-17 -5.796427e-17 0.000000e+00
-2.000000e+00 2.000000e+00 0.000000e+00 2.943216e-17 -2.592286e-17 0.000000e+00
-2.000000e+00 2.250000e+00 0.000000e+00 9.193124e-18 -9.314966e-18 0.000000e+00
-2.000000e+00 2.500000e+00 0.000000e+00 2.255091e-18 -2.588374e-18 0.000000e+00
-1.750000e+00 -2.500000e+00 0.000000e+00 4.322049e-18 5.823239e-18 0.000000e+00
-1.750000e+00 -2.250000e+00 0.000000e+00 1.735173e-17 2.078418e-17 0.000000e+00
-1.750000e+00 -2.000000e+00 0.000000e+00 5.535889e-17 5.805392e-17 0.000000e+00
-1.750000e+00 -1.750000e+00 0.000000e+00 1.466553e-16 1.324450e-16 0.000000e+00
-1.750000e+00 -1.500000e+00 0.000000e+00 3.350389e-16 2.558577e-16 0.000000e+00
-1.750000e+00 -1.250000e+00 0.000000e+00 6.789714e-16 4.286030e-16 0.000000e+00
-1.750000e+00 -1.000000e+00 0.000000e+00 1.240165e-15 6.258035e-16 0.000000e+00
-1.750000e+00 -7.500000e-01 0.000000e+00 2.041720e-15 7.785508e-16 0.000000e+00
-1.750000e+00 -5.000000e-01 0.000000e+00 2.989901e-15 7.770102e-16 0.000000e+00
-1.750000e+00 -2.500000e-01 0.000000e+00 3.830901e-15 5.350564e-16 0.000000e+00
-1.750000e+00 0.000000e+00 0.000000e+00 4.239978e-15 8.489600e-17 0.000000e+00
-1.750000e+00 2.500000e-01 0.000000e+00 4.028569e-15 -4.020382e-16 0.000000e+00
-1.750000e+00 5.000000e-01 0.000000e+00 3.293926e-15 -7.255490e-16 0.000000e+00
-1.750000e+00 7.500000e-01 0.000000e+00 2.343038e-15 -8.006184e-16 0.000000e+00
-1.750000e+00 1.000000e+00 0.000000e+00 1.473365e-15 -6.847420e-16 0.000000e+00
-1.750000e+00 1.250000e+00 0.000000e+00 8.317000e-16 -4.915907e-16 0.000000e+00
-1.750000e+00 1.500000e+00 0.000000e+00 4.236917e-16 -3.064296e-16 0.000000e+00
-1.750000e+00 1.750000e+00 0.000000e+00 1.926686e-16 -1.662290e-16 0.000000e+00
-1.750000e+00 2.000000e+00 0.000000e+00 7.623406e-17 -7.694991e-17 0.000000e+00
-1.750000e+00 2.250000e+00 0.000000e+00 2.528691e-17 -2.937526e-17 0.000000e+00
-1.750000e+00 2.500000e+00 0.000000e+00 6.722783e-18 -8.856952e-18 0.000000e+00
-1.500000e+00 -2.500000e+00 0.000000e+00 1.041708e-17 1.636532e-17 0.000000e+00
-1.500000e+00 -2.250000e+00 0.000000e+00 3.909553e-17 5.461839e-17 0.000000e+00
-1.500000e+00 -2.000000e+00 0.000000e+00 1.193230e-16 1.459893e-16 0.000000e+00
-1.500000e+00 -1.750000e+00 0.000000e+00 3.107951e-16 3.278241e-16 0.000000e+00
-1.500000e+00 -1.500000e+00 0.000000e+00 7.189663e-16 6.428623e-16 0.000000e+00
-1.500000e+00 -1.250000e+00 0.000000e+00 1.518791e-15 1.127178e-15 0.000000e+00
-1.500000e+00 -1.000000e+00 0.000000e+00 2.946783e-15 1.755052e-15 0.000000e+00
-1.500000e+00 -7.500000e-01 0.000000e+00 5.166261e-15 2.330798e-15 0.000000e+00
-1.500000e+00 -5.000000e-01 0.000000e+00 7.999394e-15 2.463048e-15 0.000000e+00
-1.500000e+00 -2.500000e-01 0.000000e+00 1.067909e-14 1.767768e-15 0.000000e+00
-1.500000e+00 0.000000e+00 0.000000e+00 1.203426e-14 2.857496e-16 0.000000e+00
-1.500000e+00 2.500000e-01 0.000000e+00 1.132988e-14 -1.340066e-15 0.000000e+00
-1.500000e+00 5.000000e-01 0.000000e+00 8.952002e-15 -2.338003e-15 0.000000e+00
-1.500000e+00 7.500000e-01 0.000000e+00 6.043789e-15 -2.447421e-15 0.000000e+00
-1.500000e+00 1.000000e+00 0.000000e+00 3.571125e-15 -1.964325e-15 0.000000e+00
-1.500000e+00 1.250000e+00 0.000000e+00 1.891106e-15 -1.319027e-15 0.000000e+00
-1.500000e+00 1.500000e+00 0.000000e+00 9.165328e-16 -7.785771e-16 0.000000e+00
-1.500000e+00 1.750000e+00 0.000000e+00 4.077696e-16 -4.117266e-16 0.000000e+00
-1.500000e+00 2.000000e+00 0.000000e+00 1.626596e-16 -1.919142e-16 0.000000e+00
-1.500000e+00 2.250000e+00 0.000000e+00 5.592554e-17 -7.600755e-17 0.000000e+00
-1.500000e+00 2.500000e+00 0.000000e+00 1.578386e-17 -2.438109e-17 0.000000e+00
-1.250000e+00 -2.500000e+00 0.000000e+00 2.018233e-17 3.792235e-17 0.000000e+00
-1.250000e+00 -2.250000e+00 0.000000e+00 7.211704e-17 1.205361e-16 0.000000e+00
-1.250000e+00 -2.000000e+00 0.000000e+00 2.149117e-16 3.147786e-16 0.000000e+00
-1.250000e+00 -1.750000e+00 0.000000e+00 5.634204e-16 7.126135e-16 0.000000e+00
-1.250000e+00 -1.500000e+00 0.000000e+00 1.358660e-15 1.460911e-15 0.000000e+00
-1.250000e+00 -1.250000e+00 0.000000e+00 3.074713e-15 2.750449e-15 0.000000e+00
-1.250000e+00 -1.000000e+00 0.000000e+00 6.451334e-15 4.637046e-15 0.000000e+00
-1.250000e+00 -7.500000e-01 0.000000e+00 1.229364e-14 6.703741e-15 0.000000e+00
-1.250000e+00 -5.000000e-01 0.000000e+00 2.058544e-14 7.660663e-15 0.000000e+00
-1.250000e+00 -2.500000e-01 0.000000e+00 2.902360e-14 5.792255e-15 0.000000e+00
-1.250000e+00 0.000000e+00 0.000000e+00 3.343606e-14 9.530099e-16 0.000000e+00
-1.250000e+00 2.500000e-01 0.000000e+00 3.112577e-14 -4.439603e-15 0.000000e+00
-1.250000e+00 5.000000e-01 0.000000e+00 2.352772e-14 -7.428358e-15 0.000000e+00
-1.250000e+00 7.500000e-01 0.000000e+00 1.477635e-14 -7.242414e-15 0.000000e+00
-1.250000e+00 1.000000e+00 0.000000e+00 8.028958e-15 -5.339039e-15 0.000000e+00
-1.250000e+00 1.250000e+00 0.000000e+00 3.923087e-15 -3.303238e-15 0.000000e+00
-1.250000e+00 1.500000e+00 0.000000e+00 1.765975e-15 -1.807254e-15 0.000000e+00
-1.250000e+00 1.750000e+00 0.000000e+00 7.451763e-16 -9.038290e-16 0.000000e+00
-1.250000e+00 2.000000e+00 0.000000e+00 2.916855e-16 -4.131567e-16 0.000000e+00
-1.250000e+00 2.250000e+00 0.000000e+00 1.015372e-16 -1.659737e-16 0.000000e+00
-1.250000e+00 2.500000e+00 0.000000e+00 2.978997e-17 -5.551052e-17 0.000000e+00
-1.000000e+00 -2.500000e+00 0.000000e+00 3.180597e-17 7.406722e-17 0.000000e+00
-1.000000e+00 -2.250000e+00 0.000000e+00 1.101036e-16 2.280640e-16 0.000000e+00
-1.000000e+00 -2.000000e+00 0.000000e+00 3.260844e-16 5.922464e-16 0.000000e+00
-1.000000e+00 -1.750000e+00 0.000000e+00 8.778727e-16 1.379587e-15 0.000000e+00
-1.000000e+00 -1.500000e+00 0.000000e+00 2.249510e-15 3.012980e-15 0.000000e+00
-1.000000e+00 -1.250000e+00 0.000000e+00 5.508379e-15 6.147200e-15 0.000000e+00
-1.000000e+00 -1.000000e+00 0.000000e+00 1.273787e-14 1.143458e-14 0.000000e+00
-1.000000e+00 -7.500000e-01 0.000000e+00 2.681582e-14 1.821886e-14 0.000000e+00
-1.000000e+00 -5.000000e-01 0.000000e+00 4.789919e-14 2.207354e-14 0.000000e+00
-1.000000e+00 -2.500000e-01 0.000000e+00 6.933643e-14 1.705655e-14 0.000000e+00
-1.000000e+00 0.000000e+00 0.000000e+00 8.039946e-14 2.810827e-15 0.000000e+00
-1.000000e+00 2.500000e-01 0.000000e+00 7.462239e-14 -1.312712e-14 0.000000e+00
-1.000000e+00 5.000000e-01 0.000000e+00 5.541045e-14 -2.163790e-14 0.000000e+00
-1.000000e+00 7.500000e-01 0.000000e+00 3.309383e-14 -2.018322e-14 0.000000e+00
-1.000000e+00 1.000000e+00 0.000000e+00 1.641848e-14 -1.364023e-14 0.000000e+00
-1.000000e+00 1.250000e+00 0.000000e+00 7.239205e-15 -7.615821e-15 0.000000e+00
-1.000000e+00 1.500000e+00 0.000000e+00 2.988131e-15 -3.821089e-15 0.000000e+00
-1.000000e+00 1.750000e+00 0.000000e+00 1.173686e-15 -1.779142e-15 0.000000e+00
-1.000000e+00 2.000000e+00 0.000000e+00 4.404830e-16 -7.800896e-16 0.000000e+00
-1.000000e+00 2.250000e+00 0.000000e+00 1.522707e-16 -3.118902e-16 0.000000e+00
-1.000000e+00 2.500000e+00 0.000000e+00 4.562539e-17 -1.068298e-16 0.000000e+00
-7.500000e-01 -2.500000e+00 0.000000e+00 4.059853e-17 1.239004e-16 0.000000e+00
-7.500000e-01 -2.250000e+00 0.000000e+00 1.382103e-16 3.748444e-16 0.000000e+00
-7.500000e-01 -2.000000e+00 0.000000e+00 4.125785e-16 9.808366e-16 0.000000e+00
-7.500000e-01 -1.750000e+00 0.000000e+00 1.155851e-15 2.380165e-15 0.000000e+00
-7.500000e-01 -1.500000e+00 0.000000e+00 3.155602e-15 5.546922e-15 0.000000e+00
-7.500000e-01 -1.250000e+00 0.000000e+00 8.409858e-15 1.234160e-14 0.000000e+00
-7.500000e-01 -1.000000e+00 0.000000e+00 2.148442e-14 2.534254e-14 0.000000e+00
-7.500000e-01 -7.500000e-01 0.000000e+00 4.768554e-14 4.234421e-14 0.000000e+00
-7.500000e-01 -5.000000e-01 0.000000e+00 8.453197e-14 5.078461e-14 0.000000e+00
-7.500000e-01 -2.500000e-01 0.000000e+00 1.189295e-13 3.825075e-14 0.000000e+00
-7.500000e-01 0.000000e+00 0.000000e+00 1.356419e-13 6.206446e-15 0.000000e+00
-7.500000e-01 2.500000e-01 0.000000e+00 1.268561e-13 -2.927656e-14 0.000000e+00
-7.500000e-01 5.000000e-01 0.000000e+00 9.660313e-14 -4.937259e-14 0.000000e+00
-7.500000e-01 7.500000e-01 0.000000e+00 5.867521e-14 -4.696515e-14 0.000000e+00
-7.500000e-01 1.000000e+00 0.000000e+00 2.815920e-14 -3.095884e-14 0.000000e+00
-7.500000e-01 1.250000e+00 0.000000e+00 1.129780e-14 -1.581661e-14 0.000000e+00
-7.500000e-01 1.500000e+00 0.000000e+00 4.227643e-15 -7.203423e-15 0.000000e+00
-7.500000e-01 1.750000e+00 0.000000e+00 1.542075e-15 -3.119076e-15 0.000000e+00
-7.500000e-01 2.000000e+00 0.000000e+00 5.492322e-16 -1.298517e-15 0.000000e+00
-7.500000e-01 2.250000e+00 0.000000e+00 1.863633e-16 -5.098893e-16 0.000000e+00
-7.500000e-01 2.500000e+00 0.000000e+00 5.634851e-17 -1.764384e-16 0.000000e+00
-5.000000e-01 -2.500000e+00 0.000000e+00 4.052250e-17 1.793421e-16 0.000000e+00
-5.000000e-01 -2.250000e+00 0.000000e+00 1.371904e-16 5.385224e-16 0.000000e+00
-5.000000e-01 -2.000000e+00 0.000000e+00 4.165088e-16 1.430344e-15 0.000000e+00
-5.000000e-01 -1.750000e+00 0.000000e+00 1.217592e-15 3.616665e-15 0.000000e+00
-5.000000e-01 -1.500000e+00 0.000000e+00 3.525012e-15 8.928249e-15 0.000000e+00
-5.000000e-01 -1.250000e+00 0.000000e+00 1.019322e-14 2.155137e-14 0.000000e+00
-5.000000e-01 -1.000000e+00 0.000000e+00 2.754476e-14 4.673957e-14 0.000000e+00
-5.000000e-01 -7.500000e-01 0.000000e+00 5.976612e-14 7.638979e-14 0.000000e+00
-5.000000e-01 -5.000000e-01 0.000000e+00 9.905080e-14 8.634658e-14 0.000000e+00
-5.000000e-01 -2.500000e-01 0.000000e+00 1.305354e-13 6.165031e-14 0.000000e+00
-5.000000e-01 0.000000e+00 0.000000e+00 1.439693e-13 9.641068e-15 0.000000e+00
-5.000000e-01 2.500000e-01 0.000000e+00 1.361849e-13 -4.686710e-14 0.000000e+00
-5.000000e-01 5.000000e-01 0.000000e+00 1.089168e-13 -8.247532e-14 0.000000e+00
-5.000000e-01 7.500000e-01 0.000000e+00 7.032290e-14 -8.318006e-14 0.000000e+00
-5.000000e-01 1.000000e+00 0.000000e+00 3.486089e-14 -5.695107e-14 0.000000e+00
-5.000000e-01 1.250000e+00 0.000000e+00 1.343994e-14 -2.817624e-14 0.000000e+00
-5.000000e-01 1.500000e+00 0.000000e+00 4.619374e-15 -1.179799e-14 0.000000e+00
-5.000000e-01 1.750000e+00 0.000000e+00 1.579334e-15 -4.779950e-15 0.000000e+00
-5.000000e-01 2.000000e+00 0.000000e+00 5.376417e-16 -1.897929e-15 0.000000e+00
-5.000000e-01 2.250000e+00 0.000000e+00 1.787666e-16 -7.283853e-16 0.000000e+00
-5.000000e-01 2.500000e+00 0.000000e+00 5.421829e-17 -2.525174e-16 0.000000e+00
-2.500000e-01 -2.500000e+00 0.000000e+00 2.789684e-17 2.259131e-16 0.000000e+00
-2.500000e-01 -2.250000e+00 0.000000e+00 9.450876e-17 6.771252e-16 0.000000e+00
-2.500000e-01 -2.000000e+00 0.000000e+00 2.922298e-16 1.825342e-15 0.000000e+00
-2.500000e-01 -1.750000e+00 0.000000e+00 8.854737e-16 4.762375e-15 0.000000e+00
-2.500000e-01 -1.500000e+00 0.000000e+00 2.693271e-15 1.228755e-14 0.000000e+00
-2.500000e-01 -1.250000e+00 0.000000e+00 8.246200e-15 3.133694e-14 0.000000e+00
-2.500000e-01 -1.000000e+00 0.000000e+00 2.240154e-14 6.846098e-14 0.000000e+00
-2.500000e-01 -7.500000e-01 0.000000e+00 4.591209e-14 1.064308e-13 0.000000e+00
-2.500000e-01 -5.000000e-01 0.000000e+00 7.008116e-14 1.123558e-13 0.000000e+00
-2.500000e-01 -2.500000e-01 0.000000e+00 8.539970e-14 7.549914e-14 0.000000e+00
-2.500000e-01 0.000000e+00 0.000000e+00 9.018056e-14 1.109266e-14 0.000000e+00
-2.500000e-01 2.500000e-01 0.000000e+00 8.615810e-14 -5.740212e-14 0.000000e+00
-2.500000e-01 5.000000e-01 0.000000e+00 7.277056e-14 -1.055448e-13 0.000000e+00
-2.500000e-01 7.500000e-01 0.000000e+00 5.034137e-14 -1.133311e-13 0.000000e+00
-2.500000e-01 1.000000e+00 0.000000e+00 2.631560e-14 -8.192149e-14 0.000000e+00
-2.500000e-01 1.250000e+00 0.000000e+00 1.018113e-14 -4.091248e-14 0.000000e+00
-2.500000e-01 1.500000e+00 0.000000e+00 3.335292e-15 -1.631613e-14 0.000000e+00
-2.500000e-01 1.750000e+00 0.000000e+00 1.092229e-15 -6.291642e-15 0.000000e+00
-2.500000e-01 2.000000e+00 0.000000e+00 3.614620e-16 -2.416726e-15 0.000000e+00
-2.500000e-01 2.250000e+00 0.000000e+00 1.183763e-16 -9.102381e-16 0.000000e+00
-2.500000e-01 2.500000e+00 0.000000e+00 3.589461e-17 -3.150976e-16 0.000000e+00
0.000000e+00 -2.500000e+00 0.000000e+00 5.011815e-18 2.483083e-16 0.000000e+00
0.000000e+00 -2.250000e+00 0.000000e+00 1.700634e-17 7.442174e-16 0.000000e+00
0.000000e+00 -2.000000e+00 0.000000e+00 5.335856e-17 2.021547e-15 0.000000e+00
0.000000e+00 -1.750000e+00 0.000000e+00 1.661827e-16 5.352334e-15 0.000000e+00
0.000000e+00 -1.500000e+00 0.000000e+00 5.245813e-16 1.410561e-14 0.000000e+00
0.000000e+00 -1.250000e+00 0.000000e+00 1.634736e-15 3.673722e-14 0.000000e+00
0.000000e+00 -1.000000e+00 0.000000e+00 4.318003e-15 7.971446e-14 0.000000e+00
0.000000e+00 -7.500000e-01 0.000000e+00 8.428358e-15 1.202179e-13 0.000000e+00
0.000000e+00 -5.000000e-01 0.000000e+00 1.219009e-14 1.221115e-13 0.000000e+00
0.000000e+00 -2.500000e-01 0.000000e+00 1.411884e-14 7.912904e-14 0.000000e+00
0.000000e+00 0.000000e+00 0.000000e+00 1.449769e-14 1.106662e-14 0.000000e+00
0.000000e+00 2.500000e-01 0.000000e+00 1.393369e-14 -6.043159e-14 0.000000e+00
0.000000e+00 5.000000e-01 0.000000e+00 1.213417e-14 -1.137719e-13 0.000000e+00
0.000000e+00 7.500000e-01 0.000000e+00 8.690223e-15 -1.264100e-13 0.000000e+00
0.000000e+00 1.000000e+00 0.000000e+00 4.650395e-15 -9.411670e-14 0.000000e+00
0.000000e+00 1.250000e+00 0.000000e+00 1.798412e-15 -4.754882e-14 0.000000e+00
0.000000e+00 1.500000e+00 0.000000e+00 5.778521e-16 -1.864940e-14 0.000000e+00
0.000000e+00 1.750000e+00 0.000000e+00 1.855892e-16 -7.038233e-15 0.000000e+00
0.000000e+00 2.000000e+00 0.000000e+00 5.976933e-17 -2.665796e-15 0.000000e+00
0.000000e+00 2.250000e+00 0.000000e+00 1.895260e-17 -9.955261e-16 0.000000e+00
0.000000e+00 2.500000e+00 0.000000e+00 5.582015e-18 -3.441348e-16 0.000000e+00
2.500000e-01 -2.500000e+00 0.000000e+00 -1.988306e-17 2.382700e-16 0.000000e+00
2.500000e-01 -2.250000e+00 0.000000e+00 -6.746187e-17 7.139705e-16 0.000000e+00
2.500000e-01 -2.000000e+00 0.000000e+00 -2.096452e-16 1.932894e-15 0.000000e+00
2.500000e-01 -1.750000e+00 0.000000e+00 -6.405749e-16 5.086620e-15 0.000000e+00
2.500000e-01 -1.500000e+00 0.000000e+00 -1.970736e-15 1.328875e-14 0.000000e+00
2.500000e-01 -1.250000e+00 0.000000e+00 -6.120340e-15 3.426534e-14 0.000000e+00
2.500000e-01 -1.000000e+00 0.000000e+00 -1.664832e-14 7.452934e-14 0.000000e+00
2.500000e-01 -7.500000e-01 0.000000e+00 -3.361421e-14 1.139801e-13 0.000000e+00
2.500000e-01 -5.000000e-01 0.000000e+00 -5.013091e-14 1.179121e-13 0.000000e+00
2.500000e-01 -2.500000e-01 0.000000e+00 -5.959439e-14 7.776321e-14 0.000000e+00
2.500000e-01 0.000000e+00 0.000000e+00 -6.195587e-14 1.114032e-14 0.000000e+00
2.500000e-01 2.500000e-01 0.000000e+00 -5.928792e-14 -5.928427e-14 0.000000e+00
2.500000e-01 5.000000e-01 0.000000e+00 -5.095162e-14 -1.103472e-13 0.000000e+00
2.500000e-01 7.500000e-01 0.000000e+00 -3.603356e-14 -1.205108e-13 0.000000e+00
2.500000e-01 1.000000e+00 0.000000e+00 -1.918794e-14 -8.837536e-14 0.000000e+00
2.500000e-01 1.250000e+00 0.000000e+00 -7.488485e-15 -4.432425e-14 0.000000e+00
2.500000e-01 1.500000e+00 0.000000e+00 -2.439725e-15 -1.749775e-14 0.000000e+00
2.500000e-01 1.750000e+00 0.000000e+00 -7.946900e-16 -6.670656e-15 0.000000e+00
2.500000e-01 2.000000e+00 0.000000e+00 -2.636458e-16 -2.543066e-15 0.000000e+00
2.500000e-01 2.250000e+00 0.000000e+00 -8.696180e-17 -9.533443e-16 0.000000e+00
2.500000e-01 2.500000e+00 0.000000e+00 -2.664561e-17 -3.295545e-16 0.000000e+00
5.000000e-01 -2.500000e+00 0.000000e+00 -3.725098e-17 1.994388e-16 0.000000e+00
5.000000e-01 -2.250000e+00 0.000000e+00 -1.261860e-16 5.978902e-16 0.000000e+00
5.000000e-01 -2.000000e+00 0.000000e+00 -3.864884e-16 1.597981e-15 0.000000e+00
5.000000e-01 -1.750000e+00 0.000000e+00 -1.149456e-15 4.098387e-15 0.000000e+00
5.000000e-01 -1.500000e+00 0.000000e+00 -3.405533e-15 1.032329e-14 0.000000e+00
5.000000e-01 -1.250000e+00 0.000000e+00 -1.010622e-14 2.551981e-14 0.000000e+00
5.000000e-01 -1.000000e+00 0.000000e+00 -2.742095e-14 5.559308e-14 0.000000e+00
5.000000e-01 -7.500000e-01 0.000000e+00 -5.815803e-14 8.912076e-14 0.000000e+00
5.000000e-01 -5.000000e-01 0.000000e+00 -9.327232e-14 9.804362e-14 0.000000e+00
5.000000e-01 -2.500000e-01 0.000000e+00 -1.193135e-13 6.837519e-14 0.000000e+00
5.000000e-01 0.000000e+00 0.000000e+00 -1.295132e-13 1.047045e-14 0.000000e+00
5.000000e-01 2.500000e-01 0.000000e+00 -1.229795e-13 -5.196486e-14 0.000000e+00
5.000000e-01 5.000000e-01 0.000000e+00 -1.003484e-13 -9.307885e-14 0.000000e+00
5.000000e-01 7.500000e-01 0.000000e+00 -6.646939e-14 -9.615693e-14 0.000000e+00
5.000000e-01 1.000000e+00 0.000000e+00 -3.359132e-14 -6.713776e-14 0.000000e+00
5.000000e-01 1.250000e+00 0.000000e+00 -1.293097e-14 -3.315986e-14 0.000000e+00
5.000000e-01 1.500000e+00 0.000000e+00 -4.352299e-15 -1.354848e-14 0.000000e+00
5.000000e-01 1.750000e+00 0.000000e+00 -1.463969e-15 -5.372005e-15 0.000000e+00
5.000000e-01 2.000000e+00 0.000000e+00 -4.938770e-16 -2.101588e-15 0.000000e+00
5.000000e-01 2.250000e+00 0.000000e+00 -1.637526e-16 -7.996783e-16 0.000000e+00
5.000000e-01 2.500000e+00 0.000000e+00 -4.981870e-17 -2.766105e-16 0.000000e+00
7.500000e-01 -2.500000e+00 0.000000e+00 -4.207576e-17 1.453074e-16 0.000000e+00
7.500000e-01 -2.250000e+00 0.000000e+00 -1.427564e-16 4.375759e-16 0.000000e+00
7.500000e-01 -2.000000e+00 0.000000e+00 -4.289490e-16 1.150603e-15 0.000000e+00
7.500000e-01 -1.750000e+00 0.000000e+00 -1.223317e-15 2.837098e-15 0.000000e+00
7.500000e-01 -1.500000e+00 0.000000e+00 -3.422953e-15 6.766088e-15 0.000000e+00
7.500000e-01 -1.250000e+00 0.000000e+00 -9.425106e-15 1.554637e-14 0.000000e+00
7.500000e-01 -1.000000e+00 0.000000e+00 -2.469147e-14 3.275497e-14 0.000000e+00
7.500000e-01 -7.500000e-01 0.000000e+00 -5.459995e-14 5.459000e-14 0.000000e+00
7.500000e-01 -5.000000e-01 0.000000e+00 -9.470364e-14 6.419629e-14 0.000000e+00
7.500000e-01 -2.500000e-01 0.000000e+00 -1.303912e-13 4.743572e-14 0.000000e+00
7.500000e-01 0.000000e+00 0.000000e+00 -1.471626e-13 7.616396e-15 0.000000e+00
7.500000e-01 2.500000e-01 0.000000e+00 -1.382620e-13 -3.619281e-14 0.000000e+00
7.500000e-01 5.000000e-01 0.000000e+00 -1.070491e-13 -6.202150e-14 0.000000e+00
7.500000e-01 7.500000e-01 0.000000e+00 -6.626831e-14 -6.023612e-14 0.000000e+00
7.500000e-01 1.000000e+00 0.000000e+00 -3.196079e-14 -4.007915e-14 0.000000e+00
7.500000e-01 1.250000e+00 0.000000e+00 -1.251931e-14 -2.004382e-14 0.000000e+00
7.500000e-01 1.500000e+00 0.000000e+00 -4.519942e-15 -8.796026e-15 0.000000e+00
7.500000e-01 1.750000e+00 0.000000e+00 -1.607732e-15 -3.705428e-15 0.000000e+00
7.500000e-01 2.000000e+00 0.000000e+00 -5.628590e-16 -1.511826e-15 0.000000e+00
7.500000e-01 2.250000e+00 0.000000e+00 -1.896602e-16 -5.876387e-16 0.000000e+00
7.500000e-01 2.500000e+00 0.000000e+00 -5.740759e-17 -2.029469e-16 0.000000e+00
1.000000e+00 -2.500000e+00 0.000000e+00 -3.598704e-17 9.175587e-17 0.000000e+00
1.000000e+00 -2.250000e+00 0.000000e+00 -1.234065e-16 2.799574e-16 0.000000e+00
1.000000e+00 -2.000000e+00 0.000000e+00 -3.657064e-16 7.274397e-16 0.000000e+00
1.000000e+00 -1.750000e+00 0.000000e+00 -9.977418e-16 1.717359e-15 0.000000e+00
1.000000e+00 -1.500000e+00 0.000000e+00 -2.617603e-15 3.841936e-15 0.000000e+00
1.000000e+00 -1.250000e+00 0.000000e+00 -6.612022e-15 8.091155e-15 0.000000e+00
1.000000e+00 -1.000000e+00 0.000000e+00 -1.589951e-14 1.565105e-14 0.000000e+00
1.000000e+00 -7.500000e-01 0.000000e+00 -3.441894e-14 2.558531e-14 0.000000e+00
1.000000e+00 -5.000000e-01 0.000000e+00 -6.183860e-14 3.107373e-14 0.000000e+00
1.000000e+00 -2.500000e-01 0.000000e+00 -8.906072e-14 2.382966e-14 0.000000e+00
1.000000e+00 0.000000e+00 0.000000e+00 -1.029042e-13 3.897231e-15 0.000000e+00
1.000000e+00 2.500000e-01 0.000000e+00 -9.578196e-14 -1.830191e-14 0.000000e+00
1.000000e+00 5.000000e-01 0.000000e+00 -7.158155e-14 -3.038029e-14 0.000000e+00
1.000000e+00 7.500000e-01 0.000000e+00 -4.272124e-14 -2.845299e-14 0.000000e+00
1.000000e+00 1.000000e+00 0.000000e+00 -2.071545e-14 -1.891693e-14 0.000000e+00
1.000000e+00 1.250000e+00 0.000000e+00 -8.753634e-15 -1.015485e-14 0.000000e+00
1.000000e+00 1.500000e+00 0.000000e+00 -3.477557e-15 -4.906886e-15 0.000000e+00
1.000000e+00 1.750000e+00 0.000000e+00 -1.326759e-15 -2.219323e-15 0.000000e+00
1.000000e+00 2.000000e+00 0.000000e+00 -4.882395e-16 -9.531946e-16 0.000000e+00
1.000000e+00 2.250000e+00 0.000000e+00 -1.676049e-16 -3.779028e-16 0.000000e+00
1.000000e+00 2.500000e+00 0.000000e+00 -5.031982e-17 -1.294679e-16 0.000000e+00
1.250000e+00 -2.500000e+00 0.000000e+00 -2.468082e-17 4.980424e-17 0.000000e+00
1.250000e+00 -2.250000e+00 0.000000e+00 -8.677601e-17 1.560197e-16 0.000000e+00
1.250000e+00 -2.000000e+00 0.000000e+00 -2.568945e-16 4.052610e-16 0.000000e+00
1.250000e+00 -1.750000e+00 0.000000e+00 -6.772795e-16 9.236514e-16 0.000000e+00
1.250000e+00 -1.500000e+00 0.000000e+00 -1.665874e-15 1.934046e-15 0.000000e+00
1.250000e+00 -1.250000e+00 0.000000e+00 -3.878635e-15 3.748081e-15 0.000000e+00
1.250000e+00 -1.000000e+00 0.000000e+00 -8.423290e-15 6.536498e-15 0.000000e+00
1.250000e+00 -7.500000e-01 0.000000e+00 -1.667534e-14 9.797405e-15 0.000000e+00
1.250000e+00 -5.000000e-01 0.000000e+00 -2.875644e-14 1.148024e-14 0.000000e+00
1.250000e+00 -2.500000e-01 0.000000e+00 -4.115767e-14 8.764356e-15 0.000000e+00
1.250000e+00 0.000000e+00 0.000000e+00 -4.764231e-14 1.428849e-15 0.000000e+00
1.250000e+00 2.500000e-01 0.000000e+00 -4.427346e-14 -6.733758e-15 0.000000e+00
1.250000e+00 5.000000e-01 0.000000e+00 -3.313802e-14 -1.116685e-14 0.000000e+00
1.250000e+00 7.500000e-01 0.000000e+00 -2.032957e-14 -1.068611e-14 0.000000e+00
1.250000e+00 1.000000e+00 0.000000e+00 -1.064640e-14 -7.625759e-15 0.000000e+00
1.250000e+00 1.250000e+00 0.000000e+00 -5.007058e-15 -4.551658e-15 0.000000e+00
1.250000e+00 1.500000e+00 0.000000e+00 -2.180561e-15 -2.412847e-15 0.000000e+00
1.250000e+00 1.750000e+00 0.000000e+00 -8.952092e-16 -1.174862e-15 0.000000e+00
1.250000e+00 2.000000e+00 0.000000e+00 -3.451442e-16 -5.291147e-16 0.000000e+00
1.250000e+00 2.250000e+00 0.000000e+00 -1.197591e-16 -2.118429e-16 0.000000e+00
1.250000e+00 2.500000e+00 0.000000e+00 -3.533422e-17 -7.118264e-17 0.000000e+00
1.500000e+00 -2.500000e+00 0.000000e+00 -1.375476e-17 2.291399e-17 0.000000e+00
1.500000e+00 -2.250000e+00 0.000000e+00 -5.047970e-17 7.497193e-17 0.000000e+00
1.500000e+00 -2.000000e+00 0.000000e+00 -1.519648e-16 1.980226e-16 0.000000e+00
1.500000e+00 -1.750000e+00 0.000000e+00 -3.946804e-16 4.440035e-16 0.000000e+00
1.500000e+00 -1.500000e+00 0.000000e+00 -9.225185e-16 8.809290e-16 0.000000e+00
1.500000e+00 -1.250000e+00 0.000000e+00 -1.993991e-15 1.581582e-15 0.000000e+00
1.500000e+00 -1.000000e+00 0.000000e+00 -3.978360e-15 2.530906e-15 0.000000e+00
1.500000e+00 -7.500000e-01 0.000000e+00 -7.173293e-15 3.452517e-15 0.000000e+00
1.500000e+00 -5.000000e-01 0.000000e+00 -1.139657e-14 3.734548e-15 0.000000e+00
1.500000e+00 -2.500000e-01 0.000000e+00 -1.549449e-14 2.716232e-15 0.000000e+00
1.500000e+00 0.000000e+00 0.000000e+00 -1.758473e-14 4.295962e-16 0.000000e+00
1.500000e+00 2.500000e-01 0.000000e+00 -1.648320e-14 -2.074009e-15 0.000000e+00
1.500000e+00 5.000000e-01 0.000000e+00 -1.283290e-14 -3.556654e-15 0.000000e+00
1.500000e+00 7.500000e-01 0.000000e+00 -8.466789e-15 -3.643999e-15 0.000000e+00
1.500000e+00 1.000000e+00 0.000000e+00 -4.868476e-15 -2.852121e-15 0.000000e+00
1.500000e+00 1.250000e+00 0.000000e+00 -2.505199e-15 -1.863905e-15 0.000000e+00
1.500000e+00 1.500000e+00 0.000000e+00 -1.181511e-15 -1.071261e-15 0.000000e+00
1.500000e+00 1.750000e+00 0.000000e+00 -5.161456e-16 -5.564980e-16 0.000000e+00
1.500000e+00 2.000000e+00 0.000000e+00 -2.045615e-16 -2.579758e-16 0.000000e+00
1.500000e+00 2.250000e+00 0.000000e+00 -7.057687e-17 -1.025905e-16 0.000000e+00
1.500000e+00 2.500000e+00 0.000000e+00 -2.014659e-17 -3.327065e-17 0.000000e+00
1.750000e+00 -2.500000e+00 0.000000e+00 -6.182527e-18 8.754182e-18 0.000000e+00
1.750000e+00 -2.250000e+00 0.000000e+00 -2.415151e-17 3.049860e-17 0.000000e+00
1.750000e+00 -2.000000e+00 0.000000e+00 -7.550322e-17 8.365838e-17 0.000000e+00
1.750000e+00 -1.750000e+00 0.000000e+00 -1.977712e-16 1.889883e-16 0.000000e+00
1.750000e+00 -1.500000e+00 0.000000e+00 -4.514321e-16 3.651450e-16 0.000000e+00
1.750000e+00 -1.250000e+00 0.000000e+00 -9.242182e-16 6.184642e-16 0.000000e+00
1.750000e+00 -1.000000e+00 0.000000e+00 -1.720808e-15 9.211615e-16 0.000000e+00
1.750000e+00 -7.500000e-01 0.000000e+00 -2.895347e-15 1.171022e-15 0.000000e+00
1.750000e+00 -5.000000e-01 0.000000e+00 -4.318554e-15 1.187716e-15 0.000000e+00
1.750000e+00 -2.500000e-01 0.000000e+00 -5.599038e-15 8.225604e-16 0.000000e+00
1.750000e+00 0.000000e+00 0.000000e+00 -6.220817e-15 1.246933e-16 0.000000e+00
1.750000e+00 2.500000e-01 0.000000e+00 -5.888052e-15 -6.257586e-16 0.000000e+00
1.750000e+00 5.000000e-01 0.000000e+00 -4.764635e-15 -1.111286e-15 0.000000e+00
1.750000e+00 7.500000e-01 0.000000e+00 -3.334863e-15 -1.206277e-15 0.000000e+00
1.750000e+00 1.000000e+00 0.000000e+00 -2.053771e-15 -1.010677e-15 0.000000e+00
1.750000e+00 1.250000e+00 0.000000e+00 -1.134730e-15 -7.098307e-16 0.000000e+00
1.750000e+00 1.500000e+00 0.000000e+00 -5.692282e-16 -4.354339e-16 0.000000e+00
1.750000e+00 1.750000e+00 0.000000e+00 -2.573191e-16 -2.348911e-16 0.000000e+00
1.750000e+00 2.000000e+00 0.000000e+00 -1.021640e-16 -1.092230e-16 0.000000e+00
1.750000e+00 2.250000e+00 0.000000e+00 -3.428571e-17 -4.222267e-17 0.000000e+00
1.750000e+00 2.500000e+00 0.000000e+00 -9.280928e-18 -1.295963e-17 0.000000e+00
2.000000e+00 -2.500000e+00 0.000000e+00 -2.198019e-18 2.705046e-18 0.000000e+00
2.000000e+00 -2.250000e+00 0.000000e+00 -9.317590e-18 1.023045e-17 0.000000e+00
2.000000e+00 -2.000000e+00 0.000000e+00 -3.094152e-17 2.981697e-17 0.000000e+00
2.000000e+00 -1.750000e+00 0.000000e+00 -8.388266e-17 6.966686e-17 0.000000e+00
2.000000e+00 -1.500000e+00 0.000000e+00 -1.927453e-16 1.351687e-16 0.000000e+00
2.000000e+00 -1.250000e+00 0.000000e+00 -3.867080e-16 2.233378e-16 0.000000e+00
2.000000e+00 -1.000000e+00 0.000000e+00 -6.903146e-16 3.171221e-16 0.000000e+00
2.000000e+00 -7.500000e-01 0.000000e+00 -1.103467e-15 3.813366e-16 0.000000e+00
2.000000e+00 -5.000000e-01 0.000000e+00 -1.571444e-15 3.684318e-16 0.000000e+00
2.000000e+00 -2.500000e-01 0.000000e+00 -1.972133e-15 2.465454e-16 0.000000e+00
2.000000e+00 0.000000e+00 0.000000e+00 -2.160641e-15 3.617146e-17 0.000000e+00
2.000000e+00 2.500000e-01 0.000000e+00 -2.058585e-15 -1.874794e-16 0.000000e+00
2.000000e+00 5.000000e-01 0.000000e+00 -1.710028e-15 -3.410389e-16 0.000000e+00
2.000000e+00 7.500000e-01 0.000000e+00 -1.248316e-15 -3.860850e-16 0.000000e+00
2.000000e+00 1.000000e+00 0.000000e+00 -8.090130e-16 -3.410999e-16 0.000000e+00
2.000000e+00 1.250000e+00 0.000000e+00 -4.685768e-16 -2.521679e-16 0.000000e+00
2.000000e+00 1.500000e+00 0.000000e+00 -2.418210e-16 -1.597934e-16 0.000000e+00
2.000000e+00 1.750000e+00 0.000000e+00 -1.095329e-16 -8.658403e-17 0.000000e+00
2.000000e+00 2.000000e+00 0.000000e+00 -4.238215e-17 -3.927041e-17 0.000000e+00
2.000000e+00 2.250000e+00 0.000000e+00 -1.350095e-17 -1.440191e-17 0.000000e+00
2.000000e+00 2.500000e+00 0.000000e+00 -3.392384e-18 -4.098059e-18 0.000000e+00
2.250000e+00 -2.500000e+00 0.000000e+00 -6.024234e-19 6.561699e-19 0.000000e+00
2.250000e+00 -2.250000e+00 0.000000e+00 -2.817907e-18 2.739255e-18 0.000000e+00
2.250000e+00 -2.000000e+00 0.000000e+00 -1.015631e-17 8.666989e-18 0.000000e+00
2.250000e+00 -1.750000e+00 0.000000e+00 -2.924667e-17 2.149947e-17 0.000000e+00
2.250000e+00 -1.500000e+00 0.000000e+00 -6.967649e-17 4.316260e-17 0.000000e+00
2.250000e+00 -1.250000e+00 0.000000e+00 -1.415269e-16 7.192509e-17 0.000000e+00
2.250000e+00 -1.000000e+00 0.000000e+00 -2.506292e-16 1.007825e-16 0.000000e+00
2.250000e+00 -7.500000e-01 0.000000e+00 -3.919609e-16 1.178931e-16 0.000000e+00
2.250000e+00 -5.000000e-01 0.000000e+00 -5.437044e-16 1.104127e-16 0.000000e+00
2.250000e+00 -2.500000e-01 0.000000e+00 -6.681360e-16 7.207143e-17 0.000000e+00
2.250000e+00 0.000000e+00 0.000000e+00 -7.251789e-16 1.027177e-17 0.000000e+00
2.250000e+00 2.500000e-01 0.000000e+00 -6.941490e-16 -5.492049e-17 0.000000e+00
2.250000e+00 5.000000e-01 0.000000e+00 -5.866985e-16 -1.016389e-16 0.000000e+00
2.250000e+00 7.500000e-01 0.000000e+00 -4.390611e-16 -1.182994e-16 0.000000e+00
2.250000e+00 1.000000e+00 0.000000e+00 -2.913737e-16 -1.074871e-16 0.000000e+00
2.250000e+00 1.250000e+00 0.000000e+00 -1.709510e-16 -8.083555e-17 0.000000e+00
2.250000e+00 1.500000e+00 0.000000e+00 -8.773991e-17 -5.109823e-17 0.000000e+00
2.250000e+00 1.750000e+00 0.000000e+00 -3.862342e-17 -2.694840e-17 0.000000e+00
2.250000e+00 2.000000e+00 0.000000e+00 -1.417275e-17 -1.159192e-17 0.000000e+00
2.250000e+00 2.250000e+00 0.000000e+00 -4.186306e-18 -3.939372e-18 0.000000e+00
2.250000e+00 2.500000e+00 0.000000e+00 -9.580168e-19 -1.019978e-18 0.000000e+00
2.500000e+00 -2.500000e+00 0.000000e+00 -1.238854e-19 1.212512e-19 0.000000e+00
2.500000e+00 -2.250000e+00 0.000000e+00 -6.469035e-19 5.651535e-19 0.000000e+00
2.500000e+00 -2.000000e+00 0.000000e+00 -2.574087e-18 1.974180e-18 0.000000e+00
2.500000e+00 -1.750000e+00 0.000000e+00 -8.049152e-18 5.315327e-18 0.000000e+00
2.500000e+00 -1.500000e+00 0.000000e+00 -2.041056e-17 1.134336e-17 0.000000e+00
2.500000e+00 -1.250000e+00 0.000000e+00 -4.319930e-17 1.964790e-17 0.000000e+00
2.500000e+00 -1.000000e+00 0.000000e+00 -7.815911e-17 2.802474e-17 0.000000e+00
2.500000e+00 -7.500000e-01 0.000000e+00 -1.230028e-16 3.284715e-17 0.000000e+00
2.500000e+00 -5.000000e-01 0.000000e+00 -1.701743e-16 3.055233e-17 0.000000e+00
2.500000e+00 -2.500000e-01 0.000000e+00 -2.080364e-16 1.975874e-17 0.000000e+00
2.500000e+00 0.000000e+00 0.000000e+00 -2.251333e-16 2.743328e-18 0.000000e+00
2.500000e+00 2.500000e-01 0.000000e+00 -2.157808e-16 -1.515064e-17 0.000000e+00
2.500000e+00 5.000000e-01 0.000000e+00 -1.831552e-16 -2.815146e-17 0.000000e+00
2.500000e+00 7.500000e-01 0.000000e+00 -1.374833e-16 -3.294783e-17 0.000000e+00
2.500000e+00 1.000000e+00 0.000000e+00 -9.087480e-17 -2.991633e-17 0.000000e+00
2.500000e+00 1.250000e+00 0.000000e+00 -5.241085e-17 -2.218389e-17 0.000000e+00
2.500000e+00 1.500000e+00 0.000000e+00 -2.596520e-17 -1.356150e-17 0.000000e+00
2.500000e+00 1.750000e+00 0.000000e+00 -1.080548e-17 -6.765045e-18 0.000000e+00
2.500000e+00 2.000000e+00 0.000000e+00 -3.672338e-18 -2.694300e-18 0.000000e+00
2.500000e+00 2.250000e+00 0.000000e+00 -9.870198e-19 -8.325226e-19 0.000000e+00
2.500000e+00 2.500000e+00 0.000000e+00 -2.029659e-19 -1.935296e-19 0.000000e+00
