0.000000e+00 0.000000e+00 -1.000000e+00 4.354932e-30 8.392179e-30 4.091233e-13
0.000000e+00 0.000000e+00 -9.500000e-01 9.298905e-31 5.294750e-32 4.131745e-13
0.000000e+00 0.000000e+00 -9.000000e-01 -5.691857e-31 2.912113e-31 4.161290e-13
0.000000e+00 0.000000e+00 -8.500000e-01 -1.247079e-29 2.779744e-29 4.185024e-13
0.000000e+00 0.000000e+00 -8.000000e-01 2.426721e-28 -2.990210e-28 4.205967e-13
0.000000e+00 0.000000e+00 -7.500000e-01 -2.281045e-29 1.899492e-30 4.225779e-13
0.000000e+00 0.000000e+00 -7.000000e-01 2.910948e-27 -3.751132e-28 4.245492e-13
0.000000e+00 0.000000e+00 -6.500000e-01 -5.232967e-28 3.677800e-28 4.265580e-13
0.000000e+00 0.000000e+00 -6.000000e-01 -4.583268e-31 -2.716869e-30 4.285952e-13
0.000000e+00 0.000000e+00 -5.500000e-01 1.201246e-30 2.551408e-30 4.306200e-13
0.000000e+00 0.000000e+00 -5.000000e-01 3.315837e-30 5.327842e-31 4.325963e-13
0.000000e+00 0.000000e+00 -4.500000e-01 -4.417807e-31 4.556794e-30 4.345085e-13
0.000000e+00 0.000000e+00 -4.000000e-01 2.283361e-31 4.963828e-31 4.363513e-13
0.000000e+00 0.000000e+00 -3.500000e-01 4.632906e-32 9.017622e-32 4.381118e-13
0.000000e+00 0.000000e+00 -3.000000e-01 1.166831e-29 3.050273e-30 4.397374e-13
0.000000e+00 0.000000e+00 -2.500000e-01 5.625672e-32 -2.804563e-30 4.411480e-13
0.000000e+00 0.000000e+00 -2.000000e-01 4.982029e-30 -2.636289e-29 4.422492e-13
0.000000e+00 0.000000e+00 -1.500000e-01 -5.694545e-28 -3.477989e-30 4.429497e-13
0.000000e+00 0.000000e+00 -1.000000e-01 -1.711743e-28 7.262172e-28 4.431629e-13
0.000000e+00 0.000000e+00 -5.000000e-02 -4.369699e-28 -1.474629e-29 4.428105e-13
0.000000e+00 0.000000e+00 3.191891e-16 -9.592832e-27 -3.636490e-27 4.418299e-13
0.000000e+00 0.000000e+00 5.000000e-02 -1.194628e-30 1.675292e-30 4.401935e-13
0.000000e+00 0.000000e+00 1.000000e-01 1.523490e-28 3.095549e-28 4.379214e-13
0.000000e+00 0.000000e+00 1.500000e-01 -4.703806e-29 2.613501e-28 4.350763e-13
0.000000e+00 0.000000e+00 2.000000e-01 4.348264e-28 -2.872853e-28 4.317425e-13
0.000000e+00 0.000000e+00 2.500000e-01 -9.133444e-31 1.518518e-30 4.280053e-13
0.000000e+00 0.000000e+00 3.000000e-01 1.671156e-31 -1.270120e-30 4.239286e-13
0.000000e+00 0.000000e+00 3.500000e-01 3.845974e-29 4.191002e-29 4.195715e-13
0.000000e+00 0.000000e+00 4.000000e-01 -5.501411e-29 1.530162e-29 4.149594e-13
0.000000e+00 0.000000e+00 4.500000e-01 5.592580e-31 6.020710e-31 4.100861e-13
0.000000e+00 0.000000e+00 5.000000e-01 -2.150992e-32 1.138837e-30 4.048893e-13
0.000000e+00 0.000000e+00 5.500000e-01 -1.035372e-30 -1.364019e-31 3.992408e-13
0.000000e+00 0.000000e+00 6.000000e-01 2.635520e-28 -3.970614e-28 3.929486e-13
0.000000e+00 0.000000e+00 6.500000e-01 1.723689e-30 -5.238167e-28 3.857742e-13
0.000000e+00 0.000000e+00 7.000000e-01 2.977470e-30 -3.559892e-30 3.774593e-13
0.000000e+00 0.000000e+00 7.500000e-01 -3.158319e-29 6.425469e-30 3.677596e-13
0.000000e+00 0.000000e+00 8.000000e-01 8.479873e-31 -1.846751e-30 3.565049e-13
0.000000e+00 0.000000e+00 8.500000e-01 9.762196e-32 4.370237e-31 3.437129e-13
0.000000e+00 0.000000e+00 9.000000e-01 1.662883e-31 -6.680486e-31 3.297398e-13
0.000000e+00 0.000000e+00 9.500000e-01 5.125153e-31 2.673022e-30 3.153426e-13
0.000000e+00 0.000000e+00 1.000000e+00 -1.075496e-31 -1.650473e-31 3.014918e-13
0.000000e+00 0.000000e+00 1.050000e+00 5.720812e-31 6.343359e-31 2.889707e-13
0.000000e+00 0.000000e+00 1.100000e+00 4.852142e-31 -6.243048e-31 2.780453e-13
0.000000e+00 0.000000e+00 1.150000e+00 7.195069e-30 8.949679e-30 2.684577e-13
0.000000e+00 0.000000e+00 1.200000e+00 2.721833e-31 1.541786e-30 2.596931e-13
0.000000e+00 0.000000e+00 1.250000e+00 -5.001057e-31 7.293467e-31 2.512788e-13
0.000000e+00 0.000000e+00 1.300000e+00 -8.629119e-29 9.050786e-29 2.429345e-13
0.000000e+00 0.000000e+00 1.350000e+00 4.674272e-32 7.509859e-31 2.345745e-13
0.000000e+00 0.000000e+00 1.400000e+00 1.274049e-31 -9.478844e-31 2.262352e-13
0.000000e+00 0.000000e+00 1.450000e+00 1.092042e-31 3.325765e-31 2.180012e-13
0.000000e+00 0.000000e+00 1.500000e+00 -3.455031e-30 -1.166003e-29 2.099574e-13
0.000000e+00 0.000000e+00 1.550000e+00 -1.778705e-31 9.100352e-33 2.021683e-13
0.000000e+00 0.000000e+00 1.600000e+00 5.336115e-32 -1.087906e-31 1.946739e-13
0.000000e+00 0.000000e+00 1.650000e+00 1.137544e-32 1.937961e-31 1.874937e-13
0.000000e+00 0.000000e+00 1.700000e+00 2.898876e-29 1.384916e-28 1.806325e-13
0.000000e+00 0.000000e+00 1.750000e+00 1.092249e-30 -5.480480e-30 1.740856e-13
0.000000e+00 0.000000e+00 1.800000e+00 2.900696e-29 -1.771586e-28 1.678428e-13
0.000000e+00 0.000000e+00 1.850000e+00 2.109627e-32 3.309219e-31 1.618912e-13
0.000000e+00 0.000000e+00 1.900000e+00 5.940048e-31 2.248201e-30 1.562166e-13
0.000000e+00 0.000000e+00 1.950000e+00 7.569838e-32 -5.118948e-30 1.508046e-13
