Iteration# z ADDATime OurCalcTime
1.0000000000 -0.0500000000 0.0000000000 41.3000000000
2.0000000000 0.0000000000 0.0000000000 41.5000000000
3.0000000000 0.0500000000 0.0000000000 41.5200000000
4.0000000000 0.1000000000 0.0000000000 41.5800000000
5.0000000000 0.0750000000 0.0000000000 41.6000000000
6.0000000000 0.1000000000 0.0100000000 41.6100000000
7.0000000000 0.0875000000 0.0000000000 41.2900000000
8.0000000000 0.0812500000 0.0000000000 41.2100000000
9.0000000000 0.0875000000 0.0100000000 41.5800000000
10.0000000000 0.0843750000 0.0000000000 42.0300000000
11.0000000000 0.0828125000 0.0000000000 41.6600000000
12.0000000000 0.0843750000 0.0000000000 42.2400000000
13.0000000000 0.0835937500 0.0000000000 41.6000000000
14.0000000000 0.0832031250 0.0100000000 41.3400000000
15.0000000000 0.0835937500 0.0000000000 41.2900000000
16.0000000000 0.0833984375 0.0100000000 40.7300000000
17.0000000000 0.0833007813 0.0000000000 41.2800000000
18.0000000000 0.0833984375 0.0000000000 41.4200000000
19.0000000000 0.0833496094 0.0000000000 40.8900000000
20.0000000000 0.0833251953 0.0000000000 41.2700000000
21.0000000000 0.0833129883 0.0000000000 40.8800000000
22.0000000000 0.0833068848 0.0100000000 41.1900000000
1.0000000000 0.0833129883 0.0100000000 41.0600000000
2.0000000000 0.0833190918 0.0000000000 41.1900000000
3.0000000000 0.0833251953 0.0000000000 41.3700000000
4.0000000000 0.0833312988 0.0000000000 40.5500000000
5.0000000000 0.0833374023 0.0100000000 40.9600000000
6.0000000000 0.0833435059 0.0100000000 41.1600000000
7.0000000000 0.0833496094 0.0000000000 41.8800000000
8.0000000000 0.0833557129 0.0000000000 40.4800000000
9.0000000000 0.0833618164 0.0000000000 40.6600000000
10.0000000000 0.0833679199 0.0000000000 40.9700000000
11.0000000000 0.0833740234 0.0000000000 40.5300000000
12.0000000000 0.0833801270 0.0000000000 41.1700000000
13.0000000000 0.0833862305 0.0000000000 40.8400000000
14.0000000000 0.0833923340 0.0000000000 41.5200000000
15.0000000000 0.0833984375 0.0100000000 40.9000000000
16.0000000000 0.0834045410 0.0100000000 41.2300000000
17.0000000000 0.0834106445 0.0100000000 40.8500000000
18.0000000000 0.0834167480 0.0000000000 41.1000000000
19.0000000000 0.0834228516 0.0000000000 41.1800000000
20.0000000000 0.0834289551 0.0000000000 40.9800000000
21.0000000000 0.0834350586 0.0000000000 40.9300000000
22.0000000000 0.0834411621 0.0100000000 41.3600000000
23.0000000000 0.0834472656 0.0000000000 41.1800000000
24.0000000000 0.0834533691 0.0100000000 41.2600000000
25.0000000000 0.0834594727 0.0100000000 40.8600000000
26.0000000000 0.0834655762 0.0000000000 40.8600000000
27.0000000000 0.0834716797 0.0000000000 41.8300000000
28.0000000000 0.0834777832 0.0000000000 41.1100000000
29.0000000000 0.0834838867 0.0000000000 41.2400000000
30.0000000000 0.0834899902 0.0000000000 40.8800000000
31.0000000000 0.0834960937 0.0000000000 40.9700000000
32.0000000000 0.0835021973 0.0000000000 41.7700000000
33.0000000000 0.0835083008 0.0100000000 40.4700000000
34.0000000000 0.0835144043 0.0000000000 40.5400000000
35.0000000000 0.0835205078 0.0100000000 41.0200000000
36.0000000000 0.0835266113 0.0100000000 40.6000000000
37.0000000000 0.0835327148 0.0000000000 40.8800000000
38.0000000000 0.0835388184 0.0000000000 40.8600000000
39.0000000000 0.0835449219 0.0000000000 41.0900000000
40.0000000000 0.0835510254 0.0000000000 40.5700000000
41.0000000000 0.0835571289 0.0000000000 40.4600000000
42.0000000000 0.0835632324 0.0000000000 42.1800000000
43.0000000000 0.0835693359 0.0000000000 40.7300000000
44.0000000000 0.0835754395 0.0000000000 40.4500000000
45.0000000000 0.0835815430 0.0000000000 41.0400000000
46.0000000000 0.0835876465 0.0000000000 40.6900000000
47.0000000000 0.0835937500 0.0000000000 40.4700000000
48.0000000000 0.0835998535 0.0000000000 40.9600000000
49.0000000000 0.0836059570 0.0000000000 41.0300000000
50.0000000000 0.0836120605 0.0000000000 40.6300000000
51.0000000000 0.0836181641 0.0000000000 40.7600000000
52.0000000000 0.0836242676 0.0100000000 41.1100000000
53.0000000000 0.0836303711 0.0100000000 41.2300000000
54.0000000000 0.0836364746 0.0000000000 40.6500000000
55.0000000000 0.0836425781 0.0000000000 40.9800000000
56.0000000000 0.0836486816 0.0100000000 40.9800000000
57.0000000000 0.0836547852 0.0100000000 41.1100000000
58.0000000000 0.0836608887 0.0000000000 40.3200000000
59.0000000000 0.0836669922 0.0000000000 40.8300000000
60.0000000000 0.0836730957 0.0000000000 41.8000000000
61.0000000000 0.0836791992 0.0000000000 41.2500000000
62.0000000000 0.0836853027 0.0100000000 41.1500000000
63.0000000000 0.0836914062 0.0000000000 41.4100000000
64.0000000000 0.0836975098 0.0000000000 41.3000000000
65.0000000000 0.0837036133 0.0000000000 41.5600000000
66.0000000000 0.0837097168 0.0100000000 41.3300000000
67.0000000000 0.0837158203 0.0000000000 40.9600000000
68.0000000000 0.0837219238 0.0100000000 41.2400000000
69.0000000000 0.0837280273 0.0000000000 41.3200000000
70.0000000000 0.0837341309 0.0000000000 41.2000000000
71.0000000000 0.0837402344 0.0000000000 41.5900000000
72.0000000000 0.0837463379 0.0000000000 41.5100000000
73.0000000000 0.0837524414 0.0100000000 40.9300000000
74.0000000000 0.0837585449 0.0100000000 41.0300000000
75.0000000000 0.0837646484 0.0000000000 41.1300000000
76.0000000000 0.0837707520 0.0100000000 40.9800000000
77.0000000000 0.0837768555 0.0000000000 41.2800000000
78.0000000000 0.0837829590 0.0000000000 41.1500000000
79.0000000000 0.0837890625 0.0000000000 40.8900000000
80.0000000000 0.0837951660 0.0000000000 40.9600000000
81.0000000000 0.0838012695 0.0000000000 41.6600000000
82.0000000000 0.0838073730 0.0000000000 41.7300000000
83.0000000000 0.0838134766 0.0000000000 41.6200000000
84.0000000000 0.0838195801 0.0100000000 40.8100000000
85.0000000000 0.0838256836 0.0100000000 41.1700000000
86.0000000000 0.0838317871 0.0100000000 42.1200000000
87.0000000000 0.0838378906 0.0000000000 41.0500000000
88.0000000000 0.0838439941 0.0000000000 41.1300000000
89.0000000000 0.0838500977 0.0000000000 43.5200000000
90.0000000000 0.0838562012 0.0000000000 42.3600000000
91.0000000000 0.0838623047 0.0000000000 42.9400000000
92.0000000000 0.0838684082 0.0000000000 42.5100000000
93.0000000000 0.0838745117 0.0000000000 43.1700000000
94.0000000000 0.0838806152 0.0000000000 42.0700000000
95.0000000000 0.0838867187 0.0000000000 41.8200000000
96.0000000000 0.0838928223 0.0100000000 42.2700000000
97.0000000000 0.0838989258 0.0000000000 42.8800000000
98.0000000000 0.0839050293 0.0000000000 44.2700000000
99.0000000000 0.0839111328 0.0000000000 45.9700000000
100.0000000000 0.0839172363 0.0000000000 42.8600000000
101.0000000000 0.0839233398 0.0000000000 42.2900000000
102.0000000000 0.0839294434 0.0000000000 42.0000000000
103.0000000000 0.0839355469 0.0000000000 43.4300000000
104.0000000000 0.0839416504 0.0000000000 42.4100000000
105.0000000000 0.0839477539 0.0100000000 41.8700000000
106.0000000000 0.0839538574 0.0000000000 42.1000000000
107.0000000000 0.0839599609 0.0000000000 42.3300000000
108.0000000000 0.0839660645 0.0000000000 42.7200000000
109.0000000000 0.0839721680 0.0000000000 42.6800000000
110.0000000000 0.0839782715 0.0100000000 42.4200000000
111.0000000000 0.0839843750 0.0000000000 41.9000000000
112.0000000000 0.0839904785 0.0000000000 42.8100000000
113.0000000000 0.0839965820 0.0000000000 41.9400000000
114.0000000000 0.0840026855 0.0100000000 41.3600000000
115.0000000000 0.0840087891 0.0000000000 41.3500000000
116.0000000000 0.0840148926 0.0000000000 41.7600000000
117.0000000000 0.0840209961 0.0000000000 42.9500000000
118.0000000000 0.0840270996 0.0000000000 45.1500000000
119.0000000000 0.0840332031 0.0000000000 44.4100000000
120.0000000000 0.0840393066 0.0000000000 43.0700000000
121.0000000000 0.0840454102 0.0100000000 41.7300000000
122.0000000000 0.0840515137 0.0000000000 42.0000000000
123.0000000000 0.0840576172 0.0000000000 42.6500000000
124.0000000000 0.0840637207 0.0000000000 41.6800000000
125.0000000000 0.0840698242 0.0000000000 41.8600000000
126.0000000000 0.0840759277 0.0100000000 42.3200000000
127.0000000000 0.0840820312 0.0100000000 41.5800000000
128.0000000000 0.0840881348 0.0000000000 42.1200000000
129.0000000000 0.0840942383 0.0100000000 42.3900000000
130.0000000000 0.0841003418 0.0100000000 42.1300000000
131.0000000000 0.0841064453 0.0000000000 41.8400000000
132.0000000000 0.0841125488 0.0000000000 42.3200000000
133.0000000000 0.0841186523 0.0100000000 44.7900000000
134.0000000000 0.0841247559 0.0000000000 46.0900000000
135.0000000000 0.0841308594 0.0000000000 42.2600000000
136.0000000000 0.0841369629 0.0000000000 41.2500000000
137.0000000000 0.0841430664 0.0000000000 42.5400000000
138.0000000000 0.0841491699 0.0000000000 42.3500000000
139.0000000000 0.0841552734 0.0000000000 42.1500000000
140.0000000000 0.0841613770 0.0000000000 40.9900000000
141.0000000000 0.0841674805 0.0000000000 41.3000000000
142.0000000000 0.0841735840 0.0000000000 41.4600000000
143.0000000000 0.0841796875 0.0100000000 43.7600000000
144.0000000000 0.0841857910 0.0000000000 41.7500000000
145.0000000000 0.0841918945 0.0000000000 43.0200000000
146.0000000000 0.0841979980 0.0000000000 42.0700000000
147.0000000000 0.0842041016 0.0000000000 42.1400000000
148.0000000000 0.0842102051 0.0000000000 43.3000000000
149.0000000000 0.0842163086 0.0000000000 42.9000000000
150.0000000000 0.0842224121 0.0000000000 43.2300000000
151.0000000000 0.0842285156 0.0000000000 43.1900000000
152.0000000000 0.0842346191 0.0000000000 43.4200000000
153.0000000000 0.0842407227 0.0000000000 44.2400000000
154.0000000000 0.0842468262 0.0000000000 44.0500000000
155.0000000000 0.0842529297 0.0000000000 43.5400000000
156.0000000000 0.0842590332 0.0100000000 43.4700000000
157.0000000000 0.0842651367 0.0000000000 43.4600000000
158.0000000000 0.0842712402 0.0100000000 42.7300000000
159.0000000000 0.0842773437 0.0000000000 42.8500000000
160.0000000000 0.0842834473 0.0000000000 42.5300000000
161.0000000000 0.0842895508 0.0000000000 42.3900000000
162.0000000000 0.0842956543 0.0000000000 41.8600000000
163.0000000000 0.0843017578 0.0000000000 41.9800000000
164.0000000000 0.0843078613 0.0000000000 42.2800000000
165.0000000000 0.0843139648 0.0000000000 42.3200000000
166.0000000000 0.0843200684 0.0000000000 41.7400000000
167.0000000000 0.0843261719 0.0000000000 43.9000000000
168.0000000000 0.0843322754 0.0000000000 44.6800000000
169.0000000000 0.0843383789 0.0000000000 43.7300000000
170.0000000000 0.0843444824 0.0000000000 42.8100000000
171.0000000000 0.0843505859 0.0000000000 43.1000000000
172.0000000000 0.0843566895 0.0000000000 43.5700000000
173.0000000000 0.0843627930 0.0000000000 43.8000000000
174.0000000000 0.0843688965 0.0000000000 42.4300000000
175.0000000000 0.0843750000 0.0000000000 41.1000000000
176.0000000000 0.0843811035 0.0000000000 41.1000000000
177.0000000000 0.0843872070 0.0000000000 40.9000000000
178.0000000000 0.0843933105 0.0000000000 40.9200000000
179.0000000000 0.0843994141 0.0000000000 40.8300000000
180.0000000000 0.0844055176 0.0100000000 40.8700000000
181.0000000000 0.0844116211 0.0100000000 40.8000000000
182.0000000000 0.0844177246 0.0100000000 41.1300000000
183.0000000000 0.0844238281 0.0000000000 41.1900000000
184.0000000000 0.0844299316 0.0000000000 41.6600000000
185.0000000000 0.0844360352 0.0000000000 41.4600000000
186.0000000000 0.0844421387 0.0000000000 41.5800000000
187.0000000000 0.0844482422 0.0000000000 41.1600000000
188.0000000000 0.0844543457 0.0100000000 41.5300000000
189.0000000000 0.0844604492 0.0000000000 41.5600000000
190.0000000000 0.0844665527 0.0100000000 41.5000000000
191.0000000000 0.0844726562 0.0000000000 41.3500000000
192.0000000000 0.0844787598 0.0100000000 40.7600000000
193.0000000000 0.0844848633 0.0000000000 41.0800000000
194.0000000000 0.0844909668 0.0000000000 40.9800000000
195.0000000000 0.0844970703 0.0000000000 41.0000000000
196.0000000000 0.0845031738 0.0000000000 41.0700000000
197.0000000000 0.0845092773 0.0000000000 40.8100000000
198.0000000000 0.0845153809 0.0000000000 41.2800000000
199.0000000000 0.0845214844 0.0000000000 40.8500000000
200.0000000000 0.0845275879 0.0000000000 41.4500000000
201.0000000000 0.0845336914 0.0000000000 41.4500000000
202.0000000000 0.0845397949 0.0100000000 42.1900000000
203.0000000000 0.0845458984 0.0000000000 41.0600000000
204.0000000000 0.0845520020 0.0000000000 40.9100000000
205.0000000000 0.0845581055 0.0000000000 41.2100000000
206.0000000000 0.0845642090 0.0000000000 41.3100000000
207.0000000000 0.0845703125 0.0000000000 41.3000000000
208.0000000000 0.0845764160 0.0000000000 41.4100000000
209.0000000000 0.0845825195 0.0100000000 41.6900000000
210.0000000000 0.0845886230 0.0000000000 41.0000000000
211.0000000000 0.0845947266 0.0000000000 41.5400000000
212.0000000000 0.0846008301 0.0000000000 41.1800000000
213.0000000000 0.0846069336 0.0000000000 41.2000000000
214.0000000000 0.0846130371 0.0000000000 41.3700000000
215.0000000000 0.0846191406 0.0000000000 40.9100000000
216.0000000000 0.0846252441 0.0000000000 41.2800000000
217.0000000000 0.0846313477 0.0000000000 41.2800000000
218.0000000000 0.0846374512 0.0000000000 41.9000000000
219.0000000000 0.0846435547 0.0000000000 41.5300000000
220.0000000000 0.0846496582 0.0100000000 41.3300000000
221.0000000000 0.0846557617 0.0100000000 41.5600000000
222.0000000000 0.0846618652 0.0000000000 41.3200000000
223.0000000000 0.0846679687 0.0000000000 41.2700000000
224.0000000000 0.0846740723 0.0000000000 40.9900000000
225.0000000000 0.0846801758 0.0000000000 40.9500000000
226.0000000000 0.0846862793 0.0000000000 41.3600000000
227.0000000000 0.0846923828 0.0000000000 40.8600000000
228.0000000000 0.0846984863 0.0100000000 40.5900000000
229.0000000000 0.0847045898 0.0000000000 40.9500000000
230.0000000000 0.0847106934 0.0000000000 40.8300000000
231.0000000000 0.0847167969 0.0100000000 41.1300000000
232.0000000000 0.0847229004 0.0000000000 41.2800000000
233.0000000000 0.0847290039 0.0100000000 41.3700000000
234.0000000000 0.0847351074 0.0000000000 41.2500000000
235.0000000000 0.0847412109 0.0000000000 41.1100000000
236.0000000000 0.0847473145 0.0000000000 40.7200000000
237.0000000000 0.0847534180 0.0000000000 41.0100000000
238.0000000000 0.0847595215 0.0000000000 40.7800000000
239.0000000000 0.0847656250 0.0000000000 40.7700000000
240.0000000000 0.0847717285 0.0000000000 41.1400000000
241.0000000000 0.0847778320 0.0000000000 41.0800000000
242.0000000000 0.0847839355 0.0000000000 41.5300000000
243.0000000000 0.0847900391 0.0000000000 40.7200000000
244.0000000000 0.0847961426 0.0000000000 41.0500000000
245.0000000000 0.0848022461 0.0000000000 40.8900000000
246.0000000000 0.0848083496 0.0000000000 41.0100000000
247.0000000000 0.0848144531 0.0000000000 40.6800000000
248.0000000000 0.0848205566 0.0000000000 40.7500000000
249.0000000000 0.0848266602 0.0100000000 40.9200000000
250.0000000000 0.0848327637 0.0000000000 41.1000000000
251.0000000000 0.0848388672 0.0000000000 40.7300000000
252.0000000000 0.0848449707 0.0000000000 40.8200000000
253.0000000000 0.0848510742 0.0000000000 41.0000000000
254.0000000000 0.0848571777 0.0000000000 40.8700000000
255.0000000000 0.0848632812 0.0000000000 40.7400000000
256.0000000000 0.0848693848 0.0000000000 40.9600000000
257.0000000000 0.0848754883 0.0000000000 40.7600000000
258.0000000000 0.0848815918 0.0100000000 41.1600000000
259.0000000000 0.0848876953 0.0000000000 41.0000000000
260.0000000000 0.0848937988 0.0000000000 40.8700000000
261.0000000000 0.0848999023 0.0000000000 41.1100000000
262.0000000000 0.0849060059 0.0000000000 41.4800000000
263.0000000000 0.0849121094 0.0000000000 41.6600000000
264.0000000000 0.0849182129 0.0000000000 41.1700000000
265.0000000000 0.0849243164 0.0000000000 41.1500000000
266.0000000000 0.0849304199 0.0000000000 41.6600000000
267.0000000000 0.0849365234 0.0100000000 40.6400000000
268.0000000000 0.0849426270 0.0000000000 41.0300000000
269.0000000000 0.0849487305 0.0000000000 40.7600000000
270.0000000000 0.0849548340 0.0000000000 41.2600000000
271.0000000000 0.0849609375 0.0000000000 41.4500000000
272.0000000000 0.0849670410 0.0000000000 41.2000000000
273.0000000000 0.0849731445 0.0000000000 41.1700000000
274.0000000000 0.0849792480 0.0000000000 40.9400000000
275.0000000000 0.0849853516 0.0100000000 41.5100000000
276.0000000000 0.0849914551 0.0000000000 41.8200000000
277.0000000000 0.0849975586 0.0100000000 41.3300000000
278.0000000000 0.0850036621 0.0000000000 41.7100000000
279.0000000000 0.0850097656 0.0100000000 41.2600000000
280.0000000000 0.0850158691 0.0000000000 41.0900000000
281.0000000000 0.0850219727 0.0000000000 41.1900000000
282.0000000000 0.0850280762 0.0000000000 40.5900000000
283.0000000000 0.0850341797 0.0000000000 41.3700000000
284.0000000000 0.0850402832 0.0000000000 41.2600000000
285.0000000000 0.0850463867 0.0000000000 42.5100000000
286.0000000000 0.0850524902 0.0100000000 41.2300000000
287.0000000000 0.0850585937 0.0100000000 40.9300000000
288.0000000000 0.0850646973 0.0000000000 40.7600000000
289.0000000000 0.0850708008 0.0000000000 40.9900000000
290.0000000000 0.0850769043 0.0100000000 41.3700000000
291.0000000000 0.0850830078 0.0000000000 41.0600000000
292.0000000000 0.0850891113 0.0000000000 40.8200000000
293.0000000000 0.0850952148 0.0100000000 41.1500000000
294.0000000000 0.0851013184 0.0100000000 40.8400000000
295.0000000000 0.0851074219 0.0000000000 41.0800000000
296.0000000000 0.0851135254 0.0000000000 41.7300000000
297.0000000000 0.0851196289 0.0000000000 42.0800000000
298.0000000000 0.0851257324 0.0000000000 41.2200000000
299.0000000000 0.0851318359 0.0100000000 41.0600000000
300.0000000000 0.0851379395 0.0000000000 41.2300000000
301.0000000000 0.0851440430 0.0000000000 41.0400000000
302.0000000000 0.0851501465 0.0000000000 41.0300000000
303.0000000000 0.0851562500 0.0000000000 41.1500000000
304.0000000000 0.0851623535 0.0000000000 40.8900000000
305.0000000000 0.0851684570 0.0000000000 41.1400000000
306.0000000000 0.0851745605 0.0000000000 42.4800000000
307.0000000000 0.0851806641 0.0000000000 41.6100000000
308.0000000000 0.0851867676 0.0000000000 41.5800000000
309.0000000000 0.0851928711 0.0000000000 40.9700000000
310.0000000000 0.0851989746 0.0000000000 41.5600000000
311.0000000000 0.0852050781 0.0000000000 41.0500000000
312.0000000000 0.0852111816 0.0000000000 41.5000000000
313.0000000000 0.0852172852 0.0000000000 41.4900000000
314.0000000000 0.0852233887 0.0000000000 41.0500000000
315.0000000000 0.0852294922 0.0000000000 41.7700000000
316.0000000000 0.0852355957 0.0000000000 41.8600000000
317.0000000000 0.0852416992 0.0000000000 41.5900000000
318.0000000000 0.0852478027 0.0000000000 41.2200000000
319.0000000000 0.0852539062 0.0000000000 40.9100000000
320.0000000000 0.0852600098 0.0000000000 41.0200000000
321.0000000000 0.0852661133 0.0000000000 40.8000000000
322.0000000000 0.0852722168 0.0000000000 40.7800000000
323.0000000000 0.0852783203 0.0000000000 41.2300000000
324.0000000000 0.0852844238 0.0000000000 41.0600000000
325.0000000000 0.0852905273 0.0000000000 41.7900000000
326.0000000000 0.0852966309 0.0000000000 41.7200000000
327.0000000000 0.0853027344 0.0000000000 42.3100000000
328.0000000000 0.0853088379 0.0000000000 43.6500000000
329.0000000000 0.0853149414 0.0100000000 43.5700000000
330.0000000000 0.0853210449 0.0000000000 45.9200000000
331.0000000000 0.0853271484 0.0000000000 42.1000000000
332.0000000000 0.0853332520 0.0000000000 41.8000000000
333.0000000000 0.0853393555 0.0000000000 42.2900000000
334.0000000000 0.0853454590 0.0000000000 41.8300000000
335.0000000000 0.0853515625 0.0000000000 41.1200000000
336.0000000000 0.0853576660 0.0000000000 42.7400000000
337.0000000000 0.0853637695 0.0000000000 42.3300000000
338.0000000000 0.0853698730 0.0000000000 43.1600000000
339.0000000000 0.0853759766 0.0000000000 42.1000000000
340.0000000000 0.0853820801 0.0000000000 41.7400000000
341.0000000000 0.0853881836 0.0000000000 42.1300000000
342.0000000000 0.0853942871 0.0000000000 43.3100000000
343.0000000000 0.0854003906 0.0000000000 41.6100000000
344.0000000000 0.0854064941 0.0000000000 41.8100000000
345.0000000000 0.0854125977 0.0000000000 41.9600000000
346.0000000000 0.0854187012 0.0000000000 41.6700000000
347.0000000000 0.0854248047 0.0000000000 41.8800000000
348.0000000000 0.0854309082 0.0000000000 41.0400000000
349.0000000000 0.0854370117 0.0000000000 41.4200000000
350.0000000000 0.0854431152 0.0000000000 42.0300000000
351.0000000000 0.0854492187 0.0100000000 41.7100000000
352.0000000000 0.0854553223 0.0000000000 41.9400000000
353.0000000000 0.0854614258 0.0000000000 41.9300000000
354.0000000000 0.0854675293 0.0100000000 42.6800000000
355.0000000000 0.0854736328 0.0100000000 42.5000000000
356.0000000000 0.0854797363 0.0000000000 43.2700000000
357.0000000000 0.0854858398 0.0100000000 42.3100000000
358.0000000000 0.0854919434 0.0000000000 41.6300000000
359.0000000000 0.0854980469 0.0000000000 41.9200000000
360.0000000000 0.0855041504 0.0000000000 41.4200000000
361.0000000000 0.0855102539 0.0000000000 42.9000000000
362.0000000000 0.0855163574 0.0000000000 42.0200000000
363.0000000000 0.0855224609 0.0000000000 42.2000000000
364.0000000000 0.0855285645 0.0000000000 42.6800000000
365.0000000000 0.0855346680 0.0000000000 41.8600000000
366.0000000000 0.0855407715 0.0000000000 41.7500000000
367.0000000000 0.0855468750 0.0000000000 41.6500000000
368.0000000000 0.0855529785 0.0000000000 41.4700000000
369.0000000000 0.0855590820 0.0000000000 41.2400000000
370.0000000000 0.0855651855 0.0000000000 42.2000000000
371.0000000000 0.0855712891 0.0000000000 41.6700000000
372.0000000000 0.0855773926 0.0000000000 41.3900000000
373.0000000000 0.0855834961 0.0000000000 40.8700000000
374.0000000000 0.0855895996 0.0000000000 41.4100000000
375.0000000000 0.0855957031 0.0000000000 41.6900000000
376.0000000000 0.0856018066 0.0000000000 41.1200000000
377.0000000000 0.0856079102 0.0000000000 41.5100000000
378.0000000000 0.0856140137 0.0000000000 41.0800000000
379.0000000000 0.0856201172 0.0000000000 40.7100000000
380.0000000000 0.0856262207 0.0100000000 41.1700000000
381.0000000000 0.0856323242 0.0000000000 41.2600000000
382.0000000000 0.0856384277 0.0000000000 41.5300000000
383.0000000000 0.0856445312 0.0100000000 41.3500000000
384.0000000000 0.0856506348 0.0000000000 42.5200000000
385.0000000000 0.0856567383 0.0000000000 41.2600000000
386.0000000000 0.0856628418 0.0000000000 41.4100000000
387.0000000000 0.0856689453 0.0100000000 41.2400000000
388.0000000000 0.0856750488 0.0000000000 41.2900000000
389.0000000000 0.0856811523 0.0000000000 42.2600000000
390.0000000000 0.0856872559 0.0000000000 41.3200000000
391.0000000000 0.0856933594 0.0000000000 41.3700000000
392.0000000000 0.0856994629 0.0000000000 41.6900000000
393.0000000000 0.0857055664 0.0000000000 42.3800000000
394.0000000000 0.0857116699 0.0000000000 41.2600000000
395.0000000000 0.0857177734 0.0000000000 41.8800000000
396.0000000000 0.0857238770 0.0000000000 42.1700000000
397.0000000000 0.0857299805 0.0000000000 42.3000000000
398.0000000000 0.0857360840 0.0000000000 42.6100000000
399.0000000000 0.0857421875 0.0000000000 42.5500000000
400.0000000000 0.0857482910 0.0000000000 41.9900000000
401.0000000000 0.0857543945 0.0000000000 42.8800000000
402.0000000000 0.0857604980 0.0000000000 42.2600000000
403.0000000000 0.0857666016 0.0000000000 42.1600000000
404.0000000000 0.0857727051 0.0000000000 41.7400000000
405.0000000000 0.0857788086 0.0000000000 41.4300000000
406.0000000000 0.0857849121 0.0000000000 41.4100000000
407.0000000000 0.0857910156 0.0000000000 41.5100000000
408.0000000000 0.0857971191 0.0000000000 41.4700000000
409.0000000000 0.0858032227 0.0000000000 41.3700000000
410.0000000000 0.0858093262 0.0000000000 41.7000000000
411.0000000000 0.0858154297 0.0000000000 41.4200000000
412.0000000000 0.0858215332 0.0000000000 41.2700000000
413.0000000000 0.0858276367 0.0000000000 42.7700000000
414.0000000000 0.0858337402 0.0000000000 41.6500000000
415.0000000000 0.0858398437 0.0100000000 41.2200000000
416.0000000000 0.0858459473 0.0000000000 42.0700000000
417.0000000000 0.0858520508 0.0000000000 43.8900000000
418.0000000000 0.0858581543 0.0000000000 42.2300000000
419.0000000000 0.0858642578 0.0000000000 41.7500000000
420.0000000000 0.0858703613 0.0000000000 40.9500000000
421.0000000000 0.0858764648 0.0000000000 41.8100000000
422.0000000000 0.0858825684 0.0000000000 41.8400000000
423.0000000000 0.0858886719 0.0000000000 42.2900000000
424.0000000000 0.0858947754 0.0000000000 42.4700000000
425.0000000000 0.0859008789 0.0100000000 41.9100000000
426.0000000000 0.0859069824 0.0100000000 41.4500000000
427.0000000000 0.0859130859 0.0100000000 41.9100000000
428.0000000000 0.0859191895 0.0100000000 41.2700000000
429.0000000000 0.0859252930 0.0000000000 41.7000000000
430.0000000000 0.0859313965 0.0000000000 41.8900000000
431.0000000000 0.0859375000 0.0000000000 41.2800000000
432.0000000000 0.0859436035 0.0000000000 41.3200000000
433.0000000000 0.0859497070 0.0000000000 41.0000000000
434.0000000000 0.0859558105 0.0100000000 42.9100000000
435.0000000000 0.0859619141 0.0000000000 42.4000000000
436.0000000000 0.0859680176 0.0000000000 42.1400000000
437.0000000000 0.0859741211 0.0000000000 42.1200000000
438.0000000000 0.0859802246 0.0000000000 41.6600000000
439.0000000000 0.0859863281 0.0000000000 42.2700000000
440.0000000000 0.0859924316 0.0100000000 42.0500000000
441.0000000000 0.0859985352 0.0000000000 41.3700000000
442.0000000000 0.0860046387 0.0000000000 40.9700000000
443.0000000000 0.0860107422 0.0100000000 41.3700000000
444.0000000000 0.0860168457 0.0000000000 41.4500000000
445.0000000000 0.0860229492 0.0000000000 41.0100000000
446.0000000000 0.0860290527 0.0000000000 41.2200000000
447.0000000000 0.0860351562 0.0000000000 41.6600000000
448.0000000000 0.0860412598 0.0000000000 41.5800000000
449.0000000000 0.0860473633 0.0000000000 40.9800000000
450.0000000000 0.0860534668 0.0000000000 41.0500000000
451.0000000000 0.0860595703 0.0000000000 41.4400000000
452.0000000000 0.0860656738 0.0000000000 41.3600000000
453.0000000000 0.0860717773 0.0000000000 41.3500000000
454.0000000000 0.0860778809 0.0000000000 41.0700000000
455.0000000000 0.0860839844 0.0000000000 41.3400000000
456.0000000000 0.0860900879 0.0000000000 41.7300000000
457.0000000000 0.0860961914 0.0000000000 42.9000000000
458.0000000000 0.0861022949 0.0000000000 41.6300000000
459.0000000000 0.0861083984 0.0000000000 41.5400000000
460.0000000000 0.0861145020 0.0000000000 41.9100000000
461.0000000000 0.0861206055 0.0000000000 41.8100000000
462.0000000000 0.0861267090 0.0000000000 41.5400000000
463.0000000000 0.0861328125 0.0000000000 42.2800000000
464.0000000000 0.0861389160 0.0000000000 41.6600000000
465.0000000000 0.0861450195 0.0000000000 41.7600000000
466.0000000000 0.0861511230 0.0000000000 41.6300000000
467.0000000000 0.0861572266 0.0000000000 42.5100000000
468.0000000000 0.0861633301 0.0000000000 41.0600000000
469.0000000000 0.0861694336 0.0000000000 41.0600000000
470.0000000000 0.0861755371 0.0000000000 42.0400000000
471.0000000000 0.0861816406 0.0000000000 41.7200000000
472.0000000000 0.0861877441 0.0000000000 41.8800000000
473.0000000000 0.0861938477 0.0100000000 41.7600000000
474.0000000000 0.0861999512 0.0100000000 41.7900000000
475.0000000000 0.0862060547 0.0000000000 42.2000000000
476.0000000000 0.0862121582 0.0000000000 42.3500000000
477.0000000000 0.0862182617 0.0100000000 41.9000000000
478.0000000000 0.0862243652 0.0000000000 41.8900000000
479.0000000000 0.0862304687 0.0000000000 41.0800000000
480.0000000000 0.0862365723 0.0000000000 41.1600000000
481.0000000000 0.0862426758 0.0000000000 42.1300000000
482.0000000000 0.0862487793 0.0100000000 41.7600000000
483.0000000000 0.0862548828 0.0000000000 41.0400000000
484.0000000000 0.0862609863 0.0000000000 41.8600000000
485.0000000000 0.0862670898 0.0000000000 41.7400000000
486.0000000000 0.0862731934 0.0000000000 42.7700000000
487.0000000000 0.0862792969 0.0000000000 41.3800000000
488.0000000000 0.0862854004 0.0000000000 41.1000000000
489.0000000000 0.0862915039 0.0000000000 41.2400000000
490.0000000000 0.0862976074 0.0000000000 41.5900000000
491.0000000000 0.0863037109 0.0000000000 42.1200000000
492.0000000000 0.0863098145 0.0000000000 41.3500000000
493.0000000000 0.0863159180 0.0000000000 41.2900000000
494.0000000000 0.0863220215 0.0000000000 42.3100000000
495.0000000000 0.0863281250 0.0000000000 41.1000000000
496.0000000000 0.0863342285 0.0000000000 40.7600000000
497.0000000000 0.0863403320 0.0000000000 41.3200000000
498.0000000000 0.0863464355 0.0100000000 41.5200000000
499.0000000000 0.0863525391 0.0100000000 41.5400000000
