2.240368e+00 -4.469983e+00 0.000000e+00 -5.000000e+00 -2.458896e-26 4.595879e-26 2.497980e-27 4.595879e-26
2.195561e+00 -4.380584e+00 0.000000e+00 -4.900000e+00 -6.684293e-26 1.258586e-25 9.923624e-27 1.258586e-25
2.150753e+00 -4.291184e+00 0.000000e+00 -4.800000e+00 -1.685607e-25 3.201643e-25 3.594164e-26 3.201643e-25
2.105946e+00 -4.201784e+00 0.000000e+00 -4.700000e+00 -3.920696e-25 7.526365e-25 1.182559e-25 7.526365e-25
2.061139e+00 -4.112385e+00 0.000000e+00 -4.600000e+00 -8.363496e-25 1.626773e-24 3.517593e-25 1.626773e-24
2.016331e+00 -4.022985e+00 0.000000e+00 -4.500000e+00 -1.630970e-24 3.224781e-24 9.394284e-25 3.224781e-24
1.971524e+00 -3.933585e+00 0.000000e+00 -4.400000e+00 -2.927799e-24 5.901601e-24 2.230655e-24 5.901601e-24
1.926717e+00 -3.844186e+00 0.000000e+00 -4.300000e+00 -5.011893e-24 1.028346e-23 4.643878e-24 1.028346e-23
1.881909e+00 -3.754786e+00 0.000000e+00 -4.200000e+00 -8.930709e-24 1.838312e-23 8.323307e-24 1.838312e-23
1.837102e+00 -3.665386e+00 0.000000e+00 -4.100000e+00 -1.843408e-23 3.708678e-23 1.263881e-23 3.708678e-23
1.792294e+00 -3.575987e+00 0.000000e+00 -4.000000e+00 -4.412306e-23 8.573951e-23 1.677368e-23 8.573951e-23
1.747487e+00 -3.486587e+00 0.000000e+00 -3.900000e+00 -1.106312e-22 2.094362e-22 2.472942e-23 2.094362e-22
1.702680e+00 -3.397187e+00 0.000000e+00 -3.800000e+00 -2.748799e-22 5.119862e-22 5.801285e-23 5.119862e-22
1.657872e+00 -3.307788e+00 0.000000e+00 -3.700000e+00 -7.193202e-22 1.320175e-21 1.671708e-22 1.320175e-21
1.613065e+00 -3.218388e+00 0.000000e+00 -3.600000e+00 -2.237326e-21 4.038319e-21 4.010036e-22 4.038319e-21
1.568258e+00 -3.128988e+00 0.000000e+00 -3.500000e+00 -8.292258e-21 1.478939e-20 6.980314e-22 1.478939e-20
1.523450e+00 -3.039589e+00 0.000000e+00 -3.400000e+00 -3.224282e-20 5.724768e-20 1.056426e-21 5.724768e-20
1.478643e+00 -2.950189e+00 0.000000e+00 -3.300000e+00 -1.190173e-19 2.112721e-19 4.289769e-21 2.112721e-19
1.433836e+00 -2.860789e+00 0.000000e+00 -3.200000e+00 -4.020322e-19 7.146554e-19 3.015882e-20 7.146554e-19
1.389028e+00 -2.771390e+00 0.000000e+00 -3.100000e+00 -1.236057e-18 2.201193e-18 1.666848e-19 2.201193e-18
1.344221e+00 -2.681990e+00 0.000000e+00 -3.000000e+00 -3.475610e-18 6.200471e-18 7.218863e-19 6.200471e-18
1.299413e+00 -2.592590e+00 0.000000e+00 -2.900000e+00 -9.000916e-18 1.608366e-17 2.609315e-18 1.608366e-17
1.254606e+00 -2.503191e+00 0.000000e+00 -2.800000e+00 -2.161526e-17 3.867958e-17 8.212892e-18 3.867958e-17
1.209799e+00 -2.413791e+00 0.000000e+00 -2.700000e+00 -4.842239e-17 8.675912e-17 2.312745e-17 8.675912e-17
1.164991e+00 -2.324391e+00 0.000000e+00 -2.600000e+00 -1.017090e-16 1.824370e-16 5.932726e-17 1.824370e-16
1.120184e+00 -2.234992e+00 0.000000e+00 -2.500000e+00 -2.011833e-16 3.612274e-16 1.404102e-16 3.612274e-16
1.075377e+00 -2.145592e+00 0.000000e+00 -2.400000e+00 -3.761538e-16 6.760105e-16 3.094934e-16 6.760105e-16
1.030569e+00 -2.056192e+00 0.000000e+00 -2.300000e+00 -6.669389e-16 1.199638e-15 6.399640e-16 1.199638e-15
9.857620e-01 -1.966793e+00 0.000000e+00 -2.200000e+00 -1.124564e-15 2.024480e-15 1.248597e-15 2.024480e-15
9.409546e-01 -1.877393e+00 0.000000e+00 -2.100000e+00 -1.807780e-15 3.257151e-15 2.309502e-15 3.257151e-15
8.961472e-01 -1.787993e+00 0.000000e+00 -2.000000e+00 -2.776696e-15 5.007155e-15 4.066099e-15 5.007155e-15
8.513399e-01 -1.698594e+00 0.000000e+00 -1.900000e+00 -4.083143e-15 7.369536e-15 6.837403e-15 7.369536e-15
8.065325e-01 -1.609194e+00 0.000000e+00 -1.800000e+00 -5.758389e-15 1.040270e-14 1.101438e-14 1.040270e-14
7.617251e-01 -1.519794e+00 0.000000e+00 -1.700000e+00 -7.800522e-15 1.410546e-14 1.704272e-14 1.410546e-14
7.169178e-01 -1.430395e+00 0.000000e+00 -1.600000e+00 -1.016391e-14 1.839763e-14 2.539007e-14 1.839763e-14
6.721104e-01 -1.340995e+00 0.000000e+00 -1.500000e+00 -1.275383e-14 2.310974e-14 3.649845e-14 2.310974e-14
6.273031e-01 -1.251595e+00 0.000000e+00 -1.400000e+00 -1.542818e-14 2.798562e-14 5.072668e-14 2.798562e-14
5.824957e-01 -1.162196e+00 0.000000e+00 -1.300000e+00 -1.800845e-14 3.270153e-14 6.828882e-14 3.270153e-14
5.376883e-01 -1.072796e+00 0.000000e+00 -1.200000e+00 -2.029771e-14 3.689851e-14 8.919940e-14 3.689851e-14
4.928810e-01 -9.833963e-01 0.000000e+00 -1.100000e+00 -2.210383e-14 4.022432e-14 1.132356e-13 4.022432e-14
4.480736e-01 -8.939967e-01 0.000000e+00 -1.000000e+00 -2.326399e-14 4.237849e-14 1.399212e-13 4.237849e-14
4.032663e-01 -8.045970e-01 0.000000e+00 -9.000000e-01 -2.366504e-14 4.314987e-14 1.685405e-13 4.314987e-14
3.584589e-01 -7.151973e-01 0.000000e+00 -8.000000e-01 -2.325612e-14 4.244076e-14 1.981786e-13 4.244076e-14
3.136515e-01 -6.257977e-01 0.000000e+00 -7.000000e-01 -2.205113e-14 4.027220e-14 2.277834e-13 4.027220e-14
2.688442e-01 -5.363980e-01 0.000000e+00 -6.000000e-01 -2.012068e-14 3.677022e-14 2.562406e-13 3.677022e-14
2.240368e-01 -4.469983e-01 0.000000e+00 -5.000000e-01 -1.757605e-14 3.213671e-14 2.824496e-13 3.213671e-14
1.792294e-01 -3.575987e-01 0.000000e+00 -4.000000e-01 -1.454883e-14 2.661241e-14 3.053921e-13 2.661241e-14
1.344221e-01 -2.681990e-01 0.000000e+00 -3.000000e-01 -1.117089e-14 2.043955e-14 3.241874e-13 2.043955e-14
8.961472e-02 -1.787993e-01 0.000000e+00 -2.000000e-01 -7.559794e-15 1.383497e-14 3.381273e-13 1.383497e-14
4.480736e-02 -8.939967e-02 0.000000e+00 -1.000000e-01 -3.811181e-15 6.975505e-15 3.466980e-13 6.975505e-15
4.601520e-16 -9.180955e-16 0.000000e+00 -1.026956e-15 3.622443e-32 0.000000e+00 3.495894e-13 0.000000e+00
-4.480736e-02 8.939967e-02 0.000000e+00 1.000000e-01 3.811181e-15 -6.975505e-15 3.466980e-13 -6.975505e-15
-8.961472e-02 1.787993e-01 0.000000e+00 2.000000e-01 7.559794e-15 -1.383497e-14 3.381273e-13 -1.383497e-14
-1.344221e-01 2.681990e-01 0.000000e+00 3.000000e-01 1.117089e-14 -2.043955e-14 3.241874e-13 -2.043955e-14
-1.792294e-01 3.575987e-01 0.000000e+00 4.000000e-01 1.454883e-14 -2.661241e-14 3.053921e-13 -2.661241e-14
-2.240368e-01 4.469983e-01 0.000000e+00 5.000000e-01 1.757605e-14 -3.213671e-14 2.824496e-13 -3.213671e-14
-2.688442e-01 5.363980e-01 0.000000e+00 6.000000e-01 2.012068e-14 -3.677022e-14 2.562406e-13 -3.677022e-14
-3.136515e-01 6.257977e-01 0.000000e+00 7.000000e-01 2.205113e-14 -4.027220e-14 2.277834e-13 -4.027220e-14
-3.584589e-01 7.151973e-01 0.000000e+00 8.000000e-01 2.325612e-14 -4.244076e-14 1.981786e-13 -4.244076e-14
-4.032663e-01 8.045970e-01 0.000000e+00 9.000000e-01 2.366504e-14 -4.314987e-14 1.685405e-13 -4.314987e-14
-4.480736e-01 8.939967e-01 0.000000e+00 1.000000e+00 2.326399e-14 -4.237849e-14 1.399212e-13 -4.237849e-14
-4.928810e-01 9.833963e-01 0.000000e+00 1.100000e+00 2.210383e-14 -4.022432e-14 1.132356e-13 -4.022432e-14
-5.376883e-01 1.072796e+00 0.000000e+00 1.200000e+00 2.029771e-14 -3.689851e-14 8.919940e-14 -3.689851e-14
-5.824957e-01 1.162196e+00 0.000000e+00 1.300000e+00 1.800845e-14 -3.270153e-14 6.828882e-14 -3.270153e-14
-6.273031e-01 1.251595e+00 0.000000e+00 1.400000e+00 1.542818e-14 -2.798562e-14 5.072668e-14 -2.798562e-14
-6.721104e-01 1.340995e+00 0.000000e+00 1.500000e+00 1.275383e-14 -2.310974e-14 3.649845e-14 -2.310974e-14
-7.169178e-01 1.430395e+00 0.000000e+00 1.600000e+00 1.016391e-14 -1.839763e-14 2.539007e-14 -1.839763e-14
-7.617251e-01 1.519794e+00 0.000000e+00 1.700000e+00 7.800522e-15 -1.410546e-14 1.704272e-14 -1.410546e-14
-8.065325e-01 1.609194e+00 0.000000e+00 1.800000e+00 5.758389e-15 -1.040270e-14 1.101438e-14 -1.040270e-14
-8.513399e-01 1.698594e+00 0.000000e+00 1.900000e+00 4.083143e-15 -7.369536e-15 6.837403e-15 -7.369536e-15
-8.961472e-01 1.787993e+00 0.000000e+00 2.000000e+00 2.776696e-15 -5.007155e-15 4.066099e-15 -5.007155e-15
-9.409546e-01 1.877393e+00 0.000000e+00 2.100000e+00 1.807780e-15 -3.257151e-15 2.309502e-15 -3.257151e-15
-9.857620e-01 1.966793e+00 0.000000e+00 2.200000e+00 1.124564e-15 -2.024480e-15 1.248597e-15 -2.024480e-15
-1.030569e+00 2.056192e+00 0.000000e+00 2.300000e+00 6.669389e-16 -1.199638e-15 6.399640e-16 -1.199638e-15
-1.075377e+00 2.145592e+00 0.000000e+00 2.400000e+00 3.761538e-16 -6.760105e-16 3.094934e-16 -6.760105e-16
-1.120184e+00 2.234992e+00 0.000000e+00 2.500000e+00 2.011833e-16 -3.612274e-16 1.404102e-16 -3.612274e-16
-1.164991e+00 2.324391e+00 0.000000e+00 2.600000e+00 1.017090e-16 -1.824370e-16 5.932726e-17 -1.824370e-16
-1.209799e+00 2.413791e+00 0.000000e+00 2.700000e+00 4.842239e-17 -8.675912e-17 2.312745e-17 -8.675912e-17
-1.254606e+00 2.503191e+00 0.000000e+00 2.800000e+00 2.161526e-17 -3.867958e-17 8.212892e-18 -3.867958e-17
-1.299413e+00 2.592590e+00 0.000000e+00 2.900000e+00 9.000916e-18 -1.608366e-17 2.609315e-18 -1.608366e-17
-1.344221e+00 2.681990e+00 0.000000e+00 3.000000e+00 3.475610e-18 -6.200471e-18 7.218863e-19 -6.200471e-18
-1.389028e+00 2.771390e+00 0.000000e+00 3.100000e+00 1.236057e-18 -2.201193e-18 1.666848e-19 -2.201193e-18
-1.433836e+00 2.860789e+00 0.000000e+00 3.200000e+00 4.020322e-19 -7.146554e-19 3.015882e-20 -7.146554e-19
-1.478643e+00 2.950189e+00 0.000000e+00 3.300000e+00 1.190173e-19 -2.112721e-19 4.289769e-21 -2.112721e-19
-1.523450e+00 3.039589e+00 0.000000e+00 3.400000e+00 3.224282e-20 -5.724768e-20 1.056426e-21 -5.724768e-20
-1.568258e+00 3.128988e+00 0.000000e+00 3.500000e+00 8.292258e-21 -1.478939e-20 6.980314e-22 -1.478939e-20
-1.613065e+00 3.218388e+00 0.000000e+00 3.600000e+00 2.237326e-21 -4.038319e-21 4.010036e-22 -4.038319e-21
-1.657872e+00 3.307788e+00 0.000000e+00 3.700000e+00 7.193202e-22 -1.320175e-21 1.671708e-22 -1.320175e-21
-1.702680e+00 3.397187e+00 0.000000e+00 3.800000e+00 2.748799e-22 -5.119862e-22 5.801285e-23 -5.119862e-22
-1.747487e+00 3.486587e+00 0.000000e+00 3.900000e+00 1.106312e-22 -2.094362e-22 2.472942e-23 -2.094362e-22
-1.792294e+00 3.575987e+00 0.000000e+00 4.000000e+00 4.412306e-23 -8.573951e-23 1.677368e-23 -8.573951e-23
-1.837102e+00 3.665386e+00 0.000000e+00 4.100000e+00 1.843408e-23 -3.708678e-23 1.263881e-23 -3.708678e-23
-1.881909e+00 3.754786e+00 0.000000e+00 4.200000e+00 8.930709e-24 -1.838312e-23 8.323307e-24 -1.838312e-23
-1.926717e+00 3.844186e+00 0.000000e+00 4.300000e+00 5.011893e-24 -1.028346e-23 4.643878e-24 -1.028346e-23
-1.971524e+00 3.933585e+00 0.000000e+00 4.400000e+00 2.927799e-24 -5.901601e-24 2.230655e-24 -5.901601e-24
-2.016331e+00 4.022985e+00 0.000000e+00 4.500000e+00 1.630970e-24 -3.224781e-24 9.394284e-25 -3.224781e-24
-2.061139e+00 4.112385e+00 0.000000e+00 4.600000e+00 8.363496e-25 -1.626773e-24 3.517593e-25 -1.626773e-24
-2.105946e+00 4.201784e+00 0.000000e+00 4.700000e+00 3.920696e-25 -7.526365e-25 1.182559e-25 -7.526365e-25
-2.150753e+00 4.291184e+00 0.000000e+00 4.800000e+00 1.685607e-25 -3.201643e-25 3.594164e-26 -3.201643e-25
-2.195561e+00 4.380584e+00 0.000000e+00 4.900000e+00 6.684293e-26 -1.258586e-25 9.923624e-27 -1.258586e-25
-2.240368e+00 4.469983e+00 0.000000e+00 5.000000e+00 2.458896e-26 -4.595879e-26 2.497980e-27 -4.595879e-26
