-1.307331e-26 -7.633464e-26 -2.345404e-25 -1.389072e-25 1.884442e-24 8.862118e-24 2.153838e-23 3.269472e-23 2.861934e-23 2.362896e-24 -3.482829e-23 -6.117554e-23 -6.425280e-23 -4.934863e-23 -2.974897e-23 -1.455573e-23 -5.815294e-24 -1.855714e-24 -4.520122e-25 -7.898837e-26 -9.142406e-27
-8.587730e-26 -4.833728e-25 -1.563334e-24 -2.173254e-24 4.068614e-24 2.857928e-23 7.336506e-23 1.099179e-22 8.679460e-23 -1.908310e-23 -1.611730e-22 -2.555667e-22 -2.574336e-22 -1.911581e-22 -1.107143e-22 -5.137057e-23 -1.913004e-23 -5.536234e-24 -1.145487e-24 -1.368008e-25 -9.394119e-30
-4.055629e-25 -2.201612e-24 -7.282018e-24 -1.304446e-23 -7.180550e-25 6.372412e-23 1.854756e-22 2.795504e-22 1.975776e-22 -1.194627e-22 -5.261926e-22 -7.762083e-22 -7.481871e-22 -5.278977e-22 -2.827638e-22 -1.149859e-22 -3.350898e-23 -5.221275e-24 8.055355e-25 8.098165e-25 2.636940e-25
-1.440538e-24 -7.605806e-24 -2.550858e-23 -5.190878e-23 -4.329870e-23 8.295527e-23 3.426799e-22 5.407801e-22 3.395949e-22 -3.823278e-22 -1.273965e-21 -1.769468e-21 -1.616615e-21 -1.050338e-21 -4.779584e-22 -1.271856e-22 8.545861e-24 3.018071e-23 1.821624e-23 6.782212e-24 1.721159e-24
-4.004773e-24 -2.075235e-23 -7.047592e-23 -1.554947e-22 -1.955735e-22 -2.316420e-23 4.126277e-22 7.645388e-22 4.144520e-22 -8.490464e-22 -2.361345e-21 -3.088686e-21 -2.622283e-21 -1.470616e-21 -4.244525e-22 1.195594e-22 2.359208e-22 1.655081e-22 7.716727e-23 2.599250e-23 6.335332e-24
-8.952899e-24 -4.588929e-23 -1.578814e-22 -3.690226e-22 -5.617523e-22 -4.474756e-22 1.148435e-22 6.507681e-22 2.379912e-22 -1.451491e-21 -3.427608e-21 -4.173751e-21 -3.170464e-21 -1.293869e-21 2.212503e-22 8.323982e-22 7.593829e-22 4.529443e-22 1.986685e-22 6.536320e-23 1.588546e-23
-1.626035e-23 -8.299375e-23 -2.894294e-22 -7.062142e-22 -1.198513e-21 -1.340520e-21 -8.223281e-22 -1.209316e-22 -3.680578e-22 -2.034161e-21 -3.969266e-21 -4.384990e-21 -2.765992e-21 -3.136541e-22 1.426626e-21 1.881674e-21 1.462837e-21 8.265547e-22 3.560789e-22 1.171124e-22 2.876687e-23
-2.377738e-23 -1.217368e-22 -4.308249e-22 -1.086503e-21 -1.972212e-21 -2.551493e-21 -2.294562e-21 -1.510343e-21 -1.348849e-21 -2.428559e-21 -3.736906e-21 -3.592344e-21 -1.606063e-21 9.214949e-22 2.473296e-21 2.616646e-21 1.901848e-21 1.051436e-21 4.531702e-22 1.510928e-22 3.793720e-23
-2.704332e-23 -1.405678e-22 -5.070178e-22 -1.314619e-21 -2.493844e-21 -3.477969e-21 -3.571882e-21 -2.831210e-21 -2.233109e-21 -2.480345e-21 -2.926909e-21 -2.334997e-21 -5.170745e-22 1.427847e-21 2.404662e-21 2.272500e-21 1.576530e-21 8.635875e-22 3.792512e-22 1.313188e-22 3.459824e-23
-2.176371e-23 -1.184657e-22 -4.421465e-22 -1.181603e-21 -2.314366e-21 -3.359684e-21 -3.646860e-21 -3.076768e-21 -2.355309e-21 -2.094129e-21 -1.970097e-21 -1.290935e-21 -1.141598e-22 8.082204e-22 1.022066e-21 7.585868e-22 4.373843e-22 2.312486e-22 1.162522e-22 5.001021e-23 1.635493e-23
-7.984199e-24 -5.470240e-23 -2.289500e-22 -6.520369e-22 -1.321295e-21 -1.945938e-21 -2.123281e-21 -1.828204e-21 -1.501115e-21 -1.408588e-21 -1.235628e-21 -6.940148e-22 -1.634033e-22 -2.019354e-22 -7.038701e-22 -1.055034e-21 -9.325809e-22 -5.451988e-22 -2.165797e-22 -5.682438e-23 -8.727058e-24
8.301802e-24 2.326432e-23 4.123679e-23 4.633367e-23 4.983009e-23 1.128299e-22 2.257358e-22 1.602532e-22 -3.046287e-22 -8.895946e-22 -9.433128e-22 -3.669021e-22 3.001359e-23 -4.597937e-22 -1.464701e-21 -2.029252e-21 -1.759154e-21 -1.053098e-21 -4.481480e-22 -1.349938e-22 -2.789835e-23
1.904302e-23 7.744791e-23 2.368006e-22 5.678389e-22 1.095799e-21 1.695111e-21 1.995615e-21 1.524671e-21 2.482598e-22 -1.004090e-21 -1.143731e-21 -1.399168e-22 7.382865e-22 3.918227e-22 -8.337643e-22 -1.742028e-21 -1.714929e-21 -1.097113e-21 -4.898980e-22 -1.544865e-22 -3.374581e-23
2.035905e-23 8.830497e-23 2.858507e-22 7.134463e-22 1.394521e-21 2.112511e-21 2.337568e-21 1.521942e-21 -2.089235e-22 -1.697586e-21 -1.622846e-21 -1.474147e-23 1.553982e-21 1.654200e-21 4.731432e-22 -7.188966e-22 -1.091655e-21 -8.018439e-22 -3.828075e-22 -1.255864e-22 -2.820675e-23
1.478109e-23 6.599916e-23 2.183685e-22 5.509574e-22 1.069813e-21 1.561551e-21 1.545980e-21 5.806895e-22 -1.106996e-21 -2.358735e-21 -1.954363e-21 -1.640072e-24 1.931977e-21 2.393788e-21 1.437347e-21 2.097714e-22 -4.172484e-22 -4.315572e-22 -2.302976e-22 -7.934588e-23 -1.821904e-23
7.748578e-24 3.517709e-23 1.172282e-22 2.939454e-22 5.536980e-22 7.399103e-22 5.300565e-22 -3.377552e-22 -1.619002e-21 -2.410326e-21 -1.826027e-21 -2.419927e-23 1.730745e-21 2.275614e-21 1.610263e-21 6.082187e-22 -1.249394e-23 -1.667179e-22 -1.094836e-22 -4.036445e-23 -9.473494e-24
2.911369e-24 1.327641e-23 4.369249e-23 1.054013e-22 1.802717e-22 1.771364e-22 -7.157212e-23 -6.784860e-22 -1.452700e-21 -1.831409e-21 -1.301831e-21 -1.464772e-23 1.204377e-21 1.614216e-21 1.213652e-21 5.569665e-22 1.131488e-22 -3.880079e-23 -4.113594e-23 -1.670424e-23 -4.009149e-24
7.378356e-25 3.270628e-24 9.985374e-24 2.027596e-23 1.977538e-23 -3.440908e-23 -2.104161e-22 -5.409773e-22 -9.131290e-22 -1.045874e-21 -7.018759e-22 1.594201e-23 6.732949e-22 8.942546e-22 6.864587e-22 3.390184e-22 9.556416e-23 1.369879e-24 -1.179370e-23 -5.549250e-24 -1.362510e-24
1.035474e-25 3.694025e-25 5.568504e-25 -1.603156e-24 -1.369283e-23 -5.196796e-23 -1.380982e-22 -2.768148e-22 -4.171527e-22 -4.476990e-22 -2.812599e-22 3.015894e-23 3.048666e-22 3.921269e-22 3.009471e-22 1.531423e-22 4.877890e-23 6.136392e-24 -2.294503e-24 -1.422097e-24 -3.589796e-25
-5.032658e-28 -5.453513e-26 -4.796340e-25 -2.430172e-24 -8.711275e-24 -2.418945e-23 -5.421791e-23 -9.814170e-23 -1.386378e-22 -1.412855e-22 -8.104187e-23 2.260076e-23 1.103317e-22 1.351506e-22 1.023847e-22 5.257280e-23 1.773657e-23 3.170541e-24 -1.714707e-25 -2.617847e-25 -6.954529e-26
-3.093695e-27 -2.924255e-26 -1.808766e-25 -7.881447e-25 -2.575888e-24 -6.654085e-24 -1.403695e-23 -2.419600e-23 -3.280881e-23 -3.182639e-23 -1.575472e-23 1.006993e-23 3.095229e-23 3.577472e-23 2.653062e-23 1.357422e-23 4.700824e-24 9.748228e-25 5.400961e-26 -3.036805e-26 -9.255225e-27
