x y z ADDATime OurCalcTime
-4.0000000000 0.0000000000 0.0000000000 0.0000000000 150.2800000000
-3.0000000000 0.0000000000 0.0000000000 0.0000000000 262.6300000000
-2.0000000000 0.0000000000 0.0000000000 0.0100000000 262.4800000000
-1.0000000000 0.0000000000 0.0000000000 0.0000000000 148.4100000000
-0.0000000000 0.0000000000 0.0000000000 0.0000000000 144.1300000000
1.0000000000 0.0000000000 0.0000000000 0.0000000000 141.6600000000
1.9000000000 0.0000000000 0.0000000000 0.0000000000 146.8700000000
2.9000000000 0.0000000000 0.0000000000 0.0000000000 145.4200000000
3.9000000000 0.0000000000 0.0000000000 0.0000000000 141.2700000000
5.0000000000 0.0000000000 0.0000000000 0.0100000000 139.5600000000
0.0000000000 0.0000000000 0.0000000000 0.0000000000 0.0000000000
