-5.000000e+00 0.000000e+00 0.000000e+00 1.978022e-26 -1.029560e-43 1.203746e-29
-4.900000e+00 0.000000e+00 0.000000e+00 5.914051e-26 1.400202e-43 5.849736e-29
-4.800000e+00 0.000000e+00 0.000000e+00 1.731724e-25 -1.812026e-43 2.004728e-28
-4.700000e+00 0.000000e+00 0.000000e+00 4.965357e-25 -1.976755e-43 4.063164e-28
-4.600000e+00 0.000000e+00 0.000000e+00 1.394725e-24 1.054270e-42 7.940163e-29
-4.500000e+00 0.000000e+00 0.000000e+00 3.842798e-24 -9.488426e-42 -1.329669e-27
-4.400000e+00 0.000000e+00 0.000000e+00 1.039656e-23 -6.325617e-42 3.376027e-27
-4.300000e+00 0.000000e+00 0.000000e+00 2.758763e-23 -1.686831e-41 2.809014e-26
-4.200000e+00 0.000000e+00 0.000000e+00 7.159840e-23 -2.530247e-41 -3.242014e-26
-4.100000e+00 0.000000e+00 0.000000e+00 1.818742e-22 1.147045e-39 -5.137182e-25
-4.000000e+00 0.000000e+00 0.000000e+00 4.546880e-22 3.373663e-41 -7.635008e-25
-3.900000e+00 0.000000e+00 0.000000e+00 1.117840e-21 3.778502e-39 -2.417886e-25
-3.800000e+00 0.000000e+00 0.000000e+00 2.680949e-21 6.747325e-39 -1.434027e-23
-3.700000e+00 0.000000e+00 0.000000e+00 6.309587e-21 4.858074e-39 -4.466880e-23
-3.600000e+00 0.000000e+00 0.000000e+00 1.468053e-20 4.318288e-38 -3.524131e-23
-3.500000e+00 0.000000e+00 0.000000e+00 3.326354e-20 -3.886459e-38 -3.456571e-22
-3.400000e+00 0.000000e+00 0.000000e+00 7.409743e-20 8.636576e-39 -8.426646e-22
-3.300000e+00 0.000000e+00 0.000000e+00 1.632224e-19 -4.922849e-37 -1.124238e-21
-3.200000e+00 0.000000e+00 0.000000e+00 3.485920e-19 6.218335e-37 -6.958190e-21
-3.100000e+00 0.000000e+00 0.000000e+00 7.423568e-19 -8.291113e-37 -7.427529e-21
-3.000000e+00 0.000000e+00 0.000000e+00 1.530795e-18 -1.955321e-35 -3.575271e-20
-2.900000e+00 0.000000e+00 0.000000e+00 3.144582e-18 3.219716e-35 -5.180180e-20
-2.800000e+00 0.000000e+00 0.000000e+00 6.265830e-18 -2.763704e-36 -1.778667e-19
-2.700000e+00 0.000000e+00 0.000000e+00 1.246915e-17 -4.145557e-35 -2.628398e-19
-2.600000e+00 0.000000e+00 0.000000e+00 2.391440e-17 3.979734e-35 -9.257715e-19
-2.500000e+00 0.000000e+00 0.000000e+00 4.650532e-17 -6.411794e-35 -1.070630e-18
-2.400000e+00 0.000000e+00 0.000000e+00 8.543152e-17 6.013821e-34 -4.401459e-18
-2.300000e+00 0.000000e+00 0.000000e+00 1.628206e-16 6.809768e-34 -4.999794e-18
-2.200000e+00 0.000000e+00 0.000000e+00 2.919588e-16 -8.047907e-34 -1.376996e-17
-2.100000e+00 0.000000e+00 0.000000e+00 5.245156e-16 1.415017e-34 -3.263728e-17
-2.000000e+00 0.000000e+00 0.000000e+00 9.742331e-16 8.118658e-33 -2.496614e-17
-1.900000e+00 0.000000e+00 0.000000e+00 1.632236e-15 -5.766193e-33 -9.585196e-17
-1.800000e+00 0.000000e+00 0.000000e+00 2.861461e-15 5.362913e-32 -1.997308e-16
-1.700000e+00 0.000000e+00 0.000000e+00 5.373035e-15 8.207097e-33 -5.376590e-17
-1.600000e+00 0.000000e+00 0.000000e+00 8.837422e-15 1.910273e-31 4.104555e-17
-1.500000e+00 0.000000e+00 0.000000e+00 1.391669e-14 -2.917764e-31 -5.452582e-16
-1.400000e+00 0.000000e+00 0.000000e+00 2.668441e-14 2.264027e-31 -6.529987e-16
-1.300000e+00 0.000000e+00 0.000000e+00 5.565822e-14 6.005331e-31 3.912405e-15
-1.200000e+00 0.000000e+00 0.000000e+00 1.010644e-13 -1.092393e-30 1.900632e-14
-1.100000e+00 0.000000e+00 0.000000e+00 1.442687e-13 -4.084304e-30 4.841526e-14
-1.000000e+00 0.000000e+00 0.000000e+00 1.479691e-13 3.270387e-30 8.924461e-14
-9.000000e-01 0.000000e+00 0.000000e+00 9.933936e-14 -3.081906e-30 1.317814e-13
-8.000000e-01 0.000000e+00 0.000000e+00 4.726701e-14 -7.346767e-31 1.654830e-13
-7.000000e-01 0.000000e+00 0.000000e+00 3.356689e-14 1.092512e-28 1.854282e-13
-6.000000e-01 0.000000e+00 0.000000e+00 3.897373e-14 4.615218e-30 1.950942e-13
-5.000000e-01 0.000000e+00 0.000000e+00 3.399404e-14 -1.674984e-29 2.027844e-13
-4.000000e-01 0.000000e+00 0.000000e+00 2.010220e-14 -1.481239e-29 2.132315e-13
-3.000000e-01 0.000000e+00 0.000000e+00 1.172250e-14 6.007029e-30 2.242347e-13
-2.000000e-01 0.000000e+00 0.000000e+00 1.078427e-14 -1.315399e-30 2.317386e-13
-1.000000e-01 0.000000e+00 0.000000e+00 8.298343e-15 -8.553493e-30 2.348538e-13
-1.026956e-15 0.000000e+00 0.000000e+00 -8.629224e-29 -8.212757e-31 2.354646e-13
1.000000e-01 0.000000e+00 0.000000e+00 -8.298343e-15 4.954256e-30 2.348538e-13
2.000000e-01 0.000000e+00 0.000000e+00 -1.078427e-14 -1.478409e-30 2.317386e-13
3.000000e-01 0.000000e+00 0.000000e+00 -1.172250e-14 -2.327419e-30 2.242347e-13
4.000000e-01 0.000000e+00 0.000000e+00 -2.010220e-14 -1.546217e-29 2.132315e-13
5.000000e-01 0.000000e+00 0.000000e+00 -3.399404e-14 1.420847e-29 2.027844e-13
6.000000e-01 0.000000e+00 0.000000e+00 -3.897373e-14 1.087582e-29 1.950942e-13
7.000000e-01 0.000000e+00 0.000000e+00 -3.356689e-14 -1.399174e-28 1.854282e-13
8.000000e-01 0.000000e+00 0.000000e+00 -4.726701e-14 1.778676e-31 1.654830e-13
9.000000e-01 0.000000e+00 0.000000e+00 -9.933936e-14 1.369397e-29 1.317814e-13
1.000000e+00 0.000000e+00 0.000000e+00 -1.479691e-13 -4.588050e-30 8.924461e-14
1.100000e+00 0.000000e+00 0.000000e+00 -1.442687e-13 -3.774698e-30 4.841526e-14
1.200000e+00 0.000000e+00 0.000000e+00 -1.010644e-13 9.723995e-31 1.900632e-14
1.300000e+00 0.000000e+00 0.000000e+00 -5.565822e-14 -3.826205e-31 3.912405e-15
1.400000e+00 0.000000e+00 0.000000e+00 -2.668441e-14 -1.485768e-31 -6.529987e-16
1.500000e+00 0.000000e+00 0.000000e+00 -1.391669e-14 2.177711e-31 -5.452582e-16
1.600000e+00 0.000000e+00 0.000000e+00 -8.837422e-15 -8.504250e-32 4.104555e-17
1.700000e+00 0.000000e+00 0.000000e+00 -5.373035e-15 -1.835984e-32 -5.376590e-17
1.800000e+00 0.000000e+00 0.000000e+00 -2.861461e-15 -6.063346e-32 -1.997308e-16
1.900000e+00 0.000000e+00 0.000000e+00 -1.632236e-15 4.775681e-34 -9.585196e-17
2.000000e+00 0.000000e+00 0.000000e+00 -9.742331e-16 -1.830678e-33 -2.496614e-17
2.100000e+00 0.000000e+00 0.000000e+00 -5.245156e-16 -9.286047e-34 -3.263728e-17
2.200000e+00 0.000000e+00 0.000000e+00 -2.919588e-16 -3.916501e-32 -1.376996e-17
2.300000e+00 0.000000e+00 0.000000e+00 -1.628206e-16 -2.874253e-34 -4.999794e-18
2.400000e+00 0.000000e+00 0.000000e+00 -8.543152e-17 -5.637957e-35 -4.401459e-18
2.500000e+00 0.000000e+00 0.000000e+00 -4.650532e-17 9.009676e-35 -1.070630e-18
2.600000e+00 0.000000e+00 0.000000e+00 -2.391440e-17 -8.816217e-35 -9.257715e-19
2.700000e+00 0.000000e+00 0.000000e+00 -1.246915e-17 2.528790e-35 -2.628398e-19
2.800000e+00 0.000000e+00 0.000000e+00 -6.265830e-18 -1.699678e-35 -1.778667e-19
2.900000e+00 0.000000e+00 0.000000e+00 -3.144582e-18 -5.665594e-36 -5.180180e-20
3.000000e+00 0.000000e+00 0.000000e+00 -1.530795e-18 -1.502764e-36 -3.575271e-20
3.100000e+00 0.000000e+00 0.000000e+00 -7.423568e-19 1.295486e-36 -7.427529e-21
3.200000e+00 0.000000e+00 0.000000e+00 -3.485920e-19 -3.454631e-37 -6.958190e-21
3.300000e+00 0.000000e+00 0.000000e+00 -1.632224e-19 3.433039e-37 -1.124238e-21
3.400000e+00 0.000000e+00 0.000000e+00 -7.409743e-20 1.219916e-37 -8.426646e-22
3.500000e+00 0.000000e+00 0.000000e+00 -3.326354e-20 -1.079572e-38 -3.456571e-22
3.600000e+00 0.000000e+00 0.000000e+00 -1.468053e-20 -2.267101e-38 -3.524131e-23
3.700000e+00 0.000000e+00 0.000000e+00 -6.309587e-21 -3.845975e-39 -4.466880e-23
3.800000e+00 0.000000e+00 0.000000e+00 -2.680949e-21 -2.159144e-39 -1.434027e-23
3.900000e+00 0.000000e+00 0.000000e+00 -1.117840e-21 -3.542346e-40 -2.417886e-25
4.000000e+00 0.000000e+00 0.000000e+00 -4.546880e-22 2.024198e-40 -7.635008e-25
4.100000e+00 0.000000e+00 0.000000e+00 -1.818742e-22 -1.433807e-39 -5.137182e-25
4.200000e+00 0.000000e+00 0.000000e+00 -7.159840e-23 1.265123e-41 -3.242014e-26
4.300000e+00 0.000000e+00 0.000000e+00 -2.758763e-23 -2.662031e-41 2.809014e-26
4.400000e+00 0.000000e+00 0.000000e+00 -1.039656e-23 -2.899241e-42 3.376027e-27
4.500000e+00 0.000000e+00 0.000000e+00 -3.842798e-24 1.410086e-41 -1.329669e-27
4.600000e+00 0.000000e+00 0.000000e+00 -1.394725e-24 -9.883777e-43 7.940163e-29
4.700000e+00 0.000000e+00 0.000000e+00 -4.965357e-25 -1.029560e-43 4.063164e-28
4.800000e+00 0.000000e+00 0.000000e+00 -1.731724e-25 1.667887e-43 2.004728e-28
4.900000e+00 0.000000e+00 0.000000e+00 -5.914051e-26 -9.420475e-44 5.849736e-29
5.000000e+00 0.000000e+00 0.000000e+00 -1.978022e-26 8.931434e-44 1.203746e-29
