-2.500000e+00 -2.500000e+00 0.000000e+00 3.977805e-19 3.721944e-19 0.000000e+00
-2.500000e+00 -2.250000e+00 0.000000e+00 1.922727e-18 1.588296e-18 0.000000e+00
-2.500000e+00 -2.000000e+00 0.000000e+00 7.103424e-18 5.096893e-18 0.000000e+00
-2.500000e+00 -1.750000e+00 0.000000e+00 2.066432e-17 1.264079e-17 0.000000e+00
-2.500000e+00 -1.500000e+00 0.000000e+00 4.879011e-17 2.489087e-17 0.000000e+00
-2.500000e+00 -1.250000e+00 0.000000e+00 9.622983e-17 3.983351e-17 0.000000e+00
-2.500000e+00 -1.000000e+00 0.000000e+00 1.626433e-16 5.262853e-17 0.000000e+00
-2.500000e+00 -7.500000e-01 0.000000e+00 2.405539e-16 5.751356e-17 0.000000e+00
-2.500000e+00 -5.000000e-01 0.000000e+00 3.163446e-16 5.058454e-17 0.000000e+00
-2.500000e+00 -2.500000e-01 0.000000e+00 3.738179e-16 3.168360e-17 0.000000e+00
-2.500000e+00 0.000000e+00 0.000000e+00 3.991681e-16 4.726898e-18 0.000000e+00
-2.500000e+00 2.500000e-01 0.000000e+00 3.859432e-16 -2.347065e-17 0.000000e+00
-2.500000e+00 5.000000e-01 0.000000e+00 3.375500e-16 -4.562753e-17 0.000000e+00
-2.500000e+00 7.500000e-01 0.000000e+00 2.658725e-16 -5.664839e-17 0.000000e+00
-2.500000e+00 1.000000e+00 0.000000e+00 1.869081e-16 -5.532023e-17 0.000000e+00
-2.500000e+00 1.250000e+00 0.000000e+00 1.155786e-16 -4.447980e-17 0.000000e+00
-2.500000e+00 1.500000e+00 0.000000e+00 6.160181e-17 -2.957087e-17 0.000000e+00
-2.500000e+00 1.750000e+00 0.000000e+00 2.758647e-17 -1.603336e-17 0.000000e+00
-2.500000e+00 2.000000e+00 0.000000e+00 1.008043e-17 -6.927939e-18 0.000000e+00
-2.500000e+00 2.250000e+00 0.000000e+00 2.913924e-18 -2.321365e-18 0.000000e+00
-2.500000e+00 2.500000e+00 0.000000e+00 6.462492e-19 -5.866154e-19 0.000000e+00
-2.250000e+00 -2.500000e+00 0.000000e+00 1.932694e-18 2.014198e-18 0.000000e+00
-2.250000e+00 -2.250000e+00 0.000000e+00 8.333957e-18 7.666553e-18 0.000000e+00
-2.250000e+00 -2.000000e+00 0.000000e+00 2.763264e-17 2.207293e-17 0.000000e+00
-2.250000e+00 -1.750000e+00 0.000000e+00 7.292745e-17 4.965215e-17 0.000000e+00
-2.250000e+00 -1.500000e+00 0.000000e+00 1.586139e-16 9.009017e-17 0.000000e+00
-2.250000e+00 -1.250000e+00 0.000000e+00 2.935097e-16 1.354722e-16 0.000000e+00
-2.250000e+00 -1.000000e+00 0.000000e+00 4.744488e-16 1.717022e-16 0.000000e+00
-2.250000e+00 -7.500000e-01 0.000000e+00 6.829528e-16 1.834211e-16 0.000000e+00
-2.250000e+00 -5.000000e-01 0.000000e+00 8.858827e-16 1.599241e-16 0.000000e+00
-2.250000e+00 -2.500000e-01 0.000000e+00 1.041218e-15 1.000917e-16 0.000000e+00
-2.250000e+00 0.000000e+00 0.000000e+00 1.110390e-15 1.508318e-17 0.000000e+00
-2.250000e+00 2.500000e-01 0.000000e+00 1.074391e-15 -7.389073e-17 0.000000e+00
-2.250000e+00 5.000000e-01 0.000000e+00 9.432096e-16 -1.438672e-16 0.000000e+00
-2.250000e+00 7.500000e-01 0.000000e+00 7.508408e-16 -1.796816e-16 0.000000e+00
-2.250000e+00 1.000000e+00 0.000000e+00 5.399642e-16 -1.786286e-16 0.000000e+00
-2.250000e+00 1.250000e+00 0.000000e+00 3.473637e-16 -1.489000e-16 0.000000e+00
-2.250000e+00 1.500000e+00 0.000000e+00 1.963765e-16 -1.048423e-16 0.000000e+00
-2.250000e+00 1.750000e+00 0.000000e+00 9.510037e-17 -6.147935e-17 0.000000e+00
-2.250000e+00 2.000000e+00 0.000000e+00 3.822025e-17 -2.924237e-17 0.000000e+00
-2.250000e+00 2.250000e+00 0.000000e+00 1.230366e-17 -1.092270e-17 0.000000e+00
-2.250000e+00 2.500000e+00 0.000000e+00 3.060451e-18 -3.098776e-18 0.000000e+00
-2.000000e+00 -2.500000e+00 0.000000e+00 7.042283e-18 8.281658e-18 0.000000e+00
-2.000000e+00 -2.250000e+00 0.000000e+00 2.724218e-17 2.827342e-17 0.000000e+00
-2.000000e+00 -2.000000e+00 0.000000e+00 8.185431e-17 7.374898e-17 0.000000e+00
-2.000000e+00 -1.750000e+00 0.000000e+00 1.988369e-16 1.527139e-16 0.000000e+00
-2.000000e+00 -1.500000e+00 0.000000e+00 4.060129e-16 2.604978e-16 0.000000e+00
-2.000000e+00 -1.250000e+00 0.000000e+00 7.215167e-16 3.775881e-16 0.000000e+00
-2.000000e+00 -1.000000e+00 0.000000e+00 1.145276e-15 4.728842e-16 0.000000e+00
-2.000000e+00 -7.500000e-01 0.000000e+00 1.647475e-15 5.085786e-16 0.000000e+00
-2.000000e+00 -5.000000e-01 0.000000e+00 2.156223e-15 4.506644e-16 0.000000e+00
-2.000000e+00 -2.500000e-01 0.000000e+00 2.560592e-15 2.867075e-16 0.000000e+00
-2.000000e+00 0.000000e+00 0.000000e+00 2.745347e-15 4.384230e-17 0.000000e+00
-2.000000e+00 2.500000e-01 0.000000e+00 2.648967e-15 -2.120631e-16 0.000000e+00
-2.000000e+00 5.000000e-01 0.000000e+00 2.303380e-15 -4.074836e-16 0.000000e+00
-2.000000e+00 7.500000e-01 0.000000e+00 1.814266e-15 -5.001730e-16 0.000000e+00
-2.000000e+00 1.000000e+00 0.000000e+00 1.300035e-15 -4.916463e-16 0.000000e+00
-2.000000e+00 1.250000e+00 0.000000e+00 8.461228e-16 -4.118671e-16 0.000000e+00
-2.000000e+00 1.500000e+00 0.000000e+00 4.945032e-16 -2.985901e-16 0.000000e+00
-2.000000e+00 1.750000e+00 0.000000e+00 2.535577e-16 -1.851226e-16 0.000000e+00
-2.000000e+00 2.000000e+00 0.000000e+00 1.102994e-16 -9.530600e-17 0.000000e+00
-2.000000e+00 2.250000e+00 0.000000e+00 3.911476e-17 -3.924352e-17 0.000000e+00
-2.000000e+00 2.500000e+00 0.000000e+00 1.084180e-17 -1.241917e-17 0.000000e+00
-1.750000e+00 -2.500000e+00 0.000000e+00 1.975094e-17 2.662695e-17 0.000000e+00
-1.750000e+00 -2.250000e+00 0.000000e+00 6.928398e-17 8.241796e-17 0.000000e+00
-1.750000e+00 -2.000000e+00 0.000000e+00 1.916496e-16 1.978758e-16 0.000000e+00
-1.750000e+00 -1.750000e+00 0.000000e+00 4.376526e-16 3.854113e-16 0.000000e+00
-1.750000e+00 -1.500000e+00 0.000000e+00 8.616792e-16 6.356111e-16 0.000000e+00
-1.750000e+00 -1.250000e+00 0.000000e+00 1.516652e-15 9.180321e-16 0.000000e+00
-1.750000e+00 -1.000000e+00 0.000000e+00 2.442305e-15 1.176861e-15 0.000000e+00
-1.750000e+00 -7.500000e-01 0.000000e+00 3.623616e-15 1.318047e-15 0.000000e+00
-1.750000e+00 -5.000000e-01 0.000000e+00 4.914176e-15 1.219217e-15 0.000000e+00
-1.750000e+00 -2.500000e-01 0.000000e+00 5.999987e-15 8.012662e-16 0.000000e+00
-1.750000e+00 0.000000e+00 0.000000e+00 6.512940e-15 1.246698e-16 0.000000e+00
-1.750000e+00 2.500000e-01 0.000000e+00 6.245634e-15 -5.969212e-16 0.000000e+00
-1.750000e+00 5.000000e-01 0.000000e+00 5.303955e-15 -1.116823e-15 0.000000e+00
-1.750000e+00 7.500000e-01 0.000000e+00 4.034957e-15 -1.315595e-15 0.000000e+00
-1.750000e+00 1.000000e+00 0.000000e+00 2.792366e-15 -1.237970e-15 0.000000e+00
-1.750000e+00 1.250000e+00 0.000000e+00 1.777375e-15 -1.005352e-15 0.000000e+00
-1.750000e+00 1.500000e+00 0.000000e+00 1.039121e-15 -7.242132e-16 0.000000e+00
-1.750000e+00 1.750000e+00 0.000000e+00 5.482248e-16 -4.601444e-16 0.000000e+00
-1.750000e+00 2.000000e+00 0.000000e+00 2.522631e-16 -2.502618e-16 0.000000e+00
-1.750000e+00 2.250000e+00 0.000000e+00 9.682327e-17 -1.115880e-16 0.000000e+00
-1.750000e+00 2.500000e+00 0.000000e+00 2.952750e-17 -3.891224e-17 0.000000e+00
-1.500000e+00 -2.500000e+00 0.000000e+00 4.373244e-17 6.894045e-17 0.000000e+00
-1.500000e+00 -2.250000e+00 0.000000e+00 1.411822e-16 1.963810e-16 0.000000e+00
-1.500000e+00 -2.000000e+00 0.000000e+00 3.665439e-16 4.426013e-16 0.000000e+00
-1.500000e+00 -1.750000e+00 0.000000e+00 8.069179e-16 8.322834e-16 0.000000e+00
-1.500000e+00 -1.500000e+00 0.000000e+00 1.580469e-15 1.370702e-15 0.000000e+00
-1.500000e+00 -1.250000e+00 0.000000e+00 2.854744e-15 2.045822e-15 0.000000e+00
-1.500000e+00 -1.000000e+00 0.000000e+00 4.839865e-15 2.786034e-15 0.000000e+00
-1.500000e+00 -7.500000e-01 0.000000e+00 7.633821e-15 3.339804e-15 0.000000e+00
-1.500000e+00 -5.000000e-01 0.000000e+00 1.092455e-14 3.270338e-15 0.000000e+00
-1.500000e+00 -2.500000e-01 0.000000e+00 1.385271e-14 2.233729e-15 0.000000e+00
-1.500000e+00 0.000000e+00 0.000000e+00 1.528453e-14 3.532157e-16 0.000000e+00
-1.500000e+00 2.500000e-01 0.000000e+00 1.453814e-14 -1.678943e-15 0.000000e+00
-1.500000e+00 5.000000e-01 0.000000e+00 1.196730e-14 -3.044447e-15 0.000000e+00
-1.500000e+00 7.500000e-01 0.000000e+00 8.662862e-15 -3.406908e-15 0.000000e+00
-1.500000e+00 1.000000e+00 0.000000e+00 5.636707e-15 -3.001404e-15 0.000000e+00
-1.500000e+00 1.250000e+00 0.000000e+00 3.383491e-15 -2.280294e-15 0.000000e+00
-1.500000e+00 1.500000e+00 0.000000e+00 1.908462e-15 -1.570866e-15 0.000000e+00
-1.500000e+00 1.750000e+00 0.000000e+00 1.002461e-15 -9.876925e-16 0.000000e+00
-1.500000e+00 2.000000e+00 0.000000e+00 4.744753e-16 -5.511615e-16 0.000000e+00
-1.500000e+00 2.250000e+00 0.000000e+00 1.926936e-16 -2.602480e-16 0.000000e+00
-1.500000e+00 2.500000e+00 0.000000e+00 6.351014e-17 -9.831772e-17 0.000000e+00
-1.250000e+00 -2.500000e+00 0.000000e+00 7.815074e-17 1.478020e-16 0.000000e+00
-1.250000e+00 -2.250000e+00 0.000000e+00 2.362050e-16 3.942286e-16 0.000000e+00
-1.250000e+00 -2.000000e+00 0.000000e+00 5.875101e-16 8.518795e-16 0.000000e+00
-1.250000e+00 -1.750000e+00 0.000000e+00 1.278614e-15 1.588052e-15 0.000000e+00
-1.250000e+00 -1.500000e+00 0.000000e+00 2.568899e-15 2.696648e-15 0.000000e+00
-1.250000e+00 -1.250000e+00 0.000000e+00 4.936218e-15 4.307501e-15 0.000000e+00
-1.250000e+00 -1.000000e+00 0.000000e+00 9.045507e-15 6.362399e-15 0.000000e+00
-1.250000e+00 -7.500000e-01 0.000000e+00 1.541220e-14 8.257190e-15 0.000000e+00
-1.250000e+00 -5.000000e-01 0.000000e+00 2.380749e-14 8.743513e-15 0.000000e+00
-1.250000e+00 -2.500000e-01 0.000000e+00 3.210575e-14 6.341325e-15 0.000000e+00
-1.250000e+00 0.000000e+00 0.000000e+00 3.640815e-14 1.025167e-15 0.000000e+00
-1.250000e+00 2.500000e-01 0.000000e+00 3.414630e-14 -4.830249e-15 0.000000e+00
-1.250000e+00 5.000000e-01 0.000000e+00 2.669479e-14 -8.337008e-15 0.000000e+00
-1.250000e+00 7.500000e-01 0.000000e+00 1.794475e-14 -8.661835e-15 0.000000e+00
-1.250000e+00 1.000000e+00 0.000000e+00 1.080256e-14 -7.047772e-15 0.000000e+00
-1.250000e+00 1.250000e+00 0.000000e+00 5.996537e-15 -4.936305e-15 0.000000e+00
-1.250000e+00 1.500000e+00 0.000000e+00 3.153879e-15 -3.149287e-15 0.000000e+00
-1.250000e+00 1.750000e+00 0.000000e+00 1.594752e-15 -1.893370e-15 0.000000e+00
-1.250000e+00 2.000000e+00 0.000000e+00 7.538103e-16 -1.052757e-15 0.000000e+00
-1.250000e+00 2.250000e+00 0.000000e+00 3.160405e-16 -5.139196e-16 0.000000e+00
-1.250000e+00 2.500000e+00 0.000000e+00 1.103161e-16 -2.062848e-16 0.000000e+00
-1.000000e+00 -2.500000e+00 0.000000e+00 1.143241e-16 2.688281e-16 0.000000e+00
-1.000000e+00 -2.250000e+00 0.000000e+00 3.294327e-16 6.835418e-16 0.000000e+00
-1.000000e+00 -2.000000e+00 0.000000e+00 8.008759e-16 1.444995e-15 0.000000e+00
-1.000000e+00 -1.750000e+00 0.000000e+00 1.761535e-15 2.731769e-15 0.000000e+00
-1.000000e+00 -1.500000e+00 0.000000e+00 3.726210e-15 4.912992e-15 0.000000e+00
-1.000000e+00 -1.250000e+00 0.000000e+00 7.749532e-15 8.523998e-15 0.000000e+00
-1.000000e+00 -1.000000e+00 0.000000e+00 1.556972e-14 1.381498e-14 0.000000e+00
-1.000000e+00 -7.500000e-01 0.000000e+00 2.977859e-14 2.010757e-14 0.000000e+00
-1.000000e+00 -5.000000e-01 0.000000e+00 5.119258e-14 2.353453e-14 0.000000e+00
-1.000000e+00 -2.500000e-01 0.000000e+00 7.355017e-14 1.803436e-14 0.000000e+00
-1.000000e+00 0.000000e+00 0.000000e+00 8.529311e-14 2.960261e-15 0.000000e+00
-1.000000e+00 2.500000e-01 0.000000e+00 7.913505e-14 -1.388799e-14 0.000000e+00
-1.000000e+00 5.000000e-01 0.000000e+00 5.894559e-14 -2.299034e-14 0.000000e+00
-1.000000e+00 7.500000e-01 0.000000e+00 3.607645e-14 -2.192484e-14 0.000000e+00
-1.000000e+00 1.000000e+00 0.000000e+00 1.930767e-14 -1.588871e-14 0.000000e+00
-1.000000e+00 1.250000e+00 0.000000e+00 9.704193e-15 -1.006559e-14 0.000000e+00
-1.000000e+00 1.500000e+00 0.000000e+00 4.691552e-15 -5.893365e-15 0.000000e+00
-1.000000e+00 1.750000e+00 0.000000e+00 2.219748e-15 -3.302745e-15 0.000000e+00
-1.000000e+00 2.000000e+00 0.000000e+00 1.021308e-15 -1.784850e-15 0.000000e+00
-1.000000e+00 2.250000e+00 0.000000e+00 4.322790e-16 -8.810692e-16 0.000000e+00
-1.000000e+00 2.500000e+00 0.000000e+00 1.567699e-16 -3.684934e-16 0.000000e+00
-7.500000e-01 -2.500000e+00 0.000000e+00 1.367297e-16 4.227608e-16 0.000000e+00
-7.500000e-01 -2.250000e+00 0.000000e+00 3.821989e-16 1.041922e-15 0.000000e+00
-7.500000e-01 -2.000000e+00 0.000000e+00 9.243653e-16 2.191224e-15 0.000000e+00
-7.500000e-01 -1.750000e+00 0.000000e+00 2.091317e-15 4.271225e-15 0.000000e+00
-7.500000e-01 -1.500000e+00 0.000000e+00 4.710492e-15 8.212281e-15 0.000000e+00
-7.500000e-01 -1.250000e+00 0.000000e+00 1.061199e-14 1.547821e-14 0.000000e+00
-7.500000e-01 -1.000000e+00 0.000000e+00 2.400752e-14 2.825949e-14 0.000000e+00
-7.500000e-01 -7.500000e-01 0.000000e+00 5.152834e-14 4.577099e-14 0.000000e+00
-7.500000e-01 -5.000000e-01 0.000000e+00 9.207723e-14 5.518696e-14 0.000000e+00
-7.500000e-01 -2.500000e-01 0.000000e+00 1.309398e-13 4.193653e-14 0.000000e+00
-7.500000e-01 0.000000e+00 0.000000e+00 1.501159e-13 6.839262e-15 0.000000e+00
-7.500000e-01 2.500000e-01 0.000000e+00 1.401303e-13 -3.219695e-14 0.000000e+00
-7.500000e-01 5.000000e-01 0.000000e+00 1.058215e-13 -5.385281e-14 0.000000e+00
-7.500000e-01 7.500000e-01 0.000000e+00 6.365144e-14 -5.081728e-14 0.000000e+00
-7.500000e-01 1.000000e+00 0.000000e+00 3.098711e-14 -3.392135e-14 0.000000e+00
-7.500000e-01 1.250000e+00 0.000000e+00 1.365638e-14 -1.893314e-14 0.000000e+00
-7.500000e-01 1.500000e+00 0.000000e+00 6.006304e-15 -1.009541e-14 0.000000e+00
-7.500000e-01 1.750000e+00 0.000000e+00 2.640238e-15 -5.254059e-15 0.000000e+00
-7.500000e-01 2.000000e+00 0.000000e+00 1.163828e-15 -2.715116e-15 0.000000e+00
-7.500000e-01 2.250000e+00 0.000000e+00 4.900666e-16 -1.333129e-15 0.000000e+00
-7.500000e-01 2.500000e+00 0.000000e+00 1.819150e-16 -5.712138e-16 0.000000e+00
-5.000000e-01 -2.500000e+00 0.000000e+00 1.295067e-16 5.826791e-16 0.000000e+00
-5.000000e-01 -2.250000e+00 0.000000e+00 3.562215e-16 1.410793e-15 0.000000e+00
-5.000000e-01 -2.000000e+00 0.000000e+00 8.677494e-16 2.983801e-15 0.000000e+00
-5.000000e-01 -1.750000e+00 0.000000e+00 2.038676e-15 6.036536e-15 0.000000e+00
-5.000000e-01 -1.500000e+00 0.000000e+00 4.869116e-15 1.230312e-14 0.000000e+00
-5.000000e-01 -1.250000e+00 0.000000e+00 1.192766e-14 2.521607e-14 0.000000e+00
-5.000000e-01 -1.000000e+00 0.000000e+00 3.009632e-14 5.119136e-14 0.000000e+00
-5.000000e-01 -7.500000e-01 0.000000e+00 6.594489e-14 8.427553e-14 0.000000e+00
-5.000000e-01 -5.000000e-01 0.000000e+00 1.103361e-13 9.602543e-14 0.000000e+00
-5.000000e-01 -2.500000e-01 0.000000e+00 1.452607e-13 6.885563e-14 0.000000e+00
-5.000000e-01 0.000000e+00 0.000000e+00 1.598987e-13 1.085227e-14 0.000000e+00
-5.000000e-01 2.500000e-01 0.000000e+00 1.515995e-13 -5.235487e-14 0.000000e+00
-5.000000e-01 5.000000e-01 0.000000e+00 1.216757e-13 -9.185184e-14 0.000000e+00
-5.000000e-01 7.500000e-01 0.000000e+00 7.824584e-14 -9.211998e-14 0.000000e+00
-5.000000e-01 1.000000e+00 0.000000e+00 3.829290e-14 -6.241813e-14 0.000000e+00
-5.000000e-01 1.250000e+00 0.000000e+00 1.530820e-14 -3.188337e-14 0.000000e+00
-5.000000e-01 1.500000e+00 0.000000e+00 6.097580e-15 -1.538770e-14 0.000000e+00
-5.000000e-01 1.750000e+00 0.000000e+00 2.520264e-15 -7.513249e-15 0.000000e+00
-5.000000e-01 2.000000e+00 0.000000e+00 1.065566e-15 -3.707245e-15 0.000000e+00
-5.000000e-01 2.250000e+00 0.000000e+00 4.442573e-16 -1.795585e-15 0.000000e+00
-5.000000e-01 2.500000e+00 0.000000e+00 1.671315e-16 -7.786673e-16 0.000000e+00
-2.500000e-01 -2.500000e+00 0.000000e+00 8.599342e-17 7.102975e-16 0.000000e+00
-2.500000e-01 -2.250000e+00 0.000000e+00 2.350632e-16 1.705271e-15 0.000000e+00
-2.500000e-01 -2.000000e+00 0.000000e+00 5.795023e-16 3.638952e-15 0.000000e+00
-2.500000e-01 -1.750000e+00 0.000000e+00 1.409854e-15 7.594460e-15 0.000000e+00
-2.500000e-01 -1.500000e+00 0.000000e+00 3.535481e-15 1.615405e-14 0.000000e+00
-2.500000e-01 -1.250000e+00 0.000000e+00 9.342163e-15 3.550241e-14 0.000000e+00
-2.500000e-01 -1.000000e+00 0.000000e+00 2.477287e-14 7.562977e-14 0.000000e+00
-2.500000e-01 -7.500000e-01 0.000000e+00 5.148075e-14 1.188874e-13 0.000000e+00
-2.500000e-01 -5.000000e-01 0.000000e+00 7.764430e-14 1.247169e-13 0.000000e+00
-2.500000e-01 -2.500000e-01 0.000000e+00 9.187769e-14 8.286963e-14 0.000000e+00
-2.500000e-01 0.000000e+00 0.000000e+00 9.521292e-14 1.220672e-14 0.000000e+00
-2.500000e-01 2.500000e-01 0.000000e+00 9.165647e-14 -6.284085e-14 0.000000e+00
-2.500000e-01 5.000000e-01 0.000000e+00 7.955547e-14 -1.166899e-13 0.000000e+00
-2.500000e-01 7.500000e-01 0.000000e+00 5.606310e-14 -1.265246e-13 0.000000e+00
-2.500000e-01 1.000000e+00 0.000000e+00 2.908370e-14 -9.095987e-14 0.000000e+00
-2.500000e-01 1.250000e+00 0.000000e+00 1.131052e-14 -4.544930e-14 0.000000e+00
-2.500000e-01 1.500000e+00 0.000000e+00 4.207370e-15 -2.034477e-14 0.000000e+00
-2.500000e-01 1.750000e+00 0.000000e+00 1.672893e-15 -9.478867e-15 0.000000e+00
-2.500000e-01 2.000000e+00 0.000000e+00 6.882666e-16 -4.521531e-15 0.000000e+00
-2.500000e-01 2.250000e+00 0.000000e+00 2.843561e-16 -2.161042e-15 0.000000e+00
-2.500000e-01 2.500000e+00 0.000000e+00 1.075673e-16 -9.417375e-16 0.000000e+00
0.000000e+00 -2.500000e+00 0.000000e+00 1.510010e-17 7.699102e-16 0.000000e+00
0.000000e+00 -2.250000e+00 0.000000e+00 4.125913e-17 1.843093e-15 0.000000e+00
0.000000e+00 -2.000000e+00 0.000000e+00 1.030521e-16 3.952967e-15 0.000000e+00
0.000000e+00 -1.750000e+00 0.000000e+00 2.579767e-16 8.373660e-15 0.000000e+00
0.000000e+00 -1.500000e+00 0.000000e+00 6.738167e-16 1.818353e-14 0.000000e+00
0.000000e+00 -1.250000e+00 0.000000e+00 1.854983e-15 4.128340e-14 0.000000e+00
0.000000e+00 -1.000000e+00 0.000000e+00 4.845676e-15 8.863161e-14 0.000000e+00
0.000000e+00 -7.500000e-01 0.000000e+00 9.504751e-15 1.345557e-13 0.000000e+00
0.000000e+00 -5.000000e-01 0.000000e+00 1.334656e-14 1.342967e-13 0.000000e+00
0.000000e+00 -2.500000e-01 0.000000e+00 1.461824e-14 8.492465e-14 0.000000e+00
0.000000e+00 0.000000e+00 0.000000e+00 1.448669e-14 1.182199e-14 0.000000e+00
0.000000e+00 2.500000e-01 0.000000e+00 1.407714e-14 -6.473462e-14 0.000000e+00
0.000000e+00 5.000000e-01 0.000000e+00 1.285081e-14 -1.241598e-13 0.000000e+00
0.000000e+00 7.500000e-01 0.000000e+00 9.551213e-15 -1.409217e-13 0.000000e+00
0.000000e+00 1.000000e+00 0.000000e+00 5.119131e-15 -1.050384e-13 0.000000e+00
0.000000e+00 1.250000e+00 0.000000e+00 1.978917e-15 -5.263942e-14 0.000000e+00
0.000000e+00 1.500000e+00 0.000000e+00 7.240441e-16 -2.284906e-14 0.000000e+00
0.000000e+00 1.750000e+00 0.000000e+00 2.850108e-16 -1.042656e-14 0.000000e+00
0.000000e+00 2.000000e+00 0.000000e+00 1.141631e-16 -4.903468e-15 0.000000e+00
0.000000e+00 2.250000e+00 0.000000e+00 4.551423e-17 -2.328740e-15 0.000000e+00
0.000000e+00 2.500000e+00 0.000000e+00 1.664426e-17 -1.015999e-15 0.000000e+00
2.500000e-01 -2.500000e+00 0.000000e+00 -6.096626e-17 7.432443e-16 0.000000e+00
2.500000e-01 -2.250000e+00 0.000000e+00 -1.666377e-16 1.781037e-15 0.000000e+00
2.500000e-01 -2.000000e+00 0.000000e+00 -4.120093e-16 3.811036e-15 0.000000e+00
2.500000e-01 -1.750000e+00 0.000000e+00 -1.009505e-15 8.022794e-15 0.000000e+00
2.500000e-01 -1.500000e+00 0.000000e+00 -2.558958e-15 1.727526e-14 0.000000e+00
2.500000e-01 -1.250000e+00 0.000000e+00 -6.901370e-15 3.864072e-14 0.000000e+00
2.500000e-01 -1.000000e+00 0.000000e+00 -1.850521e-14 8.260638e-14 0.000000e+00
2.500000e-01 -7.500000e-01 0.000000e+00 -3.781386e-14 1.274952e-13 0.000000e+00
2.500000e-01 -5.000000e-01 0.000000e+00 -5.527024e-14 1.303242e-13 0.000000e+00
2.500000e-01 -2.500000e-01 0.000000e+00 -6.305131e-14 8.445869e-14 0.000000e+00
2.500000e-01 0.000000e+00 0.000000e+00 -6.381749e-14 1.211240e-14 0.000000e+00
2.500000e-01 2.500000e-01 0.000000e+00 -6.162772e-14 -6.422570e-14 0.000000e+00
2.500000e-01 5.000000e-01 0.000000e+00 -5.500958e-14 -1.212777e-13 0.000000e+00
2.500000e-01 7.500000e-01 0.000000e+00 -3.997593e-14 -1.344570e-13 0.000000e+00
2.500000e-01 1.000000e+00 0.000000e+00 -2.120453e-14 -9.838347e-14 0.000000e+00
2.500000e-01 1.250000e+00 0.000000e+00 -8.275346e-15 -4.910949e-14 0.000000e+00
2.500000e-01 1.500000e+00 0.000000e+00 -3.036615e-15 -2.161157e-14 0.000000e+00
2.500000e-01 1.750000e+00 0.000000e+00 -1.200028e-15 -9.964090e-15 0.000000e+00
2.500000e-01 2.000000e+00 0.000000e+00 -4.950113e-16 -4.719957e-15 0.000000e+00
2.500000e-01 2.250000e+00 0.000000e+00 -2.066572e-16 -2.248856e-15 0.000000e+00
2.500000e-01 2.500000e+00 0.000000e+00 -7.928223e-17 -9.799393e-16 0.000000e+00
5.000000e-01 -2.500000e+00 0.000000e+00 -1.172239e-16 6.380639e-16 0.000000e+00
5.000000e-01 -2.250000e+00 0.000000e+00 -3.216685e-16 1.537720e-15 0.000000e+00
5.000000e-01 -2.000000e+00 0.000000e+00 -7.882923e-16 3.264268e-15 0.000000e+00
5.000000e-01 -1.750000e+00 0.000000e+00 -1.882386e-15 6.698149e-15 0.000000e+00
5.000000e-01 -1.500000e+00 0.000000e+00 -4.598149e-15 1.391925e-14 0.000000e+00
5.000000e-01 -1.250000e+00 0.000000e+00 -1.164276e-14 2.938266e-14 0.000000e+00
5.000000e-01 -1.000000e+00 0.000000e+00 -3.008169e-14 6.101602e-14 0.000000e+00
5.000000e-01 -7.500000e-01 0.000000e+00 -6.468979e-14 9.895485e-14 0.000000e+00
5.000000e-01 -5.000000e-01 0.000000e+00 -1.039759e-13 1.092305e-13 0.000000e+00
5.000000e-01 -2.500000e-01 0.000000e+00 -1.316557e-13 7.612922e-14 0.000000e+00
5.000000e-01 0.000000e+00 0.000000e+00 -1.419112e-13 1.177528e-14 0.000000e+00
5.000000e-01 2.500000e-01 0.000000e+00 -1.353483e-13 -5.779674e-14 0.000000e+00
5.000000e-01 5.000000e-01 0.000000e+00 -1.116792e-13 -1.036620e-13 0.000000e+00
5.000000e-01 7.500000e-01 0.000000e+00 -7.420366e-14 -1.070098e-13 0.000000e+00
5.000000e-01 1.000000e+00 0.000000e+00 -3.701129e-14 -7.396982e-14 0.000000e+00
5.000000e-01 1.250000e+00 0.000000e+00 -1.454982e-14 -3.713530e-14 0.000000e+00
5.000000e-01 1.500000e+00 0.000000e+00 -5.629637e-15 -1.732859e-14 0.000000e+00
5.000000e-01 1.750000e+00 0.000000e+00 -2.293245e-15 -8.297748e-15 0.000000e+00
5.000000e-01 2.000000e+00 0.000000e+00 -9.618452e-16 -4.038552e-15 0.000000e+00
5.000000e-01 2.250000e+00 0.000000e+00 -4.013084e-16 -1.945729e-15 0.000000e+00
5.000000e-01 2.500000e+00 0.000000e+00 -1.519218e-16 -8.441732e-16 0.000000e+00
7.500000e-01 -2.500000e+00 0.000000e+00 -1.385147e-16 4.851934e-16 0.000000e+00
7.500000e-01 -2.250000e+00 0.000000e+00 -3.841188e-16 1.185146e-15 0.000000e+00
7.500000e-01 -2.000000e+00 0.000000e+00 -9.316898e-16 2.495624e-15 0.000000e+00
7.500000e-01 -1.750000e+00 0.000000e+00 -2.142099e-15 4.935299e-15 0.000000e+00
7.500000e-01 -1.500000e+00 0.000000e+00 -4.946044e-15 9.715215e-15 0.000000e+00
7.500000e-01 -1.250000e+00 0.000000e+00 -1.150586e-14 1.890158e-14 0.000000e+00
7.500000e-01 -1.000000e+00 0.000000e+00 -2.718885e-14 3.606141e-14 0.000000e+00
7.500000e-01 -7.500000e-01 0.000000e+00 -5.937718e-14 5.941161e-14 0.000000e+00
7.500000e-01 -5.000000e-01 0.000000e+00 -1.043484e-13 7.055286e-14 0.000000e+00
7.500000e-01 -2.500000e-01 0.000000e+00 -1.449556e-13 5.258054e-14 0.000000e+00
7.500000e-01 0.000000e+00 0.000000e+00 -1.642253e-13 8.511137e-15 0.000000e+00
7.500000e-01 2.500000e-01 0.000000e+00 -1.542081e-13 -4.022960e-14 0.000000e+00
7.500000e-01 5.000000e-01 0.000000e+00 -1.186943e-13 -6.838249e-14 0.000000e+00
7.500000e-01 7.500000e-01 0.000000e+00 -7.266193e-14 -6.579490e-14 0.000000e+00
7.500000e-01 1.000000e+00 0.000000e+00 -3.499121e-14 -4.374659e-14 0.000000e+00
7.500000e-01 1.250000e+00 0.000000e+00 -1.472021e-14 -2.336346e-14 0.000000e+00
7.500000e-01 1.500000e+00 0.000000e+00 -6.234656e-15 -1.197664e-14 0.000000e+00
7.500000e-01 1.750000e+00 0.000000e+00 -2.678232e-15 -6.076243e-15 0.000000e+00
7.500000e-01 2.000000e+00 0.000000e+00 -1.164152e-15 -3.085247e-15 0.000000e+00
7.500000e-01 2.250000e+00 0.000000e+00 -4.891220e-16 -1.506528e-15 0.000000e+00
7.500000e-01 2.500000e+00 0.000000e+00 -1.825028e-16 -6.468886e-16 0.000000e+00
1.000000e+00 -2.500000e+00 0.000000e+00 -1.258382e-16 3.245286e-16 0.000000e+00
1.000000e+00 -2.250000e+00 0.000000e+00 -3.570679e-16 8.132052e-16 0.000000e+00
1.000000e+00 -2.000000e+00 0.000000e+00 -8.641088e-16 1.711013e-15 0.000000e+00
1.000000e+00 -1.750000e+00 0.000000e+00 -1.918363e-15 3.264135e-15 0.000000e+00
1.000000e+00 -1.500000e+00 0.000000e+00 -4.154599e-15 6.017821e-15 0.000000e+00
1.000000e+00 -1.250000e+00 0.000000e+00 -8.900649e-15 1.077068e-14 0.000000e+00
1.000000e+00 -1.000000e+00 0.000000e+00 -1.864198e-14 1.820504e-14 0.000000e+00
1.000000e+00 -7.500000e-01 0.000000e+00 -3.744132e-14 2.775073e-14 0.000000e+00
1.000000e+00 -5.000000e-01 0.000000e+00 -6.615921e-14 3.318035e-14 0.000000e+00
1.000000e+00 -2.500000e-01 0.000000e+00 -9.560993e-14 2.546711e-14 0.000000e+00
1.000000e+00 0.000000e+00 0.000000e+00 -1.108778e-13 4.164088e-15 0.000000e+00
1.000000e+00 2.500000e-01 0.000000e+00 -1.030165e-13 -1.959503e-14 0.000000e+00
1.000000e+00 5.000000e-01 0.000000e+00 -7.663981e-14 -3.243676e-14 0.000000e+00
1.000000e+00 7.500000e-01 0.000000e+00 -4.605449e-14 -3.060858e-14 0.000000e+00
1.000000e+00 1.000000e+00 0.000000e+00 -2.352790e-14 -2.134154e-14 0.000000e+00
1.000000e+00 1.250000e+00 0.000000e+00 -1.124725e-14 -1.288549e-14 0.000000e+00
1.000000e+00 1.500000e+00 0.000000e+00 -5.253670e-15 -7.290669e-15 0.000000e+00
1.000000e+00 1.750000e+00 0.000000e+00 -2.418972e-15 -3.972127e-15 0.000000e+00
1.000000e+00 2.000000e+00 0.000000e+00 -1.097519e-15 -2.113467e-15 0.000000e+00
1.000000e+00 2.250000e+00 0.000000e+00 -4.638813e-16 -1.040457e-15 0.000000e+00
1.000000e+00 2.500000e+00 0.000000e+00 -1.694537e-16 -4.376111e-16 0.000000e+00
1.250000e+00 -2.500000e+00 0.000000e+00 -9.274264e-17 1.887383e-16 0.000000e+00
1.250000e+00 -2.250000e+00 0.000000e+00 -2.739937e-16 4.931331e-16 0.000000e+00
1.250000e+00 -2.000000e+00 0.000000e+00 -6.722915e-16 1.052163e-15 0.000000e+00
1.250000e+00 -1.750000e+00 0.000000e+00 -1.462678e-15 1.962154e-15 0.000000e+00
1.250000e+00 -1.500000e+00 0.000000e+00 -2.986058e-15 3.393038e-15 0.000000e+00
1.250000e+00 -1.250000e+00 0.000000e+00 -5.908730e-15 5.590616e-15 0.000000e+00
1.250000e+00 -1.000000e+00 0.000000e+00 -1.118914e-14 8.526110e-15 0.000000e+00
1.250000e+00 -7.500000e-01 0.000000e+00 -1.981001e-14 1.147998e-14 0.000000e+00
1.250000e+00 -5.000000e-01 0.000000e+00 -3.182882e-14 1.260210e-14 0.000000e+00
1.250000e+00 -2.500000e-01 0.000000e+00 -4.410244e-14 9.338835e-15 0.000000e+00
1.250000e+00 0.000000e+00 0.000000e+00 -5.054525e-14 1.506356e-15 0.000000e+00
1.250000e+00 2.500000e-01 0.000000e+00 -4.718286e-14 -7.135012e-15 0.000000e+00
1.250000e+00 5.000000e-01 0.000000e+00 -3.614914e-14 -1.209713e-14 0.000000e+00
1.250000e+00 7.500000e-01 0.000000e+00 -2.345981e-14 -1.219799e-14 0.000000e+00
1.250000e+00 1.000000e+00 0.000000e+00 -1.357046e-14 -9.570484e-15 0.000000e+00
1.250000e+00 1.250000e+00 0.000000e+00 -7.278808e-15 -6.487850e-15 0.000000e+00
1.250000e+00 1.500000e+00 0.000000e+00 -3.708811e-15 -4.010129e-15 0.000000e+00
1.250000e+00 1.750000e+00 0.000000e+00 -1.832883e-15 -2.354325e-15 0.000000e+00
1.250000e+00 2.000000e+00 0.000000e+00 -8.591626e-16 -1.298311e-15 0.000000e+00
1.250000e+00 2.250000e+00 0.000000e+00 -3.614760e-16 -6.361506e-16 0.000000e+00
1.250000e+00 2.500000e+00 0.000000e+00 -1.276950e-16 -2.582278e-16 0.000000e+00
1.500000e+00 -2.500000e+00 0.000000e+00 -5.599310e-17 9.378318e-17 0.000000e+00
1.500000e+00 -2.250000e+00 0.000000e+00 -1.756805e-16 2.603706e-16 0.000000e+00
1.500000e+00 -2.000000e+00 0.000000e+00 -4.463482e-16 5.750355e-16 0.000000e+00
1.500000e+00 -1.750000e+00 0.000000e+00 -9.724140e-16 1.071045e-15 0.000000e+00
1.500000e+00 -1.500000e+00 0.000000e+00 -1.912632e-15 1.774173e-15 0.000000e+00
1.500000e+00 -1.250000e+00 0.000000e+00 -3.522253e-15 2.704830e-15 0.000000e+00
1.500000e+00 -1.000000e+00 0.000000e+00 -6.143508e-15 3.792525e-15 0.000000e+00
1.500000e+00 -7.500000e-01 0.000000e+00 -9.955118e-15 4.670261e-15 0.000000e+00
1.500000e+00 -5.000000e-01 0.000000e+00 -1.458054e-14 4.674919e-15 0.000000e+00
1.500000e+00 -2.500000e-01 0.000000e+00 -1.881606e-14 3.236410e-15 0.000000e+00
1.500000e+00 0.000000e+00 0.000000e+00 -2.091433e-14 5.021312e-16 0.000000e+00
1.500000e+00 2.500000e-01 0.000000e+00 -1.980769e-14 -2.445280e-15 0.000000e+00
1.500000e+00 5.000000e-01 0.000000e+00 -1.607912e-14 -4.362588e-15 0.000000e+00
1.500000e+00 7.500000e-01 0.000000e+00 -1.140302e-14 -4.790876e-15 0.000000e+00
1.500000e+00 1.000000e+00 0.000000e+00 -7.236037e-15 -4.123984e-15 0.000000e+00
1.500000e+00 1.250000e+00 0.000000e+00 -4.221588e-15 -3.045625e-15 0.000000e+00
1.500000e+00 1.500000e+00 0.000000e+00 -2.325248e-15 -2.045606e-15 0.000000e+00
1.500000e+00 1.750000e+00 0.000000e+00 -1.207494e-15 -1.270678e-15 0.000000e+00
1.500000e+00 2.000000e+00 0.000000e+00 -5.720393e-16 -7.103660e-16 0.000000e+00
1.500000e+00 2.250000e+00 0.000000e+00 -2.349752e-16 -3.396302e-16 0.000000e+00
1.500000e+00 2.500000e+00 0.000000e+00 -7.887097e-17 -1.306358e-16 0.000000e+00
1.750000e+00 -2.500000e+00 0.000000e+00 -2.739787e-17 3.888411e-17 0.000000e+00
1.750000e+00 -2.250000e+00 0.000000e+00 -9.307234e-17 1.169269e-16 0.000000e+00
1.750000e+00 -2.000000e+00 0.000000e+00 -2.504304e-16 2.735204e-16 0.000000e+00
1.750000e+00 -1.750000e+00 0.000000e+00 -5.606438e-16 5.226620e-16 0.000000e+00
1.750000e+00 -1.500000e+00 0.000000e+00 -1.094391e-15 8.553269e-16 0.000000e+00
1.750000e+00 -1.250000e+00 0.000000e+00 -1.933456e-15 1.241652e-15 0.000000e+00
1.750000e+00 -1.000000e+00 0.000000e+00 -3.158778e-15 1.619186e-15 0.000000e+00
1.750000e+00 -7.500000e-01 0.000000e+00 -4.783999e-15 1.856617e-15 0.000000e+00
1.750000e+00 -5.000000e-01 0.000000e+00 -6.612760e-15 1.750792e-15 0.000000e+00
1.750000e+00 -2.500000e-01 0.000000e+00 -8.173653e-15 1.159045e-15 0.000000e+00
1.750000e+00 0.000000e+00 0.000000e+00 -8.908294e-15 1.730024e-16 0.000000e+00
1.750000e+00 2.500000e-01 0.000000e+00 -8.514262e-15 -8.727312e-16 0.000000e+00
1.750000e+00 5.000000e-01 0.000000e+00 -7.159503e-15 -1.607599e-15 0.000000e+00
1.750000e+00 7.500000e-01 0.000000e+00 -5.358257e-15 -1.861044e-15 0.000000e+00
1.750000e+00 1.000000e+00 0.000000e+00 -3.633374e-15 -1.713354e-15 0.000000e+00
1.750000e+00 1.250000e+00 0.000000e+00 -2.272248e-15 -1.363732e-15 0.000000e+00
1.750000e+00 1.500000e+00 0.000000e+00 -1.316148e-15 -9.714057e-16 0.000000e+00
1.750000e+00 1.750000e+00 0.000000e+00 -6.951970e-16 -6.176171e-16 0.000000e+00
1.750000e+00 2.000000e+00 0.000000e+00 -3.236633e-16 -3.402372e-16 0.000000e+00
1.750000e+00 2.250000e+00 0.000000e+00 -1.267026e-16 -1.549401e-16 0.000000e+00
1.750000e+00 2.500000e+00 0.000000e+00 -3.959116e-17 -5.535834e-17 0.000000e+00
2.000000e+00 -2.500000e+00 0.000000e+00 -1.063393e-17 1.307939e-17 0.000000e+00
2.000000e+00 -2.250000e+00 0.000000e+00 -3.977505e-17 4.333206e-17 0.000000e+00
2.000000e+00 -2.000000e+00 0.000000e+00 -1.158083e-16 1.097570e-16 0.000000e+00
2.000000e+00 -1.750000e+00 0.000000e+00 -2.737505e-16 2.213341e-16 0.000000e+00
2.000000e+00 -1.500000e+00 0.000000e+00 -5.478534e-16 3.700388e-16 0.000000e+00
2.000000e+00 -1.250000e+00 0.000000e+00 -9.633847e-16 5.308876e-16 0.000000e+00
2.000000e+00 -1.000000e+00 0.000000e+00 -1.528596e-15 6.657811e-16 0.000000e+00
2.000000e+00 -7.500000e-01 0.000000e+00 -2.215101e-15 7.235486e-16 0.000000e+00
2.000000e+00 -5.000000e-01 0.000000e+00 -2.929333e-15 6.488250e-16 0.000000e+00
2.000000e+00 -2.500000e-01 0.000000e+00 -3.507668e-15 4.146300e-16 0.000000e+00
2.000000e+00 0.000000e+00 0.000000e+00 -3.771810e-15 6.000918e-17 0.000000e+00
2.000000e+00 2.500000e-01 0.000000e+00 -3.628398e-15 -3.118199e-16 0.000000e+00
2.000000e+00 5.000000e-01 0.000000e+00 -3.130880e-15 -5.892306e-16 0.000000e+00
2.000000e+00 7.500000e-01 0.000000e+00 -2.441538e-15 -7.131704e-16 0.000000e+00
2.000000e+00 1.000000e+00 0.000000e+00 -1.734038e-15 -6.925214e-16 0.000000e+00
2.000000e+00 1.250000e+00 0.000000e+00 -1.124170e-15 -5.763899e-16 0.000000e+00
2.000000e+00 1.500000e+00 0.000000e+00 -6.596799e-16 -4.189039e-16 0.000000e+00
2.000000e+00 1.750000e+00 0.000000e+00 -3.427431e-16 -2.631184e-16 0.000000e+00
2.000000e+00 2.000000e+00 0.000000e+00 -1.522951e-16 -1.385180e-16 0.000000e+00
2.000000e+00 2.250000e+00 0.000000e+00 -5.546053e-17 -5.863878e-17 0.000000e+00
2.000000e+00 2.500000e+00 0.000000e+00 -1.582203e-17 -1.909776e-17 0.000000e+00
2.250000e+00 -2.500000e+00 0.000000e+00 -3.191165e-18 3.464703e-18 0.000000e+00
2.250000e+00 -2.250000e+00 0.000000e+00 -1.331012e-17 1.280897e-17 0.000000e+00
2.250000e+00 -2.000000e+00 0.000000e+00 -4.270489e-17 3.578014e-17 0.000000e+00
2.250000e+00 -1.750000e+00 0.000000e+00 -1.092063e-16 7.805032e-17 0.000000e+00
2.250000e+00 -1.500000e+00 0.000000e+00 -2.309967e-16 1.376184e-16 0.000000e+00
2.250000e+00 -1.250000e+00 0.000000e+00 -4.184426e-16 2.022963e-16 0.000000e+00
2.250000e+00 -1.000000e+00 0.000000e+00 -6.678867e-16 2.531231e-16 0.000000e+00
2.250000e+00 -7.500000e-01 0.000000e+00 -9.570741e-16 2.695508e-16 0.000000e+00
2.250000e+00 -5.000000e-01 0.000000e+00 -1.242239e-15 2.353045e-16 0.000000e+00
2.250000e+00 -2.500000e-01 0.000000e+00 -1.463074e-15 1.469502e-16 0.000000e+00
2.250000e+00 0.000000e+00 0.000000e+00 -1.561359e-15 2.071427e-17 0.000000e+00
2.250000e+00 2.500000e-01 0.000000e+00 -1.508364e-15 -1.107694e-16 0.000000e+00
2.250000e+00 5.000000e-01 0.000000e+00 -1.320446e-15 -2.129234e-16 0.000000e+00
2.250000e+00 7.500000e-01 0.000000e+00 -1.048990e-15 -2.642024e-16 0.000000e+00
2.250000e+00 1.000000e+00 0.000000e+00 -7.554271e-16 -2.621759e-16 0.000000e+00
2.250000e+00 1.250000e+00 0.000000e+00 -4.896327e-16 -2.197586e-16 0.000000e+00
2.250000e+00 1.500000e+00 0.000000e+00 -2.810193e-16 -1.569972e-16 0.000000e+00
2.250000e+00 1.750000e+00 0.000000e+00 -1.391684e-16 -9.418092e-17 0.000000e+00
2.250000e+00 2.000000e+00 0.000000e+00 -5.751195e-17 -4.610710e-17 0.000000e+00
2.250000e+00 2.250000e+00 0.000000e+00 -1.909221e-17 -1.777297e-17 0.000000e+00
2.250000e+00 2.500000e+00 0.000000e+00 -4.898658e-18 -5.198836e-18 0.000000e+00
2.500000e+00 -2.500000e+00 0.000000e+00 -7.218227e-19 7.024349e-19 0.000000e+00
2.500000e+00 -2.250000e+00 0.000000e+00 -3.382601e-18 2.919427e-18 0.000000e+00
2.500000e+00 -2.000000e+00 0.000000e+00 -1.210701e-17 9.102834e-18 0.000000e+00
2.500000e+00 -1.750000e+00 0.000000e+00 -3.409777e-17 2.187198e-17 0.000000e+00
2.500000e+00 -1.500000e+00 0.000000e+00 -7.802663e-17 4.167993e-17 0.000000e+00
2.500000e+00 -1.250000e+00 0.000000e+00 -1.497351e-16 6.473370e-17 0.000000e+00
2.500000e+00 -1.000000e+00 0.000000e+00 -2.478035e-16 8.358072e-17 0.000000e+00
2.500000e+00 -7.500000e-01 0.000000e+00 -3.614741e-16 9.001514e-17 0.000000e+00
2.500000e+00 -5.000000e-01 0.000000e+00 -4.717499e-16 7.847510e-17 0.000000e+00
2.500000e+00 -2.500000e-01 0.000000e+00 -5.554863e-16 4.870283e-17 0.000000e+00
2.500000e+00 0.000000e+00 0.000000e+00 -5.923146e-16 6.701819e-18 0.000000e+00
2.500000e+00 2.500000e-01 0.000000e+00 -5.725818e-16 -3.699076e-17 0.000000e+00
2.500000e+00 5.000000e-01 0.000000e+00 -5.015365e-16 -7.125728e-17 0.000000e+00
2.500000e+00 7.500000e-01 0.000000e+00 -3.968458e-16 -8.849373e-17 0.000000e+00
2.500000e+00 1.000000e+00 0.000000e+00 -2.816245e-16 -8.702282e-17 0.000000e+00
2.500000e+00 1.250000e+00 0.000000e+00 -1.769033e-16 -7.101132e-17 0.000000e+00
2.500000e+00 1.500000e+00 0.000000e+00 -9.640572e-17 -4.828403e-17 0.000000e+00
2.500000e+00 1.750000e+00 0.000000e+00 -4.438709e-17 -2.694018e-17 0.000000e+00
2.500000e+00 2.000000e+00 0.000000e+00 -1.673285e-17 -1.201965e-17 0.000000e+00
2.500000e+00 2.250000e+00 0.000000e+00 -4.994353e-18 -4.159648e-18 0.000000e+00
2.500000e+00 2.500000e+00 0.000000e+00 -1.142362e-18 -1.083138e-18 0.000000e+00
