-5.000000e+00 0.000000e+00 -1.240295e-01 4.375231e-15 -1.924423e-32 1.344459e-14
-4.900000e+00 0.000000e+00 -1.240295e-01 7.571075e-15 1.584819e-32 2.429473e-14
-4.800000e+00 0.000000e+00 -1.240295e-01 1.280354e-14 1.811221e-32 4.280764e-14
-4.700000e+00 0.000000e+00 -1.240295e-01 2.115530e-14 1.811221e-32 7.350708e-14
-4.600000e+00 0.000000e+00 -1.240295e-01 3.414430e-14 -1.811221e-32 1.229444e-13
-4.500000e+00 0.000000e+00 -1.240295e-01 5.381614e-14 -1.811221e-32 2.001935e-13
-4.400000e+00 0.000000e+00 -1.240295e-01 8.281151e-14 1.539538e-31 3.172213e-13
-4.300000e+00 0.000000e+00 -1.240295e-01 1.243875e-13 1.285967e-30 4.889752e-13
-4.200000e+00 0.000000e+00 -1.240295e-01 1.823554e-13 1.050508e-30 7.329641e-13
-4.100000e+00 0.000000e+00 -1.240295e-01 2.608299e-13 2.897954e-31 1.068081e-12
-4.000000e+00 0.000000e+00 -1.240295e-01 3.636975e-13 -2.897954e-31 1.512458e-12
-3.900000e+00 0.000000e+00 -1.240295e-01 4.941971e-13 -1.159182e-30 2.080788e-12
-3.800000e+00 0.000000e+00 -1.240295e-01 6.546667e-13 2.608159e-30 2.780763e-12
-3.700000e+00 0.000000e+00 -1.240295e-01 8.446517e-13 -3.332647e-30 3.606815e-12
-3.600000e+00 0.000000e+00 -1.240295e-01 1.060133e-12 -5.795908e-31 4.537361e-12
-3.500000e+00 0.000000e+00 -1.240295e-01 1.297354e-12 8.693862e-31 5.537467e-12
-3.400000e+00 0.000000e+00 -1.240295e-01 1.545285e-12 -2.318363e-30 6.543501e-12
-3.300000e+00 0.000000e+00 -1.240295e-01 1.790834e-12 -2.608159e-30 7.480710e-12
-3.200000e+00 0.000000e+00 -1.240295e-01 2.027177e-12 -1.159182e-30 8.282052e-12
-3.100000e+00 0.000000e+00 -1.240295e-01 2.225344e-12 2.608159e-30 8.836890e-12
-3.000000e+00 0.000000e+00 -1.240295e-01 2.396067e-12 -9.418351e-30 9.119548e-12
-2.900000e+00 0.000000e+00 -1.240295e-01 2.491385e-12 2.101017e-30 9.048232e-12
-2.800000e+00 0.000000e+00 -1.240295e-01 2.547445e-12 -1.376528e-30 8.656797e-12
-2.700000e+00 0.000000e+00 -1.240295e-01 2.501430e-12 1.405508e-29 7.951311e-12
-2.600000e+00 0.000000e+00 -1.240295e-01 2.417688e-12 7.244885e-32 7.045292e-12
-2.500000e+00 0.000000e+00 -1.240295e-01 2.210384e-12 4.738155e-29 5.983335e-12
-2.400000e+00 0.000000e+00 -1.240295e-01 1.974769e-12 -3.542749e-29 4.947182e-12
-2.300000e+00 0.000000e+00 -1.240295e-01 1.627713e-12 8.947433e-30 3.933529e-12
-2.200000e+00 0.000000e+00 -1.240295e-01 1.223742e-12 -2.992138e-29 3.072371e-12
-2.100000e+00 0.000000e+00 -1.240295e-01 8.054943e-13 -2.625365e-29 2.374491e-12
-2.000000e+00 0.000000e+00 -1.240295e-01 3.240914e-13 -2.133347e-28 1.811931e-12
-1.900000e+00 0.000000e+00 -1.240295e-01 -1.535270e-13 -5.116700e-30 1.414238e-12
-1.800000e+00 0.000000e+00 -1.240295e-01 -5.465204e-13 -5.592599e-29 1.113204e-12
-1.700000e+00 0.000000e+00 -1.240295e-01 -9.198992e-13 5.900959e-29 8.836121e-13
-1.600000e+00 0.000000e+00 -1.240295e-01 -1.251010e-12 -2.365681e-29 6.909084e-13
-1.500000e+00 0.000000e+00 -1.240295e-01 -1.492304e-12 -2.396755e-29 5.382051e-13
-1.400000e+00 0.000000e+00 -1.240295e-01 -1.631592e-12 -8.842496e-29 4.447219e-13
-1.300000e+00 0.000000e+00 -1.240295e-01 -1.692685e-12 -2.139717e-28 3.538026e-13
-1.200000e+00 0.000000e+00 -1.240295e-01 -1.693250e-12 -1.152661e-28 2.759204e-13
-1.100000e+00 0.000000e+00 -1.240295e-01 -1.672212e-12 1.044860e-28 2.121350e-13
-1.000000e+00 0.000000e+00 -1.240295e-01 -1.683552e-12 3.790264e-29 1.824239e-13
-9.000000e-01 0.000000e+00 -1.240295e-01 -1.699176e-12 3.325414e-28 1.492083e-13
-8.000000e-01 0.000000e+00 -1.240295e-01 -1.673954e-12 2.450571e-28 1.118779e-13
-7.000000e-01 0.000000e+00 -1.240295e-01 -1.561899e-12 -2.308104e-29 1.042780e-13
-6.000000e-01 0.000000e+00 -1.240295e-01 -1.361587e-12 3.131975e-28 9.919915e-14
-5.000000e-01 0.000000e+00 -1.240295e-01 -1.172640e-12 8.101338e-29 1.178010e-13
-4.000000e-01 0.000000e+00 -1.240295e-01 -1.011297e-12 -1.554936e-28 1.432463e-13
-3.000000e-01 0.000000e+00 -1.240295e-01 -8.194239e-13 4.498593e-29 1.367297e-13
-2.000000e-01 0.000000e+00 -1.240295e-01 -5.606480e-13 3.178927e-28 8.437332e-14
-1.000000e-01 0.000000e+00 -1.240295e-01 -2.767225e-13 -2.147412e-28 2.163215e-14
-1.026956e-15 0.000000e+00 -1.240295e-01 3.562099e-25 2.811185e-29 -1.051541e-19
1.000000e-01 0.000000e+00 -1.240295e-01 2.767225e-13 1.272482e-28 2.163215e-14
2.000000e-01 0.000000e+00 -1.240295e-01 5.606480e-13 1.065879e-27 8.437332e-14
3.000000e-01 0.000000e+00 -1.240295e-01 8.194239e-13 5.269188e-26 1.367297e-13
4.000000e-01 0.000000e+00 -1.240295e-01 1.011297e-12 9.343864e-29 1.432463e-13
5.000000e-01 0.000000e+00 -1.240295e-01 1.172640e-12 -5.392303e-29 1.178010e-13
6.000000e-01 0.000000e+00 -1.240295e-01 1.361587e-12 -5.166760e-28 9.919915e-14
7.000000e-01 0.000000e+00 -1.240295e-01 1.561899e-12 2.053819e-29 1.042780e-13
8.000000e-01 0.000000e+00 -1.240295e-01 1.673954e-12 -3.083931e-28 1.118779e-13
9.000000e-01 0.000000e+00 -1.240295e-01 1.699176e-12 -4.506923e-27 1.492083e-13
1.000000e+00 0.000000e+00 -1.240295e-01 1.683552e-12 -1.911195e-28 1.824239e-13
1.100000e+00 0.000000e+00 -1.240295e-01 1.672212e-12 -1.652309e-28 2.121350e-13
1.200000e+00 0.000000e+00 -1.240295e-01 1.693250e-12 1.823096e-28 2.759204e-13
1.300000e+00 0.000000e+00 -1.240295e-01 1.692685e-12 9.154705e-29 3.538026e-13
1.400000e+00 0.000000e+00 -1.240295e-01 1.631592e-12 4.520455e-26 4.447219e-13
1.500000e+00 0.000000e+00 -1.240295e-01 1.492304e-12 5.734327e-29 5.382051e-13
1.600000e+00 0.000000e+00 -1.240295e-01 1.251010e-12 2.680608e-28 6.909084e-13
1.700000e+00 0.000000e+00 -1.240295e-01 9.198992e-13 -3.663739e-28 8.836121e-13
1.800000e+00 0.000000e+00 -1.240295e-01 5.465204e-13 6.935167e-29 1.113204e-12
1.900000e+00 0.000000e+00 -1.240295e-01 1.535270e-13 3.894126e-29 1.414238e-12
2.000000e+00 0.000000e+00 -1.240295e-01 -3.240914e-13 1.111755e-27 1.811931e-12
2.100000e+00 0.000000e+00 -1.240295e-01 -8.054943e-13 -4.002799e-29 2.374491e-12
2.200000e+00 0.000000e+00 -1.240295e-01 -1.223742e-12 3.133413e-29 3.072371e-12
2.300000e+00 0.000000e+00 -1.240295e-01 -1.627713e-12 -1.057753e-29 3.933529e-12
2.400000e+00 0.000000e+00 -1.240295e-01 -1.974769e-12 2.689301e-28 4.947182e-12
2.500000e+00 0.000000e+00 -1.240295e-01 -2.210384e-12 -2.564689e-29 5.983335e-12
2.600000e+00 0.000000e+00 -1.240295e-01 -2.417688e-12 1.586630e-29 7.045292e-12
2.700000e+00 0.000000e+00 -1.240295e-01 -2.501430e-12 -7.462232e-30 7.951311e-12
2.800000e+00 0.000000e+00 -1.240295e-01 -2.547445e-12 1.412753e-29 8.656797e-12
2.900000e+00 0.000000e+00 -1.240295e-01 -2.491385e-12 -1.811221e-30 9.048232e-12
3.000000e+00 0.000000e+00 -1.240295e-01 -2.396067e-12 2.173466e-30 9.119548e-12
3.100000e+00 0.000000e+00 -1.240295e-01 -2.225344e-12 -5.795908e-31 8.836890e-12
3.200000e+00 0.000000e+00 -1.240295e-01 -2.027177e-12 1.304079e-30 8.282052e-12
3.300000e+00 0.000000e+00 -1.240295e-01 -1.790834e-12 -1.159182e-30 7.480710e-12
3.400000e+00 0.000000e+00 -1.240295e-01 -1.545285e-12 1.304079e-30 6.543501e-12
3.500000e+00 0.000000e+00 -1.240295e-01 -1.297354e-12 2.028568e-30 5.537467e-12
3.600000e+00 0.000000e+00 -1.240295e-01 -1.060133e-12 7.969374e-31 4.537361e-12
3.700000e+00 0.000000e+00 -1.240295e-01 -8.446517e-13 3.622443e-32 3.606815e-12
3.800000e+00 0.000000e+00 -1.240295e-01 -6.546667e-13 -8.331618e-31 2.780763e-12
3.900000e+00 0.000000e+00 -1.240295e-01 -4.941971e-13 -2.897954e-31 2.080788e-12
4.000000e+00 0.000000e+00 -1.240295e-01 -3.636975e-13 -4.346931e-31 1.512458e-12
4.100000e+00 0.000000e+00 -1.240295e-01 -2.608299e-13 1.811221e-32 1.068081e-12
4.200000e+00 0.000000e+00 -1.240295e-01 -1.823554e-13 -6.882641e-31 7.329641e-13
4.300000e+00 0.000000e+00 -1.240295e-01 -1.243875e-13 -3.169637e-31 4.889752e-13
4.400000e+00 0.000000e+00 -1.240295e-01 -8.281151e-14 -8.603301e-32 3.172213e-13
4.500000e+00 0.000000e+00 -1.240295e-01 -5.381614e-14 -9.282509e-32 2.001935e-13
4.600000e+00 0.000000e+00 -1.240295e-01 -3.414430e-14 1.177294e-31 1.229444e-13
4.700000e+00 0.000000e+00 -1.240295e-01 -2.115530e-14 -2.603631e-32 7.350708e-14
4.800000e+00 0.000000e+00 -1.240295e-01 -1.280354e-14 3.113037e-32 4.280764e-14
4.900000e+00 0.000000e+00 -1.240295e-01 -7.571075e-15 -3.679043e-32 2.429473e-14
5.000000e+00 0.000000e+00 -1.240295e-01 -4.375231e-15 2.830033e-33 1.344459e-14
