-3.900000e+00 1.641865e-39 1.111720e-20 1.015983e-22
-3.800000e+00 3.525689e-39 5.308315e-20 1.264643e-21
-3.700000e+00 -4.255023e-38 2.140659e-19 9.597241e-21
-3.600000e+00 1.321788e-37 7.484055e-19 5.013193e-20
-3.500000e+00 -9.578813e-37 2.325102e-18 2.077889e-19
-3.400000e+00 2.935143e-35 6.537005e-18 7.325161e-19
-3.300000e+00 -1.238830e-36 1.685303e-17 2.281169e-18
-3.200000e+00 -7.503772e-36 4.023215e-17 6.421976e-18
-3.100000e+00 4.502263e-35 8.959463e-17 1.659537e-17
-3.000000e+00 5.606592e-35 1.872058e-16 3.979163e-17
-2.900000e+00 -1.155298e-34 3.687231e-16 8.923821e-17
-2.800000e+00 -3.216712e-34 6.871776e-16 1.883393e-16
-2.700000e+00 4.258745e-34 1.215615e-15 3.759023e-16
-2.600000e+00 2.152931e-32 2.046546e-15 7.123360e-16
-2.500000e+00 3.014466e-31 3.286269e-15 1.285875e-15
-2.400000e+00 4.639313e-33 5.042315e-15 2.217348e-15
-2.300000e+00 -2.464635e-33 7.403657e-15 3.661092e-15
-2.200000e+00 -2.870575e-32 1.041475e-14 5.799751e-15
-2.100000e+00 4.924051e-30 1.404707e-14 8.830582e-15
-2.000000e+00 -5.799142e-34 1.817384e-14 1.294222e-14
-1.900000e+00 -3.247519e-32 2.255506e-14 1.828270e-14
-1.800000e+00 1.623760e-32 2.683964e-14 2.492232e-14
-1.700000e+00 2.319657e-33 3.058990e-14 3.281678e-14
-1.600000e+00 4.639313e-32 3.332881e-14 4.177934e-14
-1.500000e+00 5.103245e-32 3.460598e-14 5.146964e-14
-1.400000e+00 1.299008e-31 3.407228e-14 6.140623e-14
-1.300000e+00 2.041298e-31 3.154929e-14 7.100540e-14
-1.200000e+00 -3.711451e-32 2.707880e-14 7.964381e-14
-1.100000e+00 -1.113435e-31 2.093987e-14 8.673645e-14
-1.000000e+00 9.278627e-32 1.362719e-14 9.181671e-14
-9.000000e-01 -5.567176e-32 5.792521e-15 9.460389e-14
-8.000000e-01 -1.113435e-31 -1.840783e-15 9.504459e-14
-7.000000e-01 -3.711451e-32 -8.574011e-15 9.331992e-14
-6.000000e-01 -1.855725e-32 -1.382212e-14 8.981773e-14
-5.000000e-01 3.711451e-32 -1.717977e-14 8.507655e-14
-4.000000e-01 -1.855725e-32 -1.845509e-14 7.971358e-14
-3.000000e-01 -4.639313e-32 -1.766993e-14 7.435135e-14
-2.000000e-01 4.639313e-32 -1.503314e-14 6.955532e-14
-1.000000e-01 -4.639313e-32 -1.089817e-14 6.579003e-14
2.414735e-15 6.495039e-32 -5.717098e-15 6.339466e-14
1.000000e-01 -1.299008e-31 -8.350764e-32 6.257353e-14
2.000000e-01 -1.299008e-31 5.717098e-15 6.339466e-14
3.000000e-01 4.639313e-32 1.089817e-14 6.579003e-14
4.000000e-01 -4.639313e-32 1.503314e-14 6.955532e-14
5.000000e-01 2.783588e-32 1.766993e-14 7.435135e-14
6.000000e-01 1.670153e-31 1.845509e-14 7.971358e-14
7.000000e-01 -1.113435e-31 1.717977e-14 8.507655e-14
8.000000e-01 3.711451e-32 1.382212e-14 8.981773e-14
9.000000e-01 -9.278627e-32 8.574011e-15 9.331992e-14
1.000000e+00 7.422902e-32 1.840783e-15 9.504459e-14
1.100000e+00 1.855725e-32 -5.792521e-15 9.460389e-14
1.200000e+00 1.670153e-31 -1.362719e-14 9.181671e-14
1.300000e+00 -7.422902e-32 -2.093987e-14 8.673645e-14
1.400000e+00 -3.711451e-32 -2.707880e-14 7.964381e-14
1.500000e+00 9.278627e-32 -3.154929e-14 7.100540e-14
1.600000e+00 4.639313e-32 -3.407228e-14 6.140623e-14
1.700000e+00 -6.031108e-32 -3.460598e-14 5.146964e-14
1.800000e+00 -4.639313e-32 -3.332881e-14 4.177934e-14
1.900000e+00 -5.567176e-32 -3.058990e-14 3.281678e-14
2.000000e+00 5.335211e-32 -2.683964e-14 2.492232e-14
2.100000e+00 1.623760e-32 -2.255506e-14 1.828270e-14
2.200000e+00 -2.435640e-32 -1.817384e-14 1.294222e-14
2.300000e+00 6.958970e-33 -1.404707e-14 8.830582e-15
2.400000e+00 -1.536773e-32 -1.041475e-14 5.799751e-15
2.500000e+00 -1.304807e-33 -7.403657e-15 3.661092e-15
2.600000e+00 3.406996e-33 -5.042315e-15 2.217348e-15
2.700000e+00 -3.117039e-33 -3.286269e-15 1.285875e-15
2.800000e+00 2.120311e-32 -2.046546e-15 7.123360e-16
2.900000e+00 1.631009e-34 -1.215615e-15 3.759023e-16
3.000000e+00 1.970802e-34 -6.871776e-16 1.883393e-16
3.100000e+00 -2.265290e-34 -3.687231e-16 8.923821e-17
3.200000e+00 -1.832053e-34 -1.872058e-16 3.979163e-17
3.300000e+00 3.291749e-35 -8.959463e-17 1.659537e-17
3.400000e+00 1.061855e-37 -4.023215e-17 6.421976e-18
3.500000e+00 -7.857724e-36 -1.685303e-17 2.281169e-18
3.600000e+00 3.194855e-35 -6.537005e-18 7.325161e-19
3.700000e+00 6.083542e-37 -2.325102e-18 2.077889e-19
3.800000e+00 7.770342e-38 -7.484055e-19 5.013193e-20
3.900000e+00 1.742105e-37 -2.140659e-19 9.597241e-21
4.000000e+00 4.474514e-38 -5.308315e-20 1.264643e-21
