-1.365258e-13 -2.139957e-13 -2.917420e-13 -3.514174e-13 -3.794708e-13 -3.715843e-13 -3.314477e-13 -2.675049e-13 -1.891140e-13 -1.038409e-13 -1.626970e-14 7.179641e-14 1.582310e-13 2.395395e-13 3.095101e-13 3.592465e-13 3.805091e-13 3.669759e-13 3.188585e-13 2.457805e-13 1.653059e-13
-2.120661e-13 -3.075863e-13 -3.894425e-13 -4.380085e-13 -4.443301e-13 -4.111601e-13 -3.483647e-13 -2.684192e-13 -1.819702e-13 -9.691568e-14 -1.479849e-14 6.715314e-14 1.509081e-13 2.362623e-13 3.188023e-13 3.882546e-13 4.335519e-13 4.440389e-13 4.127889e-13 3.426925e-13 2.494024e-13
-2.887055e-13 -3.886237e-13 -4.586293e-13 -4.833300e-13 -4.610534e-13 -4.008738e-13 -3.180512e-13 -2.283655e-13 -1.438409e-13 -7.194978e-14 -1.005557e-14 5.000903e-14 1.177451e-13 1.972101e-13 2.850373e-13 3.704431e-13 4.388820e-13 4.765628e-13 4.715898e-13 4.195187e-13 3.291620e-13
-3.504601e-13 -4.395731e-13 -4.851431e-13 -4.792836e-13 -4.266196e-13 -3.410769e-13 -2.419284e-13 -1.470385e-13 -7.324081e-14 -2.722034e-14 -2.247386e-15 1.801782e-14 5.509574e-14 1.194248e-13 2.075310e-13 3.062476e-13 3.964163e-13 4.612831e-13 4.854795e-13 4.603102e-13 3.872912e-13
-3.857170e-13 -4.524745e-13 -4.673254e-13 -4.294761e-13 -3.483241e-13 -2.396517e-13 -1.247832e-13 -2.882393e-14 2.281838e-14 2.992514e-14 6.735650e-15 -2.231253e-14 -2.880405e-14 6.381742e-15 8.823045e-14 1.994176e-13 3.116557e-13 4.026690e-13 4.564263e-13 4.612907e-13 4.141467e-13
-3.912796e-13 -4.302322e-13 -4.137084e-13 -3.462501e-13 -2.399009e-13 -1.100706e-13 1.277919e-14 8.831400e-14 9.989842e-14 6.802671e-14 1.163528e-14 -4.851657e-14 -9.093196e-14 -9.824937e-14 -4.516219e-14 6.404243e-14 1.959369e-13 3.117854e-13 3.930839e-13 4.279249e-13 4.095762e-13
-3.721119e-13 -3.829423e-13 -3.381938e-13 -2.465625e-13 -1.197404e-13 2.020800e-14 1.200736e-13 1.461152e-13 1.247035e-13 7.524201e-14 1.251481e-14 -5.271172e-14 -1.068620e-13 -1.426229e-13 -1.361519e-13 -6.245040e-14 6.997619e-14 2.050323e-13 3.098271e-13 3.714796e-13 3.808623e-13
-3.384209e-13 -3.245635e-13 -2.578381e-13 -1.487710e-13 -1.067474e-14 1.118586e-13 1.569776e-13 1.430692e-13 1.113214e-13 5.993144e-14 9.609833e-15 -4.130382e-14 -9.257580e-14 -1.310217e-13 -1.559737e-13 -1.379556e-13 -3.846536e-14 1.019762e-13 2.228839e-13 3.051068e-13 3.388003e-13
-3.021833e-13 -2.695409e-13 -1.878431e-13 -6.888393e-14 6.738997e-14 1.512498e-13 1.437516e-13 1.075871e-13 6.696129e-14 3.272796e-14 3.999056e-15 -2.161500e-14 -5.526150e-14 -9.432072e-14 -1.322287e-13 -1.555532e-13 -1.068602e-13 1.979085e-14 1.478908e-13 2.437091e-13 2.958158e-13
-2.741529e-13 -2.297727e-13 -1.391688e-13 -1.594170e-14 1.092636e-13 1.540999e-13 1.176873e-13 6.795394e-14 2.111682e-14 3.854485e-15 -2.513067e-15 2.032640e-15 -1.540319e-14 -4.527854e-14 -9.270471e-14 -1.404237e-13 -1.358316e-13 -3.121763e-14 9.751990e-14 2.003504e-13 2.634782e-13
-2.616516e-13 -2.127674e-13 -1.193084e-13 4.184023e-15 1.217111e-13 1.473238e-13 9.782020e-14 4.302377e-14 4.097856e-15 -7.601308e-15 -4.977915e-15 1.032461e-14 3.781670e-15 -1.458178e-14 -7.227153e-14 -1.315351e-13 -1.445578e-13 -5.059998e-14 7.754777e-14 1.823797e-13 2.495079e-13
-2.678372e-13 -2.217351e-13 -1.307977e-13 -7.877561e-15 1.141918e-13 1.510079e-13 1.088981e-13 5.726104e-14 1.339520e-14 -2.293800e-15 -4.420843e-15 7.388595e-15 -7.524890e-15 -3.028165e-14 -8.238818e-14 -1.357374e-13 -1.394364e-13 -3.960299e-14 8.907958e-14 1.925867e-13 2.571878e-13
-2.911368e-13 -2.548697e-13 -1.719948e-13 -5.244428e-14 8.170828e-14 1.540227e-13 1.362597e-13 9.438193e-14 5.286635e-14 2.413513e-14 3.531693e-15 -1.643799e-14 -4.196893e-14 -7.898793e-14 -1.192958e-13 -1.508577e-13 -1.188313e-13 1.585570e-15 1.313971e-13 2.294267e-13 2.846122e-13
-3.254198e-13 -3.055908e-13 -2.361642e-13 -1.260013e-13 1.300764e-14 1.266183e-13 1.555922e-13 1.346274e-13 9.979479e-14 5.582803e-14 9.565640e-15 -4.047079e-14 -8.187537e-14 -1.233408e-13 -1.501823e-13 -1.482456e-13 -6.388571e-14 7.598723e-14 2.003298e-13 2.862467e-13 3.252689e-13
-3.609575e-13 -3.635963e-13 -3.135425e-13 -2.190784e-13 -8.855943e-14 5.076406e-14 1.376685e-13 1.519074e-13 1.217318e-13 7.620582e-14 1.309004e-14 -5.414697e-14 -1.070881e-13 -1.439590e-13 -1.479182e-13 -9.264324e-14 3.421992e-14 1.745257e-13 2.848686e-13 3.524583e-13 3.691757e-13
-3.860560e-13 -4.155082e-13 -3.909961e-13 -3.184146e-13 -2.072946e-13 -7.220965e-14 4.952422e-14 1.138392e-13 1.127376e-13 7.461375e-14 1.294177e-14 -5.230792e-14 -1.019544e-13 -1.180169e-13 -8.216861e-14 2.150292e-14 1.589769e-13 2.825344e-13 3.711199e-13 4.139818e-13 4.038470e-13
-3.896854e-13 -4.472224e-13 -4.522092e-13 -4.061074e-13 -3.194378e-13 -2.059201e-13 -8.616665e-14 8.292513e-15 5.177140e-14 4.595778e-14 8.942298e-15 -3.280243e-14 -5.357427e-14 -3.038494e-14 4.526856e-14 1.606532e-13 2.810663e-13 3.804098e-13 4.427975e-13 4.565335e-13 4.171805e-13
-3.645148e-13 -4.468149e-13 -4.826687e-13 -4.671310e-13 -4.069316e-13 -3.163284e-13 -2.129157e-13 -1.161409e-13 -4.580952e-14 -9.751524e-15 -3.789995e-16 4.913794e-15 2.942733e-14 8.643138e-14 1.752968e-13 2.799220e-13 3.782951e-13 4.512149e-13 4.838926e-13 4.668456e-13 3.999227e-13
-3.105599e-13 -4.082760e-13 -4.710850e-13 -4.867665e-13 -4.561459e-13 -3.890253e-13 -3.015249e-13 -2.095183e-13 -1.270888e-13 -6.104487e-14 -8.962579e-15 4.091943e-14 1.010324e-13 1.773125e-13 2.675700e-13 3.593681e-13 4.359280e-13 4.811757e-13 4.834168e-13 4.374579e-13 3.498998e-13
-2.367152e-13 -3.353723e-13 -4.150012e-13 -4.573021e-13 -4.560150e-13 -4.150768e-13 -3.459039e-13 -2.619062e-13 -1.749032e-13 -9.213024e-14 -1.403949e-14 6.296574e-14 1.434852e-13 2.293568e-13 3.161875e-13 3.929090e-13 4.458758e-13 4.629926e-13 4.369179e-13 3.692351e-13 2.741234e-13
-1.585271e-13 -2.428601e-13 -3.238329e-13 -3.821705e-13 -4.052999e-13 -3.904768e-13 -3.433573e-13 -2.738323e-13 -1.916782e-13 -1.045115e-13 -1.625579e-14 7.209297e-14 1.599618e-13 2.449037e-13 3.208417e-13 3.780061e-13 4.058367e-13 3.968310e-13 3.501175e-13 2.747303e-13 1.885566e-13
