-2.500000e+00 -2.500000e+00 0.000000e+00 8.095551e-23 7.756426e-23 0.000000e+00
-2.500000e+00 -2.250000e+00 0.000000e+00 1.024240e-21 8.823369e-22 0.000000e+00
-2.500000e+00 -2.000000e+00 0.000000e+00 8.999566e-21 6.852855e-21 0.000000e+00
-2.500000e+00 -1.750000e+00 0.000000e+00 5.372558e-20 3.537410e-20 0.000000e+00
-2.500000e+00 -1.500000e+00 0.000000e+00 2.348083e-19 1.306292e-19 0.000000e+00
-2.500000e+00 -1.250000e+00 0.000000e+00 7.970872e-19 3.635332e-19 0.000000e+00
-2.500000e+00 -1.000000e+00 0.000000e+00 2.003650e-18 7.144064e-19 0.000000e+00
-2.500000e+00 -7.500000e-01 0.000000e+00 3.798804e-18 9.874219e-19 0.000000e+00
-2.500000e+00 -5.000000e-01 0.000000e+00 5.863042e-18 9.898661e-19 0.000000e+00
-2.500000e+00 -2.500000e-01 0.000000e+00 7.660811e-18 6.360947e-19 0.000000e+00
-2.500000e+00 0.000000e+00 0.000000e+00 8.403069e-18 2.872586e-36 0.000000e+00
-2.500000e+00 2.500000e-01 0.000000e+00 7.660811e-18 -6.360947e-19 0.000000e+00
-2.500000e+00 5.000000e-01 0.000000e+00 5.863042e-18 -9.898661e-19 0.000000e+00
-2.500000e+00 7.500000e-01 0.000000e+00 3.798804e-18 -9.874219e-19 0.000000e+00
-2.500000e+00 1.000000e+00 0.000000e+00 2.003650e-18 -7.144064e-19 0.000000e+00
-2.500000e+00 1.250000e+00 0.000000e+00 7.970872e-19 -3.635332e-19 0.000000e+00
-2.500000e+00 1.500000e+00 0.000000e+00 2.348083e-19 -1.306292e-19 0.000000e+00
-2.500000e+00 1.750000e+00 0.000000e+00 5.372558e-20 -3.537410e-20 0.000000e+00
-2.500000e+00 2.000000e+00 0.000000e+00 8.999566e-21 -6.852855e-21 0.000000e+00
-2.500000e+00 2.250000e+00 0.000000e+00 1.024240e-21 -8.823369e-22 0.000000e+00
-2.500000e+00 2.500000e+00 0.000000e+00 8.095551e-23 -7.756426e-23 0.000000e+00
-2.250000e+00 -2.500000e+00 0.000000e+00 1.037155e-21 1.094059e-21 0.000000e+00
-2.250000e+00 -2.250000e+00 0.000000e+00 1.168724e-20 1.109209e-20 0.000000e+00
-2.250000e+00 -2.000000e+00 0.000000e+00 8.635464e-20 7.236233e-20 0.000000e+00
-2.250000e+00 -1.750000e+00 0.000000e+00 4.671080e-19 3.391643e-19 0.000000e+00
-2.250000e+00 -1.500000e+00 0.000000e+00 1.845897e-18 1.131180e-18 0.000000e+00
-2.250000e+00 -1.250000e+00 0.000000e+00 5.186322e-18 2.580200e-18 0.000000e+00
-2.250000e+00 -1.000000e+00 0.000000e+00 1.231666e-17 4.772624e-18 0.000000e+00
-2.250000e+00 -7.500000e-01 0.000000e+00 2.642160e-17 7.551261e-18 0.000000e+00
-2.250000e+00 -5.000000e-01 0.000000e+00 4.647026e-17 8.746239e-18 0.000000e+00
-2.250000e+00 -2.500000e-01 0.000000e+00 6.433320e-17 5.990544e-18 0.000000e+00
-2.250000e+00 0.000000e+00 0.000000e+00 7.138334e-17 -6.894206e-35 0.000000e+00
-2.250000e+00 2.500000e-01 0.000000e+00 6.433320e-17 -5.990544e-18 0.000000e+00
-2.250000e+00 5.000000e-01 0.000000e+00 4.647026e-17 -8.746239e-18 0.000000e+00
-2.250000e+00 7.500000e-01 0.000000e+00 2.642160e-17 -7.551261e-18 0.000000e+00
-2.250000e+00 1.000000e+00 0.000000e+00 1.231666e-17 -4.772624e-18 0.000000e+00
-2.250000e+00 1.250000e+00 0.000000e+00 5.186322e-18 -2.580200e-18 0.000000e+00
-2.250000e+00 1.500000e+00 0.000000e+00 1.845897e-18 -1.131180e-18 0.000000e+00
-2.250000e+00 1.750000e+00 0.000000e+00 4.671080e-19 -3.391643e-19 0.000000e+00
-2.250000e+00 2.000000e+00 0.000000e+00 8.635464e-20 -7.236233e-20 0.000000e+00
-2.250000e+00 2.250000e+00 0.000000e+00 1.168724e-20 -1.109209e-20 0.000000e+00
-2.250000e+00 2.500000e+00 0.000000e+00 1.037155e-21 -1.094059e-21 0.000000e+00
-2.000000e+00 -2.500000e+00 0.000000e+00 8.942449e-21 1.055292e-20 0.000000e+00
-2.000000e+00 -2.250000e+00 0.000000e+00 8.477916e-20 9.000376e-20 0.000000e+00
-2.000000e+00 -2.000000e+00 0.000000e+00 5.707543e-19 5.360386e-19 0.000000e+00
-2.000000e+00 -1.750000e+00 0.000000e+00 2.688010e-18 2.183314e-18 0.000000e+00
-2.000000e+00 -1.500000e+00 0.000000e+00 9.422704e-18 6.410958e-18 0.000000e+00
-2.000000e+00 -1.250000e+00 0.000000e+00 3.067772e-17 1.707145e-17 0.000000e+00
-2.000000e+00 -1.000000e+00 0.000000e+00 8.021330e-17 3.518284e-17 0.000000e+00
-2.000000e+00 -7.500000e-01 0.000000e+00 1.544962e-16 4.966754e-17 0.000000e+00
-2.000000e+00 -5.000000e-01 0.000000e+00 2.416014e-16 5.017596e-17 0.000000e+00
-2.000000e+00 -2.500000e-01 0.000000e+00 3.254519e-16 3.291367e-17 0.000000e+00
-2.000000e+00 0.000000e+00 0.000000e+00 3.632864e-16 -9.422082e-34 0.000000e+00
-2.000000e+00 2.500000e-01 0.000000e+00 3.254519e-16 -3.291367e-17 0.000000e+00
-2.000000e+00 5.000000e-01 0.000000e+00 2.416014e-16 -5.017596e-17 0.000000e+00
-2.000000e+00 7.500000e-01 0.000000e+00 1.544962e-16 -4.966754e-17 0.000000e+00
-2.000000e+00 1.000000e+00 0.000000e+00 8.021330e-17 -3.518284e-17 0.000000e+00
-2.000000e+00 1.250000e+00 0.000000e+00 3.067772e-17 -1.707145e-17 0.000000e+00
-2.000000e+00 1.500000e+00 0.000000e+00 9.422704e-18 -6.410958e-18 0.000000e+00
-2.000000e+00 1.750000e+00 0.000000e+00 2.688010e-18 -2.183314e-18 0.000000e+00
-2.000000e+00 2.000000e+00 0.000000e+00 5.707543e-19 -5.360386e-19 0.000000e+00
-2.000000e+00 2.250000e+00 0.000000e+00 8.477916e-20 -9.000376e-20 0.000000e+00
-2.000000e+00 2.500000e+00 0.000000e+00 8.942449e-21 -1.055292e-20 0.000000e+00
-1.750000e+00 -2.500000e+00 0.000000e+00 5.078250e-20 6.830922e-20 0.000000e+00
-1.750000e+00 -2.250000e+00 0.000000e+00 4.338190e-19 5.255894e-19 0.000000e+00
-1.750000e+00 -2.000000e+00 0.000000e+00 2.564818e-18 2.747499e-18 0.000000e+00
-1.750000e+00 -1.750000e+00 0.000000e+00 1.144077e-17 1.052505e-17 0.000000e+00
-1.750000e+00 -1.500000e+00 0.000000e+00 4.679906e-17 3.636177e-17 0.000000e+00
-1.750000e+00 -1.250000e+00 0.000000e+00 1.417628e-16 9.062344e-17 0.000000e+00
-1.750000e+00 -1.000000e+00 0.000000e+00 3.707024e-16 1.856896e-16 0.000000e+00
-1.750000e+00 -7.500000e-01 0.000000e+00 9.967514e-16 3.684164e-16 0.000000e+00
-1.750000e+00 -5.000000e-01 0.000000e+00 2.249105e-15 5.500078e-16 0.000000e+00
-1.750000e+00 -2.500000e-01 0.000000e+00 3.699213e-15 4.504411e-16 0.000000e+00
-1.750000e+00 0.000000e+00 0.000000e+00 4.360445e-15 8.677507e-31 0.000000e+00
-1.750000e+00 2.500000e-01 0.000000e+00 3.699213e-15 -4.504411e-16 0.000000e+00
-1.750000e+00 5.000000e-01 0.000000e+00 2.249105e-15 -5.500078e-16 0.000000e+00
-1.750000e+00 7.500000e-01 0.000000e+00 9.967514e-16 -3.684164e-16 0.000000e+00
-1.750000e+00 1.000000e+00 0.000000e+00 3.707024e-16 -1.856896e-16 0.000000e+00
-1.750000e+00 1.250000e+00 0.000000e+00 1.417628e-16 -9.062344e-17 0.000000e+00
-1.750000e+00 1.500000e+00 0.000000e+00 4.679906e-17 -3.636177e-17 0.000000e+00
-1.750000e+00 1.750000e+00 0.000000e+00 1.144077e-17 -1.052505e-17 0.000000e+00
-1.750000e+00 2.000000e+00 0.000000e+00 2.564818e-18 -2.747499e-18 0.000000e+00
-1.750000e+00 2.250000e+00 0.000000e+00 4.338190e-19 -5.255894e-19 0.000000e+00
-1.750000e+00 2.500000e+00 0.000000e+00 5.078250e-20 -6.830922e-20 0.000000e+00
-1.500000e+00 -2.500000e+00 0.000000e+00 2.031674e-19 3.187423e-19 0.000000e+00
-1.500000e+00 -2.250000e+00 0.000000e+00 1.575352e-18 2.229302e-18 0.000000e+00
-1.500000e+00 -2.000000e+00 0.000000e+00 8.729526e-18 1.084086e-17 0.000000e+00
-1.500000e+00 -1.750000e+00 0.000000e+00 4.398522e-17 4.714988e-17 0.000000e+00
-1.500000e+00 -1.500000e+00 0.000000e+00 1.677959e-16 1.525566e-16 0.000000e+00
-1.500000e+00 -1.250000e+00 0.000000e+00 6.853093e-16 5.093445e-16 0.000000e+00
-1.500000e+00 -1.000000e+00 0.000000e+00 2.799371e-15 1.646344e-15 0.000000e+00
-1.500000e+00 -7.500000e-01 0.000000e+00 8.067238e-15 3.546361e-15 0.000000e+00
-1.500000e+00 -5.000000e-01 0.000000e+00 1.604300e-14 4.688425e-15 0.000000e+00
-1.500000e+00 -2.500000e-01 0.000000e+00 2.347233e-14 3.418483e-15 0.000000e+00
-1.500000e+00 0.000000e+00 0.000000e+00 2.650214e-14 0.000000e+00 0.000000e+00
-1.500000e+00 2.500000e-01 0.000000e+00 2.347233e-14 -3.418483e-15 0.000000e+00
-1.500000e+00 5.000000e-01 0.000000e+00 1.604300e-14 -4.688425e-15 0.000000e+00
-1.500000e+00 7.500000e-01 0.000000e+00 8.067238e-15 -3.546361e-15 0.000000e+00
-1.500000e+00 1.000000e+00 0.000000e+00 2.799371e-15 -1.646344e-15 0.000000e+00
-1.500000e+00 1.250000e+00 0.000000e+00 6.853093e-16 -5.093445e-16 0.000000e+00
-1.500000e+00 1.500000e+00 0.000000e+00 1.677959e-16 -1.525566e-16 0.000000e+00
-1.500000e+00 1.750000e+00 0.000000e+00 4.398522e-17 -4.714988e-17 0.000000e+00
-1.500000e+00 2.000000e+00 0.000000e+00 8.729526e-18 -1.084086e-17 0.000000e+00
-1.500000e+00 2.250000e+00 0.000000e+00 1.575352e-18 -2.229302e-18 0.000000e+00
-1.500000e+00 2.500000e+00 0.000000e+00 2.031674e-19 -3.187423e-19 0.000000e+00
-1.250000e+00 -2.500000e+00 0.000000e+00 5.979939e-19 1.128348e-18 0.000000e+00
-1.250000e+00 -2.250000e+00 0.000000e+00 4.190245e-18 7.097966e-18 0.000000e+00
-1.250000e+00 -2.000000e+00 0.000000e+00 2.570058e-17 3.815823e-17 0.000000e+00
-1.250000e+00 -1.750000e+00 0.000000e+00 1.232135e-16 1.585001e-16 0.000000e+00
-1.250000e+00 -1.500000e+00 0.000000e+00 6.746494e-16 7.285427e-16 0.000000e+00
-1.250000e+00 -1.250000e+00 0.000000e+00 3.704897e-15 3.298026e-15 0.000000e+00
-1.250000e+00 -1.000000e+00 0.000000e+00 1.279464e-14 9.101449e-15 0.000000e+00
-1.250000e+00 -7.500000e-01 0.000000e+00 2.872429e-14 1.534219e-14 0.000000e+00
-1.250000e+00 -5.000000e-01 0.000000e+00 4.696796e-14 1.670079e-14 0.000000e+00
-1.250000e+00 -2.500000e-01 0.000000e+00 6.095692e-14 1.079765e-14 0.000000e+00
-1.250000e+00 0.000000e+00 0.000000e+00 6.611034e-14 -3.765156e-31 0.000000e+00
-1.250000e+00 2.500000e-01 0.000000e+00 6.095692e-14 -1.079765e-14 0.000000e+00
-1.250000e+00 5.000000e-01 0.000000e+00 4.696796e-14 -1.670079e-14 0.000000e+00
-1.250000e+00 7.500000e-01 0.000000e+00 2.872429e-14 -1.534219e-14 0.000000e+00
-1.250000e+00 1.000000e+00 0.000000e+00 1.279464e-14 -9.101449e-15 0.000000e+00
-1.250000e+00 1.250000e+00 0.000000e+00 3.704897e-15 -3.298026e-15 0.000000e+00
-1.250000e+00 1.500000e+00 0.000000e+00 6.746494e-16 -7.285427e-16 0.000000e+00
-1.250000e+00 1.750000e+00 0.000000e+00 1.232135e-16 -1.585001e-16 0.000000e+00
-1.250000e+00 2.000000e+00 0.000000e+00 2.570058e-17 -3.815823e-17 0.000000e+00
-1.250000e+00 2.250000e+00 0.000000e+00 4.190245e-18 -7.097966e-18 0.000000e+00
-1.250000e+00 2.500000e+00 0.000000e+00 5.979939e-19 -1.128348e-18 0.000000e+00
-1.000000e+00 -2.500000e+00 0.000000e+00 1.274414e-18 3.011941e-18 0.000000e+00
-1.000000e+00 -2.250000e+00 0.000000e+00 9.112186e-18 1.918880e-17 0.000000e+00
-1.000000e+00 -2.000000e+00 0.000000e+00 5.568482e-17 1.032865e-16 0.000000e+00
-1.000000e+00 -1.750000e+00 0.000000e+00 3.319679e-16 5.247615e-16 0.000000e+00
-1.000000e+00 -1.500000e+00 0.000000e+00 2.463287e-15 3.288782e-15 0.000000e+00
-1.000000e+00 -1.250000e+00 0.000000e+00 1.104315e-14 1.230070e-14 0.000000e+00
-1.000000e+00 -1.000000e+00 0.000000e+00 2.904862e-14 2.607217e-14 0.000000e+00
-1.000000e+00 -7.500000e-01 0.000000e+00 5.215162e-14 3.536012e-14 0.000000e+00
-1.000000e+00 -5.000000e-01 0.000000e+00 7.214566e-14 3.266916e-14 0.000000e+00
-1.000000e+00 -2.500000e-01 0.000000e+00 8.412307e-14 1.898273e-14 0.000000e+00
-1.000000e+00 0.000000e+00 0.000000e+00 8.787339e-14 -3.765156e-31 0.000000e+00
-1.000000e+00 2.500000e-01 0.000000e+00 8.412307e-14 -1.898273e-14 0.000000e+00
-1.000000e+00 5.000000e-01 0.000000e+00 7.214566e-14 -3.266916e-14 0.000000e+00
-1.000000e+00 7.500000e-01 0.000000e+00 5.215162e-14 -3.536012e-14 0.000000e+00
-1.000000e+00 1.000000e+00 0.000000e+00 2.904862e-14 -2.607217e-14 0.000000e+00
-1.000000e+00 1.250000e+00 0.000000e+00 1.104315e-14 -1.230070e-14 0.000000e+00
-1.000000e+00 1.500000e+00 0.000000e+00 2.463287e-15 -3.288782e-15 0.000000e+00
-1.000000e+00 1.750000e+00 0.000000e+00 3.319679e-16 -5.247615e-16 0.000000e+00
-1.000000e+00 2.000000e+00 0.000000e+00 5.568482e-17 -1.032865e-16 0.000000e+00
-1.000000e+00 2.250000e+00 0.000000e+00 9.112186e-18 -1.918880e-17 0.000000e+00
-1.000000e+00 2.500000e+00 0.000000e+00 1.274414e-18 -3.011941e-18 0.000000e+00
-7.500000e-01 -2.500000e+00 0.000000e+00 2.010126e-18 6.326566e-18 0.000000e+00
-7.500000e-01 -2.250000e+00 0.000000e+00 1.524883e-17 4.271867e-17 0.000000e+00
-7.500000e-01 -2.000000e+00 0.000000e+00 9.293038e-17 2.271185e-16 0.000000e+00
-7.500000e-01 -1.750000e+00 0.000000e+00 8.006175e-16 1.647998e-15 0.000000e+00
-7.500000e-01 -1.500000e+00 0.000000e+00 5.371709e-15 9.458266e-15 0.000000e+00
-7.500000e-01 -1.250000e+00 0.000000e+00 1.865439e-14 2.765511e-14 0.000000e+00
-7.500000e-01 -1.000000e+00 0.000000e+00 3.929395e-14 4.741664e-14 0.000000e+00
-7.500000e-01 -7.500000e-01 0.000000e+00 5.846726e-14 5.384239e-14 0.000000e+00
-7.500000e-01 -5.000000e-01 0.000000e+00 6.889220e-14 4.268233e-14 0.000000e+00
-7.500000e-01 -2.500000e-01 0.000000e+00 7.129299e-14 2.205588e-14 0.000000e+00
-7.500000e-01 0.000000e+00 0.000000e+00 7.111724e-14 -1.882578e-30 0.000000e+00
-7.500000e-01 2.500000e-01 0.000000e+00 7.129299e-14 -2.205588e-14 0.000000e+00
-7.500000e-01 5.000000e-01 0.000000e+00 6.889220e-14 -4.268233e-14 0.000000e+00
-7.500000e-01 7.500000e-01 0.000000e+00 5.846726e-14 -5.384239e-14 0.000000e+00
-7.500000e-01 1.000000e+00 0.000000e+00 3.929395e-14 -4.741664e-14 0.000000e+00
-7.500000e-01 1.250000e+00 0.000000e+00 1.865439e-14 -2.765511e-14 0.000000e+00
-7.500000e-01 1.500000e+00 0.000000e+00 5.371709e-15 -9.458266e-15 0.000000e+00
-7.500000e-01 1.750000e+00 0.000000e+00 8.006175e-16 -1.647998e-15 0.000000e+00
-7.500000e-01 2.000000e+00 0.000000e+00 9.293038e-17 -2.271185e-16 0.000000e+00
-7.500000e-01 2.250000e+00 0.000000e+00 1.524883e-17 -4.271867e-17 0.000000e+00
-7.500000e-01 2.500000e+00 0.000000e+00 2.010126e-18 -6.326566e-18 0.000000e+00
-5.000000e-01 -2.500000e+00 0.000000e+00 2.306235e-18 1.085333e-17 0.000000e+00
-5.000000e-01 -2.250000e+00 0.000000e+00 1.773646e-17 7.448646e-17 0.000000e+00
-5.000000e-01 -2.000000e+00 0.000000e+00 1.234335e-16 4.415928e-16 0.000000e+00
-5.000000e-01 -1.750000e+00 0.000000e+00 1.244144e-15 3.765452e-15 0.000000e+00
-5.000000e-01 -1.500000e+00 0.000000e+00 6.940374e-15 1.807532e-14 0.000000e+00
-5.000000e-01 -1.250000e+00 0.000000e+00 1.989151e-14 4.389981e-14 0.000000e+00
-5.000000e-01 -1.000000e+00 0.000000e+00 3.545395e-14 6.433240e-14 0.000000e+00
-5.000000e-01 -7.500000e-01 0.000000e+00 4.481972e-14 6.284188e-14 0.000000e+00
-5.000000e-01 -5.000000e-01 0.000000e+00 4.463326e-14 4.253874e-14 0.000000e+00
-5.000000e-01 -2.500000e-01 0.000000e+00 3.980261e-14 1.897714e-14 0.000000e+00
-5.000000e-01 0.000000e+00 0.000000e+00 3.725010e-14 -2.322725e-27 0.000000e+00
-5.000000e-01 2.500000e-01 0.000000e+00 3.980261e-14 -1.897714e-14 0.000000e+00
-5.000000e-01 5.000000e-01 0.000000e+00 4.463326e-14 -4.253874e-14 0.000000e+00
-5.000000e-01 7.500000e-01 0.000000e+00 4.481972e-14 -6.284188e-14 0.000000e+00
-5.000000e-01 1.000000e+00 0.000000e+00 3.545395e-14 -6.433240e-14 0.000000e+00
-5.000000e-01 1.250000e+00 0.000000e+00 1.989151e-14 -4.389981e-14 0.000000e+00
-5.000000e-01 1.500000e+00 0.000000e+00 6.940374e-15 -1.807532e-14 0.000000e+00
-5.000000e-01 1.750000e+00 0.000000e+00 1.244144e-15 -3.765452e-15 0.000000e+00
-5.000000e-01 2.000000e+00 0.000000e+00 1.234335e-16 -4.415928e-16 0.000000e+00
-5.000000e-01 2.250000e+00 0.000000e+00 1.773646e-17 -7.448646e-17 0.000000e+00
-5.000000e-01 2.500000e+00 0.000000e+00 2.306235e-18 -1.085333e-17 0.000000e+00
-2.500000e-01 -2.500000e+00 0.000000e+00 1.612178e-18 1.513788e-17 0.000000e+00
-2.500000e-01 -2.250000e+00 0.000000e+00 1.228613e-17 1.030207e-16 0.000000e+00
-2.500000e-01 -2.000000e+00 0.000000e+00 9.952444e-17 6.976870e-16 0.000000e+00
-2.500000e-01 -1.750000e+00 0.000000e+00 1.010331e-15 6.027776e-15 0.000000e+00
-2.500000e-01 -1.500000e+00 0.000000e+00 4.956667e-15 2.547522e-14 0.000000e+00
-2.500000e-01 -1.250000e+00 0.000000e+00 1.265286e-14 5.526853e-14 0.000000e+00
-2.500000e-01 -1.000000e+00 0.000000e+00 2.023309e-14 7.312323e-14 0.000000e+00
-2.500000e-01 -7.500000e-01 0.000000e+00 2.263812e-14 6.379610e-14 0.000000e+00
-2.500000e-01 -5.000000e-01 0.000000e+00 1.947700e-14 3.757117e-14 0.000000e+00
-2.500000e-01 -2.500000e-01 0.000000e+00 1.500519e-14 1.441115e-14 0.000000e+00
-2.500000e-01 0.000000e+00 0.000000e+00 1.313719e-14 -8.659858e-29 0.000000e+00
-2.500000e-01 2.500000e-01 0.000000e+00 1.500519e-14 -1.441115e-14 0.000000e+00
-2.500000e-01 5.000000e-01 0.000000e+00 1.947700e-14 -3.757117e-14 0.000000e+00
-2.500000e-01 7.500000e-01 0.000000e+00 2.263812e-14 -6.379610e-14 0.000000e+00
-2.500000e-01 1.000000e+00 0.000000e+00 2.023309e-14 -7.312323e-14 0.000000e+00
-2.500000e-01 1.250000e+00 0.000000e+00 1.265286e-14 -5.526853e-14 0.000000e+00
-2.500000e-01 1.500000e+00 0.000000e+00 4.956667e-15 -2.547522e-14 0.000000e+00
-2.500000e-01 1.750000e+00 0.000000e+00 1.010331e-15 -6.027776e-15 0.000000e+00
-2.500000e-01 2.000000e+00 0.000000e+00 9.952444e-17 -6.976870e-16 0.000000e+00
-2.500000e-01 2.250000e+00 0.000000e+00 1.228613e-17 -1.030207e-16 0.000000e+00
-2.500000e-01 2.500000e+00 0.000000e+00 1.612178e-18 -1.513788e-17 0.000000e+00
0.000000e+00 -2.500000e+00 0.000000e+00 3.028208e-34 1.693865e-17 0.000000e+00
0.000000e+00 -2.250000e+00 0.000000e+00 1.385125e-34 1.147060e-16 0.000000e+00
0.000000e+00 -2.000000e+00 0.000000e+00 -5.256832e-34 8.193939e-16 0.000000e+00
0.000000e+00 -1.750000e+00 0.000000e+00 1.147885e-32 7.010154e-15 0.000000e+00
0.000000e+00 -1.500000e+00 0.000000e+00 2.703678e-32 2.834664e-14 0.000000e+00
0.000000e+00 -1.250000e+00 0.000000e+00 -2.223060e-30 5.920145e-14 0.000000e+00
0.000000e+00 -1.000000e+00 0.000000e+00 0.000000e+00 7.552116e-14 0.000000e+00
0.000000e+00 -7.500000e-01 0.000000e+00 2.470883e-31 6.306636e-14 0.000000e+00
0.000000e+00 -5.000000e-01 0.000000e+00 -9.552777e-27 3.502725e-14 0.000000e+00
0.000000e+00 -2.500000e-01 0.000000e+00 -2.123783e-28 1.254449e-14 0.000000e+00
0.000000e+00 0.000000e+00 0.000000e+00 -2.818360e-27 2.784333e-27 0.000000e+00
0.000000e+00 2.500000e-01 0.000000e+00 -1.202308e-27 -1.254449e-14 0.000000e+00
0.000000e+00 5.000000e-01 0.000000e+00 -3.286604e-27 -3.502725e-14 0.000000e+00
0.000000e+00 7.500000e-01 0.000000e+00 7.059667e-32 -6.306636e-14 0.000000e+00
0.000000e+00 1.000000e+00 0.000000e+00 -2.500299e-31 -7.552116e-14 0.000000e+00
0.000000e+00 1.250000e+00 0.000000e+00 -1.764917e-32 -5.920145e-14 0.000000e+00
0.000000e+00 1.500000e+00 0.000000e+00 2.610606e-32 -2.834664e-14 0.000000e+00
0.000000e+00 1.750000e+00 0.000000e+00 8.640738e-33 -7.010154e-15 0.000000e+00
0.000000e+00 2.000000e+00 0.000000e+00 1.149034e-34 -8.193939e-16 0.000000e+00
0.000000e+00 2.250000e+00 0.000000e+00 -5.673357e-35 -1.147060e-16 0.000000e+00
0.000000e+00 2.500000e+00 0.000000e+00 -1.188532e-34 -1.693865e-17 0.000000e+00
2.500000e-01 -2.500000e+00 0.000000e+00 -1.612178e-18 1.513788e-17 0.000000e+00
2.500000e-01 -2.250000e+00 0.000000e+00 -1.228613e-17 1.030207e-16 0.000000e+00
2.500000e-01 -2.000000e+00 0.000000e+00 -9.952444e-17 6.976870e-16 0.000000e+00
2.500000e-01 -1.750000e+00 0.000000e+00 -1.010331e-15 6.027776e-15 0.000000e+00
2.500000e-01 -1.500000e+00 0.000000e+00 -4.956667e-15 2.547522e-14 0.000000e+00
2.500000e-01 -1.250000e+00 0.000000e+00 -1.265286e-14 5.526853e-14 0.000000e+00
2.500000e-01 -1.000000e+00 0.000000e+00 -2.023309e-14 7.312323e-14 0.000000e+00
2.500000e-01 -7.500000e-01 0.000000e+00 -2.263812e-14 6.379610e-14 0.000000e+00
2.500000e-01 -5.000000e-01 0.000000e+00 -1.947700e-14 3.757117e-14 0.000000e+00
2.500000e-01 -2.500000e-01 0.000000e+00 -1.500519e-14 1.441115e-14 0.000000e+00
2.500000e-01 0.000000e+00 0.000000e+00 -1.313719e-14 1.051608e-27 0.000000e+00
2.500000e-01 2.500000e-01 0.000000e+00 -1.500519e-14 -1.441115e-14 0.000000e+00
2.500000e-01 5.000000e-01 0.000000e+00 -1.947700e-14 -3.757117e-14 0.000000e+00
2.500000e-01 7.500000e-01 0.000000e+00 -2.263812e-14 -6.379610e-14 0.000000e+00
2.500000e-01 1.000000e+00 0.000000e+00 -2.023309e-14 -7.312323e-14 0.000000e+00
2.500000e-01 1.250000e+00 0.000000e+00 -1.265286e-14 -5.526853e-14 0.000000e+00
2.500000e-01 1.500000e+00 0.000000e+00 -4.956667e-15 -2.547522e-14 0.000000e+00
2.500000e-01 1.750000e+00 0.000000e+00 -1.010331e-15 -6.027776e-15 0.000000e+00
2.500000e-01 2.000000e+00 0.000000e+00 -9.952444e-17 -6.976870e-16 0.000000e+00
2.500000e-01 2.250000e+00 0.000000e+00 -1.228613e-17 -1.030207e-16 0.000000e+00
2.500000e-01 2.500000e+00 0.000000e+00 -1.612178e-18 -1.513788e-17 0.000000e+00
5.000000e-01 -2.500000e+00 0.000000e+00 -2.306235e-18 1.085333e-17 0.000000e+00
5.000000e-01 -2.250000e+00 0.000000e+00 -1.773646e-17 7.448646e-17 0.000000e+00
5.000000e-01 -2.000000e+00 0.000000e+00 -1.234335e-16 4.415928e-16 0.000000e+00
5.000000e-01 -1.750000e+00 0.000000e+00 -1.244144e-15 3.765452e-15 0.000000e+00
5.000000e-01 -1.500000e+00 0.000000e+00 -6.940374e-15 1.807532e-14 0.000000e+00
5.000000e-01 -1.250000e+00 0.000000e+00 -1.989151e-14 4.389981e-14 0.000000e+00
5.000000e-01 -1.000000e+00 0.000000e+00 -3.545395e-14 6.433240e-14 0.000000e+00
5.000000e-01 -7.500000e-01 0.000000e+00 -4.481972e-14 6.284188e-14 0.000000e+00
5.000000e-01 -5.000000e-01 0.000000e+00 -4.463326e-14 4.253874e-14 0.000000e+00
5.000000e-01 -2.500000e-01 0.000000e+00 -3.980261e-14 1.897714e-14 0.000000e+00
5.000000e-01 0.000000e+00 0.000000e+00 -3.725010e-14 1.848240e-26 0.000000e+00
5.000000e-01 2.500000e-01 0.000000e+00 -3.980261e-14 -1.897714e-14 0.000000e+00
5.000000e-01 5.000000e-01 0.000000e+00 -4.463326e-14 -4.253874e-14 0.000000e+00
5.000000e-01 7.500000e-01 0.000000e+00 -4.481972e-14 -6.284188e-14 0.000000e+00
5.000000e-01 1.000000e+00 0.000000e+00 -3.545395e-14 -6.433240e-14 0.000000e+00
5.000000e-01 1.250000e+00 0.000000e+00 -1.989151e-14 -4.389981e-14 0.000000e+00
5.000000e-01 1.500000e+00 0.000000e+00 -6.940374e-15 -1.807532e-14 0.000000e+00
5.000000e-01 1.750000e+00 0.000000e+00 -1.244144e-15 -3.765452e-15 0.000000e+00
5.000000e-01 2.000000e+00 0.000000e+00 -1.234335e-16 -4.415928e-16 0.000000e+00
5.000000e-01 2.250000e+00 0.000000e+00 -1.773646e-17 -7.448646e-17 0.000000e+00
5.000000e-01 2.500000e+00 0.000000e+00 -2.306235e-18 -1.085333e-17 0.000000e+00
7.500000e-01 -2.500000e+00 0.000000e+00 -2.010126e-18 6.326566e-18 0.000000e+00
7.500000e-01 -2.250000e+00 0.000000e+00 -1.524883e-17 4.271867e-17 0.000000e+00
7.500000e-01 -2.000000e+00 0.000000e+00 -9.293038e-17 2.271185e-16 0.000000e+00
7.500000e-01 -1.750000e+00 0.000000e+00 -8.006175e-16 1.647998e-15 0.000000e+00
7.500000e-01 -1.500000e+00 0.000000e+00 -5.371709e-15 9.458266e-15 0.000000e+00
7.500000e-01 -1.250000e+00 0.000000e+00 -1.865439e-14 2.765511e-14 0.000000e+00
7.500000e-01 -1.000000e+00 0.000000e+00 -3.929395e-14 4.741664e-14 0.000000e+00
7.500000e-01 -7.500000e-01 0.000000e+00 -5.846726e-14 5.384239e-14 0.000000e+00
7.500000e-01 -5.000000e-01 0.000000e+00 -6.889220e-14 4.268233e-14 0.000000e+00
7.500000e-01 -2.500000e-01 0.000000e+00 -7.129299e-14 2.205588e-14 0.000000e+00
7.500000e-01 0.000000e+00 0.000000e+00 -7.111724e-14 -1.016592e-29 0.000000e+00
7.500000e-01 2.500000e-01 0.000000e+00 -7.129299e-14 -2.205588e-14 0.000000e+00
7.500000e-01 5.000000e-01 0.000000e+00 -6.889220e-14 -4.268233e-14 0.000000e+00
7.500000e-01 7.500000e-01 0.000000e+00 -5.846726e-14 -5.384239e-14 0.000000e+00
7.500000e-01 1.000000e+00 0.000000e+00 -3.929395e-14 -4.741664e-14 0.000000e+00
7.500000e-01 1.250000e+00 0.000000e+00 -1.865439e-14 -2.765511e-14 0.000000e+00
7.500000e-01 1.500000e+00 0.000000e+00 -5.371709e-15 -9.458266e-15 0.000000e+00
7.500000e-01 1.750000e+00 0.000000e+00 -8.006175e-16 -1.647998e-15 0.000000e+00
7.500000e-01 2.000000e+00 0.000000e+00 -9.293038e-17 -2.271185e-16 0.000000e+00
7.500000e-01 2.250000e+00 0.000000e+00 -1.524883e-17 -4.271867e-17 0.000000e+00
7.500000e-01 2.500000e+00 0.000000e+00 -2.010126e-18 -6.326566e-18 0.000000e+00
1.000000e+00 -2.500000e+00 0.000000e+00 -1.274414e-18 3.011941e-18 0.000000e+00
1.000000e+00 -2.250000e+00 0.000000e+00 -9.112186e-18 1.918880e-17 0.000000e+00
1.000000e+00 -2.000000e+00 0.000000e+00 -5.568482e-17 1.032865e-16 0.000000e+00
1.000000e+00 -1.750000e+00 0.000000e+00 -3.319679e-16 5.247615e-16 0.000000e+00
1.000000e+00 -1.500000e+00 0.000000e+00 -2.463287e-15 3.288782e-15 0.000000e+00
1.000000e+00 -1.250000e+00 0.000000e+00 -1.104315e-14 1.230070e-14 0.000000e+00
1.000000e+00 -1.000000e+00 0.000000e+00 -2.904862e-14 2.607217e-14 0.000000e+00
1.000000e+00 -7.500000e-01 0.000000e+00 -5.215162e-14 3.536012e-14 0.000000e+00
1.000000e+00 -5.000000e-01 0.000000e+00 -7.214566e-14 3.266916e-14 0.000000e+00
1.000000e+00 -2.500000e-01 0.000000e+00 -8.412307e-14 1.898273e-14 0.000000e+00
1.000000e+00 0.000000e+00 0.000000e+00 -8.787339e-14 -3.765156e-31 0.000000e+00
1.000000e+00 2.500000e-01 0.000000e+00 -8.412307e-14 -1.898273e-14 0.000000e+00
1.000000e+00 5.000000e-01 0.000000e+00 -7.214566e-14 -3.266916e-14 0.000000e+00
1.000000e+00 7.500000e-01 0.000000e+00 -5.215162e-14 -3.536012e-14 0.000000e+00
1.000000e+00 1.000000e+00 0.000000e+00 -2.904862e-14 -2.607217e-14 0.000000e+00
1.000000e+00 1.250000e+00 0.000000e+00 -1.104315e-14 -1.230070e-14 0.000000e+00
1.000000e+00 1.500000e+00 0.000000e+00 -2.463287e-15 -3.288782e-15 0.000000e+00
1.000000e+00 1.750000e+00 0.000000e+00 -3.319679e-16 -5.247615e-16 0.000000e+00
1.000000e+00 2.000000e+00 0.000000e+00 -5.568482e-17 -1.032865e-16 0.000000e+00
1.000000e+00 2.250000e+00 0.000000e+00 -9.112186e-18 -1.918880e-17 0.000000e+00
1.000000e+00 2.500000e+00 0.000000e+00 -1.274414e-18 -3.011941e-18 0.000000e+00
1.250000e+00 -2.500000e+00 0.000000e+00 -5.979939e-19 1.128348e-18 0.000000e+00
1.250000e+00 -2.250000e+00 0.000000e+00 -4.190245e-18 7.097966e-18 0.000000e+00
1.250000e+00 -2.000000e+00 0.000000e+00 -2.570058e-17 3.815823e-17 0.000000e+00
1.250000e+00 -1.750000e+00 0.000000e+00 -1.232135e-16 1.585001e-16 0.000000e+00
1.250000e+00 -1.500000e+00 0.000000e+00 -6.746494e-16 7.285427e-16 0.000000e+00
1.250000e+00 -1.250000e+00 0.000000e+00 -3.704897e-15 3.298026e-15 0.000000e+00
1.250000e+00 -1.000000e+00 0.000000e+00 -1.279464e-14 9.101449e-15 0.000000e+00
1.250000e+00 -7.500000e-01 0.000000e+00 -2.872429e-14 1.534219e-14 0.000000e+00
1.250000e+00 -5.000000e-01 0.000000e+00 -4.696796e-14 1.670079e-14 0.000000e+00
1.250000e+00 -2.500000e-01 0.000000e+00 -6.095692e-14 1.079765e-14 0.000000e+00
1.250000e+00 0.000000e+00 0.000000e+00 -6.611034e-14 -1.882578e-31 0.000000e+00
1.250000e+00 2.500000e-01 0.000000e+00 -6.095692e-14 -1.079765e-14 0.000000e+00
1.250000e+00 5.000000e-01 0.000000e+00 -4.696796e-14 -1.670079e-14 0.000000e+00
1.250000e+00 7.500000e-01 0.000000e+00 -2.872429e-14 -1.534219e-14 0.000000e+00
1.250000e+00 1.000000e+00 0.000000e+00 -1.279464e-14 -9.101449e-15 0.000000e+00
1.250000e+00 1.250000e+00 0.000000e+00 -3.704897e-15 -3.298026e-15 0.000000e+00
1.250000e+00 1.500000e+00 0.000000e+00 -6.746494e-16 -7.285427e-16 0.000000e+00
1.250000e+00 1.750000e+00 0.000000e+00 -1.232135e-16 -1.585001e-16 0.000000e+00
1.250000e+00 2.000000e+00 0.000000e+00 -2.570058e-17 -3.815823e-17 0.000000e+00
1.250000e+00 2.250000e+00 0.000000e+00 -4.190245e-18 -7.097966e-18 0.000000e+00
1.250000e+00 2.500000e+00 0.000000e+00 -5.979939e-19 -1.128348e-18 0.000000e+00
1.500000e+00 -2.500000e+00 0.000000e+00 -2.031674e-19 3.187423e-19 0.000000e+00
1.500000e+00 -2.250000e+00 0.000000e+00 -1.575352e-18 2.229302e-18 0.000000e+00
1.500000e+00 -2.000000e+00 0.000000e+00 -8.729526e-18 1.084086e-17 0.000000e+00
1.500000e+00 -1.750000e+00 0.000000e+00 -4.398522e-17 4.714988e-17 0.000000e+00
1.500000e+00 -1.500000e+00 0.000000e+00 -1.677959e-16 1.525566e-16 0.000000e+00
1.500000e+00 -1.250000e+00 0.000000e+00 -6.853093e-16 5.093445e-16 0.000000e+00
1.500000e+00 -1.000000e+00 0.000000e+00 -2.799371e-15 1.646344e-15 0.000000e+00
1.500000e+00 -7.500000e-01 0.000000e+00 -8.067238e-15 3.546361e-15 0.000000e+00
1.500000e+00 -5.000000e-01 0.000000e+00 -1.604300e-14 4.688425e-15 0.000000e+00
1.500000e+00 -2.500000e-01 0.000000e+00 -2.347233e-14 3.418483e-15 0.000000e+00
1.500000e+00 0.000000e+00 0.000000e+00 -2.650214e-14 7.059667e-32 0.000000e+00
1.500000e+00 2.500000e-01 0.000000e+00 -2.347233e-14 -3.418483e-15 0.000000e+00
1.500000e+00 5.000000e-01 0.000000e+00 -1.604300e-14 -4.688425e-15 0.000000e+00
1.500000e+00 7.500000e-01 0.000000e+00 -8.067238e-15 -3.546361e-15 0.000000e+00
1.500000e+00 1.000000e+00 0.000000e+00 -2.799371e-15 -1.646344e-15 0.000000e+00
1.500000e+00 1.250000e+00 0.000000e+00 -6.853093e-16 -5.093445e-16 0.000000e+00
1.500000e+00 1.500000e+00 0.000000e+00 -1.677959e-16 -1.525566e-16 0.000000e+00
1.500000e+00 1.750000e+00 0.000000e+00 -4.398522e-17 -4.714988e-17 0.000000e+00
1.500000e+00 2.000000e+00 0.000000e+00 -8.729526e-18 -1.084086e-17 0.000000e+00
1.500000e+00 2.250000e+00 0.000000e+00 -1.575352e-18 -2.229302e-18 0.000000e+00
1.500000e+00 2.500000e+00 0.000000e+00 -2.031674e-19 -3.187423e-19 0.000000e+00
1.750000e+00 -2.500000e+00 0.000000e+00 -5.078250e-20 6.830922e-20 0.000000e+00
1.750000e+00 -2.250000e+00 0.000000e+00 -4.338190e-19 5.255894e-19 0.000000e+00
1.750000e+00 -2.000000e+00 0.000000e+00 -2.564818e-18 2.747499e-18 0.000000e+00
1.750000e+00 -1.750000e+00 0.000000e+00 -1.144077e-17 1.052505e-17 0.000000e+00
1.750000e+00 -1.500000e+00 0.000000e+00 -4.679906e-17 3.636177e-17 0.000000e+00
1.750000e+00 -1.250000e+00 0.000000e+00 -1.417628e-16 9.062344e-17 0.000000e+00
1.750000e+00 -1.000000e+00 0.000000e+00 -3.707024e-16 1.856896e-16 0.000000e+00
1.750000e+00 -7.500000e-01 0.000000e+00 -9.967514e-16 3.684164e-16 0.000000e+00
1.750000e+00 -5.000000e-01 0.000000e+00 -2.249105e-15 5.500078e-16 0.000000e+00
1.750000e+00 -2.500000e-01 0.000000e+00 -3.699213e-15 4.504411e-16 0.000000e+00
1.750000e+00 0.000000e+00 0.000000e+00 -4.360445e-15 -1.176611e-32 0.000000e+00
1.750000e+00 2.500000e-01 0.000000e+00 -3.699213e-15 -4.504411e-16 0.000000e+00
1.750000e+00 5.000000e-01 0.000000e+00 -2.249105e-15 -5.500078e-16 0.000000e+00
1.750000e+00 7.500000e-01 0.000000e+00 -9.967514e-16 -3.684164e-16 0.000000e+00
1.750000e+00 1.000000e+00 0.000000e+00 -3.707024e-16 -1.856896e-16 0.000000e+00
1.750000e+00 1.250000e+00 0.000000e+00 -1.417628e-16 -9.062344e-17 0.000000e+00
1.750000e+00 1.500000e+00 0.000000e+00 -4.679906e-17 -3.636177e-17 0.000000e+00
1.750000e+00 1.750000e+00 0.000000e+00 -1.144077e-17 -1.052505e-17 0.000000e+00
1.750000e+00 2.000000e+00 0.000000e+00 -2.564818e-18 -2.747499e-18 0.000000e+00
1.750000e+00 2.250000e+00 0.000000e+00 -4.338190e-19 -5.255894e-19 0.000000e+00
1.750000e+00 2.500000e+00 0.000000e+00 -5.078250e-20 -6.830922e-20 0.000000e+00
2.000000e+00 -2.500000e+00 0.000000e+00 -8.942449e-21 1.055292e-20 0.000000e+00
2.000000e+00 -2.250000e+00 0.000000e+00 -8.477916e-20 9.000376e-20 0.000000e+00
2.000000e+00 -2.000000e+00 0.000000e+00 -5.707543e-19 5.360386e-19 0.000000e+00
2.000000e+00 -1.750000e+00 0.000000e+00 -2.688010e-18 2.183314e-18 0.000000e+00
2.000000e+00 -1.500000e+00 0.000000e+00 -9.422704e-18 6.410958e-18 0.000000e+00
2.000000e+00 -1.250000e+00 0.000000e+00 -3.067772e-17 1.707145e-17 0.000000e+00
2.000000e+00 -1.000000e+00 0.000000e+00 -8.021330e-17 3.518284e-17 0.000000e+00
2.000000e+00 -7.500000e-01 0.000000e+00 -1.544962e-16 4.966754e-17 0.000000e+00
2.000000e+00 -5.000000e-01 0.000000e+00 -2.416014e-16 5.017596e-17 0.000000e+00
2.000000e+00 -2.500000e-01 0.000000e+00 -3.254519e-16 3.291367e-17 0.000000e+00
2.000000e+00 0.000000e+00 0.000000e+00 -3.632864e-16 1.332880e-33 0.000000e+00
2.000000e+00 2.500000e-01 0.000000e+00 -3.254519e-16 -3.291367e-17 0.000000e+00
2.000000e+00 5.000000e-01 0.000000e+00 -2.416014e-16 -5.017596e-17 0.000000e+00
2.000000e+00 7.500000e-01 0.000000e+00 -1.544962e-16 -4.966754e-17 0.000000e+00
2.000000e+00 1.000000e+00 0.000000e+00 -8.021330e-17 -3.518284e-17 0.000000e+00
2.000000e+00 1.250000e+00 0.000000e+00 -3.067772e-17 -1.707145e-17 0.000000e+00
2.000000e+00 1.500000e+00 0.000000e+00 -9.422704e-18 -6.410958e-18 0.000000e+00
2.000000e+00 1.750000e+00 0.000000e+00 -2.688010e-18 -2.183314e-18 0.000000e+00
2.000000e+00 2.000000e+00 0.000000e+00 -5.707543e-19 -5.360386e-19 0.000000e+00
2.000000e+00 2.250000e+00 0.000000e+00 -8.477916e-20 -9.000376e-20 0.000000e+00
2.000000e+00 2.500000e+00 0.000000e+00 -8.942449e-21 -1.055292e-20 0.000000e+00
2.250000e+00 -2.500000e+00 0.000000e+00 -1.037155e-21 1.094059e-21 0.000000e+00
2.250000e+00 -2.250000e+00 0.000000e+00 -1.168724e-20 1.109209e-20 0.000000e+00
2.250000e+00 -2.000000e+00 0.000000e+00 -8.635464e-20 7.236233e-20 0.000000e+00
2.250000e+00 -1.750000e+00 0.000000e+00 -4.671080e-19 3.391643e-19 0.000000e+00
2.250000e+00 -1.500000e+00 0.000000e+00 -1.845897e-18 1.131180e-18 0.000000e+00
2.250000e+00 -1.250000e+00 0.000000e+00 -5.186322e-18 2.580200e-18 0.000000e+00
2.250000e+00 -1.000000e+00 0.000000e+00 -1.231666e-17 4.772624e-18 0.000000e+00
2.250000e+00 -7.500000e-01 0.000000e+00 -2.642160e-17 7.551261e-18 0.000000e+00
2.250000e+00 -5.000000e-01 0.000000e+00 -4.647026e-17 8.746239e-18 0.000000e+00
2.250000e+00 -2.500000e-01 0.000000e+00 -6.433320e-17 5.990544e-18 0.000000e+00
2.250000e+00 0.000000e+00 0.000000e+00 -7.138334e-17 -1.149034e-34 0.000000e+00
2.250000e+00 2.500000e-01 0.000000e+00 -6.433320e-17 -5.990544e-18 0.000000e+00
2.250000e+00 5.000000e-01 0.000000e+00 -4.647026e-17 -8.746239e-18 0.000000e+00
2.250000e+00 7.500000e-01 0.000000e+00 -2.642160e-17 -7.551261e-18 0.000000e+00
2.250000e+00 1.000000e+00 0.000000e+00 -1.231666e-17 -4.772624e-18 0.000000e+00
2.250000e+00 1.250000e+00 0.000000e+00 -5.186322e-18 -2.580200e-18 0.000000e+00
2.250000e+00 1.500000e+00 0.000000e+00 -1.845897e-18 -1.131180e-18 0.000000e+00
2.250000e+00 1.750000e+00 0.000000e+00 -4.671080e-19 -3.391643e-19 0.000000e+00
2.250000e+00 2.000000e+00 0.000000e+00 -8.635464e-20 -7.236233e-20 0.000000e+00
2.250000e+00 2.250000e+00 0.000000e+00 -1.168724e-20 -1.109209e-20 0.000000e+00
2.250000e+00 2.500000e+00 0.000000e+00 -1.037155e-21 -1.094059e-21 0.000000e+00
2.500000e+00 -2.500000e+00 0.000000e+00 -8.095551e-23 7.756426e-23 0.000000e+00
2.500000e+00 -2.250000e+00 0.000000e+00 -1.024240e-21 8.823369e-22 0.000000e+00
2.500000e+00 -2.000000e+00 0.000000e+00 -8.999566e-21 6.852855e-21 0.000000e+00
2.500000e+00 -1.750000e+00 0.000000e+00 -5.372558e-20 3.537410e-20 0.000000e+00
2.500000e+00 -1.500000e+00 0.000000e+00 -2.348083e-19 1.306292e-19 0.000000e+00
2.500000e+00 -1.250000e+00 0.000000e+00 -7.970872e-19 3.635332e-19 0.000000e+00
2.500000e+00 -1.000000e+00 0.000000e+00 -2.003650e-18 7.144064e-19 0.000000e+00
2.500000e+00 -7.500000e-01 0.000000e+00 -3.798804e-18 9.874219e-19 0.000000e+00
2.500000e+00 -5.000000e-01 0.000000e+00 -5.863042e-18 9.898661e-19 0.000000e+00
2.500000e+00 -2.500000e-01 0.000000e+00 -7.660811e-18 6.360947e-19 0.000000e+00
2.500000e+00 0.000000e+00 0.000000e+00 -8.403069e-18 -1.867181e-35 0.000000e+00
2.500000e+00 2.500000e-01 0.000000e+00 -7.660811e-18 -6.360947e-19 0.000000e+00
2.500000e+00 5.000000e-01 0.000000e+00 -5.863042e-18 -9.898661e-19 0.000000e+00
2.500000e+00 7.500000e-01 0.000000e+00 -3.798804e-18 -9.874219e-19 0.000000e+00
2.500000e+00 1.000000e+00 0.000000e+00 -2.003650e-18 -7.144064e-19 0.000000e+00
2.500000e+00 1.250000e+00 0.000000e+00 -7.970872e-19 -3.635332e-19 0.000000e+00
2.500000e+00 1.500000e+00 0.000000e+00 -2.348083e-19 -1.306292e-19 0.000000e+00
2.500000e+00 1.750000e+00 0.000000e+00 -5.372558e-20 -3.537410e-20 0.000000e+00
2.500000e+00 2.000000e+00 0.000000e+00 -8.999566e-21 -6.852855e-21 0.000000e+00
2.500000e+00 2.250000e+00 0.000000e+00 -1.024240e-21 -8.823369e-22 0.000000e+00
2.500000e+00 2.500000e+00 0.000000e+00 -8.095551e-23 -7.756426e-23 0.000000e+00
