0.000000e+00 0.000000e+00 0.000000e+00 0.000000e+00 0.000000e+00 0.000000e+00 0.000000e+00
1.000000e-04 1.036584e-10 1.153848e-11 1.916029e-09 1.737225e-14 1.933750e-15 3.211099e-13
2.000000e-04 8.059857e-11 9.255395e-11 3.842594e-09 -3.864622e-15 1.357750e-14 3.228758e-13
3.000000e-04 1.203441e-10 1.223544e-10 5.910629e-09 6.661012e-15 4.994295e-15 3.465848e-13
4.000000e-04 2.863675e-11 9.303994e-11 7.862660e-09 -1.536937e-14 -4.912847e-15 3.271436e-13
5.000000e-04 3.153972e-11 8.812699e-11 9.855532e-09 4.865126e-16 -8.233692e-16 3.339882e-13
6.000000e-04 2.343175e-11 1.920762e-10 1.172703e-08 -1.358825e-15 1.742099e-14 3.136475e-13
7.000000e-04 4.321818e-11 1.767306e-10 1.356870e-08 3.316035e-15 -2.571782e-15 3.086477e-13
8.000000e-04 8.724008e-11 2.039618e-10 1.546320e-08 7.377692e-15 4.563703e-15 3.175022e-13
9.000000e-04 8.681949e-11 2.441033e-10 1.732715e-08 -7.048688e-17 6.727374e-15 3.123820e-13
1.000000e-03 5.710614e-12 1.866322e-10 1.920471e-08 -1.359315e-14 -9.631654e-15 3.146623e-13
1.100000e-03 3.861662e-12 1.191093e-10 2.113042e-08 -3.098685e-16 -1.131626e-14 3.227322e-13
1.200000e-03 -4.904884e-11 2.691110e-11 2.309296e-08 -8.867345e-15 -1.545163e-14 3.289048e-13
1.300000e-03 -8.525040e-12 -1.512850e-11 2.505989e-08 6.791440e-15 -7.045476e-15 3.296416e-13
1.400000e-03 3.211970e-11 -1.095704e-10 2.699616e-08 6.811709e-15 -1.582766e-14 3.245022e-13
1.500000e-03 8.118142e-11 -5.756866e-11 2.885743e-08 8.222322e-15 8.715051e-15 3.119324e-13
1.600000e-03 -1.939192e-11 -6.448003e-11 3.078401e-08 -1.685523e-14 -1.158286e-15 3.228781e-13
1.700000e-03 -1.774753e-11 -2.920122e-11 3.265221e-08 2.755858e-16 5.912425e-15 3.130950e-13
1.800000e-03 -2.856332e-11 -2.963372e-11 3.454999e-08 -1.812634e-15 -7.248383e-17 3.180505e-13
1.900000e-03 -2.485337e-11 -7.052434e-11 3.655405e-08 6.217564e-16 -6.852916e-15 3.358636e-13
2.000000e-03 -6.036812e-11 -6.478413e-11 3.842487e-08 -5.951967e-15 9.620096e-16 3.135330e-13
2.100000e-03 -1.092937e-10 -4.642851e-11 4.016335e-08 -8.199504e-15 3.076245e-15 2.913547e-13
2.200000e-03 -1.030595e-10 6.583813e-11 4.197799e-08 1.044792e-15 1.881492e-14 3.041186e-13
2.300000e-03 -2.540985e-11 4.473631e-11 4.386794e-08 1.301342e-14 -3.536483e-15 3.167389e-13
2.400000e-03 -6.294179e-13 6.911891e-11 4.583510e-08 4.152987e-15 4.086314e-15 3.296793e-13
2.500000e-03 1.118611e-10 5.692474e-11 4.774178e-08 1.885244e-14 -2.043638e-15 3.195428e-13
2.600000e-03 1.368009e-10 1.979743e-10 4.957584e-08 4.179706e-15 2.363869e-14 3.073727e-13
2.700000e-03 1.683816e-10 2.989515e-10 5.155020e-08 5.292640e-15 1.692292e-14 3.308867e-13
2.800000e-03 1.505174e-10 2.224332e-10 5.342967e-08 -2.993873e-15 -1.282381e-14 3.149824e-13
2.900000e-03 1.708376e-10 2.258797e-10 5.540438e-08 3.405482e-15 5.775943e-16 3.309450e-13
3.000000e-03 8.852757e-11 1.157557e-10 5.726889e-08 -1.379445e-14 -1.845582e-14 3.124753e-13
3.100000e-03 -4.610691e-12 2.014208e-10 5.916524e-08 -1.560917e-14 1.435674e-14 3.178113e-13
3.200000e-03 -3.937012e-12 3.012341e-10 6.100560e-08 1.129028e-16 1.672785e-14 3.084284e-13
3.300000e-03 -1.337761e-10 3.457003e-10 6.294663e-08 -2.175991e-14 7.452143e-15 3.253012e-13
3.400000e-03 9.262708e-12 2.191678e-10 6.484594e-08 2.397207e-14 -2.120576e-14 3.183075e-13
3.500000e-03 6.549950e-11 1.209295e-10 6.670510e-08 9.424803e-15 -1.646388e-14 3.115795e-13
3.600000e-03 7.709376e-12 4.434270e-11 6.860375e-08 -9.685128e-15 -1.283529e-14 3.181961e-13
3.700000e-03 -7.987159e-11 9.212624e-11 7.069185e-08 -1.467782e-14 8.008111e-15 3.499481e-13
3.800000e-03 -4.589776e-11 -1.188060e-11 7.251287e-08 5.693722e-15 -1.743065e-14 3.051883e-13
3.900000e-03 -1.076260e-10 -4.602211e-11 7.437756e-08 -1.034512e-14 -5.721824e-15 3.125053e-13
4.000000e-03 -1.333111e-10 1.349966e-10 7.613910e-08 -4.304593e-15 3.033718e-14 2.952183e-13
4.100000e-03 -2.635746e-12 4.804437e-12 7.809444e-08 2.190006e-14 -2.181909e-14 3.276993e-13
4.200000e-03 1.957512e-11 1.487576e-10 7.997564e-08 3.722350e-15 2.412531e-14 3.152719e-13
4.300000e-03 6.703981e-12 2.478300e-10 8.180331e-08 -2.157092e-15 1.660368e-14 3.063023e-13
4.400000e-03 6.349805e-11 2.593035e-10 8.365443e-08 9.518197e-15 1.922862e-15 3.102323e-13
4.500000e-03 9.416933e-11 3.038387e-10 8.558460e-08 5.140244e-15 7.463711e-15 3.234791e-13
4.600000e-03 6.312946e-11 3.014089e-10 8.747747e-08 -5.202016e-15 -4.072119e-16 3.172290e-13
4.700000e-03 1.112249e-10 3.248563e-10 8.930858e-08 8.060390e-15 3.929580e-15 3.068785e-13
4.800000e-03 3.138986e-11 3.282475e-10 9.106417e-08 -1.337967e-14 5.683521e-16 2.942208e-13
4.900000e-03 1.035387e-10 3.702869e-10 9.301413e-08 1.209152e-14 7.045432e-15 3.267970e-13
5.000000e-03 2.497170e-10 4.402571e-10 9.493739e-08 2.449823e-14 1.172641e-14 3.223227e-13
5.100000e-03 3.226275e-10 4.597007e-10 9.686372e-08 1.221917e-14 3.258587e-15 3.228361e-13
5.200000e-03 3.095933e-10 5.475834e-10 9.877398e-08 -2.184417e-15 1.472838e-14 3.201419e-13
5.300000e-03 3.066349e-10 5.597829e-10 1.005696e-07 -4.957933e-16 2.044538e-15 3.009259e-13
5.400000e-03 2.760110e-10 4.846318e-10 1.024110e-07 -5.132305e-15 -1.259468e-14 3.086095e-13
5.500000e-03 3.223843e-10 4.459706e-10 1.043314e-07 7.771755e-15 -6.479288e-15 3.218409e-13
5.600000e-03 2.976834e-10 3.790766e-10 1.062764e-07 -4.139645e-15 -1.121086e-14 3.259720e-13
5.700000e-03 2.623993e-10 3.129219e-10 1.080563e-07 -5.913311e-15 -1.108695e-14 2.982937e-13
5.800000e-03 1.917573e-10 3.105451e-10 1.100631e-07 -1.183900e-14 -3.983324e-16 3.363102e-13
5.900000e-03 2.857273e-10 3.372459e-10 1.120689e-07 1.574857e-14 4.474814e-15 3.361689e-13
6.000000e-03 3.342067e-10 3.863914e-10 1.139764e-07 8.124722e-15 8.236373e-15 3.196789e-13
6.100000e-03 3.104962e-10 4.281130e-10 1.157982e-07 -3.973674e-15 6.992169e-15 3.053141e-13
6.200000e-03 3.843511e-10 5.112135e-10 1.177857e-07 1.237745e-14 1.392694e-14 3.330904e-13
6.300000e-03 4.751802e-10 5.263650e-10 1.196633e-07 1.522218e-14 2.539269e-15 3.146596e-13
6.400000e-03 4.466335e-10 4.130458e-10 1.216285e-07 -4.784185e-15 -1.899133e-14 3.293592e-13
6.500000e-03 5.023490e-10 3.655177e-10 1.234228e-07 9.337438e-15 -7.965307e-15 3.007150e-13
6.600000e-03 5.286177e-10 3.693196e-10 1.252572e-07 4.402414e-15 6.371744e-16 3.074281e-13
6.700000e-03 6.083283e-10 4.234028e-10 1.271482e-07 1.335880e-14 9.063876e-15 3.169147e-13
6.800000e-03 6.813550e-10 4.060540e-10 1.291153e-07 1.223864e-14 -2.907499e-15 3.296572e-13
6.900000e-03 5.931758e-10 3.875171e-10 1.309886e-07 -1.477807e-14 -3.106630e-15 3.139609e-13
7.000000e-03 5.277589e-10 4.419347e-10 1.328493e-07 -1.096331e-14 9.119927e-15 3.118353e-13
7.100000e-03 6.137554e-10 6.214902e-10 1.347217e-07 1.441228e-14 3.009194e-14 3.138005e-13
7.200000e-03 7.226532e-10 6.870036e-10 1.366162e-07 1.825033e-14 1.097949e-14 3.174920e-13
7.300000e-03 7.480352e-10 7.619153e-10 1.385212e-07 4.253807e-15 1.255456e-14 3.192713e-13
7.400000e-03 7.440511e-10 8.389285e-10 1.403770e-07 -6.677078e-16 1.290676e-14 3.110165e-13
7.500000e-03 8.486540e-10 7.942353e-10 1.422979e-07 1.753054e-14 -7.490210e-15 3.219222e-13
7.600000e-03 8.781636e-10 7.883643e-10 1.441479e-07 4.945564e-15 -9.839297e-16 3.100419e-13
7.700000e-03 8.725594e-10 8.455691e-10 1.461320e-07 -9.392110e-16 9.587039e-15 3.325189e-13
7.800000e-03 8.579943e-10 8.225022e-10 1.479456e-07 -2.440995e-15 -3.865821e-15 3.039483e-13
7.900000e-03 8.760835e-10 7.817399e-10 1.497520e-07 3.031594e-15 -6.831409e-15 3.027358e-13
8.000000e-03 8.611860e-10 8.610267e-10 1.517006e-07 -2.496690e-15 1.328779e-14 3.265685e-13
8.100000e-03 8.432905e-10 8.764723e-10 1.537330e-07 -2.999139e-15 2.588545e-15 3.406062e-13
8.200000e-03 7.941184e-10 8.379626e-10 1.557275e-07 -8.240821e-15 -6.453885e-15 3.342722e-13
8.300000e-03 9.408546e-10 7.443540e-10 1.576773e-07 2.459172e-14 -1.568801e-14 3.267654e-13
8.400000e-03 8.893628e-10 7.017266e-10 1.596890e-07 -8.629574e-15 -7.143973e-15 3.371369e-13
8.500000e-03 1.003340e-09 7.150181e-10 1.617112e-07 1.910155e-14 2.227528e-15 3.388999e-13
8.600000e-03 9.986397e-10 5.944204e-10 1.636731e-07 -7.876805e-16 -2.021114e-14 3.288028e-13
8.700000e-03 1.018580e-09 7.054318e-10 1.654928e-07 3.341860e-15 1.860456e-14 3.049750e-13
8.800000e-03 1.226101e-09 6.850358e-10 1.672177e-07 3.477871e-14 -3.418181e-15 2.890742e-13
8.900000e-03 1.161581e-09 6.740536e-10 1.692060e-07 -1.081293e-14 -1.840536e-15 3.332125e-13
9.000000e-03 1.010890e-09 5.343189e-10 1.711691e-07 -2.525466e-14 -2.341833e-14 3.290049e-13
9.100000e-03 1.099119e-09 5.259677e-10 1.730826e-07 1.478650e-14 -1.399587e-15 3.206927e-13
9.200000e-03 1.147619e-09 5.485239e-10 1.749470e-07 8.128187e-15 3.780224e-15 3.124492e-13
9.300000e-03 1.257270e-09 5.314745e-10 1.768289e-07 1.837648e-14 -2.857327e-15 3.153896e-13
9.400000e-03 1.265298e-09 5.595395e-10 1.786655e-07 1.345435e-15 4.703447e-15 3.078003e-13
9.500000e-03 1.293982e-09 4.623734e-10 1.805544e-07 4.807197e-15 -1.628420e-14 3.165616e-13
9.600000e-03 1.255827e-09 3.497028e-10 1.824938e-07 -6.394373e-15 -1.888261e-14 3.250228e-13
9.700000e-03 1.230683e-09 4.485249e-10 1.843099e-07 -4.213876e-15 1.656172e-14 3.043765e-13
9.800000e-03 1.217280e-09 4.157424e-10 1.862983e-07 -2.246264e-15 -5.494058e-15 3.332278e-13
9.900000e-03 1.149871e-09 4.412229e-10 1.881566e-07 -1.129715e-14 4.270312e-15 3.114427e-13
1.000000e-02 1.155918e-09 4.311953e-10 1.899514e-07 1.013331e-15 -1.680542e-15 3.007819e-13
1.010000e-02 1.209108e-09 5.625144e-10 1.919472e-07 8.914262e-15 2.200796e-14 3.344829e-13
