-5.756061e-27 -2.471398e-26 -7.584234e-26 -1.751846e-25 -3.389244e-25 -6.310079e-25 -1.113409e-24 -1.297740e-24 8.157553e-25 8.452625e-24 2.277449e-23 3.901384e-23 4.809424e-23 4.439757e-23 3.109731e-23 1.651952e-23 6.587695e-24 1.934183e-24 4.062166e-25 5.895286e-26 5.868566e-27
-5.426734e-26 -2.213114e-25 -6.467469e-25 -1.412655e-24 -2.464864e-24 -3.830009e-24 -5.697298e-24 -6.734514e-24 -5.727383e-25 2.387354e-23 7.168500e-23 1.282282e-22 1.629946e-22 1.549620e-22 1.121611e-22 6.195701e-23 2.591761e-23 8.072402e-24 1.822512e-24 2.873982e-25 3.052772e-26
-3.569313e-25 -1.382730e-24 -3.877149e-24 -8.127439e-24 -1.325858e-23 -1.806754e-23 -2.261642e-23 -2.495085e-23 -1.072433e-23 4.920386e-23 1.724249e-22 3.259014e-22 4.299063e-22 4.224628e-22 3.164743e-22 1.817490e-22 7.960873e-23 2.621813e-23 6.337958e-24 1.085239e-24 1.257606e-25
-1.689620e-24 -6.287059e-24 -1.709339e-23 -3.484394e-23 -5.456513e-23 -6.828128e-23 -7.364449e-23 -7.178910e-23 -4.213454e-23 7.392512e-23 3.245648e-22 6.565005e-22 9.051426e-22 9.237702e-22 7.185293e-22 4.299480e-22 1.975040e-22 6.887215e-23 1.785781e-23 3.333455e-24 4.276646e-25
-5.969441e-24 -2.157584e-23 -5.741155e-23 -1.149691e-22 -1.759866e-22 -2.097295e-22 -2.030873e-22 -1.713358e-22 -1.072119e-22 7.692852e-23 4.862941e-22 1.068412e-21 1.553145e-21 1.657067e-21 1.345576e-21 8.431598e-22 4.083640e-22 1.517095e-22 4.251164e-23 8.737549e-24 1.261892e-24
-1.621605e-23 -5.749530e-23 -1.509264e-22 -2.992815e-22 -4.533617e-22 -5.279216e-22 -4.794482e-22 -3.559585e-22 -2.111475e-22 4.127522e-23 5.862160e-22 1.426332e-21 2.211838e-21 2.490157e-21 2.128698e-21 1.408474e-21 7.256217e-22 2.899789e-22 8.871939e-23 2.028489e-23 3.333900e-24
-3.465964e-23 -1.216100e-22 -3.171602e-22 -6.269268e-22 -9.481958e-22 -1.097626e-21 -9.689297e-22 -6.599069e-22 -3.528994e-22 -2.992221e-23 5.716160e-22 1.583603e-21 2.662635e-21 3.204988e-21 2.917811e-21 2.060917e-21 1.141192e-21 4.950977e-22 1.664575e-22 4.241025e-23 7.894808e-24
-5.932090e-23 -2.076797e-22 -5.418165e-22 -1.074354e-21 -1.634278e-21 -1.903698e-21 -1.676275e-21 -1.097645e-21 -5.328818e-22 -1.158532e-22 4.516987e-22 1.485840e-21 2.769124e-21 3.623630e-21 3.560277e-21 2.712886e-21 1.626440e-21 7.681441e-22 2.828354e-22 7.942532e-23 1.642777e-23
-8.239334e-23 -2.902549e-22 -7.630793e-22 -1.528315e-21 -2.355740e-21 -2.789961e-21 -2.498199e-21 -1.638371e-21 -7.568804e-22 -1.993961e-22 2.903565e-22 1.207749e-21 2.558009e-21 3.700032e-21 3.964125e-21 3.274416e-21 2.123373e-21 1.083827e-21 4.311616e-22 1.308868e-22 2.934810e-23
-9.382237e-23 -3.357289e-22 -8.971908e-22 -1.830591e-21 -2.885482e-21 -3.513514e-21 -3.254205e-21 -2.210549e-21 -1.035048e-21 -2.887725e-22 1.530378e-22 8.874134e-22 2.167909e-21 3.492936e-21 4.084585e-21 3.638999e-21 2.525995e-21 1.372763e-21 5.792531e-22 1.861737e-22 4.423924e-23
-8.831193e-23 -3.246846e-22 -8.918417e-22 -1.874985e-21 -3.059309e-21 -3.883129e-21 -3.785872e-21 -2.740151e-21 -1.378178e-21 -4.193602e-22 5.848053e-23 6.273460e-22 1.733171e-21 3.076122e-21 3.881963e-21 3.679868e-21 2.691706e-21 1.531150e-21 6.733181e-22 2.250613e-22 5.564765e-23
-6.924433e-23 -2.654176e-22 -7.603505e-22 -1.671952e-21 -2.867926e-21 -3.855744e-21 -4.025077e-21 -3.170204e-21 -1.776771e-21 -6.254233e-22 -2.221246e-23 4.513774e-22 1.322516e-21 2.503279e-21 3.341437e-21 3.314495e-21 2.515421e-21 1.475663e-21 6.666995e-22 2.285499e-22 5.797014e-23
-4.564915e-23 -1.858771e-22 -5.656220e-22 -1.324223e-21 -2.427921e-21 -3.507978e-21 -3.966988e-21 -3.429892e-21 -2.160226e-21 -8.924355e-22 -1.238943e-22 3.307952e-22 9.586195e-22 1.845109e-21 2.543648e-21 2.599268e-21 2.020906e-21 1.208878e-21 5.551278e-22 1.930879e-22 4.967460e-23
-2.564368e-23 -1.134508e-22 -3.741731e-22 -9.486262e-22 -1.882758e-21 -2.945233e-21 -3.613655e-21 -3.413296e-21 -2.386505e-21 -1.132752e-21 -2.451375e-22 2.304536e-22 6.533488e-22 1.210027e-21 1.676744e-21 1.739928e-21 1.372137e-21 8.298446e-22 3.841526e-22 1.344112e-22 3.473761e-23
-1.251215e-23 -6.151798e-23 -2.235927e-22 -6.201512e-22 -1.337284e-21 -2.259631e-21 -2.985029e-21 -3.040658e-21 -2.314903e-21 -1.226648e-21 -3.435513e-22 1.351769e-22 4.141715e-22 7.002806e-22 9.430733e-22 9.781854e-22 7.754526e-22 4.708564e-22 2.182422e-22 7.623975e-23 1.961939e-23
-5.419038e-24 -3.005172e-23 -1.211703e-22 -3.675523e-22 -8.563757e-22 -1.548839e-21 -2.177437e-21 -2.358546e-21 -1.921123e-21 -1.109887e-21 -3.711477e-22 5.213512e-23 2.390999e-22 3.578438e-22 4.489345e-22 4.556676e-22 3.593940e-22 2.176151e-22 1.003530e-22 3.474953e-23 8.825274e-24
-2.109753e-24 -1.320057e-23 -5.875350e-23 -1.932904e-22 -4.817742e-22 -9.229027e-22 -1.366043e-21 -1.555519e-21 -1.337744e-21 -8.283210e-22 -3.164368e-22 -3.057977e-24 1.205038e-22 1.614566e-22 1.803963e-22 1.738011e-22 1.344416e-22 8.053229e-23 3.670204e-23 1.250197e-23 3.103516e-24
-7.301098e-25 -5.094988e-24 -2.476825e-23 -8.750081e-23 -2.312194e-22 -4.653346e-22 -7.195823e-22 -8.544508e-22 -7.685669e-22 -5.037767e-22 -2.137371e-22 -2.444959e-23 4.970880e-23 6.339257e-23 6.112090e-23 5.367624e-23 3.985712e-23 2.336728e-23 1.044235e-23 3.469153e-24 8.326711e-25
-2.162609e-25 -1.661185e-24 -8.747851e-24 -3.297851e-23 -9.191259e-23 -1.934356e-22 -3.110492e-22 -3.830996e-22 -3.579732e-22 -2.460310e-22 -1.135452e-22 -2.202520e-23 1.533249e-23 2.085186e-23 1.732462e-23 1.326009e-23 9.159224e-24 5.176053e-24 2.246162e-24 7.205602e-25 1.652218e-25
-5.209899e-26 -4.366545e-25 -2.486237e-24 -9.995337e-24 -2.935985e-23 -6.453401e-23 -1.076799e-22 -1.370931e-22 -1.323828e-22 -9.462892e-23 -4.669272e-23 -1.195775e-23 2.988786e-24 5.419678e-24 4.005142e-24 2.575007e-24 1.585471e-24 8.450956e-25 3.519547e-25 1.078762e-25 2.339863e-26
-9.768170e-27 -8.821615e-26 -5.447794e-25 -2.346434e-24 -7.288801e-24 -1.676170e-23 -2.901997e-23 -3.811626e-23 -3.787364e-23 -2.794414e-23 -1.451250e-23 -4.408185e-24 1.492504e-25 1.033479e-24 7.182348e-25 3.810119e-25 1.986635e-25 9.708272e-26 3.839097e-26 1.119829e-26 2.325904e-27
