1.512831e-26 8.625148e-26 3.207359e-25 6.900610e-25 2.479602e-25 -3.857278e-24 -1.543727e-23 -3.479152e-23 -5.432440e-23 -6.118705e-23 -4.744203e-23 -1.838813e-23 1.031793e-23 2.501438e-23 2.385056e-23 1.485385e-23 6.533242e-24 2.049316e-24 4.508573e-25 6.744776e-26 6.736999e-27
1.110943e-25 5.964430e-25 2.117187e-24 4.620745e-24 3.657307e-24 -1.330590e-23 -6.073994e-23 -1.348155e-22 -1.988364e-22 -2.023593e-22 -1.259464e-22 -5.184656e-24 9.510881e-23 1.317462e-22 1.097458e-22 6.484398e-23 2.812693e-23 8.940491e-24 2.041831e-24 3.242495e-25 3.448374e-26
5.442852e-25 2.823083e-24 9.834185e-24 2.209703e-23 2.460749e-23 -2.432202e-23 -1.687294e-22 -3.871100e-22 -5.540120e-22 -5.171725e-22 -2.430653e-22 1.298013e-22 4.000657e-22 4.616044e-22 3.571611e-22 2.031846e-22 8.664079e-23 2.751639e-23 6.377079e-24 1.045830e-24 1.171092e-25
1.819491e-24 9.457980e-24 3.317294e-23 7.744657e-23 1.049280e-22 7.412624e-24 -3.264232e-22 -8.343180e-22 -1.194620e-21 -1.042890e-21 -3.387229e-22 5.389951e-22 1.106461e-21 1.158771e-21 8.480576e-22 4.628424e-22 1.905740e-22 5.856608e-23 1.310842e-23 2.065612e-24 2.221130e-25
4.143088e-24 2.275972e-23 8.278593e-23 2.030028e-22 3.143726e-22 1.936138e-22 -3.970156e-22 -1.342343e-21 -2.004166e-21 -1.676799e-21 -3.248722e-22 1.271885e-21 2.197289e-21 2.142088e-21 1.474466e-21 7.515281e-22 2.829930e-22 7.594307e-23 1.329501e-23 1.154093e-24 -3.831477e-26
5.905496e-24 3.855831e-23 1.525878e-22 4.003943e-22 6.898255e-22 6.518114e-22 -1.416942e-22 -1.558116e-21 -2.601181e-21 -2.153180e-21 -1.797076e-22 2.072177e-21 3.219218e-21 2.907403e-21 1.811827e-21 7.850647e-22 2.108125e-22 1.353893e-23 -1.559391e-23 -7.585808e-24 -1.800178e-24
2.596063e-24 4.045627e-23 1.981240e-22 5.811233e-22 1.111020e-21 1.302863e-21 5.184207e-22 -1.183493e-21 -2.574310e-21 -2.204545e-21 -1.036107e-23 2.433083e-21 3.452150e-21 2.764578e-21 1.349725e-21 2.549159e-22 -1.834006e-22 -1.973055e-22 -9.883310e-23 -3.171832e-23 -6.803756e-24
-1.101308e-23 5.094206e-24 1.428763e-22 5.586058e-22 1.238988e-21 1.696465e-21 1.170830e-21 -4.360001e-22 -1.943193e-21 -1.833025e-21 1.286779e-23 2.017517e-21 2.561159e-21 1.530468e-21 6.522912e-23 -7.894179e-22 -8.549071e-22 -5.384771e-22 -2.342449e-22 -7.280921e-23 -1.602716e-23
-3.526649e-23 -7.750357e-23 -6.570078e-23 1.652826e-22 6.976362e-22 1.205823e-21 1.020418e-21 -9.481310e-23 -1.305853e-21 -1.392308e-21 -2.085184e-22 1.019159e-21 1.058486e-21 -5.208681e-23 -1.274491e-21 -1.752655e-21 -1.451767e-21 -8.522134e-22 -3.694232e-22 -1.185985e-22 -2.768106e-23
-6.189542e-23 -1.844933e-22 -3.856428e-22 -5.583283e-22 -5.403722e-22 -3.623595e-22 -3.563875e-22 -7.682574e-22 -1.282562e-21 -1.278478e-21 -6.495979e-22 -4.361349e-23 -1.344927e-22 -8.841938e-22 -1.654310e-21 -1.883169e-21 -1.525116e-21 -9.237557e-22 -4.233962e-22 -1.456653e-22 -3.677905e-23
-7.790384e-23 -2.663807e-22 -6.748415e-22 -1.299210e-21 -1.944177e-21 -2.323667e-21 -2.314973e-21 -2.057575e-21 -1.763459e-21 -1.505178e-21 -1.228308e-21 -9.094361e-22 -6.544758e-22 -6.171949e-22 -7.966690e-22 -9.741164e-22 -9.279952e-22 -6.606634e-22 -3.488297e-22 -1.354200e-22 -3.796235e-23
-7.516444e-23 -2.812557e-22 -7.836463e-22 -1.664851e-21 -2.735488e-21 -3.496509e-21 -3.480889e-21 -2.748428e-21 -1.946700e-21 -1.691696e-21 -1.871672e-21 -1.774980e-21 -1.000960e-21 7.206239e-24 5.243269e-22 3.854518e-22 1.220050e-23 -1.915696e-22 -1.776277e-22 -9.044558e-23 -2.986031e-23
-5.661310e-23 -2.269582e-22 -6.703490e-22 -1.490181e-21 -2.513374e-21 -3.195024e-21 -2.991745e-21 -2.031525e-21 -1.256580e-21 -1.521918e-21 -2.493484e-21 -2.845594e-21 -1.775609e-21 3.561659e-23 1.255396e-21 1.333183e-21 7.603263e-22 2.308248e-22 4.098328e-25 -3.408697e-23 -1.666279e-23
-3.302555e-23 -1.396890e-22 -4.262368e-22 -9.548555e-22 -1.564876e-21 -1.806885e-21 -1.301778e-21 -3.580138e-22 -2.760028e-23 -1.096481e-21 -2.943347e-21 -3.869051e-21 -2.857286e-21 -6.788296e-22 1.035393e-21 1.462140e-21 1.003320e-21 4.273381e-22 1.069997e-22 7.552757e-24 -4.891349e-24
-1.435529e-23 -6.269676e-23 -1.901244e-22 -4.004947e-22 -5.500501e-22 -3.462437e-22 3.470859e-22 1.077146e-21 8.893588e-22 -7.476241e-22 -3.039398e-21 -4.293950e-21 -3.537649e-21 -1.481045e-21 3.259491e-22 1.010311e-21 8.160213e-22 3.967897e-22 1.250939e-22 2.361287e-23 1.476974e-24
-4.143011e-24 -1.749734e-23 -4.548618e-23 -5.713929e-23 5.995213e-23 4.557971e-22 1.094482e-21 1.520364e-21 1.031307e-21 -6.252401e-22 -2.693605e-21 -3.835445e-21 -3.330118e-21 -1.734042e-21 -2.341703e-22 4.641184e-22 4.774522e-22 2.574051e-22 9.003850e-23 2.068053e-23 2.835132e-24
-4.190151e-25 -4.305300e-25 8.298341e-24 6.011392e-23 2.267041e-22 5.659100e-22 9.847058e-22 1.145724e-21 6.374165e-22 -5.996612e-22 -2.009739e-21 -2.751615e-21 -2.419342e-21 -1.387574e-21 -3.939146e-22 1.206662e-22 2.072695e-22 1.245710e-22 4.649098e-23 1.157213e-23 1.881243e-24
2.702186e-25 2.351746e-24 1.381541e-23 5.653390e-23 1.662820e-22 3.571099e-22 5.528492e-22 5.639506e-22 2.033069e-22 -5.046321e-22 -1.238407e-21 -1.581848e-21 -1.369210e-21 -8.153017e-22 -2.898636e-22 -4.760507e-24 6.594558e-23 4.546638e-23 1.776074e-23 4.565606e-24 7.818418e-25
1.666595e-25 1.307806e-24 7.055144e-24 2.695650e-23 7.450510e-23 1.495706e-22 2.111317e-22 1.776131e-22 -1.409818e-23 -3.279641e-22 -6.172778e-22 -7.231424e-22 -6.031031e-22 -3.595972e-22 -1.397874e-22 -1.996961e-23 1.466554e-23 1.237657e-23 4.996331e-24 1.285202e-24 2.193170e-25
4.949279e-26 4.045476e-25 2.219157e-24 8.448684e-24 2.276807e-23 4.313862e-23 5.337806e-23 2.667200e-23 -5.132708e-23 -1.586957e-22 -2.429741e-22 -2.589647e-22 -2.044634e-22 -1.188020e-22 -4.731684e-23 -9.484020e-24 2.048465e-24 2.456170e-24 1.011909e-24 2.532120e-25 4.147927e-26
9.294408e-27 8.111527e-26 4.666766e-25 1.807477e-24 4.767749e-24 8.265846e-24 7.504410e-24 -4.161778e-24 -2.828150e-23 -5.616351e-23 -7.336803e-23 -7.094023e-23 -5.219757e-23 -2.884068e-23 -1.125529e-23 -2.504141e-24 1.315505e-25 3.459598e-25 1.424603e-25 3.368757e-26 5.215202e-27
