0.000000e+00 0.000000e+00 -1.000000e+00 3.298123e-15 3.192798e-15 1.802232e-13
0.000000e+00 0.000000e+00 -9.500000e-01 3.635887e-15 3.663518e-15 1.859877e-13
0.000000e+00 0.000000e+00 -9.000000e-01 4.011392e-15 4.177850e-15 1.906110e-13
0.000000e+00 0.000000e+00 -8.500000e-01 4.419937e-15 4.672768e-15 1.942104e-13
0.000000e+00 0.000000e+00 -8.000000e-01 4.859111e-15 5.084810e-15 1.970969e-13
0.000000e+00 0.000000e+00 -7.500000e-01 5.324593e-15 5.368829e-15 1.996566e-13
0.000000e+00 0.000000e+00 -7.000000e-01 5.804209e-15 5.507232e-15 2.022165e-13
0.000000e+00 0.000000e+00 -6.500000e-01 6.275402e-15 5.507327e-15 2.049707e-13
0.000000e+00 0.000000e+00 -6.000000e-01 6.707965e-15 5.392211e-15 2.079944e-13
0.000000e+00 0.000000e+00 -5.500000e-01 7.070791e-15 5.193494e-15 2.112974e-13
0.000000e+00 0.000000e+00 -5.000000e-01 7.338065e-15 4.945944e-15 2.148717e-13
0.000000e+00 0.000000e+00 -4.500000e-01 7.493743e-15 4.683829e-15 2.186958e-13
0.000000e+00 0.000000e+00 -4.000000e-01 7.533612e-15 4.436987e-15 2.227099e-13
0.000000e+00 0.000000e+00 -3.500000e-01 7.464056e-15 4.225655e-15 2.267773e-13
0.000000e+00 0.000000e+00 -3.000000e-01 7.298373e-15 4.054536e-15 2.306403e-13
0.000000e+00 0.000000e+00 -2.500000e-01 7.050829e-15 3.906848e-15 2.339044e-13
0.000000e+00 0.000000e+00 -2.000000e-01 6.734047e-15 3.743538e-15 2.360713e-13
0.000000e+00 0.000000e+00 -1.500000e-01 6.362931e-15 3.512389e-15 2.366439e-13
0.000000e+00 0.000000e+00 -1.000000e-01 5.964010e-15 3.166788e-15 2.352647e-13
0.000000e+00 0.000000e+00 -5.000000e-02 5.580844e-15 2.685023e-15 2.318149e-13
0.000000e+00 0.000000e+00 3.191891e-16 5.266016e-15 2.079489e-15 2.264175e-13
0.000000e+00 0.000000e+00 5.000000e-02 5.059822e-15 1.393038e-15 2.193575e-13
0.000000e+00 0.000000e+00 1.000000e-01 4.968694e-15 6.885383e-16 2.109785e-13
0.000000e+00 0.000000e+00 1.500000e-01 4.958269e-15 3.803044e-17 2.016132e-13
0.000000e+00 0.000000e+00 2.000000e-01 4.965920e-15 -4.881366e-16 1.915622e-13
0.000000e+00 0.000000e+00 2.500000e-01 4.924781e-15 -8.343323e-16 1.811019e-13
0.000000e+00 0.000000e+00 3.000000e-01 4.784659e-15 -9.744581e-16 1.704999e-13
0.000000e+00 0.000000e+00 3.500000e-01 4.523802e-15 -9.206422e-16 1.600228e-13
0.000000e+00 0.000000e+00 4.000000e-01 4.149438e-15 -7.205672e-16 1.499299e-13
0.000000e+00 0.000000e+00 4.500000e-01 3.691364e-15 -4.426677e-16 1.404510e-13
0.000000e+00 0.000000e+00 5.000000e-01 3.191812e-15 -1.558074e-16 1.317568e-13
0.000000e+00 0.000000e+00 5.500000e-01 2.694376e-15 8.821303e-17 1.239336e-13
0.000000e+00 0.000000e+00 6.000000e-01 2.234939e-15 2.621149e-16 1.169850e-13
0.000000e+00 0.000000e+00 6.500000e-01 1.835988e-15 3.629282e-16 1.108459e-13
0.000000e+00 0.000000e+00 7.000000e-01 1.506158e-15 4.032628e-16 1.054176e-13
0.000000e+00 0.000000e+00 7.500000e-01 1.242925e-15 4.028062e-16 1.005914e-13
0.000000e+00 0.000000e+00 8.000000e-01 1.036735e-15 3.814104e-16 9.626502e-14
0.000000e+00 0.000000e+00 8.500000e-01 8.757900e-16 3.547463e-16 9.234536e-14
0.000000e+00 0.000000e+00 9.000000e-01 7.491505e-16 3.326583e-16 8.874637e-14
0.000000e+00 0.000000e+00 9.500000e-01 6.481287e-16 3.191064e-16 8.538845e-14
0.000000e+00 0.000000e+00 1.000000e+00 5.662954e-16 3.132952e-16 8.220260e-14
0.000000e+00 0.000000e+00 1.050000e+00 4.988993e-16 3.115971e-16 7.913642e-14
0.000000e+00 0.000000e+00 1.100000e+00 4.423153e-16 3.096482e-16 7.615768e-14
0.000000e+00 0.000000e+00 1.150000e+00 3.937360e-16 3.039460e-16 7.325313e-14
0.000000e+00 0.000000e+00 1.200000e+00 3.510443e-16 2.926042e-16 7.042368e-14
0.000000e+00 0.000000e+00 1.250000e+00 3.127384e-16 2.753447e-16 6.767812e-14
0.000000e+00 0.000000e+00 1.300000e+00 2.778364e-16 2.530518e-16 6.502773e-14
0.000000e+00 0.000000e+00 1.350000e+00 2.457516e-16 2.272130e-16 6.248258e-14
0.000000e+00 0.000000e+00 1.400000e+00 2.161631e-16 1.994522e-16 6.004969e-14
0.000000e+00 0.000000e+00 1.450000e+00 1.889045e-16 1.712291e-16 5.773254e-14
0.000000e+00 0.000000e+00 1.500000e+00 1.638819e-16 1.436949e-16 5.553138e-14
0.000000e+00 0.000000e+00 1.550000e+00 1.410223e-16 1.176598e-16 5.344394e-14
0.000000e+00 0.000000e+00 1.600000e+00 1.202463e-16 9.362565e-17 5.146614e-14
0.000000e+00 0.000000e+00 1.650000e+00 1.014579e-16 7.184583e-17 4.959281e-14
0.000000e+00 0.000000e+00 1.700000e+00 8.454320e-17 5.239097e-17 4.781816e-14
0.000000e+00 0.000000e+00 1.750000e+00 6.937491e-17 3.520737e-17 4.613623e-14
0.000000e+00 0.000000e+00 1.800000e+00 5.581803e-17 2.016404e-17 4.454109e-14
0.000000e+00 0.000000e+00 1.850000e+00 4.373532e-17 7.087674e-18 4.302706e-14
0.000000e+00 0.000000e+00 1.900000e+00 3.299192e-17 -4.212912e-18 4.158875e-14
0.000000e+00 0.000000e+00 1.950000e+00 2.345867e-17 -1.393069e-17 4.022112e-14
