-5.000000e+00 0.000000e+00 0.000000e+00 6.721522e-26 5.298507e-28 -2.106096e-26
-4.900000e+00 0.000000e+00 0.000000e+00 1.908774e-25 1.532131e-27 -5.869396e-26
-4.800000e+00 0.000000e+00 0.000000e+00 5.158304e-25 4.216877e-27 -1.562822e-25
-4.700000e+00 0.000000e+00 0.000000e+00 1.326364e-24 1.104487e-26 -3.984163e-25
-4.600000e+00 0.000000e+00 0.000000e+00 3.246467e-24 2.753998e-26 -9.757494e-25
-4.500000e+00 0.000000e+00 0.000000e+00 7.575062e-24 6.546136e-26 -2.307194e-24
-4.400000e+00 0.000000e+00 0.000000e+00 1.690341e-23 1.487784e-25 -5.303308e-24
-4.300000e+00 0.000000e+00 0.000000e+00 3.628848e-23 3.251867e-25 -1.195110e-23
-4.200000e+00 0.000000e+00 0.000000e+00 7.570727e-23 6.903247e-25 -2.664731e-23
-4.100000e+00 0.000000e+00 0.000000e+00 1.558388e-22 1.445087e-24 -5.927310e-23
-4.000000e+00 0.000000e+00 0.000000e+00 3.228154e-22 3.043737e-24 -1.322566e-22
-3.900000e+00 0.000000e+00 0.000000e+00 6.868164e-22 6.589908e-24 -2.966205e-22
-3.800000e+00 0.000000e+00 0.000000e+00 1.522479e-21 1.489547e-23 -6.681283e-22
-3.700000e+00 0.000000e+00 0.000000e+00 3.527187e-21 3.528767e-23 -1.508395e-21
-3.600000e+00 0.000000e+00 0.000000e+00 8.481448e-21 8.701528e-23 -3.405963e-21
-3.500000e+00 0.000000e+00 0.000000e+00 2.093330e-20 2.207597e-22 -7.672515e-21
-3.400000e+00 0.000000e+00 0.000000e+00 5.246666e-20 5.697687e-22 -1.716739e-20
-3.300000e+00 0.000000e+00 0.000000e+00 1.323258e-19 1.481765e-21 -3.785395e-20
-3.200000e+00 0.000000e+00 0.000000e+00 3.330398e-19 3.849504e-21 -8.124132e-20
-3.100000e+00 0.000000e+00 0.000000e+00 8.295733e-19 9.906123e-21 -1.667619e-19
-3.000000e+00 0.000000e+00 0.000000e+00 2.028846e-18 2.504633e-20 -3.193737e-19
-2.900000e+00 0.000000e+00 0.000000e+00 4.837005e-18 6.177374e-20 -5.478788e-19
-2.800000e+00 0.000000e+00 0.000000e+00 1.117701e-17 1.477681e-19 -7.680051e-19
-2.700000e+00 0.000000e+00 0.000000e+00 2.492577e-17 3.413968e-19 -5.936296e-19
-2.600000e+00 0.000000e+00 0.000000e+00 5.349462e-17 7.597234e-19 1.147860e-18
-2.500000e+00 0.000000e+00 0.000000e+00 1.102998e-16 1.625899e-18 7.416648e-18
-2.400000e+00 0.000000e+00 0.000000e+00 2.183138e-16 3.344095e-18 2.483416e-17
-2.300000e+00 0.000000e+00 0.000000e+00 4.146969e-16 6.609710e-18 6.688842e-17
-2.200000e+00 0.000000e+00 0.000000e+00 7.561387e-16 1.255906e-17 1.589624e-16
-2.100000e+00 0.000000e+00 0.000000e+00 1.323994e-15 2.295451e-17 3.455597e-16
-2.000000e+00 0.000000e+00 0.000000e+00 2.227623e-15 4.038814e-17 6.997487e-16
-1.900000e+00 0.000000e+00 0.000000e+00 3.603816e-15 6.846898e-17 1.334223e-15
-1.800000e+00 0.000000e+00 0.000000e+00 5.609918e-15 1.119410e-16 2.412496e-15
-1.700000e+00 0.000000e+00 0.000000e+00 8.408716e-15 1.766657e-16 4.157770e-15
-1.600000e+00 0.000000e+00 0.000000e+00 1.214436e-14 2.694010e-16 6.856208e-15
-1.500000e+00 0.000000e+00 0.000000e+00 1.691066e-14 3.973276e-16 1.085100e-14
-1.400000e+00 0.000000e+00 0.000000e+00 2.271551e-14 5.673110e-16 1.652408e-14
-1.300000e+00 0.000000e+00 0.000000e+00 2.944764e-14 7.849483e-16 2.426388e-14
-1.200000e+00 0.000000e+00 0.000000e+00 3.685314e-14 1.053513e-15 3.441979e-14
-1.100000e+00 0.000000e+00 0.000000e+00 4.452904e-14 1.372968e-15 4.724689e-14
-1.000000e+00 0.000000e+00 0.000000e+00 5.193916e-14 1.739245e-15 6.284764e-14
-9.000000e-01 0.000000e+00 0.000000e+00 5.845352e-14 2.143967e-15 8.111907e-14
-8.000000e-01 0.000000e+00 0.000000e+00 6.340816e-14 2.574730e-15 1.017150e-13
-7.000000e-01 0.000000e+00 0.000000e+00 6.617702e-14 3.015912e-15 1.240306e-13
-6.000000e-01 0.000000e+00 0.000000e+00 6.624691e-14 3.449982e-15 1.472182e-13
-5.000000e-01 0.000000e+00 0.000000e+00 6.328229e-14 3.858969e-15 1.702317e-13
-4.000000e-01 0.000000e+00 0.000000e+00 5.717187e-14 4.225916e-15 1.918994e-13
-3.000000e-01 0.000000e+00 0.000000e+00 4.805052e-14 4.536050e-15 2.110189e-13
-2.000000e-01 0.000000e+00 0.000000e+00 3.629494e-14 4.777513e-15 2.264605e-13
-1.000000e-01 0.000000e+00 0.000000e+00 2.249522e-14 4.941654e-15 2.372712e-13
-1.026956e-15 0.000000e+00 0.000000e+00 7.407117e-15 5.022948e-15 2.427638e-13
1.000000e-01 0.000000e+00 0.000000e+00 -8.109384e-15 5.018859e-15 2.425830e-13
2.000000e-01 0.000000e+00 0.000000e+00 -2.315916e-14 4.929581e-15 2.367392e-13
3.000000e-01 0.000000e+00 0.000000e+00 -3.688395e-14 4.758020e-15 2.256091e-13
4.000000e-01 0.000000e+00 0.000000e+00 -4.853168e-14 4.510029e-15 2.098974e-13
5.000000e-01 0.000000e+00 0.000000e+00 -5.751820e-14 4.194528e-15 1.905712e-13
6.000000e-01 0.000000e+00 0.000000e+00 -6.347524e-14 3.823562e-15 1.687682e-13
7.000000e-01 0.000000e+00 0.000000e+00 -6.627853e-14 3.412010e-15 1.456936e-13
8.000000e-01 0.000000e+00 0.000000e+00 -6.605131e-14 2.976848e-15 1.225155e-13
9.000000e-01 0.000000e+00 0.000000e+00 -6.314112e-14 2.535981e-15 1.002715e-13
1.000000e+00 0.000000e+00 0.000000e+00 -5.807161e-14 2.106803e-15 7.979665e-14
1.100000e+00 0.000000e+00 0.000000e+00 -5.147625e-14 1.704724e-15 6.168088e-14
1.200000e+00 0.000000e+00 0.000000e+00 -4.402243e-14 1.341896e-15 4.625470e-14
1.300000e+00 0.000000e+00 0.000000e+00 -3.633919e-14 1.026412e-15 3.360649e-14
1.400000e+00 0.000000e+00 0.000000e+00 -2.895793e-14 7.620517e-16 2.362146e-14
1.500000e+00 0.000000e+00 0.000000e+00 -2.227402e-14 5.485847e-16 1.603544e-14
1.600000e+00 0.000000e+00 0.000000e+00 -1.653243e-14 3.825133e-16 1.049348e-14
1.700000e+00 0.000000e+00 0.000000e+00 -1.183565e-14 2.580752e-16 6.604936e-15
1.800000e+00 0.000000e+00 0.000000e+00 -8.168266e-15 1.683057e-16 3.988421e-15
1.900000e+00 0.000000e+00 0.000000e+00 -5.431054e-15 1.059891e-16 2.303283e-15
2.000000e+00 0.000000e+00 0.000000e+00 -3.476695e-15 6.438610e-17 1.267009e-15
2.100000e+00 0.000000e+00 0.000000e+00 -2.141302e-15 3.769240e-17 6.604053e-16
2.200000e+00 0.000000e+00 0.000000e+00 -1.268001e-15 2.124325e-17 3.237534e-16
2.300000e+00 0.000000e+00 0.000000e+00 -7.214573e-16 1.151581e-17 1.475874e-16
2.400000e+00 0.000000e+00 0.000000e+00 -3.941954e-16 5.999652e-18 6.135343e-17
2.500000e+00 0.000000e+00 0.000000e+00 -2.067535e-16 3.002270e-18 2.235760e-17
2.600000e+00 0.000000e+00 0.000000e+00 -1.040847e-16 1.442585e-18 6.424059e-18
2.700000e+00 0.000000e+00 0.000000e+00 -5.030951e-17 6.657216e-19 8.118665e-19
2.800000e+00 0.000000e+00 0.000000e+00 -2.336955e-17 2.953357e-19 -6.726195e-19
2.900000e+00 0.000000e+00 0.000000e+00 -1.045146e-17 1.262046e-19 -7.642316e-19
3.000000e+00 0.000000e+00 0.000000e+00 -4.513585e-18 5.212258e-20 -5.275260e-19
3.100000e+00 0.000000e+00 0.000000e+00 -1.890529e-18 2.090864e-20 -3.024014e-19
3.200000e+00 0.000000e+00 0.000000e+00 -7.725047e-19 8.200454e-21 -1.562410e-19
3.300000e+00 0.000000e+00 0.000000e+00 -3.101499e-19 3.169319e-21 -7.558224e-20
3.400000e+00 0.000000e+00 0.000000e+00 -1.233170e-19 1.217083e-21 -3.505851e-20
3.500000e+00 0.000000e+00 0.000000e+00 -4.895358e-20 4.682014e-22 -1.585794e-20
3.600000e+00 0.000000e+00 0.000000e+00 -1.956416e-20 1.819054e-22 -7.077759e-21
3.700000e+00 0.000000e+00 0.000000e+00 -7.944429e-21 7.205868e-23 -3.139813e-21
3.800000e+00 0.000000e+00 0.000000e+00 -3.313617e-21 2.945152e-23 -1.389879e-21
3.900000e+00 0.000000e+00 0.000000e+00 -1.435366e-21 1.256992e-23 -6.153599e-22
4.000000e+00 0.000000e+00 0.000000e+00 -6.497739e-22 5.634025e-24 -2.730856e-22
4.100000e+00 0.000000e+00 0.000000e+00 -3.061599e-22 2.633687e-24 -1.217307e-22
4.200000e+00 0.000000e+00 0.000000e+00 -1.479199e-22 1.260438e-24 -5.454505e-23
4.300000e+00 0.000000e+00 0.000000e+00 -7.179940e-23 6.037240e-25 -2.451262e-23
4.400000e+00 0.000000e+00 0.000000e+00 -3.434273e-23 2.837553e-25 -1.098426e-23
4.500000e+00 0.000000e+00 0.000000e+00 -1.595104e-23 1.290556e-25 -4.866595e-24
4.600000e+00 0.000000e+00 0.000000e+00 -7.125033e-24 5.631301e-26 -2.112216e-24
4.700000e+00 0.000000e+00 0.000000e+00 -3.043309e-24 2.346328e-26 -8.905567e-25
4.800000e+00 0.000000e+00 0.000000e+00 -1.239204e-24 9.313842e-27 -3.623165e-25
4.900000e+00 0.000000e+00 0.000000e+00 -4.803680e-25 3.519381e-27 -1.415530e-25
5.000000e+00 0.000000e+00 0.000000e+00 -1.771991e-25 1.265862e-27 -5.293667e-26
