1.065156e-26 9.990935e-26 6.338714e-25 2.515131e-24 6.351141e-24 8.856060e-24 -1.332197e-24 -3.857525e-23 -1.015677e-22 -1.617692e-22 -1.831903e-22 -1.561042e-22 -1.030612e-22 -5.365178e-23 -2.222297e-23 -7.314536e-24 -1.883643e-24 -3.660184e-25 -5.005520e-26 -4.286188e-27 -2.459173e-28
7.139802e-26 6.821505e-25 3.990974e-24 1.548981e-23 4.106213e-23 7.012661e-23 5.288853e-23 -8.210168e-23 -3.451078e-22 -6.243888e-22 -7.591516e-22 -6.855309e-22 -4.800094e-22 -2.666530e-22 -1.186436e-22 -4.209090e-23 -1.167276e-23 -2.440721e-24 -3.631219e-25 -3.481919e-26 -1.836494e-27
3.717376e-25 3.232907e-24 1.787314e-23 6.850787e-23 1.857241e-22 3.440004e-22 3.719369e-22 2.148116e-24 -8.439077e-22 -1.825727e-21 -2.395080e-21 -2.280883e-21 -1.677531e-21 -9.813079e-22 -4.618276e-22 -1.739988e-22 -5.138831e-23 -1.147792e-23 -1.839813e-24 -1.948742e-25 -1.170072e-26
1.389713e-24 1.117989e-23 5.965081e-23 2.264313e-22 6.189866e-22 1.190577e-21 1.473719e-21 6.969230e-22 -1.445906e-21 -4.133092e-21 -5.901390e-21 -5.912150e-21 -4.537069e-21 -2.768093e-21 -1.361670e-21 -5.377785e-22 -1.669902e-22 -3.935997e-23 -6.702768e-24 -7.666582e-25 -5.163655e-26
3.847310e-24 2.935454e-23 1.528880e-22 5.748289e-22 1.573294e-21 3.085276e-21 4.091208e-21 2.837207e-21 -1.507135e-21 -7.349440e-21 -1.157234e-20 -1.218338e-20 -9.708180e-21 -6.132858e-21 -3.124545e-21 -1.279911e-21 -4.131053e-22 -1.015093e-22 -1.810770e-23 -2.191554e-24 -1.602111e-25
8.152516e-24 6.000329e-23 3.066981e-22 1.141783e-21 3.118696e-21 6.182967e-21 8.542216e-21 7.006488e-21 -1.280202e-22 -1.035630e-20 -1.830591e-20 -2.024135e-20 -1.667770e-20 -1.084303e-20 -5.678440e-21 -2.391463e-21 -7.944370e-22 -2.012895e-22 -3.712941e-23 -4.671344e-24 -3.598525e-25
1.348256e-23 9.665665e-23 4.858660e-22 1.790546e-21 4.874325e-21 9.728342e-21 1.380479e-20 1.243239e-20 2.886839e-21 -1.161363e-20 -2.353800e-20 -2.729473e-20 -2.315092e-20 -1.540085e-20 -8.233585e-21 -3.537293e-21 -1.198931e-21 -3.101817e-22 -5.848284e-23 -7.531170e-24 -5.958887e-25
1.741679e-23 1.221623e-22 6.039515e-22 2.202277e-21 5.970956e-21 1.196580e-20 1.728512e-20 1.646929e-20 6.123462e-21 -1.038621e-20 -2.454047e-20 -2.969876e-20 -2.577203e-20 -1.742311e-20 -9.438620e-21 -4.103689e-21 -1.407057e-21 -3.682405e-22 -7.020683e-23 -9.125766e-24 -7.248164e-25
1.696867e-23 1.163107e-22 5.638169e-22 2.030355e-21 5.475734e-21 1.099032e-20 1.604131e-20 1.576491e-20 7.008717e-21 -7.443066e-21 -2.013043e-20 -2.507238e-20 -2.201135e-20 -1.495807e-20 -8.120098e-21 -3.532845e-21 -1.211623e-21 -3.170622e-22 -6.035908e-23 -7.797507e-24 -6.060368e-25
1.062322e-23 6.964558e-23 3.243927e-22 1.139027e-21 3.034476e-21 6.062707e-21 8.833811e-21 8.650645e-21 3.755235e-21 -4.268810e-21 -1.119505e-20 -1.368992e-20 -1.174465e-20 -7.749131e-21 -4.063020e-21 -1.702913e-21 -5.623516e-22 -1.416024e-22 -2.582618e-23 -3.148377e-24 -2.173325e-25
-1.746972e-25 -7.243887e-24 -5.917229e-23 -2.639685e-22 -7.804857e-22 -1.658732e-21 -2.638939e-21 -3.187151e-21 -2.843252e-21 -1.568323e-21 2.078896e-22 1.805340e-21 2.631764e-21 2.512739e-21 1.774545e-21 9.495779e-22 3.834589e-22 1.146473e-22 2.454084e-23 3.565530e-24 3.257644e-25
-1.141880e-23 -8.695552e-23 -4.545327e-22 -1.703751e-21 -4.684805e-21 -9.549211e-21 -1.435396e-20 -1.526990e-20 -9.575141e-21 1.188697e-21 1.183212e-20 1.757674e-20 1.723047e-20 1.290024e-20 7.660166e-21 3.611420e-21 1.327426e-21 3.687004e-22 7.404055e-23 1.008023e-23 8.412589e-25
-1.874787e-23 -1.396561e-22 -7.186738e-22 -2.671214e-21 -7.309453e-21 -1.481954e-20 -2.203805e-20 -2.282574e-20 -1.297839e-20 4.657477e-21 2.140381e-20 2.964970e-20 2.799274e-20 2.034510e-20 1.177538e-20 5.429959e-21 1.957962e-21 5.345841e-22 1.056153e-22 1.414331e-23 1.158054e-24
-1.996413e-23 -1.495099e-22 -7.727517e-22 -2.880694e-21 -7.886420e-21 -1.593025e-20 -2.341832e-20 -2.351459e-20 -1.174048e-20 8.326800e-21 2.669505e-20 3.497532e-20 3.207591e-20 2.281185e-20 1.296144e-20 5.879757e-21 2.088770e-21 5.623613e-22 1.096259e-22 1.450445e-23 1.177841e-24
-1.606459e-23 -1.222835e-22 -6.401505e-22 -2.406493e-21 -6.610245e-21 -1.330763e-20 -1.927731e-20 -1.853298e-20 -7.371626e-21 1.064264e-20 2.642850e-20 3.274810e-20 2.913008e-20 2.024283e-20 1.127395e-20 5.021634e-21 1.753286e-21 4.641272e-22 8.899227e-23 1.159672e-23 9.308244e-25
-1.010913e-23 -7.884175e-23 -4.205202e-22 -1.600875e-21 -4.422844e-21 -8.874382e-21 -1.260933e-20 -1.137469e-20 -2.725307e-21 1.043394e-20 2.136747e-20 2.503813e-20 2.153950e-20 1.457411e-20 7.924654e-21 3.450606e-21 1.178253e-21 3.049898e-22 5.715909e-23 7.277816e-24 5.696139e-25
-4.981152e-24 -4.010433e-23 -2.191474e-22 -8.481734e-22 -2.362241e-21 -4.721256e-21 -6.531950e-21 -5.332736e-21 1.652394e-22 8.019119e-21 1.413064e-20 1.566590e-20 1.299088e-20 8.519494e-21 4.498446e-21 1.903238e-21 6.313466e-22 1.586151e-22 2.880076e-23 3.539157e-24 2.639596e-25
-1.898377e-24 -1.588604e-23 -8.945317e-23 -3.533391e-22 -9.937552e-22 -1.973972e-21 -2.624036e-21 -1.792345e-21 1.053575e-21 4.854738e-21 7.579109e-21 7.952970e-21 6.333008e-21 4.002947e-21 2.038570e-21 8.316828e-22 2.658051e-22 6.422370e-23 1.117266e-23 1.302693e-24 8.952698e-26
-5.510690e-25 -4.797349e-24 -2.799249e-23 -1.132189e-22 -3.215964e-22 -6.309079e-22 -7.835625e-22 -3.509709e-22 8.324188e-22 2.302078e-21 3.248590e-21 3.225404e-21 2.454831e-21 1.485106e-21 7.232957e-22 2.818911e-22 8.595111e-23 1.976128e-23 3.248787e-24 3.511262e-25 2.119658e-26
-1.220647e-25 -1.077675e-24 -6.525731e-24 -2.705308e-23 -7.728851e-23 -1.472748e-22 -1.590813e-22 1.125041e-23 3.990170e-22 8.430539e-22 1.089799e-21 1.022093e-21 7.389145e-22 4.240492e-22 1.954187e-22 7.194669e-23 2.070117e-23 4.476384e-24 6.836952e-25 6.620277e-26 3.314782e-27
-2.215278e-26 -1.781703e-25 -1.097650e-24 -4.628705e-24 -1.309163e-23 -2.311698e-23 -1.648283e-23 3.381693e-23 1.314604e-22 2.331868e-22 2.783237e-22 2.456387e-22 1.672421e-22 8.998851e-23 3.872986e-23 1.330592e-23 3.575500e-24 7.187429e-25 9.962435e-26 8.229096e-27 3.830008e-28
