2.045422e-27 -1.220356e-26 -1.166796e-25 -5.411995e-25 -2.245109e-24 -8.409851e-24 -2.483512e-23 -5.517490e-23 -9.303117e-23 -1.215887e-22 -1.255279e-22 -1.036852e-22 -6.888288e-23 -3.668276e-23 -1.544503e-23 -4.999781e-24 -1.181508e-24 -1.832475e-25 -1.353325e-26 5.105441e-28 1.187207e-28
-2.026839e-27 -7.182449e-26 -3.798562e-25 -1.849016e-24 -9.677965e-24 -3.995937e-23 -1.184525e-22 -2.579337e-22 -4.282113e-22 -5.585889e-22 -5.844788e-22 -4.961279e-22 -3.424681e-22 -1.911284e-22 -8.508171e-23 -2.955724e-23 -7.745369e-24 -1.444219e-24 -1.692600e-25 -8.018054e-27 4.989364e-28
-2.470231e-26 -1.839071e-25 -8.085939e-25 -5.688934e-24 -3.545953e-23 -1.464146e-22 -4.184039e-22 -8.824678e-22 -1.440268e-21 -1.878125e-21 -1.995124e-21 -1.741078e-21 -1.246581e-21 -7.256097e-22 -3.381556e-22 -1.235867e-22 -3.446356e-23 -7.046330e-24 -9.846276e-25 -7.927151e-26 -1.312247e-27
-6.955785e-26 -2.518392e-25 -1.390529e-24 -1.589261e-23 -1.029823e-22 -4.065084e-22 -1.110715e-21 -2.272321e-21 -3.658414e-21 -4.783917e-21 -5.169516e-21 -4.639261e-21 -3.440098e-21 -2.081792e-21 -1.010436e-21 -3.850735e-22 -1.122925e-22 -2.423988e-23 -3.688433e-24 -3.604097e-25 -1.686038e-26
-1.101937e-25 -1.091110e-25 -2.458906e-24 -3.805078e-23 -2.359060e-22 -8.790250e-22 -2.297751e-21 -4.570439e-21 -7.273349e-21 -9.550002e-21 -1.050080e-20 -9.680925e-21 -7.416314e-21 -4.649240e-21 -2.339969e-21 -9.248223e-22 -2.796447e-22 -6.264261e-23 -9.961739e-24 -1.055038e-24 -6.514529e-26
-1.071831e-25 2.268853e-25 -5.382374e-24 -7.829785e-23 -4.442568e-22 -1.552042e-21 -3.874638e-21 -7.480840e-21 -1.174298e-20 -1.544761e-20 -1.724120e-20 -1.627889e-20 -1.283378e-20 -8.296529e-21 -4.308903e-21 -1.757399e-21 -5.479975e-22 -1.263302e-22 -2.059946e-23 -2.239846e-24 -1.507787e-25
-6.660697e-26 2.316553e-25 -1.332353e-23 -1.444698e-22 -7.291124e-22 -2.367780e-21 -5.611829e-21 -1.044854e-20 -1.606313e-20 -2.102176e-20 -2.366034e-20 -2.273755e-20 -1.833413e-20 -1.214696e-20 -6.470284e-21 -2.707284e-21 -8.657892e-22 -2.042613e-22 -3.385523e-23 -3.683815e-24 -2.459102e-25
-5.007049e-26 -9.381646e-25 -3.020311e-23 -2.454796e-22 -1.096222e-21 -3.296403e-21 -7.379449e-21 -1.314713e-20 -1.958961e-20 -2.520557e-20 -2.827698e-20 -2.736413e-20 -2.235158e-20 -1.504419e-20 -8.151856e-21 -3.472267e-21 -1.130602e-21 -2.711799e-22 -4.539706e-23 -4.886267e-24 -3.075527e-25
-4.294213e-26 -3.367308e-24 -5.627574e-23 -3.804098e-22 -1.540235e-21 -4.330490e-21 -9.188843e-21 -1.563470e-20 -2.240670e-20 -2.799543e-20 -3.084826e-20 -2.962782e-20 -2.419450e-20 -1.635047e-20 -8.916189e-21 -3.826714e-21 -1.255851e-21 -3.031402e-22 -5.073841e-23 -5.342115e-24 -3.083915e-25
1.800675e-25 -5.441813e-24 -8.389894e-23 -5.239861e-22 -2.001753e-21 -5.373361e-21 -1.094641e-20 -1.791553e-20 -2.471973e-20 -2.982383e-20 -3.193561e-20 -3.004822e-20 -2.421047e-20 -1.622207e-20 -8.795144e-21 -3.756937e-21 -1.226314e-21 -2.934066e-22 -4.819874e-23 -4.842827e-24 -2.468058e-25
9.000097e-25 -4.708484e-24 -9.996001e-23 -6.287292e-22 -2.355635e-21 -6.174015e-21 -1.226281e-20 -1.953080e-20 -2.616203e-20 -3.060554e-20 -3.182998e-20 -2.920778e-20 -2.305528e-20 -1.518327e-20 -8.101591e-21 -3.403269e-21 -1.088631e-21 -2.531296e-22 -3.964469e-23 -3.613380e-24 -1.461128e-25
2.067563e-24 -1.843754e-25 -9.475466e-23 -6.497800e-22 -2.466567e-21 -6.434323e-21 -1.263128e-20 -1.980221e-20 -2.602808e-20 -2.981637e-20 -3.035417e-20 -2.728880e-20 -2.112368e-20 -1.364068e-20 -7.124418e-21 -2.917562e-21 -9.027165e-22 -1.999363e-22 -2.882941e-23 -2.197195e-24 -5.191985e-26
3.172250e-24 6.386667e-24 -6.921361e-23 -5.731083e-22 -2.271666e-21 -6.001655e-21 -1.179720e-20 -1.841480e-20 -2.402113e-20 -2.725314e-20 -2.743382e-20 -2.434587e-20 -1.855936e-20 -1.176442e-20 -6.004006e-21 -2.386370e-21 -7.088873e-22 -1.477873e-22 -1.919987e-23 -1.144960e-24 -7.989690e-27
3.610205e-24 1.177450e-23 -3.408005e-23 -4.242110e-22 -1.820274e-21 -4.965346e-21 -9.917978e-21 -1.561751e-20 -2.046296e-20 -2.323063e-20 -2.329583e-20 -2.049243e-20 -1.540747e-20 -9.584645e-21 -4.774474e-21 -1.839786e-21 -5.249136e-22 -1.036372e-22 -1.246814e-23 -6.767079e-25 -1.752995e-26
3.170695e-24 1.362248e-23 -2.824066e-24 -2.530371e-22 -1.245693e-21 -3.596343e-21 -7.427434e-21 -1.196619e-20 -1.592316e-20 -1.821372e-20 -1.823778e-20 -1.588227e-20 -1.174169e-20 -7.145831e-21 -3.467809e-21 -1.296871e-21 -3.581966e-22 -6.873800e-23 -8.344220e-24 -5.849860e-25 -3.968437e-26
2.153527e-24 1.174784e-23 1.548407e-23 -1.088028e-22 -7.010246e-22 -2.222248e-21 -4.843058e-21 -8.090948e-21 -1.102198e-20 -1.273635e-20 -1.270939e-20 -1.090557e-20 -7.884998e-21 -4.673791e-21 -2.205224e-21 -8.025858e-22 -2.172908e-22 -4.192456e-23 -5.542119e-24 -5.147976e-25 -3.768524e-26
1.087745e-24 7.770480e-24 1.941575e-23 -1.973597e-23 -2.992894e-22 -1.117425e-21 -2.642043e-21 -4.641013e-21 -6.511158e-21 -7.604353e-21 -7.538802e-21 -6.343174e-21 -4.462936e-21 -2.566935e-21 -1.176681e-21 -4.187330e-22 -1.126507e-22 -2.236607e-23 -3.225282e-24 -3.279623e-25 -1.643645e-26
3.628510e-25 3.828176e-24 1.410234e-23 1.466125e-23 -7.727098e-23 -4.194556e-22 -1.134286e-21 -2.140189e-21 -3.119475e-21 -3.690783e-21 -3.631481e-21 -2.988521e-21 -2.040552e-21 -1.137441e-21 -5.076798e-22 -1.779368e-22 -4.807353e-23 -9.803718e-24 -1.443082e-24 -1.290465e-25 -4.005438e-28
4.878173e-26 1.288165e-24 6.814712e-24 1.579147e-23 3.086133e-24 -9.526069e-23 -3.457944e-22 -7.362650e-22 -1.138354e-21 -1.377471e-21 -1.351044e-21 -1.089697e-21 -7.233919e-22 -3.922901e-22 -1.717516e-22 -5.983417e-23 -1.623162e-23 -3.276911e-24 -4.367196e-25 -2.319203e-26 2.818177e-27
-1.552692e-26 2.349565e-25 2.096451e-24 7.473765e-24 1.267989e-23 -2.551923e-25 -5.754583e-23 -1.653912e-22 -2.881871e-22 -3.670037e-22 -3.648161e-22 -2.918831e-22 -1.906243e-22 -1.019820e-22 -4.443165e-23 -1.545713e-23 -4.101739e-24 -7.502434e-25 -7.052919e-26 2.467647e-27 1.106214e-27
-6.585492e-27 -4.734363e-28 3.337202e-25 1.933821e-24 5.374625e-24 7.892835e-24 2.529861e-24 -1.566695e-23 -4.154808e-23 -6.158803e-23 -6.546210e-23 -5.402191e-23 -3.594436e-23 -1.955932e-23 -8.604921e-24 -2.924741e-24 -6.972046e-25 -9.176018e-26 5.968445e-28 1.872137e-27 1.154489e-28
