-2.500000e+00 -2.500000e+00 0.000000e+00 5.461098e-19 5.098039e-19 0.000000e+00
-2.500000e+00 -2.250000e+00 0.000000e+00 3.484411e-18 2.828238e-18 0.000000e+00
-2.500000e+00 -2.000000e+00 0.000000e+00 1.671838e-17 1.155130e-17 0.000000e+00
-2.500000e+00 -1.750000e+00 0.000000e+00 6.105255e-17 3.500324e-17 0.000000e+00
-2.500000e+00 -1.500000e+00 0.000000e+00 1.701544e-16 7.804427e-17 0.000000e+00
-2.500000e+00 -1.250000e+00 0.000000e+00 3.832179e-16 1.352558e-16 0.000000e+00
-2.500000e+00 -1.000000e+00 0.000000e+00 6.792509e-16 1.724183e-16 0.000000e+00
-2.500000e+00 -7.500000e-01 0.000000e+00 1.027997e-15 1.755576e-16 0.000000e+00
-2.500000e+00 -5.000000e-01 0.000000e+00 1.365084e-15 1.404532e-16 0.000000e+00
-2.500000e+00 -2.500000e-01 0.000000e+00 1.584923e-15 7.490572e-17 0.000000e+00
-2.500000e+00 0.000000e+00 0.000000e+00 1.656912e-15 1.047058e-33 0.000000e+00
-2.500000e+00 2.500000e-01 0.000000e+00 1.584923e-15 -7.490572e-17 0.000000e+00
-2.500000e+00 5.000000e-01 0.000000e+00 1.365084e-15 -1.404532e-16 0.000000e+00
-2.500000e+00 7.500000e-01 0.000000e+00 1.027997e-15 -1.755576e-16 0.000000e+00
-2.500000e+00 1.000000e+00 0.000000e+00 6.792509e-16 -1.724183e-16 0.000000e+00
-2.500000e+00 1.250000e+00 0.000000e+00 3.832179e-16 -1.352558e-16 0.000000e+00
-2.500000e+00 1.500000e+00 0.000000e+00 1.701544e-16 -7.804427e-17 0.000000e+00
-2.500000e+00 1.750000e+00 0.000000e+00 6.105255e-17 -3.500324e-17 0.000000e+00
-2.500000e+00 2.000000e+00 0.000000e+00 1.671838e-17 -1.155130e-17 0.000000e+00
-2.500000e+00 2.250000e+00 0.000000e+00 3.484411e-18 -2.828238e-18 0.000000e+00
-2.500000e+00 2.500000e+00 0.000000e+00 5.461098e-19 -5.098039e-19 0.000000e+00
-2.250000e+00 -2.500000e+00 0.000000e+00 3.625389e-18 3.810868e-18 0.000000e+00
-2.250000e+00 -2.250000e+00 0.000000e+00 2.133837e-17 1.948128e-17 0.000000e+00
-2.250000e+00 -2.000000e+00 0.000000e+00 9.380238e-17 7.275595e-17 0.000000e+00
-2.250000e+00 -1.750000e+00 0.000000e+00 3.097307e-16 1.984423e-16 0.000000e+00
-2.250000e+00 -1.500000e+00 0.000000e+00 7.813482e-16 3.973395e-16 0.000000e+00
-2.250000e+00 -1.250000e+00 0.000000e+00 1.593251e-15 6.179298e-16 0.000000e+00
-2.250000e+00 -1.000000e+00 0.000000e+00 2.597813e-15 7.142366e-16 0.000000e+00
-2.250000e+00 -7.500000e-01 0.000000e+00 3.521580e-15 6.271460e-16 0.000000e+00
-2.250000e+00 -5.000000e-01 0.000000e+00 4.412818e-15 4.652168e-16 0.000000e+00
-2.250000e+00 -2.500000e-01 0.000000e+00 5.054870e-15 2.462033e-16 0.000000e+00
-2.250000e+00 0.000000e+00 0.000000e+00 5.273641e-15 -8.428167e-33 0.000000e+00
-2.250000e+00 2.500000e-01 0.000000e+00 5.054870e-15 -2.462033e-16 0.000000e+00
-2.250000e+00 5.000000e-01 0.000000e+00 4.412818e-15 -4.652168e-16 0.000000e+00
-2.250000e+00 7.500000e-01 0.000000e+00 3.521580e-15 -6.271460e-16 0.000000e+00
-2.250000e+00 1.000000e+00 0.000000e+00 2.597813e-15 -7.142366e-16 0.000000e+00
-2.250000e+00 1.250000e+00 0.000000e+00 1.593251e-15 -6.179298e-16 0.000000e+00
-2.250000e+00 1.500000e+00 0.000000e+00 7.813482e-16 -3.973395e-16 0.000000e+00
-2.250000e+00 1.750000e+00 0.000000e+00 3.097307e-16 -1.984423e-16 0.000000e+00
-2.250000e+00 2.000000e+00 0.000000e+00 9.380238e-17 -7.275595e-17 0.000000e+00
-2.250000e+00 2.250000e+00 0.000000e+00 2.133837e-17 -1.948128e-17 0.000000e+00
-2.250000e+00 2.500000e+00 0.000000e+00 3.625389e-18 -3.810868e-18 0.000000e+00
-2.000000e+00 -2.500000e+00 0.000000e+00 1.794011e-17 2.154788e-17 0.000000e+00
-2.000000e+00 -2.250000e+00 0.000000e+00 9.666995e-17 1.007495e-16 0.000000e+00
-2.000000e+00 -2.000000e+00 0.000000e+00 3.832052e-16 3.384305e-16 0.000000e+00
-2.000000e+00 -1.750000e+00 0.000000e+00 1.119831e-15 8.109264e-16 0.000000e+00
-2.000000e+00 -1.500000e+00 0.000000e+00 2.570580e-15 1.469614e-15 0.000000e+00
-2.000000e+00 -1.250000e+00 0.000000e+00 4.503412e-15 1.912477e-15 0.000000e+00
-2.000000e+00 -1.000000e+00 0.000000e+00 6.949897e-15 2.092940e-15 0.000000e+00
-2.000000e+00 -7.500000e-01 0.000000e+00 8.582543e-15 1.615825e-15 0.000000e+00
-2.000000e+00 -5.000000e-01 0.000000e+00 9.299976e-15 9.221285e-16 0.000000e+00
-2.000000e+00 -2.500000e-01 0.000000e+00 9.897000e-15 4.145663e-16 0.000000e+00
-2.000000e+00 0.000000e+00 0.000000e+00 1.018591e-14 -6.494342e-32 0.000000e+00
-2.000000e+00 2.500000e-01 0.000000e+00 9.897000e-15 -4.145663e-16 0.000000e+00
-2.000000e+00 5.000000e-01 0.000000e+00 9.299976e-15 -9.221285e-16 0.000000e+00
-2.000000e+00 7.500000e-01 0.000000e+00 8.582543e-15 -1.615825e-15 0.000000e+00
-2.000000e+00 1.000000e+00 0.000000e+00 6.949897e-15 -2.092940e-15 0.000000e+00
-2.000000e+00 1.250000e+00 0.000000e+00 4.503412e-15 -1.912477e-15 0.000000e+00
-2.000000e+00 1.500000e+00 0.000000e+00 2.570580e-15 -1.469614e-15 0.000000e+00
-2.000000e+00 1.750000e+00 0.000000e+00 1.119831e-15 -8.109264e-16 0.000000e+00
-2.000000e+00 2.000000e+00 0.000000e+00 3.832052e-16 -3.384305e-16 0.000000e+00
-2.000000e+00 2.250000e+00 0.000000e+00 9.666995e-17 -1.007495e-16 0.000000e+00
-2.000000e+00 2.500000e+00 0.000000e+00 1.794011e-17 -2.154788e-17 0.000000e+00
-1.750000e+00 -2.500000e+00 0.000000e+00 6.674322e-17 9.320167e-17 0.000000e+00
-1.750000e+00 -2.250000e+00 0.000000e+00 3.248623e-16 3.932108e-16 0.000000e+00
-1.750000e+00 -2.000000e+00 0.000000e+00 1.138311e-15 1.162989e-15 0.000000e+00
-1.750000e+00 -1.750000e+00 0.000000e+00 2.988698e-15 2.490450e-15 0.000000e+00
-1.750000e+00 -1.500000e+00 0.000000e+00 5.991193e-15 3.892232e-15 0.000000e+00
-1.750000e+00 -1.250000e+00 0.000000e+00 9.416018e-15 4.451829e-15 0.000000e+00
-1.750000e+00 -1.000000e+00 0.000000e+00 1.208086e-14 3.774915e-15 0.000000e+00
-1.750000e+00 -7.500000e-01 0.000000e+00 1.584121e-14 3.293988e-15 0.000000e+00
-1.750000e+00 -5.000000e-01 0.000000e+00 1.843601e-14 2.293317e-15 0.000000e+00
-1.750000e+00 -2.500000e-01 0.000000e+00 1.886682e-14 1.011520e-15 0.000000e+00
-1.750000e+00 0.000000e+00 0.000000e+00 1.873538e-14 -5.460211e-32 0.000000e+00
-1.750000e+00 2.500000e-01 0.000000e+00 1.886682e-14 -1.011520e-15 0.000000e+00
-1.750000e+00 5.000000e-01 0.000000e+00 1.843601e-14 -2.293317e-15 0.000000e+00
-1.750000e+00 7.500000e-01 0.000000e+00 1.584121e-14 -3.293988e-15 0.000000e+00
-1.750000e+00 1.000000e+00 0.000000e+00 1.208086e-14 -3.774915e-15 0.000000e+00
-1.750000e+00 1.250000e+00 0.000000e+00 9.416018e-15 -4.451829e-15 0.000000e+00
-1.750000e+00 1.500000e+00 0.000000e+00 5.991193e-15 -3.892232e-15 0.000000e+00
-1.750000e+00 1.750000e+00 0.000000e+00 2.988698e-15 -2.490450e-15 0.000000e+00
-1.750000e+00 2.000000e+00 0.000000e+00 1.138311e-15 -1.162989e-15 0.000000e+00
-1.750000e+00 2.250000e+00 0.000000e+00 3.248623e-16 -3.932108e-16 0.000000e+00
-1.750000e+00 2.500000e+00 0.000000e+00 6.674322e-17 -9.320167e-17 0.000000e+00
-1.500000e+00 -2.500000e+00 0.000000e+00 1.862333e-16 3.089850e-16 0.000000e+00
-1.500000e+00 -2.250000e+00 0.000000e+00 8.152525e-16 1.171548e-15 0.000000e+00
-1.500000e+00 -2.000000e+00 0.000000e+00 2.580032e-15 3.122618e-15 0.000000e+00
-1.500000e+00 -1.750000e+00 0.000000e+00 5.947434e-15 5.826386e-15 0.000000e+00
-1.500000e+00 -1.500000e+00 0.000000e+00 1.012653e-14 7.545368e-15 0.000000e+00
-1.500000e+00 -1.250000e+00 0.000000e+00 1.493461e-14 8.024057e-15 0.000000e+00
-1.500000e+00 -1.000000e+00 0.000000e+00 1.925694e-14 7.072527e-15 0.000000e+00
-1.500000e+00 -7.500000e-01 0.000000e+00 1.929085e-14 3.874232e-15 0.000000e+00
-1.500000e+00 -5.000000e-01 0.000000e+00 2.217261e-14 2.533027e-15 0.000000e+00
-1.500000e+00 -2.500000e-01 0.000000e+00 2.962704e-14 2.021378e-15 0.000000e+00
-1.500000e+00 0.000000e+00 0.000000e+00 3.375237e-14 1.886255e-31 0.000000e+00
-1.500000e+00 2.500000e-01 0.000000e+00 2.962704e-14 -2.021378e-15 0.000000e+00
-1.500000e+00 5.000000e-01 0.000000e+00 2.217261e-14 -2.533027e-15 0.000000e+00
-1.500000e+00 7.500000e-01 0.000000e+00 1.929085e-14 -3.874232e-15 0.000000e+00
-1.500000e+00 1.000000e+00 0.000000e+00 1.925694e-14 -7.072527e-15 0.000000e+00
-1.500000e+00 1.250000e+00 0.000000e+00 1.493461e-14 -8.024057e-15 0.000000e+00
-1.500000e+00 1.500000e+00 0.000000e+00 1.012653e-14 -7.545368e-15 0.000000e+00
-1.500000e+00 1.750000e+00 0.000000e+00 5.947434e-15 -5.826386e-15 0.000000e+00
-1.500000e+00 2.000000e+00 0.000000e+00 2.580032e-15 -3.122618e-15 0.000000e+00
-1.500000e+00 2.250000e+00 0.000000e+00 8.152525e-16 -1.171548e-15 0.000000e+00
-1.500000e+00 2.500000e+00 0.000000e+00 1.862333e-16 -3.089850e-16 0.000000e+00
-1.250000e+00 -2.500000e+00 0.000000e+00 4.036946e-16 8.193877e-16 0.000000e+00
-1.250000e+00 -2.250000e+00 0.000000e+00 1.600167e-15 2.810966e-15 0.000000e+00
-1.250000e+00 -2.000000e+00 0.000000e+00 4.395001e-15 6.473350e-15 0.000000e+00
-1.250000e+00 -1.750000e+00 0.000000e+00 8.855159e-15 1.044744e-14 0.000000e+00
-1.250000e+00 -1.500000e+00 0.000000e+00 1.435873e-14 1.280577e-14 0.000000e+00
-1.250000e+00 -1.250000e+00 0.000000e+00 1.855428e-14 1.158418e-14 0.000000e+00
-1.250000e+00 -1.000000e+00 0.000000e+00 2.257785e-14 9.406095e-15 0.000000e+00
-1.250000e+00 -7.500000e-01 0.000000e+00 4.462494e-14 1.675475e-14 0.000000e+00
-1.250000e+00 -5.000000e-01 0.000000e+00 7.998228e-14 2.300411e-14 0.000000e+00
-1.250000e+00 -2.500000e-01 0.000000e+00 1.077676e-13 1.632759e-14 0.000000e+00
-1.250000e+00 0.000000e+00 0.000000e+00 1.174798e-13 9.382297e-29 0.000000e+00
-1.250000e+00 2.500000e-01 0.000000e+00 1.077676e-13 -1.632759e-14 0.000000e+00
-1.250000e+00 5.000000e-01 0.000000e+00 7.998228e-14 -2.300411e-14 0.000000e+00
-1.250000e+00 7.500000e-01 0.000000e+00 4.462494e-14 -1.675475e-14 0.000000e+00
-1.250000e+00 1.000000e+00 0.000000e+00 2.257785e-14 -9.406095e-15 0.000000e+00
-1.250000e+00 1.250000e+00 0.000000e+00 1.855428e-14 -1.158418e-14 0.000000e+00
-1.250000e+00 1.500000e+00 0.000000e+00 1.435873e-14 -1.280577e-14 0.000000e+00
-1.250000e+00 1.750000e+00 0.000000e+00 8.855159e-15 -1.044744e-14 0.000000e+00
-1.250000e+00 2.000000e+00 0.000000e+00 4.395001e-15 -6.473350e-15 0.000000e+00
-1.250000e+00 2.250000e+00 0.000000e+00 1.600167e-15 -2.810966e-15 0.000000e+00
-1.250000e+00 2.500000e+00 0.000000e+00 4.036946e-16 -8.193877e-16 0.000000e+00
-1.000000e+00 -2.500000e+00 0.000000e+00 6.640991e-16 1.716706e-15 0.000000e+00
-1.000000e+00 -2.250000e+00 0.000000e+00 2.374786e-15 5.315939e-15 0.000000e+00
-1.000000e+00 -2.000000e+00 0.000000e+00 6.034094e-15 1.129617e-14 0.000000e+00
-1.000000e+00 -1.750000e+00 0.000000e+00 1.075387e-14 1.591580e-14 0.000000e+00
-1.000000e+00 -1.500000e+00 0.000000e+00 1.590427e-14 1.750422e-14 0.000000e+00
-1.000000e+00 -1.250000e+00 0.000000e+00 2.146066e-14 1.690471e-14 0.000000e+00
-1.000000e+00 -1.000000e+00 0.000000e+00 5.057387e-14 3.576307e-14 0.000000e+00
-1.000000e+00 -7.500000e-01 0.000000e+00 8.970209e-14 5.220052e-14 0.000000e+00
-1.000000e+00 -5.000000e-01 0.000000e+00 1.106413e-13 4.459140e-14 0.000000e+00
-1.000000e+00 -2.500000e-01 0.000000e+00 1.128977e-13 2.253958e-14 0.000000e+00
-1.000000e+00 0.000000e+00 0.000000e+00 1.114446e-13 -1.270740e-30 0.000000e+00
-1.000000e+00 2.500000e-01 0.000000e+00 1.128977e-13 -2.253958e-14 0.000000e+00
-1.000000e+00 5.000000e-01 0.000000e+00 1.106413e-13 -4.459140e-14 0.000000e+00
-1.000000e+00 7.500000e-01 0.000000e+00 8.970209e-14 -5.220052e-14 0.000000e+00
-1.000000e+00 1.000000e+00 0.000000e+00 5.057387e-14 -3.576307e-14 0.000000e+00
-1.000000e+00 1.250000e+00 0.000000e+00 2.146066e-14 -1.690471e-14 0.000000e+00
-1.000000e+00 1.500000e+00 0.000000e+00 1.590427e-14 -1.750422e-14 0.000000e+00
-1.000000e+00 1.750000e+00 0.000000e+00 1.075387e-14 -1.591580e-14 0.000000e+00
-1.000000e+00 2.000000e+00 0.000000e+00 6.034094e-15 -1.129617e-14 0.000000e+00
-1.000000e+00 2.250000e+00 0.000000e+00 2.374786e-15 -5.315939e-15 0.000000e+00
-1.000000e+00 2.500000e+00 0.000000e+00 6.640991e-16 -1.716706e-15 0.000000e+00
-7.500000e-01 -2.500000e+00 0.000000e+00 8.596467e-16 3.011409e-15 0.000000e+00
-7.500000e-01 -2.250000e+00 0.000000e+00 2.791443e-15 8.465495e-15 0.000000e+00
-7.500000e-01 -2.000000e+00 0.000000e+00 6.256134e-15 1.581112e-14 0.000000e+00
-7.500000e-01 -1.750000e+00 0.000000e+00 1.119381e-14 2.225914e-14 0.000000e+00
-7.500000e-01 -1.500000e+00 0.000000e+00 1.436421e-14 2.054364e-14 0.000000e+00
-7.500000e-01 -1.250000e+00 0.000000e+00 3.407295e-14 4.136242e-14 0.000000e+00
-7.500000e-01 -1.000000e+00 0.000000e+00 6.613479e-14 6.892187e-14 0.000000e+00
-7.500000e-01 -7.500000e-01 0.000000e+00 7.954348e-14 6.604253e-14 0.000000e+00
-7.500000e-01 -5.000000e-01 0.000000e+00 7.373008e-14 4.034720e-14 0.000000e+00
-7.500000e-01 -2.500000e-01 0.000000e+00 6.369304e-14 1.599318e-14 0.000000e+00
-7.500000e-01 0.000000e+00 0.000000e+00 5.985652e-14 -8.471600e-31 0.000000e+00
-7.500000e-01 2.500000e-01 0.000000e+00 6.369304e-14 -1.599318e-14 0.000000e+00
-7.500000e-01 5.000000e-01 0.000000e+00 7.373008e-14 -4.034720e-14 0.000000e+00
-7.500000e-01 7.500000e-01 0.000000e+00 7.954348e-14 -6.604253e-14 0.000000e+00
-7.500000e-01 1.000000e+00 0.000000e+00 6.613479e-14 -6.892187e-14 0.000000e+00
-7.500000e-01 1.250000e+00 0.000000e+00 3.407295e-14 -4.136242e-14 0.000000e+00
-7.500000e-01 1.500000e+00 0.000000e+00 1.436421e-14 -2.054364e-14 0.000000e+00
-7.500000e-01 1.750000e+00 0.000000e+00 1.119381e-14 -2.225914e-14 0.000000e+00
-7.500000e-01 2.000000e+00 0.000000e+00 6.256134e-15 -1.581112e-14 0.000000e+00
-7.500000e-01 2.250000e+00 0.000000e+00 2.791443e-15 -8.465495e-15 0.000000e+00
-7.500000e-01 2.500000e+00 0.000000e+00 8.596467e-16 -3.011409e-15 0.000000e+00
-5.000000e-01 -2.500000e+00 0.000000e+00 8.278724e-16 4.415650e-15 0.000000e+00
-5.000000e-01 -2.250000e+00 0.000000e+00 2.546542e-15 1.174568e-14 0.000000e+00
-5.000000e-01 -2.000000e+00 0.000000e+00 5.237512e-15 2.002211e-14 0.000000e+00
-5.000000e-01 -1.750000e+00 0.000000e+00 8.614139e-15 2.562913e-14 0.000000e+00
-5.000000e-01 -1.500000e+00 0.000000e+00 1.408994e-14 3.094927e-14 0.000000e+00
-5.000000e-01 -1.250000e+00 0.000000e+00 3.621084e-14 6.815853e-14 0.000000e+00
-5.000000e-01 -1.000000e+00 0.000000e+00 5.079283e-14 8.143785e-14 0.000000e+00
-5.000000e-01 -7.500000e-01 0.000000e+00 5.035675e-14 6.352344e-14 0.000000e+00
-5.000000e-01 -5.000000e-01 0.000000e+00 3.879345e-14 2.973133e-14 0.000000e+00
-5.000000e-01 -2.500000e-01 0.000000e+00 2.955471e-14 1.008712e-14 0.000000e+00
-5.000000e-01 0.000000e+00 0.000000e+00 2.713139e-14 -2.189909e-28 0.000000e+00
-5.000000e-01 2.500000e-01 0.000000e+00 2.955471e-14 -1.008712e-14 0.000000e+00
-5.000000e-01 5.000000e-01 0.000000e+00 3.879345e-14 -2.973133e-14 0.000000e+00
-5.000000e-01 7.500000e-01 0.000000e+00 5.035675e-14 -6.352344e-14 0.000000e+00
-5.000000e-01 1.000000e+00 0.000000e+00 5.079283e-14 -8.143785e-14 0.000000e+00
-5.000000e-01 1.250000e+00 0.000000e+00 3.621084e-14 -6.815853e-14 0.000000e+00
-5.000000e-01 1.500000e+00 0.000000e+00 1.408994e-14 -3.094927e-14 0.000000e+00
-5.000000e-01 1.750000e+00 0.000000e+00 8.614139e-15 -2.562913e-14 0.000000e+00
-5.000000e-01 2.000000e+00 0.000000e+00 5.237512e-15 -2.002211e-14 0.000000e+00
-5.000000e-01 2.250000e+00 0.000000e+00 2.546542e-15 -1.174568e-14 0.000000e+00
-5.000000e-01 2.500000e+00 0.000000e+00 8.278724e-16 -4.415650e-15 0.000000e+00
-2.500000e-01 -2.500000e+00 0.000000e+00 5.081876e-16 5.476799e-15 0.000000e+00
-2.500000e-01 -2.250000e+00 0.000000e+00 1.512119e-15 1.408676e-14 0.000000e+00
-2.500000e-01 -2.000000e+00 0.000000e+00 3.039471e-15 2.335729e-14 0.000000e+00
-2.500000e-01 -1.750000e+00 0.000000e+00 4.564039e-15 2.697950e-14 0.000000e+00
-2.500000e-01 -1.500000e+00 0.000000e+00 9.875800e-15 4.401515e-14 0.000000e+00
-2.500000e-01 -1.250000e+00 0.000000e+00 2.196262e-14 8.128451e-14 0.000000e+00
-2.500000e-01 -1.000000e+00 0.000000e+00 2.663920e-14 8.406944e-14 0.000000e+00
-2.500000e-01 -7.500000e-01 0.000000e+00 2.375123e-14 5.717654e-14 0.000000e+00
-2.500000e-01 -5.000000e-01 0.000000e+00 1.269298e-14 1.691121e-14 0.000000e+00
-2.500000e-01 -2.500000e-01 0.000000e+00 7.246093e-15 4.790599e-15 0.000000e+00
-2.500000e-01 0.000000e+00 0.000000e+00 3.488315e-15 1.694320e-30 0.000000e+00
-2.500000e-01 2.500000e-01 0.000000e+00 7.246093e-15 -4.790599e-15 0.000000e+00
-2.500000e-01 5.000000e-01 0.000000e+00 1.269298e-14 -1.691121e-14 0.000000e+00
-2.500000e-01 7.500000e-01 0.000000e+00 2.375123e-14 -5.717654e-14 0.000000e+00
-2.500000e-01 1.000000e+00 0.000000e+00 2.663920e-14 -8.406944e-14 0.000000e+00
-2.500000e-01 1.250000e+00 0.000000e+00 2.196262e-14 -8.128451e-14 0.000000e+00
-2.500000e-01 1.500000e+00 0.000000e+00 9.875800e-15 -4.401515e-14 0.000000e+00
-2.500000e-01 1.750000e+00 0.000000e+00 4.564039e-15 -2.697950e-14 0.000000e+00
-2.500000e-01 2.000000e+00 0.000000e+00 3.039471e-15 -2.335729e-14 0.000000e+00
-2.500000e-01 2.250000e+00 0.000000e+00 1.512119e-15 -1.408676e-14 0.000000e+00
-2.500000e-01 2.500000e+00 0.000000e+00 5.081876e-16 -5.476799e-15 0.000000e+00
0.000000e+00 -2.500000e+00 0.000000e+00 -4.193078e-34 5.870804e-15 0.000000e+00
0.000000e+00 -2.250000e+00 0.000000e+00 2.892335e-33 1.490950e-14 0.000000e+00
0.000000e+00 -2.000000e+00 0.000000e+00 -7.217911e-31 2.460285e-14 0.000000e+00
0.000000e+00 -1.750000e+00 0.000000e+00 -1.594578e-30 2.750320e-14 0.000000e+00
0.000000e+00 -1.500000e+00 0.000000e+00 5.718744e-32 4.954663e-14 0.000000e+00
0.000000e+00 -1.250000e+00 0.000000e+00 -6.122055e-32 8.440965e-14 0.000000e+00
0.000000e+00 -1.000000e+00 0.000000e+00 1.191319e-31 8.461459e-14 0.000000e+00
0.000000e+00 -7.500000e-01 0.000000e+00 4.103431e-31 5.292136e-14 0.000000e+00
0.000000e+00 -5.000000e-01 0.000000e+00 1.297214e-29 1.164082e-14 0.000000e+00
0.000000e+00 -2.500000e-01 0.000000e+00 1.950851e-28 3.615254e-15 0.000000e+00
0.000000e+00 0.000000e+00 0.000000e+00 5.858112e-28 4.201914e-28 0.000000e+00
0.000000e+00 2.500000e-01 0.000000e+00 2.170848e-30 -3.615254e-15 0.000000e+00
0.000000e+00 5.000000e-01 0.000000e+00 9.583498e-30 -1.164082e-14 0.000000e+00
0.000000e+00 7.500000e-01 0.000000e+00 -2.581191e-31 -5.292136e-14 0.000000e+00
0.000000e+00 1.000000e+00 0.000000e+00 2.349545e-31 -8.461459e-14 0.000000e+00
0.000000e+00 1.250000e+00 0.000000e+00 -2.697013e-31 -8.440965e-14 0.000000e+00
0.000000e+00 1.500000e+00 0.000000e+00 1.985531e-32 -4.954663e-14 0.000000e+00
0.000000e+00 1.750000e+00 0.000000e+00 7.425060e-32 -2.750320e-14 0.000000e+00
0.000000e+00 2.000000e+00 0.000000e+00 1.315932e-32 -2.460285e-14 0.000000e+00
0.000000e+00 2.250000e+00 0.000000e+00 1.556367e-32 -1.490950e-14 0.000000e+00
0.000000e+00 2.500000e+00 0.000000e+00 -1.230415e-29 -5.870804e-15 0.000000e+00
2.500000e-01 -2.500000e+00 0.000000e+00 -5.081876e-16 5.476799e-15 0.000000e+00
2.500000e-01 -2.250000e+00 0.000000e+00 -1.512119e-15 1.408676e-14 0.000000e+00
2.500000e-01 -2.000000e+00 0.000000e+00 -3.039471e-15 2.335729e-14 0.000000e+00
2.500000e-01 -1.750000e+00 0.000000e+00 -4.564039e-15 2.697950e-14 0.000000e+00
2.500000e-01 -1.500000e+00 0.000000e+00 -9.875800e-15 4.401515e-14 0.000000e+00
2.500000e-01 -1.250000e+00 0.000000e+00 -2.196262e-14 8.128451e-14 0.000000e+00
2.500000e-01 -1.000000e+00 0.000000e+00 -2.663920e-14 8.406944e-14 0.000000e+00
2.500000e-01 -7.500000e-01 0.000000e+00 -2.375123e-14 5.717654e-14 0.000000e+00
2.500000e-01 -5.000000e-01 0.000000e+00 -1.269298e-14 1.691121e-14 0.000000e+00
2.500000e-01 -2.500000e-01 0.000000e+00 -7.246093e-15 4.790599e-15 0.000000e+00
2.500000e-01 0.000000e+00 0.000000e+00 -3.488315e-15 5.152427e-27 0.000000e+00
2.500000e-01 2.500000e-01 0.000000e+00 -7.246093e-15 -4.790599e-15 0.000000e+00
2.500000e-01 5.000000e-01 0.000000e+00 -1.269298e-14 -1.691121e-14 0.000000e+00
2.500000e-01 7.500000e-01 0.000000e+00 -2.375123e-14 -5.717654e-14 0.000000e+00
2.500000e-01 1.000000e+00 0.000000e+00 -2.663920e-14 -8.406944e-14 0.000000e+00
2.500000e-01 1.250000e+00 0.000000e+00 -2.196262e-14 -8.128451e-14 0.000000e+00
2.500000e-01 1.500000e+00 0.000000e+00 -9.875800e-15 -4.401515e-14 0.000000e+00
2.500000e-01 1.750000e+00 0.000000e+00 -4.564039e-15 -2.697950e-14 0.000000e+00
2.500000e-01 2.000000e+00 0.000000e+00 -3.039471e-15 -2.335729e-14 0.000000e+00
2.500000e-01 2.250000e+00 0.000000e+00 -1.512119e-15 -1.408676e-14 0.000000e+00
2.500000e-01 2.500000e+00 0.000000e+00 -5.081876e-16 -5.476799e-15 0.000000e+00
5.000000e-01 -2.500000e+00 0.000000e+00 -8.278724e-16 4.415650e-15 0.000000e+00
5.000000e-01 -2.250000e+00 0.000000e+00 -2.546542e-15 1.174568e-14 0.000000e+00
5.000000e-01 -2.000000e+00 0.000000e+00 -5.237512e-15 2.002211e-14 0.000000e+00
5.000000e-01 -1.750000e+00 0.000000e+00 -8.614139e-15 2.562913e-14 0.000000e+00
5.000000e-01 -1.500000e+00 0.000000e+00 -1.408994e-14 3.094927e-14 0.000000e+00
5.000000e-01 -1.250000e+00 0.000000e+00 -3.621084e-14 6.815853e-14 0.000000e+00
5.000000e-01 -1.000000e+00 0.000000e+00 -5.079283e-14 8.143785e-14 0.000000e+00
5.000000e-01 -7.500000e-01 0.000000e+00 -5.035675e-14 6.352344e-14 0.000000e+00
5.000000e-01 -5.000000e-01 0.000000e+00 -3.879345e-14 2.973133e-14 0.000000e+00
5.000000e-01 -2.500000e-01 0.000000e+00 -2.955471e-14 1.008712e-14 0.000000e+00
5.000000e-01 0.000000e+00 0.000000e+00 -2.713139e-14 -8.471600e-31 0.000000e+00
5.000000e-01 2.500000e-01 0.000000e+00 -2.955471e-14 -1.008712e-14 0.000000e+00
5.000000e-01 5.000000e-01 0.000000e+00 -3.879345e-14 -2.973133e-14 0.000000e+00
5.000000e-01 7.500000e-01 0.000000e+00 -5.035675e-14 -6.352344e-14 0.000000e+00
5.000000e-01 1.000000e+00 0.000000e+00 -5.079283e-14 -8.143785e-14 0.000000e+00
5.000000e-01 1.250000e+00 0.000000e+00 -3.621084e-14 -6.815853e-14 0.000000e+00
5.000000e-01 1.500000e+00 0.000000e+00 -1.408994e-14 -3.094927e-14 0.000000e+00
5.000000e-01 1.750000e+00 0.000000e+00 -8.614139e-15 -2.562913e-14 0.000000e+00
5.000000e-01 2.000000e+00 0.000000e+00 -5.237512e-15 -2.002211e-14 0.000000e+00
5.000000e-01 2.250000e+00 0.000000e+00 -2.546542e-15 -1.174568e-14 0.000000e+00
5.000000e-01 2.500000e+00 0.000000e+00 -8.278724e-16 -4.415650e-15 0.000000e+00
7.500000e-01 -2.500000e+00 0.000000e+00 -8.596467e-16 3.011409e-15 0.000000e+00
7.500000e-01 -2.250000e+00 0.000000e+00 -2.791443e-15 8.465495e-15 0.000000e+00
7.500000e-01 -2.000000e+00 0.000000e+00 -6.256134e-15 1.581112e-14 0.000000e+00
7.500000e-01 -1.750000e+00 0.000000e+00 -1.119381e-14 2.225914e-14 0.000000e+00
7.500000e-01 -1.500000e+00 0.000000e+00 -1.436421e-14 2.054364e-14 0.000000e+00
7.500000e-01 -1.250000e+00 0.000000e+00 -3.407295e-14 4.136242e-14 0.000000e+00
7.500000e-01 -1.000000e+00 0.000000e+00 -6.613479e-14 6.892187e-14 0.000000e+00
7.500000e-01 -7.500000e-01 0.000000e+00 -7.954348e-14 6.604253e-14 0.000000e+00
7.500000e-01 -5.000000e-01 0.000000e+00 -7.373008e-14 4.034720e-14 0.000000e+00
7.500000e-01 -2.500000e-01 0.000000e+00 -6.369304e-14 1.599318e-14 0.000000e+00
7.500000e-01 0.000000e+00 0.000000e+00 -5.985652e-14 -8.471600e-31 0.000000e+00
7.500000e-01 2.500000e-01 0.000000e+00 -6.369304e-14 -1.599318e-14 0.000000e+00
7.500000e-01 5.000000e-01 0.000000e+00 -7.373008e-14 -4.034720e-14 0.000000e+00
7.500000e-01 7.500000e-01 0.000000e+00 -7.954348e-14 -6.604253e-14 0.000000e+00
7.500000e-01 1.000000e+00 0.000000e+00 -6.613479e-14 -6.892187e-14 0.000000e+00
7.500000e-01 1.250000e+00 0.000000e+00 -3.407295e-14 -4.136242e-14 0.000000e+00
7.500000e-01 1.500000e+00 0.000000e+00 -1.436421e-14 -2.054364e-14 0.000000e+00
7.500000e-01 1.750000e+00 0.000000e+00 -1.119381e-14 -2.225914e-14 0.000000e+00
7.500000e-01 2.000000e+00 0.000000e+00 -6.256134e-15 -1.581112e-14 0.000000e+00
7.500000e-01 2.250000e+00 0.000000e+00 -2.791443e-15 -8.465495e-15 0.000000e+00
7.500000e-01 2.500000e+00 0.000000e+00 -8.596467e-16 -3.011409e-15 0.000000e+00
1.000000e+00 -2.500000e+00 0.000000e+00 -6.640991e-16 1.716706e-15 0.000000e+00
1.000000e+00 -2.250000e+00 0.000000e+00 -2.374786e-15 5.315939e-15 0.000000e+00
1.000000e+00 -2.000000e+00 0.000000e+00 -6.034094e-15 1.129617e-14 0.000000e+00
1.000000e+00 -1.750000e+00 0.000000e+00 -1.075387e-14 1.591580e-14 0.000000e+00
1.000000e+00 -1.500000e+00 0.000000e+00 -1.590427e-14 1.750422e-14 0.000000e+00
1.000000e+00 -1.250000e+00 0.000000e+00 -2.146066e-14 1.690471e-14 0.000000e+00
1.000000e+00 -1.000000e+00 0.000000e+00 -5.057387e-14 3.576307e-14 0.000000e+00
1.000000e+00 -7.500000e-01 0.000000e+00 -8.970209e-14 5.220052e-14 0.000000e+00
1.000000e+00 -5.000000e-01 0.000000e+00 -1.106413e-13 4.459140e-14 0.000000e+00
1.000000e+00 -2.500000e-01 0.000000e+00 -1.128977e-13 2.253958e-14 0.000000e+00
1.000000e+00 0.000000e+00 0.000000e+00 -1.114446e-13 6.455360e-28 0.000000e+00
1.000000e+00 2.500000e-01 0.000000e+00 -1.128977e-13 -2.253958e-14 0.000000e+00
1.000000e+00 5.000000e-01 0.000000e+00 -1.106413e-13 -4.459140e-14 0.000000e+00
1.000000e+00 7.500000e-01 0.000000e+00 -8.970209e-14 -5.220052e-14 0.000000e+00
1.000000e+00 1.000000e+00 0.000000e+00 -5.057387e-14 -3.576307e-14 0.000000e+00
1.000000e+00 1.250000e+00 0.000000e+00 -2.146066e-14 -1.690471e-14 0.000000e+00
1.000000e+00 1.500000e+00 0.000000e+00 -1.590427e-14 -1.750422e-14 0.000000e+00
1.000000e+00 1.750000e+00 0.000000e+00 -1.075387e-14 -1.591580e-14 0.000000e+00
1.000000e+00 2.000000e+00 0.000000e+00 -6.034094e-15 -1.129617e-14 0.000000e+00
1.000000e+00 2.250000e+00 0.000000e+00 -2.374786e-15 -5.315939e-15 0.000000e+00
1.000000e+00 2.500000e+00 0.000000e+00 -6.640991e-16 -1.716706e-15 0.000000e+00
1.250000e+00 -2.500000e+00 0.000000e+00 -4.036946e-16 8.193877e-16 0.000000e+00
1.250000e+00 -2.250000e+00 0.000000e+00 -1.600167e-15 2.810966e-15 0.000000e+00
1.250000e+00 -2.000000e+00 0.000000e+00 -4.395001e-15 6.473350e-15 0.000000e+00
1.250000e+00 -1.750000e+00 0.000000e+00 -8.855159e-15 1.044744e-14 0.000000e+00
1.250000e+00 -1.500000e+00 0.000000e+00 -1.435873e-14 1.280577e-14 0.000000e+00
1.250000e+00 -1.250000e+00 0.000000e+00 -1.855428e-14 1.158418e-14 0.000000e+00
1.250000e+00 -1.000000e+00 0.000000e+00 -2.257785e-14 9.406095e-15 0.000000e+00
1.250000e+00 -7.500000e-01 0.000000e+00 -4.462494e-14 1.675475e-14 0.000000e+00
1.250000e+00 -5.000000e-01 0.000000e+00 -7.998228e-14 2.300411e-14 0.000000e+00
1.250000e+00 -2.500000e-01 0.000000e+00 -1.077676e-13 1.632759e-14 0.000000e+00
1.250000e+00 0.000000e+00 0.000000e+00 -1.174798e-13 -1.367105e-28 0.000000e+00
1.250000e+00 2.500000e-01 0.000000e+00 -1.077676e-13 -1.632759e-14 0.000000e+00
1.250000e+00 5.000000e-01 0.000000e+00 -7.998228e-14 -2.300411e-14 0.000000e+00
1.250000e+00 7.500000e-01 0.000000e+00 -4.462494e-14 -1.675475e-14 0.000000e+00
1.250000e+00 1.000000e+00 0.000000e+00 -2.257785e-14 -9.406095e-15 0.000000e+00
1.250000e+00 1.250000e+00 0.000000e+00 -1.855428e-14 -1.158418e-14 0.000000e+00
1.250000e+00 1.500000e+00 0.000000e+00 -1.435873e-14 -1.280577e-14 0.000000e+00
1.250000e+00 1.750000e+00 0.000000e+00 -8.855159e-15 -1.044744e-14 0.000000e+00
1.250000e+00 2.000000e+00 0.000000e+00 -4.395001e-15 -6.473350e-15 0.000000e+00
1.250000e+00 2.250000e+00 0.000000e+00 -1.600167e-15 -2.810966e-15 0.000000e+00
1.250000e+00 2.500000e+00 0.000000e+00 -4.036946e-16 -8.193877e-16 0.000000e+00
1.500000e+00 -2.500000e+00 0.000000e+00 -1.862333e-16 3.089850e-16 0.000000e+00
1.500000e+00 -2.250000e+00 0.000000e+00 -8.152525e-16 1.171548e-15 0.000000e+00
1.500000e+00 -2.000000e+00 0.000000e+00 -2.580032e-15 3.122618e-15 0.000000e+00
1.500000e+00 -1.750000e+00 0.000000e+00 -5.947434e-15 5.826386e-15 0.000000e+00
1.500000e+00 -1.500000e+00 0.000000e+00 -1.012653e-14 7.545368e-15 0.000000e+00
1.500000e+00 -1.250000e+00 0.000000e+00 -1.493461e-14 8.024057e-15 0.000000e+00
1.500000e+00 -1.000000e+00 0.000000e+00 -1.925694e-14 7.072527e-15 0.000000e+00
1.500000e+00 -7.500000e-01 0.000000e+00 -1.929085e-14 3.874232e-15 0.000000e+00
1.500000e+00 -5.000000e-01 0.000000e+00 -2.217261e-14 2.533027e-15 0.000000e+00
1.500000e+00 -2.500000e-01 0.000000e+00 -2.962704e-14 2.021378e-15 0.000000e+00
1.500000e+00 0.000000e+00 0.000000e+00 -3.375237e-14 1.509335e-29 0.000000e+00
1.500000e+00 2.500000e-01 0.000000e+00 -2.962704e-14 -2.021378e-15 0.000000e+00
1.500000e+00 5.000000e-01 0.000000e+00 -2.217261e-14 -2.533027e-15 0.000000e+00
1.500000e+00 7.500000e-01 0.000000e+00 -1.929085e-14 -3.874232e-15 0.000000e+00
1.500000e+00 1.000000e+00 0.000000e+00 -1.925694e-14 -7.072527e-15 0.000000e+00
1.500000e+00 1.250000e+00 0.000000e+00 -1.493461e-14 -8.024057e-15 0.000000e+00
1.500000e+00 1.500000e+00 0.000000e+00 -1.012653e-14 -7.545368e-15 0.000000e+00
1.500000e+00 1.750000e+00 0.000000e+00 -5.947434e-15 -5.826386e-15 0.000000e+00
1.500000e+00 2.000000e+00 0.000000e+00 -2.580032e-15 -3.122618e-15 0.000000e+00
1.500000e+00 2.250000e+00 0.000000e+00 -8.152525e-16 -1.171548e-15 0.000000e+00
1.500000e+00 2.500000e+00 0.000000e+00 -1.862333e-16 -3.089850e-16 0.000000e+00
1.750000e+00 -2.500000e+00 0.000000e+00 -6.674322e-17 9.320167e-17 0.000000e+00
1.750000e+00 -2.250000e+00 0.000000e+00 -3.248623e-16 3.932108e-16 0.000000e+00
1.750000e+00 -2.000000e+00 0.000000e+00 -1.138311e-15 1.162989e-15 0.000000e+00
1.750000e+00 -1.750000e+00 0.000000e+00 -2.988698e-15 2.490450e-15 0.000000e+00
1.750000e+00 -1.500000e+00 0.000000e+00 -5.991193e-15 3.892232e-15 0.000000e+00
1.750000e+00 -1.250000e+00 0.000000e+00 -9.416018e-15 4.451829e-15 0.000000e+00
1.750000e+00 -1.000000e+00 0.000000e+00 -1.208086e-14 3.774915e-15 0.000000e+00
1.750000e+00 -7.500000e-01 0.000000e+00 -1.584121e-14 3.293988e-15 0.000000e+00
1.750000e+00 -5.000000e-01 0.000000e+00 -1.843601e-14 2.293317e-15 0.000000e+00
1.750000e+00 -2.500000e-01 0.000000e+00 -1.886682e-14 1.011520e-15 0.000000e+00
1.750000e+00 0.000000e+00 0.000000e+00 -1.873538e-14 6.618438e-33 0.000000e+00
1.750000e+00 2.500000e-01 0.000000e+00 -1.886682e-14 -1.011520e-15 0.000000e+00
1.750000e+00 5.000000e-01 0.000000e+00 -1.843601e-14 -2.293317e-15 0.000000e+00
1.750000e+00 7.500000e-01 0.000000e+00 -1.584121e-14 -3.293988e-15 0.000000e+00
1.750000e+00 1.000000e+00 0.000000e+00 -1.208086e-14 -3.774915e-15 0.000000e+00
1.750000e+00 1.250000e+00 0.000000e+00 -9.416018e-15 -4.451829e-15 0.000000e+00
1.750000e+00 1.500000e+00 0.000000e+00 -5.991193e-15 -3.892232e-15 0.000000e+00
1.750000e+00 1.750000e+00 0.000000e+00 -2.988698e-15 -2.490450e-15 0.000000e+00
1.750000e+00 2.000000e+00 0.000000e+00 -1.138311e-15 -1.162989e-15 0.000000e+00
1.750000e+00 2.250000e+00 0.000000e+00 -3.248623e-16 -3.932108e-16 0.000000e+00
1.750000e+00 2.500000e+00 0.000000e+00 -6.674322e-17 -9.320167e-17 0.000000e+00
2.000000e+00 -2.500000e+00 0.000000e+00 -1.794011e-17 2.154788e-17 0.000000e+00
2.000000e+00 -2.250000e+00 0.000000e+00 -9.666995e-17 1.007495e-16 0.000000e+00
2.000000e+00 -2.000000e+00 0.000000e+00 -3.832052e-16 3.384305e-16 0.000000e+00
2.000000e+00 -1.750000e+00 0.000000e+00 -1.119831e-15 8.109264e-16 0.000000e+00
2.000000e+00 -1.500000e+00 0.000000e+00 -2.570580e-15 1.469614e-15 0.000000e+00
2.000000e+00 -1.250000e+00 0.000000e+00 -4.503412e-15 1.912477e-15 0.000000e+00
2.000000e+00 -1.000000e+00 0.000000e+00 -6.949897e-15 2.092940e-15 0.000000e+00
2.000000e+00 -7.500000e-01 0.000000e+00 -8.582543e-15 1.615825e-15 0.000000e+00
2.000000e+00 -5.000000e-01 0.000000e+00 -9.299976e-15 9.221285e-16 0.000000e+00
2.000000e+00 -2.500000e-01 0.000000e+00 -9.897000e-15 4.145663e-16 0.000000e+00
2.000000e+00 0.000000e+00 0.000000e+00 -1.018591e-14 -1.509831e-32 0.000000e+00
2.000000e+00 2.500000e-01 0.000000e+00 -9.897000e-15 -4.145663e-16 0.000000e+00
2.000000e+00 5.000000e-01 0.000000e+00 -9.299976e-15 -9.221285e-16 0.000000e+00
2.000000e+00 7.500000e-01 0.000000e+00 -8.582543e-15 -1.615825e-15 0.000000e+00
2.000000e+00 1.000000e+00 0.000000e+00 -6.949897e-15 -2.092940e-15 0.000000e+00
2.000000e+00 1.250000e+00 0.000000e+00 -4.503412e-15 -1.912477e-15 0.000000e+00
2.000000e+00 1.500000e+00 0.000000e+00 -2.570580e-15 -1.469614e-15 0.000000e+00
2.000000e+00 1.750000e+00 0.000000e+00 -1.119831e-15 -8.109264e-16 0.000000e+00
2.000000e+00 2.000000e+00 0.000000e+00 -3.832052e-16 -3.384305e-16 0.000000e+00
2.000000e+00 2.250000e+00 0.000000e+00 -9.666995e-17 -1.007495e-16 0.000000e+00
2.000000e+00 2.500000e+00 0.000000e+00 -1.794011e-17 -2.154788e-17 0.000000e+00
2.250000e+00 -2.500000e+00 0.000000e+00 -3.625389e-18 3.810868e-18 0.000000e+00
2.250000e+00 -2.250000e+00 0.000000e+00 -2.133837e-17 1.948128e-17 0.000000e+00
2.250000e+00 -2.000000e+00 0.000000e+00 -9.380238e-17 7.275595e-17 0.000000e+00
2.250000e+00 -1.750000e+00 0.000000e+00 -3.097307e-16 1.984423e-16 0.000000e+00
2.250000e+00 -1.500000e+00 0.000000e+00 -7.813482e-16 3.973395e-16 0.000000e+00
2.250000e+00 -1.250000e+00 0.000000e+00 -1.593251e-15 6.179298e-16 0.000000e+00
2.250000e+00 -1.000000e+00 0.000000e+00 -2.597813e-15 7.142366e-16 0.000000e+00
2.250000e+00 -7.500000e-01 0.000000e+00 -3.521580e-15 6.271460e-16 0.000000e+00
2.250000e+00 -5.000000e-01 0.000000e+00 -4.412818e-15 4.652168e-16 0.000000e+00
2.250000e+00 -2.500000e-01 0.000000e+00 -5.054870e-15 2.462033e-16 0.000000e+00
2.250000e+00 0.000000e+00 0.000000e+00 -5.273641e-15 8.376460e-33 0.000000e+00
2.250000e+00 2.500000e-01 0.000000e+00 -5.054870e-15 -2.462033e-16 0.000000e+00
2.250000e+00 5.000000e-01 0.000000e+00 -4.412818e-15 -4.652168e-16 0.000000e+00
2.250000e+00 7.500000e-01 0.000000e+00 -3.521580e-15 -6.271460e-16 0.000000e+00
2.250000e+00 1.000000e+00 0.000000e+00 -2.597813e-15 -7.142366e-16 0.000000e+00
2.250000e+00 1.250000e+00 0.000000e+00 -1.593251e-15 -6.179298e-16 0.000000e+00
2.250000e+00 1.500000e+00 0.000000e+00 -7.813482e-16 -3.973395e-16 0.000000e+00
2.250000e+00 1.750000e+00 0.000000e+00 -3.097307e-16 -1.984423e-16 0.000000e+00
2.250000e+00 2.000000e+00 0.000000e+00 -9.380238e-17 -7.275595e-17 0.000000e+00
2.250000e+00 2.250000e+00 0.000000e+00 -2.133837e-17 -1.948128e-17 0.000000e+00
2.250000e+00 2.500000e+00 0.000000e+00 -3.625389e-18 -3.810868e-18 0.000000e+00
2.500000e+00 -2.500000e+00 0.000000e+00 -5.461098e-19 5.098039e-19 0.000000e+00
2.500000e+00 -2.250000e+00 0.000000e+00 -3.484411e-18 2.828238e-18 0.000000e+00
2.500000e+00 -2.000000e+00 0.000000e+00 -1.671838e-17 1.155130e-17 0.000000e+00
2.500000e+00 -1.750000e+00 0.000000e+00 -6.105255e-17 3.500324e-17 0.000000e+00
2.500000e+00 -1.500000e+00 0.000000e+00 -1.701544e-16 7.804427e-17 0.000000e+00
2.500000e+00 -1.250000e+00 0.000000e+00 -3.832179e-16 1.352558e-16 0.000000e+00
2.500000e+00 -1.000000e+00 0.000000e+00 -6.792509e-16 1.724183e-16 0.000000e+00
2.500000e+00 -7.500000e-01 0.000000e+00 -1.027997e-15 1.755576e-16 0.000000e+00
2.500000e+00 -5.000000e-01 0.000000e+00 -1.365084e-15 1.404532e-16 0.000000e+00
2.500000e+00 -2.500000e-01 0.000000e+00 -1.584923e-15 7.490572e-17 0.000000e+00
2.500000e+00 0.000000e+00 0.000000e+00 -1.656912e-15 1.415467e-32 0.000000e+00
2.500000e+00 2.500000e-01 0.000000e+00 -1.584923e-15 -7.490572e-17 0.000000e+00
2.500000e+00 5.000000e-01 0.000000e+00 -1.365084e-15 -1.404532e-16 0.000000e+00
2.500000e+00 7.500000e-01 0.000000e+00 -1.027997e-15 -1.755576e-16 0.000000e+00
2.500000e+00 1.000000e+00 0.000000e+00 -6.792509e-16 -1.724183e-16 0.000000e+00
2.500000e+00 1.250000e+00 0.000000e+00 -3.832179e-16 -1.352558e-16 0.000000e+00
2.500000e+00 1.500000e+00 0.000000e+00 -1.701544e-16 -7.804427e-17 0.000000e+00
2.500000e+00 1.750000e+00 0.000000e+00 -6.105255e-17 -3.500324e-17 0.000000e+00
2.500000e+00 2.000000e+00 0.000000e+00 -1.671838e-17 -1.155130e-17 0.000000e+00
2.500000e+00 2.250000e+00 0.000000e+00 -3.484411e-18 -2.828238e-18 0.000000e+00
2.500000e+00 2.500000e+00 0.000000e+00 -5.461098e-19 -5.098039e-19 0.000000e+00
