x y z ADDATime OurCalcTime
0.0000000000 -4.0000000000 0.0000000000 0.0000000000 48.9000000000
0.0000000000 -3.0000000000 0.0000000000 0.0000000000 53.9400000000
0.0000000000 -2.0000000000 0.0000000000 0.0000000000 50.4900000000
0.0000000000 -1.0000000000 0.0000000000 0.0000000000 66.0600000000
0.0000000000 -0.0000000000 0.0000000000 0.0100000000 62.1500000000
0.0000000000 1.0000000000 0.0000000000 0.0000000000 87.7400000000
0.0000000000 1.9000000000 0.0000000000 0.0000000000 86.7400000000
0.0000000000 2.9000000000 0.0000000000 0.0000000000 88.1200000000
0.0000000000 3.9000000000 0.0000000000 0.0100000000 69.0700000000
0.0000000000 5.0000000000 0.0000000000 0.0000000000 58.9100000000
0.0000000000 0.0000000000 0.0000000000 0.0000000000 0.0000000000
