Iteration# z ADDATime OurCalcTime
1.0000000000 -0.0500000000 0.0000000000 64.4200000000
2.0000000000 0.0000000000 0.0100000000 64.8300000000
3.0000000000 0.0500000000 0.0000000000 51.9100000000
4.0000000000 0.0250000000 0.0000000000 33.0800000000
5.0000000000 0.0125000000 0.0100000000 34.3000000000
6.0000000000 0.0062500000 0.0000000000 61.3200000000
7.0000000000 0.0125000000 0.0000000000 37.5600000000
8.0000000000 0.0093750000 0.0000000000 33.4700000000
9.0000000000 0.0078125000 0.0000000000 55.1900000000
10.0000000000 0.0070312500 0.0100000000 41.1600000000
11.0000000000 0.0066406250 0.0100000000 64.4300000000
12.0000000000 0.0070312500 0.0000000000 51.2000000000
13.0000000000 0.0068359375 0.0000000000 33.5200000000
14.0000000000 0.0067382813 0.0100000000 33.0600000000
15.0000000000 0.0066894531 0.0000000000 37.8200000000
16.0000000000 0.0067382813 0.0000000000 59.5900000000
17.0000000000 0.0067138672 0.0000000000 56.3300000000
18.0000000000 0.0067382813 0.0100000000 54.2400000000
19.0000000000 0.0067260742 0.0000000000 66.7300000000
20.0000000000 0.0067199707 0.0000000000 50.1600000000
21.0000000000 0.0067260742 0.0000000000 44.8000000000
22.0000000000 0.0067230225 0.0000000000 33.6200000000
23.0000000000 0.0067214966 0.0000000000 50.8600000000
24.0000000000 0.0067230225 0.0000000000 35.3600000000
25.0000000000 0.0067222595 0.0000000000 34.0900000000
26.0000000000 0.0067230225 0.0000000000 46.9300000000
27.0000000000 0.0067226410 0.0100000000 66.8800000000
28.0000000000 0.0067230225 0.0000000000 61.5800000000
29.0000000000 0.0067228317 0.0000000000 51.4400000000
30.0000000000 0.0067230225 0.0100000000 53.2600000000
31.0000000000 0.0067229271 0.0100000000 48.8000000000
32.0000000000 0.0067228794 0.0000000000 49.6600000000
33.0000000000 0.0067228556 0.0100000000 38.7700000000
34.0000000000 0.0067228436 0.0000000000 45.5100000000
35.0000000000 0.0067228556 0.0000000000 31.3500000000
36.0000000000 0.0067228496 0.0000000000 42.5900000000
37.0000000000 0.0067228466 0.0000000000 47.9200000000
38.0000000000 0.0067228496 0.0000000000 52.4000000000
39.0000000000 0.0067228481 0.0100000000 35.3700000000
40.0000000000 0.0067228496 0.0100000000 46.9600000000
41.0000000000 0.0067228489 0.0100000000 44.6200000000
42.0000000000 0.0067228485 0.0000000000 45.8400000000
43.0000000000 0.0067228483 0.0000000000 43.7800000000
44.0000000000 0.0067228485 0.0000000000 30.7800000000
45.0000000000 0.0067228484 0.0000000000 35.1400000000
46.0000000000 0.0067228485 0.0000000000 37.1200000000
47.0000000000 0.0067228484 0.0100000000 36.2400000000
48.0000000000 0.0067228484 0.0100000000 37.1900000000
49.0000000000 0.0067228484 0.0000000000 34.5800000000
50.0000000000 0.0067228484 0.0000000000 38.8300000000
51.0000000000 0.0067228484 0.0100000000 30.1500000000
52.0000000000 0.0067228484 0.0000000000 47.4600000000
53.0000000000 0.0067228484 0.0000000000 57.4500000000
54.0000000000 0.0067228484 0.0000000000 47.9700000000
55.0000000000 0.0067228484 0.0000000000 49.7400000000
56.0000000000 0.0067228484 0.0100000000 57.2700000000
57.0000000000 0.0067228484 0.0000000000 48.8100000000
58.0000000000 0.0067228484 0.0000000000 47.1600000000
59.0000000000 0.0067228484 0.0000000000 50.8700000000
60.0000000000 0.0067228484 0.0100000000 51.5800000000
61.0000000000 0.0067228484 0.0000000000 50.9300000000
62.0000000000 0.0067228484 0.0000000000 52.0700000000
63.0000000000 0.0067228484 0.0000000000 52.3100000000
64.0000000000 0.0067228484 0.0100000000 50.9000000000
65.0000000000 0.0067228484 0.0000000000 44.8900000000
66.0000000000 0.0067228484 0.0000000000 45.1600000000
67.0000000000 0.0067228484 0.0000000000 45.0500000000
68.0000000000 0.0067228484 0.0000000000 46.5900000000
69.0000000000 0.0067228484 0.0000000000 45.9700000000
70.0000000000 0.0067228484 0.0000000000 46.7800000000
71.0000000000 0.0067228484 0.0100000000 46.3400000000
72.0000000000 0.0067228484 0.0000000000 49.1700000000
73.0000000000 0.0067228484 0.0000000000 54.6300000000
74.0000000000 0.0067228484 0.0100000000 49.2900000000
75.0000000000 0.0067228484 0.0000000000 44.5100000000
76.0000000000 0.0067228484 0.0000000000 44.9800000000
77.0000000000 0.0067228484 0.0000000000 35.9800000000
78.0000000000 0.0067228484 0.0100000000 31.6400000000
79.0000000000 0.0067228484 0.0000000000 30.3700000000
80.0000000000 0.0067228484 0.0100000000 30.8400000000
81.0000000000 0.0067228484 0.0000000000 35.2500000000
82.0000000000 0.0067228484 0.0000000000 45.2000000000
83.0000000000 0.0067228484 0.0000000000 35.5800000000
84.0000000000 0.0067228484 0.0000000000 48.0100000000
85.0000000000 0.0067228484 0.0100000000 29.4800000000
86.0000000000 0.0067228484 0.0100000000 30.6800000000
87.0000000000 0.0067228484 0.0000000000 36.1400000000
88.0000000000 0.0067228484 0.0000000000 35.2100000000
89.0000000000 0.0067228484 0.0100000000 47.1100000000
90.0000000000 0.0067228484 0.0000000000 30.7400000000
91.0000000000 0.0067228484 0.0000000000 34.1300000000
92.0000000000 0.0067228484 0.0000000000 30.2900000000
93.0000000000 0.0067228484 0.0000000000 31.1600000000
94.0000000000 0.0067228484 0.0000000000 31.4400000000
95.0000000000 0.0067228484 0.0000000000 34.4900000000
96.0000000000 0.0067228484 0.0100000000 42.1800000000
97.0000000000 0.0067228484 0.0000000000 38.2700000000
98.0000000000 0.0067228484 0.0000000000 52.0900000000
99.0000000000 0.0067228484 0.0000000000 39.9900000000
100.0000000000 0.0067228484 0.0000000000 37.2800000000
