0.0000000000 -5.0000000000 0.0000000000 -0.0000000000 -0.0000000000 0.0000000000
0.0000000000 -4.9000000000 0.0000000000 -0.0000000000 -0.0000000000 0.0000000000
0.0000000000 -4.8000000000 0.0000000000 -0.0000000000 -0.0000000000 0.0000000000
0.0000000000 -4.7000000000 0.0000000000 -0.0000000000 -0.0000000000 0.0000000000
0.0000000000 -4.6000000000 0.0000000000 -0.0000000000 -0.0000000000 0.0000000000
0.0000000000 -4.5000000000 0.0000000000 -0.0000000000 -0.0000000000 0.0000000000
0.0000000000 -4.4000000000 0.0000000000 -0.0000000000 -0.0000000000 0.0000000000
0.0000000000 -4.3000000000 0.0000000000 0.0000000000 -0.0000000000 0.0000000000
0.0000000000 -4.2000000000 0.0000000000 0.0000000000 -0.0000000000 0.0000000000
0.0000000000 -4.1000000000 0.0000000000 0.0000000000 -0.0000000000 0.0000000000
0.0000000000 -4.0000000000 0.0000000000 0.0000000000 -0.0000000001 0.0000000000
0.0000000000 -3.9000000000 0.0000000000 0.0000000000 -0.0000000002 0.0000000000
0.0000000000 -3.8000000000 0.0000000000 0.0000000000 -0.0000000004 0.0000000001
0.0000000000 -3.7000000000 0.0000000000 0.0000000000 -0.0000000014 0.0000000002
0.0000000000 -3.6000000000 0.0000000000 0.0000000000 -0.0000000061 0.0000000000
0.0000000000 -3.5000000000 0.0000000000 -0.0000000000 -0.0000000278 0.0000000004
0.0000000000 -3.4000000000 0.0000000000 -0.0000000000 -0.0000001155 0.0000000080
0.0000000000 -3.3000000000 0.0000000000 -0.0000000000 -0.0000004235 0.0000000563
0.0000000000 -3.2000000000 0.0000000000 -0.0000000000 -0.0000013804 0.0000002669
0.0000000000 -3.1000000000 0.0000000000 -0.0000000001 -0.0000040522 0.0000010058
0.0000000000 -3.0000000000 0.0000000000 -0.0000000002 -0.0000108433 0.0000032240
0.0000000000 -2.9000000000 0.0000000000 -0.0000000002 -0.0000267147 0.0000091090
0.0000000000 -2.8000000000 0.0000000000 0.0000000004 -0.0000610888 0.0000231782
0.0000000000 -2.7000000000 0.0000000000 0.0000000024 -0.0001305135 0.0000538733
0.0000000000 -2.6000000000 0.0000000000 0.0000000082 -0.0002619513 0.0001155376
0.0000000000 -2.5000000000 0.0000000000 0.0000000219 -0.0004962428 0.0002303599
0.0000000000 -2.4000000000 0.0000000000 0.0000000523 -0.0008909323 0.0004295255
0.0000000000 -2.3000000000 0.0000000000 0.0000001170 -0.0015214116 0.0007526234
0.0000000000 -2.2000000000 0.0000000000 0.0000002529 -0.0024791728 0.0012444443
0.0000000000 -2.1000000000 0.0000000000 0.0000005335 -0.0038664468 0.0019489452
0.0000000000 -2.0000000000 0.0000000000 0.0000010970 -0.0057866972 0.0029014163
0.0000000000 -1.9000000000 0.0000000000 0.0000021807 -0.0083319449 0.0041208251
0.0000000000 -1.8000000000 0.0000000000 0.0000041549 -0.0115674158 0.0056062638
0.0000000000 -1.7000000000 0.0000000000 0.0000075353 -0.0155170656 0.0073397358
0.0000000000 -1.6000000000 0.0000000000 0.0000129479 -0.0201500262 0.0092994349
0.0000000000 -1.5000000000 0.0000000000 0.0000210202 -0.0253708933 0.0114801153
0.0000000000 -1.4000000000 0.0000000000 0.0000321791 -0.0310157229 0.0139196318
0.0000000000 -1.3000000000 0.0000000000 0.0000463740 -0.0368527819 0.0167201756
0.0000000000 -1.2000000000 0.0000000000 0.0000627544 -0.0425893271 0.0200575741
0.0000000000 -1.1000000000 0.0000000000 0.0000794236 -0.0478811935 0.0241678109
0.0000000000 -1.0000000000 0.0000000000 0.0000933013 -0.0523535964 0.0293086466
0.0000000000 -0.9000000000 0.0000000000 0.0001003305 -0.0556210684 0.0356940067
0.0000000000 -0.8000000000 0.0000000000 0.0000959964 -0.0573147009 0.0434234018
0.0000000000 -0.7000000000 0.0000000000 0.0000761276 -0.0571177304 0.0524008925
0.0000000000 -0.6000000000 0.0000000000 0.0000378056 -0.0548004258 0.0622976009
0.0000000000 -0.5000000000 0.0000000000 -0.0000195603 -0.0502517441 0.0725392019
0.0000000000 -0.4000000000 0.0000000000 -0.0000937131 -0.0435078967 0.0823563285
0.0000000000 -0.3000000000 0.0000000000 -0.0001793292 -0.0347647681 0.0908782920
0.0000000000 -0.2000000000 0.0000000000 -0.0002685726 -0.0243758612 0.0972619401
0.0000000000 -0.1000000000 0.0000000000 -0.0003521088 -0.0128306353 0.1008298057
0.0000000000 -0.0000000000 0.0000000000 -0.0004207577 -0.0007148511 0.1011857228
0.0000000000 0.1000000000 0.0000000000 -0.0004670612 0.0113411087 0.0982893169
0.0000000000 0.2000000000 0.0000000000 -0.0004862872 0.0227198117 0.0924568688
0.0000000000 0.3000000000 0.0000000000 -0.0004774311 0.0328705555 0.0843136014
0.0000000000 0.4000000000 0.0000000000 -0.0004432216 0.0413544473 0.0746814697
0.0000000000 0.5000000000 0.0000000000 -0.0003893257 0.0478716064 0.0644493666
0.0000000000 0.6000000000 0.0000000000 -0.0003231640 0.0522726599 0.0544331976
0.0000000000 0.7000000000 0.0000000000 -0.0002526552 0.0545525392 0.0452710220
0.0000000000 0.8000000000 0.0000000000 -0.0001848862 0.0548319692 0.0373603432
0.0000000000 0.9000000000 0.0000000000 -0.0001251923 0.0533316976 0.0308474809
0.0000000000 1.0000000000 0.0000000000 -0.0000767841 0.0503419653 0.0256654109
0.0000000000 1.1000000000 0.0000000000 -0.0000406299 0.0461972749 0.0215980970
0.0000000000 1.2000000000 0.0000000000 -0.0000160468 0.0412464581 0.0183627806
0.0000000000 1.3000000000 0.0000000000 -0.0000011510 0.0358345983 0.0156816915
0.0000000000 1.4000000000 0.0000000000 0.0000064459 0.0302819338 0.0133340569
0.0000000000 1.5000000000 0.0000000000 0.0000091382 0.0248695135 0.0111807286
0.0000000000 1.6000000000 0.0000000000 0.0000089634 0.0198263008 0.0091637324
0.0000000000 1.7000000000 0.0000000000 0.0000074352 0.0153204601 0.0072871114
0.0000000000 1.8000000000 0.0000000000 0.0000055333 0.0114557686 0.0055895020
0.0000000000 1.9000000000 0.0000000000 0.0000037920 0.0082733050 0.0041160065
0.0000000000 2.0000000000 0.0000000000 0.0000024269 0.0057586407 0.0028987149
0.0000000000 2.1000000000 0.0000000000 0.0000014636 0.0038545082 0.0019457001
0.0000000000 2.2000000000 0.0000000000 0.0000008369 0.0024749505 0.0012407638
0.0000000000 2.3000000000 0.0000000000 0.0000004556 0.0015203783 0.0007492475
0.0000000000 2.4000000000 0.0000000000 0.0000002366 0.0008909682 0.0004269214
0.0000000000 2.5000000000 0.0000000000 0.0000001172 0.0004964893 0.0002286154
0.0000000000 2.6000000000 0.0000000000 0.0000000552 0.0002621472 0.0001145064
0.0000000000 2.7000000000 0.0000000000 0.0000000246 0.0001306220 0.0000533296
0.0000000000 2.8000000000 0.0000000000 0.0000000102 0.0000611372 0.0000229225
0.0000000000 2.9000000000 0.0000000000 0.0000000039 0.0000267326 0.0000090026
0.0000000000 3.0000000000 0.0000000000 0.0000000014 0.0000108486 0.0000031854
0.0000000000 3.1000000000 0.0000000000 0.0000000004 0.0000040534 0.0000009941
0.0000000000 3.2000000000 0.0000000000 0.0000000001 0.0000013805 0.0000002643
0.0000000000 3.3000000000 0.0000000000 0.0000000000 0.0000004235 0.0000000560
0.0000000000 3.4000000000 0.0000000000 0.0000000000 0.0000001155 0.0000000081
0.0000000000 3.5000000000 0.0000000000 0.0000000000 0.0000000278 0.0000000005
0.0000000000 3.6000000000 0.0000000000 0.0000000000 0.0000000061 0.0000000001
0.0000000000 3.7000000000 0.0000000000 0.0000000000 0.0000000014 0.0000000002
0.0000000000 3.8000000000 0.0000000000 0.0000000000 0.0000000004 0.0000000001
0.0000000000 3.9000000000 0.0000000000 -0.0000000000 0.0000000002 0.0000000000
0.0000000000 4.0000000000 0.0000000000 -0.0000000000 0.0000000001 0.0000000000
0.0000000000 4.1000000000 0.0000000000 -0.0000000000 0.0000000000 0.0000000000
0.0000000000 4.2000000000 0.0000000000 0.0000000000 0.0000000000 0.0000000000
0.0000000000 4.3000000000 0.0000000000 0.0000000000 0.0000000000 0.0000000000
0.0000000000 4.4000000000 0.0000000000 0.0000000000 0.0000000000 0.0000000000
0.0000000000 4.5000000000 0.0000000000 0.0000000000 0.0000000000 0.0000000000
0.0000000000 4.6000000000 0.0000000000 0.0000000000 0.0000000000 0.0000000000
0.0000000000 4.7000000000 0.0000000000 0.0000000000 0.0000000000 0.0000000000
0.0000000000 4.8000000000 0.0000000000 0.0000000000 0.0000000000 0.0000000000
0.0000000000 4.9000000000 0.0000000000 0.0000000000 0.0000000000 0.0000000000
0.0000000000 5.0000000000 0.0000000000 0.0000000000 0.0000000000 0.0000000000
