0.0000000000 -5.0000000000 0.0000000000 -0.0000000000 -0.0000000000 0.0000000000
0.0000000000 -4.9000000000 0.0000000000 -0.0000000000 -0.0000000000 0.0000000000
0.0000000000 -4.8000000000 0.0000000000 -0.0000000000 -0.0000000000 0.0000000000
0.0000000000 -4.7000000000 0.0000000000 -0.0000000000 -0.0000000000 0.0000000000
0.0000000000 -4.6000000000 0.0000000000 -0.0000000000 -0.0000000000 0.0000000000
0.0000000000 -4.5000000000 0.0000000000 -0.0000000000 -0.0000000000 0.0000000000
0.0000000000 -4.4000000000 0.0000000000 0.0000000000 -0.0000000000 0.0000000000
0.0000000000 -4.3000000000 0.0000000000 0.0000000000 -0.0000000000 0.0000000000
0.0000000000 -4.2000000000 0.0000000000 0.0000000000 -0.0000000000 0.0000000000
0.0000000000 -4.1000000000 0.0000000000 0.0000000000 -0.0000000000 0.0000000000
0.0000000000 -4.0000000000 0.0000000000 0.0000000000 -0.0000000001 0.0000000000
0.0000000000 -3.9000000000 0.0000000000 0.0000000000 -0.0000000002 0.0000000000
0.0000000000 -3.8000000000 0.0000000000 0.0000000000 -0.0000000004 0.0000000001
0.0000000000 -3.7000000000 0.0000000000 0.0000000000 -0.0000000014 0.0000000002
0.0000000000 -3.6000000000 0.0000000000 0.0000000000 -0.0000000060 0.0000000000
0.0000000000 -3.5000000000 0.0000000000 -0.0000000000 -0.0000000276 0.0000000005
0.0000000000 -3.4000000000 0.0000000000 -0.0000000000 -0.0000001152 0.0000000085
0.0000000000 -3.3000000000 0.0000000000 -0.0000000000 -0.0000004231 0.0000000585
0.0000000000 -3.2000000000 0.0000000000 -0.0000000000 -0.0000013804 0.0000002745
0.0000000000 -3.1000000000 0.0000000000 -0.0000000000 -0.0000040544 0.0000010276
0.0000000000 -3.0000000000 0.0000000000 0.0000000001 -0.0000108523 0.0000032790
0.0000000000 -2.9000000000 0.0000000000 0.0000000010 -0.0000267402 0.0000092317
0.0000000000 -2.8000000000 0.0000000000 0.0000000039 -0.0000611475 0.0000234205
0.0000000000 -2.7000000000 0.0000000000 0.0000000120 -0.0001306288 0.0000542938
0.0000000000 -2.6000000000 0.0000000000 0.0000000317 -0.0002621457 0.0001161593
0.0000000000 -2.5000000000 0.0000000000 0.0000000750 -0.0004965154 0.0002310677
0.0000000000 -2.4000000000 0.0000000000 0.0000001634 -0.0008912223 0.0004298779
0.0000000000 -2.3000000000 0.0000000000 0.0000003338 -0.0015215163 0.0007515511
0.0000000000 -2.2000000000 0.0000000000 0.0000006481 -0.0024786678 0.0012398600
0.0000000000 -2.1000000000 0.0000000000 0.0000012062 -0.0038645136 0.0019373670
0.0000000000 -2.0000000000 0.0000000000 0.0000021637 -0.0057821687 0.0028776440
0.0000000000 -1.9000000000 0.0000000000 0.0000037479 -0.0083229852 0.0040780963
0.0000000000 -1.8000000000 0.0000000000 0.0000062640 -0.0115517685 0.0055367514
0.0000000000 -1.7000000000 0.0000000000 0.0000100746 -0.0154916710 0.0072363186
0.0000000000 -1.6000000000 0.0000000000 0.0000155373 -0.0201111844 0.0091574134
0.0000000000 -1.5000000000 0.0000000000 0.0000228693 -0.0253143988 0.0113004407
0.0000000000 -1.4000000000 0.0000000000 0.0000319682 -0.0309367584 0.0137103602
0.0000000000 -1.3000000000 0.0000000000 0.0000421774 -0.0367463021 0.0164984301
0.0000000000 -1.2000000000 0.0000000000 0.0000520389 -0.0424492806 0.0198475072
0.0000000000 -1.1000000000 0.0000000000 0.0000591889 -0.0477031964 0.0239970171
0.0000000000 -1.0000000000 0.0000000000 0.0000603877 -0.0521334492 0.0292006517
0.0000000000 -0.9000000000 0.0000000000 0.0000517894 -0.0553557629 0.0356605344
0.0000000000 -0.8000000000 0.0000000000 0.0000295452 -0.0570073492 0.0434494894
0.0000000000 -0.7000000000 0.0000000000 -0.0000093956 -0.0567764709 0.0524439988
0.0000000000 -0.6000000000 0.0000000000 -0.0000663779 -0.0544388813 0.0622791697
0.0000000000 -0.5000000000 0.0000000000 -0.0001403823 -0.0498905539 0.0723516061
0.0000000000 -0.4000000000 0.0000000000 -0.0002275967 -0.0431736820 0.0818702609
0.0000000000 -0.3000000000 0.0000000000 -0.0003214586 -0.0344879139 0.0899623787
0.0000000000 -0.2000000000 0.0000000000 -0.0004135351 -0.0241872077 0.0958014943
0.0000000000 -0.1000000000 0.0000000000 -0.0004945787 -0.0127571590 0.0987479681
0.0000000000 -0.0000000000 0.0000000000 -0.0005560494 -0.0007758933 0.0984596248
0.0000000000 0.1000000000 0.0000000000 -0.0005913467 0.0111370576 0.0949566153
0.0000000000 0.2000000000 0.0000000000 -0.0005973831 0.0223763221 0.0886156649
0.0000000000 0.3000000000 0.0000000000 -0.0005745158 0.0324038374 0.0801110094
0.0000000000 0.4000000000 0.0000000000 -0.0005265523 0.0407908111 0.0702973560
0.0000000000 0.5000000000 0.0000000000 -0.0004599495 0.0472446529 0.0600717435
0.0000000000 0.6000000000 0.0000000000 -0.0003826087 0.0516186364 0.0502391998
0.0000000000 0.7000000000 0.0000000000 -0.0003024741 0.0539059455 0.0414094318
0.0000000000 0.8000000000 0.0000000000 -0.0002264999 0.0542229204 0.0339384323
0.0000000000 0.9000000000 0.0000000000 -0.0001597808 0.0527826366 0.0279277217
0.0000000000 1.0000000000 0.0000000000 -0.0001052447 0.0498680871 0.0232637818
0.0000000000 1.1000000000 0.0000000000 -0.0000637288 0.0458031468 0.0196959360
0.0000000000 1.2000000000 0.0000000000 -0.0000343813 0.0409315624 0.0169126796
0.0000000000 1.3000000000 0.0000000000 -0.0000153202 0.0355922301 0.0146193031
0.0000000000 1.4000000000 0.0000000000 -0.0000041554 0.0301026804 0.0125878291
0.0000000000 1.5000000000 0.0000000000 0.0000014933 0.0247421324 0.0106799080
0.0000000000 1.6000000000 0.0000000000 0.0000036678 0.0197398148 0.0088442117
0.0000000000 1.7000000000 0.0000000000 0.0000039183 0.0152642996 0.0070951905
0.0000000000 1.8000000000 0.0000000000 0.0000032997 0.0114213109 0.0054821429
0.0000000000 1.9000000000 0.0000000000 0.0000024367 0.0082533547 0.0040615218
0.0000000000 2.0000000000 0.0000000000 0.0000016418 0.0057480697 0.0028747421
0.0000000000 2.1000000000 0.0000000000 0.0000010294 0.0038495310 0.0019377784
0.0000000000 2.2000000000 0.0000000000 0.0000006075 0.0024730039 0.0012401833
0.0000000000 2.3000000000 0.0000000000 0.0000003397 0.0015199146 0.0007512601
0.0000000000 2.4000000000 0.0000000000 0.0000001806 0.0008911018 0.0004292717
0.0000000000 2.5000000000 0.0000000000 0.0000000913 0.0004967742 0.0002304662
0.0000000000 2.6000000000 0.0000000000 0.0000000438 0.0002623969 0.0001157124
0.0000000000 2.7000000000 0.0000000000 0.0000000198 0.0001307908 0.0000540192
0.0000000000 2.8000000000 0.0000000000 0.0000000084 0.0000612323 0.0000232751
0.0000000000 2.9000000000 0.0000000000 0.0000000033 0.0000267783 0.0000091647
0.0000000000 3.0000000000 0.0000000000 0.0000000012 0.0000108672 0.0000032523
0.0000000000 3.1000000000 0.0000000000 0.0000000004 0.0000040594 0.0000010186
0.0000000000 3.2000000000 0.0000000000 0.0000000001 0.0000013818 0.0000002721
0.0000000000 3.3000000000 0.0000000000 0.0000000000 0.0000004234 0.0000000581
0.0000000000 3.4000000000 0.0000000000 0.0000000000 0.0000001152 0.0000000086
0.0000000000 3.5000000000 0.0000000000 0.0000000000 0.0000000276 0.0000000005
0.0000000000 3.6000000000 0.0000000000 -0.0000000000 0.0000000060 0.0000000000
0.0000000000 3.7000000000 0.0000000000 -0.0000000000 0.0000000014 0.0000000002
0.0000000000 3.8000000000 0.0000000000 -0.0000000000 0.0000000004 0.0000000001
0.0000000000 3.9000000000 0.0000000000 -0.0000000000 0.0000000002 0.0000000000
0.0000000000 4.0000000000 0.0000000000 -0.0000000000 0.0000000001 0.0000000000
0.0000000000 4.1000000000 0.0000000000 -0.0000000000 0.0000000000 0.0000000000
0.0000000000 4.2000000000 0.0000000000 0.0000000000 0.0000000000 0.0000000000
0.0000000000 4.3000000000 0.0000000000 0.0000000000 0.0000000000 0.0000000000
0.0000000000 4.4000000000 0.0000000000 0.0000000000 0.0000000000 0.0000000000
0.0000000000 4.5000000000 0.0000000000 0.0000000000 0.0000000000 0.0000000000
0.0000000000 4.6000000000 0.0000000000 0.0000000000 0.0000000000 0.0000000000
0.0000000000 4.7000000000 0.0000000000 0.0000000000 0.0000000000 0.0000000000
0.0000000000 4.8000000000 0.0000000000 0.0000000000 0.0000000000 0.0000000000
0.0000000000 4.9000000000 0.0000000000 0.0000000000 0.0000000000 0.0000000000
0.0000000000 5.0000000000 0.0000000000 0.0000000000 0.0000000000 0.0000000000
