0.0000000000 -5.0000000000 0.0000000000 -0.0000000000 -0.0000000000 0.0000000000
0.0000000000 -4.9000000000 0.0000000000 -0.0000000000 -0.0000000000 0.0000000000
0.0000000000 -4.8000000000 0.0000000000 -0.0000000000 -0.0000000000 0.0000000000
0.0000000000 -4.7000000000 0.0000000000 -0.0000000000 -0.0000000000 0.0000000000
0.0000000000 -4.6000000000 0.0000000000 0.0000000000 -0.0000000000 0.0000000000
0.0000000000 -4.5000000000 0.0000000000 0.0000000000 -0.0000000000 0.0000000000
0.0000000000 -4.4000000000 0.0000000000 0.0000000000 -0.0000000000 0.0000000000
0.0000000000 -4.3000000000 0.0000000000 0.0000000000 -0.0000000000 0.0000000000
0.0000000000 -4.2000000000 0.0000000000 0.0000000000 -0.0000000000 0.0000000000
0.0000000000 -4.1000000000 0.0000000000 0.0000000000 -0.0000000000 0.0000000000
0.0000000000 -4.0000000000 0.0000000000 0.0000000000 -0.0000000001 0.0000000000
0.0000000000 -3.9000000000 0.0000000000 -0.0000000000 -0.0000000002 0.0000000000
0.0000000000 -3.8000000000 0.0000000000 -0.0000000000 -0.0000000004 0.0000000001
0.0000000000 -3.7000000000 0.0000000000 0.0000000000 -0.0000000011 0.0000000001
0.0000000000 -3.6000000000 0.0000000000 0.0000000000 -0.0000000047 -0.0000000001
0.0000000000 -3.5000000000 0.0000000000 0.0000000000 -0.0000000223 0.0000000004
0.0000000000 -3.4000000000 0.0000000000 0.0000000000 -0.0000000967 0.0000000097
0.0000000000 -3.3000000000 0.0000000000 0.0000000001 -0.0000003665 0.0000000674
0.0000000000 -3.2000000000 0.0000000000 0.0000000002 -0.0000012248 0.0000003149
0.0000000000 -3.1000000000 0.0000000000 0.0000000006 -0.0000036656 0.0000011705
0.0000000000 -3.0000000000 0.0000000000 0.0000000017 -0.0000099601 0.0000037061
0.0000000000 -2.9000000000 0.0000000000 0.0000000050 -0.0000248461 0.0000103523
0.0000000000 -2.8000000000 0.0000000000 0.0000000137 -0.0000574095 0.0000260502
0.0000000000 -2.7000000000 0.0000000000 0.0000000353 -0.0001237487 0.0000598698
0.0000000000 -2.6000000000 0.0000000000 0.0000000837 -0.0002503177 0.0001268828
0.0000000000 -2.5000000000 0.0000000000 0.0000001838 -0.0004775216 0.0002497284
0.0000000000 -2.4000000000 0.0000000000 0.0000003764 -0.0008627628 0.0004589206
0.0000000000 -2.3000000000 0.0000000000 0.0000007254 -0.0014818465 0.0007907698
0.0000000000 -2.2000000000 0.0000000000 0.0000013268 -0.0024274064 0.0012819764
0.0000000000 -2.1000000000 0.0000000000 0.0000023262 -0.0038034655 0.0019608321
0.0000000000 -2.0000000000 0.0000000000 0.0000039456 -0.0057152825 0.0028364446
0.0000000000 -1.9000000000 0.0000000000 0.0000065275 -0.0082552355 0.0038889702
0.0000000000 -1.8000000000 0.0000000000 0.0000105976 -0.0114858363 0.0050651023
0.0000000000 -1.7000000000 0.0000000000 0.0000169639 -0.0154221167 0.0062837506
0.0000000000 -1.6000000000 0.0000000000 0.0000268230 -0.0200169726 0.0074536156
0.0000000000 -1.5000000000 0.0000000000 0.0000418899 -0.0251507961 0.0085034719
0.0000000000 -1.4000000000 0.0000000000 0.0000644924 -0.0306302146 0.0094183243
0.0000000000 -1.3000000000 0.0000000000 0.0000976593 -0.0361932549 0.0102738903
0.0000000000 -1.2000000000 0.0000000000 0.0001450100 -0.0415246536 0.0112553268
0.0000000000 -1.1000000000 0.0000000000 0.0002106651 -0.0462751659 0.0126518872
0.0000000000 -1.0000000000 0.0000000000 0.0002987451 -0.0500875566 0.0148192175
0.0000000000 -0.9000000000 0.0000000000 0.0004127653 -0.0526254842 0.0181111021
0.0000000000 -0.8000000000 0.0000000000 0.0005548492 -0.0535959485 0.0227886770
0.0000000000 -0.7000000000 0.0000000000 0.0007247728 -0.0527782468 0.0289414050
0.0000000000 -0.6000000000 0.0000000000 0.0009192132 -0.0500422242 0.0364145408
0.0000000000 -0.5000000000 0.0000000000 0.0011311386 -0.0453626948 0.0447841598
0.0000000000 -0.4000000000 0.0000000000 0.0013499493 -0.0388325287 0.0533900109
0.0000000000 -0.3000000000 0.0000000000 0.0015618179 -0.0306606756 0.0614181640
0.0000000000 -0.2000000000 0.0000000000 0.0017503631 -0.0211657492 0.0680207987
0.0000000000 -0.1000000000 0.0000000000 0.0019004555 -0.0107572518 0.0724538036
0.0000000000 -0.0000000000 0.0000000000 0.0019987196 0.0000909170 0.0742107706
0.0000000000 0.1000000000 0.0000000000 0.0020354258 0.0108743880 0.0731046557
0.0000000000 0.2000000000 0.0000000000 0.0020070252 0.0210960087 0.0692983751
0.0000000000 0.3000000000 0.0000000000 0.0019157096 0.0303036655 0.0632718006
0.0000000000 0.4000000000 0.0000000000 0.0017696207 0.0381217174 0.0557346529
0.0000000000 0.5000000000 0.0000000000 0.0015817744 0.0442737388 0.0474993116
0.0000000000 0.6000000000 0.0000000000 0.0013676248 0.0485956591 0.0393487162
0.0000000000 0.7000000000 0.0000000000 0.0011431644 0.0510381031 0.0319219939
0.0000000000 0.8000000000 0.0000000000 0.0009231207 0.0516589537 0.0256384658
0.0000000000 0.9000000000 0.0000000000 0.0007194350 0.0506088090 0.0206727877
0.0000000000 1.0000000000 0.0000000000 0.0005404381 0.0481116172 0.0169747387
0.0000000000 1.1000000000 0.0000000000 0.0003906151 0.0444472204 0.0143334708
0.0000000000 1.2000000000 0.0000000000 0.0002709877 0.0399267450 0.0124505947
0.0000000000 1.3000000000 0.0000000000 0.0001798898 0.0348738088 0.0110222398
0.0000000000 1.4000000000 0.0000000000 0.0001137716 0.0296030650 0.0097946578
0.0000000000 1.5000000000 0.0000000000 0.0000681461 0.0244002668 0.0086018361
0.0000000000 1.6000000000 0.0000000000 0.0000383379 0.0195051628 0.0073700140
0.0000000000 1.7000000000 0.0000000000 0.0000200019 0.0150998258 0.0061027061
0.0000000000 1.8000000000 0.0000000000 0.0000094779 0.0113015477 0.0048517261
0.0000000000 1.9000000000 0.0000000000 0.0000039178 0.0081626923 0.0036862012
0.0000000000 2.0000000000 0.0000000000 0.0000012775 0.0056775624 0.0026673052
0.0000000000 2.1000000000 0.0000000000 0.0000002021 0.0037943838 0.0018328784
0.0000000000 2.2000000000 0.0000000000 -0.0000001290 0.0024305158 0.0011928713
0.0000000000 2.3000000000 0.0000000000 -0.0000001627 0.0014881917 0.0007332388
0.0000000000 2.4000000000 0.0000000000 -0.0000001118 0.0008684232 0.0004243730
0.0000000000 2.5000000000 0.0000000000 -0.0000000591 0.0004813673 0.0002304235
0.0000000000 2.6000000000 0.0000000000 -0.0000000255 0.0002525189 0.0001168655
0.0000000000 2.7000000000 0.0000000000 -0.0000000090 0.0001248373 0.0000550607
0.0000000000 2.8000000000 0.0000000000 -0.0000000025 0.0000578770 0.0000239288
0.0000000000 2.9000000000 0.0000000000 -0.0000000005 0.0000250184 0.0000095015
0.0000000000 3.0000000000 0.0000000000 -0.0000000000 0.0000100125 0.0000034012
0.0000000000 3.1000000000 0.0000000000 -0.0000000000 0.0000036777 0.0000010757
0.0000000000 3.2000000000 0.0000000000 -0.0000000000 0.0000012263 0.0000002908
0.0000000000 3.3000000000 0.0000000000 -0.0000000000 0.0000003662 0.0000000632
0.0000000000 3.4000000000 0.0000000000 -0.0000000000 0.0000000965 0.0000000096
0.0000000000 3.5000000000 0.0000000000 -0.0000000000 0.0000000223 0.0000000006
0.0000000000 3.6000000000 0.0000000000 0.0000000000 0.0000000048 0.0000000000
0.0000000000 3.7000000000 0.0000000000 0.0000000000 0.0000000011 0.0000000001
0.0000000000 3.8000000000 0.0000000000 0.0000000000 0.0000000004 0.0000000001
0.0000000000 3.9000000000 0.0000000000 0.0000000000 0.0000000002 0.0000000000
0.0000000000 4.0000000000 0.0000000000 -0.0000000000 0.0000000001 0.0000000000
0.0000000000 4.1000000000 0.0000000000 -0.0000000000 0.0000000000 0.0000000000
0.0000000000 4.2000000000 0.0000000000 -0.0000000000 0.0000000000 0.0000000000
0.0000000000 4.3000000000 0.0000000000 -0.0000000000 0.0000000000 0.0000000000
0.0000000000 4.4000000000 0.0000000000 -0.0000000000 0.0000000000 0.0000000000
0.0000000000 4.5000000000 0.0000000000 0.0000000000 0.0000000000 0.0000000000
0.0000000000 4.6000000000 0.0000000000 0.0000000000 0.0000000000 0.0000000000
0.0000000000 4.7000000000 0.0000000000 0.0000000000 0.0000000000 0.0000000000
0.0000000000 4.8000000000 0.0000000000 0.0000000000 0.0000000000 0.0000000000
0.0000000000 4.9000000000 0.0000000000 0.0000000000 0.0000000000 0.0000000000
0.0000000000 5.0000000000 0.0000000000 0.0000000000 0.0000000000 0.0000000000
