0.0000000000 -5.0000000000 0.0000000000 0.0000000000 -0.0000000000 0.0000000000
0.0000000000 -4.9000000000 0.0000000000 0.0000000000 -0.0000000000 0.0000000000
0.0000000000 -4.8000000000 0.0000000000 0.0000000000 -0.0000000000 0.0000000000
0.0000000000 -4.7000000000 0.0000000000 0.0000000000 -0.0000000000 0.0000000000
0.0000000000 -4.6000000000 0.0000000000 0.0000000000 -0.0000000000 0.0000000000
0.0000000000 -4.5000000000 0.0000000000 0.0000000000 -0.0000000000 0.0000000000
0.0000000000 -4.4000000000 0.0000000000 0.0000000000 -0.0000000000 0.0000000000
0.0000000000 -4.3000000000 0.0000000000 0.0000000000 -0.0000000000 0.0000000000
0.0000000000 -4.2000000000 0.0000000000 0.0000000000 -0.0000000000 0.0000000000
0.0000000000 -4.1000000000 0.0000000000 0.0000000000 -0.0000000000 0.0000000000
0.0000000000 -4.0000000000 0.0000000000 0.0000000000 -0.0000000001 0.0000000000
0.0000000000 -3.9000000000 0.0000000000 0.0000000000 -0.0000000002 0.0000000000
0.0000000000 -3.8000000000 0.0000000000 0.0000000000 -0.0000000004 0.0000000001
0.0000000000 -3.7000000000 0.0000000000 0.0000000000 -0.0000000009 -0.0000000000
0.0000000000 -3.6000000000 0.0000000000 0.0000000001 -0.0000000037 0.0000000001
0.0000000000 -3.5000000000 0.0000000000 0.0000000004 -0.0000000189 0.0000000036
0.0000000000 -3.4000000000 0.0000000000 0.0000000015 -0.0000000875 0.0000000276
0.0000000000 -3.3000000000 0.0000000000 0.0000000051 -0.0000003459 0.0000001353
0.0000000000 -3.2000000000 0.0000000000 0.0000000163 -0.0000011877 0.0000005227
0.0000000000 -3.1000000000 0.0000000000 0.0000000477 -0.0000036177 0.0000017123
0.0000000000 -3.0000000000 0.0000000000 0.0000001281 -0.0000099450 0.0000049378
0.0000000000 -2.9000000000 0.0000000000 0.0000003169 -0.0000249961 0.0000128137
0.0000000000 -2.8000000000 0.0000000000 0.0000007257 -0.0000580130 0.0000303597
0.0000000000 -2.7000000000 0.0000000000 0.0000015432 -0.0001252862 0.0000663528
0.0000000000 -2.6000000000 0.0000000000 0.0000030588 -0.0002533248 0.0001348043
0.0000000000 -2.5000000000 0.0000000000 0.0000056723 -0.0004819890 0.0002561512
0.0000000000 -2.4000000000 0.0000000000 0.0000098838 -0.0008666032 0.0004576063
0.0000000000 -2.3000000000 0.0000000000 0.0000162626 -0.0014777310 0.0007721700
0.0000000000 -2.2000000000 0.0000000000 0.0000254241 -0.0023972991 0.0012362405
0.0000000000 -2.1000000000 0.0000000000 0.0000380685 -0.0037101998 0.0018865124
0.0000000000 -2.0000000000 0.0000000000 0.0000551682 -0.0054914049 0.0027577626
0.0000000000 -1.9000000000 0.0000000000 0.0000783711 -0.0077899205 0.0038837070
0.0000000000 -1.8000000000 0.0000000000 0.0001107178 -0.0106126083 0.0053033262
0.0000000000 -1.7000000000 0.0000000000 0.0001575484 -0.0139108098 0.0070729511
0.0000000000 -1.6000000000 0.0000000000 0.0002274893 -0.0175742722 0.0092833814
0.0000000000 -1.5000000000 0.0000000000 0.0003331848 -0.0214348135 0.0120767752
0.0000000000 -1.4000000000 0.0000000000 0.0004913138 -0.0252800200 0.0156566845
0.0000000000 -1.3000000000 0.0000000000 0.0007216493 -0.0288753176 0.0202837648
0.0000000000 -1.2000000000 0.0000000000 0.0010447039 -0.0319903646 0.0262494250
0.0000000000 -1.1000000000 0.0000000000 0.0014783155 -0.0344239049 0.0338282716
0.0000000000 -1.0000000000 0.0000000000 0.0020333898 -0.0360215830 0.0432114724
0.0000000000 -0.9000000000 0.0000000000 0.0027097970 -0.0366831912 0.0544352463
0.0000000000 -0.8000000000 0.0000000000 0.0034931432 -0.0363604894 0.0673178817
0.0000000000 -0.7000000000 0.0000000000 0.0043536041 -0.0350445754 0.0814237627
0.0000000000 -0.6000000000 0.0000000000 0.0052476301 -0.0327529138 0.0960694782
0.0000000000 -0.5000000000 0.0000000000 0.0061216887 -0.0295168148 0.1103769672
0.0000000000 -0.4000000000 0.0000000000 0.0069179751 -0.0253786970 0.1233534641
0.0000000000 -0.3000000000 0.0000000000 0.0075814234 -0.0203951620 0.1340211069
0.0000000000 -0.2000000000 0.0000000000 0.0080679898 -0.0146476938 0.1415384901
0.0000000000 -0.1000000000 0.0000000000 0.0083462694 -0.0082587153 0.1452984291
0.0000000000 -0.0000000000 0.0000000000 0.0084035970 -0.0013984176 0.1450197063
0.0000000000 0.1000000000 0.0000000000 0.0082448790 0.0057106548 0.1407677793
0.0000000000 0.2000000000 0.0000000000 0.0078900463 0.0128028876 0.1329440504
0.0000000000 0.3000000000 0.0000000000 0.0073707735 0.0195862626 0.1222256784
0.0000000000 0.4000000000 0.0000000000 0.0067266402 0.0257679871 0.1094791733
0.0000000000 0.5000000000 0.0000000000 0.0059993032 0.0310788294 0.0956441317
0.0000000000 0.6000000000 0.0000000000 0.0052301092 0.0352977947 0.0816319837
0.0000000000 0.7000000000 0.0000000000 0.0044565908 0.0382684906 0.0682275946
0.0000000000 0.8000000000 0.0000000000 0.0037109874 0.0399098327 0.0560230966
0.0000000000 0.9000000000 0.0000000000 0.0030184097 0.0402186676 0.0453786163
0.0000000000 1.0000000000 0.0000000000 0.0023970466 0.0392676749 0.0364350240
0.0000000000 1.1000000000 0.0000000000 0.0018578783 0.0371982412 0.0291392193
0.0000000000 1.2000000000 0.0000000000 0.0014050641 0.0342082320 0.0233042688
0.0000000000 1.3000000000 0.0000000000 0.0010368743 0.0305373144 0.0186718359
0.0000000000 1.4000000000 0.0000000000 0.0007469666 0.0264473261 0.0149715547
0.0000000000 1.5000000000 0.0000000000 0.0005257617 0.0222017027 0.0119659550
0.0000000000 1.6000000000 0.0000000000 0.0003620191 0.0180434802 0.0094740646
0.0000000000 1.7000000000 0.0000000000 0.0002442014 0.0141760008 0.0073770378
0.0000000000 1.8000000000 0.0000000000 0.0001615906 0.0107491606 0.0056081785
0.0000000000 1.9000000000 0.0000000000 0.0001049463 0.0078520272 0.0041346181
0.0000000000 2.0000000000 0.0000000000 0.0000668600 0.0055144752 0.0029388522
0.0000000000 2.1000000000 0.0000000000 0.0000416824 0.0037151443 0.0020036459
0.0000000000 2.2000000000 0.0000000000 0.0000253300 0.0023952340 0.0013044296
0.0000000000 2.3000000000 0.0000000000 0.0000149182 0.0014738697 0.0008075694
0.0000000000 2.4000000000 0.0000000000 0.0000084569 0.0008630288 0.0004735373
0.0000000000 2.5000000000 0.0000000000 0.0000045787 0.0004793026 0.0002619118
0.0000000000 2.6000000000 0.0000000000 0.0000023478 0.0002515221 0.0001360257
0.0000000000 2.7000000000 0.0000000000 0.0000011298 0.0001241769 0.0000659937
0.0000000000 2.8000000000 0.0000000000 0.0000005051 0.0000573826 0.0000297213
0.0000000000 2.9000000000 0.0000000000 0.0000002072 0.0000246666 0.0000123268
0.0000000000 3.0000000000 0.0000000000 0.0000000768 0.0000097881 0.0000046580
0.0000000000 3.1000000000 0.0000000000 0.0000000252 0.0000035506 0.0000015796
0.0000000000 3.2000000000 0.0000000000 0.0000000070 0.0000011626 0.0000004697
0.0000000000 3.3000000000 0.0000000000 0.0000000015 0.0000003380 0.0000001178
0.0000000000 3.4000000000 0.0000000000 0.0000000002 0.0000000856 0.0000000231
0.0000000000 3.5000000000 0.0000000000 0.0000000000 0.0000000187 0.0000000029
0.0000000000 3.6000000000 0.0000000000 -0.0000000000 0.0000000037 0.0000000001
0.0000000000 3.7000000000 0.0000000000 0.0000000000 0.0000000009 0.0000000000
0.0000000000 3.8000000000 0.0000000000 0.0000000000 0.0000000004 0.0000000001
0.0000000000 3.9000000000 0.0000000000 0.0000000000 0.0000000002 0.0000000000
0.0000000000 4.0000000000 0.0000000000 0.0000000000 0.0000000001 0.0000000000
0.0000000000 4.1000000000 0.0000000000 0.0000000000 0.0000000000 0.0000000000
0.0000000000 4.2000000000 0.0000000000 0.0000000000 0.0000000000 0.0000000000
0.0000000000 4.3000000000 0.0000000000 0.0000000000 0.0000000000 0.0000000000
0.0000000000 4.4000000000 0.0000000000 0.0000000000 0.0000000000 0.0000000000
0.0000000000 4.5000000000 0.0000000000 0.0000000000 0.0000000000 0.0000000000
0.0000000000 4.6000000000 0.0000000000 0.0000000000 0.0000000000 0.0000000000
0.0000000000 4.7000000000 0.0000000000 0.0000000000 0.0000000000 0.0000000000
0.0000000000 4.8000000000 0.0000000000 0.0000000000 0.0000000000 0.0000000000
0.0000000000 4.9000000000 0.0000000000 0.0000000000 0.0000000000 0.0000000000
0.0000000000 5.0000000000 0.0000000000 0.0000000000 0.0000000000 0.0000000000
