0.0000000000 -5.0000000000 0.0000000000 -0.0000000000 -0.0000000000 0.0000000000
0.0000000000 -4.9000000000 0.0000000000 -0.0000000000 -0.0000000000 0.0000000000
0.0000000000 -4.8000000000 0.0000000000 -0.0000000000 -0.0000000000 0.0000000000
0.0000000000 -4.7000000000 0.0000000000 -0.0000000000 -0.0000000000 0.0000000000
0.0000000000 -4.6000000000 0.0000000000 -0.0000000000 -0.0000000000 0.0000000000
0.0000000000 -4.5000000000 0.0000000000 -0.0000000000 -0.0000000000 0.0000000000
0.0000000000 -4.4000000000 0.0000000000 -0.0000000000 -0.0000000000 0.0000000000
0.0000000000 -4.3000000000 0.0000000000 0.0000000000 -0.0000000000 0.0000000000
0.0000000000 -4.2000000000 0.0000000000 0.0000000000 -0.0000000000 0.0000000000
0.0000000000 -4.1000000000 0.0000000000 0.0000000000 -0.0000000000 0.0000000000
0.0000000000 -4.0000000000 0.0000000000 0.0000000000 -0.0000000001 0.0000000000
0.0000000000 -3.9000000000 0.0000000000 0.0000000000 -0.0000000002 0.0000000000
0.0000000000 -3.8000000000 0.0000000000 0.0000000000 -0.0000000004 0.0000000001
0.0000000000 -3.7000000000 0.0000000000 0.0000000000 -0.0000000014 0.0000000002
0.0000000000 -3.6000000000 0.0000000000 0.0000000000 -0.0000000062 0.0000000000
0.0000000000 -3.5000000000 0.0000000000 0.0000000000 -0.0000000283 0.0000000005
0.0000000000 -3.4000000000 0.0000000000 -0.0000000000 -0.0000001172 0.0000000083
0.0000000000 -3.3000000000 0.0000000000 -0.0000000000 -0.0000004284 0.0000000571
0.0000000000 -3.2000000000 0.0000000000 -0.0000000001 -0.0000013930 0.0000002680
0.0000000000 -3.1000000000 0.0000000000 -0.0000000002 -0.0000040812 0.0000010057
0.0000000000 -3.0000000000 0.0000000000 -0.0000000003 -0.0000109043 0.0000032163
0.0000000000 -2.9000000000 0.0000000000 -0.0000000003 -0.0000268330 0.0000090752
0.0000000000 -2.8000000000 0.0000000000 0.0000000002 -0.0000613012 0.0000230733
0.0000000000 -2.7000000000 0.0000000000 0.0000000024 -0.0001308690 0.0000536022
0.0000000000 -2.6000000000 0.0000000000 0.0000000087 -0.0002625113 0.0001149159
0.0000000000 -2.5000000000 0.0000000000 0.0000000234 -0.0004970818 0.0002290517
0.0000000000 -2.4000000000 0.0000000000 0.0000000546 -0.0008921535 0.0004269531
0.0000000000 -2.3000000000 0.0000000000 0.0000001168 -0.0015231642 0.0007478124
0.0000000000 -2.2000000000 0.0000000000 0.0000002358 -0.0024817634 0.0012357786
0.0000000000 -2.1000000000 0.0000000000 0.0000004575 -0.0038704441 0.0019338334
0.0000000000 -2.0000000000 0.0000000000 0.0000008586 -0.0057931575 0.0028756747
0.0000000000 -1.9000000000 0.0000000000 0.0000015590 -0.0083426252 0.0040779441
0.0000000000 -1.8000000000 0.0000000000 0.0000027267 -0.0115852726 0.0055361210
0.0000000000 -1.7000000000 0.0000000000 0.0000045656 -0.0155461783 0.0072275811
0.0000000000 -1.6000000000 0.0000000000 0.0000072718 -0.0201958041 0.0091240038
0.0000000000 -1.5000000000 0.0000000000 0.0000109477 -0.0254401032 0.0112126909
0.0000000000 -1.4000000000 0.0000000000 0.0000154684 -0.0311158520 0.0135226103
0.0000000000 -1.3000000000 0.0000000000 0.0000203304 -0.0369911487 0.0161469066
0.0000000000 -1.2000000000 0.0000000000 0.0000244983 -0.0427715501 0.0192533996
0.0000000000 -1.1000000000 0.0000000000 0.0000262918 -0.0481116322 0.0230721903
0.0000000000 -1.0000000000 0.0000000000 0.0000235858 -0.0526317122 0.0278602724
0.0000000000 -0.9000000000 0.0000000000 0.0000138132 -0.0559420304 0.0338359343
0.0000000000 -0.8000000000 0.0000000000 -0.0000054099 -0.0576695619 0.0411080276
0.0000000000 -0.7000000000 0.0000000000 -0.0000358451 -0.0574940863 0.0496004815
0.0000000000 -0.6000000000 0.0000000000 -0.0000779657 -0.0551823799 0.0590065523
0.0000000000 -0.5000000000 0.0000000000 -0.0001305232 -0.0506233822 0.0687806553
0.0000000000 -0.4000000000 0.0000000000 -0.0001903248 -0.0438533701 0.0781812908
0.0000000000 -0.3000000000 0.0000000000 -0.0002525231 -0.0350719409 0.0863651588
0.0000000000 -0.2000000000 0.0000000000 -0.0003110589 -0.0246362195 0.0925119690
0.0000000000 -0.1000000000 0.0000000000 -0.0003596496 -0.0130400268 0.0959581310
0.0000000000 -0.0000000000 0.0000000000 -0.0003928686 -0.0008735799 0.0963161774
0.0000000000 0.1000000000 0.0000000000 -0.0004068251 0.0112290693 0.0935336909
0.0000000000 0.2000000000 0.0000000000 -0.0004003095 0.0226476073 0.0879226959
0.0000000000 0.3000000000 0.0000000000 -0.0003744495 0.0328294629 0.0800867656
0.0000000000 0.4000000000 0.0000000000 -0.0003328003 0.0413357705 0.0708268192
0.0000000000 0.5000000000 0.0000000000 -0.0002805730 0.0478665688 0.0610059360
0.0000000000 0.6000000000 0.0000000000 -0.0002235354 0.0522738138 0.0514188563
0.0000000000 0.7000000000 0.0000000000 -0.0001672731 0.0545540046 0.0426839830
0.0000000000 0.8000000000 0.0000000000 -0.0001163280 0.0548295671 0.0351841017
0.0000000000 0.9000000000 0.0000000000 -0.0000737121 0.0533228231 0.0290532407
0.0000000000 1.0000000000 0.0000000000 -0.0000408319 0.0503263917 0.0242158658
0.0000000000 1.1000000000 0.0000000000 -0.0000175849 0.0461758008 0.0204516192
0.0000000000 1.2000000000 0.0000000000 -0.0000027930 0.0412212192 0.0174767546
0.0000000000 1.3000000000 0.0000000000 0.0000052903 0.0358078405 0.0150133613
0.0000000000 1.4000000000 0.0000000000 0.0000086229 0.0302562177 0.0128430618
0.0000000000 1.5000000000 0.0000000000 0.0000089779 0.0248468132 0.0108301194
0.0000000000 1.6000000000 0.0000000000 0.0000077718 0.0198078993 0.0089211062
0.0000000000 1.7000000000 0.0000000000 0.0000059932 0.0153067832 0.0071249111
0.0000000000 1.8000000000 0.0000000000 0.0000042346 0.0114465429 0.0054849596
0.0000000000 1.9000000000 0.0000000000 0.0000027806 0.0082677357 0.0040513483
0.0000000000 2.0000000000 0.0000000000 0.0000017106 0.0057559144 0.0028603924
0.0000000000 2.1000000000 0.0000000000 0.0000009908 0.0038537103 0.0019240324
0.0000000000 2.2000000000 0.0000000000 0.0000005419 0.0024752265 0.0012291431
0.0000000000 2.3000000000 0.0000000000 0.0000002805 0.0015211284 0.0007433683
0.0000000000 2.4000000000 0.0000000000 0.0000001374 0.0008918177 0.0004241344
0.0000000000 2.5000000000 0.0000000000 0.0000000637 0.0004972291 0.0002273925
0.0000000000 2.6000000000 0.0000000000 0.0000000278 0.0002627014 0.0001140195
0.0000000000 2.7000000000 0.0000000000 0.0000000114 0.0001309944 0.0000531606
0.0000000000 2.8000000000 0.0000000000 0.0000000043 0.0000613648 0.0000228762
0.0000000000 2.9000000000 0.0000000000 0.0000000015 0.0000268599 0.0000089963
0.0000000000 3.0000000000 0.0000000000 0.0000000005 0.0000109139 0.0000031885
0.0000000000 3.1000000000 0.0000000000 0.0000000001 0.0000040840 0.0000009974
0.0000000000 3.2000000000 0.0000000000 0.0000000000 0.0000013936 0.0000002661
0.0000000000 3.3000000000 0.0000000000 0.0000000000 0.0000004285 0.0000000568
0.0000000000 3.4000000000 0.0000000000 0.0000000000 0.0000001171 0.0000000084
0.0000000000 3.5000000000 0.0000000000 -0.0000000000 0.0000000283 0.0000000005
0.0000000000 3.6000000000 0.0000000000 -0.0000000000 0.0000000062 0.0000000001
0.0000000000 3.7000000000 0.0000000000 -0.0000000000 0.0000000014 0.0000000001
0.0000000000 3.8000000000 0.0000000000 -0.0000000000 0.0000000004 0.0000000001
0.0000000000 3.9000000000 0.0000000000 -0.0000000000 0.0000000002 0.0000000000
0.0000000000 4.0000000000 0.0000000000 -0.0000000000 0.0000000001 0.0000000000
0.0000000000 4.1000000000 0.0000000000 0.0000000000 0.0000000000 0.0000000000
0.0000000000 4.2000000000 0.0000000000 0.0000000000 0.0000000000 0.0000000000
0.0000000000 4.3000000000 0.0000000000 0.0000000000 0.0000000000 0.0000000000
0.0000000000 4.4000000000 0.0000000000 0.0000000000 0.0000000000 0.0000000000
0.0000000000 4.5000000000 0.0000000000 0.0000000000 0.0000000000 0.0000000000
0.0000000000 4.6000000000 0.0000000000 0.0000000000 0.0000000000 0.0000000000
0.0000000000 4.7000000000 0.0000000000 0.0000000000 0.0000000000 0.0000000000
0.0000000000 4.8000000000 0.0000000000 0.0000000000 0.0000000000 0.0000000000
0.0000000000 4.9000000000 0.0000000000 0.0000000000 0.0000000000 0.0000000000
0.0000000000 5.0000000000 0.0000000000 0.0000000000 0.0000000000 0.0000000000
