0.0000000000 -5.0000000000 0.0000000000 -0.0000000000 -0.0000000000 0.0000000000
0.0000000000 -4.9000000000 0.0000000000 -0.0000000000 -0.0000000000 0.0000000000
0.0000000000 -4.8000000000 0.0000000000 -0.0000000000 -0.0000000000 0.0000000000
0.0000000000 -4.7000000000 0.0000000000 -0.0000000000 -0.0000000000 0.0000000000
0.0000000000 -4.6000000000 0.0000000000 -0.0000000000 -0.0000000000 0.0000000000
0.0000000000 -4.5000000000 0.0000000000 -0.0000000000 -0.0000000000 0.0000000000
0.0000000000 -4.4000000000 0.0000000000 0.0000000000 -0.0000000000 0.0000000000
0.0000000000 -4.3000000000 0.0000000000 0.0000000000 -0.0000000000 0.0000000000
0.0000000000 -4.2000000000 0.0000000000 0.0000000000 -0.0000000000 0.0000000000
0.0000000000 -4.1000000000 0.0000000000 0.0000000000 -0.0000000000 0.0000000000
0.0000000000 -4.0000000000 0.0000000000 0.0000000000 -0.0000000001 0.0000000000
0.0000000000 -3.9000000000 0.0000000000 0.0000000000 -0.0000000002 0.0000000000
0.0000000000 -3.8000000000 0.0000000000 0.0000000000 -0.0000000004 0.0000000001
0.0000000000 -3.7000000000 0.0000000000 0.0000000000 -0.0000000013 0.0000000002
0.0000000000 -3.6000000000 0.0000000000 0.0000000000 -0.0000000058 0.0000000000
0.0000000000 -3.5000000000 0.0000000000 0.0000000000 -0.0000000265 0.0000000004
0.0000000000 -3.4000000000 0.0000000000 -0.0000000000 -0.0000001113 0.0000000084
0.0000000000 -3.3000000000 0.0000000000 -0.0000000000 -0.0000004110 0.0000000584
0.0000000000 -3.2000000000 0.0000000000 0.0000000000 -0.0000013469 0.0000002752
0.0000000000 -3.1000000000 0.0000000000 0.0000000001 -0.0000039699 0.0000010336
0.0000000000 -3.0000000000 0.0000000000 0.0000000008 -0.0000106569 0.0000033048
0.0000000000 -2.9000000000 0.0000000000 0.0000000029 -0.0000263226 0.0000093186
0.0000000000 -2.8000000000 0.0000000000 0.0000000094 -0.0000603160 0.0000236681
0.0000000000 -2.7000000000 0.0000000000 0.0000000262 -0.0001290768 0.0000549137
0.0000000000 -2.6000000000 0.0000000000 0.0000000656 -0.0002594186 0.0001175474
0.0000000000 -2.5000000000 0.0000000000 0.0000001498 -0.0004919815 0.0002338695
0.0000000000 -2.4000000000 0.0000000000 0.0000003158 -0.0008840806 0.0004349780
0.0000000000 -2.3000000000 0.0000000000 0.0000006204 -0.0015108258 0.0007598464
0.0000000000 -2.2000000000 0.0000000000 0.0000011435 -0.0024634632 0.0012516128
0.0000000000 -2.1000000000 0.0000000000 0.0000019862 -0.0038439767 0.0019507937
0.0000000000 -2.0000000000 0.0000000000 0.0000032612 -0.0057557391 0.0028864971
0.0000000000 -1.9000000000 0.0000000000 0.0000050668 -0.0082906438 0.0040678647
0.0000000000 -1.8000000000 0.0000000000 0.0000074413 -0.0115141246 0.0054793972
0.0000000000 -1.7000000000 0.0000000000 0.0000102935 -0.0154499972 0.0070840123
0.0000000000 -1.6000000000 0.0000000000 0.0000133110 -0.0200668249 0.0088357982
0.0000000000 -1.5000000000 0.0000000000 0.0000158575 -0.0252688784 0.0107015165
0.0000000000 -1.4000000000 0.0000000000 0.0000168805 -0.0308904511 0.0126902436
0.0000000000 -1.3000000000 0.0000000000 0.0000148680 -0.0366983784 0.0148746783
0.0000000000 -1.2000000000 0.0000000000 0.0000078851 -0.0423971361 0.0174068687
0.0000000000 -1.1000000000 0.0000000000 -0.0000062795 -0.0476429074 0.0205069417
0.0000000000 -1.0000000000 0.0000000000 -0.0000298025 -0.0520602307 0.0244265902
0.0000000000 -0.9000000000 0.0000000000 -0.0000644491 -0.0552669923 0.0293901702
0.0000000000 -0.8000000000 0.0000000000 -0.0001110552 -0.0569019284 0.0355207311
0.0000000000 -0.7000000000 0.0000000000 -0.0001691328 -0.0566580752 0.0427688397
0.0000000000 -0.6000000000 0.0000000000 -0.0002365811 -0.0543165531 0.0508652510
0.0000000000 -0.5000000000 0.0000000000 -0.0003095706 -0.0497782432 0.0593123843
0.0000000000 -0.4000000000 0.0000000000 -0.0003828765 -0.0430881899 0.0674291721
0.0000000000 -0.3000000000 0.0000000000 -0.0004503913 -0.0344472400 0.0744366368
0.0000000000 -0.2000000000 0.0000000000 -0.0005059420 -0.0242068989 0.0795807224
0.0000000000 -0.1000000000 0.0000000000 -0.0005441943 -0.0128478158 0.0822602419
0.0000000000 -0.0000000000 0.0000000000 -0.0005614630 -0.0009411574 0.0821347078
0.0000000000 0.1000000000 0.0000000000 -0.0005561803 0.0109016991 0.0791951427
0.0000000000 0.2000000000 0.0000000000 -0.0005293518 0.0220834001 0.0737550795
0.0000000000 0.3000000000 0.0000000000 -0.0004840488 0.0320711504 0.0664125381
0.0000000000 0.4000000000 0.0000000000 -0.0004250956 0.0404393749 0.0579359524
0.0000000000 0.5000000000 0.0000000000 -0.0003582627 0.0468954012 0.0491382818
0.0000000000 0.6000000000 0.0000000000 -0.0002892657 0.0512896642 0.0407520627
0.0000000000 0.7000000000 0.0000000000 -0.0002232921 0.0536111553 0.0333274806
0.0000000000 0.8000000000 0.0000000000 -0.0001643049 0.0539696327 0.0271780462
0.0000000000 0.9000000000 0.0000000000 -0.0001147071 0.0525729833 0.0223773346
0.0000000000 1.0000000000 0.0000000000 -0.0000754445 0.0496986841 0.0187959848
0.0000000000 1.1000000000 0.0000000000 -0.0000462615 0.0456689349 0.0161748210
0.0000000000 1.2000000000 0.0000000000 -0.0000259340 0.0408253313 0.0142019508
0.0000000000 1.3000000000 0.0000000000 -0.0000127717 0.0355073111 0.0125860195
0.0000000000 1.4000000000 0.0000000000 -0.0000049548 0.0300333363 0.0111061584
0.0000000000 1.5000000000 0.0000000000 -0.0000008135 0.0246840257 0.0096341072
0.0000000000 1.6000000000 0.0000000000 0.0000010256 0.0196902619 0.0081320909
0.0000000000 1.7000000000 0.0000000000 0.0000015678 0.0152223519 0.0066283607
0.0000000000 1.8000000000 0.0000000000 0.0000014833 0.0113860114 0.0051890090
0.0000000000 1.9000000000 0.0000000000 0.0000011683 0.0082244353 0.0038857660
0.0000000000 2.0000000000 0.0000000000 0.0000008266 0.0057250823 0.0027744922
0.0000000000 2.1000000000 0.0000000000 0.0000005422 0.0038319499 0.0018836081
0.0000000000 2.2000000000 0.0000000000 0.0000003350 0.0024601152 0.0012125836
0.0000000000 2.3000000000 0.0000000000 0.0000001963 0.0015108644 0.0007380552
0.0000000000 2.4000000000 0.0000000000 0.0000001094 0.0008850378 0.0004233757
0.0000000000 2.5000000000 0.0000000000 0.0000000578 0.0004929014 0.0002280226
0.0000000000 2.6000000000 0.0000000000 0.0000000288 0.0002600488 0.0001147817
0.0000000000 2.7000000000 0.0000000000 0.0000000135 0.0001294402 0.0000536958
0.0000000000 2.8000000000 0.0000000000 0.0000000058 0.0000604997 0.0000231748
0.0000000000 2.9000000000 0.0000000000 0.0000000023 0.0000264055 0.0000091378
0.0000000000 3.0000000000 0.0000000000 0.0000000008 0.0000106902 0.0000032466
0.0000000000 3.1000000000 0.0000000000 0.0000000003 0.0000039815 0.0000010180
0.0000000000 3.2000000000 0.0000000000 0.0000000001 0.0000013503 0.0000002723
0.0000000000 3.3000000000 0.0000000000 0.0000000000 0.0000004118 0.0000000583
0.0000000000 3.4000000000 0.0000000000 0.0000000000 0.0000001114 0.0000000086
0.0000000000 3.5000000000 0.0000000000 0.0000000000 0.0000000265 0.0000000005
0.0000000000 3.6000000000 0.0000000000 -0.0000000000 0.0000000058 0.0000000001
0.0000000000 3.7000000000 0.0000000000 -0.0000000000 0.0000000013 0.0000000002
0.0000000000 3.8000000000 0.0000000000 -0.0000000000 0.0000000004 0.0000000001
0.0000000000 3.9000000000 0.0000000000 -0.0000000000 0.0000000002 0.0000000000
0.0000000000 4.0000000000 0.0000000000 -0.0000000000 0.0000000001 0.0000000000
0.0000000000 4.1000000000 0.0000000000 -0.0000000000 0.0000000000 0.0000000000
0.0000000000 4.2000000000 0.0000000000 0.0000000000 0.0000000000 0.0000000000
0.0000000000 4.3000000000 0.0000000000 0.0000000000 0.0000000000 0.0000000000
0.0000000000 4.4000000000 0.0000000000 0.0000000000 0.0000000000 0.0000000000
0.0000000000 4.5000000000 0.0000000000 0.0000000000 0.0000000000 0.0000000000
0.0000000000 4.6000000000 0.0000000000 0.0000000000 0.0000000000 0.0000000000
0.0000000000 4.7000000000 0.0000000000 0.0000000000 0.0000000000 0.0000000000
0.0000000000 4.8000000000 0.0000000000 0.0000000000 0.0000000000 0.0000000000
0.0000000000 4.9000000000 0.0000000000 0.0000000000 0.0000000000 0.0000000000
0.0000000000 5.0000000000 0.0000000000 0.0000000000 0.0000000000 0.0000000000
