3.191922e-26 1.924653e-25 5.706944e-25 7.344661e-25 -8.607965e-25 -6.117663e-24 -1.462111e-23 -2.167531e-23 -2.052677e-23 -7.922311e-24 1.217010e-23 3.048602e-23 3.858892e-23 3.423704e-23 2.206057e-23 9.538766e-24 1.758955e-24 -8.817394e-25 -8.386181e-25 -3.151094e-25 -5.992534e-26
2.094199e-25 7.689500e-25 9.143807e-25 -3.903689e-24 -2.326450e-23 -6.502437e-23 -1.211940e-22 -1.614764e-22 -1.489308e-22 -6.941758e-23 5.202635e-23 1.643218e-22 2.221699e-22 2.114680e-22 1.523663e-22 8.190264e-23 2.992506e-23 4.978058e-24 -1.512485e-24 -1.245428e-24 -3.588885e-25
7.117575e-25 1.229942e-24 -5.221733e-24 -4.163173e-23 -1.463282e-22 -3.413769e-22 -5.811978e-22 -7.384724e-22 -6.718567e-22 -3.362902e-22 1.631741e-22 6.280053e-22 8.854623e-22 8.775428e-22 6.701447e-22 3.958872e-22 1.729615e-22 4.922180e-23 4.881609e-24 -2.542573e-24 -1.256866e-24
1.388947e-24 -2.082859e-24 -3.865863e-23 -1.852101e-22 -5.528469e-22 -1.186484e-21 -1.924664e-21 -2.379711e-21 -2.145817e-21 -1.111118e-21 4.036219e-22 1.819434e-21 2.638382e-21 2.684630e-21 2.125959e-21 1.326169e-21 6.328686e-22 2.143518e-22 4.170156e-23 -6.383398e-25 -2.909836e-24
1.293794e-24 -1.689298e-23 -1.335106e-22 -5.388311e-22 -1.483026e-21 -3.036175e-21 -4.784604e-21 -5.817036e-21 -5.214919e-21 -2.750803e-21 8.206333e-22 4.173402e-21 6.172063e-21 6.397846e-21 5.192899e-21 3.354517e-21 1.686556e-21 6.237722e-22 1.490010e-22 1.275694e-23 -4.697113e-24
-7.525849e-25 -4.961052e-23 -3.124383e-22 -1.161555e-21 -3.057555e-21 -6.090219e-21 -9.433107e-21 -1.135588e-20 -1.015478e-20 -5.434913e-21 1.378069e-21 7.811290e-21 1.174119e-20 1.234650e-20 1.019915e-20 6.743233e-21 3.501838e-21 1.361457e-21 3.582154e-22 4.572258e-23 -5.484900e-24
-4.481746e-24 -9.633181e-23 -5.550735e-22 -1.985274e-21 -5.109158e-21 -1.003031e-20 -1.539417e-20 -1.844791e-20 -1.651861e-20 -8.999908e-21 1.875896e-21 1.223613e-20 1.871484e-20 1.993217e-20 1.668431e-20 1.120155e-20 5.931853e-21 2.371776e-21 6.554992e-22 9.688248e-23 -4.917292e-24
-7.492086e-24 -1.413176e-22 -7.977016e-22 -2.823153e-21 -7.212969e-21 -1.408444e-20 -2.154226e-20 -2.580293e-20 -2.322257e-20 -1.295403e-20 2.028139e-21 1.649156e-20 2.577083e-20 2.780151e-20 2.351623e-20 1.594396e-20 8.534816e-21 3.462068e-21 9.802385e-22 1.544214e-22 -3.652555e-24
-6.936265e-24 -1.669446e-22 -9.701669e-22 -3.469100e-21 -8.895566e-21 -1.738236e-20 -2.659204e-20 -3.191959e-20 -2.894710e-20 -1.657643e-20 1.750072e-21 1.977462e-20 3.167826e-20 3.462915e-20 2.954533e-20 2.015333e-20 1.084610e-20 4.431222e-21 1.271687e-21 2.081652e-22 -1.414479e-24
-1.968201e-24 -1.656019e-22 -1.035142e-21 -3.796590e-21 -9.837649e-21 -1.930098e-20 -2.958637e-20 -3.563226e-20 -3.258653e-20 -1.910876e-20 1.283779e-21 2.182030e-20 3.580983e-20 3.963916e-20 3.405872e-20 2.332056e-20 1.258919e-20 5.172321e-21 1.505688e-21 2.582675e-22 3.974264e-24
5.342939e-24 -1.435268e-22 -1.000621e-21 -3.793808e-21 -9.958414e-21 -1.963449e-20 -3.017104e-20 -3.647224e-20 -3.363503e-20 -2.011090e-20 8.848023e-22 2.259992e-20 3.784722e-20 4.234578e-20 3.658603e-20 2.511954e-20 1.360101e-20 5.630530e-21 1.672954e-21 3.060321e-22 1.377868e-23
1.139474e-23 -1.144214e-22 -9.016614e-22 -3.527946e-21 -9.366189e-21 -1.854343e-20 -2.856303e-20 -3.467578e-20 -3.226626e-20 -1.965144e-20 5.023238e-22 2.191080e-20 3.735212e-20 4.216922e-20 3.659164e-20 2.518104e-20 1.368284e-20 5.717836e-21 1.739944e-21 3.404469e-22 2.512587e-23
1.379318e-23 -8.784974e-23 -7.665391e-22 -3.068930e-21 -8.213970e-21 -1.631756e-20 -2.520845e-20 -3.076983e-20 -2.893319e-20 -1.800308e-20 -1.278153e-23 1.956057e-20 3.398731e-20 3.868146e-20 3.368160e-20 2.322016e-20 1.265731e-20 5.333991e-21 1.656540e-21 3.413772e-22 3.222971e-23
1.291374e-23 -6.372288e-23 -6.016256e-22 -2.452836e-21 -6.617159e-21 -1.320959e-20 -2.050854e-20 -2.521598e-20 -2.399563e-20 -1.529415e-20 -5.484632e-22 1.580943e-20 2.805793e-20 3.216534e-20 2.807461e-20 1.936429e-20 1.056540e-20 4.469740e-21 1.402653e-21 2.966286e-22 3.094886e-23
1.059259e-23 -3.899569e-23 -4.133061e-22 -1.732524e-21 -4.742042e-21 -9.562494e-21 -1.498010e-20 -1.860076e-20 -1.792852e-20 -1.169665e-20 -8.385221e-22 1.138660e-20 2.063179e-20 2.378313e-20 2.076754e-20 1.429321e-20 7.771129e-21 3.274042e-21 1.022661e-21 2.149180e-22 2.208530e-23
7.988898e-24 -1.619144e-23 -2.319507e-22 -1.030346e-21 -2.903860e-21 -5.971100e-21 -9.497646e-21 -1.195333e-20 -1.168236e-20 -7.783922e-21 -8.009246e-22 7.149681e-21 1.319043e-20 1.524970e-20 1.328184e-20 9.081969e-21 4.886493e-21 2.026617e-21 6.174390e-22 1.237500e-22 1.078755e-23
5.335676e-24 -1.319536e-24 -9.748347e-23 -4.893267e-22 -1.456541e-21 -3.098113e-21 -5.048592e-21 -6.475038e-21 -6.433589e-21 -4.378468e-21 -5.803074e-22 3.784930e-21 7.102094e-21 8.213257e-21 7.106748e-21 4.798422e-21 2.529956e-21 1.016367e-21 2.934861e-22 5.256282e-23 2.529753e-24
2.910167e-24 3.837894e-24 -2.579379e-23 -1.732466e-22 -5.704049e-22 -1.283598e-21 -2.171401e-21 -2.861422e-21 -2.905770e-21 -2.029585e-21 -3.427949e-22 1.614457e-21 3.096369e-21 3.575112e-21 3.057931e-21 2.021226e-21 1.029547e-21 3.909610e-22 1.019099e-22 1.399605e-23 -8.173778e-25
1.196089e-24 3.176609e-24 -1.172536e-24 -3.991686e-23 -1.625762e-22 -4.035317e-22 -7.242640e-22 -9.935986e-22 -1.040704e-21 -7.536287e-22 -1.663348e-22 5.233092e-22 1.041721e-21 1.199702e-21 1.007325e-21 6.431889e-22 3.091502e-22 1.060281e-22 2.216376e-23 8.459061e-25 -1.009240e-24
3.411007e-25 1.355201e-24 2.256650e-24 -3.190267e-24 -2.896880e-23 -8.837474e-23 -1.759443e-22 -2.573748e-22 -2.824369e-22 -2.154295e-22 -6.338667e-23 1.183962e-22 2.535054e-22 2.910804e-22 2.370325e-22 1.425559e-22 6.145060e-23 1.675555e-23 1.363971e-24 -9.525751e-25 -4.240841e-25
5.917189e-26 3.424316e-25 1.009465e-24 1.320130e-24 -1.432642e-24 -1.089872e-23 -2.763018e-23 -4.562829e-23 -5.414910e-23 -4.462567e-23 -1.763790e-23 1.571746e-23 4.008131e-23 4.585679e-23 3.516206e-23 1.856169e-23 5.922831e-24 2.974638e-25 -7.429386e-25 -3.866729e-25 -9.067553e-26
