1.013146e-27 5.583277e-26 5.415547e-25 2.802906e-24 9.312886e-24 2.114895e-23 3.263677e-23 2.971283e-23 -3.422061e-26 -5.149653e-23 -1.001390e-22 -1.211678e-22 -1.093479e-22 -7.838065e-23 -4.572108e-23 -2.154724e-23 -7.844977e-24 -1.991647e-24 -2.636428e-25 1.527969e-26 1.168059e-26
-3.558283e-26 8.412434e-26 1.909275e-24 1.101956e-23 3.725411e-23 8.375791e-23 1.256950e-22 1.062164e-22 -2.023368e-23 -2.250626e-22 -4.040056e-22 -4.610289e-22 -3.882973e-22 -2.545053e-22 -1.325821e-22 -5.415972e-23 -1.576880e-23 -1.978770e-24 8.278628e-25 5.577648e-25 1.498627e-25
-3.892147e-25 -7.946236e-25 3.230831e-24 2.908683e-23 1.072358e-22 2.455472e-22 3.638749e-22 2.879666e-22 -1.090628e-22 -7.163632e-22 -1.200019e-21 -1.281250e-21 -9.796082e-22 -5.465803e-22 -2.112012e-22 -3.952053e-23 1.622816e-23 2.036668e-23 1.142005e-23 4.179975e-24 1.001648e-24
-2.029501e-24 -5.841390e-24 -1.802531e-24 5.366526e-23 2.381150e-22 5.714025e-22 8.535016e-22 6.608882e-22 -2.902006e-22 -1.685025e-21 -2.688973e-21 -2.668583e-21 -1.771997e-21 -6.955630e-22 2.483705e-24 2.381509e-22 2.134099e-22 1.233214e-22 5.375761e-23 1.779017e-23 4.223313e-24
-6.837159e-24 -2.145503e-23 -2.775221e-23 6.417944e-23 4.202452e-22 1.092352e-21 1.686334e-21 1.365186e-21 -4.041505e-22 -2.947096e-21 -4.601088e-21 -4.205079e-21 -2.217610e-21 -1.327542e-22 9.749004e-22 1.085191e-21 7.401014e-22 3.807011e-22 1.561961e-22 5.064110e-23 1.224356e-23
-1.683599e-23 -5.535484e-23 -9.744495e-23 7.314741e-24 5.564342e-22 1.678422e-21 2.764472e-21 2.459426e-21 -1.024613e-22 -3.817852e-21 -6.022909e-21 -4.972991e-21 -1.608909e-21 1.548890e-21 2.861391e-21 2.519579e-21 1.573570e-21 7.743255e-22 3.121287e-22 1.018701e-22 2.537843e-23
-3.256088e-23 -1.126106e-22 -2.384606e-22 -2.156886e-22 3.981368e-22 1.881324e-21 3.529637e-21 3.557427e-21 7.332270e-22 -3.584574e-21 -5.968719e-21 -4.262661e-21 1.140482e-22 3.802933e-21 4.854276e-21 3.822041e-21 2.244974e-21 1.068527e-21 4.291883e-22 1.436321e-22 3.741571e-23
-5.131778e-23 -1.886052e-22 -4.604359e-22 -6.906255e-22 -3.379789e-22 1.104710e-21 3.111335e-21 3.795902e-21 1.613876e-21 -2.258728e-21 -4.322878e-21 -2.394603e-21 1.893902e-21 5.030633e-21 5.301947e-21 3.696653e-21 1.947454e-21 8.574655e-22 3.424527e-22 1.227234e-22 3.524400e-23
-6.599406e-23 -2.586403e-22 -7.043049e-22 -1.322327e-21 -1.565087e-21 -6.674677e-22 1.302100e-21 2.763688e-21 1.977239e-21 -5.354407e-22 -1.982903e-21 -5.357681e-22 2.364494e-21 3.878011e-21 3.079501e-21 1.348774e-21 1.954217e-22 -1.162939e-22 -6.383826e-23 -3.028409e-24 7.149551e-24
-6.675045e-23 -2.787220e-22 -8.241325e-22 -1.739416e-21 -2.546308e-21 -2.294269e-21 -5.528771e-22 1.565337e-21 2.218391e-21 1.121403e-21 7.740917e-23 4.872272e-22 1.366255e-21 9.073505e-22 -8.868606e-22 -2.369398e-21 -2.464715e-21 -1.598802e-21 -7.055721e-22 -2.150785e-22 -4.464869e-23
-4.784390e-23 -2.149439e-22 -6.808160e-22 -1.524801e-21 -2.339948e-21 -2.154864e-21 -3.428029e-22 2.191947e-21 3.507974e-21 2.847665e-21 1.525026e-21 8.602167e-22 2.668055e-22 -1.463941e-21 -3.869608e-21 -5.184513e-21 -4.566143e-21 -2.847619e-21 -1.289078e-21 -4.241531e-22 -9.991813e-23
-1.476291e-23 -8.153932e-23 -2.877864e-22 -6.346750e-22 -7.290737e-22 2.432821e-22 2.644309e-21 5.300769e-21 6.138460e-21 4.543865e-21 2.256537e-21 1.035710e-21 3.813445e-22 -1.229329e-21 -3.681562e-21 -5.242178e-21 -4.848863e-21 -3.173000e-21 -1.513446e-21 -5.281360e-22 -1.327399e-22
1.749643e-23 5.938897e-23 1.649882e-22 4.798055e-22 1.425595e-21 3.554098e-21 6.673688e-21 9.071704e-21 8.605762e-21 5.289213e-21 1.879131e-21 8.245151e-22 1.414889e-21 1.157791e-21 -7.608038e-22 -2.791894e-21 -3.356574e-21 -2.514237e-21 -1.312137e-21 -4.910015e-22 -1.308258e-22
3.523124e-23 1.441414e-22 4.574082e-22 1.231948e-21 2.892360e-21 5.725374e-21 9.048746e-21 1.078523e-20 8.943557e-21 4.228659e-21 2.251049e-22 -1.860472e-22 2.006865e-21 3.446232e-21 2.426113e-21 1.890741e-22 -1.290546e-21 -1.427063e-21 -8.780216e-22 -3.612231e-22 -1.024526e-22
3.529204e-23 1.525310e-22 5.027265e-22 1.355483e-21 3.066409e-21 5.727093e-21 8.475546e-21 9.338370e-21 6.744325e-21 1.782748e-21 -1.917075e-21 -1.637649e-21 1.513455e-21 4.033401e-21 3.878135e-21 1.938691e-21 1.676434e-22 -5.283842e-22 -4.617107e-22 -2.168752e-22 -6.573521e-23
2.463448e-23 1.106535e-22 3.738788e-22 1.014315e-21 2.265274e-21 4.113401e-21 5.827068e-21 5.941852e-21 3.451701e-21 -5.774449e-22 -3.253425e-21 -2.543127e-21 5.525228e-22 3.150681e-21 3.491833e-21 2.157040e-21 6.924560e-22 -5.500901e-23 -1.889321e-22 -1.072597e-22 -3.471355e-23
1.270761e-23 5.925109e-23 2.042183e-22 5.560331e-22 1.228220e-21 2.174072e-21 2.931567e-21 2.656092e-21 8.507057e-22 -1.704129e-21 -3.179642e-21 -2.381757e-21 -5.448212e-23 1.898626e-21 2.320162e-21 1.563563e-21 6.268729e-22 9.352126e-23 -5.377030e-23 -4.240978e-23 -1.468782e-23
4.844221e-24 2.354008e-23 8.239325e-23 2.231812e-22 4.822381e-22 8.182247e-22 1.008619e-21 6.819758e-22 -3.340831e-22 -1.591965e-21 -2.175602e-21 -1.545819e-21 -1.591642e-22 9.698821e-22 1.249000e-21 8.783086e-22 3.882782e-22 9.318108e-23 -3.675938e-24 -1.210610e-23 -4.673206e-24
1.326041e-24 6.756883e-24 2.377476e-23 6.252984e-23 1.270487e-22 1.927018e-22 1.777789e-22 -3.709114e-23 -4.823364e-22 -9.550670e-22 -1.095723e-21 -7.241178e-22 -6.774183e-23 4.394832e-22 5.622084e-22 4.008663e-22 1.867752e-22 5.441171e-23 6.521176e-24 -1.806637e-24 -9.968597e-25
2.469163e-25 1.325569e-24 4.542831e-24 1.067205e-23 1.692896e-23 1.237922e-23 -2.560605e-23 -1.226111e-22 -2.730930e-22 -4.052011e-22 -4.105364e-22 -2.475750e-22 -5.343109e-24 1.698647e-22 2.065540e-22 1.461442e-22 6.965405e-23 2.224048e-23 4.188539e-24 1.879508e-25 -1.083424e-25
2.868301e-26 1.608238e-25 4.735083e-25 5.466860e-25 -1.406985e-24 -9.011622e-24 -2.695129e-23 -5.795926e-23 -9.638699e-23 -1.229248e-22 -1.132167e-22 -6.167557e-23 5.557820e-24 5.084177e-23 5.802873e-23 4.014425e-23 1.906728e-23 6.254094e-24 1.334906e-24 1.539309e-25 2.252744e-27
