0.000000e+00 1.525026e-21
1.000000e+00 1.525168e-21
2.000000e+00 1.525299e-21
3.000000e+00 1.525419e-21
4.000000e+00 1.525526e-21
5.000000e+00 1.525622e-21
6.000000e+00 1.525706e-21
7.000000e+00 1.525777e-21
8.000000e+00 1.525837e-21
9.000000e+00 1.525884e-21
1.000000e+01 1.525919e-21
1.100000e+01 1.525942e-21
1.200000e+01 1.525953e-21
1.300000e+01 1.525951e-21
1.400000e+01 1.525937e-21
1.500000e+01 1.525910e-21
1.600000e+01 1.525871e-21
1.700000e+01 1.525820e-21
1.800000e+01 1.525757e-21
1.900000e+01 1.525681e-21
2.000000e+01 1.525594e-21
2.100000e+01 1.525494e-21
2.200000e+01 1.525383e-21
2.300000e+01 1.525260e-21
2.400000e+01 1.525126e-21
2.500000e+01 1.524980e-21
2.600000e+01 1.524824e-21
2.700000e+01 1.524656e-21
2.800000e+01 1.524477e-21
2.900000e+01 1.524288e-21
3.000000e+01 1.524089e-21
3.100000e+01 1.523879e-21
3.200000e+01 1.523660e-21
3.300000e+01 1.523431e-21
3.400000e+01 1.523192e-21
3.500000e+01 1.522945e-21
3.600000e+01 1.522689e-21
3.700000e+01 1.522425e-21
3.800000e+01 1.522153e-21
3.900000e+01 1.521873e-21
4.000000e+01 1.521585e-21
4.100000e+01 1.521291e-21
4.200000e+01 1.520990e-21
4.300000e+01 1.520682e-21
4.400000e+01 1.520369e-21
4.500000e+01 1.520050e-21
4.600000e+01 1.519726e-21
4.700000e+01 1.519397e-21
4.800000e+01 1.519064e-21
4.900000e+01 1.518727e-21
5.000000e+01 1.518386e-21
5.100000e+01 1.518042e-21
5.200000e+01 1.517695e-21
5.300000e+01 1.517347e-21
5.400000e+01 1.516996e-21
5.500000e+01 1.516644e-21
5.600000e+01 1.516291e-21
5.700000e+01 1.515937e-21
5.800000e+01 1.515583e-21
5.900000e+01 1.515229e-21
6.000000e+01 1.514876e-21
6.100000e+01 1.514525e-21
6.200000e+01 1.514174e-21
6.300000e+01 1.513826e-21
6.400000e+01 1.513480e-21
6.500000e+01 1.513137e-21
6.600000e+01 1.512798e-21
6.700000e+01 1.512462e-21
6.800000e+01 1.512130e-21
6.900000e+01 1.511802e-21
7.000000e+01 1.511480e-21
7.100000e+01 1.511163e-21
7.200000e+01 1.510851e-21
7.300000e+01 1.510545e-21
7.400000e+01 1.510246e-21
7.500000e+01 1.509954e-21
7.600000e+01 1.509669e-21
7.700000e+01 1.509391e-21
7.800000e+01 1.509121e-21
7.900000e+01 1.508859e-21
8.000000e+01 1.508606e-21
8.100000e+01 1.508362e-21
8.200000e+01 1.508126e-21
8.300000e+01 1.507900e-21
8.400000e+01 1.507684e-21
8.500000e+01 1.507477e-21
8.600000e+01 1.507281e-21
8.700000e+01 1.507095e-21
8.800000e+01 1.506920e-21
8.900000e+01 1.506755e-21
9.000000e+01 1.506602e-21
9.100000e+01 1.506459e-21
9.200000e+01 1.506329e-21
9.300000e+01 1.506209e-21
9.400000e+01 1.506102e-21
9.500000e+01 1.506006e-21
9.600000e+01 1.505922e-21
9.700000e+01 1.505850e-21
9.800000e+01 1.505791e-21
9.900000e+01 1.505744e-21
1.000000e+02 1.505708e-21
1.010000e+02 1.505686e-21
1.020000e+02 1.505675e-21
1.030000e+02 1.505677e-21
1.040000e+02 1.505691e-21
1.050000e+02 1.505718e-21
1.060000e+02 1.505757e-21
1.070000e+02 1.505808e-21
1.080000e+02 1.505871e-21
1.090000e+02 1.505947e-21
1.100000e+02 1.506034e-21
1.110000e+02 1.506133e-21
1.120000e+02 1.506245e-21
1.130000e+02 1.506367e-21
1.140000e+02 1.506502e-21
1.150000e+02 1.506647e-21
1.160000e+02 1.506804e-21
1.170000e+02 1.506972e-21
1.180000e+02 1.507151e-21
1.190000e+02 1.507340e-21
1.200000e+02 1.507539e-21
1.210000e+02 1.507749e-21
1.220000e+02 1.507968e-21
1.230000e+02 1.508197e-21
1.240000e+02 1.508435e-21
1.250000e+02 1.508683e-21
1.260000e+02 1.508938e-21
1.270000e+02 1.509203e-21
1.280000e+02 1.509475e-21
1.290000e+02 1.509755e-21
1.300000e+02 1.510043e-21
1.310000e+02 1.510337e-21
1.320000e+02 1.510638e-21
1.330000e+02 1.510946e-21
1.340000e+02 1.511259e-21
1.350000e+02 1.511578e-21
1.360000e+02 1.511902e-21
1.370000e+02 1.512231e-21
1.380000e+02 1.512564e-21
1.390000e+02 1.512901e-21
1.400000e+02 1.513242e-21
1.410000e+02 1.513586e-21
1.420000e+02 1.513932e-21
1.430000e+02 1.514281e-21
1.440000e+02 1.514632e-21
1.450000e+02 1.514984e-21
1.460000e+02 1.515337e-21
1.470000e+02 1.515691e-21
1.480000e+02 1.516045e-21
1.490000e+02 1.516399e-21
1.500000e+02 1.516752e-21
1.510000e+02 1.517103e-21
1.520000e+02 1.517454e-21
1.530000e+02 1.517802e-21
1.540000e+02 1.518147e-21
1.550000e+02 1.518490e-21
1.560000e+02 1.518830e-21
1.570000e+02 1.519166e-21
1.580000e+02 1.519498e-21
1.590000e+02 1.519825e-21
1.600000e+02 1.520148e-21
1.610000e+02 1.520465e-21
1.620000e+02 1.520777e-21
1.630000e+02 1.521082e-21
1.640000e+02 1.521382e-21
1.650000e+02 1.521674e-21
1.660000e+02 1.521959e-21
1.670000e+02 1.522237e-21
1.680000e+02 1.522507e-21
1.690000e+02 1.522769e-21
1.700000e+02 1.523022e-21
1.710000e+02 1.523266e-21
1.720000e+02 1.523502e-21
1.730000e+02 1.523728e-21
1.740000e+02 1.523944e-21
1.750000e+02 1.524151e-21
1.760000e+02 1.524347e-21
1.770000e+02 1.524533e-21
1.780000e+02 1.524708e-21
1.790000e+02 1.524873e-21
1.800000e+02 1.525026e-21
1.810000e+02 1.525168e-21
1.820000e+02 1.525299e-21
1.830000e+02 1.525419e-21
1.840000e+02 1.525526e-21
1.850000e+02 1.525622e-21
1.860000e+02 1.525706e-21
1.870000e+02 1.525777e-21
1.880000e+02 1.525837e-21
1.890000e+02 1.525884e-21
1.900000e+02 1.525919e-21
1.910000e+02 1.525942e-21
1.920000e+02 1.525953e-21
1.930000e+02 1.525951e-21
1.940000e+02 1.525937e-21
1.950000e+02 1.525910e-21
1.960000e+02 1.525871e-21
1.970000e+02 1.525820e-21
1.980000e+02 1.525757e-21
1.990000e+02 1.525681e-21
2.000000e+02 1.525594e-21
2.010000e+02 1.525494e-21
2.020000e+02 1.525383e-21
2.030000e+02 1.525260e-21
2.040000e+02 1.525126e-21
2.050000e+02 1.524980e-21
2.060000e+02 1.524824e-21
2.070000e+02 1.524656e-21
2.080000e+02 1.524477e-21
2.090000e+02 1.524288e-21
2.100000e+02 1.524089e-21
2.110000e+02 1.523879e-21
2.120000e+02 1.523660e-21
2.130000e+02 1.523431e-21
2.140000e+02 1.523192e-21
2.150000e+02 1.522945e-21
2.160000e+02 1.522689e-21
2.170000e+02 1.522425e-21
2.180000e+02 1.522153e-21
2.190000e+02 1.521873e-21
2.200000e+02 1.521585e-21
2.210000e+02 1.521291e-21
2.220000e+02 1.520990e-21
2.230000e+02 1.520682e-21
2.240000e+02 1.520369e-21
2.250000e+02 1.520050e-21
2.260000e+02 1.519726e-21
2.270000e+02 1.519397e-21
2.280000e+02 1.519064e-21
2.290000e+02 1.518727e-21
2.300000e+02 1.518386e-21
2.310000e+02 1.518042e-21
2.320000e+02 1.517695e-21
2.330000e+02 1.517347e-21
2.340000e+02 1.516996e-21
2.350000e+02 1.516644e-21
2.360000e+02 1.516291e-21
2.370000e+02 1.515937e-21
2.380000e+02 1.515583e-21
2.390000e+02 1.515229e-21
2.400000e+02 1.514876e-21
2.410000e+02 1.514525e-21
2.420000e+02 1.514174e-21
2.430000e+02 1.513826e-21
2.440000e+02 1.513480e-21
2.450000e+02 1.513137e-21
2.460000e+02 1.512798e-21
2.470000e+02 1.512462e-21
2.480000e+02 1.512130e-21
2.490000e+02 1.511802e-21
2.500000e+02 1.511480e-21
2.510000e+02 1.511163e-21
2.520000e+02 1.510851e-21
2.530000e+02 1.510545e-21
2.540000e+02 1.510246e-21
2.550000e+02 1.509954e-21
2.560000e+02 1.509669e-21
2.570000e+02 1.509391e-21
2.580000e+02 1.509121e-21
2.590000e+02 1.508859e-21
2.600000e+02 1.508606e-21
2.610000e+02 1.508362e-21
2.620000e+02 1.508126e-21
2.630000e+02 1.507900e-21
2.640000e+02 1.507684e-21
2.650000e+02 1.507477e-21
2.660000e+02 1.507281e-21
2.670000e+02 1.507095e-21
2.680000e+02 1.506920e-21
2.690000e+02 1.506755e-21
2.700000e+02 1.506602e-21
2.710000e+02 1.506459e-21
2.720000e+02 1.506329e-21
2.730000e+02 1.506209e-21
2.740000e+02 1.506102e-21
2.750000e+02 1.506006e-21
2.760000e+02 1.505922e-21
2.770000e+02 1.505850e-21
2.780000e+02 1.505791e-21
2.790000e+02 1.505744e-21
2.800000e+02 1.505708e-21
2.810000e+02 1.505686e-21
2.820000e+02 1.505675e-21
2.830000e+02 1.505677e-21
2.840000e+02 1.505691e-21
2.850000e+02 1.505718e-21
2.860000e+02 1.505757e-21
2.870000e+02 1.505808e-21
2.880000e+02 1.505871e-21
2.890000e+02 1.505947e-21
2.900000e+02 1.506034e-21
2.910000e+02 1.506133e-21
2.920000e+02 1.506245e-21
2.930000e+02 1.506367e-21
2.940000e+02 1.506502e-21
2.950000e+02 1.506647e-21
2.960000e+02 1.506804e-21
2.970000e+02 1.506972e-21
2.980000e+02 1.507151e-21
2.990000e+02 1.507340e-21
3.000000e+02 1.507539e-21
3.010000e+02 1.507749e-21
3.020000e+02 1.507968e-21
3.030000e+02 1.508197e-21
3.040000e+02 1.508435e-21
3.050000e+02 1.508683e-21
3.060000e+02 1.508938e-21
3.070000e+02 1.509203e-21
3.080000e+02 1.509475e-21
3.090000e+02 1.509755e-21
3.100000e+02 1.510043e-21
3.110000e+02 1.510337e-21
3.120000e+02 1.510638e-21
3.130000e+02 1.510946e-21
3.140000e+02 1.511259e-21
3.150000e+02 1.511578e-21
3.160000e+02 1.511902e-21
3.170000e+02 1.512231e-21
3.180000e+02 1.512564e-21
3.190000e+02 1.512901e-21
3.200000e+02 1.513242e-21
3.210000e+02 1.513586e-21
3.220000e+02 1.513932e-21
3.230000e+02 1.514281e-21
3.240000e+02 1.514632e-21
3.250000e+02 1.514984e-21
3.260000e+02 1.515337e-21
3.270000e+02 1.515691e-21
3.280000e+02 1.516045e-21
3.290000e+02 1.516399e-21
3.300000e+02 1.516752e-21
3.310000e+02 1.517103e-21
3.320000e+02 1.517454e-21
3.330000e+02 1.517802e-21
3.340000e+02 1.518147e-21
3.350000e+02 1.518490e-21
3.360000e+02 1.518830e-21
3.370000e+02 1.519166e-21
3.380000e+02 1.519498e-21
3.390000e+02 1.519825e-21
3.400000e+02 1.520148e-21
3.410000e+02 1.520465e-21
3.420000e+02 1.520777e-21
3.430000e+02 1.521082e-21
3.440000e+02 1.521382e-21
3.450000e+02 1.521674e-21
3.460000e+02 1.521959e-21
3.470000e+02 1.522237e-21
3.480000e+02 1.522507e-21
3.490000e+02 1.522769e-21
3.500000e+02 1.523022e-21
3.510000e+02 1.523266e-21
3.520000e+02 1.523502e-21
3.530000e+02 1.523728e-21
3.540000e+02 1.523944e-21
3.550000e+02 1.524151e-21
3.560000e+02 1.524347e-21
3.570000e+02 1.524533e-21
3.580000e+02 1.524708e-21
3.590000e+02 1.524873e-21
3.600000e+02 1.525026e-21
