Iteration# z ADDATime OurCalcTime
1.0000000000 -0.0500000000 0.0000000000 31.0200000000
2.0000000000 0.0000000000 0.0000000000 32.6300000000
3.0000000000 0.0500000000 0.0000000000 32.3200000000
4.0000000000 0.0250000000 0.0000000000 31.0200000000
5.0000000000 0.0500000000 0.0000000000 33.6900000000
6.0000000000 0.0375000000 0.0100000000 32.7700000000
7.0000000000 0.0312500000 0.0000000000 32.5100000000
8.0000000000 0.0375000000 0.0000000000 32.0000000000
9.0000000000 0.0343750000 0.0000000000 32.4900000000
10.0000000000 0.0328125000 0.0000000000 32.0300000000
11.0000000000 0.0320312500 0.0000000000 31.7700000000
12.0000000000 0.0328125000 0.0100000000 31.2400000000
13.0000000000 0.0324218750 0.0000000000 31.3400000000
14.0000000000 0.0322265625 0.0000000000 32.9700000000
15.0000000000 0.0324218750 0.0000000000 31.2500000000
16.0000000000 0.0323242188 0.0000000000 31.3500000000
17.0000000000 0.0322753906 0.0100000000 31.8400000000
18.0000000000 0.0323242188 0.0000000000 33.4900000000
19.0000000000 0.0322998047 0.0000000000 31.8900000000
20.0000000000 0.0323242188 0.0100000000 33.6200000000
21.0000000000 0.0323120117 0.0000000000 32.1000000000
22.0000000000 0.0323059082 0.0000000000 32.8100000000
23.0000000000 0.0323028564 0.0000000000 30.6100000000
24.0000000000 0.0323059082 0.0000000000 31.3700000000
25.0000000000 0.0323043823 0.0000000000 31.4000000000
26.0000000000 0.0323036194 0.0000000000 31.9900000000
27.0000000000 0.0323032379 0.0000000000 32.3500000000
28.0000000000 0.0323036194 0.0000000000 32.6900000000
29.0000000000 0.0323034286 0.0000000000 31.3200000000
30.0000000000 0.0323033333 0.0100000000 30.8900000000
31.0000000000 0.0323034286 0.0100000000 32.8500000000
32.0000000000 0.0323033810 0.0000000000 31.9600000000
33.0000000000 0.0323034286 0.0000000000 32.0800000000
34.0000000000 0.0323034048 0.0000000000 31.3100000000
35.0000000000 0.0323033929 0.0100000000 30.2300000000
36.0000000000 0.0323034048 0.0000000000 31.0200000000
37.0000000000 0.0323033988 0.0000000000 31.7300000000
38.0000000000 0.0323033959 0.0000000000 32.4100000000
39.0000000000 0.0323033944 0.0100000000 32.1600000000
40.0000000000 0.0323033936 0.0100000000 32.6700000000
41.0000000000 0.0323033933 0.0000000000 32.1600000000
42.0000000000 0.0323033936 0.0000000000 32.5700000000
43.0000000000 0.0323033934 0.0000000000 31.3900000000
44.0000000000 0.0323033934 0.0000000000 31.9800000000
45.0000000000 0.0323033933 0.0000000000 31.6200000000
46.0000000000 0.0323033934 0.0000000000 33.7700000000
47.0000000000 0.0323033933 0.0000000000 32.0000000000
48.0000000000 0.0323033934 0.0000000000 30.9100000000
49.0000000000 0.0323033933 0.0000000000 32.2600000000
50.0000000000 0.0323033934 0.0000000000 31.9800000000
51.0000000000 0.0323033933 0.0000000000 30.4900000000
52.0000000000 0.0323033934 0.0000000000 32.1200000000
53.0000000000 0.0323033933 0.0000000000 30.5200000000
54.0000000000 0.0323033934 0.0000000000 31.3100000000
55.0000000000 0.0323033934 0.0000000000 31.8100000000
56.0000000000 0.0323033934 0.0000000000 30.1300000000
57.0000000000 0.0323033934 0.0000000000 32.3000000000
58.0000000000 0.0323033934 0.0100000000 31.4100000000
59.0000000000 0.0323033934 0.0100000000 32.3900000000
60.0000000000 0.0323033934 0.0000000000 31.5200000000
61.0000000000 0.0323033934 0.0000000000 31.6800000000
62.0000000000 0.0323033934 0.0000000000 32.8500000000
63.0000000000 0.0323033934 0.0000000000 31.8000000000
64.0000000000 0.0323033934 0.0000000000 31.9800000000
65.0000000000 0.0323033934 0.0100000000 31.5500000000
66.0000000000 0.0323033934 0.0100000000 33.4600000000
67.0000000000 0.0323033934 0.0000000000 32.5900000000
68.0000000000 0.0323033934 0.0000000000 31.8800000000
69.0000000000 0.0323033934 0.0000000000 32.5900000000
70.0000000000 0.0323033934 0.0100000000 31.9600000000
71.0000000000 0.0323033934 0.0000000000 32.6400000000
72.0000000000 0.0323033934 0.0000000000 31.1300000000
73.0000000000 0.0323033934 0.0000000000 31.5500000000
74.0000000000 0.0323033934 0.0000000000 32.8200000000
75.0000000000 0.0323033934 0.0000000000 32.1500000000
76.0000000000 0.0323033934 0.0100000000 32.6200000000
77.0000000000 0.0323033934 0.0000000000 32.4800000000
78.0000000000 0.0323033934 0.0100000000 31.8700000000
79.0000000000 0.0323033934 0.0000000000 31.5600000000
80.0000000000 0.0323033934 0.0100000000 31.0000000000
81.0000000000 0.0323033934 0.0100000000 30.8100000000
82.0000000000 0.0323033934 0.0100000000 32.3200000000
83.0000000000 0.0323033934 0.0000000000 32.4500000000
84.0000000000 0.0323033934 0.0100000000 33.0700000000
85.0000000000 0.0323033934 0.0100000000 31.7300000000
86.0000000000 0.0323033934 0.0000000000 32.9000000000
87.0000000000 0.0323033934 0.0100000000 32.3400000000
88.0000000000 0.0323033934 0.0100000000 30.9100000000
89.0000000000 0.0323033934 0.0000000000 32.0000000000
90.0000000000 0.0323033934 0.0000000000 32.4700000000
91.0000000000 0.0323033934 0.0000000000 32.3200000000
92.0000000000 0.0323033934 0.0000000000 31.6300000000
93.0000000000 0.0323033934 0.0000000000 30.6300000000
94.0000000000 0.0323033934 0.0000000000 32.5800000000
95.0000000000 0.0323033934 0.0000000000 32.2500000000
96.0000000000 0.0323033934 0.0000000000 31.5300000000
97.0000000000 0.0323033934 0.0000000000 32.7900000000
98.0000000000 0.0323033934 0.0000000000 32.2300000000
99.0000000000 0.0323033934 0.0000000000 32.5800000000
100.0000000000 0.0323033934 0.0100000000 32.4900000000
