Iteration# z ADDATime OurCalcTime
1.0000000000 -0.0500000000 0.0000000000 56.7800000000
2.0000000000 0.0000000000 0.0000000000 69.4300000000
3.0000000000 0.0500000000 0.0000000000 69.1900000000
4.0000000000 0.0250000000 0.0000000000 54.1800000000
5.0000000000 0.0125000000 0.0000000000 65.2700000000
6.0000000000 0.0250000000 0.0000000000 53.1900000000
7.0000000000 0.0187500000 0.0000000000 51.2300000000
8.0000000000 0.0250000000 0.0100000000 52.6000000000
9.0000000000 0.0218750000 0.0000000000 78.6000000000
10.0000000000 0.0203125000 0.0000000000 48.6600000000
11.0000000000 0.0218750000 0.0000000000 63.0200000000
12.0000000000 0.0210937500 0.0000000000 78.7200000000
13.0000000000 0.0207031250 0.0000000000 57.0500000000
14.0000000000 0.0205078125 0.0000000000 60.2100000000
15.0000000000 0.0207031250 0.0000000000 57.0900000000
16.0000000000 0.0206054688 0.0000000000 69.0900000000
17.0000000000 0.0207031250 0.0000000000 79.1000000000
18.0000000000 0.0206542969 0.0100000000 47.4300000000
19.0000000000 0.0206298828 0.0000000000 57.1600000000
20.0000000000 0.0206542969 0.0000000000 73.1200000000
21.0000000000 0.0206420898 0.0000000000 75.2900000000
1.0000000000 0.0206359863 0.0000000000 76.0000000000
2.0000000000 0.0206420898 0.0000000000 76.8500000000
3.0000000000 0.0206481934 0.0100000000 78.0400000000
4.0000000000 0.0206542969 0.0000000000 72.9900000000
5.0000000000 0.0206604004 0.0000000000 65.3900000000
6.0000000000 0.0206665039 0.0000000000 79.7400000000
7.0000000000 0.0206726074 0.0000000000 72.5400000000
8.0000000000 0.0206787109 0.0100000000 81.5400000000
9.0000000000 0.0206848145 0.0000000000 78.5100000000
10.0000000000 0.0206909180 0.0000000000 49.6600000000
11.0000000000 0.0206970215 0.0000000000 48.4000000000
12.0000000000 0.0207031250 0.0000000000 48.8700000000
13.0000000000 0.0207092285 0.0000000000 47.6000000000
14.0000000000 0.0207153320 0.0000000000 47.7100000000
15.0000000000 0.0207214355 0.0100000000 47.7000000000
16.0000000000 0.0207275391 0.0000000000 48.4500000000
17.0000000000 0.0207336426 0.0000000000 46.9400000000
18.0000000000 0.0207397461 0.0000000000 48.6700000000
19.0000000000 0.0207458496 0.0000000000 50.1000000000
20.0000000000 0.0207519531 0.0000000000 47.9800000000
21.0000000000 0.0207580566 0.0000000000 49.3200000000
22.0000000000 0.0207641602 0.0000000000 49.5600000000
23.0000000000 0.0207702637 0.0000000000 49.4700000000
24.0000000000 0.0207763672 0.0000000000 48.2500000000
25.0000000000 0.0207824707 0.0000000000 49.1500000000
26.0000000000 0.0207885742 0.0000000000 48.2600000000
27.0000000000 0.0207946777 0.0100000000 47.7700000000
28.0000000000 0.0208007813 0.0000000000 47.0600000000
29.0000000000 0.0208068848 0.0000000000 47.2300000000
30.0000000000 0.0208129883 0.0000000000 47.0600000000
31.0000000000 0.0208190918 0.0000000000 49.2400000000
32.0000000000 0.0208251953 0.0000000000 47.1600000000
33.0000000000 0.0208312988 0.0000000000 47.0500000000
34.0000000000 0.0208374023 0.0000000000 47.0700000000
35.0000000000 0.0208435059 0.0000000000 46.8100000000
36.0000000000 0.0208496094 0.0000000000 47.4500000000
37.0000000000 0.0208557129 0.0100000000 47.2900000000
38.0000000000 0.0208618164 0.0000000000 47.4400000000
39.0000000000 0.0208679199 0.0000000000 48.0600000000
40.0000000000 0.0208740234 0.0000000000 48.5100000000
41.0000000000 0.0208801270 0.0100000000 46.9700000000
42.0000000000 0.0208862305 0.0000000000 47.5300000000
43.0000000000 0.0208923340 0.0000000000 47.8000000000
44.0000000000 0.0208984375 0.0000000000 49.5900000000
45.0000000000 0.0209045410 0.0000000000 47.4300000000
46.0000000000 0.0209106445 0.0000000000 47.3500000000
47.0000000000 0.0209167480 0.0000000000 48.3400000000
48.0000000000 0.0209228516 0.0000000000 49.2800000000
49.0000000000 0.0209289551 0.0000000000 46.7900000000
50.0000000000 0.0209350586 0.0000000000 46.7200000000
51.0000000000 0.0209411621 0.0000000000 47.6500000000
52.0000000000 0.0209472656 0.0000000000 47.9500000000
53.0000000000 0.0209533691 0.0100000000 47.0500000000
54.0000000000 0.0209594727 0.0000000000 49.0600000000
55.0000000000 0.0209655762 0.0000000000 48.1600000000
56.0000000000 0.0209716797 0.0000000000 47.6400000000
57.0000000000 0.0209777832 0.0000000000 48.0500000000
58.0000000000 0.0209838867 0.0100000000 48.5700000000
59.0000000000 0.0209899902 0.0000000000 47.4800000000
60.0000000000 0.0209960938 0.0000000000 47.6000000000
61.0000000000 0.0210021973 0.0000000000 47.5200000000
62.0000000000 0.0210083008 0.0000000000 47.8600000000
63.0000000000 0.0210144043 0.0000000000 47.6700000000
64.0000000000 0.0210205078 0.0000000000 47.3400000000
65.0000000000 0.0210266113 0.0000000000 49.1300000000
66.0000000000 0.0210327148 0.0000000000 47.5800000000
67.0000000000 0.0210388184 0.0000000000 48.4600000000
68.0000000000 0.0210449219 0.0000000000 47.7900000000
69.0000000000 0.0210510254 0.0000000000 49.9700000000
70.0000000000 0.0210571289 0.0100000000 48.5400000000
71.0000000000 0.0210632324 0.0000000000 48.1500000000
72.0000000000 0.0210693359 0.0000000000 49.0500000000
73.0000000000 0.0210754395 0.0100000000 49.3900000000
74.0000000000 0.0210815430 0.0100000000 48.1800000000
75.0000000000 0.0210876465 0.0000000000 48.6400000000
76.0000000000 0.0210937500 0.0000000000 47.5800000000
77.0000000000 0.0210998535 0.0000000000 46.6300000000
78.0000000000 0.0211059570 0.0000000000 49.5300000000
79.0000000000 0.0211120605 0.0000000000 49.1800000000
80.0000000000 0.0211181641 0.0000000000 49.6200000000
81.0000000000 0.0211242676 0.0000000000 48.0000000000
82.0000000000 0.0211303711 0.0100000000 47.5100000000
83.0000000000 0.0211364746 0.0000000000 48.0400000000
84.0000000000 0.0211425781 0.0000000000 48.1200000000
85.0000000000 0.0211486816 0.0000000000 47.7900000000
86.0000000000 0.0211547852 0.0000000000 48.0500000000
87.0000000000 0.0211608887 0.0000000000 47.6100000000
88.0000000000 0.0211669922 0.0000000000 47.0500000000
89.0000000000 0.0211730957 0.0000000000 47.0500000000
90.0000000000 0.0211791992 0.0000000000 47.2600000000
91.0000000000 0.0211853027 0.0000000000 47.3400000000
92.0000000000 0.0211914063 0.0000000000 47.6700000000
93.0000000000 0.0211975098 0.0000000000 49.5100000000
94.0000000000 0.0212036133 0.0000000000 49.7400000000
95.0000000000 0.0212097168 0.0000000000 49.3500000000
96.0000000000 0.0212158203 0.0000000000 49.8200000000
97.0000000000 0.0212219238 0.0000000000 47.5700000000
98.0000000000 0.0212280273 0.0000000000 49.3500000000
99.0000000000 0.0212341309 0.0000000000 46.8000000000
100.0000000000 0.0212402344 0.0000000000 49.3300000000
101.0000000000 0.0212463379 0.0000000000 48.2900000000
102.0000000000 0.0212524414 0.0000000000 47.8900000000
103.0000000000 0.0212585449 0.0100000000 49.6600000000
104.0000000000 0.0212646484 0.0000000000 47.6600000000
105.0000000000 0.0212707520 0.0000000000 48.9500000000
106.0000000000 0.0212768555 0.0000000000 48.9700000000
107.0000000000 0.0212829590 0.0000000000 50.2000000000
108.0000000000 0.0212890625 0.0000000000 49.7600000000
109.0000000000 0.0212951660 0.0000000000 48.5300000000
110.0000000000 0.0213012695 0.0000000000 48.4800000000
111.0000000000 0.0213073730 0.0000000000 50.3300000000
112.0000000000 0.0213134766 0.0000000000 47.2600000000
113.0000000000 0.0213195801 0.0000000000 48.6600000000
114.0000000000 0.0213256836 0.0000000000 49.1000000000
115.0000000000 0.0213317871 0.0100000000 49.2900000000
116.0000000000 0.0213378906 0.0000000000 47.5200000000
117.0000000000 0.0213439941 0.0000000000 48.0000000000
118.0000000000 0.0213500977 0.0000000000 48.7500000000
119.0000000000 0.0213562012 0.0000000000 47.8800000000
120.0000000000 0.0213623047 0.0000000000 47.8300000000
121.0000000000 0.0213684082 0.0000000000 47.6500000000
122.0000000000 0.0213745117 0.0100000000 48.5000000000
123.0000000000 0.0213806152 0.0000000000 49.6900000000
124.0000000000 0.0213867188 0.0000000000 48.3100000000
125.0000000000 0.0213928223 0.0000000000 49.1400000000
126.0000000000 0.0213989258 0.0000000000 49.0500000000
127.0000000000 0.0214050293 0.0000000000 48.9000000000
128.0000000000 0.0214111328 0.0000000000 49.3200000000
129.0000000000 0.0214172363 0.0000000000 49.3500000000
130.0000000000 0.0214233398 0.0000000000 47.9300000000
131.0000000000 0.0214294434 0.0000000000 49.1000000000
132.0000000000 0.0214355469 0.0000000000 47.8200000000
133.0000000000 0.0214416504 0.0000000000 48.0800000000
134.0000000000 0.0214477539 0.0000000000 48.2500000000
135.0000000000 0.0214538574 0.0000000000 46.0700000000
136.0000000000 0.0214599609 0.0000000000 41.4700000000
137.0000000000 0.0214660645 0.0000000000 42.5700000000
138.0000000000 0.0214721680 0.0100000000 41.8900000000
139.0000000000 0.0214782715 0.0000000000 42.0200000000
140.0000000000 0.0214843750 0.0000000000 42.3000000000
141.0000000000 0.0214904785 0.0100000000 42.1900000000
142.0000000000 0.0214965820 0.0000000000 41.2600000000
143.0000000000 0.0215026855 0.0000000000 41.5900000000
144.0000000000 0.0215087891 0.0000000000 41.6600000000
145.0000000000 0.0215148926 0.0000000000 42.5400000000
146.0000000000 0.0215209961 0.0000000000 42.0700000000
147.0000000000 0.0215270996 0.0000000000 41.8400000000
148.0000000000 0.0215332031 0.0000000000 42.6200000000
149.0000000000 0.0215393066 0.0000000000 41.7800000000
150.0000000000 0.0215454102 0.0000000000 41.4900000000
151.0000000000 0.0215515137 0.0000000000 42.5500000000
152.0000000000 0.0215576172 0.0000000000 41.7600000000
153.0000000000 0.0215637207 0.0000000000 41.9400000000
154.0000000000 0.0215698242 0.0000000000 41.8600000000
155.0000000000 0.0215759277 0.0000000000 42.0600000000
156.0000000000 0.0215820313 0.0000000000 41.8500000000
157.0000000000 0.0215881348 0.0000000000 41.7400000000
158.0000000000 0.0215942383 0.0000000000 41.3400000000
159.0000000000 0.0216003418 0.0000000000 41.7000000000
160.0000000000 0.0216064453 0.0000000000 42.2200000000
161.0000000000 0.0216125488 0.0000000000 41.8100000000
162.0000000000 0.0216186523 0.0000000000 42.5500000000
163.0000000000 0.0216247559 0.0000000000 42.0100000000
164.0000000000 0.0216308594 0.0000000000 42.0000000000
165.0000000000 0.0216369629 0.0000000000 42.0700000000
166.0000000000 0.0216430664 0.0000000000 41.4600000000
167.0000000000 0.0216491699 0.0100000000 41.7700000000
168.0000000000 0.0216552734 0.0000000000 41.8600000000
169.0000000000 0.0216613770 0.0000000000 41.8800000000
170.0000000000 0.0216674805 0.0000000000 41.9200000000
171.0000000000 0.0216735840 0.0000000000 42.0700000000
172.0000000000 0.0216796875 0.0000000000 42.0700000000
173.0000000000 0.0216857910 0.0000000000 42.1300000000
174.0000000000 0.0216918945 0.0100000000 42.1200000000
175.0000000000 0.0216979980 0.0000000000 42.3100000000
176.0000000000 0.0217041016 0.0000000000 41.9800000000
177.0000000000 0.0217102051 0.0000000000 41.7100000000
178.0000000000 0.0217163086 0.0100000000 41.7000000000
179.0000000000 0.0217224121 0.0000000000 41.8800000000
180.0000000000 0.0217285156 0.0000000000 43.3900000000
181.0000000000 0.0217346191 0.0000000000 41.7700000000
182.0000000000 0.0217407227 0.0000000000 42.6600000000
183.0000000000 0.0217468262 0.0100000000 42.0400000000
184.0000000000 0.0217529297 0.0000000000 41.4600000000
185.0000000000 0.0217590332 0.0000000000 42.0200000000
186.0000000000 0.0217651367 0.0000000000 42.0600000000
187.0000000000 0.0217712402 0.0100000000 41.9100000000
188.0000000000 0.0217773438 0.0000000000 41.8500000000
189.0000000000 0.0217834473 0.0100000000 41.7600000000
190.0000000000 0.0217895508 0.0000000000 41.7900000000
191.0000000000 0.0217956543 0.0000000000 42.1200000000
192.0000000000 0.0218017578 0.0000000000 42.3900000000
193.0000000000 0.0218078613 0.0000000000 42.1300000000
194.0000000000 0.0218139648 0.0000000000 42.1400000000
195.0000000000 0.0218200684 0.0000000000 42.0000000000
196.0000000000 0.0218261719 0.0000000000 41.8300000000
197.0000000000 0.0218322754 0.0000000000 42.2100000000
198.0000000000 0.0218383789 0.0000000000 41.6900000000
199.0000000000 0.0218444824 0.0000000000 41.5400000000
200.0000000000 0.0218505859 0.0000000000 42.3200000000
201.0000000000 0.0218566895 0.0000000000 41.7600000000
202.0000000000 0.0218627930 0.0000000000 41.5800000000
203.0000000000 0.0218688965 0.0000000000 41.6800000000
204.0000000000 0.0218750000 0.0000000000 41.6700000000
205.0000000000 0.0218811035 0.0000000000 41.8400000000
206.0000000000 0.0218872070 0.0000000000 41.9800000000
207.0000000000 0.0218933105 0.0000000000 41.8000000000
208.0000000000 0.0218994141 0.0000000000 42.2900000000
209.0000000000 0.0219055176 0.0000000000 41.7400000000
210.0000000000 0.0219116211 0.0000000000 41.9700000000
211.0000000000 0.0219177246 0.0100000000 41.7600000000
212.0000000000 0.0219238281 0.0000000000 43.3100000000
213.0000000000 0.0219299316 0.0000000000 47.3500000000
214.0000000000 0.0219360352 0.0000000000 49.2300000000
215.0000000000 0.0219421387 0.0100000000 49.6300000000
216.0000000000 0.0219482422 0.0000000000 48.3400000000
217.0000000000 0.0219543457 0.0000000000 48.9800000000
218.0000000000 0.0219604492 0.0000000000 47.8000000000
219.0000000000 0.0219665527 0.0000000000 47.4800000000
220.0000000000 0.0219726563 0.0000000000 49.5800000000
221.0000000000 0.0219787598 0.0000000000 49.4000000000
222.0000000000 0.0219848633 0.0000000000 48.1000000000
223.0000000000 0.0219909668 0.0000000000 49.1100000000
224.0000000000 0.0219970703 0.0000000000 47.7200000000
225.0000000000 0.0220031738 0.0000000000 47.6100000000
226.0000000000 0.0220092773 0.0000000000 49.3600000000
227.0000000000 0.0220153809 0.0000000000 48.9800000000
228.0000000000 0.0220214844 0.0100000000 46.9200000000
229.0000000000 0.0220275879 0.0000000000 49.4500000000
230.0000000000 0.0220336914 0.0000000000 49.3800000000
231.0000000000 0.0220397949 0.0000000000 48.2700000000
232.0000000000 0.0220458984 0.0000000000 49.0400000000
233.0000000000 0.0220520020 0.0000000000 49.1300000000
234.0000000000 0.0220581055 0.0000000000 47.9700000000
235.0000000000 0.0220642090 0.0000000000 49.0700000000
236.0000000000 0.0220703125 0.0000000000 48.1400000000
237.0000000000 0.0220764160 0.0000000000 47.6600000000
238.0000000000 0.0220825195 0.0000000000 48.9300000000
239.0000000000 0.0220886230 0.0100000000 47.6300000000
240.0000000000 0.0220947266 0.0000000000 47.5200000000
241.0000000000 0.0221008301 0.0000000000 48.4400000000
242.0000000000 0.0221069336 0.0000000000 48.9100000000
243.0000000000 0.0221130371 0.0100000000 50.1300000000
244.0000000000 0.0221191406 0.0000000000 48.9800000000
245.0000000000 0.0221252441 0.0000000000 48.6800000000
246.0000000000 0.0221313477 0.0000000000 47.9400000000
247.0000000000 0.0221374512 0.0000000000 48.0800000000
248.0000000000 0.0221435547 0.0000000000 49.0200000000
249.0000000000 0.0221496582 0.0000000000 48.8000000000
250.0000000000 0.0221557617 0.0000000000 48.5300000000
251.0000000000 0.0221618652 0.0000000000 48.6300000000
252.0000000000 0.0221679688 0.0000000000 47.9900000000
253.0000000000 0.0221740723 0.0000000000 49.1200000000
254.0000000000 0.0221801758 0.0000000000 48.5500000000
255.0000000000 0.0221862793 0.0000000000 49.0400000000
256.0000000000 0.0221923828 0.0000000000 49.3900000000
257.0000000000 0.0221984863 0.0000000000 50.0500000000
258.0000000000 0.0222045898 0.0000000000 48.2200000000
259.0000000000 0.0222106934 0.0000000000 48.4000000000
260.0000000000 0.0222167969 0.0000000000 49.2600000000
261.0000000000 0.0222229004 0.0000000000 48.1500000000
262.0000000000 0.0222290039 0.0000000000 47.8300000000
263.0000000000 0.0222351074 0.0000000000 47.8200000000
264.0000000000 0.0222412109 0.0000000000 48.6700000000
265.0000000000 0.0222473145 0.0000000000 48.4000000000
266.0000000000 0.0222534180 0.0000000000 48.3600000000
267.0000000000 0.0222595215 0.0000000000 48.6000000000
268.0000000000 0.0222656250 0.0000000000 48.0900000000
269.0000000000 0.0222717285 0.0000000000 49.0700000000
270.0000000000 0.0222778320 0.0100000000 48.3500000000
271.0000000000 0.0222839355 0.0000000000 48.5000000000
272.0000000000 0.0222900391 0.0000000000 48.2900000000
273.0000000000 0.0222961426 0.0000000000 49.2700000000
274.0000000000 0.0223022461 0.0000000000 48.7400000000
275.0000000000 0.0223083496 0.0000000000 49.0600000000
276.0000000000 0.0223144531 0.0000000000 48.9100000000
277.0000000000 0.0223205566 0.0100000000 48.4200000000
278.0000000000 0.0223266602 0.0000000000 49.3200000000
279.0000000000 0.0223327637 0.0000000000 49.2300000000
280.0000000000 0.0223388672 0.0000000000 49.4300000000
281.0000000000 0.0223449707 0.0000000000 48.5700000000
282.0000000000 0.0223510742 0.0000000000 50.6500000000
283.0000000000 0.0223571777 0.0000000000 50.0100000000
284.0000000000 0.0223632813 0.0000000000 49.3400000000
285.0000000000 0.0223693848 0.0000000000 48.2600000000
286.0000000000 0.0223754883 0.0000000000 49.3300000000
287.0000000000 0.0223815918 0.0000000000 50.1600000000
288.0000000000 0.0223876953 0.0000000000 48.5400000000
289.0000000000 0.0223937988 0.0000000000 49.1800000000
290.0000000000 0.0223999023 0.0000000000 49.3800000000
291.0000000000 0.0224060059 0.0000000000 49.1400000000
292.0000000000 0.0224121094 0.0000000000 49.7200000000
293.0000000000 0.0224182129 0.0100000000 49.3700000000
294.0000000000 0.0224243164 0.0000000000 48.1200000000
295.0000000000 0.0224304199 0.0000000000 47.8500000000
296.0000000000 0.0224365234 0.0100000000 47.3400000000
297.0000000000 0.0224426270 0.0000000000 48.3200000000
298.0000000000 0.0224487305 0.0000000000 47.6300000000
299.0000000000 0.0224548340 0.0000000000 48.1100000000
300.0000000000 0.0224609375 0.0000000000 47.8800000000
301.0000000000 0.0224670410 0.0000000000 49.4100000000
302.0000000000 0.0224731445 0.0000000000 47.6400000000
303.0000000000 0.0224792480 0.0000000000 48.1100000000
304.0000000000 0.0224853516 0.0000000000 48.5400000000
305.0000000000 0.0224914551 0.0000000000 48.0100000000
306.0000000000 0.0224975586 0.0100000000 49.1300000000
307.0000000000 0.0225036621 0.0000000000 48.8800000000
308.0000000000 0.0225097656 0.0000000000 47.9800000000
309.0000000000 0.0225158691 0.0000000000 47.8100000000
310.0000000000 0.0225219727 0.0000000000 49.0300000000
311.0000000000 0.0225280762 0.0000000000 49.1300000000
312.0000000000 0.0225341797 0.0000000000 47.4500000000
313.0000000000 0.0225402832 0.0000000000 47.5400000000
314.0000000000 0.0225463867 0.0000000000 49.2500000000
315.0000000000 0.0225524902 0.0000000000 49.2200000000
316.0000000000 0.0225585938 0.0000000000 50.0000000000
317.0000000000 0.0225646973 0.0000000000 49.7800000000
318.0000000000 0.0225708008 0.0000000000 49.4000000000
319.0000000000 0.0225769043 0.0100000000 49.2200000000
320.0000000000 0.0225830078 0.0000000000 48.0100000000
321.0000000000 0.0225891113 0.0000000000 48.3000000000
322.0000000000 0.0225952148 0.0100000000 49.3100000000
323.0000000000 0.0226013184 0.0000000000 49.0600000000
324.0000000000 0.0226074219 0.0000000000 47.8800000000
325.0000000000 0.0226135254 0.0000000000 47.3300000000
326.0000000000 0.0226196289 0.0000000000 47.9500000000
327.0000000000 0.0226257324 0.0000000000 48.1500000000
328.0000000000 0.0226318359 0.0100000000 48.8200000000
329.0000000000 0.0226379395 0.0000000000 47.6200000000
330.0000000000 0.0226440430 0.0000000000 49.8400000000
331.0000000000 0.0226501465 0.0100000000 49.8900000000
332.0000000000 0.0226562500 0.0000000000 49.1600000000
333.0000000000 0.0226623535 0.0000000000 47.1700000000
334.0000000000 0.0226684570 0.0100000000 48.6800000000
335.0000000000 0.0226745605 0.0000000000 47.8100000000
336.0000000000 0.0226806641 0.0000000000 46.8200000000
337.0000000000 0.0226867676 0.0000000000 46.6900000000
338.0000000000 0.0226928711 0.0000000000 47.1500000000
339.0000000000 0.0226989746 0.0000000000 50.5200000000
340.0000000000 0.0227050781 0.0000000000 48.4500000000
341.0000000000 0.0227111816 0.0000000000 47.9300000000
342.0000000000 0.0227172852 0.0300000000 47.6000000000
343.0000000000 0.0227233887 0.0000000000 47.2900000000
344.0000000000 0.0227294922 0.0000000000 48.7500000000
345.0000000000 0.0227355957 0.0000000000 47.4000000000
346.0000000000 0.0227416992 0.0000000000 47.4100000000
347.0000000000 0.0227478027 0.0000000000 49.0500000000
348.0000000000 0.0227539063 0.0000000000 49.0800000000
349.0000000000 0.0227600098 0.0000000000 50.0800000000
1.0000000000 0.0227661133 0.0000000000 48.6700000000
2.0000000000 0.0227722168 0.0000000000 49.2900000000
3.0000000000 0.0227783203 0.0000000000 48.4400000000
4.0000000000 0.0227844238 0.0000000000 50.3600000000
5.0000000000 0.0227905273 0.0100000000 47.8300000000
6.0000000000 0.0227966309 0.0000000000 47.5700000000
7.0000000000 0.0228027344 0.0000000000 48.2300000000
8.0000000000 0.0228088379 0.0000000000 48.9900000000
9.0000000000 0.0228149414 0.0100000000 48.7400000000
10.0000000000 0.0228210449 0.0000000000 47.7500000000
11.0000000000 0.0228271484 0.0000000000 48.2100000000
12.0000000000 0.0228332520 0.0000000000 50.1600000000
13.0000000000 0.0228393555 0.0000000000 48.6100000000
14.0000000000 0.0228454590 0.0000000000 48.8000000000
15.0000000000 0.0228515625 0.0000000000 49.8900000000
16.0000000000 0.0228576660 0.0000000000 48.6000000000
17.0000000000 0.0228637695 0.0000000000 49.2300000000
18.0000000000 0.0228698730 0.0000000000 48.1600000000
19.0000000000 0.0228759766 0.0100000000 49.0300000000
20.0000000000 0.0228820801 0.0000000000 48.3300000000
21.0000000000 0.0228881836 0.0000000000 47.7400000000
22.0000000000 0.0228942871 0.0000000000 47.7400000000
23.0000000000 0.0229003906 0.0000000000 47.7800000000
24.0000000000 0.0229064941 0.0000000000 47.3100000000
25.0000000000 0.0229125977 0.0000000000 47.3600000000
26.0000000000 0.0229187012 0.0000000000 47.6200000000
27.0000000000 0.0229248047 0.0000000000 48.6300000000
28.0000000000 0.0229309082 0.0000000000 47.3000000000
29.0000000000 0.0229370117 0.0000000000 47.4700000000
30.0000000000 0.0229431152 0.0000000000 47.7600000000
31.0000000000 0.0229492188 0.0000000000 49.5300000000
32.0000000000 0.0229553223 0.0000000000 48.0700000000
33.0000000000 0.0229614258 0.0100000000 47.4000000000
34.0000000000 0.0229675293 0.0000000000 47.0700000000
35.0000000000 0.0229736328 0.0100000000 48.1400000000
36.0000000000 0.0229797363 0.0000000000 48.9300000000
37.0000000000 0.0229858398 0.0000000000 49.4900000000
38.0000000000 0.0229919434 0.0000000000 49.5700000000
39.0000000000 0.0229980469 0.0000000000 47.9700000000
40.0000000000 0.0230041504 0.0000000000 48.1900000000
41.0000000000 0.0230102539 0.0000000000 49.9700000000
42.0000000000 0.0230163574 0.0000000000 49.5000000000
43.0000000000 0.0230224609 0.0000000000 49.4900000000
44.0000000000 0.0230285645 0.0000000000 48.3800000000
45.0000000000 0.0230346680 0.0000000000 49.5600000000
46.0000000000 0.0230407715 0.0000000000 49.6300000000
47.0000000000 0.0230468750 0.0000000000 50.2900000000
48.0000000000 0.0230529785 0.0000000000 48.2800000000
49.0000000000 0.0230590820 0.0000000000 49.6200000000
50.0000000000 0.0230651855 0.0000000000 49.3100000000
51.0000000000 0.0230712891 0.0000000000 48.9700000000
52.0000000000 0.0230773926 0.0000000000 48.4700000000
53.0000000000 0.0230834961 0.0000000000 50.4900000000
54.0000000000 0.0230895996 0.0000000000 49.4000000000
55.0000000000 0.0230957031 0.0000000000 49.1000000000
56.0000000000 0.0231018066 0.0000000000 47.1600000000
57.0000000000 0.0231079102 0.0000000000 49.9400000000
58.0000000000 0.0231140137 0.0000000000 50.8200000000
59.0000000000 0.0231201172 0.0000000000 50.3900000000
60.0000000000 0.0231262207 0.0000000000 47.7800000000
61.0000000000 0.0231323242 0.0000000000 47.6000000000
62.0000000000 0.0231384277 0.0000000000 47.5700000000
63.0000000000 0.0231445313 0.0000000000 48.9600000000
64.0000000000 0.0231506348 0.0000000000 47.9900000000
65.0000000000 0.0231567383 0.0000000000 48.6300000000
66.0000000000 0.0231628418 0.0000000000 49.8200000000
67.0000000000 0.0231689453 0.0000000000 48.0700000000
68.0000000000 0.0231750488 0.0000000000 49.0000000000
69.0000000000 0.0231811523 0.0000000000 50.1900000000
70.0000000000 0.0231872559 0.0000000000 48.7000000000
71.0000000000 0.0231933594 0.0000000000 47.3800000000
72.0000000000 0.0231994629 0.0000000000 47.4400000000
73.0000000000 0.0232055664 0.0000000000 47.5000000000
74.0000000000 0.0232116699 0.0100000000 49.5500000000
75.0000000000 0.0232177734 0.0000000000 46.9600000000
76.0000000000 0.0232238770 0.0000000000 47.0800000000
77.0000000000 0.0232299805 0.0000000000 47.4000000000
78.0000000000 0.0232360840 0.0000000000 47.3600000000
79.0000000000 0.0232421875 0.0000000000 48.0300000000
80.0000000000 0.0232482910 0.0000000000 48.4700000000
81.0000000000 0.0232543945 0.0000000000 48.1000000000
82.0000000000 0.0232604980 0.0000000000 46.9600000000
83.0000000000 0.0232666016 0.0000000000 47.7400000000
84.0000000000 0.0232727051 0.0000000000 48.8000000000
85.0000000000 0.0232788086 0.0000000000 50.0900000000
86.0000000000 0.0232849121 0.0000000000 48.3400000000
87.0000000000 0.0232910156 0.0000000000 48.2700000000
88.0000000000 0.0232971191 0.0000000000 47.8300000000
89.0000000000 0.0233032227 0.0000000000 48.4200000000
90.0000000000 0.0233093262 0.0000000000 47.4600000000
91.0000000000 0.0233154297 0.0000000000 49.4300000000
92.0000000000 0.0233215332 0.0100000000 48.4500000000
93.0000000000 0.0233276367 0.0000000000 50.4600000000
94.0000000000 0.0233337402 0.0000000000 49.5000000000
95.0000000000 0.0233398438 0.0000000000 48.4300000000
96.0000000000 0.0233459473 0.0000000000 48.5400000000
97.0000000000 0.0233520508 0.0000000000 47.1500000000
98.0000000000 0.0233581543 0.0000000000 47.2800000000
99.0000000000 0.0233642578 0.0000000000 47.8800000000
100.0000000000 0.0233703613 0.0000000000 47.9600000000
101.0000000000 0.0233764648 0.0000000000 47.1600000000
102.0000000000 0.0233825684 0.0000000000 47.7200000000
103.0000000000 0.0233886719 0.0000000000 48.3100000000
104.0000000000 0.0233947754 0.0000000000 49.3400000000
105.0000000000 0.0234008789 0.0000000000 48.2000000000
106.0000000000 0.0234069824 0.0000000000 48.2500000000
107.0000000000 0.0234130859 0.0000000000 48.6700000000
108.0000000000 0.0234191895 0.0000000000 48.5300000000
109.0000000000 0.0234252930 0.0000000000 50.0900000000
110.0000000000 0.0234313965 0.0000000000 48.7100000000
111.0000000000 0.0234375000 0.0000000000 47.4500000000
112.0000000000 0.0234436035 0.0000000000 47.6000000000
113.0000000000 0.0234497070 0.0000000000 47.7200000000
114.0000000000 0.0234558105 0.0000000000 48.2300000000
115.0000000000 0.0234619141 0.0000000000 47.6000000000
116.0000000000 0.0234680176 0.0000000000 47.9000000000
117.0000000000 0.0234741211 0.0000000000 49.3500000000
118.0000000000 0.0234802246 0.0000000000 47.9800000000
119.0000000000 0.0234863281 0.0000000000 48.1400000000
120.0000000000 0.0234924316 0.0000000000 47.5000000000
121.0000000000 0.0234985352 0.0000000000 49.2300000000
122.0000000000 0.0235046387 0.0000000000 47.4300000000
123.0000000000 0.0235107422 0.0000000000 50.0100000000
124.0000000000 0.0235168457 0.0000000000 49.6600000000
125.0000000000 0.0235229492 0.0000000000 50.2900000000
126.0000000000 0.0235290527 0.0000000000 47.8100000000
127.0000000000 0.0235351563 0.0000000000 47.9300000000
128.0000000000 0.0235412598 0.0000000000 48.4000000000
129.0000000000 0.0235473633 0.0000000000 49.2300000000
130.0000000000 0.0235534668 0.0000000000 47.1800000000
131.0000000000 0.0235595703 0.0000000000 47.7200000000
132.0000000000 0.0235656738 0.0000000000 43.3500000000
133.0000000000 0.0235717773 0.0000000000 42.7800000000
134.0000000000 0.0235778809 0.0000000000 42.1600000000
135.0000000000 0.0235839844 0.0000000000 41.5800000000
136.0000000000 0.0235900879 0.0000000000 41.7800000000
137.0000000000 0.0235961914 0.0000000000 42.3300000000
138.0000000000 0.0236022949 0.0000000000 41.9800000000
139.0000000000 0.0236083984 0.0000000000 42.0700000000
140.0000000000 0.0236145020 0.0000000000 42.0500000000
141.0000000000 0.0236206055 0.0000000000 42.0400000000
142.0000000000 0.0236267090 0.0000000000 42.4100000000
143.0000000000 0.0236328125 0.0000000000 42.1000000000
144.0000000000 0.0236389160 0.0000000000 41.9700000000
145.0000000000 0.0236450195 0.0000000000 42.4700000000
146.0000000000 0.0236511230 0.0000000000 42.2000000000
147.0000000000 0.0236572266 0.0000000000 42.3700000000
148.0000000000 0.0236633301 0.0000000000 41.7800000000
149.0000000000 0.0236694336 0.0000000000 41.8400000000
150.0000000000 0.0236755371 0.0000000000 42.4100000000
151.0000000000 0.0236816406 0.0000000000 42.0800000000
152.0000000000 0.0236877441 0.0000000000 42.2400000000
153.0000000000 0.0236938477 0.0000000000 41.4500000000
154.0000000000 0.0236999512 0.0000000000 41.6600000000
155.0000000000 0.0237060547 0.0000000000 42.2400000000
156.0000000000 0.0237121582 0.0000000000 41.8800000000
157.0000000000 0.0237182617 0.0000000000 41.9300000000
158.0000000000 0.0237243652 0.0000000000 42.0200000000
159.0000000000 0.0237304688 0.0000000000 41.6900000000
160.0000000000 0.0237365723 0.0000000000 42.2500000000
161.0000000000 0.0237426758 0.0000000000 42.2100000000
162.0000000000 0.0237487793 0.0000000000 42.7600000000
163.0000000000 0.0237548828 0.0000000000 41.6700000000
164.0000000000 0.0237609863 0.0000000000 42.6200000000
165.0000000000 0.0237670898 0.0000000000 42.0700000000
166.0000000000 0.0237731934 0.0000000000 42.0200000000
167.0000000000 0.0237792969 0.0000000000 41.5500000000
168.0000000000 0.0237854004 0.0000000000 41.8800000000
169.0000000000 0.0237915039 0.0000000000 42.0100000000
170.0000000000 0.0237976074 0.0000000000 41.9000000000
171.0000000000 0.0238037109 0.0000000000 41.5100000000
172.0000000000 0.0238098145 0.0100000000 41.4000000000
173.0000000000 0.0238159180 0.0100000000 41.6500000000
174.0000000000 0.0238220215 0.0000000000 41.5800000000
175.0000000000 0.0238281250 0.0000000000 41.5900000000
176.0000000000 0.0238342285 0.0000000000 41.7100000000
177.0000000000 0.0238403320 0.0000000000 41.1300000000
178.0000000000 0.0238464355 0.0100000000 42.2500000000
179.0000000000 0.0238525391 0.0000000000 41.6500000000
180.0000000000 0.0238586426 0.0000000000 42.1000000000
181.0000000000 0.0238647461 0.0000000000 41.5000000000
182.0000000000 0.0238708496 0.0000000000 41.7200000000
183.0000000000 0.0238769531 0.0000000000 41.4300000000
184.0000000000 0.0238830566 0.0000000000 42.0200000000
185.0000000000 0.0238891602 0.0000000000 42.3900000000
186.0000000000 0.0238952637 0.0000000000 41.7700000000
187.0000000000 0.0239013672 0.0000000000 42.0100000000
188.0000000000 0.0239074707 0.0000000000 42.3900000000
189.0000000000 0.0239135742 0.0000000000 42.0300000000
190.0000000000 0.0239196777 0.0000000000 41.9300000000
191.0000000000 0.0239257813 0.0000000000 41.8100000000
192.0000000000 0.0239318848 0.0000000000 42.3600000000
193.0000000000 0.0239379883 0.0000000000 42.3300000000
194.0000000000 0.0239440918 0.0100000000 42.2300000000
195.0000000000 0.0239501953 0.0000000000 42.1500000000
196.0000000000 0.0239562988 0.0000000000 41.6200000000
197.0000000000 0.0239624023 0.0000000000 41.3600000000
198.0000000000 0.0239685059 0.0000000000 42.1300000000
199.0000000000 0.0239746094 0.0000000000 41.8600000000
200.0000000000 0.0239807129 0.0000000000 42.4800000000
201.0000000000 0.0239868164 0.0000000000 41.8200000000
202.0000000000 0.0239929199 0.0000000000 42.4500000000
203.0000000000 0.0239990234 0.0000000000 42.4300000000
204.0000000000 0.0240051270 0.0000000000 42.6200000000
205.0000000000 0.0240112305 0.0000000000 42.4000000000
206.0000000000 0.0240173340 0.0000000000 42.4700000000
207.0000000000 0.0240234375 0.0000000000 41.6200000000
208.0000000000 0.0240295410 0.0100000000 41.2200000000
209.0000000000 0.0240356445 0.0000000000 41.8600000000
210.0000000000 0.0240417480 0.0100000000 42.3200000000
211.0000000000 0.0240478516 0.0000000000 42.4200000000
212.0000000000 0.0240539551 0.0000000000 41.2900000000
213.0000000000 0.0240600586 0.0000000000 42.0800000000
214.0000000000 0.0240661621 0.0000000000 41.5900000000
215.0000000000 0.0240722656 0.0000000000 41.7300000000
216.0000000000 0.0240783691 0.0000000000 41.9000000000
217.0000000000 0.0240844727 0.0000000000 42.1600000000
218.0000000000 0.0240905762 0.0000000000 41.1600000000
219.0000000000 0.0240966797 0.0000000000 41.9600000000
220.0000000000 0.0241027832 0.0000000000 41.4700000000
221.0000000000 0.0241088867 0.0000000000 41.6400000000
222.0000000000 0.0241149902 0.0000000000 41.9200000000
223.0000000000 0.0241210938 0.0100000000 41.3800000000
224.0000000000 0.0241271973 0.0000000000 42.2300000000
225.0000000000 0.0241333008 0.0000000000 42.1600000000
226.0000000000 0.0241394043 0.0000000000 42.5500000000
227.0000000000 0.0241455078 0.0000000000 42.3700000000
228.0000000000 0.0241516113 0.0000000000 41.9000000000
229.0000000000 0.0241577148 0.0000000000 41.6900000000
230.0000000000 0.0241638184 0.0000000000 42.3300000000
231.0000000000 0.0241699219 0.0000000000 41.8900000000
232.0000000000 0.0241760254 0.0000000000 41.9600000000
233.0000000000 0.0241821289 0.0000000000 42.0500000000
234.0000000000 0.0241882324 0.0000000000 42.2200000000
235.0000000000 0.0241943359 0.0000000000 42.2300000000
236.0000000000 0.0242004395 0.0000000000 42.0800000000
237.0000000000 0.0242065430 0.0100000000 41.7900000000
238.0000000000 0.0242126465 0.0000000000 42.3300000000
239.0000000000 0.0242187500 0.0000000000 42.6400000000
240.0000000000 0.0242248535 0.0000000000 41.3500000000
241.0000000000 0.0242309570 0.0000000000 41.9000000000
242.0000000000 0.0242370605 0.0000000000 41.4700000000
243.0000000000 0.0242431641 0.0000000000 42.2000000000
244.0000000000 0.0242492676 0.0000000000 42.1600000000
245.0000000000 0.0242553711 0.0100000000 42.1700000000
246.0000000000 0.0242614746 0.0000000000 42.2300000000
247.0000000000 0.0242675781 0.0000000000 42.5000000000
248.0000000000 0.0242736816 0.0000000000 42.1500000000
249.0000000000 0.0242797852 0.0000000000 42.1100000000
250.0000000000 0.0242858887 0.0000000000 41.9300000000
251.0000000000 0.0242919922 0.0000000000 42.0700000000
252.0000000000 0.0242980957 0.0000000000 42.2000000000
253.0000000000 0.0243041992 0.0000000000 42.3300000000
254.0000000000 0.0243103027 0.0000000000 41.6200000000
255.0000000000 0.0243164063 0.0000000000 42.0800000000
256.0000000000 0.0243225098 0.0000000000 42.1400000000
257.0000000000 0.0243286133 0.0000000000 42.1200000000
258.0000000000 0.0243347168 0.0000000000 41.9500000000
259.0000000000 0.0243408203 0.0000000000 41.5700000000
260.0000000000 0.0243469238 0.0000000000 41.6400000000
261.0000000000 0.0243530273 0.0000000000 42.2800000000
262.0000000000 0.0243591309 0.0000000000 43.1000000000
263.0000000000 0.0243652344 0.0000000000 43.2400000000
264.0000000000 0.0243713379 0.0000000000 42.7300000000
265.0000000000 0.0243774414 0.0000000000 42.3400000000
266.0000000000 0.0243835449 0.0000000000 41.6300000000
267.0000000000 0.0243896484 0.0000000000 41.7900000000
268.0000000000 0.0243957520 0.0000000000 42.7500000000
269.0000000000 0.0244018555 0.0000000000 41.5200000000
270.0000000000 0.0244079590 0.0000000000 42.5500000000
271.0000000000 0.0244140625 0.0000000000 41.7900000000
272.0000000000 0.0244201660 0.0000000000 41.9000000000
273.0000000000 0.0244262695 0.0000000000 42.1300000000
274.0000000000 0.0244323730 0.0000000000 42.2100000000
275.0000000000 0.0244384766 0.0000000000 41.6600000000
276.0000000000 0.0244445801 0.0000000000 42.0100000000
277.0000000000 0.0244506836 0.0000000000 42.0000000000
278.0000000000 0.0244567871 0.0000000000 41.6300000000
279.0000000000 0.0244628906 0.0100000000 43.5300000000
280.0000000000 0.0244689941 0.0000000000 41.7500000000
281.0000000000 0.0244750977 0.0000000000 41.9400000000
282.0000000000 0.0244812012 0.0000000000 42.6900000000
283.0000000000 0.0244873047 0.0000000000 42.4500000000
284.0000000000 0.0244934082 0.0000000000 42.0600000000
285.0000000000 0.0244995117 0.0000000000 42.5400000000
286.0000000000 0.0245056152 0.0000000000 41.9000000000
287.0000000000 0.0245117188 0.0000000000 41.8900000000
288.0000000000 0.0245178223 0.0000000000 41.4100000000
289.0000000000 0.0245239258 0.0000000000 41.6100000000
290.0000000000 0.0245300293 0.0000000000 41.9400000000
291.0000000000 0.0245361328 0.0000000000 41.5800000000
292.0000000000 0.0245422363 0.0000000000 41.8100000000
293.0000000000 0.0245483398 0.0000000000 41.5000000000
294.0000000000 0.0245544434 0.0000000000 41.2600000000
295.0000000000 0.0245605469 0.0100000000 42.0500000000
296.0000000000 0.0245666504 0.0100000000 41.6700000000
297.0000000000 0.0245727539 0.0000000000 41.2900000000
298.0000000000 0.0245788574 0.0100000000 41.3800000000
299.0000000000 0.0245849609 0.0100000000 42.1700000000
300.0000000000 0.0245910645 0.0000000000 41.5900000000
301.0000000000 0.0245971680 0.0000000000 41.7500000000
302.0000000000 0.0246032715 0.0000000000 41.6300000000
303.0000000000 0.0246093750 0.0000000000 42.0700000000
304.0000000000 0.0246154785 0.0000000000 41.5700000000
305.0000000000 0.0246215820 0.0000000000 41.2100000000
306.0000000000 0.0246276855 0.0000000000 41.5800000000
307.0000000000 0.0246337891 0.0000000000 41.9400000000
308.0000000000 0.0246398926 0.0000000000 41.6800000000
309.0000000000 0.0246459961 0.0100000000 41.0700000000
310.0000000000 0.0246520996 0.0000000000 41.3500000000
311.0000000000 0.0246582031 0.0000000000 41.7600000000
312.0000000000 0.0246643066 0.0000000000 42.4900000000
313.0000000000 0.0246704102 0.0000000000 42.5000000000
314.0000000000 0.0246765137 0.0000000000 41.4700000000
315.0000000000 0.0246826172 0.0000000000 41.6900000000
316.0000000000 0.0246887207 0.0000000000 41.5700000000
317.0000000000 0.0246948242 0.0000000000 41.3200000000
318.0000000000 0.0247009277 0.0000000000 41.4900000000
319.0000000000 0.0247070313 0.0000000000 41.2800000000
320.0000000000 0.0247131348 0.0000000000 41.7700000000
321.0000000000 0.0247192383 0.0000000000 41.9400000000
322.0000000000 0.0247253418 0.0000000000 42.0400000000
323.0000000000 0.0247314453 0.0000000000 41.9200000000
324.0000000000 0.0247375488 0.0000000000 41.9900000000
325.0000000000 0.0247436523 0.0000000000 42.2000000000
326.0000000000 0.0247497559 0.0000000000 41.8800000000
327.0000000000 0.0247558594 0.0000000000 41.8000000000
328.0000000000 0.0247619629 0.0000000000 42.2400000000
329.0000000000 0.0247680664 0.0000000000 42.5200000000
330.0000000000 0.0247741699 0.0100000000 42.1400000000
331.0000000000 0.0247802734 0.0000000000 41.7500000000
332.0000000000 0.0247863770 0.0000000000 41.6100000000
333.0000000000 0.0247924805 0.0000000000 41.7600000000
334.0000000000 0.0247985840 0.0000000000 42.1700000000
335.0000000000 0.0248046875 0.0100000000 42.3200000000
