-8.963501e-27 -6.323671e-26 -3.576166e-25 -1.500921e-24 -4.640791e-24 -1.072475e-23 -1.878098e-23 -2.495939e-23 -2.435802e-23 -1.467553e-23 1.655892e-24 1.855370e-23 2.949602e-23 3.100904e-23 2.451863e-23 1.495615e-23 7.014320e-24 2.487769e-24 6.499921e-25 1.213252e-25 1.642914e-26
-5.414847e-26 -4.377117e-25 -2.508513e-24 -1.026641e-23 -3.080089e-23 -6.940936e-23 -1.193715e-22 -1.568769e-22 -1.523455e-22 -9.217765e-23 8.501649e-24 1.124022e-22 1.798400e-22 1.899760e-22 1.514785e-22 9.379036e-23 4.507823e-23 1.660955e-23 4.593531e-24 9.227149e-25 1.275751e-25
-2.294156e-25 -2.002294e-24 -1.159879e-23 -4.698492e-23 -1.389297e-22 -3.090466e-22 -5.265034e-22 -6.882160e-22 -6.680280e-22 -4.086614e-22 2.468919e-23 4.723545e-22 7.645030e-22 8.117391e-22 6.503274e-22 4.051030e-22 1.963118e-22 7.316446e-23 2.058757e-23 4.263415e-24 6.239948e-25
-5.180321e-25 -5.815529e-24 -3.621827e-23 -1.499473e-22 -4.457980e-22 -9.922336e-22 -1.690411e-21 -2.212265e-21 -2.155466e-21 -1.334561e-21 4.566335e-23 1.475685e-21 2.411166e-21 2.565660e-21 2.055260e-21 1.278039e-21 6.166375e-22 2.275874e-22 6.275765e-23 1.251229e-23 1.722241e-24
3.011645e-26 -9.313262e-24 -7.434180e-23 -3.337401e-22 -1.028360e-21 -2.333586e-21 -4.025988e-21 -5.320133e-21 -5.228811e-21 -3.274326e-21 6.262672e-23 3.532844e-21 5.792383e-21 6.143383e-21 4.886631e-21 3.004443e-21 1.423021e-21 5.081653e-22 1.312967e-22 2.265125e-23 2.095147e-24
4.707305e-24 1.826554e-24 -7.855345e-23 -4.773784e-22 -1.646343e-21 -3.959344e-21 -7.077237e-21 -9.577950e-21 -9.572356e-21 -6.066945e-21 9.202147e-23 6.522966e-21 1.064300e-20 1.115584e-20 8.708869e-21 5.204006e-21 2.354634e-21 7.740918e-22 1.664404e-22 1.482149e-23 -3.371322e-24
1.922700e-23 5.689100e-23 6.384055e-23 -2.480343e-22 -1.529976e-21 -4.454922e-21 -8.763182e-21 -1.254476e-20 -1.297545e-20 -8.373350e-21 1.766774e-22 9.148279e-21 1.468226e-20 1.497168e-20 1.118571e-20 6.223774e-21 2.475013e-21 6.031296e-22 1.834200e-23 -5.235025e-23 -2.351770e-23
4.746080e-23 1.809086e-22 4.643911e-22 7.222433e-22 2.532951e-22 -1.965914e-21 -6.163163e-21 -1.059290e-20 -1.200836e-20 -8.079728e-21 3.086177e-22 9.186112e-21 1.415457e-20 1.343962e-20 8.817314e-21 3.733102e-21 5.535227e-22 -5.147908e-22 -4.754937e-22 -2.172880e-22 -6.472578e-23
8.410643e-23 3.567328e-22 1.089239e-21 2.417070e-21 3.841222e-21 4.055531e-21 1.918978e-21 -1.925099e-21 -4.773165e-21 -3.977576e-21 3.724797e-22 5.126512e-21 6.709151e-21 4.206763e-21 -1.149550e-22 -3.189672e-21 -3.748137e-21 -2.640512e-21 -1.299857e-21 -4.638531e-22 -1.204606e-22
1.131418e-22 5.120986e-22 1.695850e-21 4.214460e-21 7.989221e-21 1.163618e-20 1.298028e-20 1.091247e-20 6.687709e-21 2.769991e-21 2.468402e-22 -2.080700e-21 -5.735312e-21 -1.017103e-20 -1.297130e-20 -1.237176e-20 -9.002706e-21 -5.031131e-21 -2.152006e-21 -6.968964e-22 -1.680003e-22
1.184774e-22 5.656523e-22 1.980989e-21 5.248678e-21 1.075595e-20 1.730233e-20 2.202353e-20 2.216553e-20 1.724740e-20 9.131395e-21 -3.572456e-23 -9.220592e-21 -1.758012e-20 -2.317506e-20 -2.386695e-20 -1.955580e-20 -1.273199e-20 -6.534374e-21 -2.610063e-21 -7.973145e-22 -1.821235e-22
9.786346e-23 4.938526e-22 1.819949e-21 5.070627e-21 1.094591e-20 1.861178e-20 2.515277e-20 2.698180e-20 2.234883e-20 1.237254e-20 -3.050260e-22 -1.311256e-20 -2.357517e-20 -2.904592e-20 -2.797010e-20 -2.154468e-20 -1.326522e-20 -6.469307e-21 -2.462985e-21 -7.176555e-22 -1.559306e-22
6.426709e-23 3.459811e-22 1.346076e-21 3.934168e-21 8.872830e-21 1.571788e-20 2.207761e-20 2.454129e-20 2.094802e-20 1.180427e-20 -4.283641e-22 -1.278763e-20 -2.237275e-20 -2.666778e-20 -2.475916e-20 -1.836088e-20 -1.087365e-20 -5.093857e-21 -1.858380e-21 -5.166080e-22 -1.062260e-22
3.374871e-23 1.961256e-22 8.106242e-22 2.489118e-21 5.850786e-21 1.073483e-20 1.553379e-20 1.769520e-20 1.538102e-20 8.736905e-21 -4.046807e-22 -9.613793e-21 -1.651698e-20 -1.926539e-20 -1.743711e-20 -1.256302e-20 -7.201802e-21 -3.251039e-21 -1.136073e-21 -2.998836e-22 -5.777537e-23
1.425257e-23 9.018642e-23 3.981617e-22 1.287206e-21 3.151409e-21 5.971939e-21 8.862556e-21 1.028681e-20 9.048497e-21 5.149160e-21 -3.047689e-22 -5.773796e-21 -9.768609e-21 -1.120507e-20 -9.937847e-21 -6.985556e-21 -3.886253e-21 -1.691142e-21 -5.646442e-22 -1.406564e-22 -2.512474e-23
4.864190e-24 3.349625e-23 1.582474e-22 5.391896e-22 1.374567e-21 2.686136e-21 4.077278e-21 4.804769e-21 4.258365e-21 2.412973e-21 -1.913124e-22 -2.787746e-21 -4.644366e-21 -5.251680e-21 -4.576866e-21 -3.145686e-21 -1.700074e-21 -7.127304e-22 -2.267769e-22 -5.305828e-23 -8.737798e-24
1.336327e-24 9.910077e-24 4.998424e-23 1.794398e-22 4.761883e-22 9.586942e-22 1.485707e-21 1.772586e-21 1.576592e-21 8.827582e-22 -9.894919e-23 -1.070756e-21 -1.753046e-21 -1.956372e-21 -1.678121e-21 -1.129044e-21 -5.929075e-22 -2.392651e-22 -7.242258e-23 -1.589178e-23 -2.421435e-24
2.862970e-25 2.268266e-24 1.218806e-23 4.609852e-23 1.273634e-22 2.640340e-22 4.171014e-22 5.023676e-22 4.462057e-22 2.440207e-22 -4.066526e-23 -3.198385e-22 -5.126369e-22 -5.647865e-22 -4.772992e-22 -3.145248e-22 -1.604420e-22 -6.225440e-23 -1.790496e-23 -3.688377e-24 -5.249158e-25
4.402595e-26 3.795589e-25 2.192763e-24 8.784164e-24 2.533655e-23 5.411491e-23 8.699994e-23 1.053487e-22 9.272025e-23 4.851827e-23 -1.270640e-23 -7.189932e-23 -1.121422e-22 -1.219297e-22 -1.015896e-22 -6.557302e-23 -3.245507e-23 -1.207932e-23 -3.290301e-24 -6.344467e-25 -8.429998e-26
4.227981e-27 4.177526e-26 2.694358e-25 1.167811e-24 3.556761e-24 7.863714e-24 1.285762e-23 1.555834e-23 1.338298e-23 6.426320e-24 -2.861633e-24 -1.162383e-23 -1.748725e-23 -1.874969e-23 -1.541094e-23 -9.735710e-24 -4.658850e-24 -1.651260e-24 -4.208510e-25 -7.451449e-26 -9.005304e-27
2.718857e-28 2.540384e-27 1.949231e-26 9.666896e-26 3.217350e-25 7.499236e-25 1.254157e-24 1.506387e-24 1.235578e-24 4.928050e-25 -4.296107e-25 -1.259597e-24 -1.805953e-24 -1.908144e-24 -1.547741e-24 -9.534270e-25 -4.364672e-25 -1.443854e-25 -3.331972e-26 -5.201455e-27 -6.021960e-28
