-1.122647e-27 -1.989044e-26 -1.981046e-25 -1.191065e-24 -4.695404e-24 -1.263386e-23 -2.315708e-23 -2.662918e-23 -1.080660e-23 2.395810e-23 5.789305e-23 6.825195e-23 5.194426e-23 2.582290e-23 6.970915e-24 -4.790151e-25 -1.377800e-24 -6.611361e-25 -1.822920e-25 -3.245847e-26 -3.949182e-27
-8.658542e-27 -1.357419e-25 -1.134876e-24 -5.944986e-24 -2.104045e-23 -5.187410e-23 -8.824559e-23 -9.432565e-23 -3.224336e-23 8.760648e-23 1.933553e-22 2.132755e-22 1.466999e-22 5.615623e-23 -1.759385e-24 -1.781855e-23 -1.284062e-23 -5.462370e-24 -1.591313e-24 -3.291141e-25 -4.846435e-26
-4.468724e-26 -6.318274e-25 -4.717452e-24 -2.247231e-23 -7.347703e-23 -1.694784e-22 -2.725920e-22 -2.785164e-22 -9.543098e-23 2.244923e-22 4.759124e-22 4.823998e-22 2.717721e-22 2.842654e-23 -1.011152e-22 -1.090621e-22 -6.599360e-23 -2.774621e-23 -8.593374e-24 -1.995767e-24 -3.453187e-25
-1.213470e-25 -1.956792e-24 -1.424274e-23 -6.478277e-23 -2.020738e-22 -4.467726e-22 -6.950804e-22 -7.025917e-22 -2.879725e-22 3.874712e-22 8.538693e-22 7.647478e-22 2.464216e-22 -2.657875e-22 -4.710248e-22 -3.953804e-22 -2.261722e-22 -9.616246e-23 -3.144883e-23 -7.998356e-24 -1.564633e-24
2.497884e-27 -3.594741e-24 -3.023916e-23 -1.404906e-22 -4.346784e-22 -9.470689e-22 -1.460009e-21 -1.504251e-21 -7.759689e-22 3.683514e-22 1.057589e-21 7.382526e-22 -2.553230e-22 -1.098070e-21 -1.298600e-21 -9.860117e-22 -5.493950e-22 -2.366456e-22 -8.089783e-23 -2.211832e-23 -4.763417e-24
1.425917e-24 -1.159505e-24 -3.945437e-23 -2.181870e-22 -7.121428e-22 -1.584300e-21 -2.482384e-21 -2.662813e-21 -1.676834e-21 -1.131769e-22 7.145872e-22 7.749227e-23 -1.397324e-21 -2.456750e-21 -2.472161e-21 -1.760924e-21 -9.564496e-22 -4.128133e-22 -1.453563e-22 -4.206891e-23 -9.807874e-24
6.424550e-24 1.533680e-23 -7.338305e-24 -2.027504e-22 -8.269893e-22 -2.005422e-21 -3.307621e-21 -3.765212e-21 -2.779049e-21 -1.075557e-21 -2.565258e-22 -1.116599e-21 -2.772277e-21 -3.712102e-21 -3.340817e-21 -2.213619e-21 -1.137367e-21 -4.732522e-22 -1.659408e-22 -4.991728e-23 -1.254744e-23
1.690610e-23 5.522662e-23 1.027004e-22 1.834386e-23 -5.110234e-22 -1.717472e-21 -3.239939e-21 -4.060300e-21 -3.451526e-21 -2.043916e-21 -1.385434e-21 -2.188139e-21 -3.498902e-21 -3.898422e-21 -3.049201e-21 -1.718144e-21 -7.070794e-22 -2.183059e-22 -5.663148e-23 -1.570665e-23 -4.848715e-24
3.096194e-23 1.126868e-22 2.811689e-22 4.475986e-22 2.954253e-22 -5.387570e-22 -1.934908e-21 -3.059261e-21 -3.113425e-21 -2.377965e-21 -1.988517e-21 -2.468084e-21 -3.029953e-21 -2.666502e-21 -1.426106e-21 -1.983780e-22 3.826786e-22 3.924335e-22 2.109505e-22 7.497195e-23 1.847057e-23
4.146399e-23 1.598796e-22 4.452324e-22 8.925165e-22 1.237903e-21 1.013176e-21 2.278381e-23 -1.230401e-21 -1.942049e-21 -1.942337e-21 -1.825521e-21 -1.949359e-21 -1.824038e-21 -8.915282e-22 5.193090e-22 1.502206e-21 1.593265e-21 1.091907e-21 5.340833e-22 1.918316e-22 5.072191e-23
4.073598e-23 1.643267e-22 4.874534e-22 1.071342e-21 1.727868e-21 1.961581e-21 1.358857e-21 1.485334e-22 -8.860231e-22 -1.256292e-21 -1.232782e-21 -1.192078e-21 -9.061632e-22 2.876953e-23 1.336667e-21 2.192121e-21 2.133526e-21 1.453294e-21 7.268253e-22 2.704499e-22 7.455536e-23
2.800529e-23 1.190168e-22 3.713715e-22 8.557114e-22 1.439129e-21 1.689411e-21 1.192614e-21 1.270876e-22 -7.221892e-22 -8.258788e-22 -5.547472e-22 -5.557098e-22 -7.344229e-22 -4.320872e-22 5.020362e-22 1.412410e-21 1.653804e-21 1.253324e-21 6.743133e-22 2.647538e-22 7.597118e-23
1.091224e-23 5.137355e-23 1.702969e-22 3.953521e-22 6.115910e-22 5.084175e-22 -1.358681e-22 -9.805354e-22 -1.221501e-21 -5.406918e-22 2.659872e-22 1.492350e-22 -8.122348e-22 -1.485691e-21 -1.125166e-21 -1.544963e-22 5.574150e-22 6.691828e-22 4.332214e-22 1.873236e-22 5.670456e-23
-1.371175e-24 -1.310930e-24 8.458933e-25 -2.205131e-23 -1.850530e-22 -6.688567e-22 -1.449613e-21 -1.982088e-21 -1.491990e-21 2.742938e-23 1.348929e-21 1.135970e-21 -4.836901e-22 -2.008282e-21 -2.245525e-21 -1.392223e-21 -4.118742e-22 9.243297e-23 1.675356e-22 9.267914e-23 3.098754e-23
-5.517770e-24 -2.213621e-23 -7.362695e-23 -2.161171e-22 -5.545856e-22 -1.168173e-21 -1.870522e-21 -2.041304e-21 -1.037237e-21 8.999446e-22 2.389197e-21 2.104960e-21 2.393955e-22 -1.655638e-21 -2.293823e-21 -1.722130e-21 -8.119236e-22 -2.125901e-22 1.937056e-24 2.681592e-23 1.182597e-23
-4.362673e-24 -1.956169e-23 -7.008308e-23 -2.080120e-22 -5.097583e-22 -9.934756e-22 -1.437966e-21 -1.316998e-21 -1.940830e-22 1.588845e-21 2.832539e-21 2.500908e-21 8.260147e-22 -9.016473e-22 -1.627398e-21 -1.346729e-21 -7.138391e-22 -2.481881e-22 -4.931821e-23 -7.866216e-25 2.659597e-24
-2.068086e-24 -1.017941e-23 -3.918840e-23 -1.210561e-22 -2.978276e-22 -5.613820e-22 -7.416931e-22 -4.939258e-22 4.152865e-22 1.679363e-21 2.470033e-21 2.144715e-21 9.254343e-22 -3.086645e-22 -8.754481e-22 -7.785337e-22 -4.315810e-22 -1.615259e-22 -3.962518e-23 -5.332380e-24 1.988741e-26
-6.505404e-25 -3.559921e-24 -1.489407e-23 -4.848982e-23 -1.210416e-22 -2.196060e-22 -2.463290e-22 -2.337435e-23 5.441429e-22 1.250742e-21 1.635316e-21 1.381612e-21 6.566016e-22 -4.665088e-23 -3.764455e-22 -3.529299e-22 -1.972265e-22 -7.431491e-23 -1.890904e-23 -3.016848e-24 -2.251638e-25
-1.349150e-25 -8.428022e-25 -3.903753e-24 -1.351848e-23 -3.403309e-23 -5.647100e-23 -3.679386e-23 9.787961e-23 3.754162e-22 6.889104e-22 8.308865e-22 6.783312e-22 3.290770e-22 9.538432e-24 -1.360854e-22 -1.298808e-22 -7.085840e-23 -2.578417e-23 -6.339939e-24 -1.001089e-24 -8.646840e-26
-1.739331e-26 -1.286838e-25 -6.780557e-25 -2.510491e-24 -6.136637e-24 -7.368814e-24 9.469078e-24 6.824952e-23 1.743552e-22 2.845199e-22 3.236739e-22 2.541851e-22 1.201663e-22 5.621316e-24 -4.297022e-23 -3.952162e-23 -2.037491e-23 -6.913841e-24 -1.563723e-24 -2.239994e-25 -1.765967e-26
-1.299888e-27 -1.127070e-26 -6.983005e-26 -2.718958e-25 -5.267030e-25 5.529778e-25 7.347103e-24 2.612012e-23 5.741470e-23 8.780551e-23 9.572807e-23 7.214170e-23 3.210758e-23 2.943220e-25 -1.174610e-23 -9.868587e-24 -4.671725e-24 -1.434522e-24 -2.864155e-25 -3.498791e-26 -2.336534e-27
