x y z ADDATime OurCalcTime
0.0000000000 -4.0000000000 0.0000000000 0.0100000000 185.2000000000
0.0000000000 -3.0000000000 0.0000000000 0.0100000000 174.9100000000
0.0000000000 -2.0000000000 0.0000000000 0.0100000000 177.0200000000
0.0000000000 -1.0000000000 0.0000000000 0.0000000000 174.6700000000
0.0000000000 -0.0000000000 0.0000000000 0.0100000000 175.9700000000
0.0000000000 1.0000000000 0.0000000000 0.0100000000 175.7100000000
0.0000000000 1.9000000000 0.0000000000 0.0000000000 174.5100000000
0.0000000000 2.9000000000 0.0000000000 0.0100000000 175.3200000000
0.0000000000 3.9000000000 0.0000000000 0.0000000000 174.4900000000
0.0000000000 5.0000000000 0.0000000000 0.0000000000 179.6900000000
0.0000000000 0.0000000000 0.0000000000 0.0000000000 0.0000000000
