0.000000e+00 -5.000000e+00 0.000000e+00 8.636576e-39 7.264806e-20 2.942045e-23
0.000000e+00 -4.900000e+00 0.000000e+00 0.000000e+00 1.758443e-19 8.193952e-23
0.000000e+00 -4.800000e+00 0.000000e+00 -5.181946e-38 4.150922e-19 2.533185e-22
0.000000e+00 -4.700000e+00 0.000000e+00 6.909261e-38 9.556668e-19 7.680368e-22
0.000000e+00 -4.600000e+00 0.000000e+00 -4.145557e-37 2.145934e-18 1.873059e-21
0.000000e+00 -4.500000e+00 0.000000e+00 0.000000e+00 4.699053e-18 2.826122e-21
0.000000e+00 -4.400000e+00 0.000000e+00 -5.527409e-37 1.003294e-17 5.723468e-22
0.000000e+00 -4.300000e+00 0.000000e+00 -1.105482e-36 2.089074e-17 -5.035399e-21
0.000000e+00 -4.200000e+00 0.000000e+00 -2.188854e-34 4.243885e-17 -4.411338e-21
0.000000e+00 -4.100000e+00 0.000000e+00 4.421927e-36 8.407827e-17 -4.597680e-20
0.000000e+00 -4.000000e+00 0.000000e+00 -6.190698e-35 1.622414e-16 -3.553916e-19
0.000000e+00 -3.900000e+00 0.000000e+00 -1.768771e-35 3.050541e-16 -9.728279e-19
0.000000e+00 -3.800000e+00 0.000000e+00 2.122525e-34 5.597826e-16 -1.762688e-18
0.000000e+00 -3.700000e+00 0.000000e+00 3.537542e-35 1.000213e-15 -5.424703e-18
0.000000e+00 -3.600000e+00 0.000000e+00 1.839522e-33 1.737543e-15 -1.352254e-17
0.000000e+00 -3.500000e+00 0.000000e+00 4.245050e-34 2.945749e-15 -2.203557e-17
0.000000e+00 -3.400000e+00 0.000000e+00 -3.962047e-33 4.854774e-15 -5.323779e-17
0.000000e+00 -3.300000e+00 0.000000e+00 0.000000e+00 7.771599e-15 -9.757323e-17
0.000000e+00 -3.200000e+00 0.000000e+00 0.000000e+00 1.213003e-14 -1.624593e-16
0.000000e+00 -3.100000e+00 0.000000e+00 3.396040e-33 1.832567e-14 -3.303188e-16
0.000000e+00 -3.000000e+00 0.000000e+00 -1.698020e-33 2.698289e-14 -4.714722e-16
0.000000e+00 -2.900000e+00 0.000000e+00 -4.528053e-33 3.839819e-14 -9.240272e-16
0.000000e+00 -2.800000e+00 0.000000e+00 1.018812e-32 5.324757e-14 -1.256603e-15
0.000000e+00 -2.700000e+00 0.000000e+00 2.453073e-30 7.110807e-14 -2.274442e-15
0.000000e+00 -2.600000e+00 0.000000e+00 1.471617e-31 9.275690e-14 -2.979792e-15
0.000000e+00 -2.500000e+00 0.000000e+00 5.207261e-32 1.158493e-13 -4.812389e-15
0.000000e+00 -2.400000e+00 0.000000e+00 -5.660067e-32 1.415581e-13 -6.308616e-15
0.000000e+00 -2.300000e+00 0.000000e+00 -6.792080e-32 1.656130e-13 -8.141224e-15
0.000000e+00 -2.200000e+00 0.000000e+00 -6.112872e-32 1.869945e-13 -1.144391e-14
0.000000e+00 -2.100000e+00 0.000000e+00 -4.686535e-31 2.064548e-13 -1.158528e-14
0.000000e+00 -2.000000e+00 0.000000e+00 1.154654e-31 2.142113e-13 -1.428686e-14
0.000000e+00 -1.900000e+00 0.000000e+00 -1.066357e-30 2.158407e-13 -1.642258e-14
0.000000e+00 -1.800000e+00 0.000000e+00 3.758284e-31 2.142984e-13 -1.420641e-14
0.000000e+00 -1.700000e+00 0.000000e+00 -1.652739e-31 1.966867e-13 -1.263827e-14
0.000000e+00 -1.600000e+00 0.000000e+00 -8.025975e-31 1.662937e-13 -1.361962e-14
0.000000e+00 -1.500000e+00 0.000000e+00 3.735644e-32 1.451999e-13 -1.227247e-14
0.000000e+00 -1.400000e+00 0.000000e+00 8.241057e-31 1.390732e-13 -1.477391e-15
0.000000e+00 -1.300000e+00 0.000000e+00 3.067756e-31 1.376409e-13 2.065419e-14
0.000000e+00 -1.200000e+00 0.000000e+00 3.860165e-31 1.019059e-13 5.284171e-14
0.000000e+00 -1.100000e+00 0.000000e+00 1.354171e-30 4.654297e-14 9.415521e-14
0.000000e+00 -1.000000e+00 0.000000e+00 4.641255e-31 2.376824e-14 1.425100e-13
0.000000e+00 -9.000000e-01 0.000000e+00 9.656074e-31 2.131953e-14 1.945218e-13
0.000000e+00 -8.000000e-01 0.000000e+00 -5.037459e-32 1.592542e-14 2.434331e-13
0.000000e+00 -7.000000e-01 0.000000e+00 -4.222749e-29 -2.408953e-14 2.820416e-13
0.000000e+00 -6.000000e-01 0.000000e+00 1.497088e-30 -7.951930e-14 3.100190e-13
0.000000e+00 -5.000000e-01 0.000000e+00 4.505413e-31 -7.125131e-14 3.322811e-13
0.000000e+00 -4.000000e-01 0.000000e+00 7.677071e-28 -2.833191e-14 3.449676e-13
0.000000e+00 -3.000000e-01 0.000000e+00 -3.039739e-29 -1.652424e-14 3.526483e-13
0.000000e+00 -2.000000e-01 0.000000e+00 -5.949409e-29 -3.550122e-14 3.648994e-13
0.000000e+00 -1.000000e-01 0.000000e+00 -2.677212e-30 -3.850272e-14 3.769695e-13
0.000000e+00 -1.026956e-15 0.000000e+00 6.792080e-33 5.705099e-27 3.831532e-13
0.000000e+00 1.000000e-01 0.000000e+00 -1.817447e-30 3.850272e-14 3.769695e-13
0.000000e+00 2.000000e-01 0.000000e+00 6.129569e-29 3.550122e-14 3.648994e-13
0.000000e+00 3.000000e-01 0.000000e+00 2.654854e-30 1.652424e-14 3.526483e-13
0.000000e+00 4.000000e-01 0.000000e+00 -1.134277e-30 2.833191e-14 3.449676e-13
0.000000e+00 5.000000e-01 0.000000e+00 -1.901358e-30 7.125131e-14 3.322811e-13
0.000000e+00 6.000000e-01 0.000000e+00 -2.638345e-27 7.951930e-14 3.100190e-13
0.000000e+00 7.000000e-01 0.000000e+00 -5.891928e-28 2.408953e-14 2.820416e-13
0.000000e+00 8.000000e-01 0.000000e+00 -2.131921e-29 -1.592542e-14 2.434331e-13
0.000000e+00 9.000000e-01 0.000000e+00 5.886469e-32 -2.131953e-14 1.945218e-13
0.000000e+00 1.000000e+00 0.000000e+00 -1.387848e-30 -2.376824e-14 1.425100e-13
0.000000e+00 1.100000e+00 0.000000e+00 1.369967e-27 -4.654297e-14 9.415521e-14
0.000000e+00 1.200000e+00 0.000000e+00 1.036924e-30 -1.019059e-13 5.284171e-14
0.000000e+00 1.300000e+00 0.000000e+00 6.520397e-31 -1.376409e-13 2.065419e-14
0.000000e+00 1.400000e+00 0.000000e+00 6.203433e-31 -1.390732e-13 -1.477391e-15
0.000000e+00 1.500000e+00 0.000000e+00 -1.448977e-31 -1.451999e-13 -1.227247e-14
0.000000e+00 1.600000e+00 0.000000e+00 3.857449e-29 -1.662937e-13 -1.361962e-14
0.000000e+00 1.700000e+00 0.000000e+00 5.080476e-30 -1.966867e-13 -1.263827e-14
0.000000e+00 1.800000e+00 0.000000e+00 2.626271e-31 -2.142984e-13 -1.420641e-14
0.000000e+00 1.900000e+00 0.000000e+00 1.426337e-31 -2.158407e-13 -1.642258e-14
0.000000e+00 2.000000e+00 0.000000e+00 6.339275e-32 -2.142113e-13 -1.428686e-14
0.000000e+00 2.100000e+00 0.000000e+00 1.555386e-30 -2.064548e-13 -1.158528e-14
0.000000e+00 2.200000e+00 0.000000e+00 -1.584819e-32 -1.869945e-13 -1.144391e-14
0.000000e+00 2.300000e+00 0.000000e+00 -1.018812e-30 -1.656130e-13 -8.141224e-15
0.000000e+00 2.400000e+00 0.000000e+00 -2.264027e-33 -1.415581e-13 -6.308616e-15
0.000000e+00 2.500000e+00 0.000000e+00 -6.678879e-32 -1.158493e-13 -4.812389e-15
0.000000e+00 2.600000e+00 0.000000e+00 5.094060e-33 -9.275690e-14 -2.979792e-15
0.000000e+00 2.700000e+00 0.000000e+00 8.490100e-33 -7.110807e-14 -2.274442e-15
0.000000e+00 2.800000e+00 0.000000e+00 3.962047e-33 -5.324757e-14 -1.256603e-15
0.000000e+00 2.900000e+00 0.000000e+00 1.315966e-32 -3.839819e-14 -9.240272e-16
0.000000e+00 3.000000e+00 0.000000e+00 -7.457138e-32 -2.698289e-14 -4.714722e-16
0.000000e+00 3.100000e+00 0.000000e+00 1.910273e-33 -1.832567e-14 -3.303188e-16
0.000000e+00 3.200000e+00 0.000000e+00 -4.408484e-31 -1.213003e-14 -1.624593e-16
0.000000e+00 3.300000e+00 0.000000e+00 2.462129e-32 -7.771599e-15 -9.757323e-17
0.000000e+00 3.400000e+00 0.000000e+00 -4.598804e-34 -4.854774e-15 -5.323779e-17
0.000000e+00 3.500000e+00 0.000000e+00 -4.510366e-34 -2.945749e-15 -2.203557e-17
0.000000e+00 3.600000e+00 0.000000e+00 -1.591894e-34 -1.737543e-15 -1.352254e-17
0.000000e+00 3.700000e+00 0.000000e+00 -1.768771e-35 -1.000213e-15 -5.424703e-18
0.000000e+00 3.800000e+00 0.000000e+00 -8.843854e-36 -5.597826e-16 -1.762688e-18
0.000000e+00 3.900000e+00 0.000000e+00 1.658223e-35 -3.050541e-16 -9.728279e-19
0.000000e+00 4.000000e+00 0.000000e+00 8.014743e-36 -1.622414e-16 -3.553916e-19
0.000000e+00 4.100000e+00 0.000000e+00 -1.782589e-35 -8.407827e-17 -4.597680e-20
0.000000e+00 4.200000e+00 0.000000e+00 -1.830954e-35 -4.243885e-17 -4.411338e-21
0.000000e+00 4.300000e+00 0.000000e+00 2.176417e-36 -2.089074e-17 -5.035399e-21
0.000000e+00 4.400000e+00 0.000000e+00 8.636576e-37 -1.003294e-17 5.723468e-22
0.000000e+00 4.500000e+00 0.000000e+00 -5.268312e-37 -4.699053e-18 2.826122e-21
0.000000e+00 4.600000e+00 0.000000e+00 -1.101163e-37 -2.145934e-18 1.873059e-21
0.000000e+00 4.700000e+00 0.000000e+00 3.940438e-37 -9.556668e-19 7.680368e-22
0.000000e+00 4.800000e+00 0.000000e+00 -7.125175e-38 -4.150922e-19 2.533185e-22
0.000000e+00 4.900000e+00 0.000000e+00 -6.342486e-39 -1.758443e-19 8.193952e-23
0.000000e+00 5.000000e+00 0.000000e+00 1.936482e-38 -7.264806e-20 2.942045e-23
