Iteration# z ADDATime OurCalcTime
1.0000000000 -0.0500000000 0.0000000000 60.4100000000
2.0000000000 0.0000000000 0.0000000000 59.7000000000
3.0000000000 0.0500000000 0.0000000000 58.1100000000
4.0000000000 0.1000000000 0.0000000000 58.3600000000
5.0000000000 0.1500000000 0.0000000000 57.9300000000
6.0000000000 0.2000000000 0.0000000000 57.6500000000
7.0000000000 0.2500000000 0.0100000000 57.9400000000
8.0000000000 0.3000000000 0.0000000000 58.2500000000
9.0000000000 0.3500000000 0.0000000000 58.1000000000
10.0000000000 0.4000000000 0.0100000000 59.3800000000
11.0000000000 0.4500000000 0.0000000000 59.3600000000
12.0000000000 0.5000000000 0.0100000000 58.4000000000
13.0000000000 0.5500000000 0.0000000000 58.5700000000
14.0000000000 0.6000000000 0.0000000000 58.4700000000
15.0000000000 0.6500000000 0.0100000000 58.8000000000
16.0000000000 0.6250000000 0.0000000000 58.7400000000
17.0000000000 0.6125000000 0.0100000000 58.8500000000
18.0000000000 0.6250000000 0.0000000000 59.4600000000
19.0000000000 0.6187500000 0.0000000000 59.0500000000
20.0000000000 0.6156250000 0.0000000000 57.3100000000
21.0000000000 0.6140625000 0.0100000000 62.8900000000
22.0000000000 0.6156250000 0.0100000000 62.0700000000
23.0000000000 0.6148437500 0.0000000000 57.4800000000
24.0000000000 0.6156250000 0.0000000000 58.3000000000
25.0000000000 0.6152343750 0.0100000000 57.9200000000
