-2.500000e+00 -2.500000e+00 0.000000e+00 1.726376e-20 -6.607187e-21 0.000000e+00
-2.500000e+00 -2.250000e+00 0.000000e+00 1.526008e-19 -6.961416e-20 0.000000e+00
-2.500000e+00 -2.000000e+00 0.000000e+00 9.449973e-19 -5.170160e-19 0.000000e+00
-2.500000e+00 -1.750000e+00 0.000000e+00 4.181500e-18 -2.750145e-18 0.000000e+00
-2.500000e+00 -1.500000e+00 0.000000e+00 1.371774e-17 -1.088480e-17 0.000000e+00
-2.500000e+00 -1.250000e+00 0.000000e+00 3.441380e-17 -3.314590e-17 0.000000e+00
-2.500000e+00 -1.000000e+00 0.000000e+00 6.752396e-17 -7.970193e-17 0.000000e+00
-2.500000e+00 -7.500000e-01 0.000000e+00 1.051116e-16 -1.542876e-16 0.000000e+00
-2.500000e+00 -5.000000e-01 0.000000e+00 1.305882e-16 -2.437545e-16 0.000000e+00
-2.500000e+00 -2.500000e-01 0.000000e+00 1.290257e-16 -3.170965e-16 0.000000e+00
-2.500000e+00 0.000000e+00 0.000000e+00 9.963015e-17 -3.413113e-16 0.000000e+00
-2.500000e+00 2.500000e-01 0.000000e+00 5.742038e-17 -3.044138e-16 0.000000e+00
-2.500000e+00 5.000000e-01 0.000000e+00 2.148518e-17 -2.246832e-16 0.000000e+00
-2.500000e+00 7.500000e-01 0.000000e+00 1.689707e-18 -1.368003e-16 0.000000e+00
-2.500000e+00 1.000000e+00 0.000000e+00 -4.134305e-18 -6.847329e-17 0.000000e+00
-2.500000e+00 1.250000e+00 0.000000e+00 -3.376698e-18 -2.816448e-17 0.000000e+00
-2.500000e+00 1.500000e+00 0.000000e+00 -1.557252e-18 -9.597906e-18 0.000000e+00
-2.500000e+00 1.750000e+00 0.000000e+00 -5.168340e-19 -2.769506e-18 0.000000e+00
-2.500000e+00 2.000000e+00 0.000000e+00 -1.418690e-19 -6.961815e-19 0.000000e+00
-2.500000e+00 2.250000e+00 0.000000e+00 -3.610559e-20 -1.534193e-19 0.000000e+00
-2.500000e+00 2.500000e+00 0.000000e+00 -8.389384e-21 -2.859381e-20 0.000000e+00
-2.250000e+00 -2.500000e+00 0.000000e+00 1.021182e-19 -3.144360e-20 0.000000e+00
-2.250000e+00 -2.250000e+00 0.000000e+00 8.443168e-19 -3.178383e-19 0.000000e+00
-2.250000e+00 -2.000000e+00 0.000000e+00 4.841376e-18 -2.221973e-18 0.000000e+00
-2.250000e+00 -1.750000e+00 0.000000e+00 2.009646e-17 -1.124016e-17 0.000000e+00
-2.250000e+00 -1.500000e+00 0.000000e+00 6.278115e-17 -4.292466e-17 0.000000e+00
-2.250000e+00 -1.250000e+00 0.000000e+00 1.519520e-16 -1.278410e-16 0.000000e+00
-2.250000e+00 -1.000000e+00 0.000000e+00 2.906953e-16 -3.042269e-16 0.000000e+00
-2.250000e+00 -7.500000e-01 0.000000e+00 4.447493e-16 -5.888255e-16 0.000000e+00
-2.250000e+00 -5.000000e-01 0.000000e+00 5.459613e-16 -9.385085e-16 0.000000e+00
-2.250000e+00 -2.500000e-01 0.000000e+00 5.339671e-16 -1.241889e-15 0.000000e+00
-2.250000e+00 0.000000e+00 0.000000e+00 4.062385e-16 -1.370705e-15 0.000000e+00
-2.250000e+00 2.500000e-01 0.000000e+00 2.254556e-16 -1.264338e-15 0.000000e+00
-2.250000e+00 5.000000e-01 0.000000e+00 7.227039e-17 -9.746311e-16 0.000000e+00
-2.250000e+00 7.500000e-01 0.000000e+00 -1.041788e-17 -6.273447e-16 0.000000e+00
-2.250000e+00 1.000000e+00 0.000000e+00 -3.135155e-17 -3.372144e-16 0.000000e+00
-2.250000e+00 1.250000e+00 0.000000e+00 -2.320103e-17 -1.519635e-16 0.000000e+00
-2.250000e+00 1.500000e+00 0.000000e+00 -1.126359e-17 -5.803579e-17 0.000000e+00
-2.250000e+00 1.750000e+00 0.000000e+00 -4.221810e-18 -1.910038e-17 0.000000e+00
-2.250000e+00 2.000000e+00 0.000000e+00 -1.351811e-18 -5.475829e-18 0.000000e+00
-2.250000e+00 2.250000e+00 0.000000e+00 -3.878807e-19 -1.346655e-18 0.000000e+00
-2.250000e+00 2.500000e+00 0.000000e+00 -9.500332e-20 -2.707096e-19 0.000000e+00
-2.000000e+00 -2.500000e+00 0.000000e+00 4.841135e-19 -1.242626e-19 0.000000e+00
-2.000000e+00 -2.250000e+00 0.000000e+00 3.644153e-18 -1.150518e-18 0.000000e+00
-2.000000e+00 -2.000000e+00 0.000000e+00 1.922070e-17 -7.414150e-18 0.000000e+00
-2.000000e+00 -1.750000e+00 0.000000e+00 7.465934e-17 -3.523728e-17 0.000000e+00
-2.000000e+00 -1.500000e+00 0.000000e+00 2.216788e-16 -1.288005e-16 0.000000e+00
-2.000000e+00 -1.250000e+00 0.000000e+00 5.165316e-16 -3.730917e-16 0.000000e+00
-2.000000e+00 -1.000000e+00 0.000000e+00 9.609020e-16 -8.751772e-16 0.000000e+00
-2.000000e+00 -7.500000e-01 0.000000e+00 1.440010e-15 -1.688438e-15 0.000000e+00
-2.000000e+00 -5.000000e-01 0.000000e+00 1.738883e-15 -2.707915e-15 0.000000e+00
-2.000000e+00 -2.500000e-01 0.000000e+00 1.673080e-15 -3.635703e-15 0.000000e+00
-2.000000e+00 0.000000e+00 0.000000e+00 1.241726e-15 -4.103678e-15 0.000000e+00
-2.000000e+00 2.500000e-01 0.000000e+00 6.485095e-16 -3.902716e-15 0.000000e+00
-2.000000e+00 5.000000e-01 0.000000e+00 1.532131e-16 -3.131007e-15 0.000000e+00
-2.000000e+00 7.500000e-01 0.000000e+00 -1.055777e-16 -2.121707e-15 0.000000e+00
-2.000000e+00 1.000000e+00 0.000000e+00 -1.575302e-16 -1.218144e-15 0.000000e+00
-2.000000e+00 1.250000e+00 0.000000e+00 -1.127166e-16 -5.965380e-16 0.000000e+00
-2.000000e+00 1.500000e+00 0.000000e+00 -5.807157e-17 -2.518806e-16 0.000000e+00
-2.000000e+00 1.750000e+00 0.000000e+00 -2.431772e-17 -9.264611e-17 0.000000e+00
-2.000000e+00 2.000000e+00 0.000000e+00 -8.857838e-18 -2.963028e-17 0.000000e+00
-2.000000e+00 2.250000e+00 0.000000e+00 -2.825473e-18 -8.034775e-18 0.000000e+00
-2.000000e+00 2.500000e+00 0.000000e+00 -7.438745e-19 -1.760502e-18 0.000000e+00
-1.750000e+00 -2.500000e+00 0.000000e+00 1.954250e-18 -4.568015e-19 0.000000e+00
-1.750000e+00 -2.250000e+00 0.000000e+00 1.309320e-17 -3.668965e-18 0.000000e+00
-1.750000e+00 -2.000000e+00 0.000000e+00 6.273019e-17 -2.103454e-17 0.000000e+00
-1.750000e+00 -1.750000e+00 0.000000e+00 2.258120e-16 -9.133787e-17 0.000000e+00
-1.750000e+00 -1.500000e+00 0.000000e+00 6.320372e-16 -3.125020e-16 0.000000e+00
-1.750000e+00 -1.250000e+00 0.000000e+00 1.407745e-15 -8.654673e-16 0.000000e+00
-1.750000e+00 -1.000000e+00 0.000000e+00 2.530792e-15 -1.976431e-15 0.000000e+00
-1.750000e+00 -7.500000e-01 0.000000e+00 3.694022e-15 -3.768361e-15 0.000000e+00
-1.750000e+00 -5.000000e-01 0.000000e+00 4.363757e-15 -6.047356e-15 0.000000e+00
-1.750000e+00 -2.500000e-01 0.000000e+00 4.104431e-15 -8.209132e-15 0.000000e+00
-1.750000e+00 0.000000e+00 0.000000e+00 2.942716e-15 -9.455294e-15 0.000000e+00
-1.750000e+00 2.500000e-01 0.000000e+00 1.405562e-15 -9.259490e-15 0.000000e+00
-1.750000e+00 5.000000e-01 0.000000e+00 1.483800e-16 -7.724939e-15 0.000000e+00
-1.750000e+00 7.500000e-01 0.000000e+00 -4.842358e-16 -5.506657e-15 0.000000e+00
-1.750000e+00 1.000000e+00 0.000000e+00 -5.748841e-16 -3.370934e-15 0.000000e+00
-1.750000e+00 1.250000e+00 0.000000e+00 -4.122091e-16 -1.785453e-15 0.000000e+00
-1.750000e+00 1.500000e+00 0.000000e+00 -2.271483e-16 -8.248526e-16 0.000000e+00
-1.750000e+00 1.750000e+00 0.000000e+00 -1.052647e-16 -3.332295e-16 0.000000e+00
-1.750000e+00 2.000000e+00 0.000000e+00 -4.253809e-17 -1.163982e-16 0.000000e+00
-1.750000e+00 2.250000e+00 0.000000e+00 -1.471623e-17 -3.413387e-17 0.000000e+00
-1.750000e+00 2.500000e+00 0.000000e+00 -4.112753e-18 -8.038009e-18 0.000000e+00
-1.500000e+00 -2.500000e+00 0.000000e+00 6.935047e-18 -1.522165e-18 0.000000e+00
-1.500000e+00 -2.250000e+00 0.000000e+00 4.085723e-17 -1.055783e-17 0.000000e+00
-1.500000e+00 -2.000000e+00 0.000000e+00 1.759427e-16 -5.328463e-17 0.000000e+00
-1.500000e+00 -1.750000e+00 0.000000e+00 5.803450e-16 -2.074169e-16 0.000000e+00
-1.500000e+00 -1.500000e+00 0.000000e+00 1.513816e-15 -6.486817e-16 0.000000e+00
-1.500000e+00 -1.250000e+00 0.000000e+00 3.188748e-15 -1.677104e-15 0.000000e+00
-1.500000e+00 -1.000000e+00 0.000000e+00 5.487986e-15 -3.652636e-15 0.000000e+00
-1.500000e+00 -7.500000e-01 0.000000e+00 7.739864e-15 -6.776424e-15 0.000000e+00
-1.500000e+00 -5.000000e-01 0.000000e+00 8.882802e-15 -1.076883e-14 0.000000e+00
-1.500000e+00 -2.500000e-01 0.000000e+00 8.112757e-15 -1.469230e-14 0.000000e+00
-1.500000e+00 0.000000e+00 0.000000e+00 5.563416e-15 -1.722339e-14 0.000000e+00
-1.500000e+00 2.500000e-01 0.000000e+00 2.337973e-15 -1.736244e-14 0.000000e+00
-1.500000e+00 5.000000e-01 0.000000e+00 -2.425871e-16 -1.507854e-14 0.000000e+00
-1.500000e+00 7.500000e-01 0.000000e+00 -1.500423e-15 -1.132154e-14 0.000000e+00
-1.500000e+00 1.000000e+00 0.000000e+00 -1.617794e-15 -7.388782e-15 0.000000e+00
-1.500000e+00 1.250000e+00 0.000000e+00 -1.191034e-15 -4.216328e-15 0.000000e+00
-1.500000e+00 1.500000e+00 0.000000e+00 -7.054975e-16 -2.110225e-15 0.000000e+00
-1.500000e+00 1.750000e+00 0.000000e+00 -3.574462e-16 -9.216571e-16 0.000000e+00
-1.500000e+00 2.000000e+00 0.000000e+00 -1.564221e-16 -3.451715e-16 0.000000e+00
-1.500000e+00 2.250000e+00 0.000000e+00 -5.734147e-17 -1.075314e-16 0.000000e+00
-1.500000e+00 2.500000e+00 0.000000e+00 -1.672550e-17 -2.677209e-17 0.000000e+00
-1.250000e+00 -2.500000e+00 0.000000e+00 2.130411e-17 -4.003134e-18 0.000000e+00
-1.250000e+00 -2.250000e+00 0.000000e+00 1.112681e-16 -2.524232e-17 0.000000e+00
-1.250000e+00 -2.000000e+00 0.000000e+00 4.315427e-16 -1.160915e-16 0.000000e+00
-1.250000e+00 -1.750000e+00 0.000000e+00 1.299317e-15 -4.119124e-16 0.000000e+00
-1.250000e+00 -1.500000e+00 0.000000e+00 3.133479e-15 -1.177604e-15 0.000000e+00
-1.250000e+00 -1.250000e+00 0.000000e+00 6.179634e-15 -2.807113e-15 0.000000e+00
-1.250000e+00 -1.000000e+00 0.000000e+00 1.007665e-14 -5.722873e-15 0.000000e+00
-1.250000e+00 -7.500000e-01 0.000000e+00 1.360254e-14 -1.013944e-14 0.000000e+00
-1.250000e+00 -5.000000e-01 0.000000e+00 1.504569e-14 -1.572568e-14 0.000000e+00
-1.250000e+00 -2.500000e-01 0.000000e+00 1.324798e-14 -2.137114e-14 0.000000e+00
-1.250000e+00 0.000000e+00 0.000000e+00 8.600199e-15 -2.540097e-14 0.000000e+00
-1.250000e+00 2.500000e-01 0.000000e+00 2.993880e-15 -2.635636e-14 0.000000e+00
-1.250000e+00 5.000000e-01 0.000000e+00 -1.411564e-15 -2.387342e-14 0.000000e+00
-1.250000e+00 7.500000e-01 0.000000e+00 -3.535266e-15 -1.891749e-14 0.000000e+00
-1.250000e+00 1.000000e+00 0.000000e+00 -3.683012e-15 -1.315731e-14 0.000000e+00
-1.250000e+00 1.250000e+00 0.000000e+00 -2.829702e-15 -8.048296e-15 0.000000e+00
-1.250000e+00 1.500000e+00 0.000000e+00 -1.799459e-15 -4.317457e-15 0.000000e+00
-1.250000e+00 1.750000e+00 0.000000e+00 -9.804407e-16 -2.008662e-15 0.000000e+00
-1.250000e+00 2.000000e+00 0.000000e+00 -4.540188e-16 -7.938026e-16 0.000000e+00
-1.250000e+00 2.250000e+00 0.000000e+00 -1.728330e-16 -2.587588e-16 0.000000e+00
-1.250000e+00 2.500000e+00 0.000000e+00 -5.178803e-17 -6.712086e-17 0.000000e+00
-1.000000e+00 -2.500000e+00 0.000000e+00 5.486182e-17 -7.082517e-18 0.000000e+00
-1.000000e+00 -2.250000e+00 0.000000e+00 2.593893e-16 -4.402191e-17 0.000000e+00
-1.000000e+00 -2.000000e+00 0.000000e+00 9.189617e-16 -1.963554e-16 0.000000e+00
-1.000000e+00 -1.750000e+00 0.000000e+00 2.543732e-15 -6.660335e-16 0.000000e+00
-1.000000e+00 -1.500000e+00 0.000000e+00 5.675387e-15 -1.797771e-15 0.000000e+00
-1.000000e+00 -1.250000e+00 0.000000e+00 1.043227e-14 -4.013621e-15 0.000000e+00
-1.000000e+00 -1.000000e+00 0.000000e+00 1.599534e-14 -7.662752e-15 0.000000e+00
-1.000000e+00 -7.500000e-01 0.000000e+00 2.048975e-14 -1.284321e-14 0.000000e+00
-1.000000e+00 -5.000000e-01 0.000000e+00 2.166526e-14 -1.920583e-14 0.000000e+00
-1.000000e+00 -2.500000e-01 0.000000e+00 1.825170e-14 -2.576083e-14 0.000000e+00
-1.000000e+00 0.000000e+00 0.000000e+00 1.107454e-14 -3.091328e-14 0.000000e+00
-1.000000e+00 2.500000e-01 0.000000e+00 2.817488e-15 -3.301291e-14 0.000000e+00
-1.000000e+00 5.000000e-01 0.000000e+00 -3.619078e-15 -3.124318e-14 0.000000e+00
-1.000000e+00 7.500000e-01 0.000000e+00 -6.795985e-15 -2.615157e-14 0.000000e+00
-1.000000e+00 1.000000e+00 0.000000e+00 -7.073144e-15 -1.933694e-14 0.000000e+00
-1.000000e+00 1.250000e+00 0.000000e+00 -5.706995e-15 -1.258911e-14 0.000000e+00
-1.000000e+00 1.500000e+00 0.000000e+00 -3.857847e-15 -7.156717e-15 0.000000e+00
-1.000000e+00 1.750000e+00 0.000000e+00 -2.215263e-15 -3.499577e-15 0.000000e+00
-1.000000e+00 2.000000e+00 0.000000e+00 -1.062731e-15 -1.440194e-15 0.000000e+00
-1.000000e+00 2.250000e+00 0.000000e+00 -4.129811e-16 -4.852236e-16 0.000000e+00
-1.000000e+00 2.500000e+00 0.000000e+00 -1.253664e-16 -1.295386e-16 0.000000e+00
-7.500000e-01 -2.500000e+00 0.000000e+00 1.158987e-16 -5.341554e-18 0.000000e+00
-7.500000e-01 -2.250000e+00 0.000000e+00 5.070422e-16 -4.281062e-17 0.000000e+00
-7.500000e-01 -2.000000e+00 0.000000e+00 1.671002e-15 -2.129717e-16 0.000000e+00
-7.500000e-01 -1.750000e+00 0.000000e+00 4.311780e-15 -7.564395e-16 0.000000e+00
-7.500000e-01 -1.500000e+00 0.000000e+00 8.977848e-15 -2.059790e-15 0.000000e+00
-7.500000e-01 -1.250000e+00 0.000000e+00 1.543015e-14 -4.520310e-15 0.000000e+00
-7.500000e-01 -1.000000e+00 0.000000e+00 2.220588e-14 -8.339259e-15 0.000000e+00
-7.500000e-01 -7.500000e-01 0.000000e+00 2.685326e-14 -1.342795e-14 0.000000e+00
-7.500000e-01 -5.000000e-01 0.000000e+00 2.695492e-14 -1.944348e-14 0.000000e+00
-7.500000e-01 -2.500000e-01 0.000000e+00 2.153310e-14 -2.573793e-14 0.000000e+00
-7.500000e-01 0.000000e+00 0.000000e+00 1.194231e-14 -3.119576e-14 0.000000e+00
-7.500000e-01 2.500000e-01 0.000000e+00 1.370964e-15 -3.434753e-14 0.000000e+00
-7.500000e-01 5.000000e-01 0.000000e+00 -6.921207e-15 -3.401130e-14 0.000000e+00
-7.500000e-01 7.500000e-01 0.000000e+00 -1.126023e-14 -3.003974e-14 0.000000e+00
-7.500000e-01 1.000000e+00 0.000000e+00 -1.186009e-14 -2.349953e-14 0.000000e+00
-7.500000e-01 1.250000e+00 0.000000e+00 -9.984687e-15 -1.614536e-14 0.000000e+00
-7.500000e-01 1.500000e+00 0.000000e+00 -7.047525e-15 -9.624166e-15 0.000000e+00
-7.500000e-01 1.750000e+00 0.000000e+00 -4.174498e-15 -4.893483e-15 0.000000e+00
-7.500000e-01 2.000000e+00 0.000000e+00 -2.036556e-15 -2.076710e-15 0.000000e+00
-7.500000e-01 2.250000e+00 0.000000e+00 -7.964515e-16 -7.166651e-16 0.000000e+00
-7.500000e-01 2.500000e+00 0.000000e+00 -2.420057e-16 -1.950722e-16 0.000000e+00
-5.000000e-01 -2.500000e+00 0.000000e+00 1.993658e-16 1.109840e-17 0.000000e+00
-5.000000e-01 -2.250000e+00 0.000000e+00 8.214449e-16 2.084617e-17 0.000000e+00
-5.000000e-01 -2.000000e+00 0.000000e+00 2.559686e-15 -2.587218e-17 0.000000e+00
-5.000000e-01 -1.750000e+00 0.000000e+00 6.249028e-15 -3.204444e-16 0.000000e+00
-5.000000e-01 -1.500000e+00 0.000000e+00 1.229534e-14 -1.215763e-15 0.000000e+00
-5.000000e-01 -1.250000e+00 0.000000e+00 1.993616e-14 -3.089135e-15 0.000000e+00
-5.000000e-01 -1.000000e+00 0.000000e+00 2.705166e-14 -6.103754e-15 0.000000e+00
-5.000000e-01 -7.500000e-01 0.000000e+00 3.088014e-14 -1.012896e-14 0.000000e+00
-5.000000e-01 -5.000000e-01 0.000000e+00 2.928799e-14 -1.490152e-14 0.000000e+00
-5.000000e-01 -2.500000e-01 0.000000e+00 2.190651e-14 -2.010958e-14 0.000000e+00
-5.000000e-01 0.000000e+00 0.000000e+00 1.052666e-14 -2.515343e-14 0.000000e+00
-5.000000e-01 2.500000e-01 0.000000e+00 -1.604393e-15 -2.892796e-14 0.000000e+00
-5.000000e-01 5.000000e-01 0.000000e+00 -1.130012e-14 -3.014530e-14 0.000000e+00
-5.000000e-01 7.500000e-01 0.000000e+00 -1.673772e-14 -2.808905e-14 0.000000e+00
-5.000000e-01 1.000000e+00 0.000000e+00 -1.774148e-14 -2.314402e-14 0.000000e+00
-5.000000e-01 1.250000e+00 0.000000e+00 -1.530664e-14 -1.667007e-14 0.000000e+00
-5.000000e-01 1.500000e+00 0.000000e+00 -1.103355e-14 -1.034839e-14 0.000000e+00
-5.000000e-01 1.750000e+00 0.000000e+00 -6.607441e-15 -5.438829e-15 0.000000e+00
-5.000000e-01 2.000000e+00 0.000000e+00 -3.227624e-15 -2.368577e-15 0.000000e+00
-5.000000e-01 2.250000e+00 0.000000e+00 -1.255357e-15 -8.333794e-16 0.000000e+00
-5.000000e-01 2.500000e+00 0.000000e+00 -3.778492e-16 -2.300082e-16 0.000000e+00
-2.500000e-01 -2.500000e+00 0.000000e+00 2.794124e-16 4.828422e-17 0.000000e+00
-2.500000e-01 -2.250000e+00 0.000000e+00 1.098809e-15 1.716571e-16 0.000000e+00
-2.500000e-01 -2.000000e+00 0.000000e+00 3.279558e-15 4.456555e-16 0.000000e+00
-2.500000e-01 -1.750000e+00 0.000000e+00 7.673754e-15 8.540426e-16 0.000000e+00
-2.500000e-01 -1.500000e+00 0.000000e+00 1.445126e-14 1.182517e-15 0.000000e+00
-2.500000e-01 -1.250000e+00 0.000000e+00 2.237043e-14 1.036034e-15 0.000000e+00
-2.500000e-01 -1.000000e+00 0.000000e+00 2.889848e-14 3.969159e-17 0.000000e+00
-2.500000e-01 -7.500000e-01 0.000000e+00 3.131361e-14 -1.980587e-15 0.000000e+00
-2.500000e-01 -5.000000e-01 0.000000e+00 2.800856e-14 -5.020121e-15 0.000000e+00
-2.500000e-01 -2.500000e-01 0.000000e+00 1.919781e-14 -8.950078e-15 0.000000e+00
-2.500000e-01 0.000000e+00 0.000000e+00 6.841660e-15 -1.335766e-14 0.000000e+00
-2.500000e-01 2.500000e-01 0.000000e+00 -6.069710e-15 -1.735780e-14 0.000000e+00
-2.500000e-01 5.000000e-01 0.000000e+00 -1.658944e-14 -1.979148e-14 0.000000e+00
-2.500000e-01 7.500000e-01 0.000000e+00 -2.272301e-14 -1.979890e-14 0.000000e+00
-2.500000e-01 1.000000e+00 0.000000e+00 -2.381549e-14 -1.731412e-14 0.000000e+00
-2.500000e-01 1.250000e+00 0.000000e+00 -2.056921e-14 -1.312921e-14 0.000000e+00
-2.500000e-01 1.500000e+00 0.000000e+00 -1.481356e-14 -8.519375e-15 0.000000e+00
-2.500000e-01 1.750000e+00 0.000000e+00 -8.814614e-15 -4.646659e-15 0.000000e+00
-2.500000e-01 2.000000e+00 0.000000e+00 -4.256496e-15 -2.084511e-15 0.000000e+00
-2.500000e-01 2.250000e+00 0.000000e+00 -1.630127e-15 -7.498781e-16 0.000000e+00
-2.500000e-01 2.500000e+00 0.000000e+00 -4.815662e-16 -2.100061e-16 0.000000e+00
0.000000e+00 -2.500000e+00 0.000000e+00 3.199890e-16 9.747954e-17 0.000000e+00
0.000000e+00 -2.250000e+00 0.000000e+00 1.213616e-15 3.725114e-16 0.000000e+00
0.000000e+00 -2.000000e+00 0.000000e+00 3.505145e-15 1.084276e-15 0.000000e+00
0.000000e+00 -1.750000e+00 0.000000e+00 7.946893e-15 2.480193e-15 0.000000e+00
0.000000e+00 -1.500000e+00 0.000000e+00 1.449853e-14 4.577157e-15 0.000000e+00
0.000000e+00 -1.250000e+00 0.000000e+00 2.171601e-14 6.968050e-15 0.000000e+00
0.000000e+00 -1.000000e+00 0.000000e+00 2.707861e-14 8.897694e-15 0.000000e+00
0.000000e+00 -7.500000e-01 0.000000e+00 2.817253e-14 9.584350e-15 0.000000e+00
0.000000e+00 -5.000000e-01 0.000000e+00 2.380249e-14 8.545268e-15 0.000000e+00
0.000000e+00 -2.500000e-01 0.000000e+00 1.438362e-14 5.785616e-15 0.000000e+00
0.000000e+00 0.000000e+00 0.000000e+00 1.748105e-15 1.854696e-15 0.000000e+00
0.000000e+00 2.500000e-01 0.000000e+00 -1.136070e-14 -2.288878e-15 0.000000e+00
0.000000e+00 5.000000e-01 0.000000e+00 -2.204485e-14 -5.639369e-15 0.000000e+00
0.000000e+00 7.500000e-01 0.000000e+00 -2.807630e-14 -7.523757e-15 0.000000e+00
0.000000e+00 1.000000e+00 0.000000e+00 -2.853142e-14 -7.758741e-15 0.000000e+00
0.000000e+00 1.250000e+00 0.000000e+00 -2.412630e-14 -6.616195e-15 0.000000e+00
0.000000e+00 1.500000e+00 0.000000e+00 -1.703237e-14 -4.709754e-15 0.000000e+00
0.000000e+00 1.750000e+00 0.000000e+00 -9.924655e-15 -2.767929e-15 0.000000e+00
0.000000e+00 2.000000e+00 0.000000e+00 -4.685794e-15 -1.316968e-15 0.000000e+00
0.000000e+00 2.250000e+00 0.000000e+00 -1.751125e-15 -4.950874e-16 0.000000e+00
0.000000e+00 2.500000e+00 0.000000e+00 -5.033756e-16 -1.428427e-16 0.000000e+00
2.500000e-01 -2.500000e+00 0.000000e+00 2.999634e-16 1.357829e-16 0.000000e+00
2.500000e-01 -2.250000e+00 0.000000e+00 1.107139e-15 5.302855e-16 0.000000e+00
2.500000e-01 -2.000000e+00 0.000000e+00 3.121877e-15 1.597376e-15 0.000000e+00
2.500000e-01 -1.750000e+00 0.000000e+00 6.926589e-15 3.829136e-15 0.000000e+00
2.500000e-01 -1.500000e+00 0.000000e+00 1.239233e-14 7.501091e-15 0.000000e+00
2.500000e-01 -1.250000e+00 0.000000e+00 1.823536e-14 1.228533e-14 0.000000e+00
2.500000e-01 -1.000000e+00 0.000000e+00 2.234808e-14 1.714849e-14 0.000000e+00
2.500000e-01 -7.500000e-01 0.000000e+00 2.272055e-14 2.071148e-14 0.000000e+00
2.500000e-01 -5.000000e-01 0.000000e+00 1.823830e-14 2.187877e-14 0.000000e+00
2.500000e-01 -2.500000e-01 0.000000e+00 9.050784e-15 2.036382e-14 0.000000e+00
2.500000e-01 0.000000e+00 0.000000e+00 -3.306612e-15 1.680140e-14 0.000000e+00
2.500000e-01 2.500000e-01 0.000000e+00 -1.610276e-14 1.234879e-14 0.000000e+00
2.500000e-01 5.000000e-01 0.000000e+00 -2.619124e-14 8.044838e-15 0.000000e+00
2.500000e-01 7.500000e-01 0.000000e+00 -3.116233e-14 4.448551e-15 0.000000e+00
2.500000e-01 1.000000e+00 0.000000e+00 -3.025162e-14 1.762177e-15 0.000000e+00
2.500000e-01 1.250000e+00 0.000000e+00 -2.460534e-14 7.065509e-17 0.000000e+00
2.500000e-01 1.500000e+00 0.000000e+00 -1.676036e-14 -6.637377e-16 0.000000e+00
2.500000e-01 1.750000e+00 0.000000e+00 -9.440800e-15 -7.043335e-16 0.000000e+00
2.500000e-01 2.000000e+00 0.000000e+00 -4.312379e-15 -4.483676e-16 0.000000e+00
2.500000e-01 2.250000e+00 0.000000e+00 -1.558203e-15 -2.002088e-16 0.000000e+00
2.500000e-01 2.500000e+00 0.000000e+00 -4.319605e-16 -6.423968e-17 0.000000e+00
5.000000e-01 -2.500000e+00 0.000000e+00 2.298442e-16 1.425041e-16 0.000000e+00
5.000000e-01 -2.250000e+00 0.000000e+00 8.329087e-16 5.630281e-16 0.000000e+00
5.000000e-01 -2.000000e+00 0.000000e+00 2.313205e-15 1.728100e-15 0.000000e+00
5.000000e-01 -1.750000e+00 0.000000e+00 5.074806e-15 4.251165e-15 0.000000e+00
5.000000e-01 -1.500000e+00 0.000000e+00 9.025223e-15 8.608090e-15 0.000000e+00
5.000000e-01 -1.250000e+00 0.000000e+00 1.328528e-14 1.467712e-14 0.000000e+00
5.000000e-01 -1.000000e+00 0.000000e+00 1.635917e-14 2.147565e-14 0.000000e+00
5.000000e-01 -7.500000e-01 0.000000e+00 1.661246e-14 2.737881e-14 0.000000e+00
5.000000e-01 -5.000000e-01 0.000000e+00 1.277121e-14 3.077747e-14 0.000000e+00
5.000000e-01 -2.500000e-01 0.000000e+00 4.496829e-15 3.083444e-14 0.000000e+00
5.000000e-01 0.000000e+00 0.000000e+00 -6.977019e-15 2.786529e-14 0.000000e+00
5.000000e-01 2.500000e-01 0.000000e+00 -1.878165e-14 2.304164e-14 0.000000e+00
5.000000e-01 5.000000e-01 0.000000e+00 -2.747963e-14 1.763347e-14 0.000000e+00
5.000000e-01 7.500000e-01 0.000000e+00 -3.071071e-14 1.246126e-14 0.000000e+00
5.000000e-01 1.000000e+00 0.000000e+00 -2.823676e-14 7.941301e-15 0.000000e+00
5.000000e-01 1.250000e+00 0.000000e+00 -2.181061e-14 4.372251e-15 0.000000e+00
5.000000e-01 1.500000e+00 0.000000e+00 -1.414455e-14 1.964229e-15 0.000000e+00
5.000000e-01 1.750000e+00 0.000000e+00 -7.605862e-15 6.638990e-16 0.000000e+00
5.000000e-01 2.000000e+00 0.000000e+00 -3.322945e-15 1.414920e-16 0.000000e+00
5.000000e-01 2.250000e+00 0.000000e+00 -1.148593e-15 4.277940e-18 0.000000e+00
5.000000e-01 2.500000e+00 0.000000e+00 -3.038343e-16 -9.044008e-18 0.000000e+00
7.500000e-01 -2.500000e+00 0.000000e+00 1.431576e-16 1.160661e-16 0.000000e+00
7.500000e-01 -2.250000e+00 0.000000e+00 5.142011e-16 4.645210e-16 0.000000e+00
7.500000e-01 -2.000000e+00 0.000000e+00 1.420278e-15 1.451472e-15 0.000000e+00
7.500000e-01 -1.750000e+00 0.000000e+00 3.118081e-15 3.657296e-15 0.000000e+00
7.500000e-01 -1.500000e+00 0.000000e+00 5.602246e-15 7.639648e-15 0.000000e+00
7.500000e-01 -1.250000e+00 0.000000e+00 8.424475e-15 1.354084e-14 0.000000e+00
7.500000e-01 -1.000000e+00 0.000000e+00 1.067011e-14 2.074379e-14 0.000000e+00
7.500000e-01 -7.500000e-01 0.000000e+00 1.103847e-14 2.783441e-14 0.000000e+00
7.500000e-01 -5.000000e-01 0.000000e+00 8.135636e-15 3.300333e-14 0.000000e+00
7.500000e-01 -2.500000e-01 0.000000e+00 1.259088e-15 3.480002e-14 0.000000e+00
7.500000e-01 0.000000e+00 0.000000e+00 -8.594596e-15 3.285113e-14 0.000000e+00
7.500000e-01 2.500000e-01 0.000000e+00 -1.856636e-14 2.800473e-14 0.000000e+00
7.500000e-01 5.000000e-01 0.000000e+00 -2.526107e-14 2.174849e-14 0.000000e+00
7.500000e-01 7.500000e-01 0.000000e+00 -2.667596e-14 1.543009e-14 0.000000e+00
7.500000e-01 1.000000e+00 0.000000e+00 -2.316325e-14 9.903979e-15 0.000000e+00
7.500000e-01 1.250000e+00 0.000000e+00 -1.685902e-14 5.615550e-15 0.000000e+00
7.500000e-01 1.500000e+00 0.000000e+00 -1.029625e-14 2.719532e-15 0.000000e+00
7.500000e-01 1.750000e+00 0.000000e+00 -5.219260e-15 1.082042e-15 0.000000e+00
7.500000e-01 2.000000e+00 0.000000e+00 -2.152347e-15 3.385581e-16 0.000000e+00
7.500000e-01 2.250000e+00 0.000000e+00 -7.022459e-16 7.885483e-17 0.000000e+00
7.500000e-01 2.500000e+00 0.000000e+00 -1.748551e-16 1.256014e-17 0.000000e+00
1.000000e+00 -2.500000e+00 0.000000e+00 7.173865e-17 7.385976e-17 0.000000e+00
1.000000e+00 -2.250000e+00 0.000000e+00 2.581449e-16 3.014643e-16 0.000000e+00
1.000000e+00 -2.000000e+00 0.000000e+00 7.172680e-16 9.642671e-16 0.000000e+00
1.000000e+00 -1.750000e+00 0.000000e+00 1.598894e-15 2.502473e-15 0.000000e+00
1.000000e+00 -1.500000e+00 0.000000e+00 2.958282e-15 5.427651e-15 0.000000e+00
1.000000e+00 -1.250000e+00 0.000000e+00 4.645600e-15 1.007592e-14 0.000000e+00
1.000000e+00 -1.000000e+00 0.000000e+00 6.168578e-15 1.628365e-14 0.000000e+00
1.000000e+00 -7.500000e-01 0.000000e+00 6.557046e-15 2.313245e-14 0.000000e+00
1.000000e+00 -5.000000e-01 0.000000e+00 4.537165e-15 2.899659e-14 0.000000e+00
1.000000e+00 -2.500000e-01 0.000000e+00 -6.560242e-16 3.209506e-14 0.000000e+00
1.000000e+00 0.000000e+00 0.000000e+00 -8.231188e-15 3.139041e-14 0.000000e+00
1.000000e+00 2.500000e-01 0.000000e+00 -1.569961e-14 2.720135e-14 0.000000e+00
1.000000e+00 5.000000e-01 0.000000e+00 -2.019845e-14 2.098083e-14 0.000000e+00
1.000000e+00 7.500000e-01 0.000000e+00 -2.028899e-14 1.446040e-14 0.000000e+00
1.000000e+00 1.000000e+00 0.000000e+00 -1.667495e-14 8.892555e-15 0.000000e+00
1.000000e+00 1.250000e+00 0.000000e+00 -1.141156e-14 4.826037e-15 0.000000e+00
1.000000e+00 1.500000e+00 0.000000e+00 -6.518501e-15 2.262069e-15 0.000000e+00
1.000000e+00 1.750000e+00 0.000000e+00 -3.080658e-15 8.885908e-16 0.000000e+00
1.000000e+00 2.000000e+00 0.000000e+00 -1.182263e-15 2.821227e-16 0.000000e+00
1.000000e+00 2.250000e+00 0.000000e+00 -3.582286e-16 6.939650e-17 0.000000e+00
1.000000e+00 2.500000e+00 0.000000e+00 -8.247430e-17 1.255515e-17 0.000000e+00
1.250000e+00 -2.500000e+00 0.000000e+00 2.848173e-17 3.649537e-17 0.000000e+00
1.250000e+00 -2.250000e+00 0.000000e+00 1.039320e-16 1.534782e-16 0.000000e+00
1.250000e+00 -2.000000e+00 0.000000e+00 2.944803e-16 5.073309e-16 0.000000e+00
1.250000e+00 -1.750000e+00 0.000000e+00 6.783330e-16 1.369761e-15 0.000000e+00
1.250000e+00 -1.500000e+00 0.000000e+00 1.320120e-15 3.118976e-15 0.000000e+00
1.250000e+00 -1.250000e+00 0.000000e+00 2.207044e-15 6.132608e-15 0.000000e+00
1.250000e+00 -1.000000e+00 0.000000e+00 3.100586e-15 1.055421e-14 0.000000e+00
1.250000e+00 -7.500000e-01 0.000000e+00 3.360687e-15 1.596712e-14 0.000000e+00
1.250000e+00 -5.000000e-01 0.000000e+00 2.050009e-15 2.119971e-14 0.000000e+00
1.250000e+00 -2.500000e-01 0.000000e+00 -1.420621e-15 2.460915e-14 0.000000e+00
1.250000e+00 0.000000e+00 0.000000e+00 -6.477071e-15 2.489979e-14 0.000000e+00
1.250000e+00 2.500000e-01 0.000000e+00 -1.130437e-14 2.193618e-14 0.000000e+00
1.250000e+00 5.000000e-01 0.000000e+00 -1.389092e-14 1.684174e-14 0.000000e+00
1.250000e+00 7.500000e-01 0.000000e+00 -1.337216e-14 1.128796e-14 0.000000e+00
1.250000e+00 1.000000e+00 0.000000e+00 -1.046947e-14 6.605951e-15 0.000000e+00
1.250000e+00 1.250000e+00 0.000000e+00 -6.763452e-15 3.360715e-15 0.000000e+00
1.250000e+00 1.500000e+00 0.000000e+00 -3.612194e-15 1.468610e-15 0.000000e+00
1.250000e+00 1.750000e+00 0.000000e+00 -1.582253e-15 5.397263e-16 0.000000e+00
1.250000e+00 2.000000e+00 0.000000e+00 -5.585867e-16 1.618098e-16 0.000000e+00
1.250000e+00 2.250000e+00 0.000000e+00 -1.545932e-16 3.802714e-17 0.000000e+00
1.250000e+00 2.500000e+00 0.000000e+00 -3.222696e-17 6.653720e-18 0.000000e+00
1.500000e+00 -2.500000e+00 0.000000e+00 8.771367e-18 1.378373e-17 0.000000e+00
1.500000e+00 -2.250000e+00 0.000000e+00 3.290905e-17 6.050144e-17 0.000000e+00
1.500000e+00 -2.000000e+00 0.000000e+00 9.663768e-17 2.092925e-16 0.000000e+00
1.500000e+00 -1.750000e+00 0.000000e+00 2.348062e-16 5.957894e-16 0.000000e+00
1.500000e+00 -1.500000e+00 0.000000e+00 4.910298e-16 1.444140e-15 0.000000e+00
1.500000e+00 -1.250000e+00 0.000000e+00 8.854151e-16 3.044883e-15 0.000000e+00
1.500000e+00 -1.000000e+00 0.000000e+00 1.312958e-15 5.627505e-15 0.000000e+00
1.500000e+00 -7.500000e-01 0.000000e+00 1.417438e-15 9.098212e-15 0.000000e+00
1.500000e+00 -5.000000e-01 0.000000e+00 6.480553e-16 1.278993e-14 0.000000e+00
1.500000e+00 -2.500000e-01 0.000000e+00 -1.341261e-15 1.554110e-14 0.000000e+00
1.500000e+00 0.000000e+00 0.000000e+00 -4.195646e-15 1.625481e-14 0.000000e+00
1.500000e+00 2.500000e-01 0.000000e+00 -6.829166e-15 1.459928e-14 0.000000e+00
1.500000e+00 5.000000e-01 0.000000e+00 -8.078330e-15 1.124551e-14 0.000000e+00
1.500000e+00 7.500000e-01 0.000000e+00 -7.511873e-15 7.421137e-15 0.000000e+00
1.500000e+00 1.000000e+00 0.000000e+00 -5.652080e-15 4.187195e-15 0.000000e+00
1.500000e+00 1.250000e+00 0.000000e+00 -3.476803e-15 2.010677e-15 0.000000e+00
1.500000e+00 1.500000e+00 0.000000e+00 -1.747698e-15 8.142721e-16 0.000000e+00
1.500000e+00 1.750000e+00 0.000000e+00 -7.113137e-16 2.737497e-16 0.000000e+00
1.500000e+00 2.000000e+00 0.000000e+00 -2.302025e-16 7.454462e-17 0.000000e+00
1.500000e+00 2.250000e+00 0.000000e+00 -5.758589e-17 1.586134e-17 0.000000e+00
1.500000e+00 2.500000e+00 0.000000e+00 -1.067933e-17 2.504059e-18 0.000000e+00
1.750000e+00 -2.500000e+00 0.000000e+00 2.037594e-18 3.883483e-18 0.000000e+00
1.750000e+00 -2.250000e+00 0.000000e+00 7.981232e-18 1.806195e-17 0.000000e+00
1.750000e+00 -2.000000e+00 0.000000e+00 2.475619e-17 6.639320e-17 0.000000e+00
1.750000e+00 -1.750000e+00 0.000000e+00 6.494035e-17 2.025261e-16 0.000000e+00
1.750000e+00 -1.500000e+00 0.000000e+00 1.488043e-16 5.308695e-16 0.000000e+00
1.750000e+00 -1.250000e+00 0.000000e+00 2.910000e-16 1.215027e-15 0.000000e+00
1.750000e+00 -1.000000e+00 0.000000e+00 4.503022e-16 2.427506e-15 0.000000e+00
1.750000e+00 -7.500000e-01 0.000000e+00 4.651059e-16 4.200168e-15 0.000000e+00
1.750000e+00 -5.000000e-01 0.000000e+00 7.838084e-17 6.242008e-15 0.000000e+00
1.750000e+00 -2.500000e-01 0.000000e+00 -8.691690e-16 7.922524e-15 0.000000e+00
1.750000e+00 0.000000e+00 0.000000e+00 -2.199610e-15 8.559552e-15 0.000000e+00
1.750000e+00 2.500000e-01 0.000000e+00 -3.387959e-15 7.855866e-15 0.000000e+00
1.750000e+00 5.000000e-01 0.000000e+00 -3.886313e-15 6.112885e-15 0.000000e+00
1.750000e+00 7.500000e-01 0.000000e+00 -3.517041e-15 4.021436e-15 0.000000e+00
1.750000e+00 1.000000e+00 0.000000e+00 -2.565824e-15 2.226385e-15 0.000000e+00
1.750000e+00 1.250000e+00 0.000000e+00 -1.518235e-15 1.029671e-15 0.000000e+00
1.750000e+00 1.500000e+00 0.000000e+00 -7.259930e-16 3.933249e-16 0.000000e+00
1.750000e+00 1.750000e+00 0.000000e+00 -2.772081e-16 1.220332e-16 0.000000e+00
1.750000e+00 2.000000e+00 0.000000e+00 -8.279804e-17 3.001603e-17 0.000000e+00
1.750000e+00 2.250000e+00 0.000000e+00 -1.875802e-17 5.651026e-18 0.000000e+00
1.750000e+00 2.500000e+00 0.000000e+00 -3.083171e-18 7.729868e-19 0.000000e+00
2.000000e+00 -2.500000e+00 0.000000e+00 3.446295e-19 7.899239e-19 0.000000e+00
2.000000e+00 -2.250000e+00 0.000000e+00 1.430755e-18 3.955606e-18 0.000000e+00
2.000000e+00 -2.000000e+00 0.000000e+00 4.789728e-18 1.572518e-17 0.000000e+00
2.000000e+00 -1.750000e+00 0.000000e+00 1.391552e-17 5.238492e-17 0.000000e+00
2.000000e+00 -1.500000e+00 0.000000e+00 3.552913e-17 1.510919e-16 0.000000e+00
2.000000e+00 -1.250000e+00 0.000000e+00 7.533286e-17 3.799126e-16 0.000000e+00
2.000000e+00 -1.000000e+00 0.000000e+00 1.195317e-16 8.251269e-16 0.000000e+00
2.000000e+00 -7.500000e-01 0.000000e+00 1.100083e-16 1.529596e-15 0.000000e+00
2.000000e+00 -5.000000e-01 0.000000e+00 -4.753920e-17 2.401082e-15 0.000000e+00
2.000000e+00 -2.500000e-01 0.000000e+00 -4.111349e-16 3.180014e-15 0.000000e+00
2.000000e+00 0.000000e+00 0.000000e+00 -9.109408e-16 3.548727e-15 0.000000e+00
2.000000e+00 2.500000e-01 0.000000e+00 -1.345388e-15 3.333977e-15 0.000000e+00
2.000000e+00 5.000000e-01 0.000000e+00 -1.507206e-15 2.632362e-15 0.000000e+00
2.000000e+00 7.500000e-01 0.000000e+00 -1.336182e-15 1.740520e-15 0.000000e+00
2.000000e+00 1.000000e+00 0.000000e+00 -9.520929e-16 9.577955e-16 0.000000e+00
2.000000e+00 1.250000e+00 0.000000e+00 -5.465904e-16 4.344250e-16 0.000000e+00
2.000000e+00 1.500000e+00 0.000000e+00 -2.511228e-16 1.601173e-16 0.000000e+00
2.000000e+00 1.750000e+00 0.000000e+00 -9.095971e-17 4.700956e-17 0.000000e+00
2.000000e+00 2.000000e+00 0.000000e+00 -2.536743e-17 1.069617e-17 0.000000e+00
2.000000e+00 2.250000e+00 0.000000e+00 -5.265627e-18 1.815783e-18 0.000000e+00
2.000000e+00 2.500000e+00 0.000000e+00 -7.770079e-19 2.182516e-19 0.000000e+00
2.250000e+00 -2.500000e+00 0.000000e+00 4.090743e-20 1.119711e-19 0.000000e+00
2.250000e+00 -2.250000e+00 0.000000e+00 1.810542e-19 6.095146e-19 0.000000e+00
2.250000e+00 -2.000000e+00 0.000000e+00 6.677125e-19 2.666925e-18 0.000000e+00
2.250000e+00 -1.750000e+00 0.000000e+00 2.207901e-18 9.912961e-18 0.000000e+00
2.250000e+00 -1.500000e+00 0.000000e+00 6.378039e-18 3.208215e-17 0.000000e+00
2.250000e+00 -1.250000e+00 0.000000e+00 1.462450e-17 8.978110e-17 0.000000e+00
2.250000e+00 -1.000000e+00 0.000000e+00 2.323809e-17 2.133687e-16 0.000000e+00
2.250000e+00 -7.500000e-01 0.000000e+00 1.611732e-17 4.249740e-16 0.000000e+00
2.250000e+00 -5.000000e-01 0.000000e+00 -3.348897e-17 7.056113e-16 0.000000e+00
2.250000e+00 -2.500000e-01 0.000000e+00 -1.423017e-16 9.762328e-16 0.000000e+00
2.250000e+00 0.000000e+00 0.000000e+00 -2.896182e-16 1.126778e-15 0.000000e+00
2.250000e+00 2.500000e-01 0.000000e+00 -4.153177e-16 1.085681e-15 0.000000e+00
2.250000e+00 5.000000e-01 0.000000e+00 -4.575633e-16 8.722872e-16 0.000000e+00
2.250000e+00 7.500000e-01 0.000000e+00 -3.995691e-16 5.822332e-16 0.000000e+00
2.250000e+00 1.000000e+00 0.000000e+00 -2.795415e-16 3.205989e-16 0.000000e+00
2.250000e+00 1.250000e+00 0.000000e+00 -1.565637e-16 1.440187e-16 0.000000e+00
2.250000e+00 1.500000e+00 0.000000e+00 -6.953559e-17 5.193390e-17 0.000000e+00
2.250000e+00 1.750000e+00 0.000000e+00 -2.406083e-17 1.470200e-17 0.000000e+00
2.250000e+00 2.000000e+00 0.000000e+00 -6.317375e-18 3.170972e-18 0.000000e+00
2.250000e+00 2.250000e+00 0.000000e+00 -1.214177e-18 5.010575e-19 0.000000e+00
2.250000e+00 2.500000e+00 0.000000e+00 -1.637104e-19 5.544985e-20 0.000000e+00
2.500000e+00 -2.500000e+00 0.000000e+00 3.435582e-21 1.111199e-20 0.000000e+00
2.500000e+00 -2.250000e+00 0.000000e+00 1.551704e-20 6.364391e-20 0.000000e+00
2.500000e+00 -2.000000e+00 0.000000e+00 6.287888e-20 3.068760e-19 0.000000e+00
2.500000e+00 -1.750000e+00 0.000000e+00 2.423309e-19 1.296994e-18 0.000000e+00
2.500000e+00 -1.500000e+00 0.000000e+00 8.054889e-19 4.815477e-18 0.000000e+00
2.500000e+00 -1.250000e+00 0.000000e+00 1.995342e-18 1.524725e-17 0.000000e+00
2.500000e+00 -1.000000e+00 0.000000e+00 3.060590e-18 4.006343e-17 0.000000e+00
2.500000e+00 -7.500000e-01 0.000000e+00 6.849371e-19 8.632367e-17 0.000000e+00
2.500000e+00 -5.000000e-01 0.000000e+00 -1.085021e-17 1.523866e-16 0.000000e+00
2.500000e+00 -2.500000e-01 0.000000e+00 -3.532072e-17 2.211810e-16 0.000000e+00
2.500000e+00 0.000000e+00 0.000000e+00 -6.829986e-17 2.649956e-16 0.000000e+00
2.500000e+00 2.500000e-01 0.000000e+00 -9.627259e-17 2.626646e-16 0.000000e+00
2.500000e+00 5.000000e-01 0.000000e+00 -1.050506e-16 2.153106e-16 0.000000e+00
2.500000e+00 7.500000e-01 0.000000e+00 -9.080043e-17 1.454220e-16 0.000000e+00
2.500000e+00 1.000000e+00 0.000000e+00 -6.258774e-17 8.031532e-17 0.000000e+00
2.500000e+00 1.250000e+00 0.000000e+00 -3.428165e-17 3.583201e-17 0.000000e+00
2.500000e+00 1.500000e+00 0.000000e+00 -1.474303e-17 1.268807e-17 0.000000e+00
2.500000e+00 1.750000e+00 0.000000e+00 -4.878595e-18 3.481482e-18 0.000000e+00
2.500000e+00 2.000000e+00 0.000000e+00 -1.207235e-18 7.175339e-19 0.000000e+00
2.500000e+00 2.250000e+00 0.000000e+00 -2.156169e-19 1.070441e-19 0.000000e+00
2.500000e+00 2.500000e+00 0.000000e+00 -2.704381e-20 1.126650e-20 0.000000e+00
