5.565331e-27 3.332470e-26 1.656257e-25 6.991185e-25 2.534275e-24 7.810049e-24 2.009084e-23 4.247965e-23 7.310051e-23 1.017771e-22 1.141572e-22 1.026861e-22 7.362612e-23 4.171634e-23 1.845259e-23 6.266488e-24 1.597185e-24 2.964168e-25 3.858710e-26 3.436519e-27 2.333038e-28
5.270705e-26 2.868774e-25 1.233027e-24 4.385017e-24 1.334838e-23 3.521022e-23 7.996495e-23 1.540246e-22 2.478335e-22 3.291562e-22 3.575555e-22 3.152022e-22 2.236967e-22 1.266064e-22 5.647096e-23 1.955103e-23 5.152417e-24 1.007943e-24 1.417448e-25 1.381848e-26 9.340070e-28
3.522665e-25 1.719967e-24 6.545145e-24 2.033142e-23 5.359831e-23 1.230004e-22 2.476111e-22 4.338487e-22 6.512560e-22 8.237358e-22 8.654943e-22 7.466007e-22 5.233157e-22 2.950286e-22 1.323400e-22 4.668458e-23 1.279494e-23 2.692293e-24 4.296779e-25 5.106581e-26 4.352117e-27
1.666502e-24 7.432239e-24 2.572126e-23 7.196191e-23 1.689102e-22 3.431138e-22 6.151675e-22 9.771198e-22 1.360362e-21 1.630113e-21 1.649978e-21 1.388168e-21 9.582058e-22 5.370556e-22 2.425355e-22 8.792459e-23 2.564853e-23 6.068864e-24 1.167889e-24 1.778135e-25 1.974297e-26
5.772200e-24 2.396198e-23 7.702463e-23 1.986649e-22 4.249397e-22 7.777202e-22 1.250826e-21 1.795696e-21 2.299599e-21 2.588084e-21 2.505938e-21 2.045689e-21 1.386445e-21 7.732584e-22 3.548040e-22 1.353837e-22 4.380247e-23 1.214577e-23 2.808232e-24 5.000222e-25 6.021048e-26
1.508414e-23 5.917957e-23 1.794588e-22 4.340073e-22 8.614066e-22 1.443626e-21 2.101869e-21 2.723779e-21 3.178549e-21 3.320184e-21 3.044471e-21 2.396278e-21 1.593235e-21 8.917885e-22 4.256526e-22 1.775595e-22 6.552711e-23 2.065962e-23 5.068938e-24 8.227844e-25 5.361393e-26
3.041246e-23 1.140856e-22 3.300448e-22 7.573239e-22 1.412949e-21 2.196481e-21 2.921240e-21 3.417704e-21 3.598848e-21 3.437802e-21 2.947888e-21 2.225623e-21 1.461380e-21 8.396026e-22 4.309467e-22 1.987824e-22 7.829870e-23 2.303098e-23 3.510451e-24 -5.401967e-25 -4.612419e-25
4.803212e-23 1.737927e-22 4.833826e-22 1.060434e-21 1.874962e-21 2.726531e-21 3.333732e-21 3.520030e-21 3.308524e-21 2.839826e-21 2.247488e-21 1.631151e-21 1.079811e-21 6.522176e-22 3.516810e-22 1.531103e-22 3.824414e-23 -8.889597e-24 -1.514581e-23 -8.287221e-24 -2.721531e-24
5.993464e-23 2.104744e-22 5.654870e-22 1.190511e-21 2.001420e-21 2.730431e-21 3.072818e-21 2.914904e-21 2.409044e-21 1.818311e-21 1.315973e-21 9.318923e-22 6.235777e-22 3.506712e-22 1.101633e-22 -6.297529e-23 -1.357515e-22 -1.212099e-22 -7.090991e-23 -2.912588e-23 -8.451312e-24
5.919126e-23 2.024801e-22 5.262162e-22 1.062373e-21 1.693519e-21 2.156541e-21 2.213661e-21 1.853288e-21 1.302520e-21 8.275707e-22 5.323717e-22 3.389362e-22 1.203969e-22 -1.630833e-22 -4.309656e-22 -5.616573e-22 -5.094243e-22 -3.429298e-22 -1.735671e-22 -6.562407e-23 -1.819492e-23
4.597736e-23 1.532144e-22 3.836939e-22 7.367192e-22 1.098079e-21 1.275804e-21 1.147839e-21 7.817912e-22 3.824360e-22 1.099090e-22 -5.040136e-23 -2.455936e-22 -5.871712e-22 -1.013758e-21 -1.317914e-21 -1.322124e-21 -1.035501e-21 -6.336000e-22 -3.004803e-22 -1.087596e-22 -2.936051e-23
2.758948e-23 8.892913e-23 2.112898e-22 3.751092e-22 4.969655e-22 4.759003e-22 2.851746e-22 5.044211e-24 -2.530137e-22 -4.550159e-22 -6.823939e-22 -1.057191e-21 -1.595172e-21 -2.115247e-21 -2.334076e-21 -2.097051e-21 -1.517411e-21 -8.752684e-22 -3.970895e-22 -1.391112e-22 -3.670986e-23
1.228582e-23 3.725852e-23 7.936261e-23 1.152584e-22 9.608747e-23 -1.732451e-23 -2.197209e-22 -4.768910e-22 -7.710537e-22 -1.120243e-21 -1.563039e-21 -2.115997e-21 -2.698037e-21 -3.091864e-21 -3.055220e-21 -2.529408e-21 -1.720115e-21 -9.452607e-22 -4.126472e-22 -1.401837e-22 -3.610054e-23
3.664264e-24 9.227055e-24 1.190583e-23 -7.469254e-24 -7.727649e-23 -2.207556e-22 -4.559089e-22 -8.099013e-22 -1.304267e-21 -1.909673e-21 -2.539705e-21 -3.092990e-21 -3.462398e-21 -3.514909e-21 -3.148876e-21 -2.417128e-21 -1.550018e-21 -8.126778e-22 -3.412309e-22 -1.121388e-22 -2.804929e-23
4.545584e-25 -3.907035e-25 -8.235569e-24 -3.710650e-23 -1.100688e-22 -2.626362e-22 -5.522030e-22 -1.044349e-21 -1.743861e-21 -2.526803e-21 -3.182190e-21 -3.542572e-21 -3.552560e-21 -3.228693e-21 -2.625934e-21 -1.863958e-21 -1.123056e-21 -5.596299e-22 -2.250316e-22 -7.115169e-23 -1.716449e-23
-1.760183e-25 -1.598273e-24 -8.186500e-24 -3.022542e-23 -9.101139e-23 -2.389920e-22 -5.531482e-22 -1.104079e-21 -1.860952e-21 -2.633035e-21 -3.154682e-21 -3.262011e-21 -2.977859e-21 -2.440089e-21 -1.796659e-21 -1.169981e-21 -6.564504e-22 -3.083228e-22 -1.177951e-22 -3.553963e-23 -8.190663e-24
-1.211770e-25 -8.647361e-25 -4.433120e-24 -1.817101e-23 -6.301147e-23 -1.862600e-22 -4.613492e-22 -9.423395e-22 -1.578664e-21 -2.178156e-21 -2.503371e-21 -2.437756e-21 -2.053813e-21 -1.527572e-21 -1.014639e-21 -5.994538e-22 -3.089708e-22 -1.350075e-22 -4.842699e-23 -1.378155e-23 -2.997182e-24
-3.867374e-26 -3.148859e-25 -1.937081e-24 -9.529942e-24 -3.794300e-23 -1.215360e-22 -3.116917e-22 -6.408651e-22 -1.062856e-21 -1.434648e-21 -1.593770e-21 -1.477302e-21 -1.161847e-21 -7.900670e-22 -4.723878e-22 -2.501581e-22 -1.163666e-22 -4.644289e-23 -1.537849e-23 -4.063720e-24 -8.210385e-25
-9.173022e-27 -9.806606e-26 -7.584949e-25 -4.369956e-24 -1.907667e-23 -6.397939e-23 -1.670756e-22 -3.441018e-22 -5.655350e-22 -7.496270e-22 -8.094541e-22 -7.194695e-22 -5.327746e-22 -3.335701e-22 -1.795558e-22 -8.430526e-23 -3.467619e-23 -1.233754e-23 -3.684510e-24 -8.854372e-25 -1.632195e-25
-2.131425e-27 -2.840837e-26 -2.590933e-25 -1.651403e-24 -7.633956e-24 -2.639052e-23 -6.985988e-23 -1.442159e-22 -2.354636e-22 -3.074031e-22 -3.237066e-22 -2.770353e-22 -1.941822e-22 -1.125357e-22 -5.461083e-23 -2.253958e-23 -8.023063e-24 -2.469119e-24 -6.450089e-25 -1.375466e-25 -2.287109e-26
-5.172116e-28 -7.146530e-27 -7.091075e-26 -4.831265e-25 -2.336296e-24 -8.308581e-24 -2.234099e-23 -4.636689e-23 -7.540441e-23 -9.713452e-23 -9.986857e-23 -8.238289e-23 -5.474191e-23 -2.942177e-23 -1.287194e-23 -4.635135e-24 -1.397488e-24 -3.594166e-25 -7.940822e-26 -1.486062e-26 -2.329290e-27
