0.000000e+00 -1.616305e-38
1.000000e+00 8.588771e-31
2.000000e+00 -6.047785e-31
3.000000e+00 -3.706638e-31
4.000000e+00 6.499177e-31
5.000000e+00 5.416764e-31
6.000000e+00 -4.153496e-31
7.000000e+00 -4.836438e-31
8.000000e+00 -3.872584e-31
9.000000e+00 1.339651e-30
1.000000e+01 7.745177e-31
1.100000e+01 -4.160800e-31
1.200000e+01 2.737196e-33
1.300000e+01 -1.853630e-31
1.400000e+01 1.219915e-31
1.500000e+01 -4.782801e-33
1.600000e+01 4.786835e-31
1.700000e+01 -4.597767e-31
1.800000e+01 -2.975895e-31
1.900000e+01 -6.253496e-31
2.000000e+01 -1.270858e-31
2.100000e+01 -3.276018e-31
2.200000e+01 -1.381680e-31
2.300000e+01 3.305060e-31
2.400000e+01 -4.041780e-31
2.500000e+01 3.805720e-31
2.600000e+01 -1.234782e-31
2.700000e+01 -7.355224e-31
2.800000e+01 -1.241869e-31
2.900000e+01 3.946529e-31
3.000000e+01 2.772681e-31
3.100000e+01 6.571522e-31
3.200000e+01 -1.633836e-31
3.300000e+01 3.910313e-31
3.400000e+01 2.199679e-33
3.500000e+01 1.007722e-30
3.600000e+01 -8.217463e-31
3.700000e+01 -1.596394e-32
3.800000e+01 -2.119533e-31
3.900000e+01 -5.590332e-31
4.000000e+01 3.069402e-31
4.100000e+01 3.740260e-31
4.200000e+01 -1.290449e-31
4.300000e+01 1.418569e-31
4.400000e+01 -5.986864e-32
4.500000e+01 -1.650923e-34
4.600000e+01 5.986864e-32
4.700000e+01 -1.422392e-31
4.800000e+01 1.290366e-31
4.900000e+01 -3.740271e-31
5.000000e+01 -3.069383e-31
5.100000e+01 5.590312e-31
5.200000e+01 2.119533e-31
5.300000e+01 1.596390e-32
5.400000e+01 8.217466e-31
5.500000e+01 -1.007722e-30
5.600000e+01 -2.199814e-33
5.700000e+01 -3.910314e-31
5.800000e+01 1.633837e-31
5.900000e+01 -6.571513e-31
6.000000e+01 -2.772681e-31
6.100000e+01 -3.946802e-31
6.200000e+01 1.241863e-31
6.300000e+01 7.355254e-31
6.400000e+01 1.234890e-31
6.500000e+01 -3.805717e-31
6.600000e+01 4.041646e-31
6.700000e+01 -3.305046e-31
6.800000e+01 1.381677e-31
6.900000e+01 3.278415e-31
7.000000e+01 1.271562e-31
7.100000e+01 6.253495e-31
7.200000e+01 2.975922e-31
7.300000e+01 4.600139e-31
7.400000e+01 -4.786793e-31
7.500000e+01 5.060650e-33
7.600000e+01 -1.220570e-31
7.700000e+01 1.853631e-31
7.800000e+01 -2.737362e-33
7.900000e+01 4.160800e-31
8.000000e+01 -7.750733e-31
8.100000e+01 -1.340092e-30
8.200000e+01 3.872578e-31
8.300000e+01 4.836439e-31
8.400000e+01 4.153496e-31
8.500000e+01 -5.418797e-31
8.600000e+01 -6.498812e-31
8.700000e+01 3.668315e-31
8.800000e+01 6.049695e-31
8.900000e+01 -8.588652e-31
9.000000e+01 3.012204e-38
9.100000e+01 8.588653e-31
9.200000e+01 -6.049692e-31
9.300000e+01 -3.677818e-31
9.400000e+01 6.498792e-31
9.500000e+01 5.416755e-31
9.600000e+01 -4.153506e-31
9.700000e+01 -4.836336e-31
9.800000e+01 -3.872585e-31
9.900000e+01 1.340085e-30
1.000000e+02 7.756280e-31
1.010000e+02 -4.160800e-31
1.020000e+02 2.737240e-33
1.030000e+02 -1.853682e-31
1.040000e+02 1.218179e-31
1.050000e+02 -5.339704e-33
1.060000e+02 4.786799e-31
1.070000e+02 -4.607259e-31
1.080000e+02 -2.975877e-31
1.090000e+02 -6.253540e-31
1.100000e+02 -1.271560e-31
1.110000e+02 -3.278415e-31
1.120000e+02 -1.381682e-31
1.130000e+02 3.305049e-31
1.140000e+02 -4.041801e-31
1.150000e+02 3.805796e-31
1.160000e+02 -1.235156e-31
1.170000e+02 -7.355245e-31
1.180000e+02 -1.241852e-31
1.190000e+02 3.946529e-31
1.200000e+02 2.772402e-31
1.210000e+02 6.571519e-31
1.220000e+02 -1.633837e-31
1.230000e+02 3.910314e-31
1.240000e+02 2.199585e-33
1.250000e+02 1.007722e-30
1.260000e+02 -8.217442e-31
1.270000e+02 -1.596289e-32
1.280000e+02 -2.119532e-31
1.290000e+02 -5.590329e-31
1.300000e+02 3.069375e-31
1.310000e+02 3.740292e-31
1.320000e+02 -1.290449e-31
1.330000e+02 1.425199e-31
1.340000e+02 -5.986871e-32
1.350000e+02 5.504840e-35
1.360000e+02 5.986874e-32
1.370000e+02 -1.418596e-31
1.380000e+02 1.290475e-31
1.390000e+02 -3.740260e-31
1.400000e+02 -3.069387e-31
1.410000e+02 5.590310e-31
1.420000e+02 2.119526e-31
1.430000e+02 1.596380e-32
1.440000e+02 8.217448e-31
1.450000e+02 -1.007722e-30
1.460000e+02 -2.199902e-33
1.470000e+02 -3.910314e-31
1.480000e+02 1.633836e-31
1.490000e+02 -6.571325e-31
1.500000e+02 -2.772685e-31
1.510000e+02 -3.946531e-31
1.520000e+02 1.241868e-31
1.530000e+02 7.355246e-31
1.540000e+02 1.234783e-31
1.550000e+02 -3.805716e-31
1.560000e+02 4.042047e-31
1.570000e+02 -3.305079e-31
1.580000e+02 1.381684e-31
1.590000e+02 3.278420e-31
1.600000e+02 1.270962e-31
1.610000e+02 6.253341e-31
1.620000e+02 2.975903e-31
1.630000e+02 4.608818e-31
1.640000e+02 -4.786831e-31
1.650000e+02 4.781285e-33
1.660000e+02 -1.220504e-31
1.670000e+02 1.853683e-31
1.680000e+02 -2.737239e-33
1.690000e+02 4.160947e-31
1.700000e+02 -7.745171e-31
1.710000e+02 -1.339867e-30
1.720000e+02 3.872584e-31
1.730000e+02 4.836438e-31
1.740000e+02 4.153496e-31
1.750000e+02 -5.416760e-31
1.760000e+02 -6.498829e-31
1.770000e+02 3.706567e-31
1.780000e+02 6.049079e-31
1.790000e+02 -8.588766e-31
1.800000e+02 -1.616305e-38
1.810000e+02 8.588771e-31
1.820000e+02 -6.047785e-31
1.830000e+02 -3.706638e-31
1.840000e+02 6.499177e-31
1.850000e+02 5.416764e-31
1.860000e+02 -4.153496e-31
1.870000e+02 -4.836438e-31
1.880000e+02 -3.872585e-31
1.890000e+02 1.340093e-30
1.900000e+02 7.745177e-31
1.910000e+02 -4.160800e-31
1.920000e+02 2.737196e-33
1.930000e+02 -1.853630e-31
1.940000e+02 1.219915e-31
1.950000e+02 -4.776889e-33
1.960000e+02 4.786835e-31
1.970000e+02 -4.597767e-31
1.980000e+02 -2.975895e-31
1.990000e+02 -6.253496e-31
2.000000e+02 -1.270858e-31
2.010000e+02 -3.273618e-31
2.020000e+02 -1.381680e-31
2.030000e+02 3.305060e-31
2.040000e+02 -4.041780e-31
2.050000e+02 3.805843e-31
2.060000e+02 -1.234782e-31
2.070000e+02 -7.355224e-31
2.080000e+02 -1.241869e-31
2.090000e+02 3.946529e-31
2.100000e+02 2.772681e-31
2.110000e+02 6.570736e-31
2.120000e+02 -1.633839e-31
2.130000e+02 3.910313e-31
2.140000e+02 2.199679e-33
2.150000e+02 1.007722e-30
2.160000e+02 -8.217441e-31
2.170000e+02 -1.596394e-32
2.180000e+02 -2.119533e-31
2.190000e+02 -5.590322e-31
2.200000e+02 3.069402e-31
2.210000e+02 3.740260e-31
2.220000e+02 -1.290475e-31
2.230000e+02 1.418569e-31
2.240000e+02 -5.986864e-32
2.250000e+02 5.495436e-35
2.260000e+02 5.986864e-32
2.270000e+02 -1.422392e-31
2.280000e+02 1.290366e-31
2.290000e+02 -3.740271e-31
2.300000e+02 -3.069388e-31
2.310000e+02 5.590312e-31
2.320000e+02 2.119533e-31
2.330000e+02 1.596369e-32
2.340000e+02 8.217466e-31
2.350000e+02 -1.007722e-30
2.360000e+02 -2.199814e-33
2.370000e+02 -3.910314e-31
2.380000e+02 1.633839e-31
2.390000e+02 -6.571513e-31
2.400000e+02 -2.772308e-31
2.410000e+02 -3.946802e-31
2.420000e+02 1.241863e-31
2.430000e+02 7.355245e-31
2.440000e+02 1.234890e-31
2.450000e+02 -3.805708e-31
2.460000e+02 4.041646e-31
2.470000e+02 -3.305046e-31
2.480000e+02 1.381677e-31
2.490000e+02 3.278415e-31
2.500000e+02 1.271562e-31
2.510000e+02 6.253495e-31
2.520000e+02 2.975922e-31
2.530000e+02 4.600139e-31
2.540000e+02 -4.786793e-31
2.550000e+02 5.060650e-33
2.560000e+02 -1.217472e-31
2.570000e+02 1.853631e-31
2.580000e+02 -2.737362e-33
2.590000e+02 4.160947e-31
2.600000e+02 -7.750733e-31
2.610000e+02 -1.340092e-30
2.620000e+02 3.872578e-31
2.630000e+02 4.836439e-31
2.640000e+02 4.153511e-31
2.650000e+02 -5.416750e-31
2.660000e+02 -6.498812e-31
2.670000e+02 3.668315e-31
2.680000e+02 6.049695e-31
2.690000e+02 -8.588652e-31
2.700000e+02 3.746888e-38
2.710000e+02 8.588653e-31
2.720000e+02 -6.049692e-31
2.730000e+02 -3.677818e-31
2.740000e+02 6.498792e-31
2.750000e+02 5.416766e-31
2.760000e+02 -4.153506e-31
2.770000e+02 -4.836336e-31
2.780000e+02 -3.872575e-31
2.790000e+02 1.340085e-30
2.800000e+02 7.756280e-31
2.810000e+02 -4.160800e-31
2.820000e+02 2.737240e-33
2.830000e+02 -1.853682e-31
2.840000e+02 1.218179e-31
2.850000e+02 -5.339704e-33
2.860000e+02 4.786799e-31
2.870000e+02 -4.607259e-31
2.880000e+02 -2.975928e-31
2.890000e+02 -6.253540e-31
2.900000e+02 -1.271560e-31
2.910000e+02 -3.278415e-31
2.920000e+02 -1.381682e-31
2.930000e+02 3.305047e-31
2.940000e+02 -4.041801e-31
2.950000e+02 3.805796e-31
2.960000e+02 -1.235156e-31
2.970000e+02 -7.355245e-31
2.980000e+02 -1.241852e-31
2.990000e+02 3.946529e-31
3.000000e+02 2.772304e-31
3.010000e+02 6.571518e-31
3.020000e+02 -1.633837e-31
3.030000e+02 3.910314e-31
3.040000e+02 2.199585e-33
3.050000e+02 1.007722e-30
3.060000e+02 -8.217442e-31
3.070000e+02 -1.596289e-32
3.080000e+02 -2.119532e-31
3.090000e+02 -5.590329e-31
3.100000e+02 3.069375e-31
3.110000e+02 3.740268e-31
3.120000e+02 -1.290427e-31
3.130000e+02 1.425199e-31
3.140000e+02 -5.986871e-32
3.150000e+02 4.114230e-38
3.160000e+02 5.986874e-32
3.170000e+02 -1.418596e-31
3.180000e+02 1.290475e-31
3.190000e+02 -3.740260e-31
3.200000e+02 -3.069389e-31
3.210000e+02 5.590310e-31
3.220000e+02 2.119526e-31
3.230000e+02 1.596380e-32
3.240000e+02 8.217448e-31
3.250000e+02 -1.007722e-30
3.260000e+02 -2.199656e-33
3.270000e+02 -3.910314e-31
3.280000e+02 1.633836e-31
3.290000e+02 -6.571325e-31
3.300000e+02 -2.772681e-31
3.310000e+02 -3.946531e-31
3.320000e+02 1.241868e-31
3.330000e+02 7.355246e-31
3.340000e+02 1.234783e-31
3.350000e+02 -3.805716e-31
3.360000e+02 4.042050e-31
3.370000e+02 -3.305079e-31
3.380000e+02 1.381684e-31
3.390000e+02 3.278420e-31
3.400000e+02 1.270962e-31
3.410000e+02 6.253341e-31
3.420000e+02 2.975903e-31
3.430000e+02 4.598776e-31
3.440000e+02 -4.786831e-31
3.450000e+02 4.781285e-33
3.460000e+02 -1.220504e-31
3.470000e+02 1.853683e-31
3.480000e+02 -2.737239e-33
3.490000e+02 4.160947e-31
3.500000e+02 -7.745177e-31
3.510000e+02 -1.339867e-30
3.520000e+02 3.872584e-31
3.530000e+02 4.836438e-31
3.540000e+02 4.153496e-31
3.550000e+02 -5.416749e-31
3.560000e+02 -6.498829e-31
3.570000e+02 3.706567e-31
3.580000e+02 6.049079e-31
3.590000e+02 -8.588778e-31
3.600000e+02 -1.322431e-38
