7.926171e-28 1.283249e-26 1.296253e-25 8.516927e-25 3.882725e-24 1.288572e-23 3.220659e-23 6.212156e-23 9.414698e-23 1.136760e-22 1.106734e-22 8.800870e-23 5.816258e-23 3.274810e-23 1.618539e-23 7.166253e-24 2.816946e-24 9.432500e-25 2.543015e-25 5.232673e-26 7.962533e-27
2.157913e-27 3.967489e-26 4.056334e-25 2.633066e-24 1.183000e-23 3.884113e-23 9.663949e-23 1.869411e-22 2.865401e-22 3.533290e-22 3.554380e-22 2.964204e-22 2.094194e-22 1.289728e-22 7.123249e-23 3.565796e-23 1.584704e-23 5.978743e-24 1.819066e-24 4.251953e-25 7.305832e-26
4.171657e-28 6.210549e-26 8.035584e-25 5.611989e-24 2.596359e-23 8.657577e-23 2.181232e-22 4.281098e-22 6.689999e-22 8.469838e-22 8.832912e-22 7.736975e-22 5.839373e-22 3.914176e-22 2.386290e-22 1.323114e-22 6.480868e-23 2.681545e-23 8.955386e-24 2.315188e-24 4.448014e-25
-2.322231e-26 -4.598804e-26 7.220434e-25 7.615688e-24 4.012076e-23 1.422066e-22 3.720517e-22 7.525291e-22 1.211295e-21 1.585700e-21 1.722876e-21 1.590502e-21 1.284203e-21 9.345094e-22 6.232830e-22 3.771221e-22 2.000011e-22 8.907490e-23 3.200822e-23 8.950602e-24 1.878387e-24
-1.183050e-25 -5.753405e-25 -1.162413e-24 3.715435e-24 3.897923e-23 1.660733e-22 4.737784e-22 1.012439e-21 1.703695e-21 2.329308e-21 2.656781e-21 2.600932e-21 2.256197e-21 1.782579e-21 1.293035e-21 8.446416e-22 4.788409e-22 2.264834e-22 8.630396e-23 2.567279e-23 5.771295e-24
-4.085546e-25 -2.041186e-24 -6.562678e-24 -1.119464e-23 7.840930e-24 1.183864e-22 4.289930e-22 1.021157e-21 1.842590e-21 2.672304e-21 3.237966e-21 3.396365e-21 3.190723e-21 2.745580e-21 2.159249e-21 1.511422e-21 9.075224e-22 4.513227e-22 1.803843e-22 5.635959e-23 1.336681e-23
-1.267234e-24 -5.679218e-24 -1.829462e-23 -4.135883e-23 -5.717846e-23 -4.207136e-24 2.238558e-22 7.232654e-22 1.485981e-21 2.352718e-21 3.089328e-21 3.531198e-21 3.640457e-21 3.434129e-21 2.926715e-21 2.184790e-21 1.380400e-21 7.164747e-22 2.978170e-22 9.676238e-23 2.392164e-23
-3.663089e-24 -1.469524e-23 -4.387606e-23 -9.834571e-23 -1.629387e-22 -1.819962e-22 -6.698858e-23 2.611140e-22 8.170698e-22 1.526031e-21 2.258137e-21 2.894371e-21 3.342330e-21 3.492522e-21 3.231926e-21 2.566779e-21 1.699262e-21 9.155608e-22 3.931964e-22 1.317770e-22 3.362334e-23
-9.188585e-24 -3.460407e-23 -9.775325e-23 -2.105551e-22 -3.484300e-22 -4.397857e-22 -4.017307e-22 -1.936786e-22 1.692961e-22 6.491006e-22 1.216670e-21 1.845479e-21 2.459814e-21 2.885879e-21 2.910230e-21 2.457225e-21 1.700119e-21 9.472118e-22 4.180592e-22 1.435319e-22 3.747201e-23
-1.886734e-23 -6.930266e-23 -1.918789e-22 -4.076087e-22 -6.719920e-22 -8.649006e-22 -8.675975e-22 -6.623401e-22 -3.335742e-22 3.334494e-23 4.323183e-22 9.098717e-22 1.461274e-21 1.947541e-21 2.143887e-21 1.922129e-21 1.386576e-21 7.959815e-22 3.592391e-22 1.255119e-22 3.324691e-23
-3.101169e-23 -1.134984e-22 -3.147131e-22 -6.738936e-22 -1.129370e-21 -1.495400e-21 -1.575382e-21 -1.327092e-21 -8.909552e-22 -4.453676e-22 -5.999810e-23 3.098277e-22 7.138667e-22 1.099211e-21 1.314457e-21 1.243087e-21 9.292478e-22 5.462487e-22 2.503305e-22 8.826774e-23 2.349184e-23
-4.062843e-23 -1.499920e-22 -4.212764e-22 -9.191928e-22 -1.583184e-21 -2.181520e-21 -2.436959e-21 -2.242164e-21 -1.732314e-21 -1.139974e-21 -6.138707e-22 -1.757424e-22 2.030620e-22 5.142448e-22 6.938287e-22 6.873476e-22 5.250057e-22 3.115269e-22 1.429555e-22 5.016221e-23 1.321850e-23
-4.243406e-23 -1.594394e-22 -4.569082e-22 -1.021777e-21 -1.817219e-21 -2.616775e-21 -3.112661e-21 -3.135540e-21 -2.753217e-21 -2.156320e-21 -1.500869e-21 -8.718032e-22 -3.282450e-22 7.255614e-23 2.918685e-22 3.358929e-22 2.628534e-22 1.542206e-22 6.905160e-23 2.347996e-23 5.967270e-24
-3.528317e-23 -1.360338e-22 -4.003212e-22 -9.219577e-22 -1.698792e-21 -2.561628e-21 -3.245944e-21 -3.567226e-21 -3.508007e-21 -3.139789e-21 -2.530818e-21 -1.765812e-21 -9.924644e-22 -3.779630e-22 -1.426179e-23 1.201962e-22 1.173987e-22 6.997174e-23 2.996831e-23 9.512842e-24 2.229741e-24
-2.322280e-23 -9.268705e-23 -2.820843e-22 -6.727612e-22 -1.289710e-21 -2.042451e-21 -2.759473e-21 -3.295581e-21 -3.579792e-21 -3.560623e-21 -3.179972e-21 -2.459884e-21 -1.578047e-21 -7.915353e-22 -2.732368e-22 -3.175767e-23 3.282557e-23 2.749726e-23 1.208170e-23 3.568471e-24 7.389483e-25
-1.196058e-23 -4.993229e-23 -1.585014e-22 -3.942389e-22 -7.909822e-22 -1.321975e-21 -1.909914e-21 -2.474414e-21 -2.939665e-21 -3.190055e-21 -3.081171e-21 -2.561418e-21 -1.773931e-21 -9.894833e-22 -4.238951e-22 -1.261452e-22 -1.728341e-23 5.097030e-24 3.895317e-24 1.217486e-24 2.298719e-25
-4.730943e-24 -2.092435e-23 -7.001995e-23 -1.832978e-22 -3.880414e-22 -6.894396e-22 -1.070890e-21 -1.506318e-21 -1.945623e-21 -2.276906e-21 -2.344271e-21 -2.059392e-21 -1.503729e-21 -8.910568e-22 -4.167875e-22 -1.475852e-22 -3.641287e-23 -4.810972e-24 3.153102e-25 2.912368e-25 6.113185e-26
-1.397798e-24 -6.657381e-24 -2.380880e-23 -6.638431e-23 -1.499226e-22 -2.860857e-22 -4.816927e-22 -7.382067e-22 -1.034005e-21 -1.296017e-21 -1.409911e-21 -1.295407e-21 -9.837589e-22 -6.060236e-22 -2.967750e-22 -1.125078e-22 -3.170932e-23 -6.174725e-24 -6.906471e-25 -7.622094e-27 9.235776e-27
-2.966012e-25 -1.553398e-24 -6.045930e-24 -1.824404e-23 -4.461612e-23 -9.274303e-23 -1.712572e-22 -2.877675e-22 -4.372670e-22 -5.849846e-22 -6.689111e-22 -6.384897e-22 -4.997407e-22 -3.157833e-22 -1.584249e-22 -6.178601e-23 -1.819409e-23 -3.872965e-24 -5.544096e-25 -4.610506e-26 -1.371169e-27
-4.295004e-26 -2.532184e-25 -1.098845e-24 -3.669149e-24 -9.922936e-24 -2.292046e-23 -4.717340e-23 -8.773111e-23 -1.450410e-22 -2.069277e-22 -2.479965e-22 -2.448244e-22 -1.961945e-22 -1.259437e-22 -6.380506e-23 -2.503148e-23 -7.411713e-24 -1.597586e-24 -2.377803e-25 -2.259288e-26 -1.253792e-27
-4.117756e-27 -2.716607e-26 -1.348672e-25 -5.137740e-25 -1.584380e-24 -4.184407e-24 -9.812528e-24 -2.045439e-23 -3.698154e-23 -5.632436e-23 -7.066670e-23 -7.193276e-23 -5.871698e-23 -3.799475e-23 -1.922052e-23 -7.462874e-24 -2.168764e-24 -4.554654e-25 -6.582931e-26 -6.167269e-27 -3.751326e-28
