Iteration# z ADDATime OurCalcTime
1.0000000000 -0.0500000000 0.0000000000 67.0500000000
2.0000000000 0.0000000000 0.0000000000 48.1500000000
3.0000000000 0.0500000000 0.0000000000 52.9600000000
4.0000000000 0.0250000000 0.0000000000 68.3400000000
5.0000000000 0.0500000000 0.0000000000 51.9200000000
6.0000000000 0.0375000000 0.0100000000 79.7700000000
7.0000000000 0.0500000000 0.0100000000 59.3000000000
8.0000000000 0.0437500000 0.0000000000 65.5300000000
9.0000000000 0.0406250000 0.0000000000 79.2600000000
10.0000000000 0.0390625000 0.0000000000 57.8800000000
11.0000000000 0.0406250000 0.0000000000 82.1600000000
12.0000000000 0.0398437500 0.0000000000 48.5700000000
13.0000000000 0.0394531250 0.0000000000 62.0200000000
14.0000000000 0.0398437500 0.0000000000 58.8500000000
15.0000000000 0.0396484375 0.0000000000 55.6700000000
16.0000000000 0.0395507813 0.0000000000 61.0400000000
