0.000000e+00 0.000000e+00 0.000000e+00 0.000000e+00
-5.950000e+00 -1.080839e-35 1.439157e-17 -1.318944e-34
-5.900000e+00 1.105795e-35 2.326619e-17 -2.637887e-34
-5.850000e+00 -2.536616e-35 3.688519e-17 2.637887e-34
-5.800000e+00 3.524374e-35 5.739281e-17 -2.110310e-33
-5.750000e+00 -2.698424e-35 8.771710e-17 -2.110310e-33
-5.700000e+00 -5.506332e-35 1.317791e-16 0.000000e+00
-5.650000e+00 -2.183985e-33 1.947304e-16 -6.330929e-33
-5.600000e+00 1.622919e-34 2.832112e-16 -1.477217e-32
-5.550000e+00 4.063995e-33 4.056221e-16 0.000000e+00
-5.500000e+00 5.152123e-34 5.723910e-16 -2.532372e-32
-5.450000e+00 4.698736e-34 7.962194e-16 -3.376495e-32
-5.400000e+00 2.843972e-34 1.092283e-15 -1.688248e-32
-5.350000e+00 2.080930e-30 1.478361e-15 8.424356e-30
-5.300000e+00 2.497749e-33 1.974864e-15 5.064743e-32
-5.250000e+00 -1.953685e-33 2.604728e-15 -1.350598e-31
-5.200000e+00 1.483811e-33 3.393157e-15 -1.012949e-31
-5.150000e+00 6.594718e-34 4.367174e-15 2.025897e-31
-5.100000e+00 4.550355e-33 5.554989e-15 4.727094e-31
-5.050000e+00 -1.127697e-32 6.985115e-15 -1.350598e-31
-5.000000e+00 -1.055155e-33 8.685359e-15 0.000000e+00
-4.950000e+00 -1.055155e-33 1.068157e-14 -6.752991e-31
-4.900000e+00 1.978415e-33 1.299624e-14 -8.103589e-31
-4.850000e+00 7.913661e-33 1.564707e-14 1.080479e-30
-4.800000e+00 -7.122295e-33 1.864541e-14 -5.402393e-31
-4.750000e+00 0.000000e+00 2.199482e-14 5.402393e-31
-4.700000e+00 -3.561147e-32 2.568970e-14 -5.402393e-31
-4.650000e+00 -6.067140e-33 2.971414e-14 -2.160957e-30
-4.600000e+00 -6.383687e-32 3.404110e-14 3.241436e-30
-4.550000e+00 4.748197e-33 3.863194e-14 2.160957e-30
-4.500000e+00 -9.021574e-32 4.343635e-14 -2.160957e-30
-4.450000e+00 -2.637887e-32 4.839281e-14 -2.160957e-30
-4.400000e+00 8.282965e-32 5.342958e-14 4.321914e-30
-4.350000e+00 1.118464e-31 5.846613e-14 -8.643828e-30
-4.300000e+00 1.139567e-31 6.341503e-14 6.482871e-30
-4.250000e+00 8.863300e-32 6.818436e-14 -6.482871e-30
-4.200000e+00 -3.195009e-30 7.268027e-14 -1.210136e-28
-4.150000e+00 -2.110310e-33 7.680991e-14 -1.728766e-29
-4.100000e+00 -7.386084e-32 8.048428e-14 0.000000e+00
-4.050000e+00 5.486805e-32 8.362117e-14 1.728766e-29
-4.000000e+00 1.603835e-30 8.614774e-14 -4.321914e-30
-3.950000e+00 -9.707424e-31 8.800270e-14 -8.643828e-30
-3.900000e+00 3.967382e-31 8.913894e-14 8.643828e-30
-3.850000e+00 -5.064743e-32 8.952360e-14 1.728766e-29
-3.800000e+00 -1.181773e-31 8.913964e-14 1.728766e-29
-3.750000e+00 -2.211604e-30 8.798564e-14 -6.050680e-29
-3.700000e+00 -1.181773e-31 8.607521e-14 2.593148e-29
-3.650000e+00 2.701196e-31 8.343585e-14 0.000000e+00
-3.600000e+00 2.684314e-30 8.010721e-14 0.000000e+00
-3.550000e+00 -2.063039e-29 7.613980e-14 -2.766025e-28
-3.500000e+00 -3.838062e-28 7.158964e-14 9.853964e-28
-3.450000e+00 -1.350598e-31 6.652027e-14 3.457531e-29
-3.400000e+00 -1.262134e-28 6.099618e-14 -1.261999e-27
-3.350000e+00 -1.722013e-30 5.508273e-14 -1.728766e-29
-3.300000e+00 -2.701196e-31 4.884397e-14 3.457531e-29
-3.250000e+00 2.363547e-31 4.233959e-14 1.037259e-28
-3.200000e+00 1.012949e-31 3.562477e-14 -3.457531e-29
-3.150000e+00 1.350598e-31 2.874919e-14 3.457531e-29
-3.100000e+00 -6.752991e-32 2.175686e-14 3.457531e-29
-3.050000e+00 -2.701196e-31 1.468650e-14 3.457531e-29
-3.000000e+00 -1.890837e-30 7.572281e-15 -3.457531e-29
-2.950000e+00 -6.752991e-32 4.451346e-16 0.000000e+00
-2.900000e+00 -1.350598e-31 -6.665745e-15 3.025340e-27
-2.850000e+00 6.752991e-32 -1.373124e-14 -1.728766e-29
-2.800000e+00 -1.350598e-31 -2.072045e-14 -1.728766e-29
-2.750000e+00 -5.592827e-28 -2.759911e-14 1.953505e-27
-2.700000e+00 -5.429405e-29 -3.432803e-14 -1.089122e-27
-2.650000e+00 -1.350598e-31 -4.086202e-14 -1.728766e-29
-2.600000e+00 0.000000e+00 -4.714917e-14 -1.728766e-29
-2.550000e+00 -8.441238e-31 -5.313053e-14 1.728766e-29
-2.500000e+00 3.038846e-31 -5.874084e-14 1.728766e-29
-2.450000e+00 -1.688248e-31 -6.390799e-14 0.000000e+00
-2.400000e+00 2.363547e-31 -6.855605e-14 -3.630408e-28
-2.350000e+00 1.060220e-29 -7.260724e-14 0.000000e+00
-2.300000e+00 -1.350598e-31 -7.598124e-14 3.457531e-29
-2.250000e+00 -4.355679e-30 -7.860299e-14 -6.569309e-28
-2.200000e+00 -3.376495e-32 -8.039938e-14 1.728766e-29
-2.150000e+00 1.519423e-31 -8.130632e-14 0.000000e+00
-2.100000e+00 -1.857072e-31 -8.127009e-14 0.000000e+00
-2.050000e+00 8.441238e-32 -8.024991e-14 -1.728766e-29
-2.000000e+00 -7.237180e-28 -7.822022e-14 -6.379145e-27
-1.950000e+00 1.205409e-29 -7.517251e-14 2.420272e-28
-1.900000e+00 1.350598e-31 -7.111662e-14 -8.643828e-30
-1.850000e+00 -1.012949e-31 -6.608159e-14 1.728766e-29
-1.800000e+00 -2.194722e-31 -6.011578e-14 -8.643828e-30
-1.750000e+00 1.266186e-31 -5.328657e-14 0.000000e+00
-1.700000e+00 -4.642681e-32 -4.567937e-14 8.643828e-30
-1.650000e+00 -4.220619e-33 -3.739615e-14 -1.728766e-29
-1.600000e+00 9.707424e-32 -2.855343e-14 0.000000e+00
-1.550000e+00 2.996640e-30 -1.927996e-14 -4.321914e-30
-1.500000e+00 -6.330929e-32 -9.713933e-15 1.296574e-29
-1.450000e+00 -1.899279e-32 -5.402393e-31 -4.321914e-30
-1.400000e+00 4.220619e-33 9.713933e-15 -4.321914e-30
-1.350000e+00 5.465702e-31 1.927996e-14 -8.643828e-30
-1.300000e+00 -8.863300e-32 2.855343e-14 8.643828e-30
-1.250000e+00 1.245083e-31 3.739615e-14 0.000000e+00
-1.200000e+00 -1.055155e-32 4.567937e-14 1.296574e-29
-1.150000e+00 -6.752991e-32 5.328657e-14 -8.643828e-30
-1.100000e+00 0.000000e+00 6.011578e-14 0.000000e+00
-1.050000e+00 1.350598e-31 6.608159e-14 0.000000e+00
-1.000000e+00 7.597115e-32 7.111662e-14 0.000000e+00
-9.500000e-01 1.211318e-29 7.517251e-14 -2.593148e-28
-9.000000e-01 -1.730454e-30 7.822022e-14 -8.643828e-30
-8.500000e-01 7.597115e-32 8.024991e-14 -1.728766e-29
-8.000000e-01 9.791837e-31 8.127009e-14 2.593148e-29
-7.500000e-01 1.688248e-32 8.130632e-14 -1.728766e-29
-7.000000e-01 -3.207671e-31 8.039938e-14 8.643828e-30
-6.500000e-01 -1.083855e-29 7.860299e-14 -7.260816e-28
-6.000000e-01 1.688248e-32 7.598124e-14 0.000000e+00
-5.500000e-01 -6.752991e-32 7.260724e-14 -1.728766e-29
-5.000000e-01 -3.508179e-29 6.855605e-14 -1.210136e-28
-4.500000e-01 -1.350598e-31 6.390799e-14 0.000000e+00
-4.000000e-01 3.376495e-32 5.874084e-14 0.000000e+00
-3.500000e-01 3.038846e-31 5.313053e-14 3.457531e-29
-3.000000e-01 -4.389444e-31 4.714917e-14 5.186297e-29
-2.500000e-01 -3.376495e-32 4.086202e-14 -5.186297e-29
-2.000000e-01 -3.038846e-31 3.432803e-14 0.000000e+00
-1.500000e-01 1.519423e-30 2.759911e-14 -3.457531e-29
-1.000000e-01 -6.752991e-32 2.072045e-14 1.728766e-29
-5.000000e-02 -3.984265e-30 1.373124e-14 7.433692e-28
-1.294798e-14 2.025897e-31 6.665745e-15 0.000000e+00
5.000000e-02 8.778888e-31 -4.451346e-16 0.000000e+00
1.000000e-01 3.376495e-31 -7.572281e-15 -1.728766e-29
1.500000e-01 2.701196e-31 -1.468650e-14 0.000000e+00
2.000000e-01 2.025897e-31 -2.175686e-14 6.915063e-29
2.500000e-01 6.752991e-32 -2.874919e-14 5.186297e-29
3.000000e-01 0.000000e+00 -3.562477e-14 -3.457531e-29
3.500000e-01 4.727094e-31 -4.233959e-14 -1.728766e-29
4.000000e-01 2.701196e-31 -4.884397e-14 6.915063e-29
4.500000e-01 -9.116538e-31 -5.508273e-14 3.457531e-29
5.000000e-01 -2.664055e-29 -6.099618e-14 -5.186297e-29
5.500000e-01 -2.363547e-31 -6.652027e-14 1.728766e-29
6.000000e-01 5.402393e-31 -7.158964e-14 -1.486738e-27
6.500000e-01 1.732142e-29 -7.613980e-14 -1.728766e-29
7.000000e-01 -6.752991e-32 -8.010721e-14 -3.457531e-29
7.500000e-01 1.012949e-31 -8.343585e-14 0.000000e+00
8.000000e-01 -9.724307e-30 -8.607521e-14 1.728766e-29
8.500000e-01 -4.051794e-31 -8.798564e-14 -1.037259e-28
9.000000e-01 3.882970e-31 -8.913964e-14 -3.457531e-29
9.500000e-01 1.350598e-31 -8.952360e-14 0.000000e+00
1.000000e+00 3.376495e-32 -8.913894e-14 1.728766e-29
1.050000e+00 1.012949e-31 -8.800270e-14 -8.643828e-30
1.100000e+00 -5.064743e-32 -8.614774e-14 -2.593148e-29
1.150000e+00 -1.519423e-31 -8.362117e-14 -8.643828e-30
1.200000e+00 -3.330913e-29 -8.048428e-14 -1.383013e-28
1.250000e+00 -1.688248e-32 -7.680991e-14 0.000000e+00
1.300000e+00 -4.642681e-32 -7.268027e-14 -8.643828e-30
1.350000e+00 0.000000e+00 -6.818436e-14 -8.643828e-30
1.400000e+00 1.688248e-32 -6.341503e-14 4.321914e-30
1.450000e+00 -4.220619e-33 -5.846613e-14 0.000000e+00
1.500000e+00 3.798557e-32 -5.342958e-14 -4.321914e-30
1.550000e+00 -4.853712e-32 -4.839281e-14 -2.160957e-30
1.600000e+00 -8.842197e-31 -4.343635e-14 3.889723e-29
1.650000e+00 1.266186e-32 -3.863194e-14 0.000000e+00
1.700000e+00 -1.899279e-32 -3.404110e-14 0.000000e+00
1.750000e+00 -2.110310e-32 -2.971414e-14 -1.080479e-30
1.800000e+00 -1.181773e-31 -2.568970e-14 0.000000e+00
1.850000e+00 -1.055155e-32 -2.199482e-14 -1.080479e-30
1.900000e+00 -1.477217e-32 -1.864541e-14 -1.080479e-30
1.950000e+00 -1.614387e-31 -1.564707e-14 1.620718e-30
2.000000e+00 -4.220619e-33 -1.299624e-14 0.000000e+00
2.050000e+00 2.110310e-33 -1.068157e-14 5.402393e-31
2.100000e+00 7.649872e-33 -8.685359e-15 -5.402393e-31
2.150000e+00 5.275774e-34 -6.985115e-15 0.000000e+00
2.200000e+00 2.637887e-33 -5.554989e-15 0.000000e+00
2.250000e+00 -1.055155e-33 -4.367174e-15 2.701196e-31
2.300000e+00 -2.110310e-33 -3.393157e-15 1.350598e-31
2.350000e+00 -1.912468e-33 -2.604728e-15 6.752991e-32
2.400000e+00 5.275774e-34 -1.974864e-15 2.701196e-31
2.450000e+00 -5.605510e-34 -1.478361e-15 0.000000e+00
2.500000e+00 1.483811e-33 -1.092283e-15 0.000000e+00
2.550000e+00 -8.243397e-35 -7.962194e-16 1.688248e-32
2.600000e+00 3.709529e-34 -5.723910e-16 0.000000e+00
2.650000e+00 7.419057e-35 -4.056221e-16 0.000000e+00
2.700000e+00 -1.030425e-34 -2.832112e-16 0.000000e+00
2.750000e+00 2.044156e-32 -1.947304e-16 1.181773e-31
2.800000e+00 1.854764e-35 -1.317791e-16 -4.220619e-33
2.850000e+00 2.112370e-35 -8.771710e-17 0.000000e+00
2.900000e+00 1.983567e-35 -5.739281e-17 1.055155e-33
2.950000e+00 3.065513e-35 -3.688519e-17 1.055155e-33
3.000000e+00 -8.114594e-36 -2.326619e-17 5.275774e-34
3.050000e+00 -8.823011e-36 -1.439157e-17 0.000000e+00
