0.000000e+00 -5.000000e+00 0.000000e+00 -4.824052e-45 5.132700e-26 2.082520e-27
0.000000e+00 -4.900000e+00 0.000000e+00 -7.287355e-45 1.373778e-25 8.075785e-27
0.000000e+00 -4.800000e+00 0.000000e+00 5.749450e-44 3.401386e-25 2.857188e-26
0.000000e+00 -4.700000e+00 0.000000e+00 -1.591957e-43 7.744353e-25 9.173965e-26
0.000000e+00 -4.600000e+00 0.000000e+00 -3.763042e-43 1.612771e-24 2.655257e-25
0.000000e+00 -4.500000e+00 0.000000e+00 -1.908804e-42 3.069616e-24 6.863520e-25
0.000000e+00 -4.400000e+00 0.000000e+00 1.614350e-42 5.422009e-24 1.563465e-24
0.000000e+00 -4.300000e+00 0.000000e+00 -4.447700e-42 9.398818e-24 3.079358e-24
0.000000e+00 -4.200000e+00 0.000000e+00 -9.554318e-43 1.787032e-23 5.114744e-24
0.000000e+00 -4.100000e+00 0.000000e+00 6.193834e-42 4.044186e-23 7.059719e-24
0.000000e+00 -4.000000e+00 0.000000e+00 9.531915e-40 1.022876e-22 9.046290e-24
0.000000e+00 -3.900000e+00 0.000000e+00 -6.141120e-41 2.581012e-22 1.745841e-23
0.000000e+00 -3.800000e+00 0.000000e+00 -1.222953e-40 6.307317e-22 5.603054e-23
0.000000e+00 -3.700000e+00 0.000000e+00 9.024548e-40 1.630943e-21 1.702645e-22
0.000000e+00 -3.600000e+00 0.000000e+00 -2.336261e-39 5.110946e-21 3.850958e-22
0.000000e+00 -3.500000e+00 0.000000e+00 4.301420e-40 1.917716e-20 6.103202e-22
0.000000e+00 -3.400000e+00 0.000000e+00 -1.325849e-38 7.474942e-20 9.694905e-22
0.000000e+00 -3.300000e+00 0.000000e+00 4.112495e-38 2.743135e-19 5.175794e-21
0.000000e+00 -3.200000e+00 0.000000e+00 1.670098e-36 9.177529e-19 3.637596e-20
0.000000e+00 -3.100000e+00 0.000000e+00 1.466059e-36 2.791444e-18 1.921974e-19
0.000000e+00 -3.000000e+00 0.000000e+00 -4.020326e-36 7.764843e-18 8.029691e-19
0.000000e+00 -2.900000e+00 0.000000e+00 7.453365e-36 1.990175e-17 2.825765e-18
0.000000e+00 -2.800000e+00 0.000000e+00 3.910642e-35 4.732937e-17 8.715427e-18
0.000000e+00 -2.700000e+00 0.000000e+00 3.205897e-35 1.050669e-16 2.415624e-17
0.000000e+00 -2.600000e+00 0.000000e+00 1.601843e-33 2.188352e-16 6.118740e-17
0.000000e+00 -2.500000e+00 0.000000e+00 -2.860434e-35 4.295044e-16 1.433406e-16
0.000000e+00 -2.400000e+00 0.000000e+00 -4.513129e-34 7.973246e-16 3.133304e-16
0.000000e+00 -2.300000e+00 0.000000e+00 1.154123e-33 1.404502e-15 6.435177e-16
0.000000e+00 -2.200000e+00 0.000000e+00 1.552096e-32 2.354256e-15 1.248668e-15
0.000000e+00 -2.100000e+00 0.000000e+00 -2.794658e-33 3.764548e-15 2.299503e-15
0.000000e+00 -2.000000e+00 0.000000e+00 -1.231065e-32 5.755166e-15 4.034565e-15
0.000000e+00 -1.900000e+00 0.000000e+00 3.912521e-32 8.428297e-15 6.766664e-15
0.000000e+00 -1.800000e+00 0.000000e+00 -1.740471e-32 1.184446e-14 1.087997e-14
0.000000e+00 -1.700000e+00 0.000000e+00 1.301815e-32 1.599763e-14 1.681408e-14
0.000000e+00 -1.600000e+00 0.000000e+00 5.377063e-33 2.079449e-14 2.503286e-14
0.000000e+00 -1.500000e+00 0.000000e+00 4.301651e-32 2.604407e-14 3.597918e-14
0.000000e+00 -1.400000e+00 0.000000e+00 2.150825e-32 3.146162e-14 5.001832e-14
0.000000e+00 -1.300000e+00 0.000000e+00 3.396040e-33 3.668922e-14 6.737750e-14
0.000000e+00 -1.200000e+00 0.000000e+00 6.678879e-32 4.133182e-14 8.809016e-14
0.000000e+00 -1.100000e+00 0.000000e+00 1.335776e-31 4.500254e-14 1.119562e-13
0.000000e+00 -1.000000e+00 0.000000e+00 -1.546330e-30 4.737177e-14 1.385222e-13
0.000000e+00 -9.000000e-01 0.000000e+00 -1.584996e-31 4.820768e-14 1.670915e-13
0.000000e+00 -8.000000e-01 0.000000e+00 1.132013e-31 4.740247e-14 1.967606e-13
0.000000e+00 -7.000000e-01 0.000000e+00 -1.246294e-26 4.497827e-14 2.264785e-13
0.000000e+00 -6.000000e-01 0.000000e+00 9.860742e-29 4.107235e-14 2.551203e-13
0.000000e+00 -5.000000e-01 0.000000e+00 -1.358416e-31 3.590570e-14 2.815645e-13
0.000000e+00 -4.000000e-01 0.000000e+00 -3.500185e-30 2.974282e-14 3.047638e-13
0.000000e+00 -3.000000e-01 0.000000e+00 -1.809806e-31 2.285117e-14 3.238048e-13
0.000000e+00 -2.000000e-01 0.000000e+00 -1.402282e-31 1.547157e-14 3.379475e-13
0.000000e+00 -1.000000e-01 0.000000e+00 9.178223e-30 7.802103e-15 3.466515e-13
0.000000e+00 -1.026956e-15 0.000000e+00 -7.430536e-30 -3.758284e-31 3.495894e-13
0.000000e+00 1.000000e-01 0.000000e+00 1.267855e-31 -7.802103e-15 3.466515e-13
0.000000e+00 2.000000e-01 0.000000e+00 -8.603301e-32 -1.547157e-14 3.379475e-13
0.000000e+00 3.000000e-01 0.000000e+00 -2.221576e-31 -2.285117e-14 3.238048e-13
0.000000e+00 4.000000e-01 0.000000e+00 1.040037e-31 -2.974282e-14 3.047638e-13
0.000000e+00 5.000000e-01 0.000000e+00 4.528053e-33 -3.590570e-14 2.815645e-13
0.000000e+00 6.000000e-01 0.000000e+00 4.513903e-32 -4.107235e-14 2.551203e-13
0.000000e+00 7.000000e-01 0.000000e+00 1.246252e-26 -4.497827e-14 2.264785e-13
0.000000e+00 8.000000e-01 0.000000e+00 1.664060e-31 -4.740247e-14 1.967606e-13
0.000000e+00 9.000000e-01 0.000000e+00 6.905281e-32 -4.820768e-14 1.670915e-13
0.000000e+00 1.000000e+00 0.000000e+00 -1.086733e-31 -4.737177e-14 1.385222e-13
0.000000e+00 1.100000e+00 0.000000e+00 -5.231769e-29 -4.500254e-14 1.119562e-13
0.000000e+00 1.200000e+00 0.000000e+00 5.722327e-31 -4.133182e-14 8.809016e-14
0.000000e+00 1.300000e+00 0.000000e+00 -1.256358e-31 -3.668922e-14 6.737750e-14
0.000000e+00 1.400000e+00 0.000000e+00 -1.245215e-32 -3.146162e-14 5.001832e-14
0.000000e+00 1.500000e+00 0.000000e+00 1.754621e-32 -2.604407e-14 3.597918e-14
0.000000e+00 1.600000e+00 0.000000e+00 1.563593e-32 -2.079449e-14 2.503286e-14
0.000000e+00 1.700000e+00 0.000000e+00 -1.669720e-32 -1.599763e-14 1.681408e-14
0.000000e+00 1.800000e+00 0.000000e+00 -1.298278e-32 -1.184446e-14 1.087997e-14
0.000000e+00 1.900000e+00 0.000000e+00 1.054187e-32 -8.428297e-15 6.766664e-15
0.000000e+00 2.000000e+00 0.000000e+00 -1.506108e-32 -5.755166e-15 4.034565e-15
0.000000e+00 2.100000e+00 0.000000e+00 2.520498e-33 -3.764548e-15 2.299503e-15
0.000000e+00 2.200000e+00 0.000000e+00 1.054768e-33 -2.354256e-15 1.248668e-15
0.000000e+00 2.300000e+00 0.000000e+00 2.845510e-33 -1.404502e-15 6.435177e-16
0.000000e+00 2.400000e+00 0.000000e+00 1.162414e-33 -7.973246e-16 3.133304e-16
0.000000e+00 2.500000e+00 0.000000e+00 -2.335330e-34 -4.295044e-16 1.433406e-16
0.000000e+00 2.600000e+00 0.000000e+00 2.445878e-35 -2.188352e-16 6.118740e-17
0.000000e+00 2.700000e+00 0.000000e+00 2.564528e-31 -1.050669e-16 2.415624e-17
0.000000e+00 2.800000e+00 0.000000e+00 3.854936e-35 -4.732937e-17 8.715427e-18
0.000000e+00 2.900000e+00 0.000000e+00 -6.477972e-36 -1.990175e-17 2.825765e-18
0.000000e+00 3.000000e+00 0.000000e+00 -3.506450e-36 -7.764843e-18 8.029691e-19
0.000000e+00 3.100000e+00 0.000000e+00 1.680017e-36 -2.791444e-18 1.921974e-19
0.000000e+00 3.200000e+00 0.000000e+00 3.311587e-37 -9.177529e-19 3.637596e-20
0.000000e+00 3.300000e+00 0.000000e+00 -5.122907e-38 -2.743135e-19 5.175794e-21
0.000000e+00 3.400000e+00 0.000000e+00 5.901801e-39 -7.474942e-20 9.694905e-22
0.000000e+00 3.500000e+00 0.000000e+00 5.806917e-39 -1.917716e-20 6.103202e-22
0.000000e+00 3.600000e+00 0.000000e+00 -2.538681e-39 -5.110946e-21 3.850958e-22
0.000000e+00 3.700000e+00 0.000000e+00 -1.616986e-40 -1.630943e-21 1.702645e-22
0.000000e+00 3.800000e+00 0.000000e+00 -6.945001e-41 -6.307317e-22 5.603054e-23
0.000000e+00 3.900000e+00 0.000000e+00 -4.151186e-41 -2.581012e-22 1.745841e-23
0.000000e+00 4.000000e+00 0.000000e+00 -5.469023e-41 -1.022876e-22 9.046290e-24
0.000000e+00 4.100000e+00 0.000000e+00 -2.944542e-43 -4.044186e-23 7.059719e-24
0.000000e+00 4.200000e+00 0.000000e+00 -3.047498e-43 -1.787032e-23 5.114744e-24
0.000000e+00 4.300000e+00 0.000000e+00 -3.595224e-42 -9.398818e-24 3.079358e-24
0.000000e+00 4.400000e+00 0.000000e+00 2.040588e-42 -5.422009e-24 1.563465e-24
0.000000e+00 4.500000e+00 0.000000e+00 -8.712653e-43 -3.069616e-24 6.863520e-25
0.000000e+00 4.600000e+00 0.000000e+00 -6.233987e-43 -1.612771e-24 2.655257e-25
0.000000e+00 4.700000e+00 0.000000e+00 8.188220e-44 -7.744353e-25 9.173965e-26
0.000000e+00 4.800000e+00 0.000000e+00 7.885787e-44 -3.401386e-25 2.857188e-26
0.000000e+00 4.900000e+00 0.000000e+00 -8.974467e-45 -1.373778e-25 8.075785e-27
0.000000e+00 5.000000e+00 0.000000e+00 -5.097403e-45 -5.132700e-26 2.082520e-27
