7.211463e-27 3.902740e-26 1.468714e-25 3.935726e-25 7.730025e-25 1.157255e-24 1.434224e-24 1.708711e-24 2.061645e-24 1.775947e-24 -8.292056e-25 -6.723923e-24 -1.397564e-23 -1.838616e-23 -1.727724e-23 -1.201722e-23 -6.235649e-24 -2.396632e-24 -6.696998e-25 -1.322495e-25 -1.792742e-26
5.805169e-26 2.953001e-25 1.049896e-24 2.694579e-24 5.128146e-24 7.448238e-24 8.720317e-24 9.240712e-24 9.792162e-24 8.214112e-24 -1.900147e-24 -2.490051e-23 -5.401745e-23 -7.295685e-23 -7.033999e-23 -5.039168e-23 -2.710623e-23 -1.089464e-23 -3.218562e-24 -6.800282e-25 -9.907298e-26
3.316712e-25 1.590860e-24 5.399719e-24 1.339262e-23 2.485003e-23 3.521301e-23 3.942218e-23 3.786252e-23 3.510890e-23 2.782166e-23 -2.292891e-24 -7.066878e-23 -1.602425e-22 -2.225481e-22 -2.201979e-22 -1.622113e-22 -9.011081e-23 -3.763857e-23 -1.165177e-23 -2.605956e-24 -4.057395e-25
1.386327e-24 6.347707e-24 2.079307e-23 5.023643e-23 9.139872e-23 1.270832e-22 1.376118e-22 1.221940e-22 9.934818e-23 7.212372e-23 7.678547e-25 -1.587205e-22 -3.760968e-22 -5.379563e-22 -5.466524e-22 -4.138216e-22 -2.368864e-22 -1.024247e-22 -3.302841e-23 -7.756182e-24 -1.279275e-24
4.383691e-24 1.939075e-23 6.186501e-23 1.465706e-22 2.627812e-22 3.603856e-22 3.811940e-22 3.190893e-22 2.298398e-22 1.486339e-22 9.798584e-24 -2.890059e-22 -7.153231e-22 -1.056209e-21 -1.104100e-21 -8.594226e-22 -5.067272e-22 -2.264614e-22 -7.586374e-23 -1.862991e-23 -3.237991e-24
1.077965e-23 4.654167e-23 1.457579e-22 3.406103e-22 6.045058e-22 8.215325e-22 8.558060e-22 6.872363e-22 4.465269e-22 2.520272e-22 2.415719e-23 -4.343029e-22 -1.124529e-21 -1.720823e-21 -1.856360e-21 -1.489220e-21 -9.059791e-22 -4.190617e-22 -1.459953e-22 -3.752088e-23 -6.876393e-24
2.106467e-23 8.958683e-23 2.773612e-22 6.428117e-22 1.134414e-21 1.534599e-21 1.585408e-21 1.239644e-21 7.431152e-22 3.631300e-22 3.988201e-23 -5.465781e-22 -1.488704e-21 -2.376482e-21 -2.659562e-21 -2.208763e-21 -1.392376e-21 -6.695752e-22 -2.437854e-22 -6.593083e-23 -1.282339e-23
3.327589e-23 1.406243e-22 4.334519e-22 1.002133e-21 1.767441e-21 2.391731e-21 2.466706e-21 1.902154e-21 1.077493e-21 4.589617e-22 5.240994e-23 -5.860316e-22 -1.696687e-21 -2.852136e-21 -3.335632e-21 -2.886363e-21 -1.897371e-21 -9.548629e-22 -3.658633e-22 -1.048879e-22 -2.182106e-23
4.310638e-23 1.826877e-22 5.650670e-22 1.312392e-21 2.328064e-21 3.171408e-21 3.289830e-21 2.532789e-21 1.389135e-21 5.274164e-22 5.869612e-23 -5.514384e-22 -1.717074e-21 -3.070319e-21 -3.780775e-21 -3.430360e-21 -2.365098e-21 -1.252165e-21 -5.071238e-22 -1.545938e-22 -3.445448e-23
4.641242e-23 1.993822e-22 6.248910e-22 1.471265e-21 2.648030e-21 3.663304e-21 3.859719e-21 3.008054e-21 1.639761e-21 5.773727e-22 5.840388e-23 -4.812094e-22 -1.609766e-21 -3.073260e-21 -3.996023e-21 -3.808988e-21 -2.756589e-21 -1.534063e-21 -6.547136e-22 -2.110214e-22 -4.994887e-23
4.217015e-23 1.860647e-22 5.982367e-22 1.444861e-21 2.669116e-21 3.793295e-21 4.110077e-21 3.295239e-21 1.837255e-21 6.349999e-22 5.593900e-23 -4.208730e-22 -1.459900e-21 -2.939666e-21 -4.008316e-21 -3.989879e-21 -3.010374e-21 -1.746109e-21 -7.770443e-22 -2.614227e-22 -6.472883e-23
3.298695e-23 1.518770e-22 5.083838e-22 1.277049e-21 2.452937e-21 3.625739e-21 4.091017e-21 3.426007e-21 2.004149e-21 7.200911e-22 5.913540e-23 -3.886982e-22 -1.305529e-21 -2.692589e-21 -3.789301e-21 -3.890726e-21 -3.024364e-21 -1.805590e-21 -8.265582e-22 -2.860438e-22 -7.292254e-23
2.281599e-23 1.114255e-22 3.938747e-22 1.041672e-21 2.101790e-21 3.258954e-21 3.858610e-21 3.403406e-21 2.116161e-21 8.157866e-22 7.122498e-23 -3.710611e-22 -1.130684e-21 -2.304907e-21 -3.286233e-21 -3.434320e-21 -2.717409e-21 -1.649984e-21 -7.675190e-22 -2.697594e-22 -6.986065e-23
1.437007e-23 7.528733e-23 2.833903e-22 7.934308e-22 1.686853e-21 2.746866e-21 3.412080e-21 3.166532e-21 2.089915e-21 8.661226e-22 8.534104e-23 -3.432061e-22 -9.137526e-22 -1.781804e-21 -2.531046e-21 -2.662686e-21 -2.124349e-21 -1.299783e-21 -6.085731e-22 -2.150739e-22 -5.597242e-23
8.393089e-24 4.722340e-23 1.891011e-22 5.589547e-22 1.247057e-21 2.122112e-21 2.750036e-21 2.667618e-21 1.852718e-21 8.162110e-22 9.051572e-23 -2.901731e-22 -6.663122e-22 -1.207767e-21 -1.683792e-21 -1.767771e-21 -1.412324e-21 -8.649352e-22 -4.047215e-22 -1.426874e-22 -3.698172e-23
4.508144e-24 2.704005e-23 1.143836e-22 3.544828e-22 8.243554e-22 1.456388e-21 1.956096e-21 1.969075e-21 1.426107e-21 6.602515e-22 8.169662e-23 -2.149139e-22 -4.279464e-22 -7.029141e-22 -9.469596e-22 -9.845211e-22 -7.834639e-22 -4.778042e-22 -2.221596e-22 -7.760736e-23 -1.986745e-23
2.150380e-24 1.364400e-23 6.057723e-23 1.957049e-22 4.719353e-22 8.614472e-22 1.193403e-21 1.239927e-21 9.302000e-22 4.492265e-22 6.235215e-23 -1.346193e-22 -2.372118e-22 -3.458492e-22 -4.423531e-22 -4.516610e-22 -3.562797e-22 -2.154222e-22 -9.901538e-23 -3.404979e-23 -8.538043e-24
8.692232e-25 5.821879e-24 2.708036e-23 9.103402e-23 2.271979e-22 4.275705e-22 6.094049e-22 6.513777e-22 5.040422e-22 2.529732e-22 3.999390e-23 -6.895050e-23 -1.109058e-22 -1.417537e-22 -1.687408e-22 -1.675364e-22 -1.303355e-22 -7.779455e-23 -3.516192e-23 -1.182012e-23 -2.876334e-24
2.841967e-25 2.017908e-24 9.868163e-24 3.459688e-23 8.947368e-23 1.736559e-22 2.544806e-22 2.793801e-22 2.224364e-22 1.158499e-22 2.115621e-23 -2.787926e-23 -4.248801e-23 -4.750770e-23 -5.155155e-23 -4.917661e-23 -3.751306e-23 -2.200024e-23 -9.720934e-24 -3.168654e-24 -7.402349e-25
7.200260e-26 5.462085e-25 2.830544e-24 1.041094e-23 2.801108e-23 5.619694e-23 8.474292e-23 9.550507e-23 7.811547e-23 4.218385e-23 8.936291e-24 -8.556838e-24 -1.286807e-23 -1.267830e-23 -1.230069e-23 -1.111692e-23 -8.261303e-24 -4.735665e-24 -2.031439e-24 -6.358886e-25 -1.408752e-25
1.362831e-26 1.108188e-25 6.149577e-25 2.394506e-24 6.746162e-24 1.404787e-23 2.184228e-23 2.527399e-23 2.120923e-23 1.185748e-23 2.891685e-24 -1.900582e-24 -2.951695e-24 -2.594104e-24 -2.213782e-24 -1.866887e-24 -1.342464e-24 -7.479656e-25 -3.089998e-25 -9.189912e-26 -1.912619e-26
