-1.349118e-26 -7.084039e-26 -2.587519e-25 -6.760029e-25 -1.300167e-24 -1.910931e-24 -2.319547e-24 -2.682717e-24 -3.127383e-24 -2.598098e-24 1.335884e-24 9.984032e-24 2.042839e-23 2.661312e-23 2.482958e-23 1.718057e-23 8.884651e-24 3.409510e-24 9.530963e-25 1.885789e-25 2.558103e-26
-9.940038e-26 -4.898933e-25 -1.695140e-24 -4.253324e-24 -7.941211e-24 -1.133354e-23 -1.300877e-23 -1.340826e-23 -1.373614e-23 -1.111342e-23 3.120757e-24 3.461130e-23 7.383345e-23 9.877036e-23 9.455760e-23 6.736985e-23 3.608788e-23 1.446270e-23 4.265981e-24 9.010831e-25 1.313131e-25
-5.227420e-25 -2.437350e-24 -8.078384e-24 -1.963799e-23 -3.580853e-23 -4.991737e-23 -5.486461e-23 -5.136219e-23 -4.604934e-23 -3.514328e-23 4.682222e-24 9.275678e-23 2.065135e-22 2.841139e-22 2.791729e-22 2.045024e-22 1.130764e-22 4.705305e-23 1.452353e-23 3.241266e-24 5.038024e-25
-2.029685e-24 -9.066140e-24 -2.908182e-23 -6.900832e-23 -1.235626e-22 -1.692085e-22 -1.801470e-22 -1.562754e-22 -1.229102e-22 -8.572271e-23 3.483309e-24 1.979969e-22 4.599763e-22 6.518975e-22 6.580344e-22 4.953868e-22 2.822217e-22 1.215196e-22 3.904416e-23 9.139589e-24 1.502795e-24
-6.009503e-24 -2.601064e-23 -8.145347e-23 -1.898636e-22 -3.354372e-22 -4.535667e-22 -4.723389e-22 -3.871391e-22 -2.701170e-22 -1.673686e-22 -2.603087e-24 3.442401e-22 8.346191e-22 1.221707e-21 1.269292e-21 9.829539e-22 5.769751e-22 2.568429e-22 8.574275e-23 2.098924e-23 3.636386e-24
-1.392456e-23 -5.897827e-23 -1.816577e-22 -4.182871e-22 -7.324203e-22 -9.824203e-22 -1.008870e-21 -7.949367e-22 -5.013547e-22 -2.705815e-22 -1.306307e-23 4.957326e-22 1.257680e-21 1.910012e-21 2.049809e-21 1.637452e-21 9.926084e-22 4.577835e-22 1.591097e-22 4.081378e-23 7.467027e-24
-2.576828e-23 -1.077568e-22 -3.287136e-22 -7.517960e-22 -1.310604e-21 -1.751848e-21 -1.786423e-21 -1.373297e-21 -8.011534e-22 -3.740682e-22 -2.506528e-23 6.001624e-22 1.604367e-21 2.546177e-21 2.838909e-21 2.351066e-21 1.479055e-21 7.103799e-22 2.585304e-22 6.993821e-23 1.361333e-23
-3.870883e-23 -1.612077e-22 -4.905294e-22 -1.121016e-21 -1.955939e-21 -2.618956e-21 -2.670103e-21 -2.028522e-21 -1.121681e-21 -4.569704e-22 -3.528670e-23 6.227635e-22 1.774472e-21 2.971868e-21 3.468753e-21 2.998078e-21 1.970195e-21 9.920799e-22 3.806511e-22 1.093497e-22 2.280495e-23
-4.786286e-23 -2.003904e-22 -6.132368e-22 -1.410733e-21 -2.480534e-21 -3.349953e-21 -3.442264e-21 -2.617761e-21 -1.407116e-21 -5.128378e-22 -4.081262e-23 5.734524e-22 1.760118e-21 3.139787e-21 3.862713e-21 3.504129e-21 2.417391e-21 1.281438e-21 5.198375e-22 1.587487e-22 3.543581e-23
-4.938508e-23 -2.101999e-22 -6.536064e-22 -1.528341e-21 -2.733773e-21 -3.759202e-21 -3.934515e-21 -3.039605e-21 -1.632956e-21 -5.564146e-22 -4.068813e-23 4.981256e-22 1.635854e-21 3.110098e-21 4.036033e-21 3.843374e-21 2.780422e-21 1.547114e-21 6.600989e-22 2.125885e-22 5.023891e-23
-4.321528e-23 -1.895999e-22 -6.068819e-22 -1.460536e-21 -2.690017e-21 -3.812029e-21 -4.116607e-21 -3.285048e-21 -1.816813e-21 -6.149858e-22 -3.888412e-23 4.400871e-22 1.480888e-21 2.952185e-21 4.003604e-21 3.970422e-21 2.986528e-21 1.726991e-21 7.658281e-22 2.565235e-22 6.316667e-23
-3.277588e-23 -1.506522e-22 -5.038706e-22 -1.265399e-21 -2.430486e-21 -3.591846e-21 -4.049869e-21 -3.386223e-21 -1.974560e-21 -7.016282e-22 -4.246984e-23 4.096806e-22 1.317649e-21 2.670198e-21 3.720835e-21 3.793294e-21 2.930346e-21 1.738601e-21 7.905031e-22 2.714527e-22 6.858084e-23
-2.215869e-23 -1.083859e-22 -3.838243e-22 -1.016871e-21 -2.054588e-21 -3.188203e-21 -3.774883e-21 -3.327080e-21 -2.064927e-21 -7.894918e-22 -5.342374e-23 3.878103e-22 1.123453e-21 2.236271e-21 3.144964e-21 3.253894e-21 2.551961e-21 1.535921e-21 7.077573e-22 2.461630e-22 6.299645e-23
-1.373283e-23 -7.212695e-23 -2.720710e-22 -7.628920e-22 -1.623096e-21 -2.642621e-21 -3.279230e-21 -3.037649e-21 -1.998615e-21 -8.200079e-22 -6.500026e-23 3.500989e-22 8.840994e-22 1.676241e-21 2.342004e-21 2.434115e-21 1.921232e-21 1.162972e-21 5.383312e-22 1.878635e-22 4.819885e-23
-7.898309e-24 -4.447159e-23 -1.781405e-22 -5.263798e-22 -1.173067e-21 -1.992362e-21 -2.574925e-21 -2.488958e-21 -1.719822e-21 -7.480687e-22 -6.849971e-23 2.858743e-22 6.227555e-22 1.094235e-21 1.497018e-21 1.550296e-21 1.223652e-21 7.403410e-22 3.419421e-22 1.188246e-22 3.029581e-23
-4.148548e-24 -2.483670e-23 -1.048642e-22 -3.242349e-22 -7.518642e-22 -1.323721e-21 -1.770608e-21 -1.773570e-21 -1.275881e-21 -5.821382e-22 -6.102439e-23 2.029725e-22 3.840864e-22 6.101865e-22 8.048900e-22 8.242873e-22 6.473216e-22 3.895442e-22 1.785265e-22 6.136286e-23 1.541963e-23
-1.913181e-24 -1.209847e-23 -5.354572e-23 -1.723993e-22 -4.141419e-22 -7.526652e-22 -1.037527e-21 -1.071687e-21 -7.977575e-22 -3.794017e-22 -4.596228e-23 1.211072e-22 2.033391e-22 2.863582e-22 3.577830e-22 3.593284e-22 2.794203e-22 1.665203e-22 7.533282e-23 2.544177e-23 6.246901e-24
-7.389215e-25 -4.933664e-24 -2.287777e-23 -7.663874e-23 -1.905041e-22 -3.568596e-22 -5.059116e-22 -5.373399e-22 -4.123494e-22 -2.038326e-22 -2.903573e-23 5.871914e-23 9.025115e-23 1.113855e-22 1.292129e-22 1.259923e-22 9.651821e-23 5.671262e-23 2.518879e-23 8.297732e-24 1.971522e-24
-2.283822e-25 -1.618917e-24 -7.901872e-24 -2.762907e-23 -7.120144e-23 -1.375830e-22 -2.005396e-22 -2.187230e-22 -1.726504e-22 -8.861869e-23 -1.501080e-23 2.232786e-23 3.258495e-23 3.519895e-23 3.713909e-23 3.473546e-23 2.606207e-23 1.502616e-23 6.511716e-24 2.074493e-24 4.715699e-25
-5.416948e-26 -4.109463e-25 -2.129772e-24 -7.824417e-24 -2.099906e-23 -4.196808e-23 -6.296136e-23 -7.048826e-23 -5.714945e-23 -3.043550e-23 -6.116456e-24 6.397441e-24 9.219889e-24 8.781352e-24 8.267994e-24 7.314394e-24 5.340342e-24 3.004897e-24 1.261262e-24 3.846365e-25 8.262951e-26
-9.530494e-27 -7.741085e-26 -4.304942e-25 -1.677813e-24 -4.722306e-24 -9.805032e-24 -1.517327e-23 -1.744086e-23 -1.450421e-23 -7.999982e-24 -1.879062e-24 1.314859e-24 1.954522e-24 1.660148e-24 1.372306e-24 1.131455e-24 7.987795e-25 4.361705e-25 1.758617e-25 5.081001e-26 1.025382e-26
