x y z ADDATime OurCalcTime
0.0000000000 -4.0000000000 0.0000000000 0.0000000000 170.3600000000
0.0000000000 -3.0000000000 0.0000000000 0.0000000000 170.6900000000
0.0000000000 -2.0000000000 0.0000000000 0.0000000000 170.7400000000
0.0000000000 -1.0000000000 0.0000000000 0.0100000000 170.5900000000
0.0000000000 -0.0000000000 0.0000000000 0.0000000000 170.7500000000
0.0000000000 1.0000000000 0.0000000000 0.0000000000 170.8200000000
0.0000000000 1.9000000000 0.0000000000 0.0100000000 169.9800000000
0.0000000000 2.9000000000 0.0000000000 0.0000000000 170.3200000000
0.0000000000 3.9000000000 0.0000000000 0.0000000000 170.0400000000
0.0000000000 5.0000000000 0.0000000000 0.0100000000 170.7600000000
0.0000000000 0.0000000000 0.0000000000 0.0000000000 0.0000000000
