0.000000e+00 -5.000000e+00 0.000000e+00 4.869625e-46 5.820860e-34 3.139111e-36
0.000000e+00 -4.900000e+00 0.000000e+00 -3.231210e-43 6.880444e-33 -4.040065e-35
0.000000e+00 -4.800000e+00 0.000000e+00 4.316352e-43 7.461086e-32 2.245744e-34
0.000000e+00 -4.700000e+00 0.000000e+00 1.718153e-41 7.828006e-31 -9.426218e-34
0.000000e+00 -4.600000e+00 0.000000e+00 -2.184366e-41 7.429340e-30 -2.323323e-32
0.000000e+00 -4.500000e+00 0.000000e+00 8.479376e-40 6.839439e-29 3.048010e-31
0.000000e+00 -4.400000e+00 0.000000e+00 -9.327519e-40 5.712424e-28 -4.981059e-30
0.000000e+00 -4.300000e+00 0.000000e+00 -2.699024e-38 4.597768e-27 3.947919e-29
0.000000e+00 -4.200000e+00 0.000000e+00 -4.807824e-37 3.367273e-26 -4.211380e-28
0.000000e+00 -4.100000e+00 0.000000e+00 9.449345e-36 2.380378e-25 2.411660e-27
0.000000e+00 -4.000000e+00 0.000000e+00 6.075983e-36 1.510635e-24 -1.890057e-26
0.000000e+00 -3.900000e+00 0.000000e+00 2.000595e-34 9.480759e-24 4.734087e-26
0.000000e+00 -3.800000e+00 0.000000e+00 1.803197e-33 5.124197e-23 -5.981588e-26
0.000000e+00 -3.700000e+00 0.000000e+00 -8.906115e-35 2.876574e-22 -4.455408e-24
0.000000e+00 -3.600000e+00 0.000000e+00 1.038677e-32 1.323261e-21 3.910072e-23
0.000000e+00 -3.500000e+00 0.000000e+00 3.582833e-32 6.412145e-21 -2.955641e-22
0.000000e+00 -3.400000e+00 0.000000e+00 4.210743e-31 2.686956e-20 1.166561e-21
0.000000e+00 -3.300000e+00 0.000000e+00 -1.941044e-29 1.003530e-19 -1.834786e-21
0.000000e+00 -3.200000e+00 0.000000e+00 -7.838862e-31 4.134463e-19 -1.469164e-20
0.000000e+00 -3.100000e+00 0.000000e+00 -4.983044e-29 1.235686e-18 1.203362e-19
0.000000e+00 -3.000000e+00 0.000000e+00 2.063150e-28 3.907659e-18 -2.521414e-19
0.000000e+00 -2.900000e+00 0.000000e+00 6.505328e-27 1.315543e-17 -3.872227e-19
0.000000e+00 -2.800000e+00 0.000000e+00 2.219807e-27 2.815621e-17 5.479277e-18
0.000000e+00 -2.700000e+00 0.000000e+00 3.747279e-27 6.759571e-17 -3.160316e-18
0.000000e+00 -2.600000e+00 0.000000e+00 4.258007e-27 2.064115e-16 -2.206591e-17
0.000000e+00 -2.500000e+00 0.000000e+00 -4.515289e-26 3.501951e-16 1.005659e-16
0.000000e+00 -2.400000e+00 0.000000e+00 -5.430382e-25 4.306677e-16 1.861586e-16
0.000000e+00 -2.300000e+00 0.000000e+00 -1.199592e-25 1.320939e-15 -2.831223e-16
0.000000e+00 -2.200000e+00 0.000000e+00 6.256026e-24 3.012851e-15 -5.989278e-17
0.000000e+00 -2.100000e+00 0.000000e+00 2.315862e-24 2.516773e-15 2.678303e-15
0.000000e+00 -2.000000e+00 0.000000e+00 -1.071845e-23 9.227566e-16 4.143656e-15
0.000000e+00 -1.900000e+00 0.000000e+00 5.710040e-25 7.454792e-15 -6.879782e-16
0.000000e+00 -1.800000e+00 0.000000e+00 2.315935e-23 2.248658e-14 -1.878228e-15
0.000000e+00 -1.700000e+00 0.000000e+00 -3.359728e-23 2.754973e-14 2.359365e-14
0.000000e+00 -1.600000e+00 0.000000e+00 -1.963598e-23 1.034838e-14 8.564282e-14
0.000000e+00 -1.500000e+00 0.000000e+00 3.975263e-23 -1.420807e-14 1.673670e-13
0.000000e+00 -1.400000e+00 0.000000e+00 -2.900595e-22 -2.253908e-14 2.405630e-13
0.000000e+00 -1.300000e+00 0.000000e+00 1.787745e-22 -7.648909e-15 2.861314e-13
0.000000e+00 -1.200000e+00 0.000000e+00 -2.316261e-22 2.073259e-14 3.008536e-13
0.000000e+00 -1.100000e+00 0.000000e+00 -3.794956e-22 4.724833e-14 2.933858e-13
0.000000e+00 -1.000000e+00 0.000000e+00 -5.784693e-23 6.100861e-14 2.745297e-13
0.000000e+00 -9.000000e-01 0.000000e+00 -3.819243e-22 6.487518e-14 2.488108e-13
0.000000e+00 -8.000000e-01 0.000000e+00 -4.561339e-21 7.179486e-14 2.161666e-13
0.000000e+00 -7.000000e-01 0.000000e+00 4.313318e-21 8.657162e-14 1.791498e-13
0.000000e+00 -6.000000e-01 0.000000e+00 -2.118114e-20 9.843086e-14 1.440035e-13
0.000000e+00 -5.000000e-01 0.000000e+00 -2.187754e-21 9.545734e-14 1.155227e-13
0.000000e+00 -4.000000e-01 0.000000e+00 -1.509525e-21 7.833910e-14 9.448664e-14
0.000000e+00 -3.000000e-01 0.000000e+00 1.363416e-21 5.623485e-14 7.964721e-14
0.000000e+00 -2.000000e-01 0.000000e+00 -3.617769e-22 3.569965e-14 6.987000e-14
0.000000e+00 -1.000000e-01 0.000000e+00 -3.302538e-21 1.743937e-14 6.439481e-14
0.000000e+00 -1.026956e-15 0.000000e+00 8.694619e-22 -4.103039e-22 6.264789e-14
0.000000e+00 1.000000e-01 0.000000e+00 -2.409840e-21 -1.743936e-14 6.439452e-14
0.000000e+00 2.000000e-01 0.000000e+00 3.350976e-22 -3.569942e-14 6.987011e-14
0.000000e+00 3.000000e-01 0.000000e+00 -2.873563e-21 -5.623461e-14 7.964751e-14
0.000000e+00 4.000000e-01 0.000000e+00 -1.384254e-21 -7.833934e-14 9.448729e-14
0.000000e+00 5.000000e-01 0.000000e+00 -2.789900e-22 -9.545726e-14 1.155230e-13
0.000000e+00 6.000000e-01 0.000000e+00 2.763117e-21 -9.843085e-14 1.440026e-13
0.000000e+00 7.000000e-01 0.000000e+00 4.854722e-21 -8.657163e-14 1.791496e-13
0.000000e+00 8.000000e-01 0.000000e+00 1.141879e-20 -7.179492e-14 2.161662e-13
0.000000e+00 9.000000e-01 0.000000e+00 1.415706e-21 -6.487497e-14 2.488107e-13
0.000000e+00 1.000000e+00 0.000000e+00 -1.752285e-22 -6.100831e-14 2.745290e-13
0.000000e+00 1.100000e+00 0.000000e+00 1.459497e-21 -4.724871e-14 2.933866e-13
0.000000e+00 1.200000e+00 0.000000e+00 1.580478e-22 -2.073229e-14 3.008533e-13
0.000000e+00 1.300000e+00 0.000000e+00 -2.587624e-22 7.649314e-15 2.861314e-13
0.000000e+00 1.400000e+00 0.000000e+00 -1.148966e-22 2.253916e-14 2.405634e-13
0.000000e+00 1.500000e+00 0.000000e+00 -1.749211e-25 1.420883e-14 1.673669e-13
0.000000e+00 1.600000e+00 0.000000e+00 -3.927631e-23 -1.034855e-14 8.564288e-14
0.000000e+00 1.700000e+00 0.000000e+00 -9.713620e-24 -2.754971e-14 2.359364e-14
0.000000e+00 1.800000e+00 0.000000e+00 1.224524e-23 -2.248666e-14 -1.878198e-15
0.000000e+00 1.900000e+00 0.000000e+00 -5.607326e-24 -7.454786e-15 -6.879887e-16
0.000000e+00 2.000000e+00 0.000000e+00 -1.460337e-24 -9.227320e-16 4.143661e-15
0.000000e+00 2.100000e+00 0.000000e+00 -2.423154e-25 -2.516768e-15 2.678302e-15
0.000000e+00 2.200000e+00 0.000000e+00 -1.457712e-24 -3.012851e-15 -5.989071e-17
0.000000e+00 2.300000e+00 0.000000e+00 -6.018796e-25 -1.320939e-15 -2.831202e-16
0.000000e+00 2.400000e+00 0.000000e+00 3.802951e-25 -4.306673e-16 1.861596e-16
0.000000e+00 2.500000e+00 0.000000e+00 -3.929563e-26 -3.501946e-16 1.005655e-16
0.000000e+00 2.600000e+00 0.000000e+00 3.337880e-27 -2.064113e-16 -2.206573e-17
0.000000e+00 2.700000e+00 0.000000e+00 3.743046e-27 -6.759571e-17 -3.160315e-18
0.000000e+00 2.800000e+00 0.000000e+00 1.392176e-27 -2.815616e-17 5.479272e-18
0.000000e+00 2.900000e+00 0.000000e+00 -1.352603e-27 -1.315545e-17 -3.872345e-19
0.000000e+00 3.000000e+00 0.000000e+00 4.714232e-30 -3.907665e-18 -2.521395e-19
0.000000e+00 3.100000e+00 0.000000e+00 -1.350574e-28 -1.235686e-18 1.203374e-19
0.000000e+00 3.200000e+00 0.000000e+00 1.173528e-30 -4.134464e-19 -1.469190e-20
0.000000e+00 3.300000e+00 0.000000e+00 -2.539698e-30 -1.003530e-19 -1.834804e-21
0.000000e+00 3.400000e+00 0.000000e+00 -2.459999e-30 -2.686952e-20 1.166563e-21
0.000000e+00 3.500000e+00 0.000000e+00 3.145603e-31 -6.412146e-21 -2.955638e-22
0.000000e+00 3.600000e+00 0.000000e+00 -2.373482e-32 -1.323261e-21 3.910057e-23
0.000000e+00 3.700000e+00 0.000000e+00 -4.613843e-36 -2.876571e-22 -4.455250e-24
0.000000e+00 3.800000e+00 0.000000e+00 3.930745e-34 -5.124198e-23 -5.981728e-26
0.000000e+00 3.900000e+00 0.000000e+00 8.419020e-35 -9.480753e-24 4.734203e-26
0.000000e+00 4.000000e+00 0.000000e+00 -2.631495e-36 -1.510635e-24 -1.890060e-26
0.000000e+00 4.100000e+00 0.000000e+00 -1.893399e-36 -2.380378e-25 2.411673e-27
0.000000e+00 4.200000e+00 0.000000e+00 4.282499e-38 -3.367273e-26 -4.211315e-28
0.000000e+00 4.300000e+00 0.000000e+00 -2.507845e-38 -4.597768e-27 3.947917e-29
0.000000e+00 4.400000e+00 0.000000e+00 -3.351992e-39 -5.712424e-28 -4.981138e-30
0.000000e+00 4.500000e+00 0.000000e+00 2.744435e-40 -6.839439e-29 3.048009e-31
0.000000e+00 4.600000e+00 0.000000e+00 2.222953e-42 -7.429339e-30 -2.323130e-32
0.000000e+00 4.700000e+00 0.000000e+00 4.974411e-41 -7.828000e-31 -9.426656e-34
0.000000e+00 4.800000e+00 0.000000e+00 -8.811056e-43 -7.461086e-32 2.245748e-34
0.000000e+00 4.900000e+00 0.000000e+00 7.983473e-45 -6.880442e-33 -4.040049e-35
0.000000e+00 5.000000e+00 0.000000e+00 1.490667e-45 -5.820852e-34 3.139142e-36
