0.000000e+00 1.579571e-38
1.000000e+00 2.828492e-31
2.000000e+00 -1.691730e-31
3.000000e+00 -1.835254e-31
4.000000e+00 -1.291033e-31
5.000000e+00 9.609880e-32
6.000000e+00 8.189493e-32
7.000000e+00 1.929381e-31
8.000000e+00 5.431215e-32
9.000000e+00 1.825938e-31
1.000000e+01 2.950218e-32
1.100000e+01 -8.346338e-33
1.200000e+01 2.327108e-31
1.300000e+01 6.702135e-32
1.400000e+01 -1.281330e-31
1.500000e+01 2.479213e-32
1.600000e+01 7.963527e-32
1.700000e+01 -8.295493e-32
1.800000e+01 4.714727e-33
1.900000e+01 -1.796558e-31
2.000000e+01 -1.134085e-31
2.100000e+01 6.215816e-32
2.200000e+01 -1.531787e-31
2.300000e+01 -8.971003e-32
2.400000e+01 -1.201462e-31
2.500000e+01 4.633260e-32
2.600000e+01 7.747849e-32
2.700000e+01 -1.782254e-31
2.800000e+01 1.053507e-31
2.900000e+01 8.481142e-32
3.000000e+01 -2.590325e-33
3.100000e+01 1.749313e-32
3.200000e+01 1.259740e-32
3.300000e+01 7.816605e-32
3.400000e+01 -3.801060e-32
3.500000e+01 -4.901003e-33
3.600000e+01 -1.158847e-31
3.700000e+01 -7.473614e-32
3.800000e+01 -7.586508e-33
3.900000e+01 6.975332e-32
4.000000e+01 2.385779e-32
4.100000e+01 8.750008e-32
4.200000e+01 -6.199290e-32
4.300000e+01 1.562935e-31
4.400000e+01 3.138408e-32
4.500000e+01 1.405568e-34
4.600000e+01 -3.141301e-32
4.700000e+01 -1.558977e-31
4.800000e+01 6.199525e-32
4.900000e+01 -8.748975e-32
5.000000e+01 -2.385776e-32
5.100000e+01 -6.972093e-32
5.200000e+01 7.593694e-33
5.300000e+01 7.473633e-32
5.400000e+01 1.157356e-31
5.500000e+01 4.894512e-33
5.600000e+01 3.757688e-32
5.700000e+01 -7.816500e-32
5.800000e+01 -1.258674e-32
5.900000e+01 -1.748509e-32
6.000000e+01 2.377408e-33
6.100000e+01 -8.481178e-32
6.200000e+01 -1.052552e-31
6.300000e+01 1.782243e-31
6.400000e+01 -7.747954e-32
6.500000e+01 -4.646323e-32
6.600000e+01 1.203099e-31
6.700000e+01 8.971379e-32
6.800000e+01 1.531896e-31
6.900000e+01 -6.215201e-32
7.000000e+01 1.132628e-31
7.100000e+01 1.796258e-31
7.200000e+01 -4.708359e-33
7.300000e+01 8.295509e-32
7.400000e+01 -7.963335e-32
7.500000e+01 -2.479200e-32
7.600000e+01 7.350741e-24
7.700000e+01 -6.702048e-32
7.800000e+01 -2.364366e-31
7.900000e+01 8.345635e-33
8.000000e+01 -2.947448e-32
8.100000e+01 -2.950230e-32
8.200000e+01 -5.430248e-32
8.300000e+01 -1.928271e-31
8.400000e+01 -8.198388e-32
8.500000e+01 -9.609803e-32
8.600000e+01 1.291648e-31
8.700000e+01 1.835375e-31
8.800000e+01 1.691794e-31
8.900000e+01 -2.828465e-31
9.000000e+01 -2.314255e-38
9.100000e+01 2.828493e-31
9.200000e+01 -1.691792e-31
9.300000e+01 -1.835374e-31
9.400000e+01 -1.291508e-31
9.500000e+01 9.609892e-32
9.600000e+01 8.194180e-32
9.700000e+01 1.929498e-31
9.800000e+01 5.431289e-32
9.900000e+01 1.825637e-31
1.000000e+02 2.944654e-32
1.010000e+02 -8.345675e-33
1.020000e+02 2.369146e-31
1.030000e+02 6.701953e-32
1.040000e+02 -1.281310e-31
1.050000e+02 2.478130e-32
1.060000e+02 7.963314e-32
1.070000e+02 -8.295500e-32
1.080000e+02 4.710250e-33
1.090000e+02 -1.796560e-31
1.100000e+02 -1.132629e-31
1.110000e+02 6.215201e-32
1.120000e+02 -1.532020e-31
1.130000e+02 -8.971283e-32
1.140000e+02 -1.201431e-31
1.150000e+02 4.630851e-32
1.160000e+02 7.747847e-32
1.170000e+02 -1.782470e-31
1.180000e+02 1.052501e-31
1.190000e+02 8.480867e-32
1.200000e+02 -2.377517e-33
1.210000e+02 1.749039e-32
1.220000e+02 1.258639e-32
1.230000e+02 7.815261e-32
1.240000e+02 -3.757654e-32
1.250000e+02 -4.894518e-33
1.260000e+02 -1.158015e-31
1.270000e+02 -7.473622e-32
1.280000e+02 -7.589033e-33
1.290000e+02 6.972166e-32
1.300000e+02 2.385780e-32
1.310000e+02 8.748975e-32
1.320000e+02 -6.199671e-32
1.330000e+02 1.558899e-31
1.340000e+02 3.141301e-32
1.350000e+02 -1.469368e-38
1.360000e+02 -3.142043e-32
1.370000e+02 -1.561633e-31
1.380000e+02 6.199533e-32
1.390000e+02 -8.750007e-32
1.400000e+02 -2.385910e-32
1.410000e+02 -6.975386e-32
1.420000e+02 7.588639e-33
1.430000e+02 7.472834e-32
1.440000e+02 1.158843e-31
1.450000e+02 4.898397e-33
1.460000e+02 3.800723e-32
1.470000e+02 -7.815255e-32
1.480000e+02 -1.260768e-32
1.490000e+02 -1.748573e-32
1.500000e+02 2.573924e-33
1.510000e+02 -8.478410e-32
1.520000e+02 -1.052559e-31
1.530000e+02 1.782471e-31
1.540000e+02 -7.747856e-32
1.550000e+02 -4.628503e-32
1.560000e+02 1.201318e-31
1.570000e+02 8.970961e-32
1.580000e+02 1.531784e-31
1.590000e+02 -6.215135e-32
1.600000e+02 1.134084e-31
1.610000e+02 1.796198e-31
1.620000e+02 -4.712807e-33
1.630000e+02 8.295162e-32
1.640000e+02 -7.963532e-32
1.650000e+02 -2.479274e-32
1.660000e+02 1.281359e-31
1.670000e+02 -6.701999e-32
1.680000e+02 -2.326754e-31
1.690000e+02 8.305322e-33
1.700000e+02 -2.950240e-32
1.710000e+02 -1.825897e-31
1.720000e+02 -5.431254e-32
1.730000e+02 -1.929340e-31
1.740000e+02 -8.189304e-32
1.750000e+02 -9.609803e-32
1.760000e+02 1.291037e-31
1.770000e+02 1.836007e-31
1.780000e+02 1.691730e-31
1.790000e+02 -2.828569e-31
1.800000e+02 -2.553027e-37
1.810000e+02 2.823849e-31
1.820000e+02 -1.691761e-31
1.830000e+02 -1.835250e-31
1.840000e+02 -1.291049e-31
1.850000e+02 9.610248e-32
1.860000e+02 8.189493e-32
1.870000e+02 1.929381e-31
1.880000e+02 5.431215e-32
1.890000e+02 1.825909e-31
1.900000e+02 2.950217e-32
1.910000e+02 -8.305303e-33
1.920000e+02 2.326862e-31
1.930000e+02 6.702137e-32
1.940000e+02 -1.281309e-31
1.950000e+02 2.479213e-32
1.960000e+02 7.963464e-32
1.970000e+02 -8.295493e-32
1.980000e+02 4.714724e-33
1.990000e+02 -1.796666e-31
2.000000e+02 -1.134085e-31
2.010000e+02 6.215216e-32
2.020000e+02 -1.531787e-31
2.030000e+02 -8.971090e-32
2.040000e+02 -1.201462e-31
2.050000e+02 4.627974e-32
2.060000e+02 7.748069e-32
2.070000e+02 -1.782442e-31
2.080000e+02 1.052537e-31
2.090000e+02 8.481151e-32
2.100000e+02 -2.608237e-33
2.110000e+02 1.747804e-32
2.120000e+02 1.260758e-32
2.130000e+02 7.816605e-32
2.140000e+02 -3.791065e-32
2.150000e+02 -4.900777e-33
2.160000e+02 -1.158844e-31
2.170000e+02 -7.473022e-32
2.180000e+02 -7.586508e-33
2.190000e+02 6.975823e-32
2.200000e+02 2.385779e-32
2.210000e+02 8.750008e-32
2.220000e+02 -6.199290e-32
2.230000e+02 1.561728e-31
2.240000e+02 3.138408e-32
2.250000e+02 1.137291e-36
2.260000e+02 -3.157481e-32
2.270000e+02 -1.558977e-31
2.280000e+02 6.199283e-32
2.290000e+02 -8.748975e-32
2.300000e+02 -2.385778e-32
2.310000e+02 -6.972155e-32
2.320000e+02 7.587140e-33
2.330000e+02 7.473464e-32
2.340000e+02 1.157356e-31
2.350000e+02 4.897656e-33
2.360000e+02 3.757684e-32
2.370000e+02 -7.816094e-32
2.380000e+02 -1.258663e-32
2.390000e+02 -1.748625e-32
2.400000e+02 2.377531e-33
2.410000e+02 -8.480253e-32
2.420000e+02 -1.052551e-31
2.430000e+02 1.782452e-31
2.440000e+02 -7.755915e-32
2.450000e+02 -4.636840e-32
2.460000e+02 1.203044e-31
2.470000e+02 8.971138e-32
2.480000e+02 1.532021e-31
2.490000e+02 -6.215166e-32
2.500000e+02 1.132814e-31
2.510000e+02 1.796134e-31
2.520000e+02 -4.708353e-33
2.530000e+02 8.295504e-32
2.540000e+02 -7.962456e-32
2.550000e+02 -2.478213e-32
2.560000e+02 1.281649e-31
2.570000e+02 -6.702046e-32
2.580000e+02 -2.364357e-31
2.590000e+02 8.354425e-33
2.600000e+02 -2.950248e-32
2.610000e+02 -1.825628e-31
2.620000e+02 -5.430047e-32
2.630000e+02 -1.928859e-31
2.640000e+02 -8.198388e-32
2.650000e+02 -9.609807e-32
2.660000e+02 1.291490e-31
2.670000e+02 1.835343e-31
2.680000e+02 1.691770e-31
2.690000e+02 -2.828472e-31
2.700000e+02 -1.348145e-37
2.710000e+02 2.823817e-31
2.720000e+02 -1.691787e-31
2.730000e+02 -1.835362e-31
2.740000e+02 -1.291522e-31
2.750000e+02 9.610019e-32
2.760000e+02 8.191903e-32
2.770000e+02 1.929591e-31
2.780000e+02 5.431147e-32
2.790000e+02 1.825632e-31
2.800000e+02 2.950216e-32
2.810000e+02 -8.346374e-33
2.820000e+02 2.364265e-31
2.830000e+02 6.702046e-32
2.840000e+02 -1.281488e-31
2.850000e+02 2.480888e-32
2.860000e+02 7.963482e-32
2.870000e+02 -8.296292e-32
2.880000e+02 4.712234e-33
2.890000e+02 -1.796355e-31
2.900000e+02 -1.132629e-31
2.910000e+02 6.215219e-32
2.920000e+02 -1.531894e-31
2.930000e+02 -8.993561e-32
2.940000e+02 -1.203059e-31
2.950000e+02 4.633633e-32
2.960000e+02 7.747850e-32
2.970000e+02 -1.782337e-31
2.980000e+02 1.052532e-31
2.990000e+02 8.479053e-32
3.000000e+02 -2.377417e-33
3.010000e+02 1.748859e-32
3.020000e+02 1.258678e-32
3.030000e+02 7.816089e-32
3.040000e+02 -3.789746e-32
3.050000e+02 -4.992225e-33
3.060000e+02 -1.158002e-31
3.070000e+02 -7.473615e-32
3.080000e+02 -7.589197e-33
3.090000e+02 6.972161e-32
3.100000e+02 2.385845e-32
3.110000e+02 8.751979e-32
3.120000e+02 -6.185731e-32
3.130000e+02 1.559184e-31
3.140000e+02 3.142005e-32
3.150000e+02 2.938736e-39
3.160000e+02 -3.142992e-32
3.170000e+02 -1.561727e-31
3.180000e+02 6.199411e-32
3.190000e+02 -8.750003e-32
3.200000e+02 -2.385761e-32
3.210000e+02 -6.975385e-32
3.220000e+02 7.592536e-33
3.230000e+02 7.472399e-32
3.240000e+02 1.158851e-31
3.250000e+02 4.898397e-33
3.260000e+02 3.782468e-32
3.270000e+02 -7.818232e-32
3.280000e+02 -1.258676e-32
3.290000e+02 -1.747306e-32
3.300000e+02 2.608013e-33
3.310000e+02 -8.481159e-32
3.320000e+02 -1.052539e-31
3.330000e+02 1.782255e-31
3.340000e+02 -7.748055e-32
3.350000e+02 -4.625471e-32
3.360000e+02 1.209630e-31
3.370000e+02 8.970959e-32
3.380000e+02 1.531786e-31
3.390000e+02 -6.215218e-32
3.400000e+02 1.134084e-31
3.410000e+02 1.796561e-31
3.420000e+02 -4.709780e-33
3.430000e+02 8.295712e-32
3.440000e+02 -7.963527e-32
3.450000e+02 -2.479379e-32
3.460000e+02 1.281896e-31
3.470000e+02 -6.702138e-32
3.480000e+02 -2.326561e-31
3.490000e+02 8.346496e-33
3.500000e+02 -2.950216e-32
3.510000e+02 -1.825909e-31
3.520000e+02 -5.431309e-32
3.530000e+02 -1.929326e-31
3.540000e+02 -8.189304e-32
3.550000e+02 -9.609810e-32
3.560000e+02 1.291512e-31
3.570000e+02 1.831359e-31
3.580000e+02 1.691786e-31
3.590000e+02 -2.824171e-31
3.600000e+02 -1.055741e-36
