-2.332326e-27 -2.703724e-26 -2.063147e-25 -1.077058e-24 -4.035923e-24 -1.126965e-23 -2.411987e-23 -4.044290e-23 -5.411199e-23 -5.881808e-23 -5.307019e-23 -4.095896e-23 -2.814095e-23 -1.787721e-23 -1.060668e-23 -5.699934e-24 -2.631395e-24 -9.908767e-25 -2.913802e-25 -6.446053e-26 -1.044663e-26
-1.074627e-26 -1.175583e-25 -8.400585e-25 -4.164587e-24 -1.503642e-23 -4.098045e-23 -8.661152e-23 -1.450156e-22 -1.959403e-22 -2.176983e-22 -2.035513e-22 -1.653465e-22 -1.213825e-22 -8.315849e-23 -5.322172e-23 -3.072813e-23 -1.522228e-23 -6.177729e-24 -1.975992e-24 -4.807758e-25 -8.583733e-26
-3.418203e-26 -3.565621e-25 -2.441110e-24 -1.171690e-23 -4.136814e-23 -1.112556e-22 -2.340353e-22 -3.933557e-22 -5.382939e-22 -6.116889e-22 -5.916174e-22 -5.034752e-22 -3.917740e-22 -2.862157e-22 -1.950649e-22 -1.194242e-22 -6.262737e-23 -2.697726e-23 -9.220572e-24 -2.421502e-24 -4.719609e-25
-7.174691e-26 -7.484760e-25 -5.083272e-24 -2.420820e-23 -8.505013e-23 -2.285679e-22 -4.828773e-22 -8.197384e-22 -1.140428e-21 -1.327680e-21 -1.328072e-21 -1.181649e-21 -9.705522e-22 -7.512960e-22 -5.410268e-22 -3.482732e-22 -1.915404e-22 -8.661996e-23 -3.121562e-23 -8.705749e-24 -1.819405e-24
-8.278745e-26 -1.008066e-24 -7.327667e-24 -3.617372e-23 -1.300010e-22 -3.555534e-22 -7.637478e-22 -1.320448e-21 -1.877627e-21 -2.246917e-21 -2.328926e-21 -2.168157e-21 -1.878573e-21 -1.537035e-21 -1.164712e-21 -7.841285e-22 -4.493217e-22 -2.116092e-22 -7.960060e-23 -2.328092e-23 -5.137489e-24
2.486899e-26 -5.196735e-25 -6.154007e-24 -3.623265e-23 -1.423170e-22 -4.107815e-22 -9.167112e-22 -1.635766e-21 -2.397799e-21 -2.966868e-21 -3.201436e-21 -3.131579e-21 -2.871261e-21 -2.485816e-21 -1.979906e-21 -1.390052e-21 -8.262818e-22 -4.028563e-22 -1.569707e-22 -4.767642e-23 -1.097355e-23
3.504560e-25 1.278780e-24 9.088937e-25 -1.555564e-23 -9.574663e-23 -3.287573e-22 -8.044436e-22 -1.523387e-21 -2.339187e-21 -3.025133e-21 -3.429660e-21 -3.556602e-21 -3.477594e-21 -3.201315e-21 -2.684742e-21 -1.964418e-21 -1.208343e-21 -6.073813e-22 -2.437083e-22 -7.627464e-23 -1.812960e-23
9.850617e-25 4.615551e-24 1.393291e-23 2.409201e-23 2.167419e-24 -1.269340e-22 -4.516035e-22 -9.977281e-22 -1.674158e-21 -2.318025e-21 -2.812865e-21 -3.145876e-21 -3.327727e-21 -3.287864e-21 -2.917064e-21 -2.227999e-21 -1.417284e-21 -7.326124e-22 -3.013770e-22 -9.657976e-23 -2.350612e-23
2.184111e-24 1.015902e-23 3.333882e-23 7.800926e-23 1.264512e-22 1.196973e-22 -2.095328e-23 -3.332064e-22 -7.734688e-22 -1.251247e-21 -1.706461e-21 -2.132213e-21 -2.501305e-21 -2.691485e-21 -2.545379e-21 -2.036454e-21 -1.340851e-21 -7.118155e-22 -2.991749e-22 -9.761404e-23 -2.413519e-23
4.558840e-24 2.013301e-23 6.493247e-23 1.562860e-22 2.840659e-22 3.891080e-22 3.881677e-22 2.381093e-22 -3.092519e-23 -3.561715e-22 -7.068706e-22 -1.089888e-21 -1.482111e-21 -1.770229e-21 -1.799319e-21 -1.513565e-21 -1.032574e-21 -5.622143e-22 -2.405205e-22 -7.939900e-23 -1.976517e-23
8.682803e-24 3.697332e-23 1.168798e-22 2.806574e-22 5.206474e-22 7.554186e-22 8.641980e-22 7.803103e-22 5.426717e-22 2.431515e-22 -6.212640e-23 -3.743976e-22 -6.941080e-22 -9.586288e-22 -1.059552e-21 -9.399290e-22 -6.638460e-22 -3.693386e-22 -1.597774e-22 -5.285409e-23 -1.307673e-23
1.401034e-23 5.888002e-23 1.854458e-22 4.481965e-22 8.465397e-22 1.268588e-21 1.530207e-21 1.510732e-21 1.247256e-21 8.790819e-22 5.176298e-22 1.889842e-22 -1.165672e-22 -3.738388e-22 -5.173205e-22 -5.052523e-22 -3.736290e-22 -2.119562e-22 -9.184357e-23 -2.999289e-23 -7.227170e-24
1.835435e-23 7.732679e-23 2.455488e-22 6.023946e-22 1.164380e-21 1.804479e-21 2.284122e-21 2.419319e-21 2.218797e-21 1.837294e-21 1.414152e-21 9.915476e-22 5.696108e-22 1.859574e-22 -8.475314e-23 -1.973362e-22 -1.805535e-22 -1.101410e-22 -4.842950e-23 -1.551266e-23 -3.568728e-24
1.920177e-23 8.193440e-23 2.642734e-22 6.612032e-22 1.310787e-21 2.100315e-21 2.782186e-21 3.139581e-21 3.141696e-21 2.908589e-21 2.545878e-21 2.068430e-21 1.480965e-21 8.691694e-22 3.716499e-22 7.623534e-23 -3.433242e-23 -4.227108e-23 -2.216443e-23 -7.410915e-24 -1.664096e-24
1.592146e-23 6.938927e-23 2.287019e-22 5.857325e-22 1.192657e-21 1.974322e-21 2.727644e-21 3.255484e-21 3.502763e-21 3.528359e-21 3.361727e-21 2.955055e-21 2.294889e-21 1.505969e-21 7.987448e-22 3.227672e-22 8.785810e-23 9.008146e-24 -4.439254e-24 -2.557485e-24 -6.602072e-25
1.038058e-23 4.660281e-23 1.579553e-22 4.159000e-22 8.718789e-22 1.491698e-21 2.145376e-21 2.694404e-21 3.085878e-21 3.327394e-21 3.379684e-21 3.139135e-21 2.562249e-21 1.773875e-21 1.010955e-21 4.603087e-22 1.611219e-22 4.070026e-23 6.425364e-24 2.911817e-25 -1.156711e-25
5.254760e-24 2.453883e-23 8.617923e-23 2.345995e-22 5.083017e-22 9.007250e-22 1.348864e-21 1.778639e-21 2.156125e-21 2.465966e-21 2.641136e-21 2.563100e-21 2.170547e-21 1.555110e-21 9.197582e-22 4.390068e-22 1.648592e-22 4.712387e-23 9.770650e-24 1.355024e-24 1.050751e-25
2.024596e-24 9.951540e-24 3.655510e-23 1.036407e-22 2.333850e-22 4.300506e-22 6.721889e-22 9.311099e-22 1.192461e-21 1.440503e-21 1.618069e-21 1.631166e-21 1.423450e-21 1.045359e-21 6.319928e-22 3.083013e-22 1.187251e-22 3.513001e-23 7.705692e-24 1.191117e-24 1.202215e-25
5.766375e-25 3.027606e-24 1.177235e-23 3.509496e-23 8.276178e-23 1.595374e-22 2.614990e-22 3.817918e-22 5.173975e-22 6.599636e-22 7.761955e-22 8.107663e-22 7.263571e-22 5.436217e-22 3.329879e-22 1.637997e-22 6.337162e-23 1.879563e-23 4.132850e-24 6.434772e-25 6.651338e-26
1.166115e-25 6.655858e-25 2.782136e-24 8.831239e-24 2.203335e-23 4.481297e-23 7.760566e-23 1.202231e-22 1.733211e-22 2.342226e-22 2.888475e-22 3.125579e-22 2.869354e-22 2.180144e-22 1.344583e-22 6.608274e-23 2.535145e-23 7.398794e-24 1.588068e-24 2.393894e-25 2.384156e-26
1.597621e-26 1.004396e-25 4.598269e-25 1.580392e-24 4.230586e-24 9.189829e-24 1.700750e-23 2.826846e-23 4.378433e-23 6.313938e-23 8.199031e-23 9.206347e-23 8.655392e-23 6.657793e-23 4.113297e-23 2.004396e-23 7.543747e-24 2.135192e-24 4.387220e-25 6.243720e-26 5.844686e-27
