Iteration# z ADDATime OurCalcTime
1.0000000000 -0.0500000000 0.0000000000 57.4000000000
2.0000000000 0.0000000000 0.0000000000 57.9700000000
3.0000000000 0.0500000000 0.0100000000 57.2900000000
4.0000000000 0.1000000000 0.0000000000 57.3500000000
5.0000000000 0.1500000000 0.0100000000 57.0600000000
6.0000000000 0.2000000000 0.0000000000 57.3700000000
7.0000000000 0.2500000000 0.0100000000 57.6500000000
8.0000000000 0.3000000000 0.0000000000 57.5300000000
9.0000000000 0.3500000000 0.0100000000 58.0900000000
10.0000000000 0.4000000000 0.0100000000 57.6400000000
11.0000000000 0.4500000000 0.0000000000 57.5400000000
12.0000000000 0.5000000000 0.0100000000 57.5500000000
13.0000000000 0.5500000000 0.0100000000 57.6700000000
14.0000000000 0.6000000000 0.0100000000 57.3700000000
15.0000000000 0.6500000000 0.0000000000 57.9500000000
16.0000000000 0.6250000000 0.0000000000 57.3700000000
17.0000000000 0.6125000000 0.0100000000 57.4300000000
18.0000000000 0.6250000000 0.0000000000 57.5500000000
19.0000000000 0.6187500000 0.0000000000 57.7000000000
20.0000000000 0.6156250000 0.0000000000 57.3900000000
21.0000000000 0.6140625000 0.0000000000 57.5100000000
22.0000000000 0.6156250000 0.0100000000 57.7400000000
23.0000000000 0.6148437500 0.0100000000 57.2400000000
24.0000000000 0.6156250000 0.0000000000 57.5000000000
25.0000000000 0.6152343750 0.0000000000 57.0300000000
26.0000000000 0.6156250000 0.0100000000 57.9600000000
27.0000000000 0.6154296875 0.0100000000 58.1300000000
28.0000000000 0.6153320312 0.0000000000 57.4300000000
