-2.500000e+00 -2.500000e+00 0.000000e+00 3.799359e-21 -3.817522e-22 0.000000e+00
-2.500000e+00 -2.250000e+00 0.000000e+00 3.681357e-20 -5.393603e-21 0.000000e+00
-2.500000e+00 -2.000000e+00 0.000000e+00 2.760344e-19 -5.129659e-20 0.000000e+00
-2.500000e+00 -1.750000e+00 0.000000e+00 1.507998e-18 -3.409724e-19 0.000000e+00
-2.500000e+00 -1.500000e+00 0.000000e+00 6.191632e-18 -1.714322e-18 0.000000e+00
-2.500000e+00 -1.250000e+00 0.000000e+00 1.966059e-17 -6.781741e-18 0.000000e+00
-2.500000e+00 -1.000000e+00 0.000000e+00 4.919513e-17 -2.139455e-17 0.000000e+00
-2.500000e+00 -7.500000e-01 0.000000e+00 9.821428e-17 -5.408148e-17 0.000000e+00
-2.500000e+00 -5.000000e-01 0.000000e+00 1.577668e-16 -1.099924e-16 0.000000e+00
-2.500000e+00 -2.500000e-01 0.000000e+00 2.049625e-16 -1.808305e-16 0.000000e+00
-2.500000e+00 0.000000e+00 0.000000e+00 2.157102e-16 -2.412918e-16 0.000000e+00
-2.500000e+00 2.500000e-01 0.000000e+00 1.834691e-16 -2.618850e-16 0.000000e+00
-2.500000e+00 5.000000e-01 0.000000e+00 1.251756e-16 -2.310194e-16 0.000000e+00
-2.500000e+00 7.500000e-01 0.000000e+00 6.753927e-17 -1.649049e-16 0.000000e+00
-2.500000e+00 1.000000e+00 0.000000e+00 2.811828e-17 -9.440978e-17 0.000000e+00
-2.500000e+00 1.250000e+00 0.000000e+00 8.648473e-18 -4.273721e-17 0.000000e+00
-2.500000e+00 1.500000e+00 0.000000e+00 1.798462e-18 -1.497776e-17 0.000000e+00
-2.500000e+00 1.750000e+00 0.000000e+00 1.928851e-19 -3.943490e-18 0.000000e+00
-2.500000e+00 2.000000e+00 0.000000e+00 -8.829303e-21 -7.484326e-19 0.000000e+00
-2.500000e+00 2.250000e+00 0.000000e+00 -5.807250e-21 -9.777655e-20 0.000000e+00
-2.500000e+00 2.500000e+00 0.000000e+00 -7.491902e-22 -9.099118e-21 0.000000e+00
-2.250000e+00 -2.500000e+00 0.000000e+00 4.278309e-20 -4.249018e-21 0.000000e+00
-2.250000e+00 -2.250000e+00 0.000000e+00 3.724380e-19 -5.459594e-20 0.000000e+00
-2.250000e+00 -2.000000e+00 0.000000e+00 2.245119e-18 -4.183371e-19 0.000000e+00
-2.250000e+00 -1.750000e+00 0.000000e+00 1.001501e-17 -2.237507e-18 0.000000e+00
-2.250000e+00 -1.500000e+00 0.000000e+00 3.481275e-17 -9.235769e-18 0.000000e+00
-2.250000e+00 -1.250000e+00 0.000000e+00 9.719434e-17 -3.118446e-17 0.000000e+00
-2.250000e+00 -1.000000e+00 0.000000e+00 2.212792e-16 -8.815510e-17 0.000000e+00
-2.250000e+00 -7.500000e-01 0.000000e+00 4.135485e-16 -2.089121e-16 0.000000e+00
-2.250000e+00 -5.000000e-01 0.000000e+00 6.359718e-16 -4.125440e-16 0.000000e+00
-2.250000e+00 -2.500000e-01 0.000000e+00 8.046533e-16 -6.752509e-16 0.000000e+00
-2.250000e+00 0.000000e+00 0.000000e+00 8.354026e-16 -9.133068e-16 0.000000e+00
-2.250000e+00 2.500000e-01 0.000000e+00 7.074648e-16 -1.018621e-15 0.000000e+00
-2.250000e+00 5.000000e-01 0.000000e+00 4.833485e-16 -9.341936e-16 0.000000e+00
-2.250000e+00 7.500000e-01 0.000000e+00 2.613588e-16 -7.010986e-16 0.000000e+00
-2.250000e+00 1.000000e+00 0.000000e+00 1.080644e-16 -4.271366e-16 0.000000e+00
-2.250000e+00 1.250000e+00 0.000000e+00 3.183583e-17 -2.087150e-16 0.000000e+00
-2.250000e+00 1.500000e+00 0.000000e+00 5.435667e-18 -8.040652e-17 0.000000e+00
-2.250000e+00 1.750000e+00 0.000000e+00 -9.777729e-20 -2.385687e-17 0.000000e+00
-2.250000e+00 2.000000e+00 0.000000e+00 -3.341080e-19 -5.285998e-18 0.000000e+00
-2.250000e+00 2.250000e+00 0.000000e+00 -9.074308e-20 -8.428175e-19 0.000000e+00
-2.250000e+00 2.500000e+00 0.000000e+00 -1.230718e-20 -9.448982e-20 0.000000e+00
-2.000000e+00 -2.500000e+00 0.000000e+00 3.939543e-19 -2.630703e-20 0.000000e+00
-2.000000e+00 -2.250000e+00 0.000000e+00 2.773942e-18 -3.255851e-19 0.000000e+00
-2.000000e+00 -2.000000e+00 0.000000e+00 1.378873e-17 -2.275080e-18 0.000000e+00
-2.000000e+00 -1.750000e+00 0.000000e+00 5.190305e-17 -1.086253e-17 0.000000e+00
-2.000000e+00 -1.500000e+00 0.000000e+00 1.555662e-16 -3.936887e-17 0.000000e+00
-2.000000e+00 -1.250000e+00 0.000000e+00 3.835410e-16 -1.163918e-16 0.000000e+00
-2.000000e+00 -1.000000e+00 0.000000e+00 7.914264e-16 -2.935061e-16 0.000000e+00
-2.000000e+00 -7.500000e-01 0.000000e+00 1.375020e-15 -6.418981e-16 0.000000e+00
-2.000000e+00 -5.000000e-01 0.000000e+00 2.009317e-15 -1.212840e-15 0.000000e+00
-2.000000e+00 -2.500000e-01 0.000000e+00 2.457374e-15 -1.956665e-15 0.000000e+00
-2.000000e+00 0.000000e+00 0.000000e+00 2.495943e-15 -2.665253e-15 0.000000e+00
-2.000000e+00 2.500000e-01 0.000000e+00 2.082189e-15 -3.039774e-15 0.000000e+00
-2.000000e+00 5.000000e-01 0.000000e+00 1.402573e-15 -2.883974e-15 0.000000e+00
-2.000000e+00 7.500000e-01 0.000000e+00 7.410213e-16 -2.261367e-15 0.000000e+00
-2.000000e+00 1.000000e+00 0.000000e+00 2.897537e-16 -1.453775e-15 0.000000e+00
-2.000000e+00 1.250000e+00 0.000000e+00 7.148964e-17 -7.580838e-16 0.000000e+00
-2.000000e+00 1.500000e+00 0.000000e+00 2.561931e-18 -3.161225e-16 0.000000e+00
-2.000000e+00 1.750000e+00 0.000000e+00 -6.401009e-18 -1.035191e-16 0.000000e+00
-2.000000e+00 2.000000e+00 0.000000e+00 -3.023547e-18 -2.604238e-17 0.000000e+00
-2.000000e+00 2.250000e+00 0.000000e+00 -7.525000e-19 -4.914988e-18 0.000000e+00
-2.000000e+00 2.500000e+00 0.000000e+00 -1.158852e-19 -6.842979e-19 0.000000e+00
-1.750000e+00 -2.500000e+00 0.000000e+00 2.491267e-18 -3.168452e-20 0.000000e+00
-1.750000e+00 -2.250000e+00 0.000000e+00 1.474902e-17 -9.793913e-19 0.000000e+00
-1.750000e+00 -2.000000e+00 0.000000e+00 6.337650e-17 -7.694502e-18 0.000000e+00
-1.750000e+00 -1.750000e+00 0.000000e+00 2.093385e-16 -3.675719e-17 0.000000e+00
-1.750000e+00 -1.500000e+00 0.000000e+00 5.558540e-16 -1.268589e-16 0.000000e+00
-1.750000e+00 -1.250000e+00 0.000000e+00 1.227091e-15 -3.464808e-16 0.000000e+00
-1.750000e+00 -1.000000e+00 0.000000e+00 2.301586e-15 -7.974935e-16 0.000000e+00
-1.750000e+00 -7.500000e-01 0.000000e+00 3.702880e-15 -1.608119e-15 0.000000e+00
-1.750000e+00 -5.000000e-01 0.000000e+00 5.105663e-15 -2.875833e-15 0.000000e+00
-1.750000e+00 -2.500000e-01 0.000000e+00 5.985191e-15 -4.523604e-15 0.000000e+00
-1.750000e+00 0.000000e+00 0.000000e+00 5.888738e-15 -6.157775e-15 0.000000e+00
-1.750000e+00 2.500000e-01 0.000000e+00 4.776661e-15 -7.144183e-15 0.000000e+00
-1.750000e+00 5.000000e-01 0.000000e+00 3.109332e-15 -6.981901e-15 0.000000e+00
-1.750000e+00 7.500000e-01 0.000000e+00 1.545962e-15 -5.694391e-15 0.000000e+00
-1.750000e+00 1.000000e+00 0.000000e+00 5.185039e-16 -3.842067e-15 0.000000e+00
-1.750000e+00 1.250000e+00 0.000000e+00 5.755166e-17 -2.123649e-15 0.000000e+00
-1.750000e+00 1.500000e+00 0.000000e+00 -5.481385e-17 -9.504928e-16 0.000000e+00
-1.750000e+00 1.750000e+00 0.000000e+00 -4.161889e-17 -3.398545e-16 0.000000e+00
-1.750000e+00 2.000000e+00 0.000000e+00 -1.611671e-17 -9.568547e-17 0.000000e+00
-1.750000e+00 2.250000e+00 0.000000e+00 -4.098142e-18 -2.093936e-17 0.000000e+00
-1.750000e+00 2.500000e+00 0.000000e+00 -7.273193e-19 -3.534549e-18 0.000000e+00
-1.500000e+00 -2.500000e+00 0.000000e+00 1.106303e-17 6.140390e-19 0.000000e+00
-1.500000e+00 -2.250000e+00 0.000000e+00 5.737870e-17 7.189427e-20 0.000000e+00
-1.500000e+00 -2.000000e+00 0.000000e+00 2.207283e-16 -1.276733e-17 0.000000e+00
-1.500000e+00 -1.750000e+00 0.000000e+00 6.595340e-16 -7.906652e-17 0.000000e+00
-1.500000e+00 -1.500000e+00 0.000000e+00 1.590996e-15 -2.909313e-16 0.000000e+00
-1.500000e+00 -1.250000e+00 0.000000e+00 3.200767e-15 -7.890714e-16 0.000000e+00
-1.500000e+00 -1.000000e+00 0.000000e+00 5.504194e-15 -1.736133e-15 0.000000e+00
-1.500000e+00 -7.500000e-01 0.000000e+00 8.205132e-15 -3.295367e-15 0.000000e+00
-1.500000e+00 -5.000000e-01 0.000000e+00 1.062402e-14 -5.586715e-15 0.000000e+00
-1.500000e+00 -2.500000e-01 0.000000e+00 1.184198e-14 -8.514507e-15 0.000000e+00
-1.500000e+00 0.000000e+00 0.000000e+00 1.116341e-14 -1.150756e-14 0.000000e+00
-1.500000e+00 2.500000e-01 0.000000e+00 8.664775e-15 -1.351950e-14 0.000000e+00
-1.500000e+00 5.000000e-01 0.000000e+00 5.297508e-15 -1.356823e-14 0.000000e+00
-1.500000e+00 7.500000e-01 0.000000e+00 2.312774e-15 -1.148193e-14 0.000000e+00
-1.500000e+00 1.000000e+00 0.000000e+00 4.766055e-16 -8.110305e-15 0.000000e+00
-1.500000e+00 1.250000e+00 0.000000e+00 -2.303987e-16 -4.738511e-15 0.000000e+00
-1.500000e+00 1.500000e+00 0.000000e+00 -2.905427e-16 -2.269031e-15 0.000000e+00
-1.500000e+00 1.750000e+00 0.000000e+00 -1.623691e-16 -8.822382e-16 0.000000e+00
-1.500000e+00 2.000000e+00 0.000000e+00 -6.067469e-17 -2.761597e-16 0.000000e+00
-1.500000e+00 2.250000e+00 0.000000e+00 -1.650107e-17 -6.913312e-17 0.000000e+00
-1.500000e+00 2.500000e+00 0.000000e+00 -3.410948e-18 -1.376898e-17 0.000000e+00
-1.250000e+00 -2.500000e+00 0.000000e+00 3.593561e-17 4.918747e-18 0.000000e+00
-1.250000e+00 -2.250000e+00 0.000000e+00 1.680710e-16 1.423903e-17 0.000000e+00
-1.250000e+00 -2.000000e+00 0.000000e+00 5.926683e-16 1.495604e-17 0.000000e+00
-1.250000e+00 -1.750000e+00 0.000000e+00 1.636626e-15 -6.678233e-17 0.000000e+00
-1.250000e+00 -1.500000e+00 0.000000e+00 3.658578e-15 -4.091259e-16 0.000000e+00
-1.250000e+00 -1.250000e+00 0.000000e+00 6.820778e-15 -1.270978e-15 0.000000e+00
-1.250000e+00 -1.000000e+00 0.000000e+00 1.087584e-14 -2.888596e-15 0.000000e+00
-1.250000e+00 -7.500000e-01 0.000000e+00 1.508977e-14 -5.403655e-15 0.000000e+00
-1.250000e+00 -5.000000e-01 0.000000e+00 1.831547e-14 -8.875270e-15 0.000000e+00
-1.250000e+00 -2.500000e-01 0.000000e+00 1.928236e-14 -1.318226e-14 0.000000e+00
-1.250000e+00 0.000000e+00 0.000000e+00 1.721520e-14 -1.767868e-14 0.000000e+00
-1.250000e+00 2.500000e-01 0.000000e+00 1.252577e-14 -2.100286e-14 0.000000e+00
-1.250000e+00 5.000000e-01 0.000000e+00 6.863033e-15 -2.163298e-14 0.000000e+00
-1.250000e+00 7.500000e-01 0.000000e+00 2.189702e-15 -1.899547e-14 0.000000e+00
-1.250000e+00 1.000000e+00 0.000000e+00 -4.118673e-16 -1.405260e-14 0.000000e+00
-1.250000e+00 1.250000e+00 0.000000e+00 -1.141123e-15 -8.683157e-15 0.000000e+00
-1.250000e+00 1.500000e+00 0.000000e+00 -8.960681e-16 -4.449666e-15 0.000000e+00
-1.250000e+00 1.750000e+00 0.000000e+00 -4.634196e-16 -1.879420e-15 0.000000e+00
-1.250000e+00 2.000000e+00 0.000000e+00 -1.779973e-16 -6.507981e-16 0.000000e+00
-1.250000e+00 2.250000e+00 0.000000e+00 -5.324445e-17 -1.837688e-16 0.000000e+00
-1.250000e+00 2.500000e+00 0.000000e+00 -1.277654e-17 -4.194312e-17 0.000000e+00
-1.000000e+00 -2.500000e+00 0.000000e+00 8.815788e-17 2.056665e-17 0.000000e+00
-1.000000e+00 -2.250000e+00 0.000000e+00 3.794762e-16 7.055275e-17 0.000000e+00
-1.000000e+00 -2.000000e+00 0.000000e+00 1.247091e-15 1.619565e-16 0.000000e+00
-1.000000e+00 -1.750000e+00 0.000000e+00 3.231333e-15 2.085355e-16 0.000000e+00
-1.000000e+00 -1.500000e+00 0.000000e+00 6.793564e-15 -6.707507e-17 0.000000e+00
-1.000000e+00 -1.250000e+00 0.000000e+00 1.190172e-14 -1.100836e-15 0.000000e+00
-1.000000e+00 -1.000000e+00 0.000000e+00 1.779702e-14 -3.263967e-15 0.000000e+00
-1.000000e+00 -7.500000e-01 0.000000e+00 2.313573e-14 -6.665058e-15 0.000000e+00
-1.000000e+00 -5.000000e-01 0.000000e+00 2.634584e-14 -1.121016e-14 0.000000e+00
-1.000000e+00 -2.500000e-01 0.000000e+00 2.606014e-14 -1.669583e-14 0.000000e+00
-1.000000e+00 0.000000e+00 0.000000e+00 2.175125e-14 -2.251192e-14 0.000000e+00
-1.000000e+00 2.500000e-01 0.000000e+00 1.439596e-14 -2.721721e-14 0.000000e+00
-1.000000e+00 5.000000e-01 0.000000e+00 6.389369e-15 -2.888735e-14 0.000000e+00
-1.000000e+00 7.500000e-01 0.000000e+00 2.983358e-16 -2.640845e-14 0.000000e+00
-1.000000e+00 1.000000e+00 0.000000e+00 -2.647421e-15 -2.052384e-14 0.000000e+00
-1.000000e+00 1.250000e+00 0.000000e+00 -2.969524e-15 -1.344568e-14 0.000000e+00
-1.000000e+00 1.500000e+00 0.000000e+00 -2.061625e-15 -7.381645e-15 0.000000e+00
-1.000000e+00 1.750000e+00 0.000000e+00 -1.066497e-15 -3.379439e-15 0.000000e+00
-1.000000e+00 2.000000e+00 0.000000e+00 -4.356949e-16 -1.283428e-15 0.000000e+00
-1.000000e+00 2.250000e+00 0.000000e+00 -1.444831e-16 -4.011579e-16 0.000000e+00
-1.000000e+00 2.500000e+00 0.000000e+00 -3.921529e-17 -1.017312e-16 0.000000e+00
-7.500000e-01 -2.500000e+00 0.000000e+00 1.670768e-16 5.823573e-17 0.000000e+00
-7.500000e-01 -2.250000e+00 0.000000e+00 6.722785e-16 2.078086e-16 0.000000e+00
-7.500000e-01 -2.000000e+00 0.000000e+00 2.085088e-15 5.438846e-16 0.000000e+00
-7.500000e-01 -1.750000e+00 0.000000e+00 5.127837e-15 1.035341e-15 0.000000e+00
-7.500000e-01 -1.500000e+00 0.000000e+00 1.025491e-14 1.341342e-15 0.000000e+00
-7.500000e-01 -1.250000e+00 0.000000e+00 1.707442e-14 7.953737e-16 0.000000e+00
-7.500000e-01 -1.000000e+00 0.000000e+00 2.419039e-14 -1.254529e-15 0.000000e+00
-7.500000e-01 -7.500000e-01 0.000000e+00 2.967829e-14 -5.026829e-15 0.000000e+00
-7.500000e-01 -5.000000e-01 0.000000e+00 3.177243e-14 -1.029462e-14 0.000000e+00
-7.500000e-01 -2.500000e-01 0.000000e+00 2.936928e-14 -1.668153e-14 0.000000e+00
-7.500000e-01 0.000000e+00 0.000000e+00 2.249893e-14 -2.358736e-14 0.000000e+00
-7.500000e-01 2.500000e-01 0.000000e+00 1.277475e-14 -2.966662e-14 0.000000e+00
-7.500000e-01 5.000000e-01 0.000000e+00 3.123627e-15 -3.284262e-14 0.000000e+00
-7.500000e-01 7.500000e-01 0.000000e+00 -3.621904e-15 -3.149299e-14 0.000000e+00
-7.500000e-01 1.000000e+00 0.000000e+00 -6.312044e-15 -2.583523e-14 0.000000e+00
-7.500000e-01 1.250000e+00 0.000000e+00 -5.813179e-15 -1.798575e-14 0.000000e+00
-7.500000e-01 1.500000e+00 0.000000e+00 -3.930864e-15 -1.056515e-14 0.000000e+00
-7.500000e-01 1.750000e+00 0.000000e+00 -2.109768e-15 -5.207973e-15 0.000000e+00
-7.500000e-01 2.000000e+00 0.000000e+00 -9.256549e-16 -2.138714e-15 0.000000e+00
-7.500000e-01 2.250000e+00 0.000000e+00 -3.346496e-16 -7.234140e-16 0.000000e+00
-7.500000e-01 2.500000e+00 0.000000e+00 -9.865323e-17 -1.978914e-16 0.000000e+00
-5.000000e-01 -2.500000e+00 0.000000e+00 2.484173e-16 1.213260e-16 0.000000e+00
-5.000000e-01 -2.250000e+00 0.000000e+00 9.466871e-16 4.365028e-16 0.000000e+00
-5.000000e-01 -2.000000e+00 0.000000e+00 2.801113e-15 1.193806e-15 0.000000e+00
-5.000000e-01 -1.750000e+00 0.000000e+00 6.603358e-15 2.515659e-15 0.000000e+00
-5.000000e-01 -1.500000e+00 0.000000e+00 1.268637e-14 4.090397e-15 0.000000e+00
-5.000000e-01 -1.250000e+00 0.000000e+00 2.027890e-14 5.018136e-15 0.000000e+00
-5.000000e-01 -1.000000e+00 0.000000e+00 2.748333e-14 4.191403e-15 0.000000e+00
-5.000000e-01 -7.500000e-01 0.000000e+00 3.204685e-14 9.884923e-16 0.000000e+00
-5.000000e-01 -5.000000e-01 0.000000e+00 3.228820e-14 -4.438533e-15 0.000000e+00
-5.000000e-01 -2.500000e-01 0.000000e+00 2.759558e-14 -1.149842e-14 0.000000e+00
-5.000000e-01 0.000000e+00 0.000000e+00 1.864783e-14 -1.941284e-14 0.000000e+00
-5.000000e-01 2.500000e-01 0.000000e+00 7.544525e-15 -2.688532e-14 0.000000e+00
-5.000000e-01 5.000000e-01 0.000000e+00 -2.639499e-15 -3.188883e-14 0.000000e+00
-5.000000e-01 7.500000e-01 0.000000e+00 -9.196343e-15 -3.249738e-14 0.000000e+00
-5.000000e-01 1.000000e+00 0.000000e+00 -1.118323e-14 -2.830615e-14 0.000000e+00
-5.000000e-01 1.250000e+00 0.000000e+00 -9.651199e-15 -2.095285e-14 0.000000e+00
-5.000000e-01 1.500000e+00 0.000000e+00 -6.600386e-15 -1.310631e-14 0.000000e+00
-5.000000e-01 1.750000e+00 0.000000e+00 -3.703282e-15 -6.880929e-15 0.000000e+00
-5.000000e-01 2.000000e+00 0.000000e+00 -1.719535e-15 -3.003519e-15 0.000000e+00
-5.000000e-01 2.250000e+00 0.000000e+00 -6.562407e-16 -1.075055e-15 0.000000e+00
-5.000000e-01 2.500000e+00 0.000000e+00 -2.018551e-16 -3.093025e-16 0.000000e+00
-2.500000e-01 -2.500000e+00 0.000000e+00 2.926529e-16 1.934271e-16 0.000000e+00
-2.500000e-01 -2.250000e+00 0.000000e+00 1.069341e-15 6.970013e-16 0.000000e+00
-2.500000e-01 -2.000000e+00 0.000000e+00 3.051235e-15 1.946344e-15 0.000000e+00
-2.500000e-01 -1.750000e+00 0.000000e+00 6.967320e-15 4.292685e-15 0.000000e+00
-2.500000e-01 -1.500000e+00 0.000000e+00 1.299874e-14 7.574213e-15 0.000000e+00
-2.500000e-01 -1.250000e+00 0.000000e+00 2.017302e-14 1.075470e-14 0.000000e+00
-2.500000e-01 -1.000000e+00 0.000000e+00 2.642876e-14 1.221250e-14 0.000000e+00
-2.500000e-01 -7.500000e-01 0.000000e+00 2.948267e-14 1.065383e-14 0.000000e+00
-2.500000e-01 -5.000000e-01 0.000000e+00 2.784471e-14 5.840844e-15 0.000000e+00
-2.500000e-01 -2.500000e-01 0.000000e+00 2.134047e-14 -1.509175e-15 0.000000e+00
-2.500000e-01 0.000000e+00 0.000000e+00 1.116858e-14 -1.024642e-14 0.000000e+00
-2.500000e-01 2.500000e-01 0.000000e+00 -2.954402e-16 -1.892767e-14 0.000000e+00
-2.500000e-01 5.000000e-01 0.000000e+00 -1.012016e-14 -2.566651e-14 0.000000e+00
-2.500000e-01 7.500000e-01 0.000000e+00 -1.594380e-14 -2.853375e-14 0.000000e+00
-2.500000e-01 1.000000e+00 0.000000e+00 -1.701143e-14 -2.665781e-14 0.000000e+00
-2.500000e-01 1.250000e+00 0.000000e+00 -1.434775e-14 -2.100761e-14 0.000000e+00
-2.500000e-01 1.500000e+00 0.000000e+00 -9.967974e-15 -1.391809e-14 0.000000e+00
-2.500000e-01 1.750000e+00 0.000000e+00 -5.758945e-15 -7.697741e-15 0.000000e+00
-2.500000e-01 2.000000e+00 0.000000e+00 -2.752901e-15 -3.516813e-15 0.000000e+00
-2.500000e-01 2.250000e+00 0.000000e+00 -1.073201e-15 -1.307810e-15 0.000000e+00
-2.500000e-01 2.500000e+00 0.000000e+00 -3.337866e-16 -3.880330e-16 0.000000e+00
0.000000e+00 -2.500000e+00 0.000000e+00 2.747159e-16 2.410679e-16 0.000000e+00
0.000000e+00 -2.250000e+00 0.000000e+00 9.751881e-16 8.729701e-16 0.000000e+00
0.000000e+00 -2.000000e+00 0.000000e+00 2.717921e-15 2.479703e-15 0.000000e+00
0.000000e+00 -1.750000e+00 0.000000e+00 6.093040e-15 5.642949e-15 0.000000e+00
0.000000e+00 -1.500000e+00 0.000000e+00 1.120099e-14 1.045123e-14 0.000000e+00
0.000000e+00 -1.250000e+00 0.000000e+00 1.713118e-14 1.593077e-14 0.000000e+00
0.000000e+00 -1.000000e+00 0.000000e+00 2.197522e-14 2.011006e-14 0.000000e+00
0.000000e+00 -7.500000e-01 0.000000e+00 2.355807e-14 2.097904e-14 0.000000e+00
0.000000e+00 -5.000000e-01 0.000000e+00 2.046042e-14 1.765938e-14 0.000000e+00
0.000000e+00 -2.500000e-01 0.000000e+00 1.271671e-14 1.077148e-14 0.000000e+00
0.000000e+00 0.000000e+00 0.000000e+00 1.891231e-15 1.845940e-15 0.000000e+00
0.000000e+00 2.500000e-01 0.000000e+00 -9.423085e-15 -7.387967e-15 0.000000e+00
0.000000e+00 5.000000e-01 0.000000e+00 -1.847128e-14 -1.520863e-14 0.000000e+00
0.000000e+00 7.500000e-01 0.000000e+00 -2.325590e-14 -1.996844e-14 0.000000e+00
0.000000e+00 1.000000e+00 0.000000e+00 -2.318547e-14 -2.063053e-14 0.000000e+00
0.000000e+00 1.250000e+00 0.000000e+00 -1.921667e-14 -1.751011e-14 0.000000e+00
0.000000e+00 1.500000e+00 0.000000e+00 -1.337098e-14 -1.230558e-14 0.000000e+00
0.000000e+00 1.750000e+00 0.000000e+00 -7.769787e-15 -7.134017e-15 0.000000e+00
0.000000e+00 2.000000e+00 0.000000e+00 -3.723093e-15 -3.379624e-15 0.000000e+00
0.000000e+00 2.250000e+00 0.000000e+00 -1.445281e-15 -1.290033e-15 0.000000e+00
0.000000e+00 2.500000e+00 0.000000e+00 -4.444586e-16 -3.892783e-16 0.000000e+00
2.500000e-01 -2.500000e+00 0.000000e+00 2.060122e-16 2.376382e-16 0.000000e+00
2.500000e-01 -2.250000e+00 0.000000e+00 7.218695e-16 8.729727e-16 0.000000e+00
2.500000e-01 -2.000000e+00 0.000000e+00 1.999546e-15 2.537455e-15 0.000000e+00
2.500000e-01 -1.750000e+00 0.000000e+00 4.486970e-15 5.966955e-15 0.000000e+00
2.500000e-01 -1.500000e+00 0.000000e+00 8.297605e-15 1.153985e-14 0.000000e+00
2.500000e-01 -1.250000e+00 0.000000e+00 1.275276e-14 1.857406e-14 0.000000e+00
2.500000e-01 -1.000000e+00 0.000000e+00 1.622692e-14 2.508775e-14 0.000000e+00
2.500000e-01 -7.500000e-01 0.000000e+00 1.663244e-14 2.857438e-14 0.000000e+00
2.500000e-01 -5.000000e-01 0.000000e+00 1.246803e-14 2.744010e-14 0.000000e+00
2.500000e-01 -2.500000e-01 0.000000e+00 3.826392e-15 2.192682e-14 0.000000e+00
2.500000e-01 0.000000e+00 0.000000e+00 -7.399971e-15 1.372932e-14 0.000000e+00
2.500000e-01 2.500000e-01 0.000000e+00 -1.832800e-14 4.848363e-15 0.000000e+00
2.500000e-01 5.000000e-01 0.000000e+00 -2.628735e-14 -3.125654e-15 0.000000e+00
2.500000e-01 7.500000e-01 0.000000e+00 -2.963965e-14 -8.965974e-15 0.000000e+00
2.500000e-01 1.000000e+00 0.000000e+00 -2.808016e-14 -1.175760e-14 0.000000e+00
2.500000e-01 1.250000e+00 0.000000e+00 -2.267130e-14 -1.133892e-14 0.000000e+00
2.500000e-01 1.500000e+00 0.000000e+00 -1.551779e-14 -8.654227e-15 0.000000e+00
2.500000e-01 1.750000e+00 0.000000e+00 -8.885521e-15 -5.307241e-15 0.000000e+00
2.500000e-01 2.000000e+00 0.000000e+00 -4.184369e-15 -2.609489e-15 0.000000e+00
2.500000e-01 2.250000e+00 0.000000e+00 -1.588852e-15 -1.018050e-15 0.000000e+00
2.500000e-01 2.500000e+00 0.000000e+00 -4.753757e-16 -3.099342e-16 0.000000e+00
5.000000e-01 -2.500000e+00 0.000000e+00 1.235217e-16 1.863692e-16 0.000000e+00
5.000000e-01 -2.250000e+00 0.000000e+00 4.365091e-16 7.047115e-16 0.000000e+00
5.000000e-01 -2.000000e+00 0.000000e+00 1.231827e-15 2.123548e-15 0.000000e+00
5.000000e-01 -1.750000e+00 0.000000e+00 2.842206e-15 5.215668e-15 0.000000e+00
5.000000e-01 -1.500000e+00 0.000000e+00 5.422547e-15 1.060674e-14 0.000000e+00
5.000000e-01 -1.250000e+00 0.000000e+00 8.527802e-15 1.805292e-14 0.000000e+00
5.000000e-01 -1.000000e+00 0.000000e+00 1.079304e-14 2.590976e-14 0.000000e+00
5.000000e-01 -7.500000e-01 0.000000e+00 1.021587e-14 3.154157e-14 0.000000e+00
5.000000e-01 -5.000000e-01 0.000000e+00 5.254533e-15 3.275567e-14 0.000000e+00
5.000000e-01 -2.500000e-01 0.000000e+00 -3.898422e-15 2.919367e-14 0.000000e+00
5.000000e-01 0.000000e+00 0.000000e+00 -1.502900e-14 2.238295e-14 0.000000e+00
5.000000e-01 2.500000e-01 0.000000e+00 -2.500185e-14 1.446896e-14 0.000000e+00
5.000000e-01 5.000000e-01 0.000000e+00 -3.128091e-14 7.026036e-15 0.000000e+00
5.000000e-01 7.500000e-01 0.000000e+00 -3.270474e-14 9.508379e-16 0.000000e+00
5.000000e-01 1.000000e+00 0.000000e+00 -2.947180e-14 -3.109984e-15 0.000000e+00
5.000000e-01 1.250000e+00 0.000000e+00 -2.292964e-14 -4.793442e-15 0.000000e+00
5.000000e-01 1.500000e+00 0.000000e+00 -1.521673e-14 -4.428761e-15 0.000000e+00
5.000000e-01 1.750000e+00 0.000000e+00 -8.460580e-15 -3.008238e-15 0.000000e+00
5.000000e-01 2.000000e+00 0.000000e+00 -3.862304e-15 -1.566877e-15 0.000000e+00
5.000000e-01 2.250000e+00 0.000000e+00 -1.416234e-15 -6.293994e-16 0.000000e+00
5.000000e-01 2.500000e+00 0.000000e+00 -4.070099e-16 -1.931607e-16 0.000000e+00
7.500000e-01 -2.500000e+00 0.000000e+00 5.926289e-17 1.164971e-16 0.000000e+00
7.500000e-01 -2.250000e+00 0.000000e+00 2.176884e-16 4.625923e-16 0.000000e+00
7.500000e-01 -2.000000e+00 0.000000e+00 6.469958e-16 1.473067e-15 0.000000e+00
7.500000e-01 -1.750000e+00 0.000000e+00 1.582119e-15 3.842835e-15 0.000000e+00
7.500000e-01 -1.500000e+00 0.000000e+00 3.176605e-15 8.323343e-15 0.000000e+00
7.500000e-01 -1.250000e+00 0.000000e+00 5.125771e-15 1.509312e-14 0.000000e+00
7.500000e-01 -1.000000e+00 0.000000e+00 6.289283e-15 2.304768e-14 0.000000e+00
7.500000e-01 -7.500000e-01 0.000000e+00 4.879083e-15 2.979807e-14 0.000000e+00
7.500000e-01 -5.000000e-01 0.000000e+00 -4.574964e-16 3.284757e-14 0.000000e+00
7.500000e-01 -2.500000e-01 0.000000e+00 -9.323349e-15 3.120715e-14 0.000000e+00
7.500000e-01 0.000000e+00 0.000000e+00 -1.933748e-14 2.594909e-14 0.000000e+00
7.500000e-01 2.500000e-01 0.000000e+00 -2.741038e-14 1.916625e-14 0.000000e+00
7.500000e-01 5.000000e-01 0.000000e+00 -3.138972e-14 1.252789e-14 0.000000e+00
7.500000e-01 7.500000e-01 0.000000e+00 -3.074159e-14 6.838857e-15 0.000000e+00
7.500000e-01 1.000000e+00 0.000000e+00 -2.624679e-14 2.505904e-15 0.000000e+00
7.500000e-01 1.250000e+00 0.000000e+00 -1.949051e-14 -1.666118e-16 0.000000e+00
7.500000e-01 1.500000e+00 0.000000e+00 -1.240224e-14 -1.210465e-15 0.000000e+00
7.500000e-01 1.750000e+00 0.000000e+00 -6.623158e-15 -1.148619e-15 0.000000e+00
7.500000e-01 2.000000e+00 0.000000e+00 -2.900511e-15 -6.867962e-16 0.000000e+00
7.500000e-01 2.250000e+00 0.000000e+00 -1.016320e-15 -2.936378e-16 0.000000e+00
7.500000e-01 2.500000e+00 0.000000e+00 -2.773159e-16 -9.194736e-17 0.000000e+00
1.000000e+00 -2.500000e+00 0.000000e+00 2.280876e-17 5.797604e-17 0.000000e+00
1.000000e+00 -2.250000e+00 0.000000e+00 9.068665e-17 2.480943e-16 0.000000e+00
1.000000e+00 -2.000000e+00 0.000000e+00 2.943458e-16 8.549911e-16 0.000000e+00
1.000000e+00 -1.750000e+00 0.000000e+00 7.791136e-16 2.415003e-15 0.000000e+00
1.000000e+00 -1.500000e+00 0.000000e+00 1.646080e-15 5.644293e-15 0.000000e+00
1.000000e+00 -1.250000e+00 0.000000e+00 2.655306e-15 1.097869e-14 0.000000e+00
1.000000e+00 -1.000000e+00 0.000000e+00 2.908373e-15 1.785846e-14 0.000000e+00
1.000000e+00 -7.500000e-01 0.000000e+00 1.010474e-15 2.442541e-14 0.000000e+00
1.000000e+00 -5.000000e-01 0.000000e+00 -3.994160e-15 2.829672e-14 0.000000e+00
1.000000e+00 -2.500000e-01 0.000000e+00 -1.152060e-14 2.807984e-14 0.000000e+00
1.000000e+00 0.000000e+00 0.000000e+00 -1.934446e-14 2.427628e-14 0.000000e+00
1.000000e+00 2.500000e-01 0.000000e+00 -2.484285e-14 1.868173e-14 0.000000e+00
1.000000e+00 5.000000e-01 0.000000e+00 -2.648770e-14 1.300583e-14 0.000000e+00
1.000000e+00 7.500000e-01 0.000000e+00 -2.434902e-14 8.126427e-15 0.000000e+00
1.000000e+00 1.000000e+00 0.000000e+00 -1.958973e-14 4.331994e-15 0.000000e+00
1.000000e+00 1.250000e+00 0.000000e+00 -1.376011e-14 1.745637e-15 0.000000e+00
1.000000e+00 1.500000e+00 0.000000e+00 -8.311348e-15 3.466674e-16 0.000000e+00
1.000000e+00 1.750000e+00 0.000000e+00 -4.220706e-15 -1.503858e-16 0.000000e+00
1.000000e+00 2.000000e+00 0.000000e+00 -1.755839e-15 -1.831224e-16 0.000000e+00
1.000000e+00 2.250000e+00 0.000000e+00 -5.818433e-16 -9.526594e-17 0.000000e+00
1.000000e+00 2.500000e+00 0.000000e+00 -1.489225e-16 -3.190542e-17 0.000000e+00
1.250000e+00 -2.500000e+00 0.000000e+00 7.071066e-18 2.287397e-17 0.000000e+00
1.250000e+00 -2.250000e+00 0.000000e+00 3.186305e-17 1.088404e-16 0.000000e+00
1.250000e+00 -2.000000e+00 0.000000e+00 1.158527e-16 4.163758e-16 0.000000e+00
1.250000e+00 -1.750000e+00 0.000000e+00 3.314655e-16 1.295241e-15 0.000000e+00
1.250000e+00 -1.500000e+00 0.000000e+00 7.172022e-16 3.295817e-15 0.000000e+00
1.250000e+00 -1.250000e+00 0.000000e+00 1.081056e-15 6.895625e-15 0.000000e+00
1.250000e+00 -1.000000e+00 0.000000e+00 7.957723e-16 1.193333e-14 0.000000e+00
1.250000e+00 -7.500000e-01 0.000000e+00 -1.059707e-15 1.719833e-14 0.000000e+00
1.250000e+00 -5.000000e-01 0.000000e+00 -5.017938e-15 2.080770e-14 0.000000e+00
1.250000e+00 -2.500000e-01 0.000000e+00 -1.046329e-14 2.135525e-14 0.000000e+00
1.250000e+00 0.000000e+00 0.000000e+00 -1.564753e-14 1.886953e-14 0.000000e+00
1.250000e+00 2.500000e-01 0.000000e+00 -1.869176e-14 1.464688e-14 0.000000e+00
1.250000e+00 5.000000e-01 0.000000e+00 -1.871956e-14 1.020339e-14 0.000000e+00
1.250000e+00 7.500000e-01 0.000000e+00 -1.615657e-14 6.443305e-15 0.000000e+00
1.250000e+00 1.000000e+00 0.000000e+00 -1.217988e-14 3.626354e-15 0.000000e+00
1.250000e+00 1.250000e+00 0.000000e+00 -8.016355e-15 1.728804e-15 0.000000e+00
1.250000e+00 1.500000e+00 0.000000e+00 -4.545148e-15 6.373465e-16 0.000000e+00
1.250000e+00 1.750000e+00 0.000000e+00 -2.169883e-15 1.477774e-16 0.000000e+00
1.250000e+00 2.000000e+00 0.000000e+00 -8.477363e-16 1.711048e-19 0.000000e+00
1.250000e+00 2.250000e+00 0.000000e+00 -2.624739e-16 -1.620474e-17 0.000000e+00
1.250000e+00 2.500000e+00 0.000000e+00 -6.211909e-17 -7.243067e-18 0.000000e+00
1.500000e+00 -2.500000e+00 0.000000e+00 1.764769e-18 7.088141e-18 0.000000e+00
1.500000e+00 -2.250000e+00 0.000000e+00 9.362137e-18 3.882598e-17 0.000000e+00
1.500000e+00 -2.000000e+00 0.000000e+00 3.822060e-17 1.687106e-16 0.000000e+00
1.500000e+00 -1.750000e+00 0.000000e+00 1.151885e-16 5.847519e-16 0.000000e+00
1.500000e+00 -1.500000e+00 0.000000e+00 2.409485e-16 1.626323e-15 0.000000e+00
1.500000e+00 -1.250000e+00 0.000000e+00 2.822128e-16 3.659135e-15 0.000000e+00
1.500000e+00 -1.000000e+00 0.000000e+00 -1.336870e-16 6.722576e-15 0.000000e+00
1.500000e+00 -7.500000e-01 0.000000e+00 -1.517016e-15 1.018001e-14 0.000000e+00
1.500000e+00 -5.000000e-01 0.000000e+00 -4.101218e-15 1.282222e-14 0.000000e+00
1.500000e+00 -2.500000e-01 0.000000e+00 -7.405271e-15 1.356204e-14 0.000000e+00
1.500000e+00 0.000000e+00 0.000000e+00 -1.029112e-14 1.218732e-14 0.000000e+00
1.500000e+00 2.500000e-01 0.000000e+00 -1.163019e-14 9.451914e-15 0.000000e+00
1.500000e+00 5.000000e-01 0.000000e+00 -1.102396e-14 6.451190e-15 0.000000e+00
1.500000e+00 7.500000e-01 0.000000e+00 -8.945166e-15 3.943199e-15 0.000000e+00
1.500000e+00 1.000000e+00 0.000000e+00 -6.289674e-15 2.163986e-15 0.000000e+00
1.500000e+00 1.250000e+00 0.000000e+00 -3.840655e-15 1.041081e-15 0.000000e+00
1.500000e+00 1.500000e+00 0.000000e+00 -2.017017e-15 4.170072e-16 0.000000e+00
1.500000e+00 1.750000e+00 0.000000e+00 -8.920076e-16 1.284450e-16 0.000000e+00
1.500000e+00 2.000000e+00 0.000000e+00 -3.223593e-16 2.632482e-17 0.000000e+00
1.500000e+00 2.250000e+00 0.000000e+00 -9.177377e-17 1.963740e-18 0.000000e+00
1.500000e+00 2.500000e+00 0.000000e+00 -1.970866e-17 -6.844862e-19 0.000000e+00
1.750000e+00 -2.500000e+00 0.000000e+00 3.471850e-19 1.692133e-18 0.000000e+00
1.750000e+00 -2.250000e+00 0.000000e+00 2.207680e-18 1.104920e-17 0.000000e+00
1.750000e+00 -2.000000e+00 0.000000e+00 9.928625e-18 5.556475e-17 0.000000e+00
1.750000e+00 -1.750000e+00 0.000000e+00 3.004741e-17 2.161787e-16 0.000000e+00
1.750000e+00 -1.500000e+00 0.000000e+00 5.309503e-17 6.584929e-16 0.000000e+00
1.750000e+00 -1.250000e+00 0.000000e+00 4.776794e-18 1.593364e-15 0.000000e+00
1.750000e+00 -1.000000e+00 0.000000e+00 -2.989419e-16 3.106427e-15 0.000000e+00
1.750000e+00 -7.500000e-01 0.000000e+00 -1.095304e-15 4.940726e-15 0.000000e+00
1.750000e+00 -5.000000e-01 0.000000e+00 -2.466855e-15 6.477775e-15 0.000000e+00
1.750000e+00 -2.500000e-01 0.000000e+00 -4.128362e-15 7.064168e-15 0.000000e+00
1.750000e+00 0.000000e+00 0.000000e+00 -5.472503e-15 6.464427e-15 0.000000e+00
1.750000e+00 2.500000e-01 0.000000e+00 -5.932950e-15 5.016505e-15 0.000000e+00
1.750000e+00 5.000000e-01 0.000000e+00 -5.367099e-15 3.347251e-15 0.000000e+00
1.750000e+00 7.500000e-01 0.000000e+00 -4.109548e-15 1.952226e-15 0.000000e+00
1.750000e+00 1.000000e+00 0.000000e+00 -2.689607e-15 1.007872e-15 0.000000e+00
1.750000e+00 1.250000e+00 0.000000e+00 -1.510269e-15 4.590984e-16 0.000000e+00
1.750000e+00 1.500000e+00 0.000000e+00 -7.236583e-16 1.792857e-16 0.000000e+00
1.750000e+00 1.750000e+00 0.000000e+00 -2.908413e-16 5.685806e-17 0.000000e+00
1.750000e+00 2.000000e+00 0.000000e+00 -9.519259e-17 1.353942e-17 0.000000e+00
1.750000e+00 2.250000e+00 0.000000e+00 -2.435476e-17 2.131742e-18 0.000000e+00
1.750000e+00 2.500000e+00 0.000000e+00 -4.620056e-18 1.534712e-19 0.000000e+00
2.000000e+00 -2.500000e+00 0.000000e+00 5.064672e-20 3.003805e-19 0.000000e+00
2.000000e+00 -2.250000e+00 0.000000e+00 3.866153e-19 2.414388e-18 0.000000e+00
2.000000e+00 -2.000000e+00 0.000000e+00 1.855226e-18 1.430202e-17 0.000000e+00
2.000000e+00 -1.750000e+00 0.000000e+00 5.102031e-18 6.299202e-17 0.000000e+00
2.000000e+00 -1.500000e+00 0.000000e+00 3.463371e-18 2.111692e-16 0.000000e+00
2.000000e+00 -1.250000e+00 0.000000e+00 -3.524673e-17 5.514952e-16 0.000000e+00
2.000000e+00 -1.000000e+00 0.000000e+00 -1.851759e-16 1.144452e-15 0.000000e+00
2.000000e+00 -7.500000e-01 0.000000e+00 -5.388182e-16 1.916946e-15 0.000000e+00
2.000000e+00 -5.000000e-01 0.000000e+00 -1.121835e-15 2.622755e-15 0.000000e+00
2.000000e+00 -2.500000e-01 0.000000e+00 -1.805029e-15 2.957255e-15 0.000000e+00
2.000000e+00 0.000000e+00 0.000000e+00 -2.325962e-15 2.766727e-15 0.000000e+00
2.000000e+00 2.500000e-01 0.000000e+00 -2.448935e-15 2.161132e-15 0.000000e+00
2.000000e+00 5.000000e-01 0.000000e+00 -2.133409e-15 1.419763e-15 0.000000e+00
2.000000e+00 7.500000e-01 0.000000e+00 -1.550996e-15 7.923291e-16 0.000000e+00
2.000000e+00 1.000000e+00 0.000000e+00 -9.464886e-16 3.801674e-16 0.000000e+00
2.000000e+00 1.250000e+00 0.000000e+00 -4.860958e-16 1.581120e-16 0.000000e+00
2.000000e+00 1.500000e+00 0.000000e+00 -2.094678e-16 5.657137e-17 0.000000e+00
2.000000e+00 1.750000e+00 0.000000e+00 -7.477831e-17 1.683311e-17 0.000000e+00
2.000000e+00 2.000000e+00 0.000000e+00 -2.153247e-17 3.914852e-18 0.000000e+00
2.000000e+00 2.250000e+00 0.000000e+00 -4.786925e-18 6.497405e-19 0.000000e+00
2.000000e+00 2.500000e+00 0.000000e+00 -7.712609e-19 6.648736e-20 0.000000e+00
2.250000e+00 -2.500000e+00 0.000000e+00 4.914527e-21 3.793530e-20 0.000000e+00
2.250000e+00 -2.250000e+00 0.000000e+00 4.471295e-20 3.811476e-19 0.000000e+00
2.250000e+00 -2.000000e+00 0.000000e+00 2.156290e-19 2.722564e-18 0.000000e+00
2.250000e+00 -1.750000e+00 0.000000e+00 3.408632e-19 1.380249e-17 0.000000e+00
2.250000e+00 -1.500000e+00 0.000000e+00 -2.197808e-18 5.154207e-17 0.000000e+00
2.250000e+00 -1.250000e+00 0.000000e+00 -1.799226e-17 1.466535e-16 0.000000e+00
2.250000e+00 -1.000000e+00 0.000000e+00 -7.088710e-17 3.263619e-16 0.000000e+00
2.250000e+00 -7.500000e-01 0.000000e+00 -1.907866e-16 5.791310e-16 0.000000e+00
2.250000e+00 -5.000000e-01 0.000000e+00 -3.856846e-16 8.308546e-16 0.000000e+00
2.250000e+00 -2.500000e-01 0.000000e+00 -6.111944e-16 9.727609e-16 0.000000e+00
2.250000e+00 0.000000e+00 0.000000e+00 -7.770131e-16 9.348780e-16 0.000000e+00
2.250000e+00 2.500000e-01 0.000000e+00 -8.030240e-16 7.399702e-16 0.000000e+00
2.250000e+00 5.000000e-01 0.000000e+00 -6.796402e-16 4.833564e-16 0.000000e+00
2.250000e+00 7.500000e-01 0.000000e+00 -4.727311e-16 2.611671e-16 0.000000e+00
2.250000e+00 1.000000e+00 0.000000e+00 -2.704511e-16 1.172147e-16 0.000000e+00
2.250000e+00 1.250000e+00 0.000000e+00 -1.270634e-16 4.396227e-17 0.000000e+00
2.250000e+00 1.500000e+00 0.000000e+00 -4.878231e-17 1.381684e-17 0.000000e+00
2.250000e+00 1.750000e+00 0.000000e+00 -1.512849e-17 3.591101e-18 0.000000e+00
2.250000e+00 2.000000e+00 0.000000e+00 -3.699695e-18 7.384481e-19 0.000000e+00
2.250000e+00 2.250000e+00 0.000000e+00 -6.830185e-19 1.104125e-19 0.000000e+00
2.250000e+00 2.500000e+00 0.000000e+00 -8.928453e-20 1.049397e-20 0.000000e+00
2.500000e+00 -2.500000e+00 0.000000e+00 2.929463e-22 3.618749e-21 0.000000e+00
2.500000e+00 -2.250000e+00 0.000000e+00 2.818821e-21 4.044612e-20 0.000000e+00
2.500000e+00 -2.000000e+00 0.000000e+00 1.029227e-20 3.565807e-19 0.000000e+00
2.500000e+00 -1.750000e+00 0.000000e+00 -5.975825e-20 2.145562e-18 0.000000e+00
2.500000e+00 -1.500000e+00 0.000000e+00 -8.711727e-19 9.137824e-18 0.000000e+00
2.500000e+00 -1.250000e+00 0.000000e+00 -4.999782e-18 2.882434e-17 0.000000e+00
2.500000e+00 -1.000000e+00 0.000000e+00 -1.838583e-17 6.968112e-17 0.000000e+00
2.500000e+00 -7.500000e-01 0.000000e+00 -4.883151e-17 1.322485e-16 0.000000e+00
2.500000e+00 -5.000000e-01 0.000000e+00 -9.885061e-17 2.003470e-16 0.000000e+00
2.500000e+00 -2.500000e-01 0.000000e+00 -1.570970e-16 2.448698e-16 0.000000e+00
2.500000e+00 0.000000e+00 0.000000e+00 -1.994080e-16 2.428943e-16 0.000000e+00
2.500000e+00 2.500000e-01 0.000000e+00 -2.040923e-16 1.959172e-16 0.000000e+00
2.500000e+00 5.000000e-01 0.000000e+00 -1.690974e-16 1.283326e-16 0.000000e+00
2.500000e+00 7.500000e-01 0.000000e+00 -1.133687e-16 6.801640e-17 0.000000e+00
2.500000e+00 1.000000e+00 0.000000e+00 -6.125156e-17 2.902606e-17 0.000000e+00
2.500000e+00 1.250000e+00 0.000000e+00 -2.647156e-17 9.926736e-18 0.000000e+00
2.500000e+00 1.500000e+00 0.000000e+00 -9.050494e-18 2.708421e-18 0.000000e+00
2.500000e+00 1.750000e+00 0.000000e+00 -2.408231e-18 5.842151e-19 0.000000e+00
2.500000e+00 2.000000e+00 0.000000e+00 -4.864559e-19 9.690875e-20 0.000000e+00
2.500000e+00 2.250000e+00 0.000000e+00 -7.220691e-20 1.159240e-20 0.000000e+00
2.500000e+00 2.500000e+00 0.000000e+00 -7.947473e-21 9.287535e-22 0.000000e+00
