Iteration# z ADDATime OurCalcTime
1.0000000000 -0.0500000000 0.0000000000 41.2200000000
2.0000000000 0.0000000000 0.0000000000 41.3300000000
3.0000000000 0.0500000000 0.0000000000 41.2500000000
4.0000000000 0.1000000000 0.0000000000 41.5700000000
5.0000000000 0.1500000000 0.0000000000 41.1600000000
6.0000000000 0.2000000000 0.0000000000 41.0000000000
7.0000000000 0.2500000000 0.0000000000 40.8600000000
8.0000000000 0.3000000000 0.0000000000 40.7400000000
9.0000000000 0.3500000000 0.0000000000 41.5800000000
10.0000000000 0.4000000000 0.0100000000 40.8400000000
11.0000000000 0.4500000000 0.0000000000 40.8500000000
12.0000000000 0.5000000000 0.0000000000 41.1100000000
13.0000000000 0.4750000000 0.0000000000 41.0500000000
14.0000000000 0.4625000000 0.0000000000 40.7700000000
15.0000000000 0.4750000000 0.0000000000 40.6200000000
16.0000000000 0.4687500000 0.0000000000 40.9200000000
17.0000000000 0.4656250000 0.0000000000 40.4200000000
18.0000000000 0.4640625000 0.0000000000 40.5500000000
19.0000000000 0.4632812500 0.0100000000 40.9500000000
20.0000000000 0.4640625000 0.0100000000 40.7500000000
21.0000000000 0.4636718750 0.0000000000 40.9600000000
22.0000000000 0.4634765625 0.0000000000 40.7700000000
1.0000000000 0.4636718750 0.0000000000 41.1300000000
2.0000000000 0.4638671875 0.0100000000 41.5000000000
3.0000000000 0.4640625000 0.0100000000 40.6000000000
4.0000000000 0.4642578125 0.0000000000 40.6600000000
5.0000000000 0.4644531250 0.0000000000 40.6900000000
6.0000000000 0.4646484375 0.0000000000 40.9300000000
7.0000000000 0.4648437500 0.0000000000 40.8300000000
8.0000000000 0.4650390625 0.0100000000 40.1300000000
9.0000000000 0.4652343750 0.0000000000 40.9200000000
10.0000000000 0.4654296875 0.0100000000 41.3200000000
11.0000000000 0.4656250000 0.0100000000 40.9600000000
12.0000000000 0.4658203125 0.0100000000 40.4100000000
13.0000000000 0.4660156250 0.0100000000 40.4200000000
14.0000000000 0.4662109375 0.0000000000 40.6300000000
15.0000000000 0.4664062500 0.0000000000 40.5100000000
16.0000000000 0.4666015625 0.0000000000 41.2700000000
17.0000000000 0.4667968750 0.0000000000 41.0600000000
18.0000000000 0.4669921875 0.0000000000 41.0400000000
19.0000000000 0.4671875000 0.0100000000 40.8900000000
20.0000000000 0.4673828125 0.0100000000 40.8000000000
21.0000000000 0.4675781250 0.0000000000 41.1500000000
22.0000000000 0.4677734375 0.0100000000 41.0800000000
23.0000000000 0.4679687500 0.0000000000 40.1100000000
24.0000000000 0.4681640625 0.0100000000 40.6200000000
25.0000000000 0.4683593750 0.0000000000 40.2600000000
26.0000000000 0.4685546875 0.0000000000 40.2500000000
27.0000000000 0.4687500000 0.0000000000 40.6100000000
28.0000000000 0.4689453125 0.0000000000 40.5800000000
29.0000000000 0.4691406250 0.0000000000 40.6300000000
30.0000000000 0.4693359375 0.0000000000 40.2100000000
31.0000000000 0.4695312500 0.0000000000 40.6600000000
32.0000000000 0.4697265625 0.0000000000 40.5600000000
33.0000000000 0.4699218750 0.0000000000 41.0800000000
34.0000000000 0.4701171875 0.0000000000 41.1000000000
35.0000000000 0.4703125000 0.0000000000 40.3200000000
36.0000000000 0.4705078125 0.0000000000 41.0300000000
37.0000000000 0.4707031250 0.0100000000 40.8400000000
38.0000000000 0.4708984375 0.0000000000 41.0300000000
39.0000000000 0.4710937500 0.0000000000 40.6000000000
40.0000000000 0.4712890625 0.0000000000 41.0000000000
41.0000000000 0.4714843750 0.0000000000 41.0200000000
42.0000000000 0.4716796875 0.0100000000 41.0700000000
43.0000000000 0.4718750000 0.0000000000 40.9300000000
44.0000000000 0.4720703125 0.0100000000 40.8000000000
45.0000000000 0.4722656250 0.0000000000 40.6600000000
46.0000000000 0.4724609375 0.0000000000 40.3800000000
47.0000000000 0.4726562500 0.0000000000 40.2900000000
48.0000000000 0.4728515625 0.0000000000 40.6600000000
49.0000000000 0.4730468750 0.0000000000 40.5800000000
50.0000000000 0.4732421875 0.0000000000 40.9000000000
51.0000000000 0.4734375000 0.0000000000 40.4000000000
52.0000000000 0.4736328125 0.0000000000 40.2100000000
53.0000000000 0.4738281250 0.0000000000 40.2800000000
54.0000000000 0.4740234375 0.0100000000 40.3900000000
55.0000000000 0.4742187500 0.0000000000 40.3600000000
56.0000000000 0.4744140625 0.0000000000 40.6900000000
57.0000000000 0.4746093750 0.0000000000 40.3500000000
58.0000000000 0.4748046875 0.0000000000 40.5600000000
59.0000000000 0.4750000000 0.0000000000 40.3500000000
60.0000000000 0.4751953125 0.0000000000 40.4300000000
61.0000000000 0.4753906250 0.0000000000 40.5600000000
62.0000000000 0.4755859375 0.0100000000 39.9100000000
63.0000000000 0.4757812500 0.0000000000 40.0400000000
64.0000000000 0.4759765625 0.0000000000 40.4600000000
65.0000000000 0.4761718750 0.0100000000 40.3000000000
66.0000000000 0.4763671875 0.0100000000 40.4400000000
67.0000000000 0.4765625000 0.0100000000 40.5300000000
68.0000000000 0.4767578125 0.0000000000 40.4900000000
69.0000000000 0.4769531250 0.0000000000 40.5500000000
70.0000000000 0.4771484375 0.0000000000 40.9500000000
71.0000000000 0.4773437500 0.0000000000 40.4700000000
72.0000000000 0.4775390625 0.0100000000 41.7500000000
73.0000000000 0.4777343750 0.0000000000 40.4800000000
74.0000000000 0.4779296875 0.0000000000 40.2000000000
75.0000000000 0.4781250000 0.0100000000 40.1500000000
76.0000000000 0.4783203125 0.0000000000 40.3800000000
77.0000000000 0.4785156250 0.0000000000 40.5500000000
78.0000000000 0.4787109375 0.0000000000 41.3600000000
79.0000000000 0.4789062500 0.0000000000 40.2900000000
80.0000000000 0.4791015625 0.0000000000 40.6100000000
81.0000000000 0.4792968750 0.0000000000 40.3100000000
82.0000000000 0.4794921875 0.0100000000 40.8800000000
83.0000000000 0.4796875000 0.0100000000 40.4700000000
84.0000000000 0.4798828125 0.0000000000 41.2000000000
85.0000000000 0.4800781250 0.0100000000 41.0100000000
86.0000000000 0.4802734375 0.0100000000 40.8500000000
87.0000000000 0.4804687500 0.0000000000 42.0100000000
1.0000000000 0.4806640625 0.0000000000 41.3000000000
2.0000000000 0.4808593750 0.0000000000 41.9500000000
3.0000000000 0.4810546875 0.0000000000 41.4100000000
4.0000000000 0.4812500000 0.0100000000 41.3800000000
5.0000000000 0.4814453125 0.0000000000 41.5600000000
6.0000000000 0.4816406250 0.0000000000 40.9200000000
7.0000000000 0.4818359375 0.0000000000 41.1800000000
8.0000000000 0.4820312500 0.0000000000 41.0500000000
9.0000000000 0.4822265625 0.0000000000 40.7700000000
10.0000000000 0.4824218750 0.0000000000 40.6800000000
11.0000000000 0.4826171875 0.0000000000 40.9100000000
12.0000000000 0.4828125000 0.0000000000 40.7800000000
13.0000000000 0.4830078125 0.0000000000 41.0600000000
14.0000000000 0.4832031250 0.0100000000 40.9000000000
15.0000000000 0.4833984375 0.0000000000 40.4700000000
16.0000000000 0.4835937500 0.0000000000 40.6300000000
17.0000000000 0.4837890625 0.0000000000 40.7900000000
18.0000000000 0.4839843750 0.0100000000 40.5900000000
19.0000000000 0.4841796875 0.0100000000 40.3500000000
20.0000000000 0.4843750000 0.0000000000 40.2400000000
21.0000000000 0.4845703125 0.0000000000 40.3700000000
22.0000000000 0.4847656250 0.0000000000 40.6500000000
23.0000000000 0.4849609375 0.0100000000 40.3100000000
24.0000000000 0.4851562500 0.0000000000 40.4100000000
25.0000000000 0.4853515625 0.0000000000 40.7000000000
26.0000000000 0.4855468750 0.0000000000 40.4600000000
27.0000000000 0.4857421875 0.0000000000 40.2500000000
28.0000000000 0.4859375000 0.0000000000 40.4400000000
29.0000000000 0.4861328125 0.0000000000 41.0300000000
30.0000000000 0.4863281250 0.0000000000 40.7000000000
31.0000000000 0.4865234375 0.0000000000 40.4100000000
32.0000000000 0.4867187500 0.0000000000 41.4200000000
33.0000000000 0.4869140625 0.0000000000 40.9800000000
34.0000000000 0.4871093750 0.0000000000 40.6800000000
35.0000000000 0.4873046875 0.0000000000 40.6000000000
36.0000000000 0.4875000000 0.0100000000 40.3700000000
37.0000000000 0.4876953125 0.0000000000 41.7400000000
38.0000000000 0.4878906250 0.0000000000 40.9200000000
39.0000000000 0.4880859375 0.0000000000 40.6600000000
40.0000000000 0.4882812500 0.0000000000 40.6000000000
41.0000000000 0.4884765625 0.0000000000 41.3500000000
42.0000000000 0.4886718750 0.0100000000 41.5600000000
43.0000000000 0.4888671875 0.0100000000 41.2000000000
44.0000000000 0.4890625000 0.0100000000 40.9900000000
45.0000000000 0.4892578125 0.0000000000 40.4200000000
46.0000000000 0.4894531250 0.0100000000 40.3100000000
47.0000000000 0.4896484375 0.0000000000 40.7200000000
48.0000000000 0.4898437500 0.0000000000 40.6600000000
49.0000000000 0.4900390625 0.0100000000 41.1300000000
50.0000000000 0.4902343750 0.0100000000 40.6600000000
51.0000000000 0.4904296875 0.0000000000 40.3800000000
52.0000000000 0.4906250000 0.0000000000 40.5900000000
53.0000000000 0.4908203125 0.0000000000 40.4000000000
54.0000000000 0.4910156250 0.0000000000 40.7400000000
55.0000000000 0.4912109375 0.0100000000 40.1000000000
56.0000000000 0.4914062500 0.0000000000 40.1500000000
57.0000000000 0.4916015625 0.0000000000 40.2100000000
58.0000000000 0.4917968750 0.0000000000 41.0000000000
59.0000000000 0.4919921875 0.0000000000 40.7600000000
60.0000000000 0.4921875000 0.0000000000 40.8200000000
61.0000000000 0.4923828125 0.0000000000 41.0400000000
62.0000000000 0.4925781250 0.0100000000 40.9200000000
63.0000000000 0.4927734375 0.0100000000 40.5000000000
64.0000000000 0.4929687500 0.0000000000 40.8500000000
65.0000000000 0.4931640625 0.0000000000 40.9200000000
66.0000000000 0.4933593750 0.0000000000 41.1000000000
67.0000000000 0.4935546875 0.0100000000 40.8000000000
68.0000000000 0.4937500000 0.0000000000 41.0000000000
69.0000000000 0.4939453125 0.0000000000 40.8500000000
70.0000000000 0.4941406250 0.0100000000 40.7700000000
71.0000000000 0.4943359375 0.0000000000 40.7500000000
72.0000000000 0.4945312500 0.0100000000 41.0200000000
73.0000000000 0.4947265625 0.0100000000 40.8600000000
74.0000000000 0.4949218750 0.0100000000 40.5800000000
75.0000000000 0.4951171875 0.0000000000 41.1500000000
76.0000000000 0.4953125000 0.0000000000 40.8800000000
77.0000000000 0.4955078125 0.0000000000 40.4400000000
78.0000000000 0.4957031250 0.0000000000 41.0300000000
79.0000000000 0.4958984375 0.0000000000 40.3900000000
80.0000000000 0.4960937500 0.0000000000 40.3100000000
81.0000000000 0.4962890625 0.0000000000 40.8000000000
1.0000000000 0.4964843750 0.0000000000 40.4200000000
2.0000000000 0.4966796875 0.0000000000 41.1800000000
3.0000000000 0.4968750000 0.0000000000 40.4600000000
4.0000000000 0.4970703125 0.0000000000 40.4700000000
5.0000000000 0.4972656250 0.0000000000 41.1100000000
6.0000000000 0.4974609375 0.0000000000 40.6300000000
7.0000000000 0.4976562500 0.0100000000 40.3600000000
8.0000000000 0.4978515625 0.0100000000 40.3800000000
9.0000000000 0.4980468750 0.0000000000 40.6600000000
10.0000000000 0.4982421875 0.0000000000 40.8400000000
11.0000000000 0.4984375000 0.0000000000 40.3400000000
12.0000000000 0.4986328125 0.0100000000 40.5400000000
13.0000000000 0.4988281250 0.0000000000 40.7800000000
14.0000000000 0.4990234375 0.0000000000 40.6200000000
15.0000000000 0.4992187500 0.0000000000 40.4800000000
16.0000000000 0.4994140625 0.0100000000 40.9000000000
17.0000000000 0.4996093750 0.0000000000 40.9700000000
18.0000000000 0.4998046875 0.0000000000 40.7500000000
19.0000000000 0.5000000000 0.0100000000 40.4600000000
20.0000000000 0.5001953125 0.0000000000 40.5000000000
21.0000000000 0.5003906250 0.0100000000 40.4200000000
22.0000000000 0.5005859375 0.0100000000 40.3700000000
23.0000000000 0.5007812500 0.0000000000 40.4000000000
24.0000000000 0.5009765625 0.0000000000 40.5600000000
25.0000000000 0.5011718750 0.0100000000 41.1300000000
26.0000000000 0.5013671875 0.0000000000 41.3500000000
27.0000000000 0.5015625000 0.0000000000 40.6700000000
28.0000000000 0.5017578125 0.0000000000 40.8400000000
29.0000000000 0.5019531250 0.0000000000 40.7900000000
30.0000000000 0.5021484375 0.0000000000 40.2600000000
31.0000000000 0.5023437500 0.0000000000 40.4100000000
32.0000000000 0.5025390625 0.0000000000 40.7200000000
33.0000000000 0.5027343750 0.0000000000 40.5800000000
34.0000000000 0.5029296875 0.0000000000 40.0400000000
35.0000000000 0.5031250000 0.0000000000 40.5600000000
36.0000000000 0.5033203125 0.0000000000 40.0200000000
37.0000000000 0.5035156250 0.0000000000 40.4600000000
38.0000000000 0.5037109375 0.0000000000 40.8100000000
39.0000000000 0.5039062500 0.0200000000 40.5200000000
40.0000000000 0.5041015625 0.0000000000 40.8900000000
41.0000000000 0.5042968750 0.0100000000 40.4200000000
42.0000000000 0.5044921875 0.0000000000 40.4600000000
43.0000000000 0.5046875000 0.0000000000 40.4200000000
44.0000000000 0.5048828125 0.0000000000 40.3700000000
45.0000000000 0.5050781250 0.0000000000 40.7600000000
46.0000000000 0.5052734375 0.0100000000 40.2700000000
47.0000000000 0.5054687500 0.0000000000 40.3300000000
48.0000000000 0.5056640625 0.0000000000 41.5200000000
49.0000000000 0.5058593750 0.0000000000 40.2300000000
50.0000000000 0.5060546875 0.0100000000 40.6400000000
51.0000000000 0.5062500000 0.0000000000 40.8000000000
52.0000000000 0.5064453125 0.0000000000 41.4000000000
53.0000000000 0.5066406250 0.0100000000 41.5200000000
54.0000000000 0.5068359375 0.0000000000 40.6000000000
55.0000000000 0.5070312500 0.0000000000 41.0100000000
56.0000000000 0.5072265625 0.0100000000 41.2200000000
57.0000000000 0.5074218750 0.0100000000 41.0100000000
58.0000000000 0.5076171875 0.0100000000 40.3100000000
59.0000000000 0.5078125000 0.0000000000 40.8200000000
60.0000000000 0.5080078125 0.0100000000 40.9000000000
61.0000000000 0.5082031250 0.0000000000 40.7800000000
62.0000000000 0.5083984375 0.0000000000 40.2800000000
63.0000000000 0.5085937500 0.0000000000 40.4300000000
64.0000000000 0.5087890625 0.0100000000 41.1500000000
65.0000000000 0.5089843750 0.0100000000 40.9900000000
66.0000000000 0.5091796875 0.0000000000 40.8300000000
67.0000000000 0.5093750000 0.0000000000 40.3600000000
68.0000000000 0.5095703125 0.0000000000 40.6800000000
69.0000000000 0.5097656250 0.0100000000 40.4200000000
70.0000000000 0.5099609375 0.0000000000 40.9500000000
71.0000000000 0.5101562500 0.0000000000 40.3500000000
72.0000000000 0.5103515625 0.0000000000 40.5300000000
73.0000000000 0.5105468750 0.0000000000 40.6600000000
74.0000000000 0.5107421875 0.0000000000 40.8500000000
75.0000000000 0.5109375000 0.0000000000 40.5000000000
76.0000000000 0.5111328125 0.0100000000 40.6600000000
1.0000000000 0.5113281250 0.0000000000 40.7200000000
2.0000000000 0.5115234375 0.0000000000 41.0500000000
3.0000000000 0.5117187500 0.0000000000 40.7400000000
4.0000000000 0.5119140625 0.0000000000 40.6400000000
5.0000000000 0.5121093750 0.0000000000 40.7300000000
6.0000000000 0.5123046875 0.0000000000 40.6700000000
7.0000000000 0.5125000000 0.0000000000 40.7100000000
8.0000000000 0.5126953125 0.0000000000 40.5800000000
9.0000000000 0.5128906250 0.0000000000 40.7000000000
10.0000000000 0.5130859375 0.0100000000 40.2000000000
11.0000000000 0.5132812500 0.0100000000 40.7700000000
12.0000000000 0.5134765625 0.0000000000 40.2800000000
13.0000000000 0.5136718750 0.0000000000 40.5300000000
14.0000000000 0.5138671875 0.0000000000 40.1600000000
15.0000000000 0.5140625000 0.0000000000 40.2300000000
16.0000000000 0.5142578125 0.0000000000 40.5400000000
17.0000000000 0.5144531250 0.0000000000 40.7200000000
18.0000000000 0.5146484375 0.0000000000 40.2900000000
19.0000000000 0.5148437500 0.0000000000 40.3300000000
20.0000000000 0.5150390625 0.0000000000 40.3800000000
21.0000000000 0.5152343750 0.0000000000 40.9100000000
22.0000000000 0.5154296875 0.0000000000 40.8900000000
23.0000000000 0.5156250000 0.0100000000 40.4200000000
24.0000000000 0.5158203125 0.0000000000 40.3800000000
25.0000000000 0.5160156250 0.0000000000 41.0900000000
26.0000000000 0.5162109375 0.0000000000 41.4500000000
27.0000000000 0.5164062500 0.0100000000 40.3700000000
28.0000000000 0.5166015625 0.0100000000 40.8300000000
29.0000000000 0.5167968750 0.0100000000 40.9200000000
30.0000000000 0.5169921875 0.0000000000 40.5800000000
31.0000000000 0.5171875000 0.0100000000 41.0700000000
32.0000000000 0.5173828125 0.0000000000 40.2100000000
33.0000000000 0.5175781250 0.0000000000 40.4100000000
34.0000000000 0.5177734375 0.0000000000 40.2000000000
35.0000000000 0.5179687500 0.0000000000 40.8600000000
36.0000000000 0.5181640625 0.0000000000 40.7800000000
37.0000000000 0.5183593750 0.0000000000 40.3900000000
38.0000000000 0.5185546875 0.0000000000 40.4100000000
39.0000000000 0.5187500000 0.0100000000 40.2900000000
40.0000000000 0.5189453125 0.0000000000 40.2400000000
41.0000000000 0.5191406250 0.0100000000 40.3900000000
42.0000000000 0.5193359375 0.0100000000 41.2400000000
43.0000000000 0.5195312500 0.0000000000 40.7100000000
44.0000000000 0.5197265625 0.0000000000 40.6700000000
45.0000000000 0.5199218750 0.0000000000 40.9300000000
46.0000000000 0.5201171875 0.0100000000 40.8400000000
47.0000000000 0.5203125000 0.0100000000 40.4100000000
48.0000000000 0.5205078125 0.0000000000 40.6000000000
49.0000000000 0.5207031250 0.0000000000 40.5000000000
50.0000000000 0.5208984375 0.0000000000 40.8400000000
51.0000000000 0.5210937500 0.0000000000 40.8100000000
52.0000000000 0.5212890625 0.0000000000 40.2100000000
53.0000000000 0.5214843750 0.0000000000 40.6400000000
54.0000000000 0.5216796875 0.0000000000 40.8700000000
55.0000000000 0.5218750000 0.0100000000 40.3300000000
56.0000000000 0.5220703125 0.0100000000 41.1200000000
57.0000000000 0.5222656250 0.0000000000 41.6700000000
58.0000000000 0.5224609375 0.0000000000 41.0400000000
59.0000000000 0.5226562500 0.0000000000 40.9600000000
60.0000000000 0.5228515625 0.0000000000 40.6000000000
61.0000000000 0.5230468750 0.0000000000 40.9200000000
62.0000000000 0.5232421875 0.0100000000 41.3100000000
63.0000000000 0.5234375000 0.0000000000 40.1800000000
64.0000000000 0.5236328125 0.0100000000 40.3900000000
65.0000000000 0.5238281250 0.0100000000 41.1600000000
66.0000000000 0.5240234375 0.0000000000 40.7800000000
67.0000000000 0.5242187500 0.0000000000 40.7200000000
68.0000000000 0.5244140625 0.0100000000 40.8500000000
69.0000000000 0.5246093750 0.0000000000 40.9600000000
70.0000000000 0.5248046875 0.0000000000 41.0200000000
71.0000000000 0.5250000000 0.0000000000 40.8500000000
72.0000000000 0.5251953125 0.0000000000 40.9700000000
73.0000000000 0.5253906250 0.0000000000 40.9500000000
74.0000000000 0.5255859375 0.0100000000 40.4900000000
75.0000000000 0.5254882813 0.0000000000 40.9900000000
1.0000000000 0.5254394531 0.0000000000 40.8500000000
2.0000000000 0.5254882813 0.0000000000 40.6800000000
3.0000000000 0.5255371094 0.0000000000 40.7200000000
4.0000000000 0.5255859375 0.0000000000 40.9200000000
5.0000000000 0.5256347656 0.0000000000 40.9300000000
6.0000000000 0.5256835938 0.0100000000 41.0000000000
7.0000000000 0.5257324219 0.0000000000 41.0100000000
8.0000000000 0.5257812500 0.0000000000 40.4100000000
9.0000000000 0.5258300781 0.0100000000 40.7200000000
10.0000000000 0.5258789063 0.0000000000 40.6700000000
11.0000000000 0.5259277344 0.0000000000 41.1900000000
12.0000000000 0.5259765625 0.0000000000 40.3700000000
13.0000000000 0.5260253906 0.0000000000 40.4600000000
14.0000000000 0.5260742188 0.0100000000 40.8600000000
15.0000000000 0.5261230469 0.0000000000 40.6200000000
16.0000000000 0.5261718750 0.0100000000 40.8100000000
17.0000000000 0.5262207031 0.0100000000 41.1100000000
18.0000000000 0.5262695313 0.0000000000 40.9600000000
19.0000000000 0.5263183594 0.0000000000 40.8600000000
20.0000000000 0.5263671875 0.0000000000 40.8500000000
21.0000000000 0.5264160156 0.0100000000 41.0200000000
22.0000000000 0.5264648438 0.0100000000 40.5700000000
23.0000000000 0.5265136719 0.0000000000 40.8600000000
24.0000000000 0.5265625000 0.0000000000 40.9700000000
25.0000000000 0.5266113281 0.0000000000 41.0700000000
26.0000000000 0.5266601563 0.0000000000 41.5100000000
27.0000000000 0.5267089844 0.0000000000 41.0600000000
28.0000000000 0.5267578125 0.0000000000 40.7800000000
29.0000000000 0.5268066406 0.0000000000 40.6700000000
30.0000000000 0.5268554688 0.0000000000 40.7100000000
31.0000000000 0.5269042969 0.0000000000 40.8200000000
32.0000000000 0.5269531250 0.0000000000 40.6900000000
33.0000000000 0.5270019531 0.0100000000 40.2600000000
34.0000000000 0.5270507813 0.0000000000 40.7200000000
35.0000000000 0.5270996094 0.0000000000 41.0000000000
36.0000000000 0.5271484375 0.0000000000 40.6500000000
37.0000000000 0.5271972656 0.0000000000 40.3400000000
38.0000000000 0.5272460938 0.0100000000 40.5200000000
39.0000000000 0.5272949219 0.0000000000 40.6300000000
40.0000000000 0.5273437500 0.0000000000 40.1700000000
41.0000000000 0.5273925781 0.0100000000 40.6500000000
42.0000000000 0.5274414063 0.0100000000 40.8800000000
43.0000000000 0.5274902344 0.0000000000 40.8100000000
44.0000000000 0.5275390625 0.0100000000 40.6300000000
45.0000000000 0.5275878906 0.0000000000 40.2700000000
46.0000000000 0.5276367188 0.0100000000 40.2600000000
47.0000000000 0.5276855469 0.0000000000 40.1200000000
48.0000000000 0.5277343750 0.0000000000 40.8200000000
49.0000000000 0.5277832031 0.0000000000 40.7000000000
50.0000000000 0.5278320313 0.0100000000 40.7400000000
51.0000000000 0.5278808594 0.0000000000 40.5400000000
52.0000000000 0.5279296875 0.0000000000 40.0900000000
53.0000000000 0.5279785156 0.0000000000 40.5700000000
54.0000000000 0.5280273438 0.0000000000 40.5800000000
55.0000000000 0.5280761719 0.0000000000 41.0900000000
56.0000000000 0.5281250000 0.0000000000 40.6800000000
57.0000000000 0.5281738281 0.0100000000 40.6700000000
58.0000000000 0.5282226563 0.0000000000 40.8800000000
59.0000000000 0.5282714844 0.0000000000 40.8400000000
60.0000000000 0.5283203125 0.0000000000 40.2100000000
61.0000000000 0.5283691406 0.0000000000 40.2500000000
62.0000000000 0.5284179688 0.0100000000 40.7100000000
63.0000000000 0.5284667969 0.0000000000 40.5200000000
64.0000000000 0.5285156250 0.0000000000 40.4800000000
65.0000000000 0.5285644531 0.0000000000 40.7400000000
66.0000000000 0.5286132813 0.0100000000 40.4700000000
67.0000000000 0.5286621094 0.0100000000 40.3300000000
68.0000000000 0.5287109375 0.0100000000 40.3400000000
69.0000000000 0.5287597656 0.0000000000 40.4000000000
70.0000000000 0.5288085938 0.0100000000 40.3900000000
71.0000000000 0.5288574219 0.0000000000 40.7200000000
72.0000000000 0.5289062500 0.0100000000 40.5000000000
73.0000000000 0.5289550781 0.0000000000 40.5200000000
74.0000000000 0.5290039063 0.0000000000 41.2100000000
75.0000000000 0.5290527344 0.0000000000 40.6400000000
76.0000000000 0.5291015625 0.0000000000 40.4200000000
77.0000000000 0.5291503906 0.0100000000 40.9100000000
78.0000000000 0.5291992188 0.0100000000 41.0100000000
79.0000000000 0.5292480469 0.0000000000 40.6800000000
80.0000000000 0.5292968750 0.0000000000 40.4800000000
81.0000000000 0.5293457031 0.0100000000 40.5600000000
82.0000000000 0.5293945313 0.0000000000 40.7100000000
83.0000000000 0.5294433594 0.0100000000 40.8300000000
84.0000000000 0.5294921875 0.0100000000 40.3500000000
85.0000000000 0.5295410156 0.0000000000 40.4100000000
86.0000000000 0.5295898437 0.0100000000 40.9800000000
87.0000000000 0.5296386719 0.0000000000 40.9600000000
88.0000000000 0.5296875000 0.0100000000 40.6200000000
89.0000000000 0.5297363281 0.0000000000 40.6100000000
90.0000000000 0.5297851562 0.0100000000 40.2400000000
91.0000000000 0.5298339844 0.0000000000 40.2900000000
92.0000000000 0.5298828125 0.0000000000 40.7900000000
93.0000000000 0.5299316406 0.0000000000 40.8400000000
94.0000000000 0.5299804687 0.0100000000 40.6300000000
95.0000000000 0.5300292969 0.0000000000 40.6800000000
96.0000000000 0.5300781250 0.0000000000 40.7700000000
97.0000000000 0.5301269531 0.0000000000 41.3900000000
98.0000000000 0.5301757812 0.0100000000 40.5700000000
99.0000000000 0.5302246094 0.0100000000 40.3600000000
100.0000000000 0.5302734375 0.0000000000 41.2300000000
101.0000000000 0.5303222656 0.0000000000 40.6600000000
102.0000000000 0.5303710937 0.0000000000 41.2800000000
103.0000000000 0.5304199219 0.0000000000 40.5200000000
104.0000000000 0.5304687500 0.0000000000 40.5700000000
105.0000000000 0.5305175781 0.0200000000 40.7000000000
106.0000000000 0.5305664062 0.0000000000 40.4500000000
107.0000000000 0.5306152344 0.0000000000 40.5300000000
108.0000000000 0.5306640625 0.0000000000 40.7500000000
109.0000000000 0.5307128906 0.0100000000 40.4900000000
110.0000000000 0.5307617187 0.0100000000 40.4000000000
111.0000000000 0.5308105469 0.0000000000 40.5700000000
112.0000000000 0.5308593750 0.0000000000 40.8400000000
113.0000000000 0.5309082031 0.0000000000 40.9400000000
114.0000000000 0.5309570312 0.0000000000 40.8900000000
115.0000000000 0.5310058594 0.0000000000 40.6800000000
116.0000000000 0.5310546875 0.0100000000 40.7600000000
117.0000000000 0.5311035156 0.0000000000 40.8400000000
118.0000000000 0.5311523437 0.0000000000 40.7900000000
119.0000000000 0.5312011719 0.0100000000 40.7700000000
120.0000000000 0.5312500000 0.0000000000 41.1800000000
121.0000000000 0.5312988281 0.0000000000 40.7600000000
122.0000000000 0.5313476562 0.0000000000 40.1800000000
123.0000000000 0.5313964844 0.0000000000 40.5400000000
124.0000000000 0.5314453125 0.0100000000 40.3500000000
125.0000000000 0.5314941406 0.0000000000 40.4900000000
126.0000000000 0.5315429687 0.0100000000 40.2800000000
127.0000000000 0.5315917969 0.0000000000 41.1300000000
128.0000000000 0.5316406250 0.0000000000 40.4100000000
129.0000000000 0.5316894531 0.0000000000 40.3500000000
130.0000000000 0.5317382812 0.0100000000 40.7600000000
131.0000000000 0.5317871094 0.0100000000 40.6300000000
132.0000000000 0.5318359375 0.0000000000 40.4200000000
133.0000000000 0.5318847656 0.0000000000 40.6300000000
134.0000000000 0.5319335937 0.0000000000 40.7600000000
135.0000000000 0.5319824219 0.0000000000 40.3500000000
136.0000000000 0.5320312500 0.0000000000 40.7800000000
137.0000000000 0.5320800781 0.0000000000 40.8800000000
138.0000000000 0.5321289062 0.0000000000 40.4800000000
139.0000000000 0.5321777344 0.0000000000 41.0000000000
140.0000000000 0.5322265625 0.0000000000 40.8900000000
141.0000000000 0.5322753906 0.0100000000 40.7700000000
142.0000000000 0.5323242187 0.0000000000 40.4900000000
143.0000000000 0.5323730469 0.0000000000 40.4100000000
144.0000000000 0.5324218750 0.0000000000 40.5800000000
145.0000000000 0.5324707031 0.0000000000 40.2400000000
146.0000000000 0.5325195312 0.0000000000 40.3900000000
147.0000000000 0.5325683594 0.0000000000 40.9200000000
148.0000000000 0.5326171875 0.0000000000 40.6400000000
149.0000000000 0.5326660156 0.0000000000 40.6100000000
150.0000000000 0.5327148437 0.0000000000 41.0900000000
151.0000000000 0.5327636719 0.0000000000 40.5100000000
152.0000000000 0.5328125000 0.0000000000 40.4400000000
153.0000000000 0.5328613281 0.0000000000 40.5300000000
154.0000000000 0.5329101562 0.0000000000 40.5000000000
155.0000000000 0.5329589844 0.0100000000 40.4200000000
156.0000000000 0.5330078125 0.0100000000 40.7000000000
157.0000000000 0.5330566406 0.0100000000 40.1600000000
158.0000000000 0.5331054687 0.0000000000 40.5700000000
159.0000000000 0.5331542969 0.0000000000 40.6600000000
160.0000000000 0.5332031250 0.0000000000 40.5200000000
161.0000000000 0.5332519531 0.0000000000 40.3000000000
162.0000000000 0.5333007812 0.0100000000 40.6100000000
163.0000000000 0.5333496094 0.0000000000 40.8900000000
164.0000000000 0.5333984375 0.0000000000 40.4600000000
165.0000000000 0.5334472656 0.0000000000 40.4000000000
166.0000000000 0.5334960937 0.0000000000 39.9000000000
167.0000000000 0.5335449219 0.0000000000 40.5000000000
168.0000000000 0.5335937500 0.0100000000 40.7500000000
169.0000000000 0.5336425781 0.0000000000 40.2300000000
170.0000000000 0.5336914062 0.0000000000 40.0900000000
171.0000000000 0.5337402344 0.0000000000 40.8600000000
172.0000000000 0.5337890625 0.0000000000 40.5100000000
173.0000000000 0.5338378906 0.0000000000 40.6800000000
174.0000000000 0.5338867187 0.0000000000 40.5200000000
175.0000000000 0.5339355469 0.0100000000 40.6900000000
176.0000000000 0.5339843750 0.0000000000 40.4300000000
177.0000000000 0.5340332031 0.0000000000 40.4200000000
178.0000000000 0.5340820312 0.0000000000 40.4400000000
179.0000000000 0.5341308594 0.0000000000 40.9400000000
180.0000000000 0.5341796875 0.0100000000 40.4300000000
181.0000000000 0.5342285156 0.0100000000 40.5600000000
182.0000000000 0.5342773437 0.0000000000 40.0400000000
183.0000000000 0.5343261719 0.0000000000 40.8300000000
184.0000000000 0.5343750000 0.0000000000 40.6900000000
185.0000000000 0.5344238281 0.0100000000 40.8600000000
186.0000000000 0.5344726562 0.0000000000 40.5900000000
187.0000000000 0.5345214844 0.0000000000 40.8000000000
188.0000000000 0.5345703125 0.0100000000 40.7400000000
189.0000000000 0.5346191406 0.0000000000 40.7600000000
190.0000000000 0.5346679687 0.0000000000 40.5000000000
191.0000000000 0.5347167969 0.0000000000 40.4800000000
192.0000000000 0.5347656250 0.0000000000 40.8600000000
193.0000000000 0.5348144531 0.0100000000 41.1100000000
194.0000000000 0.5348632812 0.0000000000 40.8600000000
195.0000000000 0.5349121094 0.0000000000 41.1200000000
196.0000000000 0.5349609375 0.0200000000 40.6900000000
197.0000000000 0.5350097656 0.0000000000 40.6500000000
198.0000000000 0.5350585937 0.0000000000 40.8400000000
199.0000000000 0.5351074219 0.0100000000 40.7100000000
200.0000000000 0.5351562500 0.0100000000 40.3100000000
201.0000000000 0.5352050781 0.0000000000 40.5900000000
202.0000000000 0.5352539062 0.0000000000 40.3700000000
203.0000000000 0.5353027344 0.0000000000 40.0800000000
204.0000000000 0.5353515625 0.0100000000 40.3900000000
205.0000000000 0.5354003906 0.0000000000 40.6000000000
206.0000000000 0.5354492187 0.0000000000 39.9400000000
207.0000000000 0.5354980469 0.0100000000 40.3500000000
208.0000000000 0.5355468750 0.0000000000 40.4200000000
209.0000000000 0.5355957031 0.0000000000 40.6000000000
210.0000000000 0.5356445312 0.0100000000 40.4700000000
211.0000000000 0.5356933594 0.0100000000 40.4700000000
212.0000000000 0.5357421875 0.0000000000 40.4500000000
213.0000000000 0.5357910156 0.0000000000 40.5000000000
214.0000000000 0.5358398437 0.0000000000 41.0600000000
215.0000000000 0.5358886719 0.0000000000 40.5800000000
216.0000000000 0.5359375000 0.0000000000 40.3900000000
217.0000000000 0.5359863281 0.0000000000 40.1400000000
218.0000000000 0.5360351562 0.0100000000 40.6500000000
219.0000000000 0.5360839844 0.0100000000 40.6700000000
220.0000000000 0.5361328125 0.0000000000 40.5600000000
221.0000000000 0.5361816406 0.0000000000 40.5100000000
222.0000000000 0.5362304687 0.0000000000 40.7500000000
223.0000000000 0.5362792969 0.0000000000 40.4800000000
224.0000000000 0.5363281250 0.0000000000 40.3000000000
225.0000000000 0.5363769531 0.0100000000 40.4100000000
226.0000000000 0.5364257812 0.0000000000 40.6500000000
227.0000000000 0.5364746094 0.0000000000 40.5400000000
228.0000000000 0.5365234375 0.0000000000 40.3400000000
229.0000000000 0.5365722656 0.0000000000 40.7900000000
230.0000000000 0.5366210937 0.0100000000 40.4200000000
231.0000000000 0.5366699219 0.0000000000 40.3100000000
232.0000000000 0.5367187500 0.0000000000 40.1700000000
233.0000000000 0.5367675781 0.0000000000 40.4600000000
234.0000000000 0.5368164062 0.0000000000 40.1900000000
235.0000000000 0.5368652344 0.0000000000 41.8600000000
236.0000000000 0.5369140625 0.0000000000 40.7900000000
237.0000000000 0.5369628906 0.0000000000 40.2900000000
238.0000000000 0.5370117187 0.0000000000 40.3600000000
239.0000000000 0.5370605469 0.0000000000 40.6000000000
240.0000000000 0.5371093750 0.0000000000 40.5200000000
241.0000000000 0.5371582031 0.0000000000 40.1300000000
242.0000000000 0.5372070312 0.0000000000 40.2600000000
243.0000000000 0.5372558594 0.0100000000 40.5700000000
244.0000000000 0.5373046875 0.0000000000 40.4000000000
245.0000000000 0.5373535156 0.0100000000 40.3100000000
246.0000000000 0.5374023437 0.0000000000 40.6700000000
247.0000000000 0.5374511719 0.0000000000 40.5400000000
248.0000000000 0.5375000000 0.0000000000 40.4700000000
249.0000000000 0.5375488281 0.0000000000 40.3000000000
250.0000000000 0.5375976562 0.0000000000 40.7600000000
251.0000000000 0.5376464844 0.0100000000 40.7800000000
252.0000000000 0.5376953125 0.0000000000 40.3300000000
253.0000000000 0.5377441406 0.0000000000 40.6900000000
254.0000000000 0.5377929687 0.0000000000 41.6500000000
255.0000000000 0.5378417969 0.0000000000 41.7300000000
256.0000000000 0.5378906250 0.0000000000 40.5600000000
257.0000000000 0.5379394531 0.0100000000 41.0500000000
258.0000000000 0.5379882812 0.0000000000 41.0300000000
259.0000000000 0.5380371094 0.0100000000 41.6200000000
260.0000000000 0.5380859375 0.0100000000 40.6900000000
261.0000000000 0.5381347656 0.0100000000 40.9600000000
262.0000000000 0.5381835937 0.0100000000 40.7500000000
263.0000000000 0.5382324219 0.0000000000 40.7900000000
264.0000000000 0.5382812500 0.0000000000 40.6700000000
265.0000000000 0.5383300781 0.0000000000 40.3700000000
266.0000000000 0.5383789062 0.0100000000 40.9700000000
267.0000000000 0.5384277344 0.0000000000 41.0400000000
268.0000000000 0.5384765625 0.0000000000 40.3500000000
269.0000000000 0.5385253906 0.0000000000 41.3000000000
270.0000000000 0.5385742187 0.0000000000 41.0800000000
271.0000000000 0.5386230469 0.0000000000 41.0400000000
272.0000000000 0.5386718750 0.0100000000 40.8300000000
273.0000000000 0.5387207031 0.0000000000 40.5300000000
274.0000000000 0.5387695312 0.0000000000 40.8900000000
275.0000000000 0.5388183594 0.0000000000 40.7700000000
276.0000000000 0.5388671875 0.0000000000 40.6400000000
277.0000000000 0.5389160156 0.0000000000 40.7400000000
278.0000000000 0.5389648437 0.0000000000 40.8400000000
279.0000000000 0.5390136719 0.0000000000 40.4700000000
280.0000000000 0.5390625000 0.0100000000 40.9500000000
281.0000000000 0.5391113281 0.0000000000 40.6300000000
282.0000000000 0.5391601562 0.0000000000 40.0600000000
283.0000000000 0.5392089844 0.0000000000 40.8300000000
284.0000000000 0.5392578125 0.0000000000 40.7000000000
285.0000000000 0.5393066406 0.0000000000 40.7400000000
286.0000000000 0.5393554687 0.0000000000 40.7100000000
287.0000000000 0.5394042969 0.0100000000 41.0500000000
