-9.298194e-21 -4.768721e-20 -1.880413e-19 -5.879624e-19 -1.493079e-18 -3.119113e-18 -5.359557e-18 -7.450322e-18 -8.001378e-18 -5.802021e-18 -1.071402e-18 4.179231e-18 7.526612e-18 7.967718e-18 6.280580e-18 3.943179e-18 2.023095e-18 8.534214e-19 2.936177e-19 8.071398e-20 1.721325e-20
-4.921877e-20 -2.330507e-19 -8.670473e-19 -2.620305e-18 -6.566993e-18 -1.374963e-17 -2.392358e-17 -3.386853e-17 -3.709334e-17 -2.734099e-17 -5.103795e-18 1.977083e-17 3.515827e-17 3.650661e-17 2.819476e-17 1.741492e-17 8.870753e-18 3.769109e-18 1.332630e-18 3.858968e-19 8.884716e-20
-2.040876e-19 -9.102363e-19 -3.275352e-18 -9.813341e-18 -2.486348e-17 -5.335211e-17 -9.586108e-17 -1.403770e-16 -1.584701e-16 -1.194648e-16 -2.260536e-17 8.687745e-17 1.518641e-16 1.532241e-16 1.142932e-16 6.818864e-17 3.375993e-17 1.411629e-17 5.002468e-18 1.486903e-18 3.611904e-19
-6.830576e-19 -2.933807e-18 -1.045195e-17 -3.175485e-17 -8.310353e-17 -1.863583e-16 -3.509620e-16 -5.352115e-16 -6.218364e-16 -4.768718e-16 -9.103986e-17 3.483163e-16 6.013874e-16 5.915248e-16 4.245805e-16 2.417407e-16 1.142820e-16 4.606655e-17 1.600222e-17 4.768179e-18 1.193050e-18
-1.893111e-18 -7.993636e-18 -2.875765e-17 -9.022571e-17 -2.479318e-16 -5.877706e-16 -1.159789e-15 -1.815970e-15 -2.124902e-15 -1.625047e-15 -3.093299e-16 1.186334e-15 2.055765e-15 2.015626e-15 1.418352e-15 7.755150e-16 3.474287e-16 1.329679e-16 4.447250e-17 1.302354e-17 3.285471e-18
-4.429599e-18 -1.870133e-17 -6.893995e-17 -2.261128e-16 -6.577013e-16 -1.640192e-15 -3.318544e-15 -5.172081e-15 -5.906596e-15 -4.394706e-15 -8.207745e-16 3.191177e-15 5.654829e-15 5.693040e-15 4.059762e-15 2.190362e-15 9.407921e-16 3.402901e-16 1.082927e-16 3.072383e-17 7.683251e-18
-8.862110e-18 -3.785439e-17 -1.441944e-16 -4.971022e-16 -1.523791e-15 -3.917423e-15 -7.895282e-15 -1.189173e-14 -1.290032e-14 -9.134649e-15 -1.647890e-15 6.571123e-15 1.211111e-14 1.284245e-14 9.557993e-15 5.245536e-15 2.214298e-15 7.646357e-16 2.307457e-16 6.292296e-17 1.542762e-17
-1.526353e-17 -6.635510e-17 -2.617904e-16 -9.460628e-16 -3.012812e-15 -7.814077e-15 -1.537106e-14 -2.197519e-14 -2.222843e-14 -1.469528e-14 -2.521610e-15 1.042942e-14 2.032056e-14 2.312968e-14 1.829060e-14 1.040851e-14 4.412285e-15 1.480877e-15 4.265188e-16 1.116590e-16 2.672078e-17
-2.268427e-17 -1.003998e-16 -4.087962e-16 -1.533417e-15 -4.994727e-15 -1.290060e-14 -2.459317e-14 -3.322674e-14 -3.110266e-14 -1.892864e-14 -3.041799e-15 1.320374e-14 2.757276e-14 3.402013e-14 2.871518e-14 1.702840e-14 7.323419e-15 2.425524e-15 6.752453e-16 1.706666e-16 3.991812e-17
-2.907940e-17 -1.304799e-16 -5.434055e-16 -2.087450e-15 -6.874572e-15 -1.762332e-14 -3.272267e-14 -4.221895e-14 -3.695835e-14 -2.076652e-14 -3.107236e-15 1.422768e-14 3.185295e-14 4.224286e-14 3.761989e-14 2.306324e-14 1.005829e-14 3.315334e-15 9.043160e-16 2.231087e-16 5.131996e-17
-3.211270e-17 -1.449892e-16 -6.098007e-16 -2.365047e-15 -7.817132e-15 -1.995679e-14 -3.660526e-14 -4.622124e-14 -3.913725e-14 -2.104464e-14 -3.007598e-15 1.427012e-14 3.322891e-14 4.573271e-14 4.177813e-14 2.600129e-14 1.141160e-14 3.755324e-15 1.015926e-15 2.480931e-16 5.665364e-17
-3.052202e-17 -1.374309e-16 -5.753899e-16 -2.221410e-15 -7.329047e-15 -1.874865e-14 -3.459735e-14 -4.412807e-14 -3.789484e-14 -2.071274e-14 -2.986700e-15 1.411500e-14 3.234595e-14 4.385905e-14 3.961845e-14 2.446872e-14 1.069420e-14 3.517376e-15 9.544249e-16 2.341575e-16 5.365537e-17
-2.497276e-17 -1.112079e-16 -4.571730e-16 -1.732004e-15 -5.667513e-15 -1.459767e-14 -2.753863e-14 -3.646369e-14 -3.301598e-14 -1.920626e-14 -2.903347e-15 1.330479e-14 2.878228e-14 3.687648e-14 3.193091e-14 1.918845e-14 8.279263e-15 2.728152e-15 7.513946e-16 1.878885e-16 4.363157e-17
-1.760665e-17 -7.710491e-17 -3.079217e-16 -1.128699e-15 -3.626495e-15 -9.398192e-15 -1.827478e-14 -2.548349e-14 -2.472916e-14 -1.549245e-14 -2.461653e-15 1.093513e-14 2.212666e-14 2.636933e-14 2.154972e-14 1.246883e-14 5.297961e-15 1.761351e-15 4.991677e-16 1.287836e-16 3.052735e-17
-1.070433e-17 -4.603412e-17 -1.775647e-16 -6.224153e-16 -1.935099e-15 -4.996904e-15 -9.981551e-15 -1.464655e-14 -1.517499e-14 -1.013387e-14 -1.668569e-15 7.272230e-15 1.389866e-14 1.548521e-14 1.195270e-14 6.670474e-15 2.811795e-15 9.564555e-16 2.828797e-16 7.588988e-17 1.841806e-17
-5.604204e-18 -2.376101e-17 -8.854273e-17 -2.951572e-16 -8.741062e-16 -2.205278e-15 -4.449084e-15 -6.768868e-15 -7.369286e-15 -5.154453e-15 -8.652709e-16 3.749815e-15 6.869688e-15 7.267983e-15 5.372594e-15 2.936598e-15 1.251967e-15 4.441174e-16 1.384392e-16 3.867580e-17 9.587726e-18
-2.512861e-18 -1.060933e-17 -3.843972e-17 -1.222045e-16 -3.417946e-16 -8.235002e-16 -1.630908e-15 -2.503694e-15 -2.796112e-15 -2.008681e-15 -3.387633e-16 1.477492e-15 2.634937e-15 2.705002e-15 1.963569e-15 1.080978e-15 4.785539e-16 1.796847e-16 5.906653e-17 1.709392e-17 4.291626e-18
-9.543447e-19 -4.075618e-18 -1.454401e-17 -4.455388e-17 -1.181542e-16 -2.687062e-16 -5.085185e-16 -7.625655e-16 -8.482994e-16 -6.125277e-16 -1.021396e-16 4.545318e-16 8.018974e-16 8.198335e-16 6.030954e-16 3.446193e-16 1.613192e-16 6.416250e-17 2.204387e-17 6.531055e-18 1.636264e-18
-3.016070e-19 -1.329309e-18 -4.759684e-18 -1.428377e-17 -3.641456e-17 -7.863864e-17 -1.410852e-16 -2.026226e-16 -2.193956e-16 -1.563083e-16 -2.542509e-17 1.167115e-16 2.066156e-16 2.150665e-16 1.639587e-16 9.851921e-17 4.866857e-17 2.025054e-17 7.156175e-18 2.132046e-18 5.225738e-19
-7.740554e-20 -3.601255e-19 -1.323416e-18 -3.973800e-18 -9.931951e-18 -2.071781e-17 -3.563921e-17 -4.917375e-17 -5.165580e-17 -3.613355e-17 -5.737845e-18 2.706779e-17 4.837440e-17 5.155837e-17 4.073918e-17 2.551102e-17 1.308380e-17 5.584634e-18 1.987695e-18 5.823384e-19 1.364235e-19
-1.566044e-20 -7.858317e-20 -3.038855e-19 -9.353548e-19 -2.344492e-18 -4.827153e-18 -8.118853e-18 -1.093039e-17 -1.125618e-17 -7.776379e-18 -1.213115e-18 5.842048e-18 1.050822e-17 1.137667e-17 9.190196e-18 5.886957e-18 3.068127e-18 1.313209e-18 4.595762e-19 1.290708e-19 2.822264e-20
