1.084139e-23 -3.639655e-23 -8.421825e-22 -6.360175e-21 -3.199075e-20 -1.226997e-19 -3.714843e-19 -8.874165e-19 -1.660533e-18 -2.434203e-18 -2.844195e-18 -2.750046e-18 -2.294841e-18 -1.682976e-18 -1.071922e-18 -5.807463e-19 -2.641003e-19 -1.002444e-19 -3.153764e-20 -8.093746e-21 -1.654716e-21
1.659652e-22 4.800985e-22 -5.199147e-22 -1.406048e-20 -9.054747e-20 -3.969435e-19 -1.331663e-18 -3.466468e-18 -6.924493e-18 -1.052756e-17 -1.235871e-17 -1.177087e-17 -9.701979e-18 -7.112721e-18 -4.544147e-18 -2.465798e-18 -1.126823e-18 -4.345681e-19 -1.415368e-19 -3.847833e-20 -8.506197e-21
1.204498e-21 4.483541e-21 9.674610e-21 -6.825828e-21 -1.831256e-19 -1.059839e-18 -4.152503e-18 -1.211983e-17 -2.636265e-17 -4.212404e-17 -4.995192e-17 -4.673531e-17 -3.778390e-17 -2.743056e-17 -1.729470e-17 -9.178899e-18 -4.105659e-18 -1.566650e-18 -5.130163e-19 -1.432122e-19 -3.330059e-20
6.112146e-21 2.417456e-20 7.169574e-20 1.321223e-19 -8.525512e-20 -2.058665e-18 -1.070522e-17 -3.665759e-17 -8.920877e-17 -1.526835e-16 -1.860043e-16 -1.736343e-16 -1.388290e-16 -9.951606e-17 -6.118348e-17 -3.114471e-17 -1.327867e-17 -4.871832e-18 -1.559781e-18 -4.342498e-19 -1.031896e-19
2.401329e-20 9.877438e-20 3.357627e-19 9.025425e-19 1.579063e-18 -5.402683e-19 -1.839490e-17 -8.821185e-17 -2.544308e-16 -4.778352e-16 -6.134260e-16 -5.915055e-16 -4.799576e-16 -3.401280e-16 -2.012874e-16 -9.691475e-17 -3.878684e-17 -1.337736e-17 -4.077391e-18 -1.103527e-18 -2.613900e-19
7.612303e-20 3.255044e-19 1.213585e-18 3.892423e-18 1.012932e-17 1.816925e-17 2.306366e-18 -1.381034e-16 -5.540270e-16 -1.178266e-15 -1.633507e-15 -1.690075e-15 -1.447807e-15 -1.039102e-15 -5.957897e-16 -2.699619e-16 -1.007101e-16 -3.240094e-17 -9.260575e-18 -2.391020e-18 -5.544300e-19
1.982281e-19 8.797558e-19 3.524742e-18 1.265805e-17 3.913635e-17 9.678396e-17 1.522935e-16 -1.774469e-17 -7.853116e-16 -2.084319e-15 -3.209521e-15 -3.648968e-15 -3.396891e-15 -2.559038e-15 -1.475093e-15 -6.445957e-16 -2.256055e-16 -6.778195e-17 -1.817079e-17 -4.448330e-18 -1.000642e-18
4.280397e-19 1.959551e-18 8.280874e-18 3.204162e-17 1.091977e-16 3.040583e-16 5.961598e-16 5.749543e-16 -4.554359e-16 -2.474280e-15 -4.487342e-15 -5.709596e-15 -5.857194e-15 -4.739086e-15 -2.846011e-15 -1.248582e-15 -4.213061e-16 -1.195181e-16 -3.034411e-17 -7.096738e-18 -1.550657e-18
7.705670e-19 3.598948e-18 1.571266e-17 6.352797e-17 2.281186e-16 6.661207e-16 1.392901e-15 1.773916e-15 7.686944e-16 -1.663722e-15 -4.380864e-15 -6.497441e-15 -7.451545e-15 -6.548779e-15 -4.171537e-15 -1.890261e-15 -6.349916e-16 -1.739723e-16 -4.253314e-17 -9.665204e-18 -2.073248e-18
1.160068e-18 5.453861e-18 2.408628e-17 9.908181e-17 3.634742e-16 1.081720e-15 2.328125e-15 3.288965e-15 2.638175e-15 2.664156e-16 -2.639875e-15 -5.280576e-15 -7.051730e-15 -6.843821e-15 -4.668754e-15 -2.214347e-15 -7.579838e-16 -2.061505e-16 -4.969948e-17 -1.121451e-17 -2.399667e-18
1.464015e-18 6.842167e-18 2.999922e-17 1.227910e-16 4.508460e-16 1.355042e-15 2.992284e-15 4.508824e-15 4.413946e-15 2.528125e-15 5.161406e-17 -2.429109e-15 -4.620022e-15 -5.298839e-15 -3.973526e-15 -1.999041e-15 -7.100760e-16 -1.972339e-16 -4.828136e-17 -1.108001e-17 -2.405417e-18
1.553323e-18 7.151098e-18 3.068364e-17 1.227293e-16 4.439264e-16 1.342385e-15 3.054149e-15 4.860242e-15 5.316935e-15 4.227561e-15 2.739734e-15 1.071864e-15 -1.062869e-15 -2.563864e-15 -2.413128e-15 -1.350770e-15 -5.133048e-16 -1.506290e-16 -3.868838e-17 -9.254083e-18 -2.071538e-18
1.391553e-18 6.282319e-18 2.615908e-17 1.010331e-16 3.552684e-16 1.073505e-15 2.516515e-15 4.210051e-15 5.004275e-15 4.791059e-15 4.531520e-15 3.945956e-15 2.158502e-15 1.051087e-16 -7.752746e-16 -6.189779e-16 -2.746722e-16 -8.984069e-17 -2.514140e-17 -6.428727e-18 -1.507216e-18
1.057748e-18 4.683083e-18 1.887027e-17 7.007817e-17 2.375960e-16 7.086139e-16 1.692941e-15 2.947207e-15 3.749265e-15 4.132785e-15 4.764019e-15 4.981048e-15 3.649599e-15 1.555487e-15 2.294545e-16 -1.252722e-16 -9.848222e-17 -4.031226e-17 -1.296334e-17 -3.647315e-18 -9.084425e-19
6.840166e-19 2.979612e-18 1.161839e-17 4.146154e-17 1.351023e-16 3.916180e-16 9.318839e-16 1.653410e-15 2.209196e-15 2.715293e-15 3.548248e-15 4.014357e-15 3.162072e-15 1.583053e-15 4.716459e-16 6.252732e-17 -1.379857e-17 -1.217932e-17 -5.083983e-18 -1.647334e-18 -4.427218e-19
3.756450e-19 1.619067e-18 6.121395e-18 2.095980e-17 6.542517e-17 1.815900e-16 4.179878e-16 7.330590e-16 1.000645e-15 1.325336e-15 1.880521e-15 2.218087e-15 1.791437e-15 9.426175e-16 3.270791e-16 7.673491e-17 1.059809e-17 -8.870793e-19 -1.271089e-18 -5.485617e-19 -1.657388e-19
1.740968e-19 7.489750e-19 2.762489e-18 9.073480e-18 2.697180e-17 7.088302e-17 1.542481e-16 2.595724e-16 3.515325e-16 4.850748e-16 7.232837e-16 8.753164e-16 7.221713e-16 3.987031e-16 1.554767e-16 4.652633e-17 1.101634e-17 1.811946e-18 5.579495e-20 -9.256186e-20 -4.043826e-20
6.741592e-20 2.933162e-19 1.067150e-18 3.382487e-18 9.528731e-18 2.349767e-17 4.793175e-17 7.674234e-17 1.025297e-16 1.448204e-16 2.203509e-16 2.706963e-16 2.308844e-16 1.370260e-16 6.055770e-17 2.155808e-17 6.391191e-18 1.542243e-18 2.822191e-19 3.109274e-20 -7.860401e-22
2.150448e-20 9.635176e-20 3.509073e-19 1.085750e-18 2.909802e-18 6.697146e-18 1.277386e-17 1.967494e-17 2.661951e-17 3.885126e-17 5.919253e-17 7.302484e-17 6.472288e-17 4.160467e-17 2.059402e-17 8.337339e-18 2.837263e-18 8.072353e-19 1.873652e-19 3.421460e-20 4.823946e-21
5.538377e-21 2.610467e-20 9.692845e-20 2.965896e-19 7.652280e-19 1.659091e-18 2.979499e-18 4.489820e-18 6.336004e-18 9.685140e-18 1.470483e-17 1.812066e-17 1.663859e-17 1.149084e-17 6.236639e-18 2.771857e-18 1.028341e-18 3.174170e-19 8.005082e-20 1.613842e-20 2.602434e-21
1.121506e-21 5.676721e-21 2.196204e-20 6.755796e-20 1.700957e-19 3.538618e-19 6.128029e-19 9.293192e-19 1.398497e-18 2.246200e-18 3.407713e-18 4.199220e-18 3.968691e-18 2.892812e-18 1.671831e-18 7.864300e-19 3.049253e-19 9.696480e-20 2.481401e-20 5.005644e-21 7.954432e-22
