x y z ADDATime OurCalcTime
0.0000000000 -3.5000000000 0.0000000000 0.0100000000 1249.9600000000
0.0000000000 -2.5000000000 0.0000000000 0.0100000000 1239.8300000000
0.0000000000 -1.6000000000 0.0000000000 0.0100000000 1233.1700000000
0.0000000000 -0.6000000000 0.0000000000 0.0100000000 901.4700000000
0.0000000000 0.4000000000 0.0000000000 0.0100000000 907.1700000000
0.0000000000 1.4000000000 0.0000000000 0.0000000000 1025.8700000000
0.0000000000 2.4000000000 0.0000000000 0.0000000000 967.4400000000
0.0000000000 3.4000000000 0.0000000000 0.0000000000 906.0800000000
0.0000000000 4.4000000000 0.0000000000 0.0000000000 894.5700000000
0.0000000000 0.0000000000 0.0000000000 0.0000000000 0.0000000000
