0.000000e+00 -4.500000e+00 0.000000e+00 7.927403e-35 8.268591e-22 6.512096e-23
0.000000e+00 -4.400000e+00 0.000000e+00 2.768447e-36 2.314123e-21 2.251116e-22
0.000000e+00 -4.300000e+00 0.000000e+00 6.198380e-35 5.749680e-21 1.804319e-21
0.000000e+00 -4.200000e+00 0.000000e+00 -2.118223e-35 1.299695e-20 7.335170e-21
0.000000e+00 -4.100000e+00 0.000000e+00 -1.509777e-33 3.052619e-20 1.872501e-20
0.000000e+00 -4.000000e+00 0.000000e+00 -3.612130e-33 8.861535e-20 3.013814e-20
0.000000e+00 -3.900000e+00 0.000000e+00 2.261839e-33 3.108797e-19 2.314492e-20
0.000000e+00 -3.800000e+00 0.000000e+00 6.794038e-33 1.112279e-18 1.903234e-20
0.000000e+00 -3.700000e+00 0.000000e+00 3.103918e-32 3.665321e-18 3.765057e-19
0.000000e+00 -3.600000e+00 0.000000e+00 2.187913e-31 1.082893e-17 2.801375e-18
0.000000e+00 -3.500000e+00 0.000000e+00 5.875470e-31 2.872529e-17 1.298344e-17
0.000000e+00 -3.400000e+00 0.000000e+00 -3.586309e-30 6.900054e-17 4.630370e-17
0.000000e+00 -3.300000e+00 0.000000e+00 5.983698e-29 1.514667e-16 1.383815e-16
0.000000e+00 -3.200000e+00 0.000000e+00 9.071312e-29 3.063484e-16 3.618863e-16
0.000000e+00 -3.100000e+00 0.000000e+00 4.830622e-28 5.749269e-16 8.495244e-16
0.000000e+00 -3.000000e+00 0.000000e+00 4.126164e-28 1.007314e-15 1.820238e-15
0.000000e+00 -2.900000e+00 0.000000e+00 -2.578356e-28 1.656618e-15 3.601911e-15
0.000000e+00 -2.800000e+00 0.000000e+00 -1.593856e-27 2.569969e-15 6.640494e-15
0.000000e+00 -2.700000e+00 0.000000e+00 4.320640e-28 3.778221e-15 1.148434e-14
0.000000e+00 -2.600000e+00 0.000000e+00 -8.870263e-27 5.287563e-15 1.873489e-14
0.000000e+00 -2.500000e+00 0.000000e+00 -2.450746e-27 7.076025e-15 2.896129e-14
0.000000e+00 -2.400000e+00 0.000000e+00 -3.630952e-27 9.097518e-15 4.258754e-14
0.000000e+00 -2.300000e+00 0.000000e+00 3.151746e-26 1.129320e-14 5.976905e-14
0.000000e+00 -2.200000e+00 0.000000e+00 1.458702e-25 1.360875e-14 8.028613e-14
0.000000e+00 -2.100000e+00 0.000000e+00 9.858539e-26 1.601165e-14 1.034781e-13
0.000000e+00 -2.000000e+00 0.000000e+00 3.435124e-26 1.850419e-14 1.282467e-13
0.000000e+00 -1.900000e+00 0.000000e+00 -1.310405e-25 2.112560e-14 1.531342e-13
0.000000e+00 -1.800000e+00 0.000000e+00 -3.330515e-24 2.394201e-14 1.764759e-13
0.000000e+00 -1.700000e+00 0.000000e+00 6.088664e-28 2.702264e-14 1.966030e-13
0.000000e+00 -1.600000e+00 0.000000e+00 1.530269e-24 3.040824e-14 2.120590e-13
0.000000e+00 -1.500000e+00 0.000000e+00 -1.735913e-24 3.407817e-14 2.217980e-13
0.000000e+00 -1.400000e+00 0.000000e+00 -8.092255e-24 3.792703e-14 2.253209e-13
0.000000e+00 -1.300000e+00 0.000000e+00 1.832165e-26 4.175781e-14 2.227214e-13
0.000000e+00 -1.200000e+00 0.000000e+00 -1.142017e-25 4.529486e-14 2.146485e-13
0.000000e+00 -1.100000e+00 0.000000e+00 -1.079625e-26 4.821426e-14 2.021874e-13
0.000000e+00 -1.000000e+00 0.000000e+00 1.322200e-24 5.018983e-14 1.866900e-13
0.000000e+00 -9.000000e-01 0.000000e+00 -5.562861e-26 5.093801e-14 1.695789e-13
0.000000e+00 -8.000000e-01 0.000000e+00 3.276130e-25 5.025784e-14 1.521982e-13
0.000000e+00 -7.000000e-01 0.000000e+00 1.394123e-23 4.804877e-14 1.356630e-13
0.000000e+00 -6.000000e-01 0.000000e+00 -1.616637e-25 4.432336e-14 1.207953e-13
0.000000e+00 -5.000000e-01 0.000000e+00 -4.821858e-24 3.919106e-14 1.081152e-13
0.000000e+00 -4.000000e-01 0.000000e+00 2.705425e-23 3.283600e-14 9.786467e-14
0.000000e+00 -3.000000e-01 0.000000e+00 1.258626e-23 2.548830e-14 9.007978e-14
0.000000e+00 -2.000000e-01 0.000000e+00 3.881562e-24 1.739859e-14 8.467115e-14
0.000000e+00 -1.000000e-01 0.000000e+00 1.235160e-23 8.820164e-15 8.149948e-14
0.000000e+00 6.383782e-16 0.000000e+00 3.875170e-25 7.354794e-26 8.045662e-14
0.000000e+00 1.000000e-01 0.000000e+00 1.382547e-23 -8.820174e-15 8.149967e-14
0.000000e+00 2.000000e-01 0.000000e+00 -2.035434e-24 -1.739866e-14 8.467059e-14
0.000000e+00 3.000000e-01 0.000000e+00 4.643557e-24 -2.548833e-14 9.007975e-14
0.000000e+00 4.000000e-01 0.000000e+00 1.365878e-24 -3.283593e-14 9.786541e-14
0.000000e+00 5.000000e-01 0.000000e+00 -1.434360e-23 -3.919096e-14 1.081152e-13
0.000000e+00 6.000000e-01 0.000000e+00 -1.895347e-23 -4.432332e-14 1.207958e-13
0.000000e+00 7.000000e-01 0.000000e+00 -4.885631e-22 -4.804867e-14 1.356633e-13
0.000000e+00 8.000000e-01 0.000000e+00 4.865872e-25 -5.025786e-14 1.521980e-13
0.000000e+00 9.000000e-01 0.000000e+00 -2.567439e-25 -5.093778e-14 1.695797e-13
0.000000e+00 1.000000e+00 0.000000e+00 4.392672e-24 -5.018972e-14 1.866906e-13
0.000000e+00 1.100000e+00 0.000000e+00 1.635945e-26 -4.821427e-14 2.021874e-13
0.000000e+00 1.200000e+00 0.000000e+00 2.475821e-26 -4.529481e-14 2.146487e-13
0.000000e+00 1.300000e+00 0.000000e+00 -2.496489e-26 -4.175784e-14 2.227214e-13
0.000000e+00 1.400000e+00 0.000000e+00 7.202559e-24 -3.792713e-14 2.253207e-13
0.000000e+00 1.500000e+00 0.000000e+00 1.388817e-24 -3.407809e-14 2.217982e-13
0.000000e+00 1.600000e+00 0.000000e+00 1.011785e-24 -3.040814e-14 2.120587e-13
0.000000e+00 1.700000e+00 0.000000e+00 2.267474e-24 -2.702278e-14 1.966022e-13
0.000000e+00 1.800000e+00 0.000000e+00 1.505142e-23 -2.394192e-14 1.764762e-13
0.000000e+00 1.900000e+00 0.000000e+00 -8.952843e-25 -2.112563e-14 1.531343e-13
0.000000e+00 2.000000e+00 0.000000e+00 -3.332276e-25 -1.850426e-14 1.282468e-13
0.000000e+00 2.100000e+00 0.000000e+00 6.216805e-26 -1.601167e-14 1.034782e-13
0.000000e+00 2.200000e+00 0.000000e+00 -2.543359e-26 -1.360876e-14 8.028603e-14
0.000000e+00 2.300000e+00 0.000000e+00 -2.809610e-26 -1.129324e-14 5.976911e-14
0.000000e+00 2.400000e+00 0.000000e+00 -2.283308e-26 -9.097544e-15 4.258739e-14
0.000000e+00 2.500000e+00 0.000000e+00 5.196008e-27 -7.076004e-15 2.896129e-14
0.000000e+00 2.600000e+00 0.000000e+00 1.854050e-27 -5.287536e-15 1.873488e-14
0.000000e+00 2.700000e+00 0.000000e+00 -6.722140e-28 -3.778221e-15 1.148434e-14
0.000000e+00 2.800000e+00 0.000000e+00 -4.229637e-29 -2.569967e-15 6.640487e-15
0.000000e+00 2.900000e+00 0.000000e+00 3.005143e-27 -1.656619e-15 3.601909e-15
0.000000e+00 3.000000e+00 0.000000e+00 -7.075984e-28 -1.007314e-15 1.820239e-15
0.000000e+00 3.100000e+00 0.000000e+00 1.017244e-28 -5.749267e-16 8.495240e-16
0.000000e+00 3.200000e+00 0.000000e+00 -7.360790e-28 -3.063483e-16 3.618864e-16
0.000000e+00 3.300000e+00 0.000000e+00 -2.084776e-28 -1.514669e-16 1.383814e-16
0.000000e+00 3.400000e+00 0.000000e+00 -3.313132e-29 -6.900052e-17 4.630369e-17
0.000000e+00 3.500000e+00 0.000000e+00 2.712069e-31 -2.872531e-17 1.298345e-17
0.000000e+00 3.600000e+00 0.000000e+00 1.492965e-31 -1.082894e-17 2.801378e-18
0.000000e+00 3.700000e+00 0.000000e+00 2.062475e-32 -3.665321e-18 3.765054e-19
0.000000e+00 3.800000e+00 0.000000e+00 1.199243e-32 -1.112278e-18 1.903225e-20
0.000000e+00 3.900000e+00 0.000000e+00 2.531185e-32 -3.108796e-19 2.314491e-20
0.000000e+00 4.000000e+00 0.000000e+00 6.370519e-33 -8.861537e-20 3.013818e-20
0.000000e+00 4.100000e+00 0.000000e+00 8.825825e-34 -3.052618e-20 1.872501e-20
0.000000e+00 4.200000e+00 0.000000e+00 -9.323292e-34 -1.299696e-20 7.335163e-21
0.000000e+00 4.300000e+00 0.000000e+00 -3.427520e-35 -5.749679e-21 1.804320e-21
0.000000e+00 4.400000e+00 0.000000e+00 -6.292705e-35 -2.314123e-21 2.251118e-22
