-1.900000e+00 -6.949360e-33 1.120516e-14 5.421824e-31
-1.800000e+00 -1.058950e-32 1.666825e-14 -2.710912e-31
-1.700000e+00 -3.547483e-32 2.380856e-14 5.421824e-31
-1.600000e+00 7.942125e-33 3.270031e-14 -3.253095e-30
-1.500000e+00 -1.090719e-31 4.324033e-14 -4.337459e-30
-1.400000e+00 -5.294750e-32 5.510952e-14 2.168730e-30
-1.300000e+00 -6.894824e-30 6.776227e-14 0.000000e+00
-1.200000e+00 -1.270740e-31 8.045169e-14 -4.337459e-30
-1.100000e+00 5.506540e-32 9.229175e-14 8.674919e-30
-1.000000e+00 -4.235800e-32 1.023491e-13 0.000000e+00
-9.000000e-01 2.916772e-29 1.097494e-13 -1.821733e-28
-8.000000e-01 -2.644834e-29 1.137810e-13 -2.602476e-29
-7.000000e-01 -2.236503e-30 1.139714e-13 1.734984e-29
-6.000000e-01 4.066368e-31 1.101309e-13 1.734984e-29
-5.000000e-01 -1.132145e-28 1.023501e-13 -3.886364e-27
-4.000000e-01 6.777280e-32 9.096088e-14 -3.469968e-29
-3.000000e-01 4.744096e-31 7.647075e-14 0.000000e+00
-2.000000e-01 -8.132736e-31 5.948918e-14 6.939935e-29
-1.000000e-01 -6.777280e-31 4.066208e-14 0.000000e+00
6.383782e-16 -2.710912e-31 2.062793e-14 0.000000e+00
1.000000e-01 6.777280e-32 4.337459e-30 0.000000e+00
2.000000e-01 -8.810464e-31 -2.062793e-14 -3.469968e-29
3.000000e-01 -2.033184e-31 -4.066208e-14 0.000000e+00
4.000000e-01 -4.066368e-31 -5.948918e-14 6.939935e-29
5.000000e-01 8.132736e-31 -7.647075e-14 -3.469968e-29
6.000000e-01 -6.777280e-32 -9.096088e-14 0.000000e+00
7.000000e-01 2.710912e-31 -1.023501e-13 0.000000e+00
8.000000e-01 5.743745e-29 -1.101309e-13 3.469968e-29
9.000000e-01 2.710912e-31 -1.139714e-13 -1.734984e-29
1.000000e+00 4.066368e-31 -1.137810e-13 -1.734984e-29
1.100000e+00 1.694320e-32 -1.097494e-13 6.939935e-29
1.200000e+00 1.016592e-31 -1.023491e-13 -1.734984e-29
1.300000e+00 8.471600e-32 -9.229175e-14 -8.674919e-30
1.400000e+00 -5.218929e-29 -8.045169e-14 -1.734984e-28
1.500000e+00 -7.624440e-32 -6.776227e-14 0.000000e+00
1.600000e+00 1.906110e-32 -5.510952e-14 8.674919e-30
1.700000e+00 1.058950e-32 -4.324033e-14 0.000000e+00
1.800000e+00 1.906110e-32 -3.270031e-14 2.168730e-30
1.900000e+00 -2.753270e-32 -2.380856e-14 0.000000e+00
2.000000e+00 1.906110e-31 -1.666825e-14 -5.421824e-31
