x y z |F|^2 Fx Fy Fz 
-0.1567303986 -0.4701911957 -0.7836519928 0.0086779458 -0.0003010390 -0.0024635573 -0.0083154677
0.1567303986 -0.4701911957 -0.7836519928 0.0086779462 0.0003010410 -0.0024635568 -0.0083154683
-0.4701911957 -0.1567303986 -0.7836519928 0.0525932974 -0.0195885687 -0.0083484242 -0.0480899857
-0.1567303986 -0.1567303986 -0.7836519928 0.0050570806 -0.0028356887 -0.0015918141 -0.0038728622
0.1567303986 -0.1567303986 -0.7836519928 0.0050570818 0.0028356896 -0.0015918152 -0.0038728627
0.4701911957 -0.1567303986 -0.7836519928 0.0525932834 0.0195885621 -0.0083484204 -0.0480899737
-0.4701911957 0.1567303986 -0.7836519928 0.0525933039 -0.0195885716 0.0083484287 -0.0480899908
-0.1567303986 0.1567303986 -0.7836519928 0.0050570830 -0.0028356892 0.0015918143 -0.0038728649
0.1567303986 0.1567303986 -0.7836519928 0.0050570843 0.0028356901 0.0015918154 -0.0038728655
0.4701911957 0.1567303986 -0.7836519928 0.0525932898 0.0195885649 0.0083484249 -0.0480899788
-0.1567303986 0.4701911957 -0.7836519928 0.0086779615 -0.0003010391 0.0024635617 -0.0083154828
0.1567303986 0.4701911957 -0.7836519928 0.0086779619 0.0003010411 0.0024635612 -0.0083154833
-0.1567303986 -0.7836519928 -0.4701911957 0.0025708657 -0.0001708360 -0.0008277447 -0.0024279630
0.1567303986 -0.7836519928 -0.4701911957 0.0025708696 0.0001708369 -0.0008277458 -0.0024279667
-0.4701911957 -0.4701911957 -0.4701911957 0.0087807957 -0.0039385164 0.0007149137 -0.0078153285
-0.1567303986 -0.4701911957 -0.4701911957 0.0024791727 -0.0009867719 0.0006001993 0.0021937045
0.1567303986 -0.4701911957 -0.4701911957 0.0024791726 0.0009867717 0.0006001985 0.0021937047
0.4701911957 -0.4701911957 -0.4701911957 0.0087808034 0.0039385195 0.0007149111 -0.0078153359
-0.7836519928 -0.1567303986 -0.4701911957 0.0039404792 0.0032363237 -0.0008295132 -0.0020893763
-0.4701911957 -0.1567303986 -0.4701911957 0.0112093478 -0.0031420220 0.0044944913 0.0097763349
-0.1567303986 -0.1567303986 -0.4701911957 0.0021977681 0.0018378739 0.0010454242 -0.0005995766
0.1567303986 -0.1567303986 -0.4701911957 0.0021977685 -0.0018378751 0.0010454237 -0.0005995757
0.4701911957 -0.1567303986 -0.4701911957 0.0112093493 0.0031420257 0.0044944932 0.0097763345
0.7836519928 -0.1567303986 -0.4701911957 0.0039404817 -0.0032363239 -0.0008295149 -0.0020893801
-0.7836519928 0.1567303986 -0.4701911957 0.0039404828 0.0032363268 0.0008295156 -0.0020893773
-0.4701911957 0.1567303986 -0.4701911957 0.0112093477 -0.0031420246 -0.0044944916 0.0097763339
-0.1567303986 0.1567303986 -0.4701911957 0.0021977686 0.0018378746 -0.0010454230 -0.0005995787
0.1567303986 0.1567303986 -0.4701911957 0.0021977691 -0.0018378758 -0.0010454224 -0.0005995778
0.4701911957 0.1567303986 -0.4701911957 0.0112093492 0.0031420283 -0.0044944935 0.0097763335
0.7836519928 0.1567303986 -0.4701911957 0.0039404853 -0.0032363270 0.0008295173 -0.0020893811
-0.4701911957 0.4701911957 -0.4701911957 0.0087807953 -0.0039385179 -0.0007149114 -0.0078153275
-0.1567303986 0.4701911957 -0.4701911957 0.0024791744 -0.0009867703 -0.0006002007 0.0021937067
0.1567303986 0.4701911957 -0.4701911957 0.0024791743 0.0009867702 -0.0006001999 0.0021937068
0.4701911957 0.4701911957 -0.4701911957 0.0087808030 0.0039385210 -0.0007149089 -0.0078153349
-0.1567303986 0.7836519928 -0.4701911957 0.0025708519 -0.0001708349 0.0008277410 -0.0024279497
0.1567303986 0.7836519928 -0.4701911957 0.0025708558 0.0001708358 0.0008277421 -0.0024279534
-0.4701911957 -0.7836519928 -0.1567303986 0.0044401759 0.0004070796 -0.0013137386 -0.0042217934
-0.1567303986 -0.7836519928 -0.1567303986 0.0036467326 0.0005826755 -0.0035057649 -0.0008177781
0.1567303986 -0.7836519928 -0.1567303986 0.0036467312 -0.0005826764 -0.0035057633 -0.0008177773
0.4701911957 -0.7836519928 -0.1567303986 0.0044401712 -0.0004070795 -0.0013137380 -0.0042217886
-0.7836519928 -0.4701911957 -0.1567303986 0.0011661824 -0.0004088009 -0.0009362232 -0.0005624495
-0.4701911957 -0.4701911957 -0.1567303986 0.0047510085 -0.0007559120 0.0033084008 0.0033249304
-0.1567303986 -0.4701911957 -0.1567303986 0.0009433366 0.0007903068 0.0001555838 -0.0004910119
0.1567303986 -0.4701911957 -0.1567303986 0.0009433372 -0.0007903071 0.0001555842 -0.0004910126
0.4701911957 -0.4701911957 -0.1567303986 0.0047510083 0.0007559119 0.0033084007 0.0033249303
0.7836519928 -0.4701911957 -0.1567303986 0.0011661839 0.0004088026 -0.0009362244 -0.0005624493
-0.7836519928 -0.1567303986 -0.1567303986 0.0033225881 0.0022474310 0.0004712156 0.0024013749
-0.4701911957 -0.1567303986 -0.1567303986 0.0061035146 -0.0013371801 0.0027748213 0.0052692701
-0.1567303986 -0.1567303986 -0.1567303986 0.0056235295 0.0021411029 0.0027701010 -0.0044007162
0.1567303986 -0.1567303986 -0.1567303986 0.0056235307 -0.0021411025 0.0027701011 -0.0044007179
0.4701911957 -0.1567303986 -0.1567303986 0.0061035147 0.0013371785 0.0027748207 0.0052692709
0.7836519928 -0.1567303986 -0.1567303986 0.0033225868 -0.0022474296 0.0004712148 0.0024013745
-0.7836519928 0.1567303986 -0.1567303986 0.0033225870 0.0022474314 -0.0004712172 0.0024013727
-0.4701911957 0.1567303986 -0.1567303986 0.0061035139 -0.0013371766 -0.0027748210 0.0052692702
-0.1567303986 0.1567303986 -0.1567303986 0.0056235282 0.0021411014 -0.0027701008 -0.0044007153
0.1567303986 0.1567303986 -0.1567303986 0.0056235294 -0.0021411011 -0.0027701009 -0.0044007170
0.4701911957 0.1567303986 -0.1567303986 0.0061035140 0.0013371750 -0.0027748205 0.0052692710
0.7836519928 0.1567303986 -0.1567303986 0.0033225856 -0.0022474299 -0.0004712163 0.0024013723
-0.7836519928 0.4701911957 -0.1567303986 0.0011661880 -0.0004088053 0.0009362228 -0.0005624585
-0.4701911957 0.4701911957 -0.1567303986 0.0047510061 -0.0007559085 -0.0033084026 0.0033249261
-0.1567303986 0.4701911957 -0.1567303986 0.0009433374 0.0007903075 -0.0001555844 -0.0004910124
0.1567303986 0.4701911957 -0.1567303986 0.0009433381 -0.0007903077 -0.0001555847 -0.0004910131
0.4701911957 0.4701911957 -0.1567303986 0.0047510059 0.0007559084 -0.0033084025 0.0033249259
0.7836519928 0.4701911957 -0.1567303986 0.0011661895 0.0004088070 0.0009362241 -0.0005624582
-0.4701911957 0.7836519928 -0.1567303986 0.0044401742 0.0004070829 0.0013137371 -0.0042217917
-0.1567303986 0.7836519928 -0.1567303986 0.0036467360 0.0005826774 0.0035057680 -0.0008177782
0.1567303986 0.7836519928 -0.1567303986 0.0036467345 -0.0005826783 0.0035057665 -0.0008177775
0.4701911957 0.7836519928 -0.1567303986 0.0044401695 -0.0004070828 0.0013137365 -0.0042217869
-0.4701911957 -0.7836519928 0.1567303986 0.0037687543 -0.0002989613 -0.0009632776 0.0036312845
-0.1567303986 -0.7836519928 0.1567303986 0.0063504788 0.0022627839 -0.0040825478 0.0043059487
0.1567303986 -0.7836519928 0.1567303986 0.0063504771 -0.0022627848 -0.0040825467 0.0043059468
0.4701911957 -0.7836519928 0.1567303986 0.0037687504 0.0002989620 -0.0009632780 0.0036312803
-0.7836519928 -0.4701911957 0.1567303986 0.0014123849 -0.0010637460 -0.0007897554 0.0004894506
-0.4701911957 -0.4701911957 0.1567303986 0.0024644933 -0.0005684890 0.0022752420 0.0007575100
-0.1567303986 -0.4701911957 0.1567303986 0.0021673189 0.0014527213 -0.0016008708 0.0001551927
0.1567303986 -0.4701911957 0.1567303986 0.0021673188 -0.0014527216 -0.0016008705 0.0001551926
0.4701911957 -0.4701911957 0.1567303986 0.0024644928 0.0005684892 0.0022752420 0.0007575084
0.7836519928 -0.4701911957 0.1567303986 0.0014123868 0.0010637472 -0.0007897574 0.0004894502
-0.7836519928 -0.1567303986 0.1567303986 0.0011856503 0.0005376146 -0.0000055247 0.0010567433
-0.4701911957 -0.1567303986 0.1567303986 0.0017644802 0.0003472650 0.0017084229 -0.0002721920
-0.1567303986 -0.1567303986 0.1567303986 0.0053860101 0.0020505048 0.0031704223 -0.0038409578
0.1567303986 -0.1567303986 0.1567303986 0.0053860096 -0.0020505047 0.0031704225 -0.0038409570
0.4701911957 -0.1567303986 0.1567303986 0.0017644800 -0.0003472662 0.0017084222 -0.0002721936
0.7836519928 -0.1567303986 0.1567303986 0.0011856494 -0.0005376135 -0.0000055238 0.0010567430
-0.7836519928 0.1567303986 0.1567303986 0.0011856517 0.0005376171 0.0000055253 0.0010567437
-0.4701911957 0.1567303986 0.1567303986 0.0017644785 0.0003472612 -0.0017084221 -0.0002721906
-0.1567303986 0.1567303986 0.1567303986 0.0053860098 0.0020505059 -0.0031704227 -0.0038409565
0.1567303986 0.1567303986 0.1567303986 0.0053860093 -0.0020505059 -0.0031704229 -0.0038409557
0.4701911957 0.1567303986 0.1567303986 0.0017644783 -0.0003472625 -0.0017084215 -0.0002721922
0.7836519928 0.1567303986 0.1567303986 0.0011856509 -0.0005376160 0.0000055244 0.0010567434
-0.7836519928 0.4701911957 0.1567303986 0.0014123771 -0.0010637400 0.0007897538 0.0004894437
-0.4701911957 0.4701911957 0.1567303986 0.0024644930 -0.0005684918 -0.0022752401 0.0007575126
-0.1567303986 0.4701911957 0.1567303986 0.0021673188 0.0014527209 0.0016008710 0.0001551932
0.1567303986 0.4701911957 0.1567303986 0.0021673187 -0.0014527212 0.0016008706 0.0001551931
0.4701911957 0.4701911957 0.1567303986 0.0024644925 0.0005684920 -0.0022752401 0.0007575110
0.7836519928 0.4701911957 0.1567303986 0.0014123789 0.0010637411 0.0007897558 0.0004894433
-0.4701911957 0.7836519928 0.1567303986 0.0037687600 -0.0002989665 0.0009632779 0.0036312899
-0.1567303986 0.7836519928 0.1567303986 0.0063504752 0.0022627823 0.0040825454 0.0043059463
0.1567303986 0.7836519928 0.1567303986 0.0063504735 -0.0022627832 0.0040825443 0.0043059445
0.4701911957 0.7836519928 0.1567303986 0.0037687561 0.0002989671 0.0009632783 0.0036312857
-0.1567303986 -0.7836519928 0.4701911957 0.0119578263 -0.0001566528 -0.0018089727 0.0118191661
0.1567303986 -0.7836519928 0.4701911957 0.0119578261 0.0001566527 -0.0018089731 0.0118191658
-0.4701911957 -0.4701911957 0.4701911957 0.0031982356 -0.0028961497 0.0013321797 0.0002575368
-0.1567303986 -0.4701911957 0.4701911957 0.0037153007 0.0016184913 -0.0015962061 0.0029387194
0.1567303986 -0.4701911957 0.4701911957 0.0037153009 -0.0016184908 -0.0015962064 0.0029387197
0.4701911957 -0.4701911957 0.4701911957 0.0031982388 0.0028961530 0.0013321802 0.0002575368
-0.7836519928 -0.1567303986 0.4701911957 0.0025334238 -0.0014776444 -0.0015922890 0.0013036176
-0.4701911957 -0.1567303986 0.4701911957 0.0034013515 0.0004503407 0.0011620356 -0.0031648157
-0.1567303986 -0.1567303986 0.4701911957 0.0024840768 0.0015918347 0.0018786422 -0.0003277241
0.1567303986 -0.1567303986 0.4701911957 0.0024840768 -0.0015918345 0.0018786421 -0.0003277257
0.4701911957 -0.1567303986 0.4701911957 0.0034013517 -0.0004503401 0.0011620360 -0.0031648159
0.7836519928 -0.1567303986 0.4701911957 0.0025334187 0.0014776411 -0.0015922859 0.0013036152
-0.7836519928 0.1567303986 0.4701911957 0.0025334204 -0.0014776439 0.0015922857 0.0013036157
-0.4701911957 0.1567303986 0.4701911957 0.0034013507 0.0004503420 -0.0011620365 -0.0031648144
-0.1567303986 0.1567303986 0.4701911957 0.0024840775 0.0015918340 -0.0018786437 -0.0003277246
0.1567303986 0.1567303986 0.4701911957 0.0024840775 -0.0015918338 -0.0018786436 -0.0003277262
0.4701911957 0.1567303986 0.4701911957 0.0034013510 -0.0004503414 -0.0011620368 -0.0031648146
0.7836519928 0.1567303986 0.4701911957 0.0025334153 0.0014776405 0.0015922826 0.0013036133
-0.4701911957 0.4701911957 0.4701911957 0.0031982325 -0.0028961460 -0.0013321801 0.0002575368
-0.1567303986 0.4701911957 0.4701911957 0.0037153002 0.0016184909 0.0015962066 0.0029387186
0.1567303986 0.4701911957 0.4701911957 0.0037153003 -0.0016184904 0.0015962069 0.0029387189
0.4701911957 0.4701911957 0.4701911957 0.0031982356 0.0028961493 -0.0013321806 0.0002575369
-0.1567303986 0.7836519928 0.4701911957 0.0119578157 -0.0001566538 0.0018089707 0.0118191557
0.1567303986 0.7836519928 0.4701911957 0.0119578154 0.0001566537 0.0018089712 0.0118191553
-0.1567303986 -0.4701911957 0.7836519928 0.0064338731 -0.0002224478 -0.0025271624 0.0059125874
0.1567303986 -0.4701911957 0.7836519928 0.0064338752 0.0002224490 -0.0025271644 0.0059125888
-0.4701911957 -0.1567303986 0.7836519928 0.0061696590 -0.0020480929 -0.0019278484 0.0054912120
-0.1567303986 -0.1567303986 0.7836519928 0.0041225216 0.0004023739 -0.0009252205 0.0039971549
0.1567303986 -0.1567303986 0.7836519928 0.0041225222 -0.0004023757 -0.0009252199 0.0039971554
0.4701911957 -0.1567303986 0.7836519928 0.0061696521 0.0020480911 -0.0019278478 0.0054912051
-0.4701911957 0.1567303986 0.7836519928 0.0061696528 -0.0020480919 0.0019278451 0.0054912065
-0.1567303986 0.1567303986 0.7836519928 0.0041225236 0.0004023771 0.0009252201 0.0039971567
0.1567303986 0.1567303986 0.7836519928 0.0041225242 -0.0004023789 0.0009252195 0.0039971572
0.4701911957 0.1567303986 0.7836519928 0.0061696459 0.0020480901 0.0019278445 0.0054911996
-0.1567303986 0.4701911957 0.7836519928 0.0064338773 -0.0002224487 0.0025271678 0.0059125897
0.1567303986 0.4701911957 0.7836519928 0.0064338794 0.0002224499 0.0025271697 0.0059125911
