x y z |E|^2 Ex.r Ex.i Ey.r Ey.i Ez.r Ez.i
-0.1567303986 -0.4701911957 -0.7836519928 1.176265269 0.09784101364 -0.1456968114 -0.6941048582 0.7876252247 0.188441595 0.08842827681
0.1567303986 -0.4701911957 -0.7836519928 1.176265688 -0.09784087115 0.145697321 -0.6941051604 0.7876251859 0.1884413823 0.08842839119
-0.4701911957 -0.1567303986 -0.7836519928 5.29283159 0.5327125682 -0.4400725823 -0.9577874734 1.876517336 0.4728405875 -0.3913216756
-0.1567303986 -0.1567303986 -0.7836519928 0.7436803014 0.3844776928 -0.4025387428 -0.5553703927 0.2715745191 -0.1859599123 0.1305744397
0.1567303986 -0.1567303986 -0.7836519928 0.7436808551 -0.3844776804 0.4025389603 -0.5553707434 0.2715744037 -0.1859600326 0.1305745022
0.4701911957 -0.1567303986 -0.7836519928 5.292830591 -0.5327124658 0.4400726212 -0.9577880601 1.876516874 0.4728403415 -0.3913215708
-0.4701911957 0.1567303986 -0.7836519928 5.292832518 -0.5327132645 0.4400720568 -0.9577874463 1.876517507 -0.4728403304 0.3913220613
-0.1567303986 0.1567303986 -0.7836519928 0.7436806866 -0.3844780099 0.4025385962 -0.5553701667 0.27157491 0.1859608436 -0.1305742547
0.1567303986 0.1567303986 -0.7836519928 0.7436812405 0.3844779972 -0.4025388143 -0.5553705177 0.2715747941 0.1859609637 -0.1305743175
0.4701911957 0.1567303986 -0.7836519928 5.292831517 0.5327131625 -0.4400720956 -0.957788033 1.876517045 -0.4728400843 0.3913219563
-0.1567303986 0.4701911957 -0.7836519928 1.17626624 -0.09784132227 0.1456966465 -0.6941044332 0.7876261989 -0.1884415753 -0.08842840141
0.1567303986 0.4701911957 -0.7836519928 1.176266658 0.09784117984 -0.1456971557 -0.6941047357 0.7876261592 -0.188441363 -0.08842851622
-0.1567303986 -0.7836519928 -0.4701911957 0.1855271321 -0.1161596394 0.06313308841 -0.2882697039 -0.2824349856 -0.07063466779 -0.0137870913
0.1567303986 -0.7836519928 -0.4701911957 0.1855273123 0.1161602703 -0.06313262489 -0.2882699404 -0.2824348764 -0.07063478315 -0.0137871344
-0.4701911957 -0.4701911957 -0.4701911957 1.242289374 -0.2957367579 0.5402659498 -0.03610311598 -0.8457487496 -0.1182587996 0.3638163286
-0.1567303986 -0.4701911957 -0.4701911957 0.2676444091 -0.0957878897 0.3292208309 0.285593538 -0.2416022743 0.004029502803 0.1006537082
0.1567303986 -0.4701911957 -0.4701911957 0.2676441723 0.09578845105 -0.3292205769 0.285593232 -0.2416022934 0.00402927025 0.1006536601
0.4701911957 -0.4701911957 -0.4701911957 1.24228994 0.2957374094 -0.5402658588 -0.0361037323 -0.8457488319 -0.1182594361 0.3638162532
-0.7836519928 -0.1567303986 -0.4701911957 0.8221017943 -0.1726652409 -0.01416913212 0.1528093749 -0.8449143532 -0.1805815295 0.1491545724
-0.4701911957 -0.1567303986 -0.4701911957 3.640759497 -0.0016369243 0.03285969415 0.3809606995 -1.81362452 0.3379599134 -0.3018198138
-0.1567303986 -0.1567303986 -0.4701911957 0.9636197785 0.08062048048 -0.001860734119 0.9091870748 -0.00142185447 -0.3427055458 0.1142208585
0.1567303986 -0.1567303986 -0.4701911957 0.9636192962 -0.08062031439 0.001860856471 0.9091867823 -0.001421885838 -0.3427056595 0.1142208491
0.4701911957 -0.1567303986 -0.4701911957 3.640759896 0.001637148646 -0.03285963886 0.3809601892 -1.813624798 0.3379595897 -0.301819815
0.7836519928 -0.1567303986 -0.4701911957 0.8221028149 0.1726654475 0.01416902173 0.1528092878 -0.8449148667 -0.1805818599 0.149154545
-0.7836519928 0.1567303986 -0.4701911957 0.8221022852 0.1726644097 0.01416907608 0.1528095111 -0.8449148804 0.1805811079 -0.14915457
-0.4701911957 0.1567303986 -0.4701911957 3.640759709 0.001636371496 -0.03285926451 0.3809606523 -1.8136246 -0.3379599748 0.3018197236
-0.1567303986 0.1567303986 -0.4701911957 0.9636201558 -0.08062055561 0.00186097293 0.9091872771 -0.001421870165 0.3427054924 -0.114221003
0.1567303986 0.1567303986 -0.4701911957 0.9636196728 0.08062038963 -0.001861095308 0.9091869843 -0.00142190176 0.342705606 -0.1142209934
0.4701911957 0.1567303986 -0.4701911957 3.640760108 -0.001636595797 0.03285920922 0.3809601419 -1.813624879 -0.3379596511 0.3018197248
0.7836519928 0.1567303986 -0.4701911957 0.8221033052 -0.1726646164 -0.01416896586 0.1528094241 -0.8449153936 0.1805814386 -0.1491545421
-0.4701911957 0.4701911957 -0.4701911957 1.242289709 0.2957366033 -0.540265592 -0.03610314666 -0.8457489751 0.1182589209 -0.3638168801
-0.1567303986 0.4701911957 -0.4701911957 0.2676447782 0.09578788393 -0.32922061 0.2855941855 -0.2416023832 -0.004029861347 -0.1006541571
0.1567303986 0.4701911957 -0.4701911957 0.2676445416 -0.09578844518 0.3292203563 0.285593879 -0.2416024028 -0.004029629268 -0.1006541092
0.4701911957 0.4701911957 -0.4701911957 1.242290276 -0.295737255 0.5402655009 -0.03610376294 -0.8457490577 0.1182595572 -0.363816805
-0.1567303986 0.7836519928 -0.4701911957 0.1855262858 0.116159398 -0.0631326431 -0.2882687268 -0.2824347419 0.07063455489 0.01378647396
0.1567303986 0.7836519928 -0.4701911957 0.1855264664 -0.1161600286 0.06313217984 -0.2882689635 -0.2824346331 0.07063467012 0.01378651679
-0.4701911957 -0.7836519928 -0.1567303986 0.3382376866 0.2689975986 -0.1314081607 0.4783044288 -0.1305495492 -0.0481086668 -0.02184304556
-0.1567303986 -0.7836519928 -0.1567303986 0.711497375 0.1235672529 -0.1023714194 0.6329815875 -0.4935671538 -0.191069068 0.07047685645
0.1567303986 -0.7836519928 -0.1567303986 0.7114970674 -0.1235668621 0.1023714836 0.6329814729 -0.4935670953 -0.1910690977 0.0704766244
0.4701911957 -0.7836519928 -0.1567303986 0.338237329 -0.2689972689 0.1314081784 0.4783042282 -0.1305494402 -0.04810880377 -0.02184355661
-0.7836519928 -0.4701911957 -0.1567303986 0.2038155701 0.2615010506 -0.1937728364 0.1333298533 0.02035986723 -0.2182085132 -0.1791047999
-0.4701911957 -0.4701911957 -0.1567303986 1.000276158 0.09711062914 -0.3245985208 0.2383256465 0.8708230926 -0.115257792 0.2388831369
-0.1567303986 -0.4701911957 -0.1567303986 0.2020535028 0.01131944329 -0.1837896116 -0.06698908498 -0.1557875934 0.2010081145 -0.3146190995
0.1567303986 -0.4701911957 -0.1567303986 0.2020535151 -0.01131912334 0.1837895914 -0.06698919099 -0.1557876217 0.2010079405 -0.314619217
0.4701911957 -0.4701911957 -0.1567303986 1.00027586 -0.0971102985 0.3245985143 0.2383254343 0.8708230119 -0.1152583303 0.2388829017
0.7836519928 -0.4701911957 -0.1567303986 0.2038158049 -0.2615008015 0.1937727261 0.1333297718 0.02035980467 -0.2182091439 -0.1791052376
-0.7836519928 -0.1567303986 -0.1567303986 0.4580534604 -0.071714616 -0.1501675595 0.08564712815 0.5694157852 -0.1358573047 0.2834311276
-0.4701911957 -0.1567303986 -0.1567303986 2.732343051 -0.1086982218 -0.2317821789 -0.08394988224 1.624383608 0.1070545344 -0.09835855485
-0.1567303986 -0.1567303986 -0.1567303986 1.279938821 -0.0252382736 -0.1259306913 -1.100241634 0.1586621144 -0.1569794664 -0.05563667327
0.1567303986 -0.1567303986 -0.1567303986 1.279939078 0.02523838128 0.1259306932 -1.100241737 0.1586620804 -0.1569795776 -0.05563667587
0.4701911957 -0.1567303986 -0.1567303986 2.732342471 0.1086983331 0.231782188 -0.08395003114 1.624383435 0.1070542187 -0.09835854274
0.7836519928 -0.1567303986 -0.1567303986 0.4580532171 0.07171473458 0.1501674964 0.08564715114 0.5694155126 -0.135857702 0.2834310521
-0.7836519928 0.1567303986 -0.1567303986 0.4580526705 0.07171407533 0.1501672427 0.08564667858 0.5694153673 0.1358570589 -0.2834311321
-0.4701911957 0.1567303986 -0.1567303986 2.732343665 0.1086982 0.2317822685 -0.08395031154 1.624383749 -0.1070547601 0.09835855579
-0.1567303986 0.1567303986 -0.1567303986 1.279938974 0.02523843522 0.1259307004 -1.100241715 0.158662229 0.1569792112 0.0556367483
0.1567303986 0.1567303986 -0.1567303986 1.279939231 -0.02523854281 -0.1259307024 -1.100241818 0.1586621949 0.1569793226 0.05563675126
0.4701911957 0.1567303986 -0.1567303986 2.732343086 -0.1086983113 -0.2317822777 -0.08395046018 1.624383576 -0.1070544445 0.09835854366
0.7836519928 0.1567303986 -0.1567303986 0.458052428 -0.07171419405 -0.1501671796 0.08564670193 0.5694150952 0.135857456 -0.2834310569
-0.7836519928 0.4701911957 -0.1567303986 0.2038148762 -0.261500319 0.1937726926 0.1333290486 0.02035870977 0.218208759 0.1791045176
-0.4701911957 0.4701911957 -0.1567303986 1.000275663 -0.09710993215 0.3245985214 0.2383247199 0.8708230621 0.1152577394 -0.2388834452
-0.1567303986 0.4701911957 -0.1567303986 0.2020535786 -0.01131903222 0.1837895807 -0.06698916182 -0.1557876504 -0.2010084727 0.3146189794
0.1567303986 0.4701911957 -0.1567303986 0.2020535912 0.01131871222 -0.1837895603 -0.06698926801 -0.1557876787 -0.2010082989 0.3146190972
0.4701911957 0.4701911957 -0.1567303986 1.000275365 0.09710960137 -0.3245985149 0.238324508 0.8708229815 0.1152582776 -0.2388832099
0.7836519928 0.4701911957 -0.1567303986 0.2038151112 0.2615000698 -0.1937725822 0.1333289677 0.0203586481 0.2182093898 0.1791049556
-0.4701911957 0.7836519928 -0.1567303986 0.3382367774 -0.2689967883 0.1314091366 0.4783035892 -0.1305497336 0.04810909629 0.02184267914
-0.1567303986 0.7836519928 -0.1567303986 0.7114978853 -0.1235668088 0.1023718072 0.6329819564 -0.4935672431 0.1910689265 -0.07047713718
0.1567303986 0.7836519928 -0.1567303986 0.7114975777 0.123566418 -0.1023718713 0.6329818417 -0.4935671848 0.1910689562 -0.07047690512
0.4701911957 0.7836519928 -0.1567303986 0.3382364199 0.2689964582 -0.1314091543 0.4783033888 -0.1305496246 0.04810923356 0.02184319033
-0.4701911957 -0.7836519928 0.1567303986 0.3785144517 -0.2707784842 0.1698958311 -0.4183685953 0.03386086846 0.2582760276 -0.1828757075
-0.1567303986 -0.7836519928 0.1567303986 1.31755921 -0.1111161674 0.1572774371 -0.4764075943 1.021656712 0.09841915668 -0.006576668866
0.1567303986 -0.7836519928 0.1567303986 1.317558912 0.1111157766 -0.1572775011 -0.4764074795 1.021656653 0.09841912671 -0.006576900896
0.4701911957 -0.7836519928 0.1567303986 0.3785142199 0.2707781546 -0.1698958485 -0.4183683946 0.03386075963 0.2582758905 -0.1828762186
-0.7836519928 -0.4701911957 0.1567303986 0.1154356171 -0.00330160435 0.01179343557 0.1464797462 0.0237156448 0.07012950468 -0.2972351528
-0.4701911957 -0.4701911957 0.1567303986 0.7672709464 0.0363655332 0.0460149881 -0.5095537933 -0.70897079 0.005346198638 0.03896003111
-0.1567303986 -0.4701911957 0.1567303986 0.2748286679 0.04132858438 0.07672134823 0.02864729609 0.4556853661 0.2254971478 -0.08897003206
0.1567303986 -0.4701911957 0.1567303986 0.2748286656 -0.04132890444 -0.07672132827 0.02864740234 0.4556853944 0.2254969737 -0.08897014956
0.4701911957 -0.4701911957 0.1567303986 0.7672706148 -0.03636586368 -0.04601498163 -0.5095535811 -0.7089707092 0.005345660355 0.03895979583
0.7836519928 -0.4701911957 0.1567303986 0.1154358115 0.003301355497 -0.01179332501 0.1464798276 0.02371570705 0.07012887435 -0.2972355906
-0.7836519928 -0.1567303986 0.1567303986 0.1637726136 0.01882171497 0.2361657175 -0.2149768411 -0.1070316958 0.201175999 0.09747564766
-0.4701911957 -0.1567303986 0.1567303986 2.057051429 0.1189022813 0.3274068083 -0.2427079741 -1.369483707 -0.005055678518 -0.03605709233
-0.1567303986 -0.1567303986 0.1567303986 1.327622319 0.09587660205 0.1645549793 1.014933733 -0.4426885049 0.02519779936 0.2542698009
0.1567303986 -0.1567303986 0.1567303986 1.327622513 -0.09587670934 -0.1645549811 1.014933836 -0.4426884709 0.02519768816 0.2542697982
0.4701911957 -0.1567303986 0.1567303986 2.057050917 -0.1189023923 -0.3274068171 -0.2427078254 -1.369483534 -0.00505599415 -0.03605708038
0.7836519928 -0.1567303986 0.1567303986 0.1637723653 -0.01882183345 -0.236165654 -0.2149768642 -0.1070314234 0.2011756019 0.09747557206
-0.7836519928 0.1567303986 0.1567303986 0.1637729664 -0.01882225574 -0.2361660345 -0.2149772903 -0.1070321132 -0.2011757532 -0.09747564281
-0.4701911957 0.1567303986 0.1567303986 2.057051201 -0.1189023033 -0.3274067187 -0.2427084032 -1.369483566 0.005055904267 0.03605709166
-0.1567303986 0.1567303986 0.1567303986 1.327622045 -0.09587644059 -0.1645549703 1.014933652 -0.4426883903 -0.02519754414 -0.2542698762
0.1567303986 0.1567303986 0.1567303986 1.327622238 0.09587654773 0.1645549717 1.014933755 -0.4426883563 -0.02519743274 -0.2542698733
0.4701911957 0.1567303986 0.1567303986 2.057050689 0.1189024144 0.3274067275 -0.2427082547 -1.369483393 0.005056219819 0.0360570795
0.7836519928 0.1567303986 0.1567303986 0.1637727184 0.01882237437 0.2361659712 -0.2149773137 -0.1070318412 -0.2011753563 -0.0974755677
-0.7836519928 0.4701911957 0.1567303986 0.115435537 0.003302336277 -0.01179357918 0.146478942 0.02371448812 -0.07012975076 0.2972354348
-0.4701911957 0.4701911957 0.1567303986 0.7672718578 -0.03636483587 -0.04601498744 -0.5095547195 -0.7089708202 -0.005346146025 -0.038959723
-0.1567303986 0.4701911957 0.1567303986 0.274828442 -0.04132817311 -0.07672137933 0.02864721903 0.4556853092 -0.2254967894 0.08897015187
0.1567303986 0.4701911957 0.1567303986 0.2748284398 0.04132849357 0.07672135919 0.02864732513 0.4556853374 -0.2254966155 0.08897026957
0.4701911957 0.4701911957 0.1567303986 0.7672715276 0.03636516712 0.0460149814 -0.5095545078 -0.7089707399 -0.005345607803 -0.03895948775
0.7836519928 0.4701911957 0.1567303986 0.1154357314 -0.003302086809 0.01179346941 0.1464790232 0.02371454972 -0.07012912005 0.2972358728
-0.4701911957 0.7836519928 0.1567303986 0.3785156048 0.2707792948 -0.1698948548 -0.4183694348 0.03386068416 -0.2582764573 0.1828760735
-0.1567303986 0.7836519928 0.1567303986 1.317558629 0.1111166117 -0.1572770492 -0.4764072256 1.021656622 -0.09841901511 0.006576949826
0.1567303986 0.7836519928 0.1567303986 1.31755833 -0.1111162207 0.1572771136 -0.476407111 1.021656564 -0.09841898531 0.006577181815
0.4701911957 0.7836519928 0.1567303986 0.3785153732 -0.2707789652 0.169894873 -0.4183692343 0.03386057479 -0.2582763199 0.1828765847
-0.1567303986 -0.7836519928 0.4701911957 0.8472009183 -0.01783280757 -0.1253386151 -0.08906713556 -0.8793565608 0.09519504341 0.2022625246
0.1567303986 -0.7836519928 0.4701911957 0.8472008897 0.0178321769 0.1253381518 -0.08906689911 -0.8793566697 0.0951949277 0.2022624815
-0.4701911957 -0.4701911957 0.4701911957 0.4684250118 -0.06004165703 -0.03452632514 0.4282656121 0.3854943579 -0.3311395086 0.14817974
-0.1567303986 -0.4701911957 0.4701911957 0.5566493155 -0.09599971125 -0.004940233804 -0.1748995921 -0.5559182028 -0.4511118396 0.06536174442
0.1567303986 -0.4701911957 0.4701911957 0.5566492803 0.09599915 0.004939980045 -0.174899286 -0.5559181834 -0.4511120723 0.0653616964
0.4701911957 -0.4701911957 0.4701911957 0.4684259179 0.06004100528 0.03452623429 0.4282662283 0.3854944406 -0.3311401451 0.1481796646
-0.7836519928 -0.1567303986 0.4701911957 0.177553747 -0.2250307075 0.03526878841 -0.12098926 0.001536408415 0.3329342431 -0.01360398335
-0.4701911957 -0.1567303986 0.4701911957 1.462694057 -0.1913249589 0.1244078554 0.7381860925 0.8914735094 -0.2562174965 -0.07294088107
-0.1567303986 -0.1567303986 0.4701911957 0.7395326049 -0.09745289023 0.06921535894 -0.6005395636 0.5526577975 -0.002368549466 0.243229839
0.1567303986 -0.1567303986 0.4701911957 0.7395322687 0.09745272444 -0.06921548097 -0.6005392709 0.552657829 -0.002368663017 0.2432298296
0.4701911957 -0.1567303986 0.4701911957 1.462695401 0.1913247344 -0.1244079106 0.7381866029 0.8914737877 -0.2562178199 -0.07294088232
0.7836519928 -0.1567303986 0.4701911957 0.1775534074 0.2250305006 -0.03526867812 -0.1209891728 0.001536921932 0.3329339129 -0.01360401098
-0.7836519928 0.1567303986 0.4701911957 0.1775530614 0.2250298761 -0.03526884506 -0.1209891236 0.001535881587 -0.3329338216 0.01360398026
-0.4701911957 0.1567303986 0.4701911957 1.46269357 0.1913244057 -0.1244074261 0.7381860453 0.8914734292 0.2562175575 0.07294097113
-0.1567303986 0.1567303986 0.4701911957 0.739532227 0.09745281505 -0.06921512009 -0.6005393616 0.5526577817 0.002368602939 -0.2432296946
0.1567303986 0.1567303986 0.4701911957 0.7395318906 -0.09745264925 0.06921524207 -0.6005390686 0.5526578133 0.002368716645 -0.2432296851
0.4701911957 0.1567303986 0.4701911957 1.462694914 -0.1913241815 0.1244074808 0.7381865557 0.8914737074 0.2562178811 0.07294097244
0.7836519928 0.1567303986 0.4701911957 0.1775527218 -0.2250296694 0.03526873423 -0.1209890366 0.001536394637 -0.3329334912 0.01360400806
-0.4701911957 0.4701911957 0.4701911957 0.4684245739 0.06004150264 0.03452668308 0.4282655814 0.3854941324 0.3311393874 -0.1481791883
-0.1567303986 0.4701911957 0.4701911957 0.5566494773 0.09599970553 0.004940454619 -0.1748989451 -0.5559183122 0.4511121989 -0.0653612951
0.1567303986 0.4701911957 0.4701911957 0.5566494413 -0.09599914402 -0.004940200628 -0.1748986386 -0.5559182926 0.4511124312 -0.06536124721
0.4701911957 0.4701911957 0.4701911957 0.4684254799 -0.0600408506 -0.03452659171 0.4282661976 0.3854942149 0.3311400237 -0.1481791132
-0.1567303986 0.7836519928 0.4701911957 0.8472001485 0.01783256586 0.1253390603 -0.08906615878 -0.8793563179 -0.09519493066 -0.2022619066
0.1567303986 0.7836519928 0.4701911957 0.8472001198 -0.01783193559 -0.1253385968 -0.08906592206 -0.8793564267 -0.0951948152 -0.2022618639
-0.1567303986 -0.4701911957 0.7836519928 0.5221957376 0.1500764033 -0.01538044888 0.5304024482 0.153804944 0.0285815092 -0.4400416253
0.1567303986 -0.4701911957 0.7836519928 0.5221959842 -0.1500765459 0.01537993952 0.5304027502 0.153804983 0.02858129643 -0.4400415108
-0.4701911957 -0.1567303986 0.7836519928 0.7262802085 0.03069000635 -0.4007439752 -0.6537054394 -0.3189109538 -0.01242625315 -0.1885555321
-0.1567303986 -0.1567303986 0.7836519928 0.5609488881 -0.0116576518 -0.210735608 -0.1524084864 -0.2654352969 0.602033932 -0.2455084355
0.1567303986 -0.1567303986 0.7836519928 0.5609484523 0.01165763933 0.2107353906 -0.1524081356 -0.2654351813 0.6020338118 -0.2455083728
0.4701911957 -0.1567303986 0.7836519928 0.7262790883 -0.03069010867 0.4007439361 -0.6537048528 -0.3189104917 -0.01242649904 -0.1885554271
-0.4701911957 0.1567303986 0.7836519928 0.7262795337 -0.03069070268 0.4007434495 -0.6537054124 -0.318910783 0.01242599557 0.1885551459
-0.1567303986 0.1567303986 0.7836519928 0.5609495734 0.01165733489 0.2107354619 -0.1524082606 -0.2654349063 -0.6020348632 0.2455082506
0.1567303986 0.1567303986 0.7836519928 0.5609491371 -0.0116573223 -0.2107352442 -0.1524079095 -0.2654347903 -0.6020347429 0.2455081881
0.4701911957 0.1567303986 0.7836519928 0.7262784138 0.03069080504 -0.4007434111 -0.6537048257 -0.3189103206 0.01242624161 0.1885550412
-0.1567303986 0.4701911957 0.7836519928 0.5221966868 -0.1500767123 0.01538028381 0.5304028731 0.1538059175 -0.02858152824 0.4400417507
0.1567303986 0.4701911957 0.7836519928 0.5221969339 0.1500768546 -0.01537977422 0.5304031755 0.1538059573 -0.02858131578 0.440041636
