theta s11 s12 s13 s14 s21 s22 s23 s24 s31 s32 s33 s34 s41 s42 s43 s44
0.00 5.7306738373E+02 0.0000000000E+00 -8.2718061255E-25 -7.3628150084E-08 1.9259299444E-34 5.7306738373E+02 7.7517837056E-08 0.0000000000E+00 -8.2718061255E-25 -7.7517837056E-08 5.7306738373E+02 0.0000000000E+00 -7.3628150084E-08 0.0000000000E+00 0.0000000000E+00 5.7306738373E+02
2.00 5.6392194234E+02 -1.7968053188E+00 3.2491192098E-05 2.1100139971E-05 -1.7968053188E+00 5.6392194234E+02 2.2528429768E-05 -9.3678708543E-06 3.2709705109E-05 -2.2566469399E-05 5.6390528798E+02 3.9439477443E+00 2.0842142393E-05 9.4587445334E-06 -3.9439477443E+00 5.6390528798E+02
4.00 5.3729409778E+02 -6.9671977038E+00 6.2256393899E-05 4.1585057631E-05 -6.9671977037E+00 5.3729409778E+02 4.3528749195E-05 -1.8130238408E-05 6.3967879388E-05 -4.3825751897E-05 5.3703503920E+02 1.5158243443E+01 3.9564361404E-05 1.8836499386E-05 -1.5158243443E+01 5.3703503920E+02
6.00 4.9550831801E+02 -1.4880281095E+01 8.6831544077E-05 6.0704645849E-05 -1.4880281095E+01 4.9550831801E+02 6.1755291740E-05 -2.5736463037E-05 9.2402328497E-05 -6.2718005703E-05 4.9425725703E+02 3.1887839765E+01 5.4121978242E-05 2.8020369628E-05 -3.1887839765E+01 4.9425725703E+02
8.00 4.4211654343E+02 -2.4577859710E+01 1.0424948939E-04 7.7816660010E-05 -2.4577859710E+01 4.4211654343E+02 7.6121498618E-05 -3.1737063088E-05 1.1679610100E-04 -7.8279191659E-05 4.3841645854E+02 5.1516751379E+01 6.2969916905E-05 3.6840777801E-05 -5.1516751379E+01 4.3841645854E+02
10.00 3.8146534709E+02 -3.4899153516E+01 1.1321940441E-04 9.2338089950E-05 -3.4899153516E+01 3.8146534709E+02 8.5863367468E-05 -3.5820428120E-05 1.3615454943E-04 -8.9788816806E-05 3.7317553076E+02 7.0978048435E+01 6.5142788595E-05 4.5058597018E-05 -7.0978048434E+01 3.7317553076E+02
12.00 3.1818213805E+02 -4.4627851832E+01 1.1323253984E-04 1.0377608711E-04 -4.4627851832E+01 3.1818213805E+02 9.0591086919E-05 -3.7835090402E-05 1.4976020652E-04 -9.6821340853E-05 3.0271960897E+02 8.7229961365E+01 6.0345021910E-05 5.2368156771E-05 -8.7229961365E+01 3.0271960897E+02
14.00 2.5665398419E+02 -5.2640105611E+01 1.0458406206E-04 1.1176213801E-04 -5.2640105611E+01 2.5665398419E+02 9.0301850915E-05 -3.7795840225E-05 1.5721219208E-04 -9.9273996606E-05 2.3141086380E+02 9.7720514729E+01 4.8968161922E-05 5.8417258624E-05 -9.7720514729E+01 2.3141086380E+02
16.00 2.0057090056E+02 -5.8033199133E+01 8.8310815787E-05 1.1608453434E-04 -5.8033199133E+01 2.0057090056E+02 8.5354154119E-05 -3.5873975676E-05 1.5844747584E-04 -9.7367875450E-05 1.6342291889E+02 1.0076598399E+02 3.2034565539E-05 6.2842400312E-05 -1.0076598399E+02 1.6342291889E+02
18.00 1.5259252138E+02 -6.0218971430E+01 6.6054870197E-05 1.1671298024E-04 -6.0218971430E+01 1.5259252138E+02 7.6408612584E-05 -3.2373806797E-05 1.5374207112E-04 -9.1621349765E-05 1.0238942043E+02 9.5783921645E+01 1.1075285791E-05 6.5314534860E-05 -9.5783921644E+01 1.0238942043E+02
20.00 1.1417551634E+02 -5.8972507435E+01 3.9871361971E-05 1.1380944018E-04 -5.8972507435E+01 1.1417551634E+02 6.4344323762E-05 -2.7698920241E-05 1.4369116424E-04 -8.2797598998E-05 5.1103898593E+01 8.3346766263E+01 -1.2042467998E-05 6.5588393185E-05 -8.3346766263E+01 5.1103898593E+01
22.00 8.5572856827E+01 -5.4433822055E+01 1.2005230681E-05 1.0772111135E-04 -5.4433822055E+01 8.5572856827E+01 5.0162362487E-05 -2.2312477968E-05 1.2916834713E-04 -7.1830878091E-05 1.1305940081E+01 6.5052659907E+01 -3.5317255435E-05 6.3547157888E-05 -6.5052659907E+01 1.1305940081E+01
24.00 6.5989625315E+01 -4.7066887067E+01 -1.5335898794E-05 9.8954352161E-05 -4.7066887067E+01 6.5989625315E+01 3.4888797384E-05 -1.6695924949E-05 1.1126554023E-04 -5.9738793070E-05 -1.6418998596E+01 4.3240666926E+01 -5.6820715190E-05 5.9234442764E-05 -4.3240666925E+01 -1.6418998596E+01
26.00 5.3857807832E+01 -3.7585391306E+01 -4.0186531072E-05 8.8131848689E-05 -3.7585391306E+01 5.3857807832E+01 1.9488502364E-05 -1.1310002305E-05 9.1216835313E-05 -4.7529756141E-05 -3.2611771356E+01 2.0602771509E+01 -7.4886385835E-05 5.2867210564E-05 -2.0602771509E+01 -3.2611771356E+01
28.00 4.7177779075E+01 -2.6857556327E+01 -6.0984250739E-05 7.5938438333E-05 -2.6857556327E+01 4.7177779075E+01 4.7982818062E-06 -6.5610910188E-06 7.0311222098E-05 -3.6115573798E-05 -3.8786043248E+01 -2.3949059234E-01 -8.8259347562E-05 4.4826241010E-05 2.3949059246E-01 -3.8786043248E+01
30.00 4.3868870381E+01 -1.5803134480E+01 -7.6672501173E-05 6.3063086199E-05 -1.5803134480E+01 4.3868870381E+01 -8.5160060969E-06 -2.7748825306E-06 4.9800761572E-05 -2.6238539239E-05 -3.7169252763E+01 -1.7122656867E+01 -9.6191760630E-05 3.5624524990E-05 1.7122656867E+01 -3.7169252763E+01
32.00 4.2075694416E+01 -5.2947671006E+00 -8.6739544134E-05 5.0145038433E-05 -5.2947671006E+00 4.2075694416E+01 -1.9977784294E-05 -1.7840308068E-07 3.0811934597E-05 -1.8420464362E-05 -3.0373933544E+01 -2.8631340572E+01 -9.8476863380E-05 2.5857778800E-05 2.8631340573E+01 -3.0373933545E+01
34.00 4.0389362688E+01 3.9262509535E+00 -9.1196584816E-05 3.7731066888E-05 3.9262509536E+00 4.0389362688E+01 -2.9296654632E-05 1.1093506194E-06 1.4268316001E-05 -1.2938072353E-05 -2.1045918158E+01 -3.4248423331E+01 -9.5422089345E-05 1.6144361280E-05 3.4248423331E+01 -2.1045918158E+01
36.00 3.7960684394E+01 1.1312495654E+01 -9.0505322787E-05 2.6248291235E-05 1.1312495655E+01 3.7960684394E+01 -3.6349472476E-05 1.0784341174E-06 8.3215921144E-07 -9.8255735140E-06 -1.1539176249E+01 -3.4349503827E+01 -8.7769486516E-05 7.0635884148E-06 3.4349503828E+01 -1.1539176249E+01
38.00 3.4502461707E+01 1.6546843923E+01 -8.5470131825E-05 1.5993954679E-05 1.6546843923E+01 3.4502461707E+01 -4.1152237928E-05 -1.7875379898E-07 -9.1291715495E-06 -8.9016766724E-06 -3.6619784337E+00 -3.0053481229E+01 -7.6577522055E-05 -8.9857031715E-07 3.0053481229E+01 -3.6619784337E+00
40.00 3.0196577408E+01 1.9551289344E+01 -7.7112216784E-05 7.1405027691E-06 1.9551289344E+01 3.0196577407E+01 -4.3829007130E-05 -2.4810466741E-06 -1.5548609261E-05 -9.8153484071E-06 1.4735362553E+00 -2.2965388371E+01 -6.3081884803E-05 -7.3891188481E-06 2.2965388371E+01 1.4735362553E+00
42.00 2.5535682137E+01 2.0469337413E+01 -6.6542527271E-05 -2.4794679572E-07 2.0469337413E+01 2.5535682137E+01 -4.4582482564E-05 -5.5778129588E-06 -1.8636602783E-05 -1.2102780304E-05 3.4842070812E+00 -1.4863969493E+01 -4.8553730122E-05 -1.2208632872E-05 1.4863969493E+01 3.4842070812E+00
44.00 2.1136887339E+01 1.9625698644E+01 -5.4847468472E-05 -6.1927368828E-06 1.9625698644E+01 2.1136887339E+01 -4.3668858497E-05 -9.1725068469E-06 -1.8833566242E-05 -1.5247491017E-05 2.6367570229E+00 -7.3923928126E+00 -3.4172070296E-05 -1.5311986148E-05 7.3923928127E+00 2.6367570229E+00
46.00 1.7565186940E+01 1.7469237980E+01 -4.2997361681E-05 -1.0776239708E-05 1.7469237980E+01 1.7565186940E+01 -4.1377490701E-05 -1.2948611926E-05 -1.6744023794E-05 -1.8736233925E-05 -3.1956908696E-01 -1.8053786959E+00 -2.0923220298E-05 -1.6791660208E-05 1.8053786960E+00 -3.1956908699E-01
48.00 1.5197932904E+01 1.4506891271E+01 -3.1783059459E-05 -1.4119568035E-05 1.4506891271E+01 1.5197932904E+01 -3.8014522796E-05 -1.6595807086E-05 -1.3061022128E-05 -2.2105125132E-05 -4.3720451739E+00 1.1884827372E+00 -9.5351532262E-06 -1.6848518486E-05 -1.1884827372E+00 -4.3720451739E+00
50.00 1.4150305379E+01 1.1237230618E+01 -2.1781877181E-05 -1.6364527287E-05 1.1237230618E+01 1.4150305379E+01 -3.3888988403E-05 -1.9834055878E-05 -8.4901814860E-06 -2.4972709311E-05 -8.4730089012E+00 1.4710236290E+00 -4.4919805048E-07 -1.5756082348E-05 -1.4710236290E+00 -8.4730089012E+00
52.00 1.4267861490E+01 8.0922576226E+00 -1.3350580991E-05 -1.7660348449E-05 8.0922576227E+00 1.4267861490E+01 -2.9300094298E-05 -2.2433483858E-05 -3.6821229481E-06 -2.7059052605E-05 -1.1738151924E+01 -5.5047931650E-01 6.1734426148E-06 -1.3824178059E-05 5.5047931653E-01 -1.1738151924E+01
54.00 1.5178709783E+01 5.3946612971E+00 -6.6408059327E-06 -1.8154636128E-05 5.3946612971E+00 1.5178709783E+01 -2.4525118169E-05 -2.4228395534E-05 8.1989709569E-07 -2.8191958026E-05 -1.3584256703E+01 -4.0937549995E+00 1.0416728025E-05 -1.1366591908E-05 4.0937549996E+00 -1.3584256703E+01
56.00 1.6387167249E+01 3.3352670587E+00 -1.6309605965E-06 -1.7987490787E-05 3.3352670587E+00 1.6387167249E+01 -1.9808245355E-05 -2.5124536273E-05 4.6130908243E-06 -2.8302750808E-05 -1.3790275011E+01 -8.2002170233E+00 1.2555125672E-05 -8.6755480515E-06 8.2002170233E+00 -1.3790275011E+01
58.00 1.7384703493E+01 1.9720789925E+00 1.8317561118E-06 -1.7287848821E-05 1.9720789925E+00 1.7384703493E+01 -1.5351349326E-05 -2.5099584396E-05 7.4480187093E-06 -2.7414674447E-05 -1.2481460437E+01 -1.1939512777E+01 1.2988868486E-05 -6.0039426941E-06 1.1939512777E+01 -1.2481460437E+01
60.00 1.7753308823E+01 1.2487705840E+00 3.9853597553E-06 -1.6171483054E-05 1.2487705841E+00 1.7753308823E+01 -1.1307943617E-05 -2.4197683831E-05 9.2231156194E-06 -2.5626849677E-05 -1.0050500695E+01 -1.4581083018E+01 1.2178195515E-05 -3.5547740328E-06 1.4581083018E+01 -1.0050500695E+01
62.00 1.7240760394E+01 1.0274069506E+00 5.1085266487E-06 -1.4740514720E-05 1.0274069506E+00 1.7240760394E+01 -7.7812360406E-06 -2.2519428543E-05 9.9648425838E-06 -2.3096188516E-05 -7.0396200053E+00 -1.5704521773E+01 1.0584090844E-05 -1.4763536977E-06 1.5704521773E+01 -7.0396200053E+00
64.00 1.5795251281E+01 1.1282100838E+00 5.4818612351E-06 -1.3084468534E-05 1.1282100838E+00 1.5795251281E+01 -4.8265218275E-06 -2.0208981172E-05 9.7985654987E-06 -2.0018895242E-05 -4.0118974377E+00 -1.5235543442E+01 8.6208638770E-06 1.3829908219E-07 1.5235543442E+01 -4.0118974377E+00
66.00 1.3556516506E+01 1.3686924272E+00 5.3580963230E-06 -1.1282765605E-05 1.3686924272E+00 1.3556516506E+01 -2.4573088744E-06 -1.7439936769E-05 8.9153762194E-06 -1.6612481539E-05 -1.4383466255E+00 -1.3410331085E+01 6.6235368858E-06 1.2491583773E-06 1.3410331085E+01 -1.4383466255E+00
68.00 1.0809798988E+01 1.5955204252E+00 4.9429266756E-06 -9.4081710926E-06 1.5955204252E+00 1.0809798988E+01 -6.5385592608E-07 -1.4401207284E-05 7.5393675977E-06 -1.3098751063E-05 3.7936630350E-01 -1.0684668920E+01 4.8307629022E-06 1.8647106914E-06 1.0684668920E+01 3.7936630350E-01
70.00 7.9159066783E+00 1.7047095208E+00 4.3867203345E-06 -7.5302900987E-06 1.7047095208E+00 7.9159066783E+00 6.2755497816E-07 -1.1283745793E-05 5.8986773507E-06 -9.6880360597E-06 1.3404205377E+00 -7.6130688143E+00 3.3821264733E-06 2.0355076460E-06 7.6130688143E+00 1.3404205377E+00
72.00 5.2340397918E+00 1.6486118089E+00 3.7859826376E-06 -5.7179602355E-06 1.6486118089E+00 5.2340397918E+00 1.4462001069E-06 -8.2685080970E-06 4.2022818772E-06 -6.5650514500E-06 1.5308926804E+00 -4.7258458763E+00 2.3273121729E-06 1.8457089413E-06 4.7258458763E+00 1.5308926804E+00
74.00 3.0536811170E+00 1.4309510631E+00 3.1923198826E-06 -4.0394835767E-06 1.4309510631E+00 3.0536811170E+00 1.8704440854E-06 -5.5157857822E-06 2.6233438210E-06 -3.8769479801E-06 1.1737543787E+00 -2.4289191172E+00 1.6437977153E-06 1.4026397129E-06 2.4289191172E+00 1.1737543787E+00
76.00 1.5481439148E+00 1.0932807120E+00 2.6259123548E-06 -2.5601082264E-06 1.0932807120E+00 1.5481439148E+00 1.9735807780E-06 -3.1559918484E-06 1.2890653412E-06 -1.7243431905E-06 5.5820041884E-01 -9.4334466551E-01 1.2594077909E-06 8.2472650438E-07 9.4334466552E-01 5.5820041883E-01
78.00 7.5650116059E-01 6.9730954033E-01 2.0902646576E-06 -1.3369038085E-06 6.9730954034E-01 7.5650116059E-01 1.8316019957E-06 -1.2821088098E-06 2.7650251271E-07 -1.5615535089E-07 -3.4179695600E-02 -2.9135057807E-01 1.0761772554E-06 2.2864244921E-07 2.9135057808E-01 -3.4179695601E-02
80.00 5.9404523922E-01 3.0747877777E-01 1.5852811126E-06 -4.1196761251E-07 3.0747877778E-01 5.9404523921E-01 1.5219667553E-06 5.5774033534E-08 -3.8642514413E-07 8.3111106431E-07 -3.9054170900E-01 -3.2530558093E-01 9.9242405523E-07 -2.8309772804E-07 3.2530558093E-01 -3.9054170900E-01
82.00 8.8559693588E-01 -2.2812040832E-02 1.1164490534E-06 1.9449038993E-07 -2.2812040831E-02 8.8559693588E-01 1.1222431277E-06 8.5322796085E-07 -7.1557672098E-07 1.2893765093E-06 -4.0404384542E-01 -7.8772464390E-01 9.2062645547E-07 -6.3265624286E-07 7.8772464390E-01 -4.0404384542E-01
84.00 1.4120218674E+00 -2.5944772462E-01 6.9895237808E-07 4.8939532970E-07 -2.5944772462E-01 1.4120218674E+00 7.0767402686E-07 1.1509215217E-06 -7.6179615757E-07 1.3105865006E-06 -8.2365491110E-02 -1.3855354770E+00 7.9954267639E-07 -7.7417411683E-07 1.3855354770E+00 -8.2365491110E-02
86.00 1.9588248672E+00 -3.9001329643E-01 3.5667815463E-07 5.0881365902E-07 -3.9001329643E-01 1.9588248672E+00 3.4720497644E-07 1.0302775695E-06 -5.9971617285E-07 1.0147689168E-06 4.7080077159E-01 -1.8609758522E+00 5.9991720573E-07 -6.9693378996E-07 1.8609758522E+00 4.7080077159E-01
88.00 2.3566953896E+00 -4.2136337682E-01 1.1710699428E-07 3.1576391671E-07 -4.2136337682E-01 2.3566953896E+00 9.8152004944E-08 6.0529983346E-07 -3.1536414199E-07 5.3589763377E-07 1.0940966496E+00 -2.0443626355E+00 3.2400417295E-07 -4.2408463484E-07 2.0443626355E+00 1.0940966496E+00
90.00 2.5068654887E+00 -3.7406497086E-01 3.8151003380E-09 -6.2536235315E-09 -3.7406497086E-01 2.5068654887E+00 2.9311335755E-10 1.1057195784E-08 6.0745946988E-09 7.1949332170E-09 1.6160713129E+00 -1.8795647070E+00 -7.6289694479E-11 -7.3364946022E-09 1.8795647070E+00 1.6160713129E+00
92.00 2.3882553607E+00 -2.7560199869E-01 2.8653033798E-08 -3.6319738281E-07 -2.7560199868E-01 2.3882553607E+00 7.0566091509E-08 -6.1012491677E-07 2.9094710405E-07 -4.5246645287E-07 1.9004497135E+00 -1.4198936907E+00 -3.2752552263E-07 4.8134805127E-07 1.4198936907E+00 1.9004497135E+00
94.00 2.0476200553E+00 -1.5394931091E-01 1.8557980189E-07 -6.6237386651E-07 -1.5394931091E-01 2.0476200553E+00 2.9963900736E-07 -1.1232663440E-06 4.8505577115E-07 -7.4962804475E-07 1.8791007320E+00 -7.9876651112E-01 -6.0761499759E-07 9.5961695133E-07 7.9876651112E-01 1.8791007320E+00
96.00 1.5773580344E+00 -3.2600901922E-02 4.4767890152E-07 -8.2438375241E-07 -3.2600901921E-02 1.5773580344E+00 6.5136432845E-07 -1.4144014618E-06 5.5799085213E-07 -8.2377545464E-07 1.5661843254E+00 -1.8455949926E-01 -7.9395289954E-07 1.3445783768E-06 1.8455949926E-01 1.5661843254E+00
98.00 1.0876458221E+00 7.2421308830E-02 7.6818510305E-07 -7.9325503193E-07 7.2421308832E-02 1.0876458221E+00 1.0655993121E-06 -1.4016528044E-06 5.0363507790E-07 -6.5087959624E-07 1.0515343081E+00 2.6833595965E-01 -8.5248230681E-07 1.5612497258E-06 -2.6833595965E-01 1.0515343081E+00
100.00 6.7984696603E-01 1.5350376371E-01 1.0855560790E-06 -5.4326241290E-07 1.5350376371E-01 6.7984696603E-01 1.4642101809E-06 -1.0423983021E-06 3.3726323511E-07 -2.4305328717E-07 4.7602431644E-01 4.6046643950E-01 -7.6597272234E-07 1.5486527773E-06 -4.6046643950E-01 4.7602431644E-01
102.00 4.2683309532E-01 2.1054595481E-01 1.3318773245E-06 -8.1523561434E-08 2.1054595481E-01 4.2683309531E-01 1.7594454654E-06 -3.3580126239E-07 9.0245037032E-08 3.5510640623E-07 -4.4898354020E-03 3.7126369813E-01 -5.3452675795E-07 1.2631824876E-06 -3.7126369812E-01 -4.4898354033E-03
104.00 3.6341769709E-01 2.4863212940E-01 1.4433069461E-06 5.5387858706E-07 2.4863212940E-01 3.6341769709E-01 1.8634254694E-06 6.7933074197E-07 -1.9627563961E-07 1.0726207408E-06 -2.5781283773E-01 6.1538829133E-02 -1.7246776800E-07 6.7947208259E-07 -6.1538829131E-02 -2.5781283773E-01
106.00 4.8722272434E-01 2.7478885471E-01 1.3709173367E-06 1.2999100887E-06 2.7478885471E-01 4.8722272433E-01 1.6973599329E-06 1.9307118815E-06 -4.7730294072E-07 1.8197117519E-06 -2.0756774043E-01 -3.4466317117E-01 2.9725773832E-07 -2.1054198796E-07 3.4466317118E-01 -2.0756774043E-01
108.00 7.6770658433E-01 2.9446232687E-01 1.0901941441E-06 2.0779647082E-06 2.9446232687E-01 7.6770658432E-01 1.1993052117E-06 3.3215893663E-06 -7.0836945452E-07 2.4959952493E-06 1.4842509391E-01 -6.9327868074E-01 8.4949795590E-07 -1.3993820370E-06 6.9327868074E-01 1.4842509390E-01
110.00 1.1593891385E+00 3.0845437230E-01 6.0759245257E-07 2.8055677687E-06 3.0845437231E-01 1.1593891385E+00 3.2974718916E-07 4.7411324457E-06 -8.4776105358E-07 2.9986452769E-06 7.3748925143E-01 -8.3973131339E-01 1.4622996345E-06 -2.8656302119E-06 8.3973131340E-01 7.3748925142E-01
112.00 1.6148631036E+00 3.1108740253E-01 -3.7111319144E-08 3.4092239408E-06 3.1108740254E-01 1.6148631036E+00 -9.2508784631E-07 6.0747375762E-06 -8.5660474829E-07 3.2301679299E-06 1.4289354286E+00 -6.8494599219E-01 2.1197092398E-06 -4.5746030554E-06 6.8494599220E-01 1.4289354286E+00
114.00 2.0939929253E+00 2.9023515790E-01 -7.7343726944E-07 3.8371464066E-06 2.9023515791E-01 2.0939929253E+00 -2.5517120436E-06 7.2130767479E-06 -6.9740062960E-07 3.1056509051E-06 2.0641706478E+00 -1.9942281964E-01 2.8110037153E-06 -6.4777198728E-06 1.9942281965E-01 2.0641706478E+00
116.00 2.5674540134E+00 2.2949482096E-01 -1.5079392378E-06 4.0705366895E-06 2.2949482098E-01 2.5674540134E+00 -4.5087911951E-06 8.0592164968E-06 -3.3192674323E-07 2.5594612297E-06 2.4928787246E+00 5.6983146824E-01 3.5262484009E-06 -8.5106274891E-06 -5.6983146823E-01 2.4928787246E+00
118.00 3.0149012060E+00 1.1220582564E-01 -2.1365120237E-06 4.1320317312E-06 1.1220582566E-01 3.0149012060E+00 -6.7266012803E-06 8.5337304777E-06 2.8049226718E-07 1.5513199188E-06 2.6068448888E+00 1.5104300250E+00 4.2489943614E-06 -1.0590532862E-05 -1.5104300250E+00 2.6068448888E+00
120.00 3.4199344555E+00 -7.3631840829E-02 -2.5599856873E-06 4.0899563979E-06 -7.3631840811E-02 3.4199344555E+00 -9.1059497936E-06 8.5782763085E-06 1.1835628405E-06 7.1520822678E-08 2.3637453434E+00 2.4704732307E+00 4.9476805108E-06 -1.2613450131E-05 -2.4704732307E+00 2.3637453434E+00
122.00 3.7651028103E+00 -3.3100757852E-01 -2.7010319592E-06 4.0572106420E-06 -3.3100757850E-01 3.7651028102E+00 -1.1516590043E-05 8.1584687766E-06 2.4230163523E-06 -1.8551340582E-06 1.7957214332E+00 3.2926915570E+00 5.5677258811E-06 -1.4452161933E-05 -3.2926915569E+00 1.7957214332E+00
124.00 4.0301503152E+00 -6.5174007408E-01 -2.5198695417E-06 4.1840683197E-06 -6.5174007406E-01 4.0301503152E+00 -1.3795882909E-05 7.2669525789E-06 4.0439653644E-06 -4.1672306366E-06 1.0011519872E+00 3.8490311947E+00 6.0262974146E-06 -1.5955654798E-05 -3.8490311947E+00 1.0011519871E+00
126.00 4.1955849116E+00 -1.0177556294E+00 -2.0260109196E-06 4.6448975847E-06 -1.0177556294E+00 4.1955849116E+00 -1.5749092740E-05 5.9273165122E-06 6.0868385156E-06 -6.7669724239E-06 1.2181554854E-01 4.0684477632E+00 6.2113370218E-06 -1.6950681529E-05 -4.0684477631E+00 1.2181554852E-01
128.00 4.2517905054E+00 -1.4061519378E+00 -1.2834822823E-06 5.6197637610E-06 -1.4061519378E+00 4.2517905054E+00 -1.7153032624E-05 4.1989362348E-06 8.5822192909E-06 -9.5230030540E-06 -6.8932429849E-01 3.9528839145E+00 5.9857400485E-06 -1.7245999737E-05 -3.9528839144E+00 -6.8932429851E-01
130.00 4.2118691436E+00 -1.7971627585E+00 -4.0766037170E-07 7.2728766368E-06 -1.7971627585E+00 4.2118691436E+00 -1.7764652581E-05 2.1821035365E-06 1.1544896339E-05 -1.2275691759E-05 -1.3028553316E+00 3.5794714257E+00 5.1967601405E-06 -1.6639767874E-05 -3.5794714257E+00 -1.3028553316E+00
132.00 4.1248136236E+00 -2.1829420335E+00 4.4690374234E-07 9.7306599458E-06 -2.1829420335E+00 4.1248136236E+00 -1.7335552551E-05 2.2077717142E-08 1.4967393185E-05 -1.4844343650E-05 -1.6433845323E+00 3.0900062762E+00 3.6899372440E-06 -1.4930517773E-05 -3.0900062761E+00 -1.6433845324E+00
134.00 4.0849609570E+00 -2.5743508892E+00 1.1067095811E-06 1.3062614265E-05 -2.5743508891E+00 4.0849609570E+00 -1.5632381094E-05 -2.0898163068E-06 1.8813305864E-05 -1.7035531572E-05 -1.7104985172E+00 2.6709208791E+00 1.3262230948E-06 -1.1931973124E-05 -2.6709208791E+00 -1.7104985172E+00
136.00 4.2341824959E+00 -3.0030000241E+00 1.4049362630E-06 1.7267952600E-05 -3.0030000240E+00 4.2341824958E+00 -1.2461836455E-05 -3.9200403349E-06 2.3011013213E-05 -1.8651757741E-05 -1.5874374876E+00 2.5279110916E+00 -1.9994399238E-06 -7.4916268887E-06 -2.5279110915E+00 -1.5874374876E+00
138.00 4.7548129144E+00 -3.5167913352E+00 1.2084394123E-06 2.2270183987E-05 -3.5167913352E+00 4.7548129143E+00 -7.6977679797E-06 -5.2032726666E-06 2.7448714870E-05 -1.9499983704E-05 -1.4373169191E+00 2.8591160573E+00 -6.3400580884E-06 -1.5123418426E-06 -2.8591160572E+00 -1.4373169191E+00
140.00 5.8534970161E+00 -4.1689332572E+00 4.4135560034E-07 2.7920536370E-05 -4.1689332571E+00 5.8534970160E+00 -1.3069390541E-06 -5.6601882128E-06 3.1972164261E-05 -1.9400127849E-05 -1.4888118970E+00 3.8297339268E+00 -1.1681091006E-05 6.0246899063E-06 -3.8297339267E+00 -1.4888118970E+00
142.00 7.7383544186E+00 -5.0024131813E+00 -8.9923013279E-07 3.4009612950E-05 -5.0024131813E+00 7.7383544185E+00 6.6304306644E-06 -5.0221483185E-06 3.6386694749E-05 -1.8194213986E-05 -2.0143563985E+00 5.5498071832E+00 -1.7929517258E-05 1.5038348246E-05 -5.5498071831E+00 -2.0143563985E+00
144.00 1.0593532776E+01 -6.0335851402E+00 -2.7388733492E-06 4.0285298572E-05 -6.0335851401E+00 1.0593532776E+01 1.5909050465E-05 -3.0610065318E-06 4.0464982888E-05 -1.5757192975E-05 -3.3040677829E+00 8.0561729821E+00 -2.4909260592E-05 2.5330967459E-05 -8.0561729820E+00 -3.3040677829E+00
146.00 1.4555900010E+01 -7.2393023539E+00 -4.9338884227E-06 4.6473983972E-05 -7.2393023539E+00 1.4555900010E+01 2.6198761150E-05 3.7899186537E-07 4.3961337741E-05 -1.2010318180E-05 -5.6380850756E+00 1.1299501016E+01 -3.2364378607E-05 3.6580715619E-05 -1.1299501016E+01 -5.6380850756E+00
148.00 1.9698143612E+01 -8.5515632204E+00 -7.2908215386E-06 5.2301856638E-05 -8.5515632203E+00 1.9698143612E+01 3.7058071458E-05 5.3510937093E-06 4.6632182946E-05 -6.9372305434E-06 -9.2592871780E+00 1.5137807939E+01 -3.9970751857E-05 4.8346570719E-05 -1.5137807939E+01 -9.2592871780E+00
150.00 2.6021036042E+01 -9.8619860624E+00 -9.5938177681E-06 5.7513358873E-05 -9.8619860624E+00 2.6021036042E+01 4.7960791399E-05 1.1781887662E-05 4.8261008830E-05 -6.0169265627E-07 -1.4347879283E+01 1.9338404993E+01 -4.7356062071E-05 6.0088119910E-05 -1.9338404993E+01 -1.4347879283E+01
152.00 3.3455488905E+01 -1.1036001663E+01 -1.1634849800E-05 6.1884811537E-05 -1.1036001663E+01 3.3455488905E+01 5.8333639762E-05 1.9456988826E-05 4.8684738448E-05 6.8355070022E-06 -2.0999328411E+01 2.3590349965E+01 -5.4126681894E-05 7.1200179830E-05 -2.3590349964E+01 -2.0999328411E+01
154.00 4.1872809707E+01 -1.1934132657E+01 -1.3241305919E-05 6.5232397045E-05 -1.1934132657E+01 4.1872809707E+01 6.7600974872E-05 2.8019538879E-05 4.7817532642E-05 1.5104158818E-05 -2.9207510367E+01 2.7528712441E+01 -5.9898892938E-05 8.1059525939E-05 -2.7528712441E+01 -2.9207510367E+01
156.00 5.1099859911E+01 -1.2435843913E+01 -1.4296176475E-05 6.7414887417E-05 -1.2435843913E+01 5.1099859911E+01 7.5231521248E-05 3.6983173716E-05 4.5667845376E-05 2.3820975960E-05 -3.8855354253E+01 3.0770227736E+01 -6.4330857980E-05 8.9078402063E-05 -3.0770227736E+01 -3.8855354253E+01
158.00 6.0935026294E+01 -1.2460744993E+01 -1.4747824871E-05 6.8332422148E-05 -1.2460744993E+01 6.0935026293E+01 8.0781394041E-05 4.5759529374E-05 4.2345164122E-05 3.2498502393E-05 -4.9715282815E+01 3.2957516870E+01 -6.7151268521E-05 9.4757601422E-05 -3.2957516870E+01 -4.9715282815E+01
160.00 7.1161250508E+01 -1.1982597336E+01 -1.4608621440E-05 6.7923113206E-05 -1.1982597336E+01 7.1161250508E+01 8.3928020608E-05 5.3698721646E-05 3.8054266311E-05 4.0568971333E-05 -6.1460994369E+01 3.3806613349E+01 -6.8180770724E-05 9.7731302394E-05 -3.3806613349E+01 -6.1460994369E+01
162.00 8.1553710398E+01 -1.1033408713E+01 -1.3943975508E-05 6.6159235322E-05 -1.1033408713E+01 8.1553710398E+01 8.4490749168E-05 6.0139726355E-05 3.3076741588E-05 4.7423222043E-05 -7.3690541597E+01 3.3150801666E+01 -6.7343198879E-05 9.7796778015E-05 -3.3150801666E+01 -7.3690541597E+01
164.00 9.1881731064E+01 -9.6973386942E+00 -1.2854987519E-05 6.3044329788E-05 -9.6973386942E+00 9.1881731064E+01 8.2435877127E-05 6.4466351449E-05 2.7741600827E-05 5.2462092387E-05 -8.5958515917E+01 3.0973338003E+01 -6.4665195306E-05 9.4924490239E-05 -3.0973338003E+01 -8.5958515917E+01
166.00 1.0190656065E+02 -8.0964939649E+00 -1.1458719204E-05 5.8611875924E-05 -8.0964939649E+00 1.0190656065E+02 7.7866224047E-05 6.6163644180E-05 2.2388620122E-05 5.5155155280E-05 -9.7813019346E+01 2.7422748507E+01 -6.0264684343E-05 8.9247485955E-05 -2.7422748507E+01 -9.7813019346E+01
168.00 1.1137817516E+02 -6.3723310274E+00 -9.8698728089E-06 5.2925466938E-05 -6.3723310274E+00 1.1137817516E+02 7.0997796312E-05 6.4869202161E-05 1.7329313597E-05 5.5099802221E-05 -1.0883168632E+02 2.2806914568E+01 -5.4330516984E-05 8.1032728023E-05 -2.2806914568E+01 -1.0883168632E+02
170.00 1.2003480935E+02 -4.6669244373E+00 -8.1866783469E-06 4.6079843886E-05 -4.6669244373E+00 1.2003480935E+02 6.2128084714E-05 6.0414018511E-05 1.2810888948E-05 5.2072894090E-05 -1.1865086510E+02 1.7565519716E+01 -4.7097027130E-05 7.0640224867E-05 -1.7565519716E+01 -1.1865086510E+02
172.00 1.2760825270E+02 -3.1077590800E+00 -6.4823844181E-06 3.8201809256E-05 -3.1077590800E+00 1.2760825270E+02 5.1601702922E-05 5.2848218118E-05 8.9881626822E-06 4.6067666460E-05 -1.2698339991E+02 1.2223916608E+01 -3.8817948733E-05 5.8477864903E-05 -1.2223916608E+01 -1.2698339991E+02
174.00 1.3383625444E+02 -1.7982429827E+00 -4.8023634739E-06 2.9450000410E-05 -1.7982429827E+00 1.3383625444E+02 3.9779169240E-05 4.2448317002E-05 5.9072986407E-06 3.7310212551E-05 -1.3362303830E+02 7.3343684360E+00 -2.9744001351E-05 4.4960277308E-05 -7.3343684360E+00 -1.3362303830E+02
176.00 1.3848112619E+02 -8.1430064014E-01 -3.1658247866E-06 2.0012718145E-05 -8.1430064014E-01 1.3848112619E+02 2.7013622649E-05 2.9704376526E-05 3.5035889165E-06 2.6252380235E-05 -1.3843668065E+02 3.4124297075E+00 -2.0107505292E-05 3.0478744981E-05 -3.4124297075E+00 -1.3843668065E+02
178.00 1.4135148373E+02 -2.0573682226E-01 -1.5706590864E-06 1.0103396103E-05 -2.0573682226E-01 1.4135148373E+02 1.3638343211E-05 1.5287469537E-05 1.6135867609E-06 1.3540894299E-05 -1.4134861483E+02 8.7676034855E-01 -1.0115843711E-05 1.5386477355E-05 -8.7676034855E-01 -1.4134861483E+02
180.00 1.4232269605E+02 -7.8159700934E-14 -2.2693176405E-15 -4.6239467883E-08 -7.8159700933E-14 1.4232269605E+02 -3.4496947438E-08 -1.6526626653E-15 2.2693176781E-15 -3.4496947438E-08 -1.4232269605E+02 -4.9737991503E-14 4.6239467883E-08 -1.6526626759E-15 4.9737991503E-14 -1.4232269605E+02
