x y z |F|^2 Fx Fy Fz
-0.1567303986 -0.4701911957 -0.7836519928 7.09261545e-05 -0.001860800864 0.003680048654 0.0073430795
0.1567303986 -0.4701911957 -0.7836519928 7.092615973e-05 0.001860796869 0.003680053322 0.00734307853
-0.4701911957 -0.1567303986 -0.7836519928 0.0007953683955 0.001888122173 0.02811689613 0.001115142216
-0.1567303986 -0.1567303986 -0.7836519928 0.0001201477949 -0.008096325901 -0.006833277281 0.002811338362
0.1567303986 -0.1567303986 -0.7836519928 0.0001201478002 0.008096324776 -0.006833278393 0.002811339837
0.4701911957 -0.1567303986 -0.7836519928 0.0007953681418 -0.001888115444 0.0281168921 0.001115141345
-0.4701911957 0.1567303986 -0.7836519928 0.0007953683015 0.001888127199 -0.02811689411 0.001115142538
-0.1567303986 0.1567303986 -0.7836519928 0.000120147898 -0.008096324262 0.006833284757 0.002811343258
0.1567303986 0.1567303986 -0.7836519928 0.0001201479031 0.008096323135 0.006833285862 0.002811344726
0.4701911957 0.1567303986 -0.7836519928 0.0007953680486 -0.001888120464 -0.0281168901 0.001115141669
-0.1567303986 0.4701911957 -0.7836519928 7.092630306e-05 -0.001860798802 -0.003680046888 0.007343091023
0.1567303986 0.4701911957 -0.7836519928 7.092630821e-05 0.001860794796 -0.003680051554 0.007343090051
-0.1567303986 -0.7836519928 -0.4701911957 1.527128988e-06 -0.0002937015905 -0.0001473290524 0.001191286076
0.1567303986 -0.7836519928 -0.4701911957 1.527124441e-06 0.0002937020395 -0.0001473320667 0.001191283684
-0.4701911957 -0.4701911957 -0.4701911957 0.0001130031284 0.001652048126 0.008405439487 0.006294636797
-0.1567303986 -0.4701911957 -0.4701911957 1.167805466e-05 -0.002556472964 0.0005099526641 0.002209626422
0.1567303986 -0.4701911957 -0.4701911957 1.167805338e-05 0.002556474006 0.0005099504141 0.002209625445
0.4701911957 -0.4701911957 -0.4701911957 0.0001130030429 -0.001652049269 0.008405435269 0.006294635343
-0.7836519928 -0.1567303986 -0.4701911957 5.461385454e-05 0.00328207272 0.005495282213 0.003693741544
-0.4701911957 -0.1567303986 -0.4701911957 0.0001683429012 -0.003982447334 0.01229752798 -0.00111974105
-0.1567303986 -0.1567303986 -0.4701911957 2.127387404e-05 0.001336770531 0.00440293694 0.0003179070449
0.1567303986 -0.1567303986 -0.4701911957 2.1273853e-05 -0.001336767194 0.004402935508 0.0003179078074
0.4701911957 -0.1567303986 -0.4701911957 0.0001683427552 0.003982438921 0.01229752488 -0.001119739874
0.7836519928 -0.1567303986 -0.4701911957 5.461397642e-05 -0.00328207845 0.005495287296 0.003693745388
-0.7836519928 0.1567303986 -0.4701911957 5.461395866e-05 0.003282077011 -0.005495286976 0.003693744739
-0.4701911957 0.1567303986 -0.4701911957 0.0001683428326 -0.003982446237 -0.01229752602 -0.001119735805
-0.1567303986 0.1567303986 -0.4701911957 2.127384212e-05 0.001336769179 -0.004402933744 0.0003179067997
0.1567303986 0.1567303986 -0.4701911957 2.12738211e-05 -0.00133676584 -0.004402932315 0.000317907563
0.4701911957 0.1567303986 -0.4701911957 0.0001683426865 0.003982437814 -0.01229752292 -0.001119734638
0.7836519928 0.1567303986 -0.4701911957 5.461408055e-05 -0.00328208274 -0.005495292066 0.003693748577
-0.4701911957 0.4701911957 -0.4701911957 0.0001130033401 0.001652045138 -0.008405446901 0.006294644494
-0.1567303986 0.4701911957 -0.4701911957 1.167806445e-05 -0.002556472296 -0.0005099575526 0.002209628283
0.1567303986 0.4701911957 -0.4701911957 1.167806315e-05 0.00255647334 -0.0005099552961 0.0022096273
0.4701911957 0.4701911957 -0.4701911957 0.0001130032547 -0.001652046295 -0.00840544269 0.006294643032
-0.1567303986 0.7836519928 -0.4701911957 1.527131054e-06 -0.0002937004937 0.0001473279394 0.001191287351
0.1567303986 0.7836519928 -0.4701911957 1.527126511e-06 0.0002937009418 0.0001473309496 0.001191284961
-0.4701911957 -0.7836519928 -0.1567303986 4.284818091e-06 7.412763078e-05 -0.00182558107 0.0009729218589
-0.1567303986 -0.7836519928 -0.1567303986 1.97729592e-05 3.758178285e-05 -0.001756178985 -0.004085019238
0.1567303986 -0.7836519928 -0.1567303986 1.977297499e-05 -3.758168312e-05 -0.00175617871 -0.004085021291
0.4701911957 -0.7836519928 -0.1567303986 4.284809231e-06 -7.412724392e-05 -0.001825579181 0.0009729208797
-0.7836519928 -0.4701911957 -0.1567303986 2.133066068e-06 -1.118370395e-05 -0.0001551444737 0.001452195299
-0.4701911957 -0.4701911957 -0.1567303986 9.519998508e-05 0.0001811902317 0.009634277796 -0.001532268426
-0.1567303986 -0.4701911957 -0.1567303986 2.129643773e-05 4.380601155e-05 0.0001377590325 0.004612541731
0.1567303986 -0.4701911957 -0.1567303986 2.129642482e-05 -4.380437016e-05 0.0001377605961 0.0046125403
0.4701911957 -0.4701911957 -0.1567303986 9.519996535e-05 -0.0001811886809 0.009634276381 -0.001532271065
0.7836519928 -0.4701911957 -0.1567303986 2.133063899e-06 1.118445742e-05 -0.0001551430359 0.001452194699
-0.7836519928 -0.1567303986 -0.1567303986 7.006280787e-06 0.002006794915 0.001665249158 0.0004538724438
-0.4701911957 -0.1567303986 -0.1567303986 4.695947015e-05 -0.001739349824 0.005490101968 0.003713881087
-0.1567303986 -0.1567303986 -0.1567303986 8.21271066e-05 0.0007772137461 0.009003284536 -0.0006811115553
0.1567303986 -0.1567303986 -0.1567303986 8.21271259e-05 -0.0007772173854 0.009003285416 -0.0006811099394
0.4701911957 -0.1567303986 -0.1567303986 4.695945885e-05 0.001739354197 0.005490100402 0.003713879831
0.7836519928 -0.1567303986 -0.1567303986 7.006263894e-06 -0.002006792943 0.001665248306 0.0004538656837
-0.7836519928 0.1567303986 -0.1567303986 7.006265222e-06 0.002006787525 -0.00166525387 0.0004538706889
-0.4701911957 0.1567303986 -0.1567303986 4.695956668e-05 -0.00173934444 -0.00549011362 0.003713879379
-0.1567303986 0.1567303986 -0.1567303986 8.212706157e-05 0.000777213868 -0.009003282268 -0.0006811083462
0.1567303986 0.1567303986 -0.1567303986 8.212708088e-05 -0.0007772175096 -0.009003283148 -0.0006811067302
0.4701911957 0.1567303986 -0.1567303986 4.695955523e-05 0.001739348821 -0.005490112041 0.003713878119
0.7836519928 0.1567303986 -0.1567303986 7.00624831e-06 -0.002006785554 -0.001665253009 0.0004538639297
-0.7836519928 0.4701911957 -0.1567303986 2.133049819e-06 -1.118701206e-05 0.0001551567789 0.001452188364
-0.4701911957 0.4701911957 -0.1567303986 9.520010828e-05 0.0001811910727 -0.009634283029 -0.001532275628
-0.1567303986 0.4701911957 -0.1567303986 2.129649608e-05 4.380350824e-05 -0.0001377597963 0.004612548057
0.1567303986 0.4701911957 -0.1567303986 2.129648322e-05 -4.380186716e-05 -0.0001377613606 0.004612546631
0.4701911957 0.4701911957 -0.1567303986 9.520008858e-05 -0.0001811895145 -0.009634281615 -0.001532278273
0.7836519928 0.4701911957 -0.1567303986 2.133047656e-06 1.118776142e-05 0.0001551553357 0.001452187767
-0.4701911957 0.7836519928 -0.1567303986 4.284814659e-06 7.412319157e-05 0.001825581401 0.0009729198122
-0.1567303986 0.7836519928 -0.1567303986 1.977293148e-05 3.75745992e-05 0.001756176648 -0.004085016916
0.1567303986 0.7836519928 -0.1567303986 1.977294729e-05 -3.757449853e-05 0.001756176374 -0.004085018971
0.4701911957 0.7836519928 -0.1567303986 4.284805803e-06 -7.412280719e-05 0.001825579513 0.0009729188329
-0.4701911957 -0.7836519928 0.1567303986 8.493693468e-06 0.001060097567 0.001320949865 0.002371703622
-0.1567303986 -0.7836519928 0.1567303986 9.641713762e-06 0.0006995676641 0.002853502773 0.001004908339
0.1567303986 -0.7836519928 0.1567303986 9.641712013e-06 -0.0006995645284 0.002853502378 0.001004910773
0.4701911957 -0.7836519928 0.1567303986 8.493699819e-06 -0.001060097897 0.001320953782 0.002371702632
-0.7836519928 -0.4701911957 0.1567303986 1.135794098e-06 -0.0002691733858 -0.0005847203514 -0.0008493773583
-0.4701911957 -0.4701911957 0.1567303986 2.986976321e-05 0.0001879112138 0.005274514682 0.001419136165
-0.1567303986 -0.4701911957 0.1567303986 5.176874629e-05 0.0009113292426 -0.005309583909 -0.004769333708
0.1567303986 -0.4701911957 0.1567303986 5.176872779e-05 -0.0009113267706 -0.005309583191 -0.004769333039
0.4701911957 -0.4701911957 0.1567303986 2.986977422e-05 -0.0001879093973 0.005274515179 0.001419138435
0.7836519928 -0.4701911957 0.1567303986 1.135801034e-06 0.000269173523 -0.0005847196541 -0.0008493818777
-0.7836519928 -0.1567303986 0.1567303986 2.759485633e-06 0.0009247875016 0.001091361802 0.0008445017036
-0.4701911957 -0.1567303986 0.1567303986 3.394204249e-05 0.0002174358813 0.004878007906 0.003178018722
-0.1567303986 -0.1567303986 0.1567303986 9.62383289e-05 0.0003488299951 0.008183019193 0.005399522518
0.1567303986 -0.1567303986 0.1567303986 9.623832032e-05 -0.0003488336592 0.008183019776 0.005399520603
0.4701911957 -0.1567303986 0.1567303986 3.394206321e-05 -0.0002174314949 0.004878007387 0.003178023079
0.7836519928 -0.1567303986 0.1567303986 2.759485522e-06 -0.0009247872193 0.001091361041 0.0008445029299
-0.7836519928 0.1567303986 0.1567303986 2.759494931e-06 0.000924789859 -0.001091364863 0.0008445006715
-0.4701911957 0.1567303986 0.1567303986 3.394191011e-05 0.0002174318878 -0.004877996712 0.00317801535
-0.1567303986 0.1567303986 0.1567303986 9.623836008e-05 0.0003488291323 -0.008183020719 0.005399523149
0.1567303986 0.1567303986 0.1567303986 9.623835149e-05 -0.0003488327965 -0.008183021302 0.005399521232
0.4701911957 0.1567303986 0.1567303986 3.394193077e-05 -0.0002174274969 -0.004877996184 0.003178019712
0.7836519928 0.1567303986 0.1567303986 2.759494819e-06 -0.0009247895778 -0.001091364102 0.0008445018967
-0.7836519928 0.4701911957 0.1567303986 1.135782747e-06 -0.0002691696637 0.000584715223 -0.0008493753866
-0.4701911957 0.4701911957 0.1567303986 2.986969682e-05 0.0001879149849 -0.005274509937 0.001419129909
-0.1567303986 0.4701911957 0.1567303986 5.176870314e-05 0.000911333045 0.005309584899 -0.004769327355
0.1567303986 0.4701911957 0.1567303986 5.176868467e-05 -0.0009113305717 0.005309584181 -0.004769326691
0.4701911957 0.4701911957 0.1567303986 2.986970787e-05 -0.0001879131672 -0.005274510438 0.001419132184
0.7836519928 0.4701911957 0.1567303986 1.135789686e-06 0.0002691698004 0.0005847145251 -0.0008493799081
-0.4701911957 0.7836519928 0.1567303986 8.493763951e-06 0.001060102169 -0.001320956731 0.0023717126
-0.1567303986 0.7836519928 0.1567303986 9.641697015e-06 0.0006995802978 -0.002853495005 0.001004913268
0.1567303986 0.7836519928 0.1567303986 9.641695275e-06 -0.0006995771616 -0.002853494611 0.001004915705
0.4701911957 0.7836519928 0.1567303986 8.493770312e-06 -0.001060102499 -0.001320960654 0.002371711609
-0.1567303986 -0.7836519928 0.4701911957 2.203261491e-05 0.001301066647 0.003367884123 0.002999532802
0.1567303986 -0.7836519928 0.4701911957 2.203264926e-05 -0.001301070513 0.003367885469 0.002999535339
-0.4701911957 -0.4701911957 0.4701911957 2.542376218e-05 0.0007777773993 0.00484201344 0.001172062429
-0.1567303986 -0.4701911957 0.4701911957 2.528599963e-05 0.001043242902 -0.004883410402 -0.000591562948
0.1567303986 -0.4701911957 0.4701911957 2.528600036e-05 -0.001043247067 -0.004883409824 -0.0005915609887
0.4701911957 -0.4701911957 0.4701911957 2.542382216e-05 -0.0007777788787 0.004842018044 0.001172068018
-0.7836519928 -0.1567303986 0.4701911957 9.840096761e-07 -0.0005973585174 -0.0005841738861 -0.0005347086577
-0.4701911957 -0.1567303986 0.4701911957 1.816237374e-05 0.0005522338689 0.003969328239 0.001449774063
-0.1567303986 -0.1567303986 0.4701911957 9.283535181e-05 0.001223410683 0.009131852232 0.002819200761
0.1567303986 -0.1567303986 0.4701911957 9.283528629e-05 -0.001223406748 0.00913184981 0.002819198691
0.4701911957 -0.1567303986 0.4701911957 1.816238714e-05 -0.0005522441455 0.003969328544 0.001449773932
0.7836519928 -0.1567303986 0.4701911957 9.840072701e-07 0.0005973561498 -0.0005841750517 -0.0005347077794
-0.7836519928 0.1567303986 0.4701911957 9.840067521e-07 -0.0005973597935 0.0005841718908 -0.0005347066778
-0.4701911957 0.1567303986 0.4701911957 1.816239335e-05 0.0005522303527 -0.003969330015 0.001449777301
-0.1567303986 0.1567303986 0.4701911957 9.283536214e-05 0.001223412663 -0.009131851308 0.002819204726
0.1567303986 0.1567303986 0.4701911957 9.283529659e-05 -0.001223408727 -0.009131848885 0.002819202658
0.4701911957 0.1567303986 0.4701911957 1.816240675e-05 -0.0005522406359 -0.003969330318 0.001449777175
0.7836519928 0.1567303986 0.4701911957 9.840043463e-07 0.0005973574263 0.000584173057 -0.0005347057986
-0.4701911957 0.4701911957 0.4701911957 2.542374317e-05 0.0007777727858 -0.004842011259 0.001172066391
-0.1567303986 0.4701911957 0.4701911957 2.528595568e-05 0.00104324107 0.004883406888 -0.0005915580411
0.1567303986 0.4701911957 0.4701911957 2.528595642e-05 -0.001043245238 0.00488340631 -0.0005915560852
0.4701911957 0.4701911957 0.4701911957 2.542380313e-05 -0.0007777742683 -0.004842015861 0.00117207198
-0.1567303986 0.7836519928 0.4701911957 2.203262579e-05 0.001301059822 -0.003367882607 0.002999539277
0.1567303986 0.7836519928 0.4701911957 2.203266011e-05 -0.001301063691 -0.00336788395 0.002999541812
-0.1567303986 -0.4701911957 0.7836519928 8.043925547e-06 0.0006278029362 -0.002746401888 -0.0003272089401
0.1567303986 -0.4701911957 0.7836519928 8.043937933e-06 -0.0006278024818 -0.002746404344 -0.0003272081214
-0.4701911957 -0.1567303986 0.7836519928 1.076646548e-05 0.000705629976 0.003159225503 0.0005365128504
-0.1567303986 -0.1567303986 0.7836519928 1.701970198e-05 -0.0002216616181 -9.537552409e-05 0.004118430723
0.1567303986 -0.1567303986 0.7836519928 1.701971535e-05 0.0002216620612 -9.538088302e-05 0.004118432197
0.4701911957 -0.1567303986 0.7836519928 1.076640635e-05 -0.0007056278096 0.003159217436 0.0005365080954
-0.4701911957 0.1567303986 0.7836519928 1.076647567e-05 0.0007056326329 -0.003159225137 0.0005365210084
-0.1567303986 0.1567303986 0.7836519928 1.701971255e-05 -0.0002216598711 9.538398647e-05 0.004118431904
0.1567303986 0.1567303986 0.7836519928 1.701972593e-05 0.0002216603159 9.538934498e-05 0.00411843338
0.4701911957 0.1567303986 0.7836519928 1.076641654e-05 -0.0007056304624 -0.003159217072 0.000536516249
-0.1567303986 0.4701911957 0.7836519928 8.043953561e-06 0.0006278015279 0.00274640707 -0.0003272109538
0.1567303986 0.4701911957 0.7836519928 8.043965944e-06 -0.0006278010771 0.002746409526 -0.0003272101292
