0.000000e+00 0.000000e+00 0.000000e+00 0.000000e+00
-5.950000e+00 -1.724665e-38 4.543227e-19 -1.196060e-35
-5.900000e+00 -1.038540e-36 8.545229e-19 0.000000e+00
-5.850000e+00 -3.387279e-37 1.560948e-18 -1.196060e-35
-5.800000e+00 -2.131650e-37 2.774451e-18 2.392120e-35
-5.750000e+00 -3.036871e-37 4.806986e-18 4.784239e-35
-5.700000e+00 7.592177e-37 8.131913e-18 -2.392120e-34
-5.650000e+00 2.055728e-36 1.345168e-17 1.913696e-34
-5.600000e+00 7.895864e-36 2.178685e-17 -5.741087e-34
-5.550000e+00 -7.008163e-36 3.458989e-17 0.000000e+00
-5.500000e+00 1.083929e-35 5.388743e-17 7.654783e-34
-5.450000e+00 5.980299e-36 8.245306e-17 2.296435e-33
-5.400000e+00 7.475374e-35 1.240115e-16 3.061913e-33
-5.350000e+00 4.410471e-35 1.834730e-16 -9.185740e-33
-5.300000e+00 9.867494e-35 2.671928e-16 -1.224765e-32
-5.250000e+00 8.372419e-35 3.832486e-16 0.000000e+00
-5.200000e+00 9.568479e-35 5.417235e-16 2.449531e-32
-5.150000e+00 5.860693e-34 7.549773e-16 -2.449531e-32
-5.100000e+00 3.217401e-33 1.037886e-15 -2.449531e-32
-5.050000e+00 -8.372419e-34 1.408024e-15 -4.899061e-32
-5.000000e+00 1.100375e-33 1.885759e-15 4.899061e-32
-4.950000e+00 9.807691e-34 2.494236e-15 -1.959624e-31
-4.900000e+00 -1.387429e-33 3.259211e-15 0.000000e+00
-4.850000e+00 -1.865853e-33 4.208708e-15 -9.798122e-32
-4.800000e+00 6.571631e-31 5.372491e-15 7.838498e-31
-4.750000e+00 -4.975609e-33 6.781306e-15 -1.959624e-31
-4.700000e+00 4.784239e-34 8.465913e-15 -4.311174e-30
-4.650000e+00 8.420261e-33 1.045590e-14 -3.919249e-31
-4.600000e+00 7.080674e-33 1.277828e-14 -1.567700e-30
-4.550000e+00 -3.636022e-33 1.545599e-14 0.000000e+00
-4.500000e+00 7.272044e-33 1.850616e-14 0.000000e+00
-4.450000e+00 1.071670e-32 2.193844e-14 -1.567700e-30
-4.400000e+00 -7.654783e-34 2.575324e-14 0.000000e+00
-4.350000e+00 -3.827392e-32 2.994019e-14 0.000000e+00
-4.300000e+00 -1.990244e-32 3.447667e-14 0.000000e+00
-4.250000e+00 1.316623e-31 3.932668e-14 -3.135399e-30
-4.200000e+00 6.430018e-32 4.444010e-14 -3.135399e-30
-4.150000e+00 7.042400e-32 4.975233e-14 0.000000e+00
-4.100000e+00 -2.388292e-31 5.518450e-14 6.270798e-30
-4.050000e+00 6.123826e-33 6.064418e-14 0.000000e+00
-4.000000e+00 1.377861e-31 6.602674e-14 3.762479e-29
-3.950000e+00 4.899061e-32 7.121725e-14 -1.254160e-29
-3.900000e+00 -3.025170e-30 7.609292e-14 -1.254160e-29
-3.850000e+00 -2.816960e-31 8.052608e-14 1.881239e-29
-3.800000e+00 2.449531e-32 8.438755e-14 2.508319e-29
-3.750000e+00 7.348592e-32 8.755037e-14 2.508319e-29
-3.700000e+00 0.000000e+00 8.989365e-14 -1.254160e-29
-3.650000e+00 -1.224765e-32 9.130657e-14 1.254160e-29
-3.600000e+00 3.845763e-30 9.169219e-14 1.254160e-29
-3.550000e+00 3.184390e-31 9.097113e-14 1.254160e-29
-3.500000e+00 -1.077793e-30 8.908478e-14 0.000000e+00
-3.450000e+00 -1.959624e-31 8.599804e-14 1.254160e-29
-3.400000e+00 1.445223e-30 8.170146e-14 0.000000e+00
-3.350000e+00 1.959624e-31 7.621256e-14 2.508319e-29
-3.300000e+00 -2.449531e-31 6.957645e-14 2.508319e-29
-3.250000e+00 -1.469718e-31 6.186559e-14 0.000000e+00
-3.200000e+00 -1.959624e-31 5.317866e-14 -2.508319e-29
-3.150000e+00 4.899061e-32 4.363865e-14 0.000000e+00
-3.100000e+00 3.919249e-31 3.339019e-14 0.000000e+00
-3.050000e+00 9.798122e-32 2.259586e-14 2.508319e-29
-3.000000e+00 0.000000e+00 1.143292e-14 0.000000e+00
-2.950000e+00 -4.899061e-32 8.751640e-17 0.000000e+00
-2.900000e+00 -1.469718e-31 -1.124842e-14 2.508319e-29
-2.850000e+00 4.899061e-32 -2.238301e-14 0.000000e+00
-2.800000e+00 -1.469718e-31 -3.313027e-14 -2.508319e-29
-2.750000e+00 -1.959624e-31 -4.331323e-14 0.000000e+00
-2.700000e+00 -2.645493e-29 -5.276971e-14 0.000000e+00
-2.650000e+00 0.000000e+00 -6.135560e-14 1.254160e-29
-2.600000e+00 0.000000e+00 -6.894846e-14 -1.254160e-29
-2.550000e+00 2.939437e-31 -7.545020e-14 1.254160e-29
-2.500000e+00 4.899061e-32 -8.078885e-14 -1.254160e-29
-2.450000e+00 4.899061e-32 -8.491949e-14 2.508319e-29
-2.400000e+00 -2.449531e-32 -8.782431e-14 -1.254160e-29
-2.350000e+00 -3.919249e-31 -8.951174e-14 1.254160e-29
-2.300000e+00 -1.714671e-31 -9.001470e-14 0.000000e+00
-2.250000e+00 1.224765e-31 -8.938815e-14 -2.508319e-29
-2.200000e+00 1.469718e-31 -8.770592e-14 -6.270798e-30
-2.150000e+00 9.798122e-32 -8.505701e-14 0.000000e+00
-2.100000e+00 3.674296e-32 -8.154163e-14 0.000000e+00
-2.050000e+00 1.959624e-31 -7.726689e-14 0.000000e+00
-2.000000e+00 -4.899061e-32 -7.234265e-14 -1.254160e-29
-1.950000e+00 -1.418768e-28 -6.687748e-14 -9.719737e-28
-1.900000e+00 6.123826e-32 -6.097496e-14 -6.270798e-30
-1.850000e+00 -1.056911e-28 -5.473057e-14 9.092658e-29
-1.800000e+00 3.061913e-32 -4.822919e-14 0.000000e+00
-1.750000e+00 -6.123826e-33 -4.154334e-14 -3.135399e-30
-1.700000e+00 -1.224765e-32 -3.473228e-14 -6.270798e-30
-1.650000e+00 3.061913e-32 -2.784193e-14 -6.270798e-30
-1.600000e+00 -2.449531e-32 -2.090557e-14 3.135399e-30
-1.550000e+00 9.185740e-33 -1.394539e-14 3.135399e-30
-1.500000e+00 -3.674296e-32 -6.974596e-15 3.135399e-30
-1.450000e+00 1.286004e-31 0.000000e+00 0.000000e+00
-1.400000e+00 1.530957e-32 6.974596e-15 0.000000e+00
-1.350000e+00 5.511444e-32 1.394539e-14 0.000000e+00
-1.300000e+00 -1.282942e-30 2.090557e-14 -9.406197e-30
-1.250000e+00 -1.990244e-31 2.784193e-14 -3.135399e-30
-1.200000e+00 1.224765e-32 3.473228e-14 0.000000e+00
-1.150000e+00 -2.449531e-32 4.154334e-14 -9.406197e-30
-1.100000e+00 2.143339e-32 4.822919e-14 0.000000e+00
-1.050000e+00 -1.057034e-28 5.473057e-14 1.003328e-28
-1.000000e+00 -1.224765e-32 6.097496e-14 0.000000e+00
-9.500000e-01 -2.449531e-32 6.687748e-14 0.000000e+00
-9.000000e-01 3.804121e-29 7.234265e-14 -2.508319e-29
-8.500000e-01 -3.674296e-32 7.726689e-14 0.000000e+00
-8.000000e-01 -2.449531e-32 8.154163e-14 -1.254160e-29
-7.500000e-01 2.449531e-32 8.505701e-14 0.000000e+00
-7.000000e-01 -2.449531e-32 8.770592e-14 1.254160e-29
-6.500000e-01 -3.674296e-32 8.938815e-14 1.254160e-29
-6.000000e-01 0.000000e+00 9.001470e-14 -1.254160e-29
-5.500000e-01 2.204578e-31 8.951174e-14 -1.254160e-29
-5.000000e-01 0.000000e+00 8.782431e-14 2.508319e-29
-4.500000e-01 4.899061e-32 8.491949e-14 -1.254160e-29
-4.000000e-01 -2.204578e-31 8.078885e-14 -5.016639e-29
-3.500000e-01 1.714671e-31 7.545020e-14 0.000000e+00
-3.000000e-01 -9.798122e-32 6.894846e-14 2.508319e-29
-2.500000e-01 1.959624e-31 6.135560e-14 0.000000e+00
-2.000000e-01 -2.625897e-29 5.276971e-14 5.016639e-29
-1.500000e-01 2.449531e-31 4.331323e-14 0.000000e+00
-1.000000e-01 4.899061e-32 3.313027e-14 -5.016639e-29
-5.000000e-02 -4.899061e-32 2.238301e-14 0.000000e+00
-1.294798e-14 4.899061e-32 1.124842e-14 0.000000e+00
5.000000e-02 -1.959624e-31 -8.751640e-17 -5.016639e-29
1.000000e-01 3.870258e-30 -1.143292e-14 2.508319e-29
1.500000e-01 4.899061e-31 -2.259586e-14 0.000000e+00
2.000000e-01 1.959624e-31 -3.339019e-14 0.000000e+00
2.500000e-01 -4.899061e-32 -4.363865e-14 2.508319e-29
3.000000e-01 8.818310e-31 -5.317866e-14 1.254160e-29
3.500000e-01 0.000000e+00 -6.186559e-14 2.508319e-29
4.000000e-01 -4.899061e-32 -6.957645e-14 2.508319e-29
4.500000e-01 -9.798122e-32 -7.621256e-14 -1.254160e-29
5.000000e-01 9.798122e-32 -8.170146e-14 1.254160e-29
5.500000e-01 -7.348592e-32 -8.599804e-14 5.016639e-29
6.000000e-01 9.798122e-32 -8.908478e-14 1.254160e-29
6.500000e-01 7.348592e-32 -9.097113e-14 0.000000e+00
7.000000e-01 -4.899061e-32 -9.169219e-14 0.000000e+00
7.500000e-01 0.000000e+00 -9.130657e-14 0.000000e+00
8.000000e-01 -7.348592e-32 -8.989365e-14 1.254160e-29
8.500000e-01 -2.449531e-32 -8.755037e-14 -6.270798e-30
9.000000e-01 -2.204578e-31 -8.438755e-14 1.254160e-29
9.500000e-01 5.388967e-31 -8.052608e-14 0.000000e+00
1.000000e+00 -2.976180e-30 -7.609292e-14 -6.270798e-30
1.050000e+00 1.224765e-32 -7.121725e-14 6.270798e-30
1.100000e+00 4.286679e-32 -6.602674e-14 3.135399e-30
1.150000e+00 -3.674296e-32 -6.064418e-14 1.254160e-29
1.200000e+00 4.041725e-31 -5.518450e-14 0.000000e+00
1.250000e+00 4.286679e-32 -4.975233e-14 3.135399e-30
1.300000e+00 1.224765e-32 -4.444010e-14 -4.703099e-30
1.350000e+00 -1.530957e-31 -3.932668e-14 -6.270798e-30
1.400000e+00 2.449531e-32 -3.447667e-14 0.000000e+00
1.450000e+00 4.592870e-33 -2.994019e-14 4.703099e-30
1.500000e+00 1.530957e-32 -2.575324e-14 -3.135399e-30
1.550000e+00 1.837148e-32 -2.193844e-14 2.351549e-30
1.600000e+00 7.654783e-33 -1.850616e-14 0.000000e+00
1.650000e+00 3.827392e-34 -1.545599e-14 -3.919249e-31
1.700000e+00 -5.358348e-33 -1.277828e-14 0.000000e+00
1.750000e+00 4.210131e-33 -1.045590e-14 5.878873e-31
1.800000e+00 4.784239e-33 -8.465913e-15 3.919249e-31
1.850000e+00 3.061913e-33 -6.781306e-15 -3.919249e-31
1.900000e+00 -1.323034e-30 -5.372491e-15 -1.959624e-31
1.950000e+00 2.966228e-33 -4.208708e-15 0.000000e+00
2.000000e+00 -9.090055e-34 -3.259211e-15 -1.959624e-31
2.050000e+00 0.000000e+00 -2.494236e-15 -9.798122e-32
2.100000e+00 3.348968e-34 -1.885759e-15 2.449531e-32
2.150000e+00 -1.112336e-33 -1.408024e-15 4.899061e-32
2.200000e+00 2.822701e-33 -1.037886e-15 1.224765e-32
2.250000e+00 -4.066604e-34 -7.549773e-16 -6.123826e-33
2.300000e+00 1.196060e-34 -5.417235e-16 6.123826e-33
2.350000e+00 -8.521926e-35 -3.832486e-16 3.061913e-33
2.400000e+00 -3.139657e-35 -2.671928e-16 -9.185740e-33
2.450000e+00 1.196060e-35 -1.834730e-16 1.530957e-33
2.500000e+00 5.232762e-35 -1.240115e-16 3.061913e-33
2.550000e+00 -1.943597e-35 -8.245306e-17 7.654783e-34
2.600000e+00 -6.727837e-36 -5.388743e-17 0.000000e+00
2.650000e+00 2.242612e-36 -3.458989e-17 -3.827392e-34
2.700000e+00 4.111456e-36 -2.178685e-17 -1.913696e-34
2.750000e+00 3.177034e-36 -1.345168e-17 0.000000e+00
2.800000e+00 -3.438672e-35 -8.131913e-18 -9.568479e-35
2.850000e+00 -7.008163e-37 -4.806986e-18 -4.784239e-35
2.900000e+00 5.606531e-37 -2.774451e-18 2.392120e-35
2.950000e+00 1.168027e-37 -1.560948e-18 -2.392120e-35
3.000000e+00 3.387279e-37 -8.545229e-19 1.196060e-35
3.050000e+00 -1.401633e-37 -4.543227e-19 1.196060e-35
