x y z |F|^2 Fx Fy Fz 
-1.567304e-01 -4.701912e-01 -7.836520e-01 8.677946e-03 -3.010390e-04 -2.463557e-03 -8.315468e-03
1.567304e-01 -4.701912e-01 -7.836520e-01 8.677946e-03 3.010410e-04 -2.463557e-03 -8.315468e-03
-4.701912e-01 -1.567304e-01 -7.836520e-01 5.259330e-02 -1.958857e-02 -8.348424e-03 -4.808999e-02
-1.567304e-01 -1.567304e-01 -7.836520e-01 5.057081e-03 -2.835689e-03 -1.591814e-03 -3.872862e-03
1.567304e-01 -1.567304e-01 -7.836520e-01 5.057082e-03 2.835690e-03 -1.591815e-03 -3.872863e-03
4.701912e-01 -1.567304e-01 -7.836520e-01 5.259328e-02 1.958856e-02 -8.348420e-03 -4.808997e-02
-4.701912e-01 1.567304e-01 -7.836520e-01 5.259330e-02 -1.958857e-02 8.348429e-03 -4.808999e-02
-1.567304e-01 1.567304e-01 -7.836520e-01 5.057083e-03 -2.835689e-03 1.591814e-03 -3.872865e-03
1.567304e-01 1.567304e-01 -7.836520e-01 5.057084e-03 2.835690e-03 1.591815e-03 -3.872865e-03
4.701912e-01 1.567304e-01 -7.836520e-01 5.259329e-02 1.958856e-02 8.348425e-03 -4.808998e-02
-1.567304e-01 4.701912e-01 -7.836520e-01 8.677961e-03 -3.010391e-04 2.463562e-03 -8.315483e-03
1.567304e-01 4.701912e-01 -7.836520e-01 8.677962e-03 3.010411e-04 2.463561e-03 -8.315483e-03
-1.567304e-01 -7.836520e-01 -4.701912e-01 2.570866e-03 -1.708360e-04 -8.277447e-04 -2.427963e-03
1.567304e-01 -7.836520e-01 -4.701912e-01 2.570870e-03 1.708369e-04 -8.277458e-04 -2.427967e-03
-4.701912e-01 -4.701912e-01 -4.701912e-01 8.780796e-03 -3.938516e-03 7.149137e-04 -7.815329e-03
-1.567304e-01 -4.701912e-01 -4.701912e-01 2.479173e-03 -9.867719e-04 6.001993e-04 2.193705e-03
1.567304e-01 -4.701912e-01 -4.701912e-01 2.479173e-03 9.867717e-04 6.001985e-04 2.193705e-03
4.701912e-01 -4.701912e-01 -4.701912e-01 8.780803e-03 3.938520e-03 7.149111e-04 -7.815336e-03
-7.836520e-01 -1.567304e-01 -4.701912e-01 3.940479e-03 3.236324e-03 -8.295132e-04 -2.089376e-03
-4.701912e-01 -1.567304e-01 -4.701912e-01 1.120935e-02 -3.142022e-03 4.494491e-03 9.776335e-03
-1.567304e-01 -1.567304e-01 -4.701912e-01 2.197768e-03 1.837874e-03 1.045424e-03 -5.995766e-04
1.567304e-01 -1.567304e-01 -4.701912e-01 2.197769e-03 -1.837875e-03 1.045424e-03 -5.995757e-04
4.701912e-01 -1.567304e-01 -4.701912e-01 1.120935e-02 3.142026e-03 4.494493e-03 9.776335e-03
7.836520e-01 -1.567304e-01 -4.701912e-01 3.940482e-03 -3.236324e-03 -8.295149e-04 -2.089380e-03
-7.836520e-01 1.567304e-01 -4.701912e-01 3.940483e-03 3.236327e-03 8.295156e-04 -2.089377e-03
-4.701912e-01 1.567304e-01 -4.701912e-01 1.120935e-02 -3.142025e-03 -4.494492e-03 9.776334e-03
-1.567304e-01 1.567304e-01 -4.701912e-01 2.197769e-03 1.837875e-03 -1.045423e-03 -5.995787e-04
1.567304e-01 1.567304e-01 -4.701912e-01 2.197769e-03 -1.837876e-03 -1.045422e-03 -5.995778e-04
4.701912e-01 1.567304e-01 -4.701912e-01 1.120935e-02 3.142028e-03 -4.494493e-03 9.776334e-03
7.836520e-01 1.567304e-01 -4.701912e-01 3.940485e-03 -3.236327e-03 8.295173e-04 -2.089381e-03
-4.701912e-01 4.701912e-01 -4.701912e-01 8.780795e-03 -3.938518e-03 -7.149114e-04 -7.815328e-03
-1.567304e-01 4.701912e-01 -4.701912e-01 2.479174e-03 -9.867703e-04 -6.002007e-04 2.193707e-03
1.567304e-01 4.701912e-01 -4.701912e-01 2.479174e-03 9.867702e-04 -6.001999e-04 2.193707e-03
4.701912e-01 4.701912e-01 -4.701912e-01 8.780803e-03 3.938521e-03 -7.149089e-04 -7.815335e-03
-1.567304e-01 7.836520e-01 -4.701912e-01 2.570852e-03 -1.708349e-04 8.277410e-04 -2.427950e-03
1.567304e-01 7.836520e-01 -4.701912e-01 2.570856e-03 1.708358e-04 8.277421e-04 -2.427953e-03
-4.701912e-01 -7.836520e-01 -1.567304e-01 4.440176e-03 4.070796e-04 -1.313739e-03 -4.221793e-03
-1.567304e-01 -7.836520e-01 -1.567304e-01 3.646733e-03 5.826755e-04 -3.505765e-03 -8.177781e-04
1.567304e-01 -7.836520e-01 -1.567304e-01 3.646731e-03 -5.826764e-04 -3.505763e-03 -8.177773e-04
4.701912e-01 -7.836520e-01 -1.567304e-01 4.440171e-03 -4.070795e-04 -1.313738e-03 -4.221789e-03
-7.836520e-01 -4.701912e-01 -1.567304e-01 1.166182e-03 -4.088009e-04 -9.362232e-04 -5.624495e-04
-4.701912e-01 -4.701912e-01 -1.567304e-01 4.751008e-03 -7.559120e-04 3.308401e-03 3.324930e-03
-1.567304e-01 -4.701912e-01 -1.567304e-01 9.433366e-04 7.903068e-04 1.555838e-04 -4.910119e-04
1.567304e-01 -4.701912e-01 -1.567304e-01 9.433372e-04 -7.903071e-04 1.555842e-04 -4.910126e-04
4.701912e-01 -4.701912e-01 -1.567304e-01 4.751008e-03 7.559119e-04 3.308401e-03 3.324930e-03
7.836520e-01 -4.701912e-01 -1.567304e-01 1.166184e-03 4.088026e-04 -9.362244e-04 -5.624493e-04
-7.836520e-01 -1.567304e-01 -1.567304e-01 3.322588e-03 2.247431e-03 4.712156e-04 2.401375e-03
-4.701912e-01 -1.567304e-01 -1.567304e-01 6.103515e-03 -1.337180e-03 2.774821e-03 5.269270e-03
-1.567304e-01 -1.567304e-01 -1.567304e-01 5.623530e-03 2.141103e-03 2.770101e-03 -4.400716e-03
1.567304e-01 -1.567304e-01 -1.567304e-01 5.623531e-03 -2.141103e-03 2.770101e-03 -4.400718e-03
4.701912e-01 -1.567304e-01 -1.567304e-01 6.103515e-03 1.337178e-03 2.774821e-03 5.269271e-03
7.836520e-01 -1.567304e-01 -1.567304e-01 3.322587e-03 -2.247430e-03 4.712148e-04 2.401375e-03
-7.836520e-01 1.567304e-01 -1.567304e-01 3.322587e-03 2.247431e-03 -4.712172e-04 2.401373e-03
-4.701912e-01 1.567304e-01 -1.567304e-01 6.103514e-03 -1.337177e-03 -2.774821e-03 5.269270e-03
-1.567304e-01 1.567304e-01 -1.567304e-01 5.623528e-03 2.141101e-03 -2.770101e-03 -4.400715e-03
1.567304e-01 1.567304e-01 -1.567304e-01 5.623529e-03 -2.141101e-03 -2.770101e-03 -4.400717e-03
4.701912e-01 1.567304e-01 -1.567304e-01 6.103514e-03 1.337175e-03 -2.774820e-03 5.269271e-03
7.836520e-01 1.567304e-01 -1.567304e-01 3.322586e-03 -2.247430e-03 -4.712163e-04 2.401372e-03
-7.836520e-01 4.701912e-01 -1.567304e-01 1.166188e-03 -4.088053e-04 9.362228e-04 -5.624585e-04
-4.701912e-01 4.701912e-01 -1.567304e-01 4.751006e-03 -7.559085e-04 -3.308403e-03 3.324926e-03
-1.567304e-01 4.701912e-01 -1.567304e-01 9.433374e-04 7.903075e-04 -1.555844e-04 -4.910124e-04
1.567304e-01 4.701912e-01 -1.567304e-01 9.433381e-04 -7.903077e-04 -1.555847e-04 -4.910131e-04
4.701912e-01 4.701912e-01 -1.567304e-01 4.751006e-03 7.559084e-04 -3.308403e-03 3.324926e-03
7.836520e-01 4.701912e-01 -1.567304e-01 1.166190e-03 4.088070e-04 9.362241e-04 -5.624582e-04
-4.701912e-01 7.836520e-01 -1.567304e-01 4.440174e-03 4.070829e-04 1.313737e-03 -4.221792e-03
-1.567304e-01 7.836520e-01 -1.567304e-01 3.646736e-03 5.826774e-04 3.505768e-03 -8.177782e-04
1.567304e-01 7.836520e-01 -1.567304e-01 3.646735e-03 -5.826783e-04 3.505767e-03 -8.177775e-04
4.701912e-01 7.836520e-01 -1.567304e-01 4.440169e-03 -4.070828e-04 1.313737e-03 -4.221787e-03
-4.701912e-01 -7.836520e-01 1.567304e-01 3.768754e-03 -2.989613e-04 -9.632776e-04 3.631285e-03
-1.567304e-01 -7.836520e-01 1.567304e-01 6.350479e-03 2.262784e-03 -4.082548e-03 4.305949e-03
1.567304e-01 -7.836520e-01 1.567304e-01 6.350477e-03 -2.262785e-03 -4.082547e-03 4.305947e-03
4.701912e-01 -7.836520e-01 1.567304e-01 3.768750e-03 2.989620e-04 -9.632780e-04 3.631280e-03
-7.836520e-01 -4.701912e-01 1.567304e-01 1.412385e-03 -1.063746e-03 -7.897554e-04 4.894506e-04
-4.701912e-01 -4.701912e-01 1.567304e-01 2.464493e-03 -5.684890e-04 2.275242e-03 7.575100e-04
-1.567304e-01 -4.701912e-01 1.567304e-01 2.167319e-03 1.452721e-03 -1.600871e-03 1.551927e-04
1.567304e-01 -4.701912e-01 1.567304e-01 2.167319e-03 -1.452722e-03 -1.600870e-03 1.551926e-04
4.701912e-01 -4.701912e-01 1.567304e-01 2.464493e-03 5.684892e-04 2.275242e-03 7.575084e-04
7.836520e-01 -4.701912e-01 1.567304e-01 1.412387e-03 1.063747e-03 -7.897574e-04 4.894502e-04
-7.836520e-01 -1.567304e-01 1.567304e-01 1.185650e-03 5.376146e-04 -5.524739e-06 1.056743e-03
-4.701912e-01 -1.567304e-01 1.567304e-01 1.764480e-03 3.472650e-04 1.708423e-03 -2.721920e-04
-1.567304e-01 -1.567304e-01 1.567304e-01 5.386010e-03 2.050505e-03 3.170422e-03 -3.840958e-03
1.567304e-01 -1.567304e-01 1.567304e-01 5.386010e-03 -2.050505e-03 3.170423e-03 -3.840957e-03
4.701912e-01 -1.567304e-01 1.567304e-01 1.764480e-03 -3.472662e-04 1.708422e-03 -2.721936e-04
7.836520e-01 -1.567304e-01 1.567304e-01 1.185649e-03 -5.376135e-04 -5.523835e-06 1.056743e-03
-7.836520e-01 1.567304e-01 1.567304e-01 1.185652e-03 5.376171e-04 5.525348e-06 1.056744e-03
-4.701912e-01 1.567304e-01 1.567304e-01 1.764478e-03 3.472612e-04 -1.708422e-03 -2.721906e-04
-1.567304e-01 1.567304e-01 1.567304e-01 5.386010e-03 2.050506e-03 -3.170423e-03 -3.840957e-03
1.567304e-01 1.567304e-01 1.567304e-01 5.386009e-03 -2.050506e-03 -3.170423e-03 -3.840956e-03
4.701912e-01 1.567304e-01 1.567304e-01 1.764478e-03 -3.472625e-04 -1.708421e-03 -2.721922e-04
7.836520e-01 1.567304e-01 1.567304e-01 1.185651e-03 -5.376160e-04 5.524444e-06 1.056743e-03
-7.836520e-01 4.701912e-01 1.567304e-01 1.412377e-03 -1.063740e-03 7.897538e-04 4.894437e-04
-4.701912e-01 4.701912e-01 1.567304e-01 2.464493e-03 -5.684918e-04 -2.275240e-03 7.575126e-04
-1.567304e-01 4.701912e-01 1.567304e-01 2.167319e-03 1.452721e-03 1.600871e-03 1.551932e-04
1.567304e-01 4.701912e-01 1.567304e-01 2.167319e-03 -1.452721e-03 1.600871e-03 1.551931e-04
4.701912e-01 4.701912e-01 1.567304e-01 2.464493e-03 5.684920e-04 -2.275240e-03 7.575110e-04
7.836520e-01 4.701912e-01 1.567304e-01 1.412379e-03 1.063741e-03 7.897558e-04 4.894433e-04
-4.701912e-01 7.836520e-01 1.567304e-01 3.768760e-03 -2.989665e-04 9.632779e-04 3.631290e-03
-1.567304e-01 7.836520e-01 1.567304e-01 6.350475e-03 2.262782e-03 4.082545e-03 4.305946e-03
1.567304e-01 7.836520e-01 1.567304e-01 6.350473e-03 -2.262783e-03 4.082544e-03 4.305944e-03
4.701912e-01 7.836520e-01 1.567304e-01 3.768756e-03 2.989671e-04 9.632783e-04 3.631286e-03
-1.567304e-01 -7.836520e-01 4.701912e-01 1.195783e-02 -1.566528e-04 -1.808973e-03 1.181917e-02
1.567304e-01 -7.836520e-01 4.701912e-01 1.195783e-02 1.566527e-04 -1.808973e-03 1.181917e-02
-4.701912e-01 -4.701912e-01 4.701912e-01 3.198236e-03 -2.896150e-03 1.332180e-03 2.575368e-04
-1.567304e-01 -4.701912e-01 4.701912e-01 3.715301e-03 1.618491e-03 -1.596206e-03 2.938719e-03
1.567304e-01 -4.701912e-01 4.701912e-01 3.715301e-03 -1.618491e-03 -1.596206e-03 2.938720e-03
4.701912e-01 -4.701912e-01 4.701912e-01 3.198239e-03 2.896153e-03 1.332180e-03 2.575368e-04
-7.836520e-01 -1.567304e-01 4.701912e-01 2.533424e-03 -1.477644e-03 -1.592289e-03 1.303618e-03
-4.701912e-01 -1.567304e-01 4.701912e-01 3.401351e-03 4.503407e-04 1.162036e-03 -3.164816e-03
-1.567304e-01 -1.567304e-01 4.701912e-01 2.484077e-03 1.591835e-03 1.878642e-03 -3.277241e-04
1.567304e-01 -1.567304e-01 4.701912e-01 2.484077e-03 -1.591834e-03 1.878642e-03 -3.277257e-04
4.701912e-01 -1.567304e-01 4.701912e-01 3.401352e-03 -4.503401e-04 1.162036e-03 -3.164816e-03
7.836520e-01 -1.567304e-01 4.701912e-01 2.533419e-03 1.477641e-03 -1.592286e-03 1.303615e-03
-7.836520e-01 1.567304e-01 4.701912e-01 2.533420e-03 -1.477644e-03 1.592286e-03 1.303616e-03
-4.701912e-01 1.567304e-01 4.701912e-01 3.401351e-03 4.503420e-04 -1.162036e-03 -3.164814e-03
-1.567304e-01 1.567304e-01 4.701912e-01 2.484078e-03 1.591834e-03 -1.878644e-03 -3.277246e-04
1.567304e-01 1.567304e-01 4.701912e-01 2.484078e-03 -1.591834e-03 -1.878644e-03 -3.277262e-04
4.701912e-01 1.567304e-01 4.701912e-01 3.401351e-03 -4.503414e-04 -1.162037e-03 -3.164815e-03
7.836520e-01 1.567304e-01 4.701912e-01 2.533415e-03 1.477641e-03 1.592283e-03 1.303613e-03
-4.701912e-01 4.701912e-01 4.701912e-01 3.198232e-03 -2.896146e-03 -1.332180e-03 2.575368e-04
-1.567304e-01 4.701912e-01 4.701912e-01 3.715300e-03 1.618491e-03 1.596207e-03 2.938719e-03
1.567304e-01 4.701912e-01 4.701912e-01 3.715300e-03 -1.618490e-03 1.596207e-03 2.938719e-03
4.701912e-01 4.701912e-01 4.701912e-01 3.198236e-03 2.896149e-03 -1.332181e-03 2.575369e-04
-1.567304e-01 7.836520e-01 4.701912e-01 1.195782e-02 -1.566538e-04 1.808971e-03 1.181916e-02
1.567304e-01 7.836520e-01 4.701912e-01 1.195782e-02 1.566537e-04 1.808971e-03 1.181916e-02
-1.567304e-01 -4.701912e-01 7.836520e-01 6.433873e-03 -2.224478e-04 -2.527162e-03 5.912587e-03
1.567304e-01 -4.701912e-01 7.836520e-01 6.433875e-03 2.224490e-04 -2.527164e-03 5.912589e-03
-4.701912e-01 -1.567304e-01 7.836520e-01 6.169659e-03 -2.048093e-03 -1.927848e-03 5.491212e-03
-1.567304e-01 -1.567304e-01 7.836520e-01 4.122522e-03 4.023739e-04 -9.252205e-04 3.997155e-03
1.567304e-01 -1.567304e-01 7.836520e-01 4.122522e-03 -4.023757e-04 -9.252199e-04 3.997155e-03
4.701912e-01 -1.567304e-01 7.836520e-01 6.169652e-03 2.048091e-03 -1.927848e-03 5.491205e-03
-4.701912e-01 1.567304e-01 7.836520e-01 6.169653e-03 -2.048092e-03 1.927845e-03 5.491207e-03
-1.567304e-01 1.567304e-01 7.836520e-01 4.122524e-03 4.023771e-04 9.252201e-04 3.997157e-03
1.567304e-01 1.567304e-01 7.836520e-01 4.122524e-03 -4.023789e-04 9.252195e-04 3.997157e-03
4.701912e-01 1.567304e-01 7.836520e-01 6.169646e-03 2.048090e-03 1.927844e-03 5.491200e-03
-1.567304e-01 4.701912e-01 7.836520e-01 6.433877e-03 -2.224487e-04 2.527168e-03 5.912590e-03
1.567304e-01 4.701912e-01 7.836520e-01 6.433879e-03 2.224499e-04 2.527170e-03 5.912591e-03
