x y z |Einc|^2 Eincx.r Eincx.i Eincy.r Eincy.i Eincz.r Eincz.i
-0.1567303986 -0.4701911957 -0.7836519928 1 0 0 0.2098697163 0.9777293604 0 0
0.1567303986 -0.4701911957 -0.7836519928 1 0 0 0.2098697163 0.9777293604 0 0
-0.4701911957 -0.1567303986 -0.7836519928 1 0 0 0.2098697163 0.9777293604 0 0
-0.1567303986 -0.1567303986 -0.7836519928 1 0 0 0.2098697163 0.9777293604 0 0
0.1567303986 -0.1567303986 -0.7836519928 1 0 0 0.2098697163 0.9777293604 0 0
0.4701911957 -0.1567303986 -0.7836519928 1 0 0 0.2098697163 0.9777293604 0 0
-0.4701911957 0.1567303986 -0.7836519928 1 0 0 0.2098697163 0.9777293604 0 0
-0.1567303986 0.1567303986 -0.7836519928 1 0 0 0.2098697163 0.9777293604 0 0
0.1567303986 0.1567303986 -0.7836519928 1 0 0 0.2098697163 0.9777293604 0 0
0.4701911957 0.1567303986 -0.7836519928 1 0 0 0.2098697163 0.9777293604 0 0
-0.1567303986 0.4701911957 -0.7836519928 1 0 0 0.2098697163 0.9777293604 0 0
0.1567303986 0.4701911957 -0.7836519928 1 0 0 0.2098697163 0.9777293604 0 0
-0.1567303986 -0.7836519928 -0.4701911957 1 -0 -0 -0.9825116464 -0.1862011405 -0 -0
0.1567303986 -0.7836519928 -0.4701911957 1 -0 -0 -0.9825116464 -0.1862011405 -0 -0
-0.4701911957 -0.4701911957 -0.4701911957 1 -0 -0 -0.9825116464 -0.1862011405 -0 -0
-0.1567303986 -0.4701911957 -0.4701911957 1 -0 -0 -0.9825116464 -0.1862011405 -0 -0
0.1567303986 -0.4701911957 -0.4701911957 1 -0 -0 -0.9825116464 -0.1862011405 -0 -0
0.4701911957 -0.4701911957 -0.4701911957 1 -0 -0 -0.9825116464 -0.1862011405 -0 -0
-0.7836519928 -0.1567303986 -0.4701911957 1 -0 -0 -0.9825116464 -0.1862011405 -0 -0
-0.4701911957 -0.1567303986 -0.4701911957 1 -0 -0 -0.9825116464 -0.1862011405 -0 -0
-0.1567303986 -0.1567303986 -0.4701911957 1 -0 -0 -0.9825116464 -0.1862011405 -0 -0
0.1567303986 -0.1567303986 -0.4701911957 1 -0 -0 -0.9825116464 -0.1862011405 -0 -0
0.4701911957 -0.1567303986 -0.4701911957 1 -0 -0 -0.9825116464 -0.1862011405 -0 -0
0.7836519928 -0.1567303986 -0.4701911957 1 -0 -0 -0.9825116464 -0.1862011405 -0 -0
-0.7836519928 0.1567303986 -0.4701911957 1 -0 -0 -0.9825116464 -0.1862011405 -0 -0
-0.4701911957 0.1567303986 -0.4701911957 1 -0 -0 -0.9825116464 -0.1862011405 -0 -0
-0.1567303986 0.1567303986 -0.4701911957 1 -0 -0 -0.9825116464 -0.1862011405 -0 -0
0.1567303986 0.1567303986 -0.4701911957 1 -0 -0 -0.9825116464 -0.1862011405 -0 -0
0.4701911957 0.1567303986 -0.4701911957 1 -0 -0 -0.9825116464 -0.1862011405 -0 -0
0.7836519928 0.1567303986 -0.4701911957 1 -0 -0 -0.9825116464 -0.1862011405 -0 -0
-0.4701911957 0.4701911957 -0.4701911957 1 -0 -0 -0.9825116464 -0.1862011405 -0 -0
-0.1567303986 0.4701911957 -0.4701911957 1 -0 -0 -0.9825116464 -0.1862011405 -0 -0
0.1567303986 0.4701911957 -0.4701911957 1 -0 -0 -0.9825116464 -0.1862011405 -0 -0
0.4701911957 0.4701911957 -0.4701911957 1 -0 -0 -0.9825116464 -0.1862011405 -0 -0
-0.1567303986 0.7836519928 -0.4701911957 1 -0 -0 -0.9825116464 -0.1862011405 -0 -0
0.1567303986 0.7836519928 -0.4701911957 1 -0 -0 -0.9825116464 -0.1862011405 -0 -0
-0.4701911957 -0.7836519928 -0.1567303986 1 0 -0 0.5530579705 -0.8331427736 0 -0
-0.1567303986 -0.7836519928 -0.1567303986 1 0 -0 0.5530579705 -0.8331427736 0 -0
0.1567303986 -0.7836519928 -0.1567303986 1 0 -0 0.5530579705 -0.8331427736 0 -0
0.4701911957 -0.7836519928 -0.1567303986 1 0 -0 0.5530579705 -0.8331427736 0 -0
-0.7836519928 -0.4701911957 -0.1567303986 1 0 -0 0.5530579705 -0.8331427736 0 -0
-0.4701911957 -0.4701911957 -0.1567303986 1 0 -0 0.5530579705 -0.8331427736 0 -0
-0.1567303986 -0.4701911957 -0.1567303986 1 0 -0 0.5530579705 -0.8331427736 0 -0
0.1567303986 -0.4701911957 -0.1567303986 1 0 -0 0.5530579705 -0.8331427736 0 -0
0.4701911957 -0.4701911957 -0.1567303986 1 0 -0 0.5530579705 -0.8331427736 0 -0
0.7836519928 -0.4701911957 -0.1567303986 1 0 -0 0.5530579705 -0.8331427736 0 -0
-0.7836519928 -0.1567303986 -0.1567303986 1 0 -0 0.5530579705 -0.8331427736 0 -0
-0.4701911957 -0.1567303986 -0.1567303986 1 0 -0 0.5530579705 -0.8331427736 0 -0
-0.1567303986 -0.1567303986 -0.1567303986 1 0 -0 0.5530579705 -0.8331427736 0 -0
0.1567303986 -0.1567303986 -0.1567303986 1 0 -0 0.5530579705 -0.8331427736 0 -0
0.4701911957 -0.1567303986 -0.1567303986 1 0 -0 0.5530579705 -0.8331427736 0 -0
0.7836519928 -0.1567303986 -0.1567303986 1 0 -0 0.5530579705 -0.8331427736 0 -0
-0.7836519928 0.1567303986 -0.1567303986 1 0 -0 0.5530579705 -0.8331427736 0 -0
-0.4701911957 0.1567303986 -0.1567303986 1 0 -0 0.5530579705 -0.8331427736 0 -0
-0.1567303986 0.1567303986 -0.1567303986 1 0 -0 0.5530579705 -0.8331427736 0 -0
0.1567303986 0.1567303986 -0.1567303986 1 0 -0 0.5530579705 -0.8331427736 0 -0
0.4701911957 0.1567303986 -0.1567303986 1 0 -0 0.5530579705 -0.8331427736 0 -0
0.7836519928 0.1567303986 -0.1567303986 1 0 -0 0.5530579705 -0.8331427736 0 -0
-0.7836519928 0.4701911957 -0.1567303986 1 0 -0 0.5530579705 -0.8331427736 0 -0
-0.4701911957 0.4701911957 -0.1567303986 1 0 -0 0.5530579705 -0.8331427736 0 -0
-0.1567303986 0.4701911957 -0.1567303986 1 0 -0 0.5530579705 -0.8331427736 0 -0
0.1567303986 0.4701911957 -0.1567303986 1 0 -0 0.5530579705 -0.8331427736 0 -0
0.4701911957 0.4701911957 -0.1567303986 1 0 -0 0.5530579705 -0.8331427736 0 -0
0.7836519928 0.4701911957 -0.1567303986 1 0 -0 0.5530579705 -0.8331427736 0 -0
-0.4701911957 0.7836519928 -0.1567303986 1 0 -0 0.5530579705 -0.8331427736 0 -0
-0.1567303986 0.7836519928 -0.1567303986 1 0 -0 0.5530579705 -0.8331427736 0 -0
0.1567303986 0.7836519928 -0.1567303986 1 0 -0 0.5530579705 -0.8331427736 0 -0
0.4701911957 0.7836519928 -0.1567303986 1 0 -0 0.5530579705 -0.8331427736 0 -0
-0.4701911957 -0.7836519928 0.1567303986 1 0 0 0.5530579705 0.8331427736 0 0
-0.1567303986 -0.7836519928 0.1567303986 1 0 0 0.5530579705 0.8331427736 0 0
0.1567303986 -0.7836519928 0.1567303986 1 0 0 0.5530579705 0.8331427736 0 0
0.4701911957 -0.7836519928 0.1567303986 1 0 0 0.5530579705 0.8331427736 0 0
-0.7836519928 -0.4701911957 0.1567303986 1 0 0 0.5530579705 0.8331427736 0 0
-0.4701911957 -0.4701911957 0.1567303986 1 0 0 0.5530579705 0.8331427736 0 0
-0.1567303986 -0.4701911957 0.1567303986 1 0 0 0.5530579705 0.8331427736 0 0
0.1567303986 -0.4701911957 0.1567303986 1 0 0 0.5530579705 0.8331427736 0 0
0.4701911957 -0.4701911957 0.1567303986 1 0 0 0.5530579705 0.8331427736 0 0
0.7836519928 -0.4701911957 0.1567303986 1 0 0 0.5530579705 0.8331427736 0 0
-0.7836519928 -0.1567303986 0.1567303986 1 0 0 0.5530579705 0.8331427736 0 0
-0.4701911957 -0.1567303986 0.1567303986 1 0 0 0.5530579705 0.8331427736 0 0
-0.1567303986 -0.1567303986 0.1567303986 1 0 0 0.5530579705 0.8331427736 0 0
0.1567303986 -0.1567303986 0.1567303986 1 0 0 0.5530579705 0.8331427736 0 0
0.4701911957 -0.1567303986 0.1567303986 1 0 0 0.5530579705 0.8331427736 0 0
0.7836519928 -0.1567303986 0.1567303986 1 0 0 0.5530579705 0.8331427736 0 0
-0.7836519928 0.1567303986 0.1567303986 1 0 0 0.5530579705 0.8331427736 0 0
-0.4701911957 0.1567303986 0.1567303986 1 0 0 0.5530579705 0.8331427736 0 0
-0.1567303986 0.1567303986 0.1567303986 1 0 0 0.5530579705 0.8331427736 0 0
0.1567303986 0.1567303986 0.1567303986 1 0 0 0.5530579705 0.8331427736 0 0
0.4701911957 0.1567303986 0.1567303986 1 0 0 0.5530579705 0.8331427736 0 0
0.7836519928 0.1567303986 0.1567303986 1 0 0 0.5530579705 0.8331427736 0 0
-0.7836519928 0.4701911957 0.1567303986 1 0 0 0.5530579705 0.8331427736 0 0
-0.4701911957 0.4701911957 0.1567303986 1 0 0 0.5530579705 0.8331427736 0 0
-0.1567303986 0.4701911957 0.1567303986 1 0 0 0.5530579705 0.8331427736 0 0
0.1567303986 0.4701911957 0.1567303986 1 0 0 0.5530579705 0.8331427736 0 0
0.4701911957 0.4701911957 0.1567303986 1 0 0 0.5530579705 0.8331427736 0 0
0.7836519928 0.4701911957 0.1567303986 1 0 0 0.5530579705 0.8331427736 0 0
-0.4701911957 0.7836519928 0.1567303986 1 0 0 0.5530579705 0.8331427736 0 0
-0.1567303986 0.7836519928 0.1567303986 1 0 0 0.5530579705 0.8331427736 0 0
0.1567303986 0.7836519928 0.1567303986 1 0 0 0.5530579705 0.8331427736 0 0
0.4701911957 0.7836519928 0.1567303986 1 0 0 0.5530579705 0.8331427736 0 0
-0.1567303986 -0.7836519928 0.4701911957 1 -0 0 -0.9825116464 0.1862011405 -0 0
0.1567303986 -0.7836519928 0.4701911957 1 -0 0 -0.9825116464 0.1862011405 -0 0
-0.4701911957 -0.4701911957 0.4701911957 1 -0 0 -0.9825116464 0.1862011405 -0 0
-0.1567303986 -0.4701911957 0.4701911957 1 -0 0 -0.9825116464 0.1862011405 -0 0
0.1567303986 -0.4701911957 0.4701911957 1 -0 0 -0.9825116464 0.1862011405 -0 0
0.4701911957 -0.4701911957 0.4701911957 1 -0 0 -0.9825116464 0.1862011405 -0 0
-0.7836519928 -0.1567303986 0.4701911957 1 -0 0 -0.9825116464 0.1862011405 -0 0
-0.4701911957 -0.1567303986 0.4701911957 1 -0 0 -0.9825116464 0.1862011405 -0 0
-0.1567303986 -0.1567303986 0.4701911957 1 -0 0 -0.9825116464 0.1862011405 -0 0
0.1567303986 -0.1567303986 0.4701911957 1 -0 0 -0.9825116464 0.1862011405 -0 0
0.4701911957 -0.1567303986 0.4701911957 1 -0 0 -0.9825116464 0.1862011405 -0 0
0.7836519928 -0.1567303986 0.4701911957 1 -0 0 -0.9825116464 0.1862011405 -0 0
-0.7836519928 0.1567303986 0.4701911957 1 -0 0 -0.9825116464 0.1862011405 -0 0
-0.4701911957 0.1567303986 0.4701911957 1 -0 0 -0.9825116464 0.1862011405 -0 0
-0.1567303986 0.1567303986 0.4701911957 1 -0 0 -0.9825116464 0.1862011405 -0 0
0.1567303986 0.1567303986 0.4701911957 1 -0 0 -0.9825116464 0.1862011405 -0 0
0.4701911957 0.1567303986 0.4701911957 1 -0 0 -0.9825116464 0.1862011405 -0 0
0.7836519928 0.1567303986 0.4701911957 1 -0 0 -0.9825116464 0.1862011405 -0 0
-0.4701911957 0.4701911957 0.4701911957 1 -0 0 -0.9825116464 0.1862011405 -0 0
-0.1567303986 0.4701911957 0.4701911957 1 -0 0 -0.9825116464 0.1862011405 -0 0
0.1567303986 0.4701911957 0.4701911957 1 -0 0 -0.9825116464 0.1862011405 -0 0
0.4701911957 0.4701911957 0.4701911957 1 -0 0 -0.9825116464 0.1862011405 -0 0
-0.1567303986 0.7836519928 0.4701911957 1 -0 0 -0.9825116464 0.1862011405 -0 0
0.1567303986 0.7836519928 0.4701911957 1 -0 0 -0.9825116464 0.1862011405 -0 0
-0.1567303986 -0.4701911957 0.7836519928 1 0 -0 0.2098697163 -0.9777293604 0 -0
0.1567303986 -0.4701911957 0.7836519928 1 0 -0 0.2098697163 -0.9777293604 0 -0
-0.4701911957 -0.1567303986 0.7836519928 1 0 -0 0.2098697163 -0.9777293604 0 -0
-0.1567303986 -0.1567303986 0.7836519928 1 0 -0 0.2098697163 -0.9777293604 0 -0
0.1567303986 -0.1567303986 0.7836519928 1 0 -0 0.2098697163 -0.9777293604 0 -0
0.4701911957 -0.1567303986 0.7836519928 1 0 -0 0.2098697163 -0.9777293604 0 -0
-0.4701911957 0.1567303986 0.7836519928 1 0 -0 0.2098697163 -0.9777293604 0 -0
-0.1567303986 0.1567303986 0.7836519928 1 0 -0 0.2098697163 -0.9777293604 0 -0
0.1567303986 0.1567303986 0.7836519928 1 0 -0 0.2098697163 -0.9777293604 0 -0
0.4701911957 0.1567303986 0.7836519928 1 0 -0 0.2098697163 -0.9777293604 0 -0
-0.1567303986 0.4701911957 0.7836519928 1 0 -0 0.2098697163 -0.9777293604 0 -0
0.1567303986 0.4701911957 0.7836519928 1 0 -0 0.2098697163 -0.9777293604 0 -0
