0.000000e+00 0.000000e+00 -1.000000e+00 1.207333e-14 6.370103e-15 1.701394e-13
0.000000e+00 0.000000e+00 -9.500000e-01 1.464756e-14 6.496177e-15 1.881327e-13
0.000000e+00 0.000000e+00 -9.000000e-01 1.790914e-14 5.672748e-15 2.085169e-13
0.000000e+00 0.000000e+00 -8.500000e-01 2.179868e-14 3.819286e-15 2.308681e-13
0.000000e+00 0.000000e+00 -8.000000e-01 2.604522e-14 3.299395e-16 2.557031e-13
0.000000e+00 0.000000e+00 -7.500000e-01 3.021318e-14 -6.489943e-15 2.842461e-13
0.000000e+00 0.000000e+00 -7.000000e-01 3.391194e-14 -1.644089e-14 3.154134e-13
0.000000e+00 0.000000e+00 -6.500000e-01 3.711135e-14 -3.118999e-14 3.521732e-13
0.000000e+00 0.000000e+00 -6.000000e-01 3.872756e-14 -4.864518e-14 3.928639e-13
0.000000e+00 0.000000e+00 -5.500000e-01 3.826482e-14 -6.097965e-14 4.351743e-13
0.000000e+00 0.000000e+00 -5.000000e-01 3.851423e-14 -6.433818e-14 4.876858e-13
0.000000e+00 0.000000e+00 -4.500000e-01 3.962006e-14 -5.941891e-14 5.509292e-13
0.000000e+00 0.000000e+00 -4.000000e-01 3.376079e-14 -3.411267e-14 5.976229e-13
0.000000e+00 0.000000e+00 -3.500000e-01 1.944643e-14 3.560042e-15 6.304706e-13
0.000000e+00 0.000000e+00 -3.000000e-01 5.552961e-15 3.540977e-14 6.572274e-13
0.000000e+00 0.000000e+00 -2.500000e-01 -4.695955e-15 6.130870e-14 6.641916e-13
0.000000e+00 0.000000e+00 -2.000000e-01 -1.274806e-14 6.921714e-14 6.595159e-13
0.000000e+00 0.000000e+00 -1.500000e-01 -1.778609e-14 2.907978e-14 6.955098e-13
0.000000e+00 0.000000e+00 -1.000000e-01 -2.476210e-14 -3.782731e-14 7.486877e-13
0.000000e+00 0.000000e+00 -5.000000e-02 -3.118866e-14 -1.228542e-13 8.178812e-13
0.000000e+00 0.000000e+00 3.191891e-16 -3.315039e-14 -2.362838e-13 9.452992e-13
0.000000e+00 0.000000e+00 5.000000e-02 -3.725600e-14 -3.292640e-13 1.087786e-12
0.000000e+00 0.000000e+00 1.000000e-01 -4.925774e-14 -3.889508e-13 1.255916e-12
0.000000e+00 0.000000e+00 1.500000e-01 -6.889237e-14 -4.333601e-13 1.475171e-12
0.000000e+00 0.000000e+00 2.000000e-01 -9.695438e-14 -4.252078e-13 1.660205e-12
0.000000e+00 0.000000e+00 2.500000e-01 -1.230839e-13 -3.621414e-13 1.814745e-12
0.000000e+00 0.000000e+00 3.000000e-01 -1.465881e-13 -3.123384e-13 2.035398e-12
0.000000e+00 0.000000e+00 3.500000e-01 -1.773114e-13 -2.487531e-13 2.220592e-12
0.000000e+00 0.000000e+00 4.000000e-01 -2.000717e-13 -1.969186e-13 2.345521e-12
0.000000e+00 0.000000e+00 4.500000e-01 -1.911508e-13 -2.016155e-13 2.381636e-12
0.000000e+00 0.000000e+00 5.000000e-01 -1.347488e-13 -2.208793e-13 2.135126e-12
0.000000e+00 0.000000e+00 5.500000e-01 -4.823363e-14 -2.288046e-13 1.386022e-12
0.000000e+00 0.000000e+00 6.000000e-01 3.904558e-14 -2.509151e-13 2.918340e-14
0.000000e+00 0.000000e+00 6.500000e-01 7.793572e-14 -1.911584e-13 -1.894911e-12
0.000000e+00 0.000000e+00 7.000000e-01 5.095027e-14 -1.096045e-13 -3.319133e-12
0.000000e+00 0.000000e+00 7.500000e-01 -1.097566e-14 -1.377554e-13 -2.989290e-12
0.000000e+00 0.000000e+00 8.000000e-01 -6.315885e-14 -1.543942e-13 -1.591114e-12
0.000000e+00 0.000000e+00 8.500000e-01 -8.502784e-14 -1.383451e-13 -3.868531e-13
0.000000e+00 0.000000e+00 9.000000e-01 -8.196670e-14 -1.827221e-13 3.957221e-13
0.000000e+00 0.000000e+00 9.500000e-01 -7.547094e-14 -1.945754e-13 7.279835e-13
0.000000e+00 0.000000e+00 1.000000e+00 -7.062308e-14 -1.788280e-13 8.114067e-13
0.000000e+00 0.000000e+00 1.050000e+00 -6.464815e-14 -2.343578e-13 8.291242e-13
0.000000e+00 0.000000e+00 1.100000e+00 -7.286433e-14 -2.608125e-13 3.735668e-13
0.000000e+00 0.000000e+00 1.150000e+00 -9.084533e-14 -2.531469e-13 -8.227283e-13
0.000000e+00 0.000000e+00 1.200000e+00 -1.084222e-13 -3.168140e-13 -2.346336e-12
0.000000e+00 0.000000e+00 1.250000e+00 -1.516912e-13 -4.140731e-13 -3.176939e-12
0.000000e+00 0.000000e+00 1.300000e+00 -1.958761e-13 -4.362423e-13 -2.844662e-12
0.000000e+00 0.000000e+00 1.350000e+00 -1.896569e-13 -3.551768e-13 -1.920601e-12
0.000000e+00 0.000000e+00 1.400000e+00 -1.432718e-13 -2.353888e-13 -1.061079e-12
0.000000e+00 0.000000e+00 1.450000e+00 -9.119717e-14 -1.346162e-13 -4.980794e-13
0.000000e+00 0.000000e+00 1.500000e+00 -5.173725e-14 -6.918489e-14 -1.931568e-13
0.000000e+00 0.000000e+00 1.550000e+00 -2.704272e-14 -3.260970e-14 -4.738054e-14
0.000000e+00 0.000000e+00 1.600000e+00 -1.321936e-14 -1.408259e-14 1.545216e-14
0.000000e+00 0.000000e+00 1.650000e+00 -6.036519e-15 -5.393250e-15 3.933626e-14
0.000000e+00 0.000000e+00 1.700000e+00 -2.521992e-15 -1.626708e-15 4.637065e-14
0.000000e+00 0.000000e+00 1.750000e+00 -9.092572e-16 -1.697874e-16 4.674096e-14
0.000000e+00 0.000000e+00 1.800000e+00 -2.357701e-16 2.704414e-16 4.483495e-14
0.000000e+00 0.000000e+00 1.850000e+00 -4.209549e-18 3.006227e-16 4.240887e-14
0.000000e+00 0.000000e+00 1.900000e+00 3.257306e-17 1.912287e-16 4.008955e-14
0.000000e+00 0.000000e+00 1.950000e+00 -7.009030e-18 5.504797e-17 3.804815e-14
