Iteration# z ADDATime OurCalcTime
1.0000000000 -0.0500000000 0.0000000000 46.2700000000
2.0000000000 0.0000000000 0.0000000000 44.9600000000
3.0000000000 0.0500000000 0.0000000000 47.5400000000
4.0000000000 0.1000000000 0.0100000000 46.9300000000
5.0000000000 0.1500000000 0.0000000000 46.5700000000
6.0000000000 0.2000000000 0.0000000000 45.9700000000
7.0000000000 0.2500000000 0.0000000000 46.3700000000
8.0000000000 0.3000000000 0.0000000000 47.7100000000
9.0000000000 0.3500000000 0.0000000000 45.9200000000
10.0000000000 0.3250000000 0.0000000000 46.2700000000
11.0000000000 0.3500000000 0.0000000000 46.8400000000
12.0000000000 0.3375000000 0.0000000000 46.1300000000
13.0000000000 0.3500000000 0.0000000000 45.4200000000
14.0000000000 0.3437500000 0.0000000000 46.0800000000
15.0000000000 0.3406250000 0.0100000000 46.3700000000
16.0000000000 0.3390625000 0.0000000000 45.0100000000
17.0000000000 0.3406250000 0.0000000000 45.2300000000
18.0000000000 0.3398437500 0.0100000000 45.5800000000
19.0000000000 0.3394531250 0.0000000000 45.2600000000
20.0000000000 0.3398437500 0.0100000000 46.2200000000
21.0000000000 0.3396484375 0.0000000000 46.4900000000
22.0000000000 0.3398437500 0.0000000000 45.5100000000
23.0000000000 0.3397460938 0.0000000000 45.3700000000
24.0000000000 0.3396972656 0.0000000000 46.6200000000
