0.000000e+00 1.254438e-20
1.000000e+00 1.356225e-20
2.000000e+00 1.456849e-20
3.000000e+00 1.556187e-20
4.000000e+00 1.654119e-20
5.000000e+00 1.750525e-20
6.000000e+00 1.845288e-20
7.000000e+00 1.938292e-20
8.000000e+00 2.029424e-20
9.000000e+00 2.118573e-20
1.000000e+01 2.205630e-20
1.100000e+01 2.290489e-20
1.200000e+01 2.373047e-20
1.300000e+01 2.453203e-20
1.400000e+01 2.530860e-20
1.500000e+01 2.605923e-20
1.600000e+01 2.678301e-20
1.700000e+01 2.747905e-20
1.800000e+01 2.814650e-20
1.900000e+01 2.878455e-20
2.000000e+01 2.939244e-20
2.100000e+01 2.996940e-20
2.200000e+01 3.051475e-20
2.300000e+01 3.102781e-20
2.400000e+01 3.150797e-20
2.500000e+01 3.195463e-20
2.600000e+01 3.236725e-20
2.700000e+01 3.274534e-20
2.800000e+01 3.308842e-20
2.900000e+01 3.339609e-20
3.000000e+01 3.366796e-20
3.100000e+01 3.390371e-20
3.200000e+01 3.410304e-20
3.300000e+01 3.426572e-20
3.400000e+01 3.439155e-20
3.500000e+01 3.448037e-20
3.600000e+01 3.453208e-20
3.700000e+01 3.454660e-20
3.800000e+01 3.452393e-20
3.900000e+01 3.446410e-20
4.000000e+01 3.436717e-20
4.100000e+01 3.423326e-20
4.200000e+01 3.406254e-20
4.300000e+01 3.385521e-20
4.400000e+01 3.361153e-20
4.500000e+01 3.333179e-20
4.600000e+01 3.301633e-20
4.700000e+01 3.266555e-20
4.800000e+01 3.227986e-20
4.900000e+01 3.185973e-20
5.000000e+01 3.140569e-20
5.100000e+01 3.091827e-20
5.200000e+01 3.039808e-20
5.300000e+01 2.984575e-20
5.400000e+01 2.926195e-20
5.500000e+01 2.864739e-20
5.600000e+01 2.800282e-20
5.700000e+01 2.732903e-20
5.800000e+01 2.662684e-20
5.900000e+01 2.589710e-20
6.000000e+01 2.514070e-20
6.100000e+01 2.435857e-20
6.200000e+01 2.355165e-20
6.300000e+01 2.272094e-20
6.400000e+01 2.186743e-20
6.500000e+01 2.099218e-20
6.600000e+01 2.009624e-20
6.700000e+01 1.918072e-20
6.800000e+01 1.824672e-20
6.900000e+01 1.729538e-20
7.000000e+01 1.632786e-20
7.100000e+01 1.534535e-20
7.200000e+01 1.434903e-20
7.300000e+01 1.334013e-20
7.400000e+01 1.231986e-20
7.500000e+01 1.128948e-20
7.600000e+01 1.025024e-20
7.700000e+01 9.203400e-21
7.800000e+01 8.150244e-21
7.900000e+01 7.092052e-21
8.000000e+01 6.030113e-21
8.100000e+01 4.965721e-21
8.200000e+01 3.900172e-21
8.300000e+01 2.834765e-21
8.400000e+01 1.770799e-21
8.500000e+01 7.095683e-22
8.600000e+01 -3.476329e-22
8.700000e+01 -1.399517e-21
8.800000e+01 -2.444802e-21
8.900000e+01 -3.482215e-21
9.000000e+01 -4.510492e-21
9.100000e+01 -5.528379e-21
9.200000e+01 -6.534638e-21
9.300000e+01 -7.528041e-21
9.400000e+01 -8.507379e-21
9.500000e+01 -9.471458e-21
9.600000e+01 -1.041910e-20
9.700000e+01 -1.134916e-20
9.800000e+01 -1.226050e-20
9.900000e+01 -1.315200e-20
1.000000e+02 -1.402259e-20
1.010000e+02 -1.487120e-20
1.020000e+02 -1.569680e-20
1.030000e+02 -1.649838e-20
1.040000e+02 -1.727497e-20
1.050000e+02 -1.802561e-20
1.060000e+02 -1.874940e-20
1.070000e+02 -1.944545e-20
1.080000e+02 -2.011292e-20
1.090000e+02 -2.075099e-20
1.100000e+02 -2.135889e-20
1.110000e+02 -2.193587e-20
1.120000e+02 -2.248123e-20
1.130000e+02 -2.299430e-20
1.140000e+02 -2.347447e-20
1.150000e+02 -2.392115e-20
1.160000e+02 -2.433378e-20
1.170000e+02 -2.471188e-20
1.180000e+02 -2.505498e-20
1.190000e+02 -2.536265e-20
1.200000e+02 -2.563453e-20
1.210000e+02 -2.587028e-20
1.220000e+02 -2.606963e-20
1.230000e+02 -2.623231e-20
1.240000e+02 -2.635814e-20
1.250000e+02 -2.644696e-20
1.260000e+02 -2.649866e-20
1.270000e+02 -2.651318e-20
1.280000e+02 -2.649051e-20
1.290000e+02 -2.643066e-20
1.300000e+02 -2.633372e-20
1.310000e+02 -2.619980e-20
1.320000e+02 -2.602906e-20
1.330000e+02 -2.582172e-20
1.340000e+02 -2.557802e-20
1.350000e+02 -2.529826e-20
1.360000e+02 -2.498278e-20
1.370000e+02 -2.463197e-20
1.380000e+02 -2.424626e-20
1.390000e+02 -2.382611e-20
1.400000e+02 -2.337204e-20
1.410000e+02 -2.288460e-20
1.420000e+02 -2.236439e-20
1.430000e+02 -2.181203e-20
1.440000e+02 -2.122821e-20
1.450000e+02 -2.061362e-20
1.460000e+02 -1.996903e-20
1.470000e+02 -1.929522e-20
1.480000e+02 -1.859301e-20
1.490000e+02 -1.786325e-20
1.500000e+02 -1.710683e-20
1.510000e+02 -1.632468e-20
1.520000e+02 -1.551774e-20
1.530000e+02 -1.468701e-20
1.540000e+02 -1.383349e-20
1.550000e+02 -1.295822e-20
1.560000e+02 -1.206227e-20
1.570000e+02 -1.114673e-20
1.580000e+02 -1.021272e-20
1.590000e+02 -9.261374e-21
1.600000e+02 -8.293851e-21
1.610000e+02 -7.311330e-21
1.620000e+02 -6.315008e-21
1.630000e+02 -5.306099e-21
1.640000e+02 -4.285832e-21
1.650000e+02 -3.255451e-21
1.660000e+02 -2.216210e-21
1.670000e+02 -1.169376e-21
1.680000e+02 -1.162238e-22
1.690000e+02 9.419629e-22
1.700000e+02 2.003895e-21
1.710000e+02 3.068280e-21
1.720000e+02 4.133819e-21
1.730000e+02 5.199216e-21
1.740000e+02 6.263171e-21
1.750000e+02 7.324389e-21
1.760000e+02 8.381577e-21
1.770000e+02 9.433447e-21
1.780000e+02 1.047872e-20
1.790000e+02 1.151611e-20
1.800000e+02 1.254438e-20
1.810000e+02 1.356225e-20
1.820000e+02 1.456849e-20
1.830000e+02 1.556187e-20
1.840000e+02 1.654119e-20
1.850000e+02 1.750525e-20
1.860000e+02 1.845288e-20
1.870000e+02 1.938292e-20
1.880000e+02 2.029424e-20
1.890000e+02 2.118573e-20
1.900000e+02 2.205630e-20
1.910000e+02 2.290489e-20
1.920000e+02 2.373047e-20
1.930000e+02 2.453203e-20
1.940000e+02 2.530860e-20
1.950000e+02 2.605923e-20
1.960000e+02 2.678301e-20
1.970000e+02 2.747905e-20
1.980000e+02 2.814650e-20
1.990000e+02 2.878455e-20
2.000000e+02 2.939244e-20
2.010000e+02 2.996940e-20
2.020000e+02 3.051475e-20
2.030000e+02 3.102781e-20
2.040000e+02 3.150797e-20
2.050000e+02 3.195463e-20
2.060000e+02 3.236725e-20
2.070000e+02 3.274534e-20
2.080000e+02 3.308842e-20
2.090000e+02 3.339609e-20
2.100000e+02 3.366796e-20
2.110000e+02 3.390371e-20
2.120000e+02 3.410304e-20
2.130000e+02 3.426572e-20
2.140000e+02 3.439155e-20
2.150000e+02 3.448037e-20
2.160000e+02 3.453208e-20
2.170000e+02 3.454660e-20
2.180000e+02 3.452393e-20
2.190000e+02 3.446410e-20
2.200000e+02 3.436717e-20
2.210000e+02 3.423326e-20
2.220000e+02 3.406254e-20
2.230000e+02 3.385521e-20
2.240000e+02 3.361153e-20
2.250000e+02 3.333179e-20
2.260000e+02 3.301633e-20
2.270000e+02 3.266555e-20
2.280000e+02 3.227986e-20
2.290000e+02 3.185973e-20
2.300000e+02 3.140569e-20
2.310000e+02 3.091827e-20
2.320000e+02 3.039808e-20
2.330000e+02 2.984575e-20
2.340000e+02 2.926195e-20
2.350000e+02 2.864739e-20
2.360000e+02 2.800282e-20
2.370000e+02 2.732903e-20
2.380000e+02 2.662684e-20
2.390000e+02 2.589710e-20
2.400000e+02 2.514070e-20
2.410000e+02 2.435857e-20
2.420000e+02 2.355165e-20
2.430000e+02 2.272094e-20
2.440000e+02 2.186743e-20
2.450000e+02 2.099218e-20
2.460000e+02 2.009624e-20
2.470000e+02 1.918072e-20
2.480000e+02 1.824672e-20
2.490000e+02 1.729538e-20
2.500000e+02 1.632786e-20
2.510000e+02 1.534535e-20
2.520000e+02 1.434903e-20
2.530000e+02 1.334013e-20
2.540000e+02 1.231986e-20
2.550000e+02 1.128948e-20
2.560000e+02 1.025024e-20
2.570000e+02 9.203400e-21
2.580000e+02 8.150244e-21
2.590000e+02 7.092052e-21
2.600000e+02 6.030113e-21
2.610000e+02 4.965721e-21
2.620000e+02 3.900172e-21
2.630000e+02 2.834765e-21
2.640000e+02 1.770799e-21
2.650000e+02 7.095683e-22
2.660000e+02 -3.476329e-22
2.670000e+02 -1.399517e-21
2.680000e+02 -2.444802e-21
2.690000e+02 -3.482215e-21
2.700000e+02 -4.510492e-21
2.710000e+02 -5.528379e-21
2.720000e+02 -6.534638e-21
2.730000e+02 -7.528041e-21
2.740000e+02 -8.507379e-21
2.750000e+02 -9.471458e-21
2.760000e+02 -1.041910e-20
2.770000e+02 -1.134916e-20
2.780000e+02 -1.226050e-20
2.790000e+02 -1.315200e-20
2.800000e+02 -1.402259e-20
2.810000e+02 -1.487120e-20
2.820000e+02 -1.569680e-20
2.830000e+02 -1.649838e-20
2.840000e+02 -1.727497e-20
2.850000e+02 -1.802561e-20
2.860000e+02 -1.874940e-20
2.870000e+02 -1.944545e-20
2.880000e+02 -2.011292e-20
2.890000e+02 -2.075099e-20
2.900000e+02 -2.135889e-20
2.910000e+02 -2.193587e-20
2.920000e+02 -2.248123e-20
2.930000e+02 -2.299430e-20
2.940000e+02 -2.347447e-20
2.950000e+02 -2.392115e-20
2.960000e+02 -2.433378e-20
2.970000e+02 -2.471188e-20
2.980000e+02 -2.505498e-20
2.990000e+02 -2.536265e-20
3.000000e+02 -2.563453e-20
3.010000e+02 -2.587028e-20
3.020000e+02 -2.606963e-20
3.030000e+02 -2.623231e-20
3.040000e+02 -2.635814e-20
3.050000e+02 -2.644696e-20
3.060000e+02 -2.649866e-20
3.070000e+02 -2.651318e-20
3.080000e+02 -2.649051e-20
3.090000e+02 -2.643066e-20
3.100000e+02 -2.633372e-20
3.110000e+02 -2.619980e-20
3.120000e+02 -2.602906e-20
3.130000e+02 -2.582172e-20
3.140000e+02 -2.557802e-20
3.150000e+02 -2.529826e-20
3.160000e+02 -2.498278e-20
3.170000e+02 -2.463197e-20
3.180000e+02 -2.424626e-20
3.190000e+02 -2.382611e-20
3.200000e+02 -2.337204e-20
3.210000e+02 -2.288460e-20
3.220000e+02 -2.236439e-20
3.230000e+02 -2.181203e-20
3.240000e+02 -2.122821e-20
3.250000e+02 -2.061362e-20
3.260000e+02 -1.996903e-20
3.270000e+02 -1.929522e-20
3.280000e+02 -1.859301e-20
3.290000e+02 -1.786325e-20
3.300000e+02 -1.710683e-20
3.310000e+02 -1.632468e-20
3.320000e+02 -1.551774e-20
3.330000e+02 -1.468701e-20
3.340000e+02 -1.383349e-20
3.350000e+02 -1.295822e-20
3.360000e+02 -1.206227e-20
3.370000e+02 -1.114673e-20
3.380000e+02 -1.021272e-20
3.390000e+02 -9.261374e-21
3.400000e+02 -8.293851e-21
3.410000e+02 -7.311330e-21
3.420000e+02 -6.315008e-21
3.430000e+02 -5.306099e-21
3.440000e+02 -4.285832e-21
3.450000e+02 -3.255451e-21
3.460000e+02 -2.216210e-21
3.470000e+02 -1.169376e-21
3.480000e+02 -1.162238e-22
3.490000e+02 9.419629e-22
3.500000e+02 2.003895e-21
3.510000e+02 3.068280e-21
3.520000e+02 4.133819e-21
3.530000e+02 5.199216e-21
3.540000e+02 6.263171e-21
3.550000e+02 7.324389e-21
3.560000e+02 8.381577e-21
3.570000e+02 9.433447e-21
3.580000e+02 1.047872e-20
3.590000e+02 1.151611e-20
3.600000e+02 1.254438e-20
