x y z ADDATime OurCalcTime
0.0000000000 -4.0000000000 0.0000000000 0.0000000000 325.0500000000
0.0000000000 -3.0000000000 0.0000000000 0.0100000000 323.9700000000
0.0000000000 -2.0000000000 0.0000000000 0.0000000000 323.5200000000
0.0000000000 -1.0000000000 0.0000000000 0.0100000000 324.0000000000
0.0000000000 -0.0000000000 0.0000000000 0.0100000000 324.4700000000
0.0000000000 1.0000000000 0.0000000000 0.0000000000 324.0700000000
0.0000000000 1.9000000000 0.0000000000 0.0100000000 322.5300000000
0.0000000000 2.9000000000 0.0000000000 0.0100000000 323.3800000000
0.0000000000 3.9000000000 0.0000000000 0.0100000000 323.2800000000
0.0000000000 5.0000000000 0.0000000000 0.0000000000 324.4100000000
0.0000000000 0.0000000000 0.0000000000 0.0000000000 0.0000000000
