0.000000e+00 -5.000000e+00 0.000000e+00 8.685342e-19 2.595998e-16 -6.065945e-16
0.000000e+00 -4.900000e+00 0.000000e+00 2.020201e-18 5.894987e-16 -1.412842e-15
0.000000e+00 -4.800000e+00 0.000000e+00 4.566610e-18 1.299567e-15 -3.187436e-15
0.000000e+00 -4.700000e+00 0.000000e+00 1.003217e-17 2.781135e-15 -6.958888e-15
0.000000e+00 -4.600000e+00 0.000000e+00 2.141747e-17 5.776928e-15 -1.468878e-14
0.000000e+00 -4.500000e+00 0.000000e+00 4.442667e-17 1.164507e-14 -2.994909e-14
0.000000e+00 -4.400000e+00 0.000000e+00 8.951829e-17 2.277498e-14 -5.892896e-14
0.000000e+00 -4.300000e+00 0.000000e+00 1.751994e-16 4.321077e-14 -1.117940e-13
0.000000e+00 -4.200000e+00 0.000000e+00 3.330811e-16 7.952677e-14 -2.042769e-13
0.000000e+00 -4.100000e+00 0.000000e+00 6.151088e-16 1.419379e-13 -3.591880e-13
0.000000e+00 -4.000000e+00 0.000000e+00 1.102434e-15 2.454446e-13 -6.072511e-13
0.000000e+00 -3.900000e+00 0.000000e+00 1.915018e-15 4.108084e-13 -9.862057e-13
0.000000e+00 -3.800000e+00 0.000000e+00 3.224145e-15 6.655631e-13 -1.536542e-12
0.000000e+00 -3.700000e+00 0.000000e+00 5.266853e-15 1.044182e-12 -2.294059e-12
0.000000e+00 -3.600000e+00 0.000000e+00 8.329353e-15 1.582742e-12 -3.281127e-12
0.000000e+00 -3.500000e+00 0.000000e+00 1.271892e-14 2.313493e-12 -4.489439e-12
0.000000e+00 -3.400000e+00 0.000000e+00 1.881520e-14 3.268938e-12 -5.860954e-12
0.000000e+00 -3.300000e+00 0.000000e+00 2.691331e-14 4.454166e-12 -7.307825e-12
0.000000e+00 -3.200000e+00 0.000000e+00 3.705563e-14 5.830886e-12 -8.688083e-12
0.000000e+00 -3.100000e+00 0.000000e+00 4.939268e-14 7.362619e-12 -9.804892e-12
0.000000e+00 -3.000000e+00 0.000000e+00 6.330851e-14 8.909252e-12 -1.056197e-11
0.000000e+00 -2.900000e+00 0.000000e+00 7.820746e-14 1.034499e-11 -1.076316e-11
0.000000e+00 -2.800000e+00 0.000000e+00 9.286644e-14 1.148068e-11 -1.044202e-11
0.000000e+00 -2.700000e+00 0.000000e+00 1.058640e-13 1.214773e-11 -9.596408e-12
0.000000e+00 -2.600000e+00 0.000000e+00 1.157373e-13 1.219021e-11 -8.368981e-12
0.000000e+00 -2.500000e+00 0.000000e+00 1.210841e-13 1.154451e-11 -6.911579e-12
0.000000e+00 -2.400000e+00 0.000000e+00 1.208322e-13 1.015564e-11 -5.454362e-12
0.000000e+00 -2.300000e+00 0.000000e+00 1.153007e-13 8.210924e-12 -4.049846e-12
0.000000e+00 -2.200000e+00 0.000000e+00 1.036796e-13 5.719227e-12 -2.955615e-12
0.000000e+00 -2.100000e+00 0.000000e+00 8.874614e-14 3.075582e-12 -2.035572e-12
0.000000e+00 -2.000000e+00 0.000000e+00 7.061440e-14 3.590799e-13 -1.416309e-12
0.000000e+00 -1.900000e+00 0.000000e+00 5.073800e-14 -2.197137e-12 -1.005157e-12
0.000000e+00 -1.800000e+00 0.000000e+00 3.208888e-14 -4.372190e-12 -7.029794e-13
0.000000e+00 -1.700000e+00 0.000000e+00 1.394468e-14 -6.150751e-12 -4.950328e-13
0.000000e+00 -1.600000e+00 0.000000e+00 -2.262687e-15 -7.517536e-12 -3.720334e-13
0.000000e+00 -1.500000e+00 0.000000e+00 -1.663981e-14 -8.420148e-12 -2.965275e-13
0.000000e+00 -1.400000e+00 0.000000e+00 -2.658204e-14 -8.880420e-12 -2.644178e-13
0.000000e+00 -1.300000e+00 0.000000e+00 -3.443621e-14 -8.989224e-12 -2.141733e-13
0.000000e+00 -1.200000e+00 0.000000e+00 -3.941331e-14 -8.755091e-12 -1.383513e-13
0.000000e+00 -1.100000e+00 0.000000e+00 -4.157708e-14 -8.420795e-12 -4.841707e-14
0.000000e+00 -1.000000e+00 0.000000e+00 -4.536017e-14 -8.014612e-12 3.443388e-14
0.000000e+00 -9.000000e-01 0.000000e+00 -4.726014e-14 -7.417112e-12 1.233607e-13
0.000000e+00 -8.000000e-01 0.000000e+00 -4.636459e-14 -6.664953e-12 2.445512e-13
0.000000e+00 -7.000000e-01 0.000000e+00 -4.495388e-14 -5.867374e-12 3.449716e-13
0.000000e+00 -6.000000e-01 0.000000e+00 -4.870949e-14 -5.170252e-12 3.858407e-13
0.000000e+00 -5.000000e-01 0.000000e+00 -5.519754e-14 -4.512939e-12 3.409176e-13
0.000000e+00 -4.000000e-01 0.000000e+00 -5.610590e-14 -3.646242e-12 3.158298e-13
0.000000e+00 -3.000000e-01 0.000000e+00 -5.098244e-14 -2.718223e-12 3.208753e-13
0.000000e+00 -2.000000e-01 0.000000e+00 -4.573876e-14 -1.879220e-12 3.327802e-13
0.000000e+00 -1.000000e-01 0.000000e+00 -4.231138e-14 -1.100332e-12 3.277806e-13
0.000000e+00 -1.026956e-15 0.000000e+00 -4.114639e-14 -2.509321e-13 3.570762e-13
0.000000e+00 1.000000e-01 0.000000e+00 -4.140878e-14 6.418476e-13 3.427823e-13
0.000000e+00 2.000000e-01 0.000000e+00 -4.358833e-14 1.447603e-12 3.277418e-13
0.000000e+00 3.000000e-01 0.000000e+00 -4.784069e-14 2.239048e-12 3.303098e-13
0.000000e+00 4.000000e-01 0.000000e+00 -5.363135e-14 3.123842e-12 3.157230e-13
0.000000e+00 5.000000e-01 0.000000e+00 -5.665661e-14 4.055209e-12 3.215646e-13
0.000000e+00 6.000000e-01 0.000000e+00 -5.260215e-14 4.821405e-12 3.646657e-13
0.000000e+00 7.000000e-01 0.000000e+00 -4.623054e-14 5.462154e-12 3.804330e-13
0.000000e+00 8.000000e-01 0.000000e+00 -4.527201e-14 6.216977e-12 3.040454e-13
0.000000e+00 9.000000e-01 0.000000e+00 -4.706752e-14 7.013847e-12 1.908203e-13
0.000000e+00 1.000000e+00 0.000000e+00 -4.679127e-14 7.704904e-12 7.831154e-14
0.000000e+00 1.100000e+00 0.000000e+00 -4.365707e-14 8.217457e-12 3.387540e-16
0.000000e+00 1.200000e+00 0.000000e+00 -4.048620e-14 8.566730e-12 -8.975616e-14
0.000000e+00 1.300000e+00 0.000000e+00 -3.784702e-14 8.892252e-12 -1.736478e-13
0.000000e+00 1.400000e+00 0.000000e+00 -3.101656e-14 8.984318e-12 -2.412547e-13
0.000000e+00 1.500000e+00 0.000000e+00 -2.271310e-14 8.723104e-12 -2.763411e-13
0.000000e+00 1.600000e+00 0.000000e+00 -1.061500e-14 8.078640e-12 -3.238313e-13
0.000000e+00 1.700000e+00 0.000000e+00 4.685863e-15 6.964094e-12 -4.180595e-13
0.000000e+00 1.800000e+00 0.000000e+00 2.191987e-14 5.408814e-12 -5.780545e-13
0.000000e+00 1.900000e+00 0.000000e+00 4.019668e-14 3.456113e-12 -8.212434e-13
0.000000e+00 2.000000e+00 0.000000e+00 5.958669e-14 1.099968e-12 -1.178131e-12
0.000000e+00 2.100000e+00 0.000000e+00 7.901997e-14 -1.564739e-12 -1.647361e-12
0.000000e+00 2.200000e+00 0.000000e+00 9.577788e-14 -4.263550e-12 -2.421836e-12
0.000000e+00 2.300000e+00 0.000000e+00 1.093644e-13 -6.861942e-12 -3.410655e-12
0.000000e+00 2.400000e+00 0.000000e+00 1.186176e-13 -9.159129e-12 -4.641392e-12
0.000000e+00 2.500000e+00 0.000000e+00 1.214513e-13 -1.083736e-11 -6.111966e-12
0.000000e+00 2.600000e+00 0.000000e+00 1.195427e-13 -1.193935e-11 -7.554523e-12
0.000000e+00 2.700000e+00 0.000000e+00 1.116531e-13 -1.223897e-11 -8.974112e-12
0.000000e+00 2.800000e+00 0.000000e+00 1.005278e-13 -1.193262e-11 -1.000507e-11
0.000000e+00 2.900000e+00 0.000000e+00 8.636450e-14 -1.101399e-11 -1.067455e-11
0.000000e+00 3.000000e+00 0.000000e+00 7.161170e-14 -9.740925e-12 -1.072605e-11
0.000000e+00 3.100000e+00 0.000000e+00 5.689626e-14 -8.220106e-12 -1.028894e-11
0.000000e+00 3.200000e+00 0.000000e+00 4.370475e-14 -6.674554e-12 -9.352238e-12
0.000000e+00 3.300000e+00 0.000000e+00 3.228290e-14 -5.197646e-12 -8.086772e-12
0.000000e+00 3.400000e+00 0.000000e+00 2.302936e-14 -3.896142e-12 -6.669926e-12
0.000000e+00 3.500000e+00 0.000000e+00 1.589869e-14 -2.819057e-12 -5.234786e-12
0.000000e+00 3.600000e+00 0.000000e+00 1.057810e-14 -1.962744e-12 -3.925590e-12
0.000000e+00 3.700000e+00 0.000000e+00 6.814489e-15 -1.319917e-12 -2.814998e-12
0.000000e+00 3.800000e+00 0.000000e+00 4.254760e-15 -8.587190e-13 -1.930184e-12
0.000000e+00 3.900000e+00 0.000000e+00 2.569178e-15 -5.396418e-13 -1.267931e-12
0.000000e+00 4.000000e+00 0.000000e+00 1.502847e-15 -3.279338e-13 -7.989866e-13
0.000000e+00 4.100000e+00 0.000000e+00 8.533307e-16 -1.930651e-13 -4.832752e-13
0.000000e+00 4.200000e+00 0.000000e+00 4.702635e-16 -1.101560e-13 -2.808526e-13
0.000000e+00 4.300000e+00 0.000000e+00 2.514240e-16 -6.090115e-14 -1.569891e-13
0.000000e+00 4.400000e+00 0.000000e+00 1.304819e-16 -3.263803e-14 -8.448837e-14
0.000000e+00 4.500000e+00 0.000000e+00 6.577583e-17 -1.696517e-14 -4.381689e-14
0.000000e+00 4.600000e+00 0.000000e+00 3.221976e-17 -8.556828e-15 -2.191737e-14
0.000000e+00 4.700000e+00 0.000000e+00 1.533743e-17 -4.188656e-15 -1.058387e-14
0.000000e+00 4.800000e+00 0.000000e+00 7.094909e-18 -1.990132e-15 -4.938785e-15
0.000000e+00 4.900000e+00 0.000000e+00 3.189405e-18 -9.178447e-16 -2.229080e-15
0.000000e+00 5.000000e+00 0.000000e+00 1.393272e-18 -4.109261e-16 -9.740194e-16
