Iteration# z ADDATime OurCalcTime
1.0000000000 -0.0500000000 0.0000000000 60.4100000000
2.0000000000 0.0000000000 0.0000000000 59.7000000000
3.0000000000 0.0500000000 0.0000000000 58.1100000000
4.0000000000 0.1000000000 0.0000000000 58.3600000000
5.0000000000 0.1500000000 0.0000000000 57.9300000000
6.0000000000 0.2000000000 0.0000000000 57.6500000000
7.0000000000 0.2500000000 0.0100000000 57.9400000000
8.0000000000 0.3000000000 0.0000000000 58.2500000000
9.0000000000 0.3500000000 0.0000000000 58.1000000000
10.0000000000 0.4000000000 0.0100000000 59.3800000000
11.0000000000 0.4500000000 0.0000000000 59.3600000000
12.0000000000 0.5000000000 0.0100000000 58.4000000000
13.0000000000 0.5500000000 0.0000000000 58.5700000000
14.0000000000 0.6000000000 0.0000000000 58.4700000000
15.0000000000 0.6500000000 0.0100000000 58.8000000000
16.0000000000 0.6250000000 0.0000000000 58.7400000000
17.0000000000 0.6125000000 0.0100000000 58.8500000000
18.0000000000 0.6250000000 0.0000000000 59.4600000000
19.0000000000 0.6187500000 0.0000000000 59.0500000000
20.0000000000 0.6156250000 0.0000000000 57.3100000000
21.0000000000 0.6140625000 0.0100000000 62.8900000000
22.0000000000 0.6156250000 0.0100000000 62.0700000000
23.0000000000 0.6148437500 0.0000000000 57.4800000000
24.0000000000 0.6156250000 0.0000000000 58.3000000000
25.0000000000 0.6152343750 0.0100000000 57.9200000000
1.0000000000 0.6156250000 0.0000000000 57.9600000000
2.0000000000 0.6160156250 0.0000000000 58.5100000000
3.0000000000 0.6164062500 0.0000000000 58.5100000000
4.0000000000 0.6167968750 0.0100000000 58.8400000000
5.0000000000 0.6171875000 0.0000000000 58.8300000000
6.0000000000 0.6175781250 0.0100000000 58.9400000000
7.0000000000 0.6179687500 0.0000000000 57.7600000000
8.0000000000 0.6183593750 0.0100000000 58.5900000000
9.0000000000 0.6187500000 0.0100000000 59.0600000000
10.0000000000 0.6191406250 0.0000000000 58.8300000000
11.0000000000 0.6195312500 0.0100000000 58.4300000000
12.0000000000 0.6199218750 0.0100000000 58.7500000000
13.0000000000 0.6203125000 0.0100000000 59.2200000000
14.0000000000 0.6207031250 0.0000000000 58.7000000000
15.0000000000 0.6210937500 0.0000000000 58.8800000000
16.0000000000 0.6214843750 0.0000000000 63.2400000000
17.0000000000 0.6218750000 0.0100000000 59.1900000000
18.0000000000 0.6222656250 0.0100000000 57.6200000000
19.0000000000 0.6226562500 0.0000000000 59.2800000000
20.0000000000 0.6230468750 0.0100000000 59.0800000000
21.0000000000 0.6234375000 0.0100000000 59.4000000000
22.0000000000 0.6238281250 0.0000000000 58.0800000000
23.0000000000 0.6242187500 0.0100000000 58.6600000000
24.0000000000 0.6246093750 0.0100000000 58.7200000000
25.0000000000 0.6250000000 0.0000000000 59.2500000000
26.0000000000 0.6253906250 0.0100000000 59.2300000000
27.0000000000 0.6257812500 0.0000000000 58.7600000000
28.0000000000 0.6261718750 0.0100000000 58.8500000000
29.0000000000 0.6265625000 0.0100000000 59.6200000000
30.0000000000 0.6269531250 0.0100000000 59.1600000000
31.0000000000 0.6273437500 0.0100000000 58.6300000000
32.0000000000 0.6277343750 0.0100000000 59.1400000000
33.0000000000 0.6281250000 0.0000000000 58.6800000000
34.0000000000 0.6285156250 0.0100000000 57.5500000000
35.0000000000 0.6289062500 0.0100000000 57.5800000000
36.0000000000 0.6292968750 0.0100000000 57.7500000000
37.0000000000 0.6296875000 0.0100000000 59.1700000000
38.0000000000 0.6300781250 0.0000000000 59.1500000000
39.0000000000 0.6304687500 0.0000000000 59.3200000000
40.0000000000 0.6308593750 0.0000000000 58.9900000000
41.0000000000 0.6312500000 0.0100000000 58.8300000000
42.0000000000 0.6316406250 0.0100000000 58.4000000000
43.0000000000 0.6320312500 0.0000000000 58.9200000000
44.0000000000 0.6324218750 0.0000000000 58.9100000000
45.0000000000 0.6328125000 0.0100000000 58.3600000000
46.0000000000 0.6332031250 0.0000000000 57.4600000000
47.0000000000 0.6330078125 0.0000000000 57.9500000000
1.0000000000 0.6332031250 0.0000000000 58.0600000000
2.0000000000 0.6333984375 0.0100000000 60.4300000000
3.0000000000 0.6335937500 0.0100000000 62.9000000000
4.0000000000 0.6337890625 0.0100000000 58.8300000000
5.0000000000 0.6339843750 0.0100000000 58.2600000000
6.0000000000 0.6341796875 0.0000000000 58.5800000000
7.0000000000 0.6343750000 0.0000000000 60.2900000000
8.0000000000 0.6345703125 0.0000000000 58.4300000000
9.0000000000 0.6347656250 0.0000000000 57.3900000000
10.0000000000 0.6349609375 0.0000000000 58.6100000000
11.0000000000 0.6351562500 0.0100000000 58.2000000000
12.0000000000 0.6353515625 0.0000000000 58.9700000000
13.0000000000 0.6355468750 0.0000000000 58.1700000000
14.0000000000 0.6357421875 0.0000000000 57.1800000000
15.0000000000 0.6359375000 0.0100000000 58.1300000000
16.0000000000 0.6361328125 0.0000000000 58.8000000000
17.0000000000 0.6363281250 0.0100000000 58.8400000000
18.0000000000 0.6365234375 0.0100000000 58.5600000000
19.0000000000 0.6367187500 0.0100000000 58.6100000000
20.0000000000 0.6369140625 0.0100000000 57.1600000000
21.0000000000 0.6371093750 0.0100000000 59.1200000000
22.0000000000 0.6373046875 0.0100000000 58.6300000000
23.0000000000 0.6375000000 0.0100000000 59.7700000000
24.0000000000 0.6376953125 0.0100000000 59.0300000000
25.0000000000 0.6378906250 0.0100000000 59.1400000000
26.0000000000 0.6380859375 0.0000000000 58.3900000000
27.0000000000 0.6382812500 0.0000000000 58.7400000000
28.0000000000 0.6384765625 0.0100000000 58.7700000000
29.0000000000 0.6386718750 0.0000000000 59.4400000000
30.0000000000 0.6388671875 0.0100000000 59.3200000000
31.0000000000 0.6390625000 0.0000000000 58.3400000000
32.0000000000 0.6392578125 0.0100000000 58.0300000000
33.0000000000 0.6394531250 0.0000000000 57.8000000000
34.0000000000 0.6396484375 0.0000000000 59.4800000000
35.0000000000 0.6398437500 0.0100000000 59.2100000000
36.0000000000 0.6400390625 0.0100000000 59.4500000000
37.0000000000 0.6402343750 0.0000000000 59.1700000000
38.0000000000 0.6404296875 0.0100000000 58.7100000000
39.0000000000 0.6406250000 0.0000000000 58.7200000000
40.0000000000 0.6408203125 0.0000000000 58.6400000000
41.0000000000 0.6410156250 0.0000000000 58.0700000000
42.0000000000 0.6412109375 0.0000000000 59.4100000000
43.0000000000 0.6414062500 0.0100000000 58.1800000000
44.0000000000 0.6416015625 0.0000000000 58.4800000000
45.0000000000 0.6417968750 0.0000000000 59.1600000000
46.0000000000 0.6419921875 0.0100000000 58.4600000000
47.0000000000 0.6421875000 0.0000000000 58.1900000000
48.0000000000 0.6423828125 0.0100000000 57.3600000000
49.0000000000 0.6425781250 0.0100000000 59.1900000000
50.0000000000 0.6427734375 0.0100000000 58.6100000000
51.0000000000 0.6429687500 0.0000000000 58.8700000000
52.0000000000 0.6431640625 0.0000000000 57.8600000000
53.0000000000 0.6433593750 0.0100000000 57.5400000000
54.0000000000 0.6435546875 0.0100000000 58.5900000000
55.0000000000 0.6437500000 0.0100000000 58.9600000000
56.0000000000 0.6439453125 0.0000000000 57.9800000000
57.0000000000 0.6441406250 0.0000000000 57.9100000000
58.0000000000 0.6443359375 0.0100000000 57.1900000000
59.0000000000 0.6445312500 0.0000000000 58.3300000000
60.0000000000 0.6447265625 0.0100000000 57.1800000000
61.0000000000 0.6449218750 0.0000000000 59.0100000000
62.0000000000 0.6451171875 0.0000000000 59.1800000000
63.0000000000 0.6453125000 0.0000000000 58.4600000000
64.0000000000 0.6455078125 0.0100000000 58.9300000000
65.0000000000 0.6457031250 0.0100000000 58.2500000000
66.0000000000 0.6458984375 0.0000000000 57.3200000000
67.0000000000 0.6460937500 0.0100000000 58.1500000000
68.0000000000 0.6462890625 0.0100000000 58.0600000000
69.0000000000 0.6464843750 0.0100000000 58.0200000000
70.0000000000 0.6466796875 0.0000000000 58.8900000000
71.0000000000 0.6468750000 0.0000000000 59.1600000000
72.0000000000 0.6470703125 0.0100000000 59.1400000000
73.0000000000 0.6472656250 0.0000000000 57.7600000000
74.0000000000 0.6474609375 0.0100000000 57.2200000000
75.0000000000 0.6476562500 0.0100000000 58.2600000000
76.0000000000 0.6478515625 0.0000000000 58.8400000000
77.0000000000 0.6480468750 0.0100000000 59.4500000000
78.0000000000 0.6482421875 0.0000000000 57.7000000000
79.0000000000 0.6484375000 0.0000000000 58.5200000000
80.0000000000 0.6486328125 0.0000000000 59.1900000000
81.0000000000 0.6488281250 0.0000000000 57.4400000000
82.0000000000 0.6490234375 0.0100000000 59.5300000000
83.0000000000 0.6492187500 0.0000000000 58.0200000000
84.0000000000 0.6494140625 0.0000000000 58.7700000000
85.0000000000 0.6496093750 0.0000000000 61.2200000000
86.0000000000 0.6498046875 0.0100000000 58.6700000000
87.0000000000 0.6500000000 0.0100000000 57.5300000000
88.0000000000 0.6501953125 0.0000000000 59.2900000000
89.0000000000 0.6503906250 0.0100000000 58.9200000000
90.0000000000 0.6505859375 0.0000000000 58.7300000000
91.0000000000 0.6507812500 0.0200000000 58.9900000000
92.0000000000 0.6509765625 0.0000000000 59.1100000000
93.0000000000 0.6511718750 0.0100000000 58.8500000000
94.0000000000 0.6513671875 0.0000000000 59.0100000000
1.0000000000 0.6512695313 0.0100000000 58.4300000000
2.0000000000 0.6513671875 0.0000000000 58.9200000000
3.0000000000 0.6514648438 0.0000000000 58.0300000000
4.0000000000 0.6515625000 0.0000000000 57.8600000000
5.0000000000 0.6516601563 0.0000000000 59.1800000000
6.0000000000 0.6517578125 0.0100000000 57.6300000000
7.0000000000 0.6518554688 0.0000000000 58.6900000000
8.0000000000 0.6519531250 0.0100000000 57.8300000000
9.0000000000 0.6520507813 0.0100000000 57.6200000000
10.0000000000 0.6521484375 0.0200000000 58.4300000000
11.0000000000 0.6522460938 0.0100000000 57.8500000000
12.0000000000 0.6523437500 0.0100000000 57.8000000000
13.0000000000 0.6524414063 0.0100000000 58.7500000000
14.0000000000 0.6525390625 0.0100000000 58.4700000000
15.0000000000 0.6526367188 0.0100000000 58.5900000000
16.0000000000 0.6527343750 0.0100000000 59.4100000000
17.0000000000 0.6528320313 0.0000000000 58.4200000000
18.0000000000 0.6529296875 0.0000000000 57.6400000000
19.0000000000 0.6530273438 0.0100000000 58.7500000000
20.0000000000 0.6531250000 0.0000000000 58.6300000000
21.0000000000 0.6532226563 0.0000000000 58.0800000000
22.0000000000 0.6533203125 0.0100000000 59.1200000000
23.0000000000 0.6534179688 0.0100000000 58.3500000000
24.0000000000 0.6535156250 0.0000000000 58.0600000000
25.0000000000 0.6536132813 0.0000000000 58.0300000000
26.0000000000 0.6537109375 0.0100000000 59.1000000000
27.0000000000 0.6538085938 0.0000000000 59.3800000000
28.0000000000 0.6539062500 0.0000000000 57.6500000000
29.0000000000 0.6540039063 0.0100000000 59.5400000000
30.0000000000 0.6541015625 0.0100000000 57.9200000000
31.0000000000 0.6541992188 0.0000000000 59.5000000000
32.0000000000 0.6542968750 0.0000000000 58.9400000000
33.0000000000 0.6543945313 0.0100000000 59.2800000000
34.0000000000 0.6544921875 0.0000000000 59.6000000000
35.0000000000 0.6545898438 0.0100000000 58.9800000000
36.0000000000 0.6546875000 0.0000000000 59.1300000000
37.0000000000 0.6547851563 0.0000000000 59.2700000000
38.0000000000 0.6548828125 0.0100000000 59.2600000000
39.0000000000 0.6549804688 0.0000000000 59.3300000000
40.0000000000 0.6550781250 0.0100000000 58.8300000000
41.0000000000 0.6551757813 0.0000000000 57.9300000000
42.0000000000 0.6552734375 0.0000000000 59.1800000000
43.0000000000 0.6553710938 0.0000000000 59.0900000000
44.0000000000 0.6554687500 0.0100000000 59.1000000000
45.0000000000 0.6555664063 0.0100000000 58.6100000000
46.0000000000 0.6556640625 0.0000000000 59.2400000000
47.0000000000 0.6557617188 0.0100000000 58.0000000000
48.0000000000 0.6558593750 0.0000000000 59.0500000000
49.0000000000 0.6559570313 0.0100000000 59.0000000000
50.0000000000 0.6560546875 0.0000000000 58.0200000000
51.0000000000 0.6561523438 0.0100000000 58.8800000000
52.0000000000 0.6562500000 0.0000000000 59.2000000000
53.0000000000 0.6563476563 0.0100000000 58.4500000000
54.0000000000 0.6564453125 0.0000000000 58.8800000000
55.0000000000 0.6565429688 0.0000000000 58.7600000000
56.0000000000 0.6566406250 0.0000000000 57.6800000000
57.0000000000 0.6567382813 0.0000000000 58.9200000000
58.0000000000 0.6568359375 0.0000000000 63.5900000000
59.0000000000 0.6569335938 0.0000000000 57.9500000000
60.0000000000 0.6570312500 0.0100000000 58.8300000000
61.0000000000 0.6571289063 0.0100000000 57.4600000000
62.0000000000 0.6572265625 0.0000000000 57.6200000000
63.0000000000 0.6573242188 0.0000000000 58.7400000000
64.0000000000 0.6574218750 0.0000000000 59.0000000000
65.0000000000 0.6575195313 0.0100000000 57.3600000000
66.0000000000 0.6576171875 0.0000000000 57.9500000000
67.0000000000 0.6577148438 0.0100000000 59.1200000000
68.0000000000 0.6578125000 0.0100000000 58.1600000000
69.0000000000 0.6579101563 0.0000000000 57.5500000000
70.0000000000 0.6580078125 0.0100000000 57.5000000000
71.0000000000 0.6581054688 0.0100000000 62.0800000000
72.0000000000 0.6582031250 0.0000000000 57.6200000000
73.0000000000 0.6583007813 0.0000000000 58.1500000000
74.0000000000 0.6583984375 0.0100000000 57.7400000000
75.0000000000 0.6584960938 0.0100000000 57.2600000000
76.0000000000 0.6585937500 0.0100000000 58.9900000000
77.0000000000 0.6586914063 0.0100000000 58.8000000000
78.0000000000 0.6587890625 0.0000000000 59.3100000000
79.0000000000 0.6588867188 0.0100000000 59.0200000000
80.0000000000 0.6589843750 0.0000000000 58.8100000000
81.0000000000 0.6590820313 0.0000000000 58.6200000000
82.0000000000 0.6591796875 0.0000000000 58.6000000000
83.0000000000 0.6592773438 0.0000000000 58.8800000000
84.0000000000 0.6593750000 0.0000000000 58.3400000000
85.0000000000 0.6594726563 0.0100000000 58.9400000000
86.0000000000 0.6595703125 0.0000000000 58.9000000000
87.0000000000 0.6596679688 0.0100000000 58.7300000000
88.0000000000 0.6597656250 0.0100000000 58.5600000000
89.0000000000 0.6598632813 0.0100000000 58.8400000000
90.0000000000 0.6599609375 0.0000000000 58.5200000000
91.0000000000 0.6600585938 0.0100000000 57.5800000000
92.0000000000 0.6601562500 0.0100000000 62.4100000000
93.0000000000 0.6602539063 0.0100000000 58.3400000000
94.0000000000 0.6603515625 0.0100000000 62.4700000000
95.0000000000 0.6604492188 0.0000000000 58.5500000000
96.0000000000 0.6605468750 0.0100000000 59.3200000000
97.0000000000 0.6606445313 0.0100000000 58.7200000000
98.0000000000 0.6607421875 0.0000000000 58.9500000000
99.0000000000 0.6608398438 0.0000000000 58.6600000000
100.0000000000 0.6609375000 0.0000000000 58.6000000000
101.0000000000 0.6610351563 0.0000000000 58.8500000000
102.0000000000 0.6611328125 0.0100000000 58.0500000000
103.0000000000 0.6612304688 0.0000000000 58.9800000000
104.0000000000 0.6613281250 0.0000000000 58.9700000000
105.0000000000 0.6614257813 0.0000000000 59.2500000000
106.0000000000 0.6615234375 0.0100000000 58.9800000000
107.0000000000 0.6616210938 0.0000000000 59.1600000000
108.0000000000 0.6617187500 0.0100000000 59.2600000000
109.0000000000 0.6618164063 0.0100000000 58.8500000000
110.0000000000 0.6619140625 0.0100000000 59.3200000000
111.0000000000 0.6620117188 0.0000000000 58.4800000000
112.0000000000 0.6621093750 0.0000000000 58.8000000000
113.0000000000 0.6622070313 0.0000000000 58.4100000000
114.0000000000 0.6623046875 0.0100000000 58.6200000000
115.0000000000 0.6624023438 0.0000000000 58.2500000000
116.0000000000 0.6625000000 0.0100000000 58.9600000000
117.0000000000 0.6625976563 0.0100000000 57.6900000000
118.0000000000 0.6626953125 0.0000000000 58.8500000000
119.0000000000 0.6627929688 0.0000000000 57.8900000000
120.0000000000 0.6628906250 0.0100000000 59.0000000000
121.0000000000 0.6629882813 0.0000000000 58.5400000000
122.0000000000 0.6630859375 0.0100000000 58.6500000000
123.0000000000 0.6631835938 0.0100000000 57.9900000000
124.0000000000 0.6632812500 0.0000000000 59.2400000000
125.0000000000 0.6633789063 0.0100000000 58.2400000000
126.0000000000 0.6634765625 0.0000000000 57.6100000000
127.0000000000 0.6635742188 0.0000000000 58.5300000000
128.0000000000 0.6636718750 0.0000000000 58.5400000000
129.0000000000 0.6637695313 0.0100000000 59.1700000000
130.0000000000 0.6638671875 0.0000000000 60.8000000000
131.0000000000 0.6639648438 0.0000000000 58.7300000000
132.0000000000 0.6640625000 0.0000000000 58.2600000000
133.0000000000 0.6641601563 0.0000000000 58.8500000000
134.0000000000 0.6642578125 0.0100000000 59.0300000000
135.0000000000 0.6643554688 0.0100000000 59.3100000000
136.0000000000 0.6644531250 0.0000000000 58.6600000000
137.0000000000 0.6645507813 0.0100000000 57.7000000000
138.0000000000 0.6646484375 0.0100000000 59.4600000000
139.0000000000 0.6647460938 0.0100000000 58.1000000000
140.0000000000 0.6648437500 0.0100000000 58.1700000000
141.0000000000 0.6649414063 0.0000000000 59.0900000000
142.0000000000 0.6650390625 0.0100000000 58.3900000000
143.0000000000 0.6651367188 0.0100000000 58.2700000000
144.0000000000 0.6652343750 0.0000000000 58.8300000000
145.0000000000 0.6653320313 0.0000000000 58.8900000000
146.0000000000 0.6654296875 0.0100000000 58.1700000000
147.0000000000 0.6655273438 0.0000000000 58.7200000000
148.0000000000 0.6656250000 0.0000000000 59.3400000000
149.0000000000 0.6657226563 0.0100000000 59.6100000000
150.0000000000 0.6658203125 0.0100000000 59.0400000000
151.0000000000 0.6659179688 0.0000000000 59.1600000000
152.0000000000 0.6660156250 0.0100000000 59.1200000000
153.0000000000 0.6661132813 0.0000000000 57.9200000000
154.0000000000 0.6662109375 0.0100000000 58.1800000000
155.0000000000 0.6663085938 0.0100000000 58.1400000000
156.0000000000 0.6664062500 0.0000000000 58.5300000000
157.0000000000 0.6665039063 0.0100000000 59.2600000000
158.0000000000 0.6666015625 0.0000000000 59.5300000000
159.0000000000 0.6666992188 0.0100000000 57.8500000000
160.0000000000 0.6667968750 0.0000000000 57.6400000000
161.0000000000 0.6668945313 0.0100000000 59.5000000000
162.0000000000 0.6669921875 0.0000000000 58.8300000000
163.0000000000 0.6670898438 0.0000000000 58.6900000000
164.0000000000 0.6671875000 0.0000000000 58.7100000000
165.0000000000 0.6672851563 0.0000000000 61.4300000000
166.0000000000 0.6673828125 0.0000000000 58.5300000000
167.0000000000 0.6674804688 0.0100000000 57.9300000000
168.0000000000 0.6675781250 0.0100000000 57.1700000000
169.0000000000 0.6676757813 0.0100000000 57.8600000000
170.0000000000 0.6677734375 0.0000000000 57.7200000000
171.0000000000 0.6678710938 0.0100000000 58.9900000000
172.0000000000 0.6679687500 0.0100000000 58.5500000000
173.0000000000 0.6680664063 0.0000000000 58.8500000000
174.0000000000 0.6681640625 0.0000000000 58.9700000000
175.0000000000 0.6682617188 0.0000000000 58.2200000000
176.0000000000 0.6683593750 0.0000000000 58.4100000000
177.0000000000 0.6684570313 0.0000000000 57.9800000000
178.0000000000 0.6685546875 0.0000000000 57.9800000000
179.0000000000 0.6686523438 0.0100000000 58.7800000000
180.0000000000 0.6687500000 0.0000000000 58.4600000000
181.0000000000 0.6688476563 0.0000000000 58.8900000000
182.0000000000 0.6689453125 0.0100000000 58.5400000000
183.0000000000 0.6690429688 0.0000000000 59.0100000000
184.0000000000 0.6691406250 0.0000000000 59.0200000000
185.0000000000 0.6692382813 0.0100000000 59.0600000000
186.0000000000 0.6693359375 0.0000000000 57.7200000000
187.0000000000 0.6694335938 0.0100000000 58.9700000000
188.0000000000 0.6695312500 0.0100000000 57.8900000000
189.0000000000 0.6696289063 0.0100000000 57.2400000000
