2.956084e-27 3.523679e-26 2.783945e-25 1.460362e-24 5.350148e-24 1.425299e-23 2.839058e-23 4.306503e-23 5.029511e-23 4.546018e-23 3.183808e-23 1.730512e-23 7.414026e-24 2.662644e-24 9.087640e-25 3.089592e-25 8.330568e-26 7.682704e-27 -5.258747e-27 -2.782068e-27 -6.941989e-28
1.877574e-26 2.033741e-25 1.416696e-24 6.701665e-24 2.265045e-23 5.668300e-23 1.075982e-22 1.573900e-22 1.790448e-22 1.590511e-22 1.104935e-22 6.039222e-23 2.678973e-23 1.057016e-23 4.169076e-24 1.530223e-24 3.368957e-25 -6.529908e-26 -9.203488e-26 -3.955421e-26 -9.845661e-27
9.330157e-26 8.789608e-25 5.436816e-24 2.344531e-23 7.371669e-23 1.742895e-22 3.164078e-22 4.470042e-22 4.950743e-22 4.310769e-22 2.956403e-22 1.615955e-22 7.402451e-23 3.189989e-23 1.381960e-23 4.745828e-24 1.602539e-25 -1.155221e-24 -8.558906e-25 -3.467668e-25 -8.996029e-26
3.646148e-25 2.970001e-24 1.641649e-23 6.488989e-23 1.904897e-22 4.263689e-22 7.407066e-22 1.009793e-21 1.086038e-21 9.226532e-22 6.206385e-22 3.371292e-22 1.591126e-22 7.386346e-23 3.236195e-23 6.984524e-24 -6.156731e-24 -8.252342e-24 -5.122540e-24 -2.036955e-24 -5.488698e-25
1.170543e-24 8.231915e-24 4.067642e-23 1.472884e-22 4.030872e-22 8.522084e-22 1.412453e-21 1.850585e-21 1.922084e-21 1.581508e-21 1.034287e-21 5.544316e-22 2.688173e-22 1.298501e-22 4.721129e-23 -1.248376e-23 -4.069484e-23 -3.770556e-23 -2.166001e-23 -8.556937e-24 -2.372554e-24
3.222602e-24 1.957532e-23 8.620373e-23 2.844743e-22 7.212662e-22 1.430386e-21 2.244583e-21 2.802336e-21 2.783335e-21 2.192729e-21 1.377449e-21 7.230400e-22 3.568375e-22 1.620403e-22 8.972087e-24 -1.114585e-22 -1.549830e-22 -1.243269e-22 -6.838610e-23 -2.690421e-23 -7.603803e-24
7.783387e-24 4.121224e-23 1.617925e-22 4.841883e-22 1.127953e-21 2.076154e-21 3.046573e-21 3.573890e-21 3.340936e-21 2.475855e-21 1.468898e-21 7.477497e-22 3.610725e-22 9.693291e-23 -1.758095e-22 -3.843802e-22 -4.229040e-22 -3.134481e-22 -1.672392e-22 -6.540002e-23 -1.867337e-23
1.645376e-23 7.749312e-23 2.738349e-22 7.443771e-22 1.585761e-21 2.681760e-21 3.625636e-21 3.920089e-21 3.368981e-21 2.286280e-21 1.250190e-21 6.052702e-22 2.357867e-22 -1.506142e-22 -6.064065e-22 -9.111540e-22 -8.913623e-22 -6.256476e-22 -3.250879e-22 -1.258543e-22 -3.598994e-23
2.993002e-23 1.286498e-22 4.165852e-22 1.039672e-21 2.032661e-21 3.146191e-21 3.872356e-21 3.779172e-21 2.895393e-21 1.729253e-21 8.383082e-22 3.547369e-22 -3.560756e-23 -6.304222e-22 -1.307963e-21 -1.669308e-21 -1.509390e-21 -1.012505e-21 -5.119647e-22 -1.951224e-22 -5.539362e-23
4.598710e-23 1.848328e-22 5.596416e-22 1.302932e-21 2.363859e-21 3.364804e-21 3.755648e-21 3.254735e-21 2.147460e-21 1.063973e-21 4.152764e-22 5.861658e-23 -4.577673e-22 -1.319368e-21 -2.174540e-21 -2.490415e-21 -2.108400e-21 -1.353131e-21 -6.630956e-22 -2.470142e-22 -6.895438e-23
5.884805e-23 2.255694e-22 6.500371e-22 1.434137e-21 2.446873e-21 3.234559e-21 3.285425e-21 2.505661e-21 1.371978e-21 5.009103e-22 6.801204e-23 -2.972911e-22 -1.039381e-21 -2.125940e-21 -3.005396e-21 -3.132496e-21 -2.484241e-21 -1.518358e-21 -7.158381e-22 -2.582121e-22 -7.008982e-23
6.210057e-23 2.305103e-22 6.410224e-22 1.356984e-21 2.201286e-21 2.725990e-21 2.529437e-21 1.680697e-21 7.128225e-22 9.048510e-23 -2.550173e-22 -7.830310e-22 -1.768532e-21 -2.924315e-21 -3.612172e-21 -3.423089e-21 -2.525597e-21 -1.456303e-21 -6.532960e-22 -2.253672e-22 -5.866336e-23
5.360339e-23 1.950275e-22 5.288600e-22 1.083619e-21 1.682334e-21 1.957473e-21 1.649715e-21 9.180171e-22 2.133544e-22 -2.252918e-22 -6.361069e-22 -1.407343e-21 -2.548690e-21 -3.570233e-21 -3.889926e-21 -3.338651e-21 -2.269569e-21 -1.219047e-21 -5.127989e-22 -1.664521e-22 -4.081054e-23
3.751515e-23 1.351583e-22 3.602851e-22 7.184357e-22 1.069080e-21 1.161034e-21 8.613308e-22 3.360319e-22 -1.251215e-22 -4.900284e-22 -1.050120e-21 -2.020731e-21 -3.161592e-21 -3.895416e-21 -3.801232e-21 -2.960320e-21 -1.842030e-21 -9.105783e-22 -3.534473e-22 -1.058764e-22 -2.390510e-23
2.104761e-23 7.578438e-23 1.998571e-22 3.888006e-22 5.518347e-22 5.460928e-22 3.200420e-22 -7.427239e-24 -3.070925e-22 -6.706553e-22 -1.344610e-21 -2.364238e-21 -3.346373e-21 -3.751287e-21 -3.348425e-21 -2.390982e-21 -1.363995e-21 -6.168900e-22 -2.181955e-22 -5.919369e-23 -1.200096e-23
9.319690e-24 3.383948e-23 8.873401e-23 1.681970e-22 2.241643e-22 1.889728e-22 4.835532e-23 -1.377496e-22 -3.470114e-22 -7.041829e-22 -1.367612e-21 -2.257750e-21 -2.982039e-21 -3.123691e-21 -2.604426e-21 -1.731152e-21 -9.137371e-22 -3.791526e-22 -1.217018e-22 -2.954010e-23 -5.260932e-24
3.187511e-24 1.177973e-23 3.081919e-23 5.649482e-23 6.792956e-23 3.828294e-23 -3.575104e-23 -1.359763e-22 -2.851750e-22 -5.843136e-22 -1.111767e-21 -1.755512e-21 -2.208616e-21 -2.202391e-21 -1.743259e-21 -1.093720e-21 -5.402016e-22 -2.073346e-22 -6.062629e-23 -1.313467e-23 -2.030312e-24
8.174628e-25 3.105427e-24 8.111573e-24 1.408225e-23 1.360122e-23 -2.382222e-24 -3.556710e-23 -8.637128e-23 -1.823758e-22 -3.846297e-22 -7.223537e-22 -1.105609e-21 -1.342881e-21 -1.289945e-21 -9.794706e-22 -5.855182e-22 -2.729362e-22 -9.762685e-23 -2.616139e-23 -5.075036e-24 -6.795004e-25
1.508955e-25 5.955117e-25 1.544617e-24 2.399432e-24 1.024279e-24 -5.228417e-24 -1.774044e-23 -4.068467e-23 -9.170495e-23 -2.000341e-22 -3.733075e-22 -5.592753e-22 -6.615816e-22 -6.164589e-22 -4.515327e-22 -2.583653e-22 -1.141083e-22 -3.816360e-23 -9.396147e-24 -1.634496e-24 -1.897715e-25
1.897761e-26 7.845431e-26 1.977967e-25 2.260529e-25 -3.256876e-25 -2.133999e-24 -5.995405e-24 -1.462782e-23 -3.601732e-23 -8.143278e-23 -1.519590e-22 -2.244698e-22 -2.600639e-22 -2.359229e-22 -1.670232e-22 -9.153659e-23 -3.828341e-23 -1.195076e-23 -2.694599e-24 -4.184722e-25 -4.217736e-26
1.543837e-27 6.570797e-27 1.493072e-26 -3.621087e-28 -1.249930e-25 -5.053797e-25 -1.446025e-24 -4.006835e-24 -1.088795e-23 -2.557159e-23 -4.798484e-23 -7.027072e-23 -8.001377e-23 -7.076101e-23 -4.838990e-23 -2.533927e-23 -9.992293e-24 -2.892381e-24 -5.918734e-25 -8.134248e-26 -7.240136e-27
