-3.045994e-27 -3.580442e-26 -2.516060e-25 -1.089907e-24 -2.951224e-24 -4.485621e-24 -7.334011e-25 1.410283e-23 3.808210e-23 5.748524e-23 5.752081e-23 3.791249e-23 1.317539e-23 -2.614243e-24 -6.805273e-24 -4.900531e-24 -2.249829e-24 -7.455321e-25 -1.855746e-25 -3.491649e-26 -4.944494e-27
-2.022729e-26 -2.128572e-25 -1.326393e-24 -5.234999e-24 -1.325085e-23 -1.942228e-23 -4.861335e-24 4.991691e-23 1.341352e-22 1.961160e-22 1.849306e-22 1.048847e-22 1.257942e-23 -4.035624e-23 -4.687471e-23 -3.081548e-23 -1.439499e-23 -5.113029e-24 -1.414794e-24 -3.032555e-25 -4.875755e-26
-1.034830e-25 -9.559049e-25 -5.375670e-24 -1.967449e-23 -4.732103e-23 -6.845448e-23 -2.675683e-23 1.290114e-22 3.575988e-22 5.063539e-22 4.389380e-22 1.849611e-22 -8.199904e-23 -2.150427e-22 -2.041683e-22 -1.294060e-22 -6.149594e-23 -2.295750e-23 -6.849187e-24 -1.616916e-24 -2.912352e-25
-3.965498e-25 -3.306123e-24 -1.721394e-23 -5.960863e-23 -1.387911e-22 -2.032099e-22 -1.173229e-22 2.291856e-22 7.208796e-22 9.974145e-22 7.672967e-22 1.383131e-22 -4.664103e-22 -7.172590e-22 -6.195620e-22 -3.836057e-22 -1.838009e-22 -7.077098e-23 -2.221045e-23 -5.612450e-24 -1.099218e-24
-1.096598e-24 -8.717793e-24 -4.349959e-23 -1.460235e-22 -3.357320e-22 -5.069213e-22 -3.905367e-22 2.168479e-22 1.071889e-21 1.485867e-21 9.496596e-22 -2.684049e-22 -1.342049e-21 -1.683183e-21 -1.363242e-21 -8.202794e-22 -3.890047e-22 -1.506353e-22 -4.837083e-23 -1.272190e-23 -2.632253e-24
-1.965913e-24 -1.666351e-23 -8.411283e-23 -2.827816e-22 -6.560464e-22 -1.032709e-21 -9.683750e-22 -1.319012e-22 1.085250e-21 1.609908e-21 7.041211e-22 -1.136898e-21 -2.613891e-21 -2.892990e-21 -2.194169e-21 -1.250712e-21 -5.623770e-22 -2.071597e-22 -6.414801e-23 -1.663658e-23 -3.466229e-24
-1.214204e-24 -1.950724e-23 -1.144457e-22 -4.097491e-22 -9.907549e-22 -1.644735e-21 -1.766446e-21 -8.812967e-22 5.333426e-22 1.117242e-21 -2.049270e-23 -2.175829e-21 -3.699819e-21 -3.663967e-21 -2.515051e-21 -1.253582e-21 -4.563373e-22 -1.184866e-22 -2.008442e-23 -1.277081e-24 4.381160e-25
5.036946e-24 -2.241961e-25 -7.742839e-23 -3.796486e-22 -1.047280e-21 -1.899506e-21 -2.282262e-21 -1.618267e-21 -3.282222e-22 2.123472e-22 -8.770624e-22 -2.807969e-21 -3.894542e-21 -3.346042e-21 -1.845555e-21 -5.250335e-22 1.027810e-22 2.056713e-22 1.245656e-22 4.830429e-23 1.329461e-23
2.027446e-23 5.699887e-23 8.266804e-23 -3.984104e-23 -4.999006e-22 -1.252737e-21 -1.797132e-21 -1.576040e-21 -8.023790e-22 -5.149818e-22 -1.384076e-21 -2.712289e-21 -3.124377e-21 -2.123062e-21 -5.120516e-22 6.240689e-22 9.109271e-22 6.677565e-22 3.355387e-22 1.233937e-22 3.355475e-23
4.234791e-23 1.450224e-22 3.506241e-22 5.926849e-22 6.611577e-22 3.834658e-22 -9.426670e-23 -3.955907e-22 -4.429652e-22 -6.702347e-22 -1.402644e-21 -2.192147e-21 -2.179046e-21 -1.107864e-21 3.426510e-22 1.277441e-21 1.381247e-21 9.661640e-22 4.890792e-22 1.839650e-22 5.121625e-23
6.130646e-23 2.246637e-22 6.088177e-22 1.242996e-21 1.929955e-21 2.275791e-21 2.000017e-21 1.218509e-21 3.070826e-22 -5.034281e-22 -1.228177e-21 -1.804706e-21 -1.910986e-21 -1.303357e-21 -2.326982e-22 6.839512e-22 1.016003e-21 8.269545e-22 4.627391e-22 1.867704e-22 5.457144e-23
6.570094e-23 2.492443e-22 7.095433e-22 1.543366e-21 2.581790e-21 3.293563e-21 3.096164e-21 1.934595e-21 4.595435e-22 -5.914447e-22 -1.143602e-21 -1.652563e-21 -2.261986e-21 -2.502657e-21 -1.971019e-21 -9.441920e-22 -7.756877e-23 2.788951e-22 2.543621e-22 1.262442e-22 4.110114e-23
5.273854e-23 2.048717e-22 5.995513e-22 1.338830e-21 2.275015e-21 2.866453e-21 2.477555e-21 1.086083e-21 -4.239528e-22 -1.090844e-21 -1.030755e-21 -1.284707e-21 -2.364120e-21 -3.489117e-21 -3.582126e-21 -2.554888e-21 -1.232276e-21 -3.471259e-22 -7.557180e-24 4.136423e-23 1.998661e-23
3.094891e-23 1.225889e-22 3.641564e-22 8.127868e-22 1.330291e-21 1.469528e-21 7.578138e-22 -6.396443e-22 -1.703910e-21 -1.529942e-21 -5.765636e-22 -3.539319e-22 -1.599574e-21 -3.317867e-21 -3.982768e-21 -3.203036e-21 -1.806873e-21 -7.088549e-22 -1.790901e-22 -2.052574e-23 3.212083e-24
1.213736e-23 4.866867e-23 1.432570e-22 2.995940e-22 3.907803e-22 1.091754e-22 -7.813742e-22 -1.935270e-21 -2.365064e-21 -1.402169e-21 2.245094e-22 8.543579e-22 -2.788734e-22 -2.151995e-21 -3.161271e-21 -2.773336e-21 -1.671220e-21 -7.134001e-22 -2.122883e-22 -4.108639e-23 -4.076381e-24
2.081039e-24 7.828433e-24 1.806767e-23 7.038615e-24 -1.271451e-22 -5.630205e-22 -1.356959e-21 -2.113316e-21 -2.042293e-21 -7.554044e-22 9.689526e-22 1.687753e-21 7.894531e-22 -8.494675e-22 -1.884068e-21 -1.822907e-21 -1.146625e-21 -5.050349e-22 -1.567874e-22 -3.322977e-23 -4.410760e-24
-8.414067e-25 -4.393643e-24 -1.921940e-23 -7.305624e-23 -2.325711e-22 -5.849993e-22 -1.106035e-21 -1.479332e-21 -1.190890e-21 -7.131260e-23 1.255026e-21 1.783185e-21 1.136835e-21 -5.054505e-23 -8.586259e-22 -9.484129e-22 -6.174069e-22 -2.739323e-22 -8.495960e-23 -1.807066e-23 -2.482466e-24
-7.620149e-25 -3.895116e-24 -1.582735e-23 -5.358636e-23 -1.513882e-22 -3.444426e-22 -5.973209e-22 -7.206410e-22 -4.452132e-22 2.764629e-22 1.053394e-21 1.322657e-21 9.084708e-22 1.951472e-22 -3.012605e-22 -4.013250e-22 -2.686209e-22 -1.180029e-22 -3.560440e-23 -7.282535e-24 -9.550900e-25
-2.800536e-25 -1.525485e-24 -6.450502e-24 -2.212973e-23 -6.192609e-23 -1.370837e-22 -2.257590e-22 -2.409676e-22 -7.043743e-23 2.879940e-22 6.408985e-22 7.350880e-22 5.104482e-22 1.595165e-22 -8.186359e-23 -1.409059e-22 -9.594072e-23 -4.105433e-23 -1.179400e-23 -2.249520e-24 -2.683096e-25
-5.971557e-26 -3.587575e-25 -1.639652e-24 -5.938242e-24 -1.708535e-23 -3.769312e-23 -5.870106e-23 -4.927016e-23 2.751134e-23 1.660947e-22 2.910902e-22 3.115988e-22 2.136406e-22 7.505393e-23 -1.736440e-23 -4.129824e-23 -2.813592e-23 -1.153874e-23 -3.096397e-24 -5.368879e-25 -5.633186e-26
-7.532008e-27 -5.117207e-26 -2.615594e-25 -1.032951e-24 -3.129754e-24 -6.912917e-24 -9.640776e-24 -2.907670e-24 2.276962e-23 6.427754e-23 9.876517e-23 1.004389e-22 6.749354e-23 2.464427e-23 -2.838106e-24 -9.913670e-24 -6.633016e-24 -2.567246e-24 -6.324442e-25 -9.767667e-26 -8.966330e-27
