x y z |F|^2 Fx Fy Fz 
-0.2538728244 -0.2538728244 -0.7616184732 0.0006708074 -0.0002957945 -0.0005103548 0.0003194154
0.2538728244 -0.2538728244 -0.7616184732 0.0006708074 0.0002957945 -0.0005103548 0.0003194154
-0.2538728244 0.2538728244 -0.7616184732 0.0006708074 -0.0002957945 0.0005103548 0.0003194154
0.2538728244 0.2538728244 -0.7616184732 0.0006708074 0.0002957945 0.0005103548 0.0003194154
-0.2538728244 -0.7616184732 -0.2538728244 0.0017148224 -0.0001567158 -0.0010570101 -0.0013411882
0.2538728244 -0.7616184732 -0.2538728244 0.0017148224 0.0001567158 -0.0010570101 -0.0013411882
-0.7616184732 -0.2538728244 -0.2538728244 0.0019695463 -0.0005848706 -0.0000642141 -0.0018796052
-0.2538728244 -0.2538728244 -0.2538728244 0.0003027851 -0.0000062700 -0.0001091840 -0.0002823443
0.2538728244 -0.2538728244 -0.2538728244 0.0003027851 0.0000062700 -0.0001091840 -0.0002823443
0.7616184732 -0.2538728244 -0.2538728244 0.0019695463 0.0005848706 -0.0000642141 -0.0018796052
-0.7616184732 0.2538728244 -0.2538728244 0.0019695463 -0.0005848706 0.0000642141 -0.0018796052
-0.2538728244 0.2538728244 -0.2538728244 0.0003027851 -0.0000062700 0.0001091840 -0.0002823443
0.2538728244 0.2538728244 -0.2538728244 0.0003027851 0.0000062700 0.0001091840 -0.0002823443
0.7616184732 0.2538728244 -0.2538728244 0.0019695463 0.0005848706 0.0000642141 -0.0018796052
-0.2538728244 0.7616184732 -0.2538728244 0.0017148224 -0.0001567158 0.0010570101 -0.0013411882
0.2538728244 0.7616184732 -0.2538728244 0.0017148224 0.0001567158 0.0010570101 -0.0013411882
-0.2538728244 -0.7616184732 0.2538728244 0.0018808236 -0.0001606509 -0.0010298634 0.0015655894
0.2538728244 -0.7616184732 0.2538728244 0.0018808236 0.0001606509 -0.0010298634 0.0015655894
-0.7616184732 -0.2538728244 0.2538728244 0.0020685791 -0.0007798489 -0.0000202655 0.0019158404
-0.2538728244 -0.2538728244 0.2538728244 0.0003502789 -0.0000382048 -0.0002878470 0.0001959076
0.2538728244 -0.2538728244 0.2538728244 0.0003502789 0.0000382048 -0.0002878470 0.0001959076
0.7616184732 -0.2538728244 0.2538728244 0.0020685791 0.0007798489 -0.0000202655 0.0019158404
-0.7616184732 0.2538728244 0.2538728244 0.0020685791 -0.0007798489 0.0000202655 0.0019158404
-0.2538728244 0.2538728244 0.2538728244 0.0003502789 -0.0000382048 0.0002878470 0.0001959076
0.2538728244 0.2538728244 0.2538728244 0.0003502789 0.0000382048 0.0002878470 0.0001959076
0.7616184732 0.2538728244 0.2538728244 0.0020685791 0.0007798489 0.0000202655 0.0019158404
-0.2538728244 0.7616184732 0.2538728244 0.0018808236 -0.0001606509 0.0010298634 0.0015655894
0.2538728244 0.7616184732 0.2538728244 0.0018808236 0.0001606509 0.0010298634 0.0015655894
-0.2538728244 -0.2538728244 0.7616184732 0.0011108888 -0.0004590013 -0.0006973934 -0.0007328261
0.2538728244 -0.2538728244 0.7616184732 0.0011108888 0.0004590013 -0.0006973934 -0.0007328261
-0.2538728244 0.2538728244 0.7616184732 0.0011108888 -0.0004590013 0.0006973934 -0.0007328261
0.2538728244 0.2538728244 0.7616184732 0.0011108888 0.0004590013 0.0006973934 -0.0007328261
