x y z |E|^2 Ex.r Ex.i Ey.r Ey.i Ez.r Ez.i
-0.2538728244 -0.2538728244 -0.7616184732 0.03292988049 0.06933331897 0.08202046457 -0.1122186167 -0.02087213774 0.07028534013 0.05853820678
0.2538728244 -0.2538728244 -0.7616184732 0.03292988048 -0.06933331895 -0.08202046458 -0.1122186167 -0.02087213775 0.07028534013 0.05853820678
-0.2538728244 0.2538728244 -0.7616184732 0.03292988049 -0.06933331897 -0.08202046457 -0.1122186167 -0.02087213774 -0.07028534013 -0.05853820678
0.2538728244 0.2538728244 -0.7616184732 0.03292988048 0.06933331895 0.08202046458 -0.1122186167 -0.02087213775 -0.07028534013 -0.05853820678
-0.2538728244 -0.7616184732 -0.2538728244 0.09881328791 0.05566049698 0.05489098848 0.298528771 0.04842031475 -0.01794725273 0.03026744965
0.2538728244 -0.7616184732 -0.2538728244 0.09881328791 -0.055660497 -0.05489098848 0.298528771 0.04842031475 -0.01794725275 0.03026744965
-0.7616184732 -0.2538728244 -0.2538728244 0.05597078876 0.002729343823 0.01484692701 0.2308202456 -0.01373980804 0.03326398172 0.03420011163
-0.2538728244 -0.2538728244 -0.2538728244 0.04528520209 0.1121842715 0.07326554476 0.04490900375 -0.1424753565 -0.054397812 -0.04535287736
0.2538728244 -0.2538728244 -0.2538728244 0.04528520209 -0.1121842715 -0.07326554475 0.04490900375 -0.1424753565 -0.05439781199 -0.04535287736
0.7616184732 -0.2538728244 -0.2538728244 0.05597078875 -0.002729343825 -0.01484692701 0.2308202455 -0.01373980803 0.03326398173 0.03420011162
-0.7616184732 0.2538728244 -0.2538728244 0.05597078876 -0.002729343825 -0.01484692701 0.2308202456 -0.01373980804 -0.03326398171 -0.03420011163
-0.2538728244 0.2538728244 -0.2538728244 0.04528520209 -0.1121842715 -0.07326554476 0.04490900375 -0.1424753565 0.05439781199 0.04535287736
0.2538728244 0.2538728244 -0.2538728244 0.04528520209 0.1121842715 0.07326554475 0.04490900375 -0.1424753565 0.054397812 0.04535287736
0.7616184732 0.2538728244 -0.2538728244 0.05597078875 0.002729343823 0.01484692701 0.2308202455 -0.01373980803 -0.03326398173 -0.03420011162
-0.2538728244 0.7616184732 -0.2538728244 0.09881328791 -0.05566049698 -0.05489098848 0.298528771 0.04842031475 0.01794725273 -0.03026744964
0.2538728244 0.7616184732 -0.2538728244 0.09881328791 0.055660497 0.05489098848 0.298528771 0.04842031475 0.01794725275 -0.03026744965
-0.2538728244 -0.7616184732 0.2538728244 0.1128518235 -0.06188575873 -0.0493428297 -0.3187979527 -0.04668857593 -0.05266342618 0.00136650688
0.2538728244 -0.7616184732 0.2538728244 0.1128518235 0.06188575875 0.04934282969 -0.3187979527 -0.04668857593 -0.0526634262 0.001366506885
-0.7616184732 -0.2538728244 0.2538728244 0.07864728107 -0.002453119779 -0.0007495137076 -0.2790026923 0.003811610038 0.02217057028 0.01709200508
-0.2538728244 -0.2538728244 0.2538728244 0.05665785165 -0.1236803353 -0.08425050079 -0.07173552984 0.1303853934 -0.07686325485 -0.07879455845
0.2538728244 -0.2538728244 0.2538728244 0.05665785165 0.1236803353 0.08425050079 -0.07173552984 0.1303853934 -0.07686325485 -0.07879455845
0.7616184732 -0.2538728244 0.2538728244 0.07864728106 0.00245311978 0.0007495137097 -0.2790026923 0.003811610034 0.02217057029 0.01709200507
-0.7616184732 0.2538728244 0.2538728244 0.07864728107 0.00245311978 0.0007495137077 -0.2790026923 0.003811610039 -0.02217057027 -0.01709200508
-0.2538728244 0.2538728244 0.2538728244 0.05665785165 0.1236803353 0.08425050079 -0.07173552984 0.1303853934 0.07686325485 0.07879455845
0.2538728244 0.2538728244 0.2538728244 0.05665785165 -0.1236803353 -0.08425050079 -0.07173552984 0.1303853934 0.07686325485 0.07879455845
0.7616184732 0.2538728244 0.2538728244 0.07864728106 -0.002453119779 -0.0007495137097 -0.2790026923 0.003811610034 -0.0221705703 -0.01709200507
-0.2538728244 0.7616184732 0.2538728244 0.1128518235 0.06188575874 0.0493428297 -0.3187979527 -0.04668857593 0.05266342618 -0.00136650688
0.2538728244 0.7616184732 0.2538728244 0.1128518235 -0.06188575875 -0.04934282969 -0.3187979527 -0.04668857593 0.0526634262 -0.001366506885
-0.2538728244 -0.2538728244 0.7616184732 0.06769929042 -0.0678762924 -0.1152887871 0.1886409063 0.07013656385 0.0621709701 0.07369420784
0.2538728244 -0.2538728244 0.7616184732 0.06769929042 0.06787629238 0.1152887871 0.1886409063 0.07013656386 0.0621709701 0.07369420784
-0.2538728244 0.2538728244 0.7616184732 0.06769929042 0.0678762924 0.1152887871 0.1886409063 0.07013656385 -0.0621709701 -0.07369420784
0.2538728244 0.2538728244 0.7616184732 0.06769929042 -0.06787629238 -0.1152887871 0.1886409063 0.07013656386 -0.0621709701 -0.07369420784
