-2.500000e+00 -2.500000e+00 0.000000e+00 2.011875e-20 1.903901e-20 0.000000e+00
-2.500000e+00 -2.250000e+00 0.000000e+00 1.110934e-19 9.381886e-20 0.000000e+00
-2.500000e+00 -2.000000e+00 0.000000e+00 4.713005e-19 3.500835e-19 0.000000e+00
-2.500000e+00 -1.750000e+00 0.000000e+00 1.583427e-18 1.017141e-18 0.000000e+00
-2.500000e+00 -1.500000e+00 0.000000e+00 4.333167e-18 2.357678e-18 0.000000e+00
-2.500000e+00 -1.250000e+00 0.000000e+00 9.891604e-18 4.437632e-18 0.000000e+00
-2.500000e+00 -1.000000e+00 0.000000e+00 1.918470e-17 6.834852e-18 0.000000e+00
-2.500000e+00 -7.500000e-01 0.000000e+00 3.201315e-17 8.549049e-18 0.000000e+00
-2.500000e+00 -5.000000e-01 0.000000e+00 4.630395e-17 8.366497e-18 0.000000e+00
-2.500000e+00 -2.500000e-01 0.000000e+00 5.826087e-17 5.623551e-18 0.000000e+00
-2.500000e+00 0.000000e+00 0.000000e+00 6.384223e-17 8.667384e-19 0.000000e+00
-2.500000e+00 2.500000e-01 0.000000e+00 6.093214e-17 -4.221958e-18 0.000000e+00
-2.500000e+00 5.000000e-01 0.000000e+00 5.063840e-17 -7.756530e-18 0.000000e+00
-2.500000e+00 7.500000e-01 0.000000e+00 3.661199e-17 -8.751242e-18 0.000000e+00
-2.500000e+00 1.000000e+00 0.000000e+00 2.296563e-17 -7.522811e-18 0.000000e+00
-2.500000e+00 1.250000e+00 0.000000e+00 1.241971e-17 -5.207197e-18 0.000000e+00
-2.500000e+00 1.500000e+00 0.000000e+00 5.725301e-18 -2.944536e-18 0.000000e+00
-2.500000e+00 1.750000e+00 0.000000e+00 2.211355e-18 -1.354362e-18 0.000000e+00
-2.500000e+00 2.000000e+00 0.000000e+00 6.993775e-19 -4.987512e-19 0.000000e+00
-2.500000e+00 2.250000e+00 0.000000e+00 1.761553e-19 -1.436468e-19 0.000000e+00
-2.500000e+00 2.500000e+00 0.000000e+00 3.426915e-20 -3.147219e-20 0.000000e+00
-2.250000e+00 -2.500000e+00 0.000000e+00 1.091556e-19 1.145948e-19 0.000000e+00
-2.250000e+00 -2.250000e+00 0.000000e+00 5.471027e-19 5.127127e-19 0.000000e+00
-2.250000e+00 -2.000000e+00 0.000000e+00 2.136118e-18 1.760996e-18 0.000000e+00
-2.250000e+00 -1.750000e+00 0.000000e+00 6.724071e-18 4.794099e-18 0.000000e+00
-2.250000e+00 -1.500000e+00 0.000000e+00 1.758270e-17 1.062145e-17 0.000000e+00
-2.250000e+00 -1.250000e+00 0.000000e+00 3.909032e-17 1.948673e-17 0.000000e+00
-2.250000e+00 -1.000000e+00 0.000000e+00 7.503072e-17 2.974569e-17 0.000000e+00
-2.250000e+00 -7.500000e-01 0.000000e+00 1.253224e-16 3.731097e-17 0.000000e+00
-2.250000e+00 -5.000000e-01 0.000000e+00 1.825247e-16 3.684240e-17 0.000000e+00
-2.250000e+00 -2.500000e-01 0.000000e+00 2.313908e-16 2.500255e-17 0.000000e+00
-2.250000e+00 0.000000e+00 0.000000e+00 2.545528e-16 3.903765e-18 0.000000e+00
-2.250000e+00 2.500000e-01 0.000000e+00 2.425511e-16 -1.876012e-17 0.000000e+00
-2.250000e+00 5.000000e-01 0.000000e+00 2.003089e-16 -3.424284e-17 0.000000e+00
-2.250000e+00 7.500000e-01 0.000000e+00 1.437596e-16 -3.829011e-17 0.000000e+00
-2.250000e+00 1.000000e+00 0.000000e+00 8.988512e-17 -3.275003e-17 0.000000e+00
-2.250000e+00 1.250000e+00 0.000000e+00 4.892663e-17 -2.278479e-17 0.000000e+00
-2.250000e+00 1.500000e+00 0.000000e+00 2.304154e-17 -1.315279e-17 0.000000e+00
-2.250000e+00 1.750000e+00 0.000000e+00 9.263865e-18 -6.296784e-18 0.000000e+00
-2.250000e+00 2.000000e+00 0.000000e+00 3.112441e-18 -2.463893e-18 0.000000e+00
-2.250000e+00 2.250000e+00 0.000000e+00 8.489605e-19 -7.686833e-19 0.000000e+00
-2.250000e+00 2.500000e+00 0.000000e+00 1.816366e-19 -1.852667e-19 0.000000e+00
-2.000000e+00 -2.500000e+00 0.000000e+00 4.456893e-19 5.257687e-19 0.000000e+00
-2.000000e+00 -2.250000e+00 0.000000e+00 2.057009e-18 2.166640e-18 0.000000e+00
-2.000000e+00 -2.000000e+00 0.000000e+00 7.541110e-18 6.987584e-18 0.000000e+00
-2.000000e+00 -1.750000e+00 0.000000e+00 2.278992e-17 1.826685e-17 0.000000e+00
-2.000000e+00 -1.500000e+00 0.000000e+00 5.848933e-17 3.975648e-17 0.000000e+00
-2.000000e+00 -1.250000e+00 0.000000e+00 1.301451e-16 7.313494e-17 0.000000e+00
-2.000000e+00 -1.000000e+00 0.000000e+00 2.539500e-16 1.137956e-16 0.000000e+00
-2.000000e+00 -7.500000e-01 0.000000e+00 4.353334e-16 1.469280e-16 0.000000e+00
-2.000000e+00 -5.000000e-01 0.000000e+00 6.515761e-16 1.494728e-16 0.000000e+00
-2.000000e+00 -2.500000e-01 0.000000e+00 8.434565e-16 1.037817e-16 0.000000e+00
-2.000000e+00 0.000000e+00 0.000000e+00 9.365799e-16 1.645837e-17 0.000000e+00
-2.000000e+00 2.500000e-01 0.000000e+00 8.884973e-16 -7.812375e-17 0.000000e+00
-2.000000e+00 5.000000e-01 0.000000e+00 7.212222e-16 -1.401048e-16 0.000000e+00
-2.000000e+00 7.500000e-01 0.000000e+00 5.043754e-16 -1.523631e-16 0.000000e+00
-2.000000e+00 1.000000e+00 0.000000e+00 3.068098e-16 -1.264457e-16 0.000000e+00
-2.000000e+00 1.250000e+00 0.000000e+00 1.636006e-16 -8.595723e-17 0.000000e+00
-2.000000e+00 1.500000e+00 0.000000e+00 7.654496e-17 -4.921152e-17 0.000000e+00
-2.000000e+00 1.750000e+00 0.000000e+00 3.115817e-17 -2.383317e-17 0.000000e+00
-2.000000e+00 2.000000e+00 0.000000e+00 1.083548e-17 -9.652150e-18 0.000000e+00
-2.000000e+00 2.250000e+00 0.000000e+00 3.130409e-18 -3.190832e-18 0.000000e+00
-2.000000e+00 2.500000e+00 0.000000e+00 7.243139e-19 -8.321966e-19 0.000000e+00
-1.750000e+00 -2.500000e+00 0.000000e+00 1.409978e-18 1.898047e-18 0.000000e+00
-1.750000e+00 -2.250000e+00 0.000000e+00 6.108486e-18 7.342922e-18 0.000000e+00
-1.750000e+00 -2.000000e+00 0.000000e+00 2.152469e-17 2.276157e-17 0.000000e+00
-1.750000e+00 -1.750000e+00 0.000000e+00 6.408486e-17 5.864529e-17 0.000000e+00
-1.750000e+00 -1.500000e+00 0.000000e+00 1.658774e-16 1.289091e-16 0.000000e+00
-1.750000e+00 -1.250000e+00 0.000000e+00 3.803056e-16 2.449831e-16 0.000000e+00
-1.750000e+00 -1.000000e+00 0.000000e+00 7.761608e-16 3.998825e-16 0.000000e+00
-1.750000e+00 -7.500000e-01 0.000000e+00 1.397021e-15 5.433229e-16 0.000000e+00
-1.750000e+00 -5.000000e-01 0.000000e+00 2.182658e-15 5.777780e-16 0.000000e+00
-1.750000e+00 -2.500000e-01 0.000000e+00 2.912546e-15 4.139068e-16 0.000000e+00
-1.750000e+00 0.000000e+00 0.000000e+00 3.276749e-15 6.673413e-17 0.000000e+00
-1.750000e+00 2.500000e-01 0.000000e+00 3.088685e-15 -3.134044e-16 0.000000e+00
-1.750000e+00 5.000000e-01 0.000000e+00 2.445464e-15 -5.482952e-16 0.000000e+00
-1.750000e+00 7.500000e-01 0.000000e+00 1.643848e-15 -5.726967e-16 0.000000e+00
-1.750000e+00 1.000000e+00 0.000000e+00 9.528595e-16 -4.521820e-16 0.000000e+00
-1.750000e+00 1.250000e+00 0.000000e+00 4.842552e-16 -2.922368e-16 0.000000e+00
-1.750000e+00 1.500000e+00 0.000000e+00 2.185136e-16 -1.609225e-16 0.000000e+00
-1.750000e+00 1.750000e+00 0.000000e+00 8.756282e-17 -7.659387e-17 0.000000e+00
-1.750000e+00 2.000000e+00 0.000000e+00 3.068613e-17 -3.124826e-17 0.000000e+00
-1.750000e+00 2.250000e+00 0.000000e+00 9.154623e-18 -1.067506e-17 0.000000e+00
-1.750000e+00 2.500000e+00 0.000000e+00 2.240623e-18 -2.949132e-18 0.000000e+00
-1.500000e+00 -2.500000e+00 0.000000e+00 3.546179e-18 5.552967e-18 0.000000e+00
-1.500000e+00 -2.250000e+00 0.000000e+00 1.471910e-17 2.058330e-17 0.000000e+00
-1.500000e+00 -2.000000e+00 0.000000e+00 5.097281e-17 6.271163e-17 0.000000e+00
-1.500000e+00 -1.750000e+00 0.000000e+00 1.531051e-16 1.631201e-16 0.000000e+00
-1.500000e+00 -1.500000e+00 0.000000e+00 4.107097e-16 3.722333e-16 0.000000e+00
-1.500000e+00 -1.250000e+00 0.000000e+00 9.964693e-16 7.501594e-16 0.000000e+00
-1.500000e+00 -1.000000e+00 0.000000e+00 2.168365e-15 1.307775e-15 0.000000e+00
-1.500000e+00 -7.500000e-01 0.000000e+00 4.156882e-15 1.895791e-15 0.000000e+00
-1.500000e+00 -5.000000e-01 0.000000e+00 6.866245e-15 2.134304e-15 0.000000e+00
-1.500000e+00 -2.500000e-01 0.000000e+00 9.531116e-15 1.591034e-15 0.000000e+00
-1.500000e+00 0.000000e+00 0.000000e+00 1.090264e-14 2.610424e-16 0.000000e+00
-1.500000e+00 2.500000e-01 0.000000e+00 1.019013e-14 -1.214232e-15 0.000000e+00
-1.500000e+00 5.000000e-01 0.000000e+00 7.810347e-15 -2.057210e-15 0.000000e+00
-1.500000e+00 7.500000e-01 0.000000e+00 4.986988e-15 -2.039700e-15 0.000000e+00
-1.500000e+00 1.000000e+00 0.000000e+00 2.717331e-15 -1.511816e-15 0.000000e+00
-1.500000e+00 1.250000e+00 0.000000e+00 1.294099e-15 -9.143144e-16 0.000000e+00
-1.500000e+00 1.500000e+00 0.000000e+00 5.494605e-16 -4.728358e-16 0.000000e+00
-1.500000e+00 1.750000e+00 0.000000e+00 2.107388e-16 -2.149838e-16 0.000000e+00
-1.500000e+00 2.000000e+00 0.000000e+00 7.254653e-17 -8.612824e-17 0.000000e+00
-1.500000e+00 2.250000e+00 0.000000e+00 2.181874e-17 -2.970178e-17 0.000000e+00
-1.500000e+00 2.500000e+00 0.000000e+00 5.519852e-18 -8.501075e-18 0.000000e+00
-1.250000e+00 -2.500000e+00 0.000000e+00 7.222390e-18 1.348968e-17 0.000000e+00
-1.250000e+00 -2.250000e+00 0.000000e+00 2.925513e-17 4.879881e-17 0.000000e+00
-1.250000e+00 -2.000000e+00 0.000000e+00 1.014125e-16 1.488708e-16 0.000000e+00
-1.250000e+00 -1.750000e+00 0.000000e+00 3.138201e-16 3.993608e-16 0.000000e+00
-1.250000e+00 -1.500000e+00 0.000000e+00 8.909829e-16 9.659235e-16 0.000000e+00
-1.250000e+00 -1.250000e+00 0.000000e+00 2.318578e-15 2.090442e-15 0.000000e+00
-1.250000e+00 -1.000000e+00 0.000000e+00 5.445551e-15 3.940035e-15 0.000000e+00
-1.250000e+00 -7.500000e-01 0.000000e+00 1.125536e-14 6.163953e-15 0.000000e+00
-1.250000e+00 -5.000000e-01 0.000000e+00 1.970168e-14 7.343888e-15 0.000000e+00
-1.250000e+00 -2.500000e-01 0.000000e+00 2.826951e-14 5.645049e-15 0.000000e+00
-1.250000e+00 0.000000e+00 0.000000e+00 3.271918e-14 9.334782e-16 0.000000e+00
-1.250000e+00 2.500000e-01 0.000000e+00 3.039845e-14 -4.335148e-15 0.000000e+00
-1.250000e+00 5.000000e-01 0.000000e+00 2.271035e-14 -7.172384e-15 0.000000e+00
-1.250000e+00 7.500000e-01 0.000000e+00 1.379523e-14 -6.778213e-15 0.000000e+00
-1.250000e+00 1.000000e+00 0.000000e+00 7.000114e-15 -4.677347e-15 0.000000e+00
-1.250000e+00 1.250000e+00 0.000000e+00 3.084460e-15 -2.613045e-15 0.000000e+00
-1.250000e+00 1.500000e+00 0.000000e+00 1.217014e-15 -1.254742e-15 0.000000e+00
-1.250000e+00 1.750000e+00 0.000000e+00 4.378360e-16 -5.349367e-16 0.000000e+00
-1.250000e+00 2.000000e+00 0.000000e+00 1.446097e-16 -2.057028e-16 0.000000e+00
-1.250000e+00 2.250000e+00 0.000000e+00 4.294608e-17 -7.019504e-17 0.000000e+00
-1.250000e+00 2.500000e+00 0.000000e+00 1.100851e-17 -2.041647e-17 0.000000e+00
-1.000000e+00 -2.500000e+00 0.000000e+00 1.199820e-17 2.769243e-17 0.000000e+00
-1.000000e+00 -2.250000e+00 0.000000e+00 4.813504e-17 9.918997e-17 0.000000e+00
-1.000000e+00 -2.000000e+00 0.000000e+00 1.694461e-16 3.073724e-16 0.000000e+00
-1.000000e+00 -1.750000e+00 0.000000e+00 5.480106e-16 8.627177e-16 0.000000e+00
-1.000000e+00 -1.500000e+00 0.000000e+00 1.657645e-15 2.226107e-15 0.000000e+00
-1.000000e+00 -1.250000e+00 0.000000e+00 4.651642e-15 5.205345e-15 0.000000e+00
-1.000000e+00 -1.000000e+00 0.000000e+00 1.184281e-14 1.064423e-14 0.000000e+00
-1.000000e+00 -7.500000e-01 0.000000e+00 2.591885e-14 1.758562e-14 0.000000e+00
-1.000000e+00 -5.000000e-01 0.000000e+00 4.632781e-14 2.131146e-14 0.000000e+00
-1.000000e+00 -2.500000e-01 0.000000e+00 6.645077e-14 1.633858e-14 0.000000e+00
-1.000000e+00 0.000000e+00 0.000000e+00 7.665233e-14 2.683094e-15 0.000000e+00
-1.000000e+00 2.500000e-01 0.000000e+00 7.133344e-14 -1.253934e-14 0.000000e+00
-1.000000e+00 5.000000e-01 0.000000e+00 5.343061e-14 -2.082573e-14 0.000000e+00
-1.000000e+00 7.500000e-01 0.000000e+00 3.207130e-14 -1.952213e-14 0.000000e+00
-1.000000e+00 1.000000e+00 0.000000e+00 1.555366e-14 -1.292837e-14 0.000000e+00
-1.000000e+00 1.250000e+00 0.000000e+00 6.343463e-15 -6.693395e-15 0.000000e+00
-1.000000e+00 1.500000e+00 0.000000e+00 2.306218e-15 -2.961111e-15 0.000000e+00
-1.000000e+00 1.750000e+00 0.000000e+00 7.725386e-16 -1.176922e-15 0.000000e+00
-1.000000e+00 2.000000e+00 0.000000e+00 2.412529e-16 -4.286500e-16 0.000000e+00
-1.000000e+00 2.250000e+00 0.000000e+00 6.964114e-17 -1.425049e-16 0.000000e+00
-1.000000e+00 2.500000e+00 0.000000e+00 1.782826e-17 -4.150800e-17 0.000000e+00
-7.500000e-01 -2.500000e+00 0.000000e+00 1.610247e-17 4.856137e-17 0.000000e+00
-7.500000e-01 -2.250000e+00 0.000000e+00 6.468832e-17 1.739760e-16 0.000000e+00
-7.500000e-01 -2.000000e+00 0.000000e+00 2.335023e-16 5.525363e-16 0.000000e+00
-7.500000e-01 -1.750000e+00 0.000000e+00 7.920454e-16 1.627122e-15 0.000000e+00
-7.500000e-01 -1.500000e+00 0.000000e+00 2.546140e-15 4.467838e-15 0.000000e+00
-7.500000e-01 -1.250000e+00 0.000000e+00 7.686218e-15 1.125902e-14 0.000000e+00
-7.500000e-01 -1.000000e+00 0.000000e+00 2.065035e-14 2.427421e-14 0.000000e+00
-7.500000e-01 -7.500000e-01 0.000000e+00 4.537348e-14 4.016648e-14 0.000000e+00
-7.500000e-01 -5.000000e-01 0.000000e+00 7.869221e-14 4.722878e-14 0.000000e+00
-7.500000e-01 -2.500000e-01 0.000000e+00 1.091136e-13 3.508209e-14 0.000000e+00
-7.500000e-01 0.000000e+00 0.000000e+00 1.237145e-13 5.650333e-15 0.000000e+00
-7.500000e-01 2.500000e-01 0.000000e+00 1.159487e-13 -2.677648e-14 0.000000e+00
-7.500000e-01 5.000000e-01 0.000000e+00 8.924207e-14 -4.565650e-14 0.000000e+00
-7.500000e-01 7.500000e-01 0.000000e+00 5.525006e-14 -4.422964e-14 0.000000e+00
-7.500000e-01 1.000000e+00 0.000000e+00 2.697096e-14 -2.964726e-14 0.000000e+00
-7.500000e-01 1.250000e+00 0.000000e+00 1.054155e-14 -1.478794e-14 0.000000e+00
-7.500000e-01 1.500000e+00 0.000000e+00 3.551536e-15 -6.072356e-15 0.000000e+00
-7.500000e-01 1.750000e+00 0.000000e+00 1.108757e-15 -2.251415e-15 0.000000e+00
-7.500000e-01 2.000000e+00 0.000000e+00 3.272888e-16 -7.762469e-16 0.000000e+00
-7.500000e-01 2.250000e+00 0.000000e+00 9.122942e-17 -2.494304e-16 0.000000e+00
-7.500000e-01 2.500000e+00 0.000000e+00 2.314484e-17 -7.207952e-17 0.000000e+00
-5.000000e-01 -2.500000e+00 0.000000e+00 1.676865e-17 7.312045e-17 0.000000e+00
-5.000000e-01 -2.250000e+00 0.000000e+00 6.791623e-17 2.635106e-16 0.000000e+00
-5.000000e-01 -2.000000e+00 0.000000e+00 2.522033e-16 8.591728e-16 0.000000e+00
-5.000000e-01 -1.750000e+00 0.000000e+00 8.932380e-16 2.637679e-15 0.000000e+00
-5.000000e-01 -1.500000e+00 0.000000e+00 3.032381e-15 7.646048e-15 0.000000e+00
-5.000000e-01 -1.250000e+00 0.000000e+00 9.657152e-15 2.033853e-14 0.000000e+00
-5.000000e-01 -1.000000e+00 0.000000e+00 2.617546e-14 4.424658e-14 0.000000e+00
-5.000000e-01 -7.500000e-01 0.000000e+00 5.519764e-14 7.042011e-14 0.000000e+00
-5.000000e-01 -5.000000e-01 0.000000e+00 9.006577e-14 7.835568e-14 0.000000e+00
-5.000000e-01 -2.500000e-01 0.000000e+00 1.183828e-13 5.555815e-14 0.000000e+00
-5.000000e-01 0.000000e+00 0.000000e+00 1.306448e-13 8.620250e-15 0.000000e+00
-5.000000e-01 2.500000e-01 0.000000e+00 1.234406e-13 -4.224627e-14 0.000000e+00
-5.000000e-01 5.000000e-01 0.000000e+00 9.871591e-14 -7.464780e-14 0.000000e+00
-5.000000e-01 7.500000e-01 0.000000e+00 6.437111e-14 -7.615952e-14 0.000000e+00
-5.000000e-01 1.000000e+00 0.000000e+00 3.273627e-14 -5.340268e-14 0.000000e+00
-5.000000e-01 1.250000e+00 0.000000e+00 1.279248e-14 -2.680491e-14 0.000000e+00
-5.000000e-01 1.500000e+00 0.000000e+00 4.103549e-15 -1.051121e-14 0.000000e+00
-5.000000e-01 1.750000e+00 0.000000e+00 1.207982e-15 -3.670799e-15 0.000000e+00
-5.000000e-01 2.000000e+00 0.000000e+00 3.408856e-16 -1.208283e-15 0.000000e+00
-5.000000e-01 2.250000e+00 0.000000e+00 9.217465e-17 -3.759392e-16 0.000000e+00
-5.000000e-01 2.500000e+00 0.000000e+00 2.314818e-17 -1.073882e-16 0.000000e+00
-2.500000e-01 -2.500000e+00 0.000000e+00 1.189712e-17 9.466122e-17 0.000000e+00
-2.500000e-01 -2.250000e+00 0.000000e+00 4.865928e-17 3.435065e-16 0.000000e+00
-2.500000e-01 -2.000000e+00 0.000000e+00 1.851501e-16 1.143542e-15 0.000000e+00
-2.500000e-01 -1.750000e+00 0.000000e+00 6.783792e-16 3.617645e-15 0.000000e+00
-2.500000e-01 -1.500000e+00 0.000000e+00 2.399774e-15 1.089999e-14 0.000000e+00
-2.500000e-01 -1.250000e+00 0.000000e+00 7.838387e-15 2.976084e-14 0.000000e+00
-2.500000e-01 -1.000000e+00 0.000000e+00 2.083940e-14 6.370361e-14 0.000000e+00
-2.500000e-01 -7.500000e-01 0.000000e+00 4.169467e-14 9.673311e-14 0.000000e+00
-2.500000e-01 -5.000000e-01 0.000000e+00 6.382681e-14 1.018553e-13 0.000000e+00
-2.500000e-01 -2.500000e-01 0.000000e+00 7.924166e-14 6.885151e-14 0.000000e+00
-2.500000e-01 0.000000e+00 0.000000e+00 8.476785e-14 1.010201e-14 0.000000e+00
-2.500000e-01 2.500000e-01 0.000000e+00 8.060329e-14 -5.247339e-14 0.000000e+00
-2.500000e-01 5.000000e-01 0.000000e+00 6.695213e-14 -9.585394e-14 0.000000e+00
-2.500000e-01 7.500000e-01 0.000000e+00 4.594866e-14 -1.027328e-13 0.000000e+00
-2.500000e-01 1.000000e+00 0.000000e+00 2.444288e-14 -7.549731e-14 0.000000e+00
-2.500000e-01 1.250000e+00 0.000000e+00 9.730430e-15 -3.881005e-14 0.000000e+00
-2.500000e-01 1.500000e+00 0.000000e+00 3.056776e-15 -1.495388e-14 0.000000e+00
-2.500000e-01 1.750000e+00 0.000000e+00 8.667844e-16 -5.018646e-15 0.000000e+00
-2.500000e-01 2.000000e+00 0.000000e+00 2.377427e-16 -1.599839e-15 0.000000e+00
-2.500000e-01 2.250000e+00 0.000000e+00 6.302379e-17 -4.864840e-16 0.000000e+00
-2.500000e-01 2.500000e+00 0.000000e+00 1.570314e-17 -1.375930e-16 0.000000e+00
0.000000e+00 -2.500000e+00 0.000000e+00 2.177920e-18 1.052916e-16 0.000000e+00
0.000000e+00 -2.250000e+00 0.000000e+00 8.968443e-18 3.834996e-16 0.000000e+00
0.000000e+00 -2.000000e+00 0.000000e+00 3.469062e-17 1.289191e-15 0.000000e+00
0.000000e+00 -1.750000e+00 0.000000e+00 1.301919e-16 4.135168e-15 0.000000e+00
0.000000e+00 -1.500000e+00 0.000000e+00 4.715011e-16 1.267112e-14 0.000000e+00
0.000000e+00 -1.250000e+00 0.000000e+00 1.534272e-15 3.483428e-14 0.000000e+00
0.000000e+00 -1.000000e+00 0.000000e+00 3.954446e-15 7.358638e-14 0.000000e+00
0.000000e+00 -7.500000e-01 0.000000e+00 7.605225e-15 1.089290e-13 0.000000e+00
0.000000e+00 -5.000000e-01 0.000000e+00 1.118890e-14 1.113729e-13 0.000000e+00
0.000000e+00 -2.500000e-01 0.000000e+00 1.342798e-14 7.328339e-14 0.000000e+00
0.000000e+00 0.000000e+00 0.000000e+00 1.411158e-14 1.032091e-14 0.000000e+00
0.000000e+00 2.500000e-01 0.000000e+00 1.347182e-14 -5.608957e-14 0.000000e+00
0.000000e+00 5.000000e-01 0.000000e+00 1.140783e-14 -1.042229e-13 0.000000e+00
0.000000e+00 7.500000e-01 0.000000e+00 8.006494e-15 -1.145682e-13 0.000000e+00
0.000000e+00 1.000000e+00 0.000000e+00 4.327987e-15 -8.621602e-14 0.000000e+00
0.000000e+00 1.250000e+00 0.000000e+00 1.725096e-15 -4.495623e-14 0.000000e+00
0.000000e+00 1.500000e+00 0.000000e+00 5.329803e-16 -1.725634e-14 0.000000e+00
0.000000e+00 1.750000e+00 0.000000e+00 1.473561e-16 -5.698732e-15 0.000000e+00
0.000000e+00 2.000000e+00 0.000000e+00 3.927911e-17 -1.791774e-15 0.000000e+00
0.000000e+00 2.250000e+00 0.000000e+00 1.011474e-17 -5.394923e-16 0.000000e+00
0.000000e+00 2.500000e+00 0.000000e+00 2.458848e-18 -1.518644e-16 0.000000e+00
2.500000e-01 -2.500000e+00 0.000000e+00 -8.522056e-18 1.005291e-16 0.000000e+00
2.500000e-01 -2.250000e+00 0.000000e+00 -3.496700e-17 3.654988e-16 0.000000e+00
2.500000e-01 -2.000000e+00 0.000000e+00 -1.339090e-16 1.223459e-15 0.000000e+00
2.500000e-01 -1.750000e+00 0.000000e+00 -4.947109e-16 3.902036e-15 0.000000e+00
2.500000e-01 -1.500000e+00 0.000000e+00 -1.767004e-15 1.187071e-14 0.000000e+00
2.500000e-01 -1.250000e+00 0.000000e+00 -5.812052e-15 3.251043e-14 0.000000e+00
2.500000e-01 -1.000000e+00 0.000000e+00 -1.540140e-14 6.904694e-14 0.000000e+00
2.500000e-01 -7.500000e-01 0.000000e+00 -3.043319e-14 1.033974e-13 0.000000e+00
2.500000e-01 -5.000000e-01 0.000000e+00 -4.580284e-14 1.071849e-13 0.000000e+00
2.500000e-01 -2.500000e-01 0.000000e+00 -5.590815e-14 7.143742e-14 0.000000e+00
2.500000e-01 0.000000e+00 0.000000e+00 -5.917804e-14 1.025266e-14 0.000000e+00
2.500000e-01 2.500000e-01 0.000000e+00 -5.630776e-14 -5.459413e-14 0.000000e+00
2.500000e-01 5.000000e-01 0.000000e+00 -4.729138e-14 -1.006079e-13 0.000000e+00
2.500000e-01 7.500000e-01 0.000000e+00 -3.296898e-14 -1.092077e-13 0.000000e+00
2.500000e-01 1.000000e+00 0.000000e+00 -1.780434e-14 -8.119172e-14 0.000000e+00
2.500000e-01 1.250000e+00 0.000000e+00 -7.163133e-15 -4.199542e-14 0.000000e+00
2.500000e-01 1.500000e+00 0.000000e+00 -2.255080e-15 -1.612421e-14 0.000000e+00
2.500000e-01 1.750000e+00 0.000000e+00 -6.381828e-16 -5.361026e-15 0.000000e+00
2.500000e-01 2.000000e+00 0.000000e+00 -1.754273e-16 -1.695482e-15 0.000000e+00
2.500000e-01 2.250000e+00 0.000000e+00 -4.672404e-17 -5.126171e-16 0.000000e+00
2.500000e-01 2.500000e+00 0.000000e+00 -1.171756e-17 -1.445490e-16 0.000000e+00
5.000000e-01 -2.500000e+00 0.000000e+00 -1.561833e-17 8.237508e-17 0.000000e+00
5.000000e-01 -2.250000e+00 0.000000e+00 -6.355439e-17 2.975890e-16 0.000000e+00
5.000000e-01 -2.000000e+00 0.000000e+00 -2.387924e-16 9.790075e-16 0.000000e+00
5.000000e-01 -1.750000e+00 0.000000e+00 -8.598783e-16 3.046761e-15 0.000000e+00
5.000000e-01 -1.500000e+00 0.000000e+00 -2.976613e-15 8.988264e-15 0.000000e+00
5.000000e-01 -1.250000e+00 0.000000e+00 -9.595240e-15 2.418079e-14 0.000000e+00
5.000000e-01 -1.000000e+00 0.000000e+00 -2.581301e-14 5.225572e-14 0.000000e+00
5.000000e-01 -7.500000e-01 0.000000e+00 -5.325146e-14 8.157018e-14 0.000000e+00
5.000000e-01 -5.000000e-01 0.000000e+00 -8.465184e-14 8.874226e-14 0.000000e+00
5.000000e-01 -2.500000e-01 0.000000e+00 -1.087963e-13 6.173155e-14 0.000000e+00
5.000000e-01 0.000000e+00 0.000000e+00 -1.186404e-13 9.378984e-15 0.000000e+00
5.000000e-01 2.500000e-01 0.000000e+00 -1.123654e-13 -4.698420e-14 0.000000e+00
5.000000e-01 5.000000e-01 0.000000e+00 -9.116168e-14 -8.415887e-14 0.000000e+00
5.000000e-01 7.500000e-01 0.000000e+00 -6.062208e-14 -8.754452e-14 0.000000e+00
5.000000e-01 1.000000e+00 0.000000e+00 -3.136729e-14 -6.247510e-14 0.000000e+00
5.000000e-01 1.250000e+00 0.000000e+00 -1.233575e-14 -3.155590e-14 0.000000e+00
5.000000e-01 1.500000e+00 0.000000e+00 -3.920133e-15 -1.223011e-14 0.000000e+00
5.000000e-01 1.750000e+00 0.000000e+00 -1.137504e-15 -4.189585e-15 0.000000e+00
5.000000e-01 2.000000e+00 0.000000e+00 -3.179439e-16 -1.357819e-15 0.000000e+00
5.000000e-01 2.250000e+00 0.000000e+00 -8.549653e-17 -4.177771e-16 0.000000e+00
5.000000e-01 2.500000e+00 0.000000e+00 -2.145726e-17 -1.186806e-16 0.000000e+00
7.500000e-01 -2.500000e+00 0.000000e+00 -1.699666e-17 5.795190e-17 0.000000e+00
7.500000e-01 -2.250000e+00 0.000000e+00 -6.846527e-17 2.078361e-16 0.000000e+00
7.500000e-01 -2.000000e+00 0.000000e+00 -2.499808e-16 6.664109e-16 0.000000e+00
7.500000e-01 -1.750000e+00 0.000000e+00 -8.634930e-16 1.994728e-15 0.000000e+00
7.500000e-01 -1.500000e+00 0.000000e+00 -2.840035e-15 5.598133e-15 0.000000e+00
7.500000e-01 -1.250000e+00 0.000000e+00 -8.768494e-15 1.443058e-14 0.000000e+00
7.500000e-01 -1.000000e+00 0.000000e+00 -2.368845e-14 3.131830e-14 0.000000e+00
7.500000e-01 -7.500000e-01 0.000000e+00 -5.132394e-14 5.118154e-14 0.000000e+00
7.500000e-01 -5.000000e-01 0.000000e+00 -8.709432e-14 5.898583e-14 0.000000e+00
7.500000e-01 -2.500000e-01 0.000000e+00 -1.185290e-13 4.306063e-14 0.000000e+00
7.500000e-01 0.000000e+00 0.000000e+00 -1.331969e-13 6.851802e-15 0.000000e+00
7.500000e-01 2.500000e-01 0.000000e+00 -1.252616e-13 -3.280097e-14 0.000000e+00
7.500000e-01 5.000000e-01 0.000000e+00 -9.773029e-14 -5.671895e-14 0.000000e+00
7.500000e-01 7.500000e-01 0.000000e+00 -6.157385e-14 -5.602258e-14 0.000000e+00
7.500000e-01 1.000000e+00 0.000000e+00 -3.040588e-14 -3.810766e-14 0.000000e+00
7.500000e-01 1.250000e+00 0.000000e+00 -1.181119e-14 -1.893890e-14 0.000000e+00
7.500000e-01 1.500000e+00 0.000000e+00 -3.885634e-15 -7.590938e-15 0.000000e+00
7.500000e-01 1.750000e+00 0.000000e+00 -1.183520e-15 -2.739402e-15 0.000000e+00
7.500000e-01 2.000000e+00 0.000000e+00 -3.429642e-16 -9.244381e-16 0.000000e+00
7.500000e-01 2.250000e+00 0.000000e+00 -9.448250e-17 -2.926265e-16 0.000000e+00
7.500000e-01 2.500000e+00 0.000000e+00 -2.387776e-17 -8.398207e-17 0.000000e+00
1.000000e+00 -2.500000e+00 0.000000e+00 -1.386081e-17 3.498534e-17 0.000000e+00
1.000000e+00 -2.250000e+00 0.000000e+00 -5.551325e-17 1.250571e-16 0.000000e+00
1.000000e+00 -2.000000e+00 0.000000e+00 -1.969067e-16 3.903918e-16 0.000000e+00
1.000000e+00 -1.750000e+00 0.000000e+00 -6.475868e-16 1.114365e-15 0.000000e+00
1.000000e+00 -1.500000e+00 0.000000e+00 -2.003489e-15 2.942535e-15 0.000000e+00
1.000000e+00 -1.250000e+00 0.000000e+00 -5.782535e-15 7.082325e-15 0.000000e+00
1.000000e+00 -1.000000e+00 0.000000e+00 -1.508111e-14 1.483634e-14 0.000000e+00
1.000000e+00 -7.500000e-01 0.000000e+00 -3.324426e-14 2.465680e-14 0.000000e+00
1.000000e+00 -5.000000e-01 0.000000e+00 -5.902815e-14 2.962830e-14 0.000000e+00
1.000000e+00 -2.500000e-01 0.000000e+00 -8.385030e-14 2.245527e-14 0.000000e+00
1.000000e+00 0.000000e+00 0.000000e+00 -9.625730e-14 3.653861e-15 0.000000e+00
1.000000e+00 2.500000e-01 0.000000e+00 -8.985048e-14 -1.719607e-14 0.000000e+00
1.000000e+00 5.000000e-01 0.000000e+00 -6.790983e-14 -2.883683e-14 0.000000e+00
1.000000e+00 7.500000e-01 0.000000e+00 -4.108962e-14 -2.733977e-14 0.000000e+00
1.000000e+00 1.000000e+00 0.000000e+00 -1.983891e-14 -1.811446e-14 0.000000e+00
1.000000e+00 1.250000e+00 0.000000e+00 -7.897251e-15 -9.186510e-15 0.000000e+00
1.000000e+00 1.500000e+00 0.000000e+00 -2.775374e-15 -3.932540e-15 0.000000e+00
1.000000e+00 1.750000e+00 0.000000e+00 -9.025451e-16 -1.517459e-15 0.000000e+00
1.000000e+00 2.000000e+00 0.000000e+00 -2.753260e-16 -5.394491e-16 0.000000e+00
1.000000e+00 2.250000e+00 0.000000e+00 -7.837929e-17 -1.765820e-16 0.000000e+00
1.000000e+00 2.500000e+00 0.000000e+00 -1.997512e-17 -5.110989e-17 0.000000e+00
1.250000e+00 -2.500000e+00 0.000000e+00 -9.015957e-18 1.806248e-17 0.000000e+00
1.250000e+00 -2.250000e+00 0.000000e+00 -3.625522e-17 6.492928e-17 0.000000e+00
1.250000e+00 -2.000000e+00 0.000000e+00 -1.259284e-16 1.986836e-16 0.000000e+00
1.250000e+00 -1.750000e+00 0.000000e+00 -3.947439e-16 5.406020e-16 0.000000e+00
1.250000e+00 -1.500000e+00 0.000000e+00 -1.145273e-15 1.337824e-15 0.000000e+00
1.250000e+00 -1.250000e+00 0.000000e+00 -3.062577e-15 2.977265e-15 0.000000e+00
1.250000e+00 -1.000000e+00 0.000000e+00 -7.421421e-15 5.787776e-15 0.000000e+00
1.250000e+00 -7.500000e-01 0.000000e+00 -1.574499e-14 9.272686e-15 0.000000e+00
1.250000e+00 -5.000000e-01 0.000000e+00 -2.793332e-14 1.115276e-14 0.000000e+00
1.250000e+00 -2.500000e-01 0.000000e+00 -4.022880e-14 8.566252e-15 0.000000e+00
1.250000e+00 0.000000e+00 0.000000e+00 -4.657725e-14 1.398385e-15 0.000000e+00
1.250000e+00 2.500000e-01 0.000000e+00 -4.329225e-14 -6.586427e-15 0.000000e+00
1.250000e+00 5.000000e-01 0.000000e+00 -3.230989e-14 -1.088684e-14 0.000000e+00
1.250000e+00 7.500000e-01 0.000000e+00 -1.945629e-14 -1.023633e-14 0.000000e+00
1.250000e+00 1.000000e+00 0.000000e+00 -9.651328e-15 -6.935662e-15 0.000000e+00
1.250000e+00 1.250000e+00 0.000000e+00 -4.113151e-15 -3.758246e-15 0.000000e+00
1.250000e+00 1.500000e+00 0.000000e+00 -1.569650e-15 -1.748518e-15 0.000000e+00
1.250000e+00 1.750000e+00 0.000000e+00 -5.482626e-16 -7.246952e-16 0.000000e+00
1.250000e+00 2.000000e+00 0.000000e+00 -1.770438e-16 -2.725497e-16 0.000000e+00
1.250000e+00 2.250000e+00 0.000000e+00 -5.196978e-17 -9.189451e-17 0.000000e+00
1.250000e+00 2.500000e+00 0.000000e+00 -1.328944e-17 -2.663775e-17 0.000000e+00
1.500000e+00 -2.500000e+00 0.000000e+00 -4.767626e-18 7.908353e-18 0.000000e+00
1.500000e+00 -2.250000e+00 0.000000e+00 -1.952666e-17 2.898127e-17 0.000000e+00
1.500000e+00 -2.000000e+00 0.000000e+00 -6.734685e-17 8.809646e-17 0.000000e+00
1.500000e+00 -1.750000e+00 0.000000e+00 -2.035782e-16 2.309957e-16 0.000000e+00
1.500000e+00 -1.500000e+00 0.000000e+00 -5.557963e-16 5.372344e-16 0.000000e+00
1.500000e+00 -1.250000e+00 0.000000e+00 -1.382222e-15 1.110239e-15 0.000000e+00
1.500000e+00 -1.000000e+00 0.000000e+00 -3.091424e-15 1.988021e-15 0.000000e+00
1.500000e+00 -7.500000e-01 0.000000e+00 -6.091197e-15 2.956940e-15 0.000000e+00
1.500000e+00 -5.000000e-01 0.000000e+00 -1.028716e-14 3.392337e-15 0.000000e+00
1.500000e+00 -2.500000e-01 0.000000e+00 -1.446868e-14 2.548630e-15 0.000000e+00
1.500000e+00 0.000000e+00 0.000000e+00 -1.662303e-14 4.081105e-16 0.000000e+00
1.500000e+00 2.500000e-01 0.000000e+00 -1.549090e-14 -1.958633e-15 0.000000e+00
1.500000e+00 5.000000e-01 0.000000e+00 -1.175071e-14 -3.276221e-15 0.000000e+00
1.500000e+00 7.500000e-01 0.000000e+00 -7.362194e-15 -3.192287e-15 0.000000e+00
1.500000e+00 1.000000e+00 0.000000e+00 -3.908148e-15 -2.310033e-15 0.000000e+00
1.500000e+00 1.250000e+00 0.000000e+00 -1.808473e-15 -1.359976e-15 0.000000e+00
1.500000e+00 1.500000e+00 0.000000e+00 -7.462636e-16 -6.846492e-16 0.000000e+00
1.500000e+00 1.750000e+00 0.000000e+00 -2.791661e-16 -3.039773e-16 0.000000e+00
1.500000e+00 2.000000e+00 0.000000e+00 -9.458289e-17 -1.199585e-16 0.000000e+00
1.500000e+00 2.250000e+00 0.000000e+00 -2.827212e-17 -4.113215e-17 0.000000e+00
1.500000e+00 2.500000e+00 0.000000e+00 -7.168910e-18 -1.179546e-17 0.000000e+00
1.750000e+00 -2.500000e+00 0.000000e+00 -2.045704e-18 2.892197e-18 0.000000e+00
1.750000e+00 -2.250000e+00 0.000000e+00 -8.691904e-18 1.100252e-17 0.000000e+00
1.750000e+00 -2.000000e+00 0.000000e+00 -3.030969e-17 3.382564e-17 0.000000e+00
1.750000e+00 -1.750000e+00 0.000000e+00 -9.014423e-17 8.721122e-17 0.000000e+00
1.750000e+00 -1.500000e+00 0.000000e+00 -2.354166e-16 1.936645e-16 0.000000e+00
1.750000e+00 -1.250000e+00 0.000000e+00 -5.496170e-16 3.750098e-16 0.000000e+00
1.750000e+00 -1.000000e+00 0.000000e+00 -1.147373e-15 6.258214e-16 0.000000e+00
1.750000e+00 -7.500000e-01 0.000000e+00 -2.110920e-15 8.676982e-16 0.000000e+00
1.750000e+00 -5.000000e-01 0.000000e+00 -3.357758e-15 9.363966e-16 0.000000e+00
1.750000e+00 -2.500000e-01 0.000000e+00 -4.532417e-15 6.742512e-16 0.000000e+00
1.750000e+00 0.000000e+00 0.000000e+00 -5.117684e-15 1.037137e-16 0.000000e+00
1.750000e+00 2.500000e-01 0.000000e+00 -4.804349e-15 -5.173680e-16 0.000000e+00
1.750000e+00 5.000000e-01 0.000000e+00 -3.763057e-15 -8.901116e-16 0.000000e+00
1.750000e+00 7.500000e-01 0.000000e+00 -2.488445e-15 -9.141927e-16 0.000000e+00
1.750000e+00 1.000000e+00 0.000000e+00 -1.412895e-15 -7.075450e-16 0.000000e+00
1.750000e+00 1.250000e+00 0.000000e+00 -7.015961e-16 -4.471124e-16 0.000000e+00
1.750000e+00 1.500000e+00 0.000000e+00 -3.097612e-16 -2.410112e-16 0.000000e+00
1.750000e+00 1.750000e+00 0.000000e+00 -1.222503e-16 -1.130565e-16 0.000000e+00
1.750000e+00 2.000000e+00 0.000000e+00 -4.255401e-17 -4.586055e-17 0.000000e+00
1.750000e+00 2.250000e+00 0.000000e+00 -1.271212e-17 -1.569925e-17 0.000000e+00
1.750000e+00 2.500000e+00 0.000000e+00 -3.139725e-18 -4.376536e-18 0.000000e+00
2.000000e+00 -2.500000e+00 0.000000e+00 -7.013653e-19 8.638516e-19 0.000000e+00
2.000000e+00 -2.250000e+00 0.000000e+00 -3.157948e-18 3.484414e-18 0.000000e+00
2.000000e+00 -2.000000e+00 0.000000e+00 -1.138105e-17 1.107506e-17 0.000000e+00
2.000000e+00 -1.750000e+00 0.000000e+00 -3.409638e-17 2.875099e-17 0.000000e+00
2.000000e+00 -1.500000e+00 0.000000e+00 -8.746821e-17 6.260436e-17 0.000000e+00
2.000000e+00 -1.250000e+00 0.000000e+00 -1.960660e-16 1.160454e-16 0.000000e+00
2.000000e+00 -1.000000e+00 0.000000e+00 -3.878540e-16 1.829954e-16 0.000000e+00
2.000000e+00 -7.500000e-01 0.000000e+00 -6.757067e-16 2.398105e-16 0.000000e+00
2.000000e+00 -5.000000e-01 0.000000e+00 -1.025564e-15 2.465754e-16 0.000000e+00
2.000000e+00 -2.500000e-01 0.000000e+00 -1.339007e-15 1.713735e-16 0.000000e+00
2.000000e+00 0.000000e+00 0.000000e+00 -1.489989e-15 2.539231e-17 0.000000e+00
2.000000e+00 2.500000e-01 0.000000e+00 -1.407943e-15 -1.315194e-16 0.000000e+00
2.000000e+00 5.000000e-01 0.000000e+00 -1.132478e-15 -2.317631e-16 0.000000e+00
2.000000e+00 7.500000e-01 0.000000e+00 -7.813325e-16 -2.481882e-16 0.000000e+00
2.000000e+00 1.000000e+00 0.000000e+00 -4.676037e-16 -2.024858e-16 0.000000e+00
2.000000e+00 1.250000e+00 0.000000e+00 -2.454819e-16 -1.354317e-16 0.000000e+00
2.000000e+00 1.500000e+00 0.000000e+00 -1.135967e-16 -7.667009e-17 0.000000e+00
2.000000e+00 1.750000e+00 0.000000e+00 -4.603625e-17 -3.698389e-17 0.000000e+00
2.000000e+00 2.000000e+00 0.000000e+00 -1.605276e-17 -1.503075e-17 0.000000e+00
2.000000e+00 2.250000e+00 0.000000e+00 -4.684305e-18 -5.022079e-18 0.000000e+00
2.000000e+00 2.500000e+00 0.000000e+00 -1.102062e-18 -1.331657e-18 0.000000e+00
2.250000e+00 -2.500000e+00 0.000000e+00 -1.875096e-19 2.047808e-19 0.000000e+00
2.250000e+00 -2.250000e+00 0.000000e+00 -9.139958e-19 8.945039e-19 0.000000e+00
2.250000e+00 -2.000000e+00 0.000000e+00 -3.488807e-18 3.012013e-18 0.000000e+00
2.250000e+00 -1.750000e+00 0.000000e+00 -1.080487e-17 8.080141e-18 0.000000e+00
2.250000e+00 -1.500000e+00 0.000000e+00 -2.799230e-17 1.774296e-17 0.000000e+00
2.250000e+00 -1.250000e+00 0.000000e+00 -6.207029e-17 3.244851e-17 0.000000e+00
2.250000e+00 -1.000000e+00 0.000000e+00 -1.194941e-16 4.962285e-17 0.000000e+00
2.250000e+00 -7.500000e-01 0.000000e+00 -2.009204e-16 6.255345e-17 0.000000e+00
2.250000e+00 -5.000000e-01 0.000000e+00 -2.947922e-16 6.202478e-17 0.000000e+00
2.250000e+00 -2.500000e-01 0.000000e+00 -3.755996e-16 4.197743e-17 0.000000e+00
2.250000e+00 0.000000e+00 0.000000e+00 -4.135726e-16 6.039243e-18 0.000000e+00
2.250000e+00 2.500000e-01 0.000000e+00 -3.927381e-16 -3.225788e-17 0.000000e+00
2.250000e+00 5.000000e-01 0.000000e+00 -3.221287e-16 -5.787799e-17 0.000000e+00
2.250000e+00 7.500000e-01 0.000000e+00 -2.291709e-16 -6.395557e-17 0.000000e+00
2.250000e+00 1.000000e+00 0.000000e+00 -1.420820e-16 -5.416172e-17 0.000000e+00
2.250000e+00 1.250000e+00 0.000000e+00 -7.690645e-17 -3.744297e-17 0.000000e+00
2.250000e+00 1.500000e+00 0.000000e+00 -3.619085e-17 -2.159409e-17 0.000000e+00
2.250000e+00 1.750000e+00 0.000000e+00 -1.462938e-17 -1.039690e-17 0.000000e+00
2.250000e+00 2.000000e+00 0.000000e+00 -4.975071e-18 -4.120016e-18 0.000000e+00
2.250000e+00 2.250000e+00 0.000000e+00 -1.382112e-18 -1.309501e-18 0.000000e+00
2.250000e+00 2.500000e+00 0.000000e+00 -3.025870e-19 -3.228137e-19 0.000000e+00
2.500000e+00 -2.500000e+00 0.000000e+00 -3.798916e-20 3.733418e-20 0.000000e+00
2.500000e+00 -2.250000e+00 0.000000e+00 -2.039937e-19 1.796612e-19 0.000000e+00
2.500000e+00 -2.000000e+00 0.000000e+00 -8.437496e-19 6.554892e-19 0.000000e+00
2.500000e+00 -1.750000e+00 0.000000e+00 -2.773529e-18 1.865673e-18 0.000000e+00
2.500000e+00 -1.500000e+00 0.000000e+00 -7.461200e-18 4.249809e-18 0.000000e+00
2.500000e+00 -1.250000e+00 0.000000e+00 -1.683535e-17 7.894837e-18 0.000000e+00
2.500000e+00 -1.000000e+00 0.000000e+00 -3.244846e-17 1.205852e-17 0.000000e+00
2.500000e+00 -7.500000e-01 0.000000e+00 -5.403402e-17 1.501291e-17 0.000000e+00
2.500000e+00 -5.000000e-01 0.000000e+00 -7.816659e-17 1.463768e-17 0.000000e+00
2.500000e+00 -2.500000e-01 0.000000e+00 -9.838143e-17 9.758912e-18 0.000000e+00
2.500000e+00 0.000000e+00 0.000000e+00 -1.077066e-16 1.367489e-18 0.000000e+00
2.500000e+00 2.500000e-01 0.000000e+00 -1.025446e-16 -7.529018e-18 0.000000e+00
2.500000e+00 5.000000e-01 0.000000e+00 -8.493686e-17 -1.362841e-17 0.000000e+00
2.500000e+00 7.500000e-01 0.000000e+00 -6.122923e-17 -1.527858e-17 0.000000e+00
2.500000e+00 1.000000e+00 0.000000e+00 -3.837308e-17 -1.310409e-17 0.000000e+00
2.500000e+00 1.250000e+00 0.000000e+00 -2.081371e-17 -9.093412e-18 0.000000e+00
2.500000e+00 1.500000e+00 0.000000e+00 -9.675052e-18 -5.185622e-18 0.000000e+00
2.500000e+00 1.750000e+00 0.000000e+00 -3.790909e-18 -2.420492e-18 0.000000e+00
2.500000e+00 2.000000e+00 0.000000e+00 -1.223076e-18 -9.095722e-19 0.000000e+00
2.500000e+00 2.250000e+00 0.000000e+00 -3.155911e-19 -2.683439e-19 0.000000e+00
2.500000e+00 2.500000e+00 0.000000e+00 -6.303862e-20 -6.031648e-20 0.000000e+00
