0.000000e+00 0.000000e+00 -1.000000e+00 2.775477e-32 -3.700636e-31 9.561727e-14
0.000000e+00 0.000000e+00 -9.500000e-01 -4.625795e-32 -4.440763e-31 1.071484e-13
0.000000e+00 0.000000e+00 -9.000000e-01 8.789011e-32 0.000000e+00 1.206314e-13
0.000000e+00 0.000000e+00 -8.500000e-01 9.251590e-33 4.440763e-31 1.364047e-13
0.000000e+00 0.000000e+00 -8.000000e-01 -9.251590e-33 -1.480254e-31 1.548360e-13
0.000000e+00 0.000000e+00 -7.500000e-01 -2.775477e-32 4.440763e-31 1.764818e-13
0.000000e+00 0.000000e+00 -7.000000e-01 8.326431e-32 0.000000e+00 2.031600e-13
0.000000e+00 0.000000e+00 -6.500000e-01 2.127866e-31 1.184204e-30 2.428057e-13
0.000000e+00 0.000000e+00 -6.000000e-01 2.590445e-31 -2.664458e-30 3.245802e-13
0.000000e+00 0.000000e+00 -5.500000e-01 1.665286e-31 1.480254e-30 5.152755e-13
0.000000e+00 0.000000e+00 -5.000000e-01 -4.625795e-31 1.776305e-30 8.379595e-13
0.000000e+00 0.000000e+00 -4.500000e-01 3.330573e-31 -4.736814e-30 1.074807e-12
0.000000e+00 0.000000e+00 -4.000000e-01 7.401272e-31 1.184204e-29 1.009827e-12
0.000000e+00 0.000000e+00 -3.500000e-01 1.554267e-30 2.072356e-29 8.125651e-13
0.000000e+00 0.000000e+00 -3.000000e-01 -2.035350e-30 7.105221e-30 6.648266e-13
0.000000e+00 0.000000e+00 -2.500000e-01 -2.127866e-30 -1.894726e-29 5.699782e-13
0.000000e+00 0.000000e+00 -2.000000e-01 5.921018e-31 4.736814e-30 4.962573e-13
0.000000e+00 0.000000e+00 -1.500000e-01 2.368407e-30 -1.717095e-29 4.219540e-13
0.000000e+00 0.000000e+00 -1.000000e-01 2.960509e-30 1.657885e-29 3.462179e-13
0.000000e+00 0.000000e+00 -5.000000e-02 -1.480254e-31 0.000000e+00 2.755698e-13
0.000000e+00 0.000000e+00 3.191891e-16 2.072356e-30 4.736814e-30 1.953794e-13
0.000000e+00 0.000000e+00 5.000000e-02 1.480254e-30 2.842089e-29 1.092071e-13
0.000000e+00 0.000000e+00 1.000000e-01 -3.182547e-30 -4.357869e-28 1.287729e-14
0.000000e+00 0.000000e+00 1.500000e-01 -4.921846e-30 4.736814e-30 -1.050665e-13
0.000000e+00 0.000000e+00 2.000000e-01 -4.440763e-31 -8.289425e-30 -2.270203e-13
0.000000e+00 0.000000e+00 2.500000e-01 -7.401272e-32 -2.190777e-29 -3.564961e-13
0.000000e+00 0.000000e+00 3.000000e-01 7.586304e-31 -6.513120e-30 -5.014774e-13
0.000000e+00 0.000000e+00 3.500000e-01 -2.960509e-31 1.184204e-30 -6.723613e-13
0.000000e+00 0.000000e+00 4.000000e-01 4.533279e-31 7.993374e-30 -8.326850e-13
0.000000e+00 0.000000e+00 4.500000e-01 -1.480254e-31 -3.256560e-30 -7.998525e-13
0.000000e+00 0.000000e+00 5.000000e-01 -4.625795e-31 1.924331e-30 -5.008225e-13
0.000000e+00 0.000000e+00 5.500000e-01 -5.689728e-31 1.036178e-30 -2.029713e-13
0.000000e+00 0.000000e+00 6.000000e-01 5.088375e-32 -1.480254e-31 -6.448867e-14
0.000000e+00 0.000000e+00 6.500000e-01 -9.251590e-32 1.110191e-30 -2.252528e-14
0.000000e+00 0.000000e+00 7.000000e-01 1.595899e-31 -6.661145e-31 -1.005073e-14
0.000000e+00 0.000000e+00 7.500000e-01 2.775477e-32 -4.440763e-31 -3.959187e-15
0.000000e+00 0.000000e+00 8.000000e-01 -1.619028e-32 4.440763e-31 5.843924e-16
0.000000e+00 0.000000e+00 8.500000e-01 1.156449e-33 -4.440763e-31 4.229877e-15
0.000000e+00 0.000000e+00 9.000000e-01 2.775477e-32 -2.105662e-29 7.053810e-15
0.000000e+00 0.000000e+00 9.500000e-01 -4.394505e-32 2.590445e-31 9.148379e-15
0.000000e+00 0.000000e+00 1.000000e+00 -3.931926e-32 3.700636e-32 1.064094e-14
0.000000e+00 0.000000e+00 1.050000e+00 1.734673e-32 7.401272e-32 1.165950e-14
0.000000e+00 0.000000e+00 1.100000e+00 -1.676851e-32 7.401272e-32 1.231480e-14
0.000000e+00 0.000000e+00 1.150000e+00 2.197253e-32 -3.700636e-32 1.269605e-14
0.000000e+00 0.000000e+00 1.200000e+00 1.676851e-32 1.850318e-32 1.287260e-14
0.000000e+00 0.000000e+00 1.250000e+00 -4.625795e-33 1.480254e-31 1.289749e-14
0.000000e+00 0.000000e+00 1.300000e+00 7.516917e-33 1.850318e-32 1.281093e-14
0.000000e+00 0.000000e+00 1.350000e+00 -1.156449e-33 1.110191e-31 1.264335e-14
0.000000e+00 0.000000e+00 1.400000e+00 -1.040804e-32 -5.550954e-32 1.241770e-14
0.000000e+00 0.000000e+00 1.450000e+00 2.312898e-33 -3.700636e-32 1.215136e-14
0.000000e+00 0.000000e+00 1.500000e+00 -4.878479e-30 2.788429e-29 1.185743e-14
0.000000e+00 0.000000e+00 1.550000e+00 -2.110519e-32 2.035350e-31 1.154582e-14
0.000000e+00 0.000000e+00 1.600000e+00 4.625795e-33 -3.700636e-32 1.122401e-14
0.000000e+00 0.000000e+00 1.650000e+00 -2.312898e-33 -6.476113e-32 1.089762e-14
0.000000e+00 0.000000e+00 1.700000e+00 -3.903015e-33 -4.625795e-32 1.057087e-14
0.000000e+00 0.000000e+00 1.750000e+00 7.806029e-33 -1.850318e-32 1.024687e-14
0.000000e+00 0.000000e+00 1.800000e+00 7.227805e-34 9.251590e-33 9.927933e-15
0.000000e+00 0.000000e+00 1.850000e+00 1.156449e-33 0.000000e+00 9.615722e-15
0.000000e+00 0.000000e+00 1.900000e+00 -1.156449e-33 -2.775477e-32 9.311414e-15
0.000000e+00 0.000000e+00 1.950000e+00 3.080490e-31 -3.867165e-30 9.015808e-15
