-7.712572e-01 4.940158e+00 0.000000e+00 -5.000000e+00 8.683644e-27 -5.070371e-26 2.130291e-27 5.144193e-26
-7.558321e-01 4.841355e+00 0.000000e+00 -4.900000e+00 2.303762e-26 -1.361153e-25 8.292632e-27 1.380511e-25
-7.404070e-01 4.742552e+00 0.000000e+00 -4.800000e+00 5.646697e-26 -3.382150e-25 2.944699e-26 3.428964e-25
-7.249818e-01 4.643749e+00 0.000000e+00 -4.700000e+00 1.270427e-25 -7.733436e-25 9.491333e-26 7.837093e-25
-7.095567e-01 4.544945e+00 0.000000e+00 -4.600000e+00 2.607650e-25 -1.618633e-24 2.758971e-25 1.639503e-24
-6.941315e-01 4.446142e+00 0.000000e+00 -4.500000e+00 4.876170e-25 -3.098115e-24 7.168610e-25 3.136253e-24
-6.787064e-01 4.347339e+00 0.000000e+00 -4.400000e+00 8.442538e-25 -5.499435e-24 1.643898e-24 5.563861e-24
-6.632812e-01 4.248536e+00 0.000000e+00 -4.300000e+00 1.441118e-24 -9.538200e-24 3.267606e-24 9.646454e-24
-6.478561e-01 4.149733e+00 0.000000e+00 -4.200000e+00 2.751185e-24 -1.797602e-23 5.499264e-24 1.818533e-23
-6.324309e-01 4.050930e+00 0.000000e+00 -4.100000e+00 6.381789e-24 -4.008550e-23 7.724071e-24 4.059032e-23
-6.170058e-01 3.952126e+00 0.000000e+00 -4.000000e+00 1.653385e-23 -1.003611e-22 9.958751e-24 1.017139e-22
-6.015807e-01 3.853323e+00 0.000000e+00 -3.900000e+00 4.233896e-23 -2.524391e-22 1.831435e-23 2.559650e-22
-5.861555e-01 3.754520e+00 0.000000e+00 -3.800000e+00 1.049105e-22 -6.169695e-22 5.632376e-23 6.258255e-22
-5.707304e-01 3.655717e+00 0.000000e+00 -3.700000e+00 2.780790e-22 -1.593817e-21 1.702647e-22 1.617894e-21
-5.553052e-01 3.556914e+00 0.000000e+00 -3.600000e+00 8.987407e-22 -4.975785e-21 3.881565e-22 5.056300e-21
-5.398801e-01 3.458111e+00 0.000000e+00 -3.500000e+00 3.432239e-21 -1.860916e-20 6.227351e-22 1.892303e-20
-5.244549e-01 3.359308e+00 0.000000e+00 -3.400000e+00 1.341965e-20 -7.247775e-20 9.783607e-22 7.370964e-20
-5.090298e-01 3.260504e+00 0.000000e+00 -3.300000e+00 4.909015e-20 -2.661869e-19 5.043451e-21 2.706757e-19
-4.936046e-01 3.161701e+00 0.000000e+00 -3.200000e+00 1.634623e-19 -8.918231e-19 3.550770e-20 9.066799e-19
-4.781795e-01 3.062898e+00 0.000000e+00 -3.100000e+00 4.948889e-19 -2.716854e-18 1.887177e-19 2.761559e-18
-4.627543e-01 2.964095e+00 0.000000e+00 -3.000000e+00 1.370957e-18 -7.569126e-18 7.920456e-19 7.692282e-18
-4.473292e-01 2.865292e+00 0.000000e+00 -2.900000e+00 3.501352e-18 -1.942861e-17 2.796764e-18 1.974159e-17
-4.319041e-01 2.766489e+00 0.000000e+00 -2.800000e+00 8.301169e-18 -4.626716e-17 8.648194e-18 4.700595e-17
-4.164789e-01 2.667685e+00 0.000000e+00 -2.700000e+00 1.837844e-17 -1.028381e-16 2.401824e-17 1.044674e-16
-4.010538e-01 2.568882e+00 0.000000e+00 -2.600000e+00 3.818779e-17 -2.144399e-16 6.093573e-17 2.178137e-16
-3.856286e-01 2.470079e+00 0.000000e+00 -2.500000e+00 7.478886e-17 -4.213226e-16 1.429365e-16 4.279090e-16
-3.702035e-01 2.371276e+00 0.000000e+00 -2.400000e+00 1.385594e-16 -7.828932e-16 3.127787e-16 7.950601e-16
-3.547783e-01 2.272473e+00 0.000000e+00 -2.300000e+00 2.436122e-16 -1.380299e-15 6.429480e-16 1.401632e-15
-3.393532e-01 2.173670e+00 0.000000e+00 -2.200000e+00 4.075975e-16 -2.315552e-15 1.248427e-15 2.351152e-15
-3.239280e-01 2.074866e+00 0.000000e+00 -2.100000e+00 6.505779e-16 -3.705361e-15 2.300355e-15 3.762040e-15
-3.085029e-01 1.976063e+00 0.000000e+00 -2.000000e+00 9.927692e-16 -5.668407e-15 4.037847e-15 5.754688e-15
-2.930778e-01 1.877260e+00 0.000000e+00 -1.900000e+00 1.451179e-15 -8.306135e-15 6.774456e-15 8.431951e-15
-2.776526e-01 1.778457e+00 0.000000e+00 -1.800000e+00 2.035488e-15 -1.167890e-14 1.089516e-14 1.185495e-14
-2.622275e-01 1.679654e+00 0.000000e+00 -1.700000e+00 2.743856e-15 -1.578128e-14 1.684031e-14 1.601804e-14
-2.468023e-01 1.580851e+00 0.000000e+00 -1.600000e+00 3.559489e-15 -2.052146e-14 2.507420e-14 2.082787e-14
-2.313772e-01 1.482047e+00 0.000000e+00 -1.500000e+00 4.449076e-15 -2.571088e-14 3.603965e-14 2.609298e-14
-2.159520e-01 1.383244e+00 0.000000e+00 -1.400000e+00 5.363655e-15 -3.106798e-14 5.010116e-14 3.152757e-14
-2.005269e-01 1.284441e+00 0.000000e+00 -1.300000e+00 6.242334e-15 -3.623860e-14 6.748441e-14 3.677231e-14
-1.851017e-01 1.185638e+00 0.000000e+00 -1.200000e+00 7.018536e-15 -4.083167e-14 8.822059e-14 4.143048e-14
-1.696766e-01 1.086835e+00 0.000000e+00 -1.100000e+00 7.627711e-15 -4.446409e-14 1.121069e-13 4.511361e-14
-1.542514e-01 9.880316e-01 0.000000e+00 -1.000000e+00 8.015509e-15 -4.680948e-14 1.386872e-13 4.749080e-14
-1.388263e-01 8.892285e-01 0.000000e+00 -9.000000e-01 8.144383e-15 -4.763831e-14 1.672626e-13 4.832949e-14
-1.234012e-01 7.904253e-01 0.000000e+00 -8.000000e-01 7.997680e-15 -4.684392e-14 1.969282e-13 4.752174e-14
-1.079760e-01 6.916221e-01 0.000000e+00 -7.000000e-01 7.580329e-15 -4.444836e-14 2.266328e-13 4.509012e-14
-9.255087e-02 5.928190e-01 0.000000e+00 -6.000000e-01 6.916123e-15 -4.058772e-14 2.552529e-13 4.117276e-14
-7.712572e-02 4.940158e-01 0.000000e+00 -5.000000e-01 6.042365e-15 -3.548091e-14 2.816693e-13 3.599173e-14
-6.170058e-02 3.952126e-01 0.000000e+00 -4.000000e-01 5.003194e-15 -2.938981e-14 3.048382e-13 2.981263e-14
-4.627543e-02 2.964095e-01 0.000000e+00 -3.000000e-01 3.842994e-15 -2.257908e-14 3.238502e-13 2.290379e-14
-3.085029e-02 1.976063e-01 0.000000e+00 -2.000000e-01 2.601621e-15 -1.528685e-14 3.379688e-13 1.550665e-14
-1.542514e-02 9.880316e-02 0.000000e+00 -1.000000e-01 1.311901e-15 -7.708783e-15 3.466570e-13 7.819618e-15
-1.584095e-16 1.014665e-15 0.000000e+00 -1.026956e-15 0.000000e+00 0.000000e+00 3.495894e-13 0.000000e+00
1.542514e-02 -9.880316e-02 0.000000e+00 1.000000e-01 -1.311901e-15 7.708783e-15 3.466570e-13 -7.819618e-15
3.085029e-02 -1.976063e-01 0.000000e+00 2.000000e-01 -2.601621e-15 1.528685e-14 3.379688e-13 -1.550665e-14
4.627543e-02 -2.964095e-01 0.000000e+00 3.000000e-01 -3.842994e-15 2.257908e-14 3.238502e-13 -2.290379e-14
6.170058e-02 -3.952126e-01 0.000000e+00 4.000000e-01 -5.003194e-15 2.938981e-14 3.048382e-13 -2.981263e-14
7.712572e-02 -4.940158e-01 0.000000e+00 5.000000e-01 -6.042365e-15 3.548091e-14 2.816693e-13 -3.599173e-14
9.255087e-02 -5.928190e-01 0.000000e+00 6.000000e-01 -6.916123e-15 4.058772e-14 2.552529e-13 -4.117276e-14
1.079760e-01 -6.916221e-01 0.000000e+00 7.000000e-01 -7.580329e-15 4.444836e-14 2.266328e-13 -4.509012e-14
1.234012e-01 -7.904253e-01 0.000000e+00 8.000000e-01 -7.997680e-15 4.684392e-14 1.969282e-13 -4.752174e-14
1.388263e-01 -8.892285e-01 0.000000e+00 9.000000e-01 -8.144383e-15 4.763831e-14 1.672626e-13 -4.832949e-14
1.542514e-01 -9.880316e-01 0.000000e+00 1.000000e+00 -8.015509e-15 4.680948e-14 1.386872e-13 -4.749080e-14
1.696766e-01 -1.086835e+00 0.000000e+00 1.100000e+00 -7.627711e-15 4.446409e-14 1.121069e-13 -4.511361e-14
1.851017e-01 -1.185638e+00 0.000000e+00 1.200000e+00 -7.018536e-15 4.083167e-14 8.822059e-14 -4.143048e-14
2.005269e-01 -1.284441e+00 0.000000e+00 1.300000e+00 -6.242334e-15 3.623860e-14 6.748441e-14 -3.677231e-14
2.159520e-01 -1.383244e+00 0.000000e+00 1.400000e+00 -5.363655e-15 3.106798e-14 5.010116e-14 -3.152757e-14
2.313772e-01 -1.482047e+00 0.000000e+00 1.500000e+00 -4.449076e-15 2.571088e-14 3.603965e-14 -2.609298e-14
2.468023e-01 -1.580851e+00 0.000000e+00 1.600000e+00 -3.559489e-15 2.052146e-14 2.507420e-14 -2.082787e-14
2.622275e-01 -1.679654e+00 0.000000e+00 1.700000e+00 -2.743856e-15 1.578128e-14 1.684031e-14 -1.601804e-14
2.776526e-01 -1.778457e+00 0.000000e+00 1.800000e+00 -2.035488e-15 1.167890e-14 1.089516e-14 -1.185495e-14
2.930778e-01 -1.877260e+00 0.000000e+00 1.900000e+00 -1.451179e-15 8.306135e-15 6.774456e-15 -8.431951e-15
3.085029e-01 -1.976063e+00 0.000000e+00 2.000000e+00 -9.927692e-16 5.668407e-15 4.037847e-15 -5.754688e-15
3.239280e-01 -2.074866e+00 0.000000e+00 2.100000e+00 -6.505779e-16 3.705361e-15 2.300355e-15 -3.762040e-15
3.393532e-01 -2.173670e+00 0.000000e+00 2.200000e+00 -4.075975e-16 2.315552e-15 1.248427e-15 -2.351152e-15
3.547783e-01 -2.272473e+00 0.000000e+00 2.300000e+00 -2.436122e-16 1.380299e-15 6.429480e-16 -1.401632e-15
3.702035e-01 -2.371276e+00 0.000000e+00 2.400000e+00 -1.385594e-16 7.828932e-16 3.127787e-16 -7.950601e-16
3.856286e-01 -2.470079e+00 0.000000e+00 2.500000e+00 -7.478886e-17 4.213226e-16 1.429365e-16 -4.279090e-16
4.010538e-01 -2.568882e+00 0.000000e+00 2.600000e+00 -3.818779e-17 2.144399e-16 6.093573e-17 -2.178137e-16
4.164789e-01 -2.667685e+00 0.000000e+00 2.700000e+00 -1.837844e-17 1.028381e-16 2.401824e-17 -1.044674e-16
4.319041e-01 -2.766489e+00 0.000000e+00 2.800000e+00 -8.301169e-18 4.626716e-17 8.648194e-18 -4.700595e-17
4.473292e-01 -2.865292e+00 0.000000e+00 2.900000e+00 -3.501352e-18 1.942861e-17 2.796764e-18 -1.974159e-17
4.627543e-01 -2.964095e+00 0.000000e+00 3.000000e+00 -1.370957e-18 7.569126e-18 7.920456e-19 -7.692282e-18
4.781795e-01 -3.062898e+00 0.000000e+00 3.100000e+00 -4.948889e-19 2.716854e-18 1.887177e-19 -2.761559e-18
4.936046e-01 -3.161701e+00 0.000000e+00 3.200000e+00 -1.634623e-19 8.918231e-19 3.550770e-20 -9.066799e-19
5.090298e-01 -3.260504e+00 0.000000e+00 3.300000e+00 -4.909015e-20 2.661869e-19 5.043451e-21 -2.706757e-19
5.244549e-01 -3.359308e+00 0.000000e+00 3.400000e+00 -1.341965e-20 7.247775e-20 9.783607e-22 -7.370964e-20
5.398801e-01 -3.458111e+00 0.000000e+00 3.500000e+00 -3.432239e-21 1.860916e-20 6.227351e-22 -1.892303e-20
5.553052e-01 -3.556914e+00 0.000000e+00 3.600000e+00 -8.987407e-22 4.975785e-21 3.881565e-22 -5.056300e-21
5.707304e-01 -3.655717e+00 0.000000e+00 3.700000e+00 -2.780790e-22 1.593817e-21 1.702647e-22 -1.617894e-21
5.861555e-01 -3.754520e+00 0.000000e+00 3.800000e+00 -1.049105e-22 6.169695e-22 5.632376e-23 -6.258255e-22
6.015807e-01 -3.853323e+00 0.000000e+00 3.900000e+00 -4.233896e-23 2.524391e-22 1.831435e-23 -2.559650e-22
6.170058e-01 -3.952126e+00 0.000000e+00 4.000000e+00 -1.653385e-23 1.003611e-22 9.958751e-24 -1.017139e-22
6.324309e-01 -4.050930e+00 0.000000e+00 4.100000e+00 -6.381789e-24 4.008550e-23 7.724071e-24 -4.059032e-23
6.478561e-01 -4.149733e+00 0.000000e+00 4.200000e+00 -2.751185e-24 1.797602e-23 5.499264e-24 -1.818533e-23
6.632812e-01 -4.248536e+00 0.000000e+00 4.300000e+00 -1.441118e-24 9.538200e-24 3.267606e-24 -9.646454e-24
6.787064e-01 -4.347339e+00 0.000000e+00 4.400000e+00 -8.442538e-25 5.499435e-24 1.643898e-24 -5.563861e-24
6.941315e-01 -4.446142e+00 0.000000e+00 4.500000e+00 -4.876170e-25 3.098115e-24 7.168610e-25 -3.136253e-24
7.095567e-01 -4.544945e+00 0.000000e+00 4.600000e+00 -2.607650e-25 1.618633e-24 2.758971e-25 -1.639503e-24
7.249818e-01 -4.643749e+00 0.000000e+00 4.700000e+00 -1.270427e-25 7.733436e-25 9.491333e-26 -7.837093e-25
7.404070e-01 -4.742552e+00 0.000000e+00 4.800000e+00 -5.646697e-26 3.382150e-25 2.944699e-26 -3.428964e-25
7.558321e-01 -4.841355e+00 0.000000e+00 4.900000e+00 -2.303762e-26 1.361153e-25 8.292632e-27 -1.380511e-25
7.712572e-01 -4.940158e+00 0.000000e+00 5.000000e+00 -8.683644e-27 5.070371e-26 2.130291e-27 -5.144193e-26
