x y z |F|^2 Fx Fy Fz 
-2.947640e-01 -2.947640e-01 -8.842920e-01 1.121249e-03 2.809216e-04 -2.240218e-04 -1.062119e-03
-9.825467e-02 -2.947640e-01 -8.842920e-01 2.526576e-03 4.415201e-04 9.246642e-04 -2.309468e-03
9.825467e-02 -2.947640e-01 -8.842920e-01 2.526577e-03 -4.415200e-04 9.246645e-04 -2.309469e-03
2.947640e-01 -2.947640e-01 -8.842920e-01 1.121251e-03 -2.809219e-04 -2.240216e-04 -1.062121e-03
-2.947640e-01 -9.825467e-02 -8.842920e-01 1.124900e-03 8.333617e-04 -1.429189e-04 -7.419451e-04
-9.825467e-02 -9.825467e-02 -8.842920e-01 4.914962e-03 1.614367e-03 6.951253e-04 -4.589932e-03
9.825467e-02 -9.825467e-02 -8.842920e-01 4.914963e-03 -1.614367e-03 6.951255e-04 -4.589933e-03
2.947640e-01 -9.825467e-02 -8.842920e-01 1.124902e-03 -8.333623e-04 -1.429188e-04 -7.419477e-04
-2.947640e-01 9.825467e-02 -8.842920e-01 1.124899e-03 8.333612e-04 1.429186e-04 -7.419443e-04
-9.825467e-02 9.825467e-02 -8.842920e-01 4.914961e-03 1.614367e-03 -6.951265e-04 -4.589930e-03
9.825467e-02 9.825467e-02 -8.842920e-01 4.914962e-03 -1.614366e-03 -6.951266e-04 -4.589932e-03
2.947640e-01 9.825467e-02 -8.842920e-01 1.124901e-03 -8.333618e-04 1.429185e-04 -7.419469e-04
-2.947640e-01 2.947640e-01 -8.842920e-01 1.121248e-03 2.809209e-04 2.240216e-04 -1.062118e-03
-9.825467e-02 2.947640e-01 -8.842920e-01 2.526574e-03 4.415197e-04 -9.246644e-04 -2.309466e-03
9.825467e-02 2.947640e-01 -8.842920e-01 2.526575e-03 -4.415195e-04 -9.246646e-04 -2.309467e-03
2.947640e-01 2.947640e-01 -8.842920e-01 1.121249e-03 -2.809212e-04 2.240213e-04 -1.062120e-03
-9.825467e-02 -6.877827e-01 -6.877827e-01 2.748499e-03 -3.988871e-06 5.247823e-05 -2.747995e-03
9.825467e-02 -6.877827e-01 -6.877827e-01 2.748499e-03 3.988735e-06 5.247808e-05 -2.747995e-03
-4.912733e-01 -4.912733e-01 -6.877827e-01 2.694829e-03 -3.657870e-04 2.447143e-04 -2.658650e-03
-2.947640e-01 -4.912733e-01 -6.877827e-01 1.377064e-03 2.249642e-04 2.801675e-04 -1.329362e-03
-9.825467e-02 -4.912733e-01 -6.877827e-01 3.423117e-03 3.627974e-04 -1.086625e-04 -3.402103e-03
9.825467e-02 -4.912733e-01 -6.877827e-01 3.423117e-03 -3.627977e-04 -1.086627e-04 -3.402103e-03
2.947640e-01 -4.912733e-01 -6.877827e-01 1.377064e-03 -2.249640e-04 2.801670e-04 -1.329362e-03
4.912733e-01 -4.912733e-01 -6.877827e-01 2.694829e-03 3.657873e-04 2.447139e-04 -2.658650e-03
-4.912733e-01 -2.947640e-01 -6.877827e-01 3.435212e-03 -4.365775e-04 5.396804e-04 -3.364347e-03
-2.947640e-01 -2.947640e-01 -6.877827e-01 1.437583e-03 -1.843607e-04 4.720273e-04 1.345305e-03
-9.825467e-02 -2.947640e-01 -6.877827e-01 3.329351e-04 -7.082404e-05 -2.591984e-04 -1.965856e-04
9.825467e-02 -2.947640e-01 -6.877827e-01 3.329350e-04 7.082340e-05 -2.591984e-04 -1.965857e-04
2.947640e-01 -2.947640e-01 -6.877827e-01 1.437583e-03 1.843606e-04 4.720269e-04 1.345305e-03
4.912733e-01 -2.947640e-01 -6.877827e-01 3.435211e-03 4.365780e-04 5.396800e-04 -3.364346e-03
-6.877827e-01 -9.825467e-02 -6.877827e-01 4.263246e-03 -6.903382e-04 -3.436639e-05 -4.206842e-03
-4.912733e-01 -9.825467e-02 -6.877827e-01 3.006011e-03 3.127552e-04 2.394186e-04 -2.980094e-03
-2.947640e-01 -9.825467e-02 -6.877827e-01 2.025665e-03 -7.805498e-04 3.092613e-05 1.868985e-03
-9.825467e-02 -9.825467e-02 -6.877827e-01 9.852020e-04 -1.610091e-05 -1.144795e-04 -9.783957e-04
9.825467e-02 -9.825467e-02 -6.877827e-01 9.852021e-04 1.610032e-05 -1.144795e-04 -9.783959e-04
2.947640e-01 -9.825467e-02 -6.877827e-01 2.025665e-03 7.805494e-04 3.092610e-05 1.868984e-03
4.912733e-01 -9.825467e-02 -6.877827e-01 3.006009e-03 -3.127544e-04 2.394184e-04 -2.980093e-03
6.877827e-01 -9.825467e-02 -6.877827e-01 4.263246e-03 6.903385e-04 -3.436641e-05 -4.206842e-03
-6.877827e-01 9.825467e-02 -6.877827e-01 4.263246e-03 -6.903378e-04 3.436611e-05 -4.206841e-03
-4.912733e-01 9.825467e-02 -6.877827e-01 3.006010e-03 3.127555e-04 -2.394181e-04 -2.980094e-03
-2.947640e-01 9.825467e-02 -6.877827e-01 2.025665e-03 -7.805499e-04 -3.092532e-05 1.868985e-03
-9.825467e-02 9.825467e-02 -6.877827e-01 9.852013e-04 -1.610104e-05 1.144799e-04 -9.783950e-04
9.825467e-02 9.825467e-02 -6.877827e-01 9.852015e-04 1.610045e-05 1.144799e-04 -9.783951e-04
2.947640e-01 9.825467e-02 -6.877827e-01 2.025665e-03 7.805494e-04 -3.092529e-05 1.868985e-03
4.912733e-01 9.825467e-02 -6.877827e-01 3.006009e-03 -3.127548e-04 -2.394180e-04 -2.980093e-03
6.877827e-01 9.825467e-02 -6.877827e-01 4.263245e-03 6.903382e-04 3.436613e-05 -4.206841e-03
-4.912733e-01 2.947640e-01 -6.877827e-01 3.435211e-03 -4.365769e-04 -5.396809e-04 -3.364345e-03
-2.947640e-01 2.947640e-01 -6.877827e-01 1.437585e-03 -1.843605e-04 -4.720273e-04 1.345307e-03
-9.825467e-02 2.947640e-01 -6.877827e-01 3.329341e-04 -7.082416e-05 2.591988e-04 -1.965834e-04
9.825467e-02 2.947640e-01 -6.877827e-01 3.329341e-04 7.082352e-05 2.591988e-04 -1.965836e-04
2.947640e-01 2.947640e-01 -6.877827e-01 1.437584e-03 1.843604e-04 -4.720269e-04 1.345307e-03
4.912733e-01 2.947640e-01 -6.877827e-01 3.435210e-03 4.365773e-04 -5.396805e-04 -3.364344e-03
-4.912733e-01 4.912733e-01 -6.877827e-01 2.694826e-03 -3.657863e-04 -2.447150e-04 -2.658647e-03
-2.947640e-01 4.912733e-01 -6.877827e-01 1.377062e-03 2.249647e-04 -2.801681e-04 -1.329359e-03
-9.825467e-02 4.912733e-01 -6.877827e-01 3.423115e-03 3.627976e-04 1.086618e-04 -3.402100e-03
9.825467e-02 4.912733e-01 -6.877827e-01 3.423115e-03 -3.627979e-04 1.086620e-04 -3.402100e-03
2.947640e-01 4.912733e-01 -6.877827e-01 1.377061e-03 -2.249646e-04 -2.801676e-04 -1.329359e-03
4.912733e-01 4.912733e-01 -6.877827e-01 2.694826e-03 3.657866e-04 -2.447146e-04 -2.658647e-03
-9.825467e-02 6.877827e-01 -6.877827e-01 2.748495e-03 -3.988869e-06 -5.247941e-05 -2.747991e-03
9.825467e-02 6.877827e-01 -6.877827e-01 2.748495e-03 3.988733e-06 -5.247925e-05 -2.747991e-03
-4.912733e-01 -6.877827e-01 -4.912733e-01 8.721230e-04 3.328714e-05 -4.228257e-05 -8.704612e-04
-2.947640e-01 -6.877827e-01 -4.912733e-01 3.938094e-04 1.515008e-06 3.391097e-04 -2.002202e-04
-9.825467e-02 -6.877827e-01 -4.912733e-01 4.625288e-04 -2.634651e-05 1.496872e-04 4.368438e-04
9.825467e-02 -6.877827e-01 -4.912733e-01 4.625289e-04 2.634636e-05 1.496873e-04 4.368439e-04
2.947640e-01 -6.877827e-01 -4.912733e-01 3.938092e-04 -1.514981e-06 3.391099e-04 -2.002197e-04
4.912733e-01 -6.877827e-01 -4.912733e-01 8.721228e-04 -3.328709e-05 -4.228253e-05 -8.704610e-04
-6.877827e-01 -4.912733e-01 -4.912733e-01 1.635344e-03 -3.075428e-04 -1.823953e-04 -1.595775e-03
-4.912733e-01 -4.912733e-01 -4.912733e-01 1.435286e-03 5.582294e-04 1.185178e-04 1.316959e-03
-2.947640e-01 -4.912733e-01 -4.912733e-01 2.399020e-03 2.433939e-04 6.451521e-04 2.297789e-03
-9.825467e-02 -4.912733e-01 -4.912733e-01 1.717836e-03 -1.541559e-04 4.154448e-04 1.659699e-03
9.825467e-02 -4.912733e-01 -4.912733e-01 1.717836e-03 1.541559e-04 4.154449e-04 1.659699e-03
2.947640e-01 -4.912733e-01 -4.912733e-01 2.399021e-03 -2.433940e-04 6.451523e-04 2.297790e-03
4.912733e-01 -4.912733e-01 -4.912733e-01 1.435286e-03 -5.582294e-04 1.185179e-04 1.316959e-03
6.877827e-01 -4.912733e-01 -4.912733e-01 1.635344e-03 3.075427e-04 -1.823952e-04 -1.595775e-03
-6.877827e-01 -2.947640e-01 -4.912733e-01 1.151838e-03 -3.757031e-04 -7.834121e-05 -1.086021e-03
-4.912733e-01 -2.947640e-01 -4.912733e-01 2.025044e-03 9.937093e-04 1.904177e-04 1.754163e-03
-2.947640e-01 -2.947640e-01 -4.912733e-01 2.617336e-03 4.236403e-04 4.614531e-04 2.541267e-03
-9.825467e-02 -2.947640e-01 -4.912733e-01 2.491811e-03 -2.157611e-04 3.776448e-04 2.453559e-03
9.825467e-02 -2.947640e-01 -4.912733e-01 2.491811e-03 2.157613e-04 3.776450e-04 2.453560e-03
2.947640e-01 -2.947640e-01 -4.912733e-01 2.617337e-03 -4.236403e-04 4.614533e-04 2.541268e-03
4.912733e-01 -2.947640e-01 -4.912733e-01 2.025044e-03 -9.937092e-04 1.904177e-04 1.754163e-03
6.877827e-01 -2.947640e-01 -4.912733e-01 1.151839e-03 3.757030e-04 -7.834120e-05 -1.086021e-03
-6.877827e-01 -9.825467e-02 -4.912733e-01 2.071463e-04 -7.547578e-05 -4.473217e-05 -1.876487e-04
-4.912733e-01 -9.825467e-02 -4.912733e-01 1.938391e-03 1.118652e-03 8.132234e-05 1.580937e-03
-2.947640e-01 -9.825467e-02 -4.912733e-01 2.439930e-03 3.698069e-04 9.976874e-05 2.409678e-03
-9.825467e-02 -9.825467e-02 -4.912733e-01 2.831158e-03 -1.247978e-04 1.495215e-04 2.824452e-03
9.825467e-02 -9.825467e-02 -4.912733e-01 2.831159e-03 1.247981e-04 1.495216e-04 2.824452e-03
2.947640e-01 -9.825467e-02 -4.912733e-01 2.439931e-03 -3.698071e-04 9.976884e-05 2.409679e-03
4.912733e-01 -9.825467e-02 -4.912733e-01 1.938391e-03 -1.118652e-03 8.132234e-05 1.580937e-03
6.877827e-01 -9.825467e-02 -4.912733e-01 2.071467e-04 7.547567e-05 -4.473224e-05 -1.876491e-04
-6.877827e-01 9.825467e-02 -4.912733e-01 2.071464e-04 -7.547577e-05 4.473224e-05 -1.876488e-04
-4.912733e-01 9.825467e-02 -4.912733e-01 1.938390e-03 1.118652e-03 -8.132232e-05 1.580937e-03
-2.947640e-01 9.825467e-02 -4.912733e-01 2.439930e-03 3.698068e-04 -9.976908e-05 2.409678e-03
-9.825467e-02 9.825467e-02 -4.912733e-01 2.831158e-03 -1.247978e-04 -1.495220e-04 2.824451e-03
9.825467e-02 9.825467e-02 -4.912733e-01 2.831158e-03 1.247981e-04 -1.495221e-04 2.824451e-03
2.947640e-01 9.825467e-02 -4.912733e-01 2.439930e-03 -3.698070e-04 -9.976918e-05 2.409678e-03
4.912733e-01 9.825467e-02 -4.912733e-01 1.938390e-03 -1.118652e-03 -8.132232e-05 1.580937e-03
6.877827e-01 9.825467e-02 -4.912733e-01 2.071468e-04 7.547566e-05 4.473231e-05 -1.876492e-04
-6.877827e-01 2.947640e-01 -4.912733e-01 1.151839e-03 -3.757028e-04 7.834117e-05 -1.086021e-03
-4.912733e-01 2.947640e-01 -4.912733e-01 2.025043e-03 9.937090e-04 -1.904174e-04 1.754162e-03
-2.947640e-01 2.947640e-01 -4.912733e-01 2.617335e-03 4.236399e-04 -4.614528e-04 2.541266e-03
-9.825467e-02 2.947640e-01 -4.912733e-01 2.491809e-03 -2.157612e-04 -3.776446e-04 2.453558e-03
9.825467e-02 2.947640e-01 -4.912733e-01 2.491810e-03 2.157613e-04 -3.776447e-04 2.453558e-03
2.947640e-01 2.947640e-01 -4.912733e-01 2.617335e-03 -4.236400e-04 -4.614530e-04 2.541266e-03
4.912733e-01 2.947640e-01 -4.912733e-01 2.025043e-03 -9.937089e-04 -1.904175e-04 1.754162e-03
6.877827e-01 2.947640e-01 -4.912733e-01 1.151839e-03 3.757027e-04 7.834116e-05 -1.086022e-03
-6.877827e-01 4.912733e-01 -4.912733e-01 1.635343e-03 -3.075423e-04 1.823952e-04 -1.595775e-03
-4.912733e-01 4.912733e-01 -4.912733e-01 1.435286e-03 5.582295e-04 -1.185177e-04 1.316958e-03
-2.947640e-01 4.912733e-01 -4.912733e-01 2.399018e-03 2.433938e-04 -6.451515e-04 2.297787e-03
-9.825467e-02 4.912733e-01 -4.912733e-01 1.717833e-03 -1.541559e-04 -4.154438e-04 1.659697e-03
9.825467e-02 4.912733e-01 -4.912733e-01 1.717833e-03 1.541559e-04 -4.154440e-04 1.659697e-03
2.947640e-01 4.912733e-01 -4.912733e-01 2.399018e-03 -2.433938e-04 -6.451516e-04 2.297788e-03
4.912733e-01 4.912733e-01 -4.912733e-01 1.435286e-03 -5.582295e-04 -1.185178e-04 1.316958e-03
6.877827e-01 4.912733e-01 -4.912733e-01 1.635343e-03 3.075422e-04 1.823951e-04 -1.595775e-03
-4.912733e-01 6.877827e-01 -4.912733e-01 8.721232e-04 3.328746e-05 4.228240e-05 -8.704614e-04
-2.947640e-01 6.877827e-01 -4.912733e-01 3.938102e-04 1.515215e-06 -3.391097e-04 -2.002219e-04
-9.825467e-02 6.877827e-01 -4.912733e-01 4.625281e-04 -2.634635e-05 -1.496869e-04 4.368431e-04
9.825467e-02 6.877827e-01 -4.912733e-01 4.625282e-04 2.634620e-05 -1.496870e-04 4.368432e-04
2.947640e-01 6.877827e-01 -4.912733e-01 3.938101e-04 -1.515188e-06 -3.391098e-04 -2.002215e-04
4.912733e-01 6.877827e-01 -4.912733e-01 8.721230e-04 -3.328740e-05 4.228235e-05 -8.704612e-04
-2.947640e-01 -8.842920e-01 -2.947640e-01 1.033892e-03 -5.348591e-04 2.291994e-04 -8.545918e-04
-9.825467e-02 -8.842920e-01 -2.947640e-01 3.154583e-04 -1.676876e-04 4.102092e-05 -2.640305e-04
9.825467e-02 -8.842920e-01 -2.947640e-01 3.154583e-04 1.676877e-04 4.102089e-05 -2.640304e-04
2.947640e-01 -8.842920e-01 -2.947640e-01 1.033892e-03 5.348592e-04 2.291993e-04 -8.545915e-04
-4.912733e-01 -6.877827e-01 -2.947640e-01 1.281323e-03 1.218171e-04 1.307375e-04 1.268801e-03
-2.947640e-01 -6.877827e-01 -2.947640e-01 1.199383e-03 -3.274852e-04 1.801561e-04 1.139656e-03
-9.825467e-02 -6.877827e-01 -2.947640e-01 1.076226e-03 -2.088758e-04 1.575354e-04 1.043943e-03
9.825467e-02 -6.877827e-01 -2.947640e-01 1.076227e-03 2.088758e-04 1.575354e-04 1.043943e-03
2.947640e-01 -6.877827e-01 -2.947640e-01 1.199383e-03 3.274852e-04 1.801561e-04 1.139656e-03
4.912733e-01 -6.877827e-01 -2.947640e-01 1.281323e-03 -1.218172e-04 1.307371e-04 1.268801e-03
-6.877827e-01 -4.912733e-01 -2.947640e-01 1.408539e-03 3.668759e-04 2.660353e-04 1.333645e-03
-4.912733e-01 -4.912733e-01 -2.947640e-01 1.080719e-03 2.228656e-04 9.267022e-05 1.053422e-03
-2.947640e-01 -4.912733e-01 -2.947640e-01 8.160908e-04 -4.025277e-04 -1.203236e-04 6.996412e-04
-9.825467e-02 -4.912733e-01 -2.947640e-01 1.101547e-03 -1.308059e-04 1.420463e-04 1.084490e-03
9.825467e-02 -4.912733e-01 -2.947640e-01 1.101547e-03 1.308060e-04 1.420463e-04 1.084490e-03
2.947640e-01 -4.912733e-01 -2.947640e-01 8.160906e-04 4.025276e-04 -1.203236e-04 6.996411e-04
4.912733e-01 -4.912733e-01 -2.947640e-01 1.080719e-03 -2.228658e-04 9.266997e-05 1.053422e-03
6.877827e-01 -4.912733e-01 -2.947640e-01 1.408539e-03 -3.668758e-04 2.660349e-04 1.333645e-03
-8.842920e-01 -2.947640e-01 -2.947640e-01 1.631197e-03 -2.532367e-04 6.486524e-04 -1.475102e-03
-6.877827e-01 -2.947640e-01 -2.947640e-01 1.546873e-03 1.848336e-04 3.451735e-04 1.496498e-03
-4.912733e-01 -2.947640e-01 -2.947640e-01 9.974726e-04 -9.222097e-05 -4.472457e-05 9.921928e-04
-2.947640e-01 -2.947640e-01 -2.947640e-01 8.285107e-04 -2.299377e-04 -8.695657e-05 7.911999e-04
-9.825467e-02 -2.947640e-01 -2.947640e-01 1.283107e-03 4.201022e-05 2.349346e-04 1.260716e-03
9.825467e-02 -2.947640e-01 -2.947640e-01 1.283107e-03 -4.201020e-05 2.349346e-04 1.260716e-03
2.947640e-01 -2.947640e-01 -2.947640e-01 8.285104e-04 2.299375e-04 -8.695660e-05 7.911996e-04
4.912733e-01 -2.947640e-01 -2.947640e-01 9.974721e-04 9.222059e-05 -4.472465e-05 9.921924e-04
6.877827e-01 -2.947640e-01 -2.947640e-01 1.546872e-03 -1.848333e-04 3.451731e-04 1.496498e-03
8.842920e-01 -2.947640e-01 -2.947640e-01 1.631198e-03 2.532375e-04 6.486522e-04 -1.475103e-03
-8.842920e-01 -9.825467e-02 -2.947640e-01 2.840363e-03 -1.019252e-03 4.635606e-04 -2.610344e-03
-6.877827e-01 -9.825467e-02 -2.947640e-01 1.472127e-03 -1.878287e-04 1.300236e-04 1.454295e-03
-4.912733e-01 -9.825467e-02 -2.947640e-01 1.165960e-03 -2.034605e-04 -2.154924e-05 1.147868e-03
-2.947640e-01 -9.825467e-02 -2.947640e-01 1.083516e-03 -5.358229e-05 3.255440e-06 1.082185e-03
-9.825467e-02 -9.825467e-02 -2.947640e-01 1.387346e-03 1.677771e-04 1.246521e-04 1.371511e-03
9.825467e-02 -9.825467e-02 -2.947640e-01 1.387346e-03 -1.677771e-04 1.246521e-04 1.371511e-03
2.947640e-01 -9.825467e-02 -2.947640e-01 1.083515e-03 5.358208e-05 3.255433e-06 1.082185e-03
4.912733e-01 -9.825467e-02 -2.947640e-01 1.165959e-03 2.034600e-04 -2.154928e-05 1.147868e-03
6.877827e-01 -9.825467e-02 -2.947640e-01 1.472126e-03 1.878287e-04 1.300234e-04 1.454294e-03
8.842920e-01 -9.825467e-02 -2.947640e-01 2.840364e-03 1.019253e-03 4.635605e-04 -2.610345e-03
-8.842920e-01 9.825467e-02 -2.947640e-01 2.840363e-03 -1.019252e-03 -4.635606e-04 -2.610345e-03
-6.877827e-01 9.825467e-02 -2.947640e-01 1.472127e-03 -1.878287e-04 -1.300239e-04 1.454295e-03
-4.912733e-01 9.825467e-02 -2.947640e-01 1.165960e-03 -2.034603e-04 2.154905e-05 1.147869e-03
-2.947640e-01 9.825467e-02 -2.947640e-01 1.083516e-03 -5.358201e-05 -3.255252e-06 1.082186e-03
-9.825467e-02 9.825467e-02 -2.947640e-01 1.387347e-03 1.677772e-04 -1.246515e-04 1.371512e-03
9.825467e-02 9.825467e-02 -2.947640e-01 1.387347e-03 -1.677772e-04 -1.246514e-04 1.371512e-03
2.947640e-01 9.825467e-02 -2.947640e-01 1.083516e-03 5.358180e-05 -3.255245e-06 1.082185e-03
4.912733e-01 9.825467e-02 -2.947640e-01 1.165960e-03 2.034598e-04 2.154909e-05 1.147868e-03
6.877827e-01 9.825467e-02 -2.947640e-01 1.472126e-03 1.878288e-04 -1.300237e-04 1.454294e-03
8.842920e-01 9.825467e-02 -2.947640e-01 2.840364e-03 1.019253e-03 -4.635604e-04 -2.610346e-03
-8.842920e-01 2.947640e-01 -2.947640e-01 1.631198e-03 -2.532371e-04 -6.486523e-04 -1.475102e-03
-6.877827e-01 2.947640e-01 -2.947640e-01 1.546872e-03 1.848333e-04 -3.451735e-04 1.496498e-03
-4.912733e-01 2.947640e-01 -2.947640e-01 9.974732e-04 -9.222073e-05 4.472422e-05 9.921934e-04
-2.947640e-01 2.947640e-01 -2.947640e-01 8.285121e-04 -2.299372e-04 8.695615e-05 7.912015e-04
-9.825467e-02 2.947640e-01 -2.947640e-01 1.283109e-03 4.201050e-05 -2.349350e-04 1.260718e-03
9.825467e-02 2.947640e-01 -2.947640e-01 1.283109e-03 -4.201048e-05 -2.349350e-04 1.260718e-03
2.947640e-01 2.947640e-01 -2.947640e-01 8.285118e-04 2.299370e-04 8.695619e-05 7.912012e-04
4.912733e-01 2.947640e-01 -2.947640e-01 9.974727e-04 9.222035e-05 4.472430e-05 9.921930e-04
6.877827e-01 2.947640e-01 -2.947640e-01 1.546872e-03 -1.848330e-04 -3.451731e-04 1.496497e-03
8.842920e-01 2.947640e-01 -2.947640e-01 1.631199e-03 2.532379e-04 -6.486521e-04 -1.475104e-03
-6.877827e-01 4.912733e-01 -2.947640e-01 1.408538e-03 3.668754e-04 -2.660352e-04 1.333645e-03
-4.912733e-01 4.912733e-01 -2.947640e-01 1.080719e-03 2.228653e-04 -9.267026e-05 1.053422e-03
-2.947640e-01 4.912733e-01 -2.947640e-01 8.160914e-04 -4.025274e-04 1.203230e-04 6.996423e-04
-9.825467e-02 4.912733e-01 -2.947640e-01 1.101549e-03 -1.308056e-04 -1.420469e-04 1.084492e-03
9.825467e-02 4.912733e-01 -2.947640e-01 1.101549e-03 1.308057e-04 -1.420469e-04 1.084491e-03
2.947640e-01 4.912733e-01 -2.947640e-01 8.160912e-04 4.025272e-04 1.203230e-04 6.996421e-04
4.912733e-01 4.912733e-01 -2.947640e-01 1.080719e-03 -2.228655e-04 -9.267001e-05 1.053421e-03
6.877827e-01 4.912733e-01 -2.947640e-01 1.408538e-03 -3.668753e-04 -2.660348e-04 1.333644e-03
-4.912733e-01 6.877827e-01 -2.947640e-01 1.281322e-03 1.218166e-04 -1.307370e-04 1.268800e-03
-2.947640e-01 6.877827e-01 -2.947640e-01 1.199382e-03 -3.274853e-04 -1.801557e-04 1.139655e-03
-9.825467e-02 6.877827e-01 -2.947640e-01 1.076226e-03 -2.088756e-04 -1.575354e-04 1.043943e-03
9.825467e-02 6.877827e-01 -2.947640e-01 1.076226e-03 2.088756e-04 -1.575354e-04 1.043943e-03
2.947640e-01 6.877827e-01 -2.947640e-01 1.199382e-03 3.274853e-04 -1.801556e-04 1.139655e-03
4.912733e-01 6.877827e-01 -2.947640e-01 1.281322e-03 -1.218167e-04 -1.307367e-04 1.268800e-03
-2.947640e-01 8.842920e-01 -2.947640e-01 1.033894e-03 -5.348592e-04 -2.291986e-04 -8.545932e-04
-9.825467e-02 8.842920e-01 -2.947640e-01 3.154593e-04 -1.676876e-04 -4.102032e-05 -2.640317e-04
9.825467e-02 8.842920e-01 -2.947640e-01 3.154592e-04 1.676877e-04 -4.102028e-05 -2.640316e-04
2.947640e-01 8.842920e-01 -2.947640e-01 1.033893e-03 5.348593e-04 -2.291985e-04 -8.545930e-04
-2.947640e-01 -8.842920e-01 -9.825467e-02 5.943026e-04 -2.565904e-04 -5.070781e-04 1.738641e-04
-9.825467e-02 -8.842920e-01 -9.825467e-02 7.364619e-04 -4.653070e-05 -1.926688e-04 7.092882e-04
9.825467e-02 -8.842920e-01 -9.825467e-02 7.364619e-04 4.653089e-05 -1.926689e-04 7.092881e-04
2.947640e-01 -8.842920e-01 -9.825467e-02 5.943028e-04 2.565906e-04 -5.070783e-04 1.738640e-04
-6.877827e-01 -6.877827e-01 -9.825467e-02 1.536981e-03 -2.129690e-04 -4.329212e-04 -1.459292e-03
-4.912733e-01 -6.877827e-01 -9.825467e-02 3.783217e-04 -4.707282e-05 -2.699863e-04 2.608043e-04
-2.947640e-01 -6.877827e-01 -9.825467e-02 9.353543e-04 1.207455e-04 8.355203e-05 9.237571e-04
-9.825467e-02 -6.877827e-01 -9.825467e-02 1.686277e-03 2.214599e-04 5.636664e-04 1.573775e-03
9.825467e-02 -6.877827e-01 -9.825467e-02 1.686277e-03 -2.214599e-04 5.636663e-04 1.573774e-03
2.947640e-01 -6.877827e-01 -9.825467e-02 9.353540e-04 -1.207454e-04 8.355184e-05 9.237569e-04
4.912733e-01 -6.877827e-01 -9.825467e-02 3.783218e-04 4.707274e-05 -2.699865e-04 2.608042e-04
6.877827e-01 -6.877827e-01 -9.825467e-02 1.536981e-03 2.129689e-04 -4.329214e-04 -1.459292e-03
-6.877827e-01 -4.912733e-01 -9.825467e-02 3.396988e-04 4.051050e-06 -9.713668e-05 3.254893e-04
-4.912733e-01 -4.912733e-01 -9.825467e-02 1.815097e-03 4.298706e-04 4.773106e-04 1.697634e-03
-2.947640e-01 -4.912733e-01 -9.825467e-02 2.250083e-03 4.974632e-04 7.864662e-04 2.048627e-03
-9.825467e-02 -4.912733e-01 -9.825467e-02 2.076106e-03 3.446269e-04 8.541548e-04 1.860609e-03
9.825467e-02 -4.912733e-01 -9.825467e-02 2.076106e-03 -3.446269e-04 8.541548e-04 1.860609e-03
2.947640e-01 -4.912733e-01 -9.825467e-02 2.250083e-03 -4.974632e-04 7.864662e-04 2.048627e-03
4.912733e-01 -4.912733e-01 -9.825467e-02 1.815097e-03 -4.298706e-04 4.773106e-04 1.697634e-03
6.877827e-01 -4.912733e-01 -9.825467e-02 3.396989e-04 -4.051250e-06 -9.713668e-05 3.254895e-04
-8.842920e-01 -2.947640e-01 -9.825467e-02 1.247602e-03 -7.389759e-04 -9.142850e-05 -1.001032e-03
-6.877827e-01 -2.947640e-01 -9.825467e-02 1.596926e-03 6.348187e-04 2.214535e-04 1.448494e-03
-4.912733e-01 -2.947640e-01 -9.825467e-02 2.871060e-03 8.706548e-04 7.453341e-04 2.632379e-03
-2.947640e-01 -2.947640e-01 -9.825467e-02 2.215132e-03 4.991914e-04 7.472180e-04 2.024668e-03
-9.825467e-02 -2.947640e-01 -9.825467e-02 1.291875e-03 2.503944e-04 5.576049e-04 1.138121e-03
9.825467e-02 -2.947640e-01 -9.825467e-02 1.291875e-03 -2.503944e-04 5.576050e-04 1.138121e-03
2.947640e-01 -2.947640e-01 -9.825467e-02 2.215132e-03 -4.991913e-04 7.472180e-04 2.024668e-03
4.912733e-01 -2.947640e-01 -9.825467e-02 2.871060e-03 -8.706549e-04 7.453343e-04 2.632379e-03
6.877827e-01 -2.947640e-01 -9.825467e-02 1.596926e-03 -6.348190e-04 2.214537e-04 1.448495e-03
8.842920e-01 -2.947640e-01 -9.825467e-02 1.247602e-03 7.389759e-04 -9.142843e-05 -1.001032e-03
-8.842920e-01 -9.825467e-02 -9.825467e-02 1.626237e-03 -8.587507e-04 -2.247599e-05 -1.380829e-03
-6.877827e-01 -9.825467e-02 -9.825467e-02 2.313063e-03 1.085563e-03 1.152165e-04 2.039249e-03
-4.912733e-01 -9.825467e-02 -9.825467e-02 2.898048e-03 1.053545e-03 3.013252e-04 2.682895e-03
-2.947640e-01 -9.825467e-02 -9.825467e-02 1.579328e-03 3.770856e-04 2.656027e-04 1.510476e-03
-9.825467e-02 -9.825467e-02 -9.825467e-02 5.427390e-04 1.432323e-04 1.542702e-04 5.002508e-04
9.825467e-02 -9.825467e-02 -9.825467e-02 5.427391e-04 -1.432322e-04 1.542702e-04 5.002509e-04
2.947640e-01 -9.825467e-02 -9.825467e-02 1.579328e-03 -3.770854e-04 2.656027e-04 1.510476e-03
4.912733e-01 -9.825467e-02 -9.825467e-02 2.898048e-03 -1.053545e-03 3.013252e-04 2.682895e-03
6.877827e-01 -9.825467e-02 -9.825467e-02 2.313063e-03 -1.085563e-03 1.152165e-04 2.039250e-03
8.842920e-01 -9.825467e-02 -9.825467e-02 1.626237e-03 8.587507e-04 -2.247594e-05 -1.380829e-03
-8.842920e-01 9.825467e-02 -9.825467e-02 1.626237e-03 -8.587507e-04 2.247596e-05 -1.380829e-03
-6.877827e-01 9.825467e-02 -9.825467e-02 2.313063e-03 1.085563e-03 -1.152163e-04 2.039250e-03
-4.912733e-01 9.825467e-02 -9.825467e-02 2.898048e-03 1.053545e-03 -3.013248e-04 2.682895e-03
-2.947640e-01 9.825467e-02 -9.825467e-02 1.579328e-03 3.770853e-04 -2.656027e-04 1.510476e-03
-9.825467e-02 9.825467e-02 -9.825467e-02 5.427386e-04 1.432321e-04 -1.542706e-04 5.002503e-04
9.825467e-02 9.825467e-02 -9.825467e-02 5.427387e-04 -1.432321e-04 -1.542706e-04 5.002504e-04
2.947640e-01 9.825467e-02 -9.825467e-02 1.579327e-03 -3.770851e-04 -2.656027e-04 1.510476e-03
4.912733e-01 9.825467e-02 -9.825467e-02 2.898048e-03 -1.053545e-03 -3.013249e-04 2.682895e-03
6.877827e-01 9.825467e-02 -9.825467e-02 2.313064e-03 -1.085564e-03 -1.152164e-04 2.039250e-03
8.842920e-01 9.825467e-02 -9.825467e-02 1.626237e-03 8.587507e-04 2.247591e-05 -1.380829e-03
-8.842920e-01 2.947640e-01 -9.825467e-02 1.247602e-03 -7.389760e-04 9.142851e-05 -1.001032e-03
-6.877827e-01 2.947640e-01 -9.825467e-02 1.596927e-03 6.348191e-04 -2.214536e-04 1.448495e-03
-4.912733e-01 2.947640e-01 -9.825467e-02 2.871060e-03 8.706550e-04 -7.453339e-04 2.632380e-03
-2.947640e-01 2.947640e-01 -9.825467e-02 2.215131e-03 4.991909e-04 -7.472175e-04 2.024668e-03
-9.825467e-02 2.947640e-01 -9.825467e-02 1.291874e-03 2.503941e-04 -5.576043e-04 1.138120e-03
9.825467e-02 2.947640e-01 -9.825467e-02 1.291874e-03 -2.503941e-04 -5.576043e-04 1.138120e-03
2.947640e-01 2.947640e-01 -9.825467e-02 2.215131e-03 -4.991908e-04 -7.472175e-04 2.024668e-03
4.912733e-01 2.947640e-01 -9.825467e-02 2.871060e-03 -8.706550e-04 -7.453341e-04 2.632380e-03
6.877827e-01 2.947640e-01 -9.825467e-02 1.596927e-03 -6.348193e-04 -2.214537e-04 1.448495e-03
8.842920e-01 2.947640e-01 -9.825467e-02 1.247602e-03 7.389760e-04 9.142843e-05 -1.001032e-03
-6.877827e-01 4.912733e-01 -9.825467e-02 3.396991e-04 4.051344e-06 9.713652e-05 3.254898e-04
-4.912733e-01 4.912733e-01 -9.825467e-02 1.815098e-03 4.298710e-04 -4.773109e-04 1.697635e-03
-2.947640e-01 4.912733e-01 -9.825467e-02 2.250083e-03 4.974634e-04 -7.864660e-04 2.048628e-03
-9.825467e-02 4.912733e-01 -9.825467e-02 2.076105e-03 3.446268e-04 -8.541541e-04 1.860609e-03
9.825467e-02 4.912733e-01 -9.825467e-02 2.076105e-03 -3.446269e-04 -8.541541e-04 1.860609e-03
2.947640e-01 4.912733e-01 -9.825467e-02 2.250083e-03 -4.974633e-04 -7.864661e-04 2.048628e-03
4.912733e-01 4.912733e-01 -9.825467e-02 1.815098e-03 -4.298711e-04 -4.773110e-04 1.697635e-03
6.877827e-01 4.912733e-01 -9.825467e-02 3.396993e-04 -4.051544e-06 9.713652e-05 3.254899e-04
-6.877827e-01 6.877827e-01 -9.825467e-02 1.536981e-03 -2.129691e-04 4.329212e-04 -1.459292e-03
-4.912733e-01 6.877827e-01 -9.825467e-02 3.783219e-04 -4.707263e-05 2.699859e-04 2.608050e-04
-2.947640e-01 6.877827e-01 -9.825467e-02 9.353558e-04 1.207460e-04 -8.355275e-05 9.237586e-04
-9.825467e-02 6.877827e-01 -9.825467e-02 1.686279e-03 2.214602e-04 -5.636671e-04 1.573776e-03
9.825467e-02 6.877827e-01 -9.825467e-02 1.686279e-03 -2.214602e-04 -5.636670e-04 1.573776e-03
2.947640e-01 6.877827e-01 -9.825467e-02 9.353556e-04 -1.207458e-04 -8.355256e-05 9.237583e-04
4.912733e-01 6.877827e-01 -9.825467e-02 3.783220e-04 4.707255e-05 2.699862e-04 2.608049e-04
6.877827e-01 6.877827e-01 -9.825467e-02 1.536981e-03 2.129689e-04 4.329214e-04 -1.459292e-03
-2.947640e-01 8.842920e-01 -9.825467e-02 5.943021e-04 -2.565903e-04 5.070776e-04 1.738642e-04
-9.825467e-02 8.842920e-01 -9.825467e-02 7.364621e-04 -4.653061e-05 1.926680e-04 7.092887e-04
9.825467e-02 8.842920e-01 -9.825467e-02 7.364621e-04 4.653080e-05 1.926681e-04 7.092886e-04
2.947640e-01 8.842920e-01 -9.825467e-02 5.943023e-04 2.565905e-04 5.070777e-04 1.738641e-04
-2.947640e-01 -8.842920e-01 9.825467e-02 7.235703e-04 -1.748362e-05 1.049060e-04 7.157115e-04
-9.825467e-02 -8.842920e-01 9.825467e-02 7.819206e-04 1.488109e-05 1.917721e-04 7.578930e-04
9.825467e-02 -8.842920e-01 9.825467e-02 7.819205e-04 -1.488114e-05 1.917720e-04 7.578929e-04
2.947640e-01 -8.842920e-01 9.825467e-02 7.235700e-04 1.748368e-05 1.049057e-04 7.157113e-04
-6.877827e-01 -6.877827e-01 9.825467e-02 2.221353e-03 -6.232486e-05 3.430969e-04 2.193812e-03
-4.912733e-01 -6.877827e-01 9.825467e-02 1.439763e-03 1.690700e-04 3.843983e-04 1.377161e-03
-2.947640e-01 -6.877827e-01 9.825467e-02 1.447665e-03 1.154820e-04 4.160520e-04 1.381774e-03
-9.825467e-02 -6.877827e-01 9.825467e-02 1.009936e-03 2.650068e-05 2.998899e-04 9.640198e-04
9.825467e-02 -6.877827e-01 9.825467e-02 1.009936e-03 -2.650095e-05 2.998899e-04 9.640198e-04
2.947640e-01 -6.877827e-01 9.825467e-02 1.447665e-03 -1.154820e-04 4.160519e-04 1.381774e-03
4.912733e-01 -6.877827e-01 9.825467e-02 1.439763e-03 -1.690698e-04 3.843983e-04 1.377160e-03
6.877827e-01 -6.877827e-01 9.825467e-02 2.221353e-03 6.232490e-05 3.430968e-04 2.193812e-03
-6.877827e-01 -4.912733e-01 9.825467e-02 2.020310e-03 -1.580474e-04 6.446587e-04 1.908163e-03
-4.912733e-01 -4.912733e-01 9.825467e-02 1.125814e-03 -1.364557e-04 2.953689e-04 1.077773e-03
-2.947640e-01 -4.912733e-01 9.825467e-02 5.138880e-04 -9.852173e-05 3.232636e-05 5.033184e-04
-9.825467e-02 -4.912733e-01 9.825467e-02 3.316791e-04 6.167455e-06 1.448405e-04 2.983190e-04
9.825467e-02 -4.912733e-01 9.825467e-02 3.316792e-04 -6.167567e-06 1.448406e-04 2.983191e-04
2.947640e-01 -4.912733e-01 9.825467e-02 5.138880e-04 9.852168e-05 3.232653e-05 5.033184e-04
4.912733e-01 -4.912733e-01 9.825467e-02 1.125814e-03 1.364557e-04 2.953689e-04 1.077773e-03
6.877827e-01 -4.912733e-01 9.825467e-02 2.020309e-03 1.580474e-04 6.446586e-04 1.908163e-03
-8.842920e-01 -2.947640e-01 9.825467e-02 2.046908e-03 4.668225e-04 4.106652e-04 1.950196e-03
-6.877827e-01 -2.947640e-01 9.825467e-02 1.439816e-03 1.876702e-04 2.776892e-04 1.400264e-03
-4.912733e-01 -2.947640e-01 9.825467e-02 4.357422e-04 -4.064910e-04 -1.000035e-04 1.209778e-04
-2.947640e-01 -2.947640e-01 9.825467e-02 4.042799e-04 2.269245e-04 2.430837e-04 2.299082e-04
-9.825467e-02 -2.947640e-01 9.825467e-02 8.427974e-04 2.240753e-04 6.632465e-04 4.692565e-04
9.825467e-02 -2.947640e-01 9.825467e-02 8.427974e-04 -2.240753e-04 6.632466e-04 4.692566e-04
2.947640e-01 -2.947640e-01 9.825467e-02 4.042799e-04 -2.269246e-04 2.430837e-04 2.299082e-04
4.912733e-01 -2.947640e-01 9.825467e-02 4.357420e-04 4.064909e-04 -1.000035e-04 1.209774e-04
6.877827e-01 -2.947640e-01 9.825467e-02 1.439815e-03 -1.876702e-04 2.776889e-04 1.400263e-03
8.842920e-01 -2.947640e-01 9.825467e-02 2.046908e-03 -4.668224e-04 4.106651e-04 1.950196e-03
-8.842920e-01 -9.825467e-02 9.825467e-02 2.902810e-03 1.486334e-04 2.974689e-04 2.883700e-03
-6.877827e-01 -9.825467e-02 9.825467e-02 9.056094e-04 -3.528373e-04 2.161987e-05 8.337667e-04
-4.912733e-01 -9.825467e-02 9.825467e-02 2.360410e-04 -2.228378e-04 -4.473062e-05 -6.370116e-05
-2.947640e-01 -9.825467e-02 9.825467e-02 9.445676e-04 7.239735e-04 2.314497e-04 5.608043e-04
-9.825467e-02 -9.825467e-02 9.825467e-02 9.339255e-04 4.202705e-04 4.254060e-04 7.173697e-04
9.825467e-02 -9.825467e-02 9.825467e-02 9.339255e-04 -4.202705e-04 4.254060e-04 7.173697e-04
2.947640e-01 -9.825467e-02 9.825467e-02 9.445677e-04 -7.239736e-04 2.314497e-04 5.608043e-04
4.912733e-01 -9.825467e-02 9.825467e-02 2.360408e-04 2.228375e-04 -4.473069e-05 -6.370143e-05
6.877827e-01 -9.825467e-02 9.825467e-02 9.056085e-04 3.528373e-04 2.161969e-05 8.337657e-04
8.842920e-01 -9.825467e-02 9.825467e-02 2.902809e-03 -1.486331e-04 2.974688e-04 2.883699e-03
-8.842920e-01 9.825467e-02 9.825467e-02 2.902810e-03 1.486335e-04 -2.974688e-04 2.883700e-03
-6.877827e-01 9.825467e-02 9.825467e-02 9.056095e-04 -3.528374e-04 -2.161966e-05 8.337667e-04
-4.912733e-01 9.825467e-02 9.825467e-02 2.360413e-04 -2.228381e-04 4.473040e-05 -6.370120e-05
-2.947640e-01 9.825467e-02 9.825467e-02 9.445678e-04 7.239733e-04 -2.314505e-04 5.608044e-04
-9.825467e-02 9.825467e-02 9.825467e-02 9.339262e-04 4.202705e-04 -4.254071e-04 7.173700e-04
9.825467e-02 9.825467e-02 9.825467e-02 9.339262e-04 -4.202705e-04 -4.254071e-04 7.173700e-04
2.947640e-01 9.825467e-02 9.825467e-02 9.445678e-04 -7.239734e-04 -2.314505e-04 5.608044e-04
4.912733e-01 9.825467e-02 9.825467e-02 2.360411e-04 2.228378e-04 4.473047e-05 -6.370146e-05
6.877827e-01 9.825467e-02 9.825467e-02 9.056086e-04 3.528374e-04 -2.161948e-05 8.337657e-04
8.842920e-01 9.825467e-02 9.825467e-02 2.902809e-03 -1.486332e-04 -2.974688e-04 2.883699e-03
-8.842920e-01 2.947640e-01 9.825467e-02 2.046908e-03 4.668228e-04 -4.106652e-04 1.950196e-03
-6.877827e-01 2.947640e-01 9.825467e-02 1.439816e-03 1.876702e-04 -2.776891e-04 1.400264e-03
-4.912733e-01 2.947640e-01 9.825467e-02 4.357429e-04 -4.064918e-04 1.000036e-04 1.209776e-04
-2.947640e-01 2.947640e-01 9.825467e-02 4.042797e-04 2.269239e-04 -2.430838e-04 2.299083e-04
-9.825467e-02 2.947640e-01 9.825467e-02 8.427980e-04 2.240751e-04 -6.632470e-04 4.692571e-04
9.825467e-02 2.947640e-01 9.825467e-02 8.427980e-04 -2.240751e-04 -6.632470e-04 4.692571e-04
2.947640e-01 2.947640e-01 9.825467e-02 4.042797e-04 -2.269240e-04 -2.430838e-04 2.299083e-04
4.912733e-01 2.947640e-01 9.825467e-02 4.357427e-04 4.064917e-04 1.000037e-04 1.209773e-04
6.877827e-01 2.947640e-01 9.825467e-02 1.439815e-03 -1.876701e-04 -2.776888e-04 1.400263e-03
8.842920e-01 2.947640e-01 9.825467e-02 2.046908e-03 -4.668226e-04 -4.106651e-04 1.950196e-03
-6.877827e-01 4.912733e-01 9.825467e-02 2.020310e-03 -1.580473e-04 -6.446588e-04 1.908163e-03
-4.912733e-01 4.912733e-01 9.825467e-02 1.125814e-03 -1.364562e-04 -2.953686e-04 1.077773e-03
-2.947640e-01 4.912733e-01 9.825467e-02 5.138878e-04 -9.852254e-05 -3.232563e-05 5.033181e-04
-9.825467e-02 4.912733e-01 9.825467e-02 3.316786e-04 6.167151e-06 -1.448398e-04 2.983188e-04
9.825467e-02 4.912733e-01 9.825467e-02 3.316787e-04 -6.167262e-06 -1.448399e-04 2.983188e-04
2.947640e-01 4.912733e-01 9.825467e-02 5.138879e-04 9.852248e-05 -3.232580e-05 5.033181e-04
4.912733e-01 4.912733e-01 9.825467e-02 1.125814e-03 1.364563e-04 -2.953686e-04 1.077773e-03
6.877827e-01 4.912733e-01 9.825467e-02 2.020310e-03 1.580473e-04 -6.446588e-04 1.908163e-03
-6.877827e-01 6.877827e-01 9.825467e-02 2.221353e-03 -6.232455e-05 -3.430972e-04 2.193812e-03
-4.912733e-01 6.877827e-01 9.825467e-02 1.439763e-03 1.690700e-04 -3.843984e-04 1.377161e-03
-2.947640e-01 6.877827e-01 9.825467e-02 1.447665e-03 1.154817e-04 -4.160515e-04 1.381774e-03
-9.825467e-02 6.877827e-01 9.825467e-02 1.009935e-03 2.650048e-05 -2.998889e-04 9.640193e-04
9.825467e-02 6.877827e-01 9.825467e-02 1.009935e-03 -2.650075e-05 -2.998889e-04 9.640193e-04
2.947640e-01 6.877827e-01 9.825467e-02 1.447665e-03 -1.154817e-04 -4.160514e-04 1.381774e-03
4.912733e-01 6.877827e-01 9.825467e-02 1.439763e-03 -1.690698e-04 -3.843984e-04 1.377161e-03
6.877827e-01 6.877827e-01 9.825467e-02 2.221354e-03 6.232460e-05 -3.430971e-04 2.193812e-03
-2.947640e-01 8.842920e-01 9.825467e-02 7.235711e-04 -1.748352e-05 -1.049064e-04 7.157123e-04
-9.825467e-02 8.842920e-01 9.825467e-02 7.819212e-04 1.488112e-05 -1.917721e-04 7.578937e-04
9.825467e-02 8.842920e-01 9.825467e-02 7.819211e-04 -1.488116e-05 -1.917720e-04 7.578936e-04
2.947640e-01 8.842920e-01 9.825467e-02 7.235708e-04 1.748358e-05 -1.049061e-04 7.157121e-04
-2.947640e-01 -8.842920e-01 2.947640e-01 1.662534e-03 -7.883547e-05 -1.400651e-04 1.654746e-03
-9.825467e-02 -8.842920e-01 2.947640e-01 1.322111e-03 -1.181389e-05 -1.772029e-04 1.310129e-03
9.825467e-02 -8.842920e-01 2.947640e-01 1.322111e-03 1.181381e-05 -1.772029e-04 1.310129e-03
2.947640e-01 -8.842920e-01 2.947640e-01 1.662534e-03 7.883542e-05 -1.400652e-04 1.654746e-03
-4.912733e-01 -6.877827e-01 2.947640e-01 6.445259e-04 -8.408753e-05 -4.053054e-04 4.940349e-04
-2.947640e-01 -6.877827e-01 2.947640e-01 5.023801e-04 3.836454e-05 -3.328614e-05 4.998059e-04
-9.825467e-02 -6.877827e-01 2.947640e-01 5.663393e-04 6.864525e-05 3.061143e-04 4.715104e-04
9.825467e-02 -6.877827e-01 2.947640e-01 5.663395e-04 -6.864531e-05 3.061144e-04 4.715105e-04
2.947640e-01 -6.877827e-01 2.947640e-01 5.023804e-04 -3.836465e-05 -3.328597e-05 4.998062e-04
4.912733e-01 -6.877827e-01 2.947640e-01 6.445258e-04 8.408756e-05 -4.053052e-04 4.940349e-04
-6.877827e-01 -4.912733e-01 2.947640e-01 3.598642e-04 -1.917113e-04 -2.098355e-04 2.207217e-04
-4.912733e-01 -4.912733e-01 2.947640e-01 9.771932e-04 4.060346e-04 5.254606e-04 7.168917e-04
-2.947640e-01 -4.912733e-01 2.947640e-01 1.414589e-03 6.166076e-04 1.202121e-03 4.192391e-04
-9.825467e-02 -4.912733e-01 2.947640e-01 1.452307e-03 3.268586e-04 1.414646e-03 3.367888e-05
9.825467e-02 -4.912733e-01 2.947640e-01 1.452307e-03 -3.268586e-04 1.414646e-03 3.367889e-05
2.947640e-01 -4.912733e-01 2.947640e-01 1.414589e-03 -6.166076e-04 1.202121e-03 4.192391e-04
4.912733e-01 -4.912733e-01 2.947640e-01 9.771934e-04 -4.060346e-04 5.254608e-04 7.168917e-04
6.877827e-01 -4.912733e-01 2.947640e-01 3.598640e-04 1.917114e-04 -2.098355e-04 2.207214e-04
-8.842920e-01 -2.947640e-01 2.947640e-01 8.613678e-04 -7.299575e-04 -2.736143e-05 4.564733e-04
-6.877827e-01 -2.947640e-01 2.947640e-01 1.277053e-03 6.913370e-04 2.570582e-04 1.042516e-03
-4.912733e-01 -2.947640e-01 2.947640e-01 2.514764e-03 1.424885e-03 1.525173e-03 1.402707e-03
-2.947640e-01 -2.947640e-01 2.947640e-01 1.850687e-03 6.539550e-04 1.465560e-03 -9.216939e-04
-9.825467e-02 -2.947640e-01 2.947640e-01 2.511823e-03 1.418270e-04 8.813750e-04 -2.347832e-03
9.825467e-02 -2.947640e-01 2.947640e-01 2.511823e-03 -1.418270e-04 8.813749e-04 -2.347833e-03
2.947640e-01 -2.947640e-01 2.947640e-01 1.850687e-03 -6.539547e-04 1.465560e-03 -9.216942e-04
4.912733e-01 -2.947640e-01 2.947640e-01 2.514764e-03 -1.424885e-03 1.525173e-03 1.402707e-03
6.877827e-01 -2.947640e-01 2.947640e-01 1.277054e-03 -6.913374e-04 2.570583e-04 1.042516e-03
8.842920e-01 -2.947640e-01 2.947640e-01 8.613677e-04 7.299578e-04 -2.736162e-05 4.564726e-04
-8.842920e-01 -9.825467e-02 2.947640e-01 1.262688e-03 -1.249915e-03 3.759879e-06 1.791090e-04
-6.877827e-01 -9.825467e-02 2.947640e-01 2.693721e-03 1.765466e-03 2.607087e-04 2.017744e-03
-4.912733e-01 -9.825467e-02 2.947640e-01 2.381477e-03 1.843295e-03 8.198569e-04 1.265516e-03
-2.947640e-01 -9.825467e-02 2.947640e-01 2.928254e-03 -2.409786e-06 4.850358e-04 -2.887803e-03
-9.825467e-02 -9.825467e-02 2.947640e-01 4.366242e-03 -1.996296e-04 9.001476e-05 -4.360747e-03
9.825467e-02 -9.825467e-02 2.947640e-01 4.366242e-03 1.996295e-04 9.001475e-05 -4.360747e-03
2.947640e-01 -9.825467e-02 2.947640e-01 2.928255e-03 2.410245e-06 4.850358e-04 -2.887804e-03
4.912733e-01 -9.825467e-02 2.947640e-01 2.381477e-03 -1.843295e-03 8.198571e-04 1.265516e-03
6.877827e-01 -9.825467e-02 2.947640e-01 2.693721e-03 -1.765467e-03 2.607088e-04 2.017744e-03
8.842920e-01 -9.825467e-02 2.947640e-01 1.262688e-03 1.249915e-03 3.759775e-06 1.791081e-04
-8.842920e-01 9.825467e-02 2.947640e-01 1.262688e-03 -1.249915e-03 -3.759925e-06 1.791091e-04
-6.877827e-01 9.825467e-02 2.947640e-01 2.693720e-03 1.765466e-03 -2.607088e-04 2.017744e-03
-4.912733e-01 9.825467e-02 2.947640e-01 2.381477e-03 1.843295e-03 -8.198573e-04 1.265516e-03
-2.947640e-01 9.825467e-02 2.947640e-01 2.928255e-03 -2.409563e-06 -4.850361e-04 -2.887804e-03
-9.825467e-02 9.825467e-02 2.947640e-01 4.366242e-03 -1.996295e-04 -9.001475e-05 -4.360747e-03
9.825467e-02 9.825467e-02 2.947640e-01 4.366242e-03 1.996294e-04 -9.001473e-05 -4.360747e-03
2.947640e-01 9.825467e-02 2.947640e-01 2.928255e-03 2.410019e-06 -4.850361e-04 -2.887804e-03
4.912733e-01 9.825467e-02 2.947640e-01 2.381477e-03 -1.843295e-03 -8.198575e-04 1.265516e-03
6.877827e-01 9.825467e-02 2.947640e-01 2.693721e-03 -1.765467e-03 -2.607089e-04 2.017744e-03
8.842920e-01 9.825467e-02 2.947640e-01 1.262688e-03 1.249915e-03 -3.759821e-06 1.791081e-04
-8.842920e-01 2.947640e-01 2.947640e-01 8.613676e-04 -7.299573e-04 2.736137e-05 4.564733e-04
-6.877827e-01 2.947640e-01 2.947640e-01 1.277053e-03 6.913368e-04 -2.570582e-04 1.042516e-03
-4.912733e-01 2.947640e-01 2.947640e-01 2.514764e-03 1.424885e-03 -1.525173e-03 1.402707e-03
-2.947640e-01 2.947640e-01 2.947640e-01 1.850688e-03 6.539552e-04 -1.465561e-03 -9.216944e-04
-9.825467e-02 2.947640e-01 2.947640e-01 2.511824e-03 1.418272e-04 -8.813754e-04 -2.347833e-03
9.825467e-02 2.947640e-01 2.947640e-01 2.511824e-03 -1.418273e-04 -8.813753e-04 -2.347833e-03
2.947640e-01 2.947640e-01 2.947640e-01 1.850688e-03 -6.539550e-04 -1.465560e-03 -9.216947e-04
4.912733e-01 2.947640e-01 2.947640e-01 2.514764e-03 -1.424885e-03 -1.525173e-03 1.402707e-03
6.877827e-01 2.947640e-01 2.947640e-01 1.277053e-03 -6.913371e-04 -2.570583e-04 1.042516e-03
8.842920e-01 2.947640e-01 2.947640e-01 8.613675e-04 7.299575e-04 2.736155e-05 4.564727e-04
-6.877827e-01 4.912733e-01 2.947640e-01 3.598644e-04 -1.917114e-04 2.098355e-04 2.207221e-04
-4.912733e-01 4.912733e-01 2.947640e-01 9.771932e-04 4.060342e-04 -5.254604e-04 7.168920e-04
-2.947640e-01 4.912733e-01 2.947640e-01 1.414589e-03 6.166076e-04 -1.202121e-03 4.192394e-04
-9.825467e-02 4.912733e-01 2.947640e-01 1.452307e-03 3.268587e-04 -1.414647e-03 3.367900e-05
9.825467e-02 4.912733e-01 2.947640e-01 1.452307e-03 -3.268586e-04 -1.414647e-03 3.367901e-05
2.947640e-01 4.912733e-01 2.947640e-01 1.414589e-03 -6.166076e-04 -1.202121e-03 4.192395e-04
4.912733e-01 4.912733e-01 2.947640e-01 9.771933e-04 -4.060343e-04 -5.254606e-04 7.168920e-04
6.877827e-01 4.912733e-01 2.947640e-01 3.598642e-04 1.917115e-04 2.098355e-04 2.207217e-04
-4.912733e-01 6.877827e-01 2.947640e-01 6.445263e-04 -8.408776e-05 4.053055e-04 4.940353e-04
-2.947640e-01 6.877827e-01 2.947640e-01 5.023806e-04 3.836429e-05 3.328662e-05 4.998064e-04
-9.825467e-02 6.877827e-01 2.947640e-01 5.663397e-04 6.864518e-05 -3.061139e-04 4.715112e-04
9.825467e-02 6.877827e-01 2.947640e-01 5.663399e-04 -6.864524e-05 -3.061140e-04 4.715113e-04
2.947640e-01 6.877827e-01 2.947640e-01 5.023809e-04 -3.836440e-05 3.328645e-05 4.998067e-04
4.912733e-01 6.877827e-01 2.947640e-01 6.445262e-04 8.408779e-05 4.053053e-04 4.940353e-04
-2.947640e-01 8.842920e-01 2.947640e-01 1.662535e-03 -7.883549e-05 1.400656e-04 1.654747e-03
-9.825467e-02 8.842920e-01 2.947640e-01 1.322112e-03 -1.181392e-05 1.772037e-04 1.310130e-03
9.825467e-02 8.842920e-01 2.947640e-01 1.322112e-03 1.181384e-05 1.772037e-04 1.310130e-03
2.947640e-01 8.842920e-01 2.947640e-01 1.662535e-03 7.883544e-05 1.400657e-04 1.654747e-03
-4.912733e-01 -6.877827e-01 4.912733e-01 5.386054e-04 -2.005883e-04 -1.272201e-04 4.833996e-04
-2.947640e-01 -6.877827e-01 4.912733e-01 3.024671e-04 9.242377e-05 2.620569e-04 1.194587e-04
-9.825467e-02 -6.877827e-01 4.912733e-01 6.838264e-04 2.062567e-04 4.674799e-04 4.544659e-04
9.825467e-02 -6.877827e-01 4.912733e-01 6.838263e-04 -2.062566e-04 4.674798e-04 4.544658e-04
2.947640e-01 -6.877827e-01 4.912733e-01 3.024673e-04 -9.242387e-05 2.620570e-04 1.194588e-04
4.912733e-01 -6.877827e-01 4.912733e-01 5.386053e-04 2.005882e-04 -1.272200e-04 4.833996e-04
-6.877827e-01 -4.912733e-01 4.912733e-01 1.610079e-03 -2.724390e-04 5.221609e-04 1.498492e-03
-4.912733e-01 -4.912733e-01 4.912733e-01 8.651388e-04 2.686412e-04 7.014137e-04 4.293202e-04
-2.947640e-01 -4.912733e-01 4.912733e-01 1.006292e-03 5.109973e-04 8.232619e-04 -2.715594e-04
-9.825467e-02 -4.912733e-01 4.912733e-01 1.056861e-03 1.829137e-04 5.276222e-04 -8.972811e-04
9.825467e-02 -4.912733e-01 4.912733e-01 1.056861e-03 -1.829136e-04 5.276221e-04 -8.972812e-04
2.947640e-01 -4.912733e-01 4.912733e-01 1.006292e-03 -5.109973e-04 8.232617e-04 -2.715595e-04
4.912733e-01 -4.912733e-01 4.912733e-01 8.651387e-04 -2.686412e-04 7.014137e-04 4.293200e-04
6.877827e-01 -4.912733e-01 4.912733e-01 1.610078e-03 2.724391e-04 5.221610e-04 1.498492e-03
-6.877827e-01 -2.947640e-01 4.912733e-01 2.994855e-03 -1.019404e-03 8.820828e-04 2.674304e-03
-4.912733e-01 -2.947640e-01 4.912733e-01 8.127980e-04 -1.269177e-04 1.423905e-04 -7.900996e-04
-2.947640e-01 -2.947640e-01 4.912733e-01 1.473132e-03 1.018524e-03 6.952488e-04 -8.058255e-04
-9.825467e-02 -2.947640e-01 4.912733e-01 2.266492e-03 5.075206e-04 1.831509e-03 -1.234902e-03
9.825467e-02 -2.947640e-01 4.912733e-01 2.266492e-03 -5.075206e-04 1.831509e-03 -1.234902e-03
2.947640e-01 -2.947640e-01 4.912733e-01 1.473132e-03 -1.018524e-03 6.952489e-04 -8.058252e-04
4.912733e-01 -2.947640e-01 4.912733e-01 8.127983e-04 1.269180e-04 1.423905e-04 -7.900999e-04
6.877827e-01 -2.947640e-01 4.912733e-01 2.994854e-03 1.019404e-03 8.820831e-04 2.674303e-03
-6.877827e-01 -9.825467e-02 4.912733e-01 2.453076e-03 -2.191325e-03 3.390818e-04 1.049142e-03
-4.912733e-01 -9.825467e-02 4.912733e-01 1.740514e-03 -5.299774e-04 -1.647697e-04 -1.649656e-03
-2.947640e-01 -9.825467e-02 4.912733e-01 2.875939e-03 2.717164e-03 5.554237e-04 7.612821e-04
-9.825467e-02 -9.825467e-02 4.912733e-01 1.864773e-03 1.303813e-03 1.325400e-03 1.440989e-04
9.825467e-02 -9.825467e-02 4.912733e-01 1.864773e-03 -1.303813e-03 1.325400e-03 1.440994e-04
2.947640e-01 -9.825467e-02 4.912733e-01 2.875940e-03 -2.717165e-03 5.554239e-04 7.612829e-04
4.912733e-01 -9.825467e-02 4.912733e-01 1.740515e-03 5.299778e-04 -1.647696e-04 -1.649656e-03
6.877827e-01 -9.825467e-02 4.912733e-01 2.453076e-03 2.191326e-03 3.390820e-04 1.049141e-03
-6.877827e-01 9.825467e-02 4.912733e-01 2.453076e-03 -2.191326e-03 -3.390819e-04 1.049142e-03
-4.912733e-01 9.825467e-02 4.912733e-01 1.740514e-03 -5.299774e-04 1.647693e-04 -1.649656e-03
-2.947640e-01 9.825467e-02 4.912733e-01 2.875940e-03 2.717165e-03 -5.554238e-04 7.612823e-04
-9.825467e-02 9.825467e-02 4.912733e-01 1.864773e-03 1.303813e-03 -1.325399e-03 1.440993e-04
9.825467e-02 9.825467e-02 4.912733e-01 1.864773e-03 -1.303813e-03 -1.325399e-03 1.440998e-04
2.947640e-01 9.825467e-02 4.912733e-01 2.875941e-03 -2.717165e-03 -5.554240e-04 7.612831e-04
4.912733e-01 9.825467e-02 4.912733e-01 1.740514e-03 5.299778e-04 1.647692e-04 -1.649656e-03
6.877827e-01 9.825467e-02 4.912733e-01 2.453076e-03 2.191326e-03 -3.390820e-04 1.049141e-03
-6.877827e-01 2.947640e-01 4.912733e-01 2.994855e-03 -1.019404e-03 -8.820826e-04 2.674304e-03
-4.912733e-01 2.947640e-01 4.912733e-01 8.127976e-04 -1.269178e-04 -1.423903e-04 -7.900992e-04
-2.947640e-01 2.947640e-01 4.912733e-01 1.473132e-03 1.018524e-03 -6.952489e-04 -8.058255e-04
-9.825467e-02 2.947640e-01 4.912733e-01 2.266493e-03 5.075208e-04 -1.831510e-03 -1.234903e-03
9.825467e-02 2.947640e-01 4.912733e-01 2.266493e-03 -5.075208e-04 -1.831510e-03 -1.234902e-03
2.947640e-01 2.947640e-01 4.912733e-01 1.473132e-03 -1.018525e-03 -6.952491e-04 -8.058252e-04
4.912733e-01 2.947640e-01 4.912733e-01 8.127979e-04 1.269181e-04 -1.423903e-04 -7.900995e-04
6.877827e-01 2.947640e-01 4.912733e-01 2.994855e-03 1.019405e-03 -8.820829e-04 2.674304e-03
-6.877827e-01 4.912733e-01 4.912733e-01 1.610080e-03 -2.724394e-04 -5.221609e-04 1.498493e-03
-4.912733e-01 4.912733e-01 4.912733e-01 8.651390e-04 2.686412e-04 -7.014137e-04 4.293208e-04
-2.947640e-01 4.912733e-01 4.912733e-01 1.006292e-03 5.109975e-04 -8.232619e-04 -2.715593e-04
-9.825467e-02 4.912733e-01 4.912733e-01 1.056862e-03 1.829137e-04 -5.276218e-04 -8.972817e-04
9.825467e-02 4.912733e-01 4.912733e-01 1.056862e-03 -1.829136e-04 -5.276218e-04 -8.972817e-04
2.947640e-01 4.912733e-01 4.912733e-01 1.006292e-03 -5.109975e-04 -8.232617e-04 -2.715594e-04
4.912733e-01 4.912733e-01 4.912733e-01 8.651389e-04 -2.686412e-04 -7.014136e-04 4.293206e-04
6.877827e-01 4.912733e-01 4.912733e-01 1.610079e-03 2.724395e-04 -5.221609e-04 1.498493e-03
-4.912733e-01 6.877827e-01 4.912733e-01 5.386064e-04 -2.005886e-04 1.272201e-04 4.834005e-04
-2.947640e-01 6.877827e-01 4.912733e-01 3.024676e-04 9.242389e-05 -2.620571e-04 1.194593e-04
-9.825467e-02 6.877827e-01 4.912733e-01 6.838266e-04 2.062570e-04 -4.674796e-04 4.544664e-04
9.825467e-02 6.877827e-01 4.912733e-01 6.838265e-04 -2.062569e-04 -4.674795e-04 4.544663e-04
2.947640e-01 6.877827e-01 4.912733e-01 3.024677e-04 -9.242399e-05 -2.620572e-04 1.194594e-04
4.912733e-01 6.877827e-01 4.912733e-01 5.386063e-04 2.005885e-04 1.272200e-04 4.834005e-04
-9.825467e-02 -6.877827e-01 6.877827e-01 3.836066e-04 -1.839397e-05 -3.572340e-04 1.385627e-04
9.825467e-02 -6.877827e-01 6.877827e-01 3.836066e-04 1.839409e-05 -3.572339e-04 1.385627e-04
-4.912733e-01 -4.912733e-01 6.877827e-01 5.440435e-04 2.558246e-04 4.779962e-04 4.535116e-05
-2.947640e-01 -4.912733e-01 6.877827e-01 9.679653e-04 -3.575886e-05 8.898084e-04 -3.793667e-04
-9.825467e-02 -4.912733e-01 6.877827e-01 4.955719e-04 -1.498665e-04 3.821107e-04 -2.777102e-04
9.825467e-02 -4.912733e-01 6.877827e-01 4.955721e-04 1.498668e-04 3.821109e-04 -2.777100e-04
2.947640e-01 -4.912733e-01 6.877827e-01 9.679656e-04 3.575875e-05 8.898089e-04 -3.793664e-04
4.912733e-01 -4.912733e-01 6.877827e-01 5.440437e-04 -2.558248e-04 4.779963e-04 4.535127e-05
-4.912733e-01 -2.947640e-01 6.877827e-01 2.180397e-03 9.525857e-04 1.299808e-03 1.468745e-03
-2.947640e-01 -2.947640e-01 6.877827e-01 4.600935e-03 5.485392e-04 3.165609e-03 -3.293421e-03
-9.825467e-02 -2.947640e-01 6.877827e-01 4.231139e-03 5.006742e-04 3.067494e-03 -2.870949e-03
9.825467e-02 -2.947640e-01 6.877827e-01 4.231140e-03 -5.006733e-04 3.067494e-03 -2.870949e-03
2.947640e-01 -2.947640e-01 6.877827e-01 4.600936e-03 -5.485394e-04 3.165611e-03 -3.293422e-03
4.912733e-01 -2.947640e-01 6.877827e-01 2.180398e-03 -9.525865e-04 1.299808e-03 1.468745e-03
-6.877827e-01 -9.825467e-02 6.877827e-01 1.418460e-04 -1.981313e-05 -1.321548e-04 4.756950e-05
-4.912733e-01 -9.825467e-02 6.877827e-01 5.926069e-03 4.278627e-03 8.695635e-04 4.006932e-03
-2.947640e-01 -9.825467e-02 6.877827e-01 6.887500e-03 7.553009e-04 1.665999e-03 -6.640153e-03
-9.825467e-02 -9.825467e-02 6.877827e-01 8.430901e-03 -3.594522e-05 1.127144e-04 -8.430071e-03
9.825467e-02 -9.825467e-02 6.877827e-01 8.430902e-03 3.594687e-05 1.127147e-04 -8.430072e-03
2.947640e-01 -9.825467e-02 6.877827e-01 6.887501e-03 -7.553012e-04 1.666000e-03 -6.640153e-03
4.912733e-01 -9.825467e-02 6.877827e-01 5.926071e-03 -4.278628e-03 8.695637e-04 4.006934e-03
6.877827e-01 -9.825467e-02 6.877827e-01 1.418460e-04 1.981297e-05 -1.321547e-04 4.756958e-05
-6.877827e-01 9.825467e-02 6.877827e-01 1.418462e-04 -1.981339e-05 1.321549e-04 4.756954e-05
-4.912733e-01 9.825467e-02 6.877827e-01 5.926069e-03 4.278627e-03 -8.695635e-04 4.006932e-03
-2.947640e-01 9.825467e-02 6.877827e-01 6.887501e-03 7.553016e-04 -1.665999e-03 -6.640153e-03
-9.825467e-02 9.825467e-02 6.877827e-01 8.430902e-03 -3.594486e-05 -1.127131e-04 -8.430072e-03
9.825467e-02 9.825467e-02 6.877827e-01 8.430903e-03 3.594651e-05 -1.127134e-04 -8.430073e-03
2.947640e-01 9.825467e-02 6.877827e-01 6.887502e-03 -7.553019e-04 -1.665999e-03 -6.640154e-03
4.912733e-01 9.825467e-02 6.877827e-01 5.926071e-03 -4.278629e-03 -8.695637e-04 4.006934e-03
6.877827e-01 9.825467e-02 6.877827e-01 1.418462e-04 1.981323e-05 1.321549e-04 4.756963e-05
-4.912733e-01 2.947640e-01 6.877827e-01 2.180397e-03 9.525859e-04 -1.299808e-03 1.468745e-03
-2.947640e-01 2.947640e-01 6.877827e-01 4.600936e-03 5.485397e-04 -3.165610e-03 -3.293422e-03
-9.825467e-02 2.947640e-01 6.877827e-01 4.231141e-03 5.006744e-04 -3.067494e-03 -2.870950e-03
9.825467e-02 2.947640e-01 6.877827e-01 4.231141e-03 -5.006734e-04 -3.067495e-03 -2.870951e-03
2.947640e-01 2.947640e-01 6.877827e-01 4.600937e-03 -5.485399e-04 -3.165611e-03 -3.293423e-03
4.912733e-01 2.947640e-01 6.877827e-01 2.180398e-03 -9.525867e-04 -1.299808e-03 1.468745e-03
-4.912733e-01 4.912733e-01 6.877827e-01 5.440435e-04 2.558248e-04 -4.779961e-04 4.535096e-05
-2.947640e-01 4.912733e-01 6.877827e-01 9.679649e-04 -3.575840e-05 -8.898081e-04 -3.793666e-04
-9.825467e-02 4.912733e-01 6.877827e-01 4.955713e-04 -1.498664e-04 -3.821107e-04 -2.777091e-04
9.825467e-02 4.912733e-01 6.877827e-01 4.955714e-04 1.498667e-04 -3.821109e-04 -2.777089e-04
2.947640e-01 4.912733e-01 6.877827e-01 9.679652e-04 3.575830e-05 -8.898085e-04 -3.793663e-04
4.912733e-01 4.912733e-01 6.877827e-01 5.440437e-04 -2.558250e-04 -4.779962e-04 4.535106e-05
-9.825467e-02 6.877827e-01 6.877827e-01 3.836065e-04 -1.839397e-05 3.572337e-04 1.385631e-04
9.825467e-02 6.877827e-01 6.877827e-01 3.836065e-04 1.839409e-05 3.572336e-04 1.385631e-04
-2.947640e-01 -2.947640e-01 8.842920e-01 2.475556e-03 2.137172e-03 -2.545943e-04 1.223134e-03
-9.825467e-02 -2.947640e-01 8.842920e-01 1.517518e-02 4.857785e-03 3.952804e-03 1.382256e-02
9.825467e-02 -2.947640e-01 8.842920e-01 1.517518e-02 -4.857785e-03 3.952803e-03 1.382256e-02
2.947640e-01 -2.947640e-01 8.842920e-01 2.475556e-03 -2.137172e-03 -2.545940e-04 1.223133e-03
-2.947640e-01 -9.825467e-02 8.842920e-01 4.683520e-03 4.130400e-03 -3.747691e-04 2.175936e-03
-9.825467e-02 -9.825467e-02 8.842920e-01 3.353900e-02 1.025642e-02 2.655131e-03 3.182170e-02
9.825467e-02 -9.825467e-02 8.842920e-01 3.353900e-02 -1.025642e-02 2.655131e-03 3.182170e-02
2.947640e-01 -9.825467e-02 8.842920e-01 4.683518e-03 -4.130399e-03 -3.747690e-04 2.175934e-03
-2.947640e-01 9.825467e-02 8.842920e-01 4.683520e-03 4.130401e-03 3.747695e-04 2.175936e-03
-9.825467e-02 9.825467e-02 8.842920e-01 3.353900e-02 1.025642e-02 -2.655130e-03 3.182170e-02
9.825467e-02 9.825467e-02 8.842920e-01 3.353900e-02 -1.025642e-02 -2.655130e-03 3.182170e-02
2.947640e-01 9.825467e-02 8.842920e-01 4.683519e-03 -4.130400e-03 3.747693e-04 2.175934e-03
-2.947640e-01 2.947640e-01 8.842920e-01 2.475558e-03 2.137173e-03 2.545942e-04 1.223134e-03
-9.825467e-02 2.947640e-01 8.842920e-01 1.517518e-02 4.857786e-03 -3.952804e-03 1.382257e-02
9.825467e-02 2.947640e-01 8.842920e-01 1.517518e-02 -4.857786e-03 -3.952804e-03 1.382257e-02
2.947640e-01 2.947640e-01 8.842920e-01 2.475557e-03 -2.137173e-03 2.545939e-04 1.223133e-03
