x y z |E|^2 Ex.r Ex.i Ey.r Ey.i Ez.r Ez.i
-0.2947639965 -0.2947639965 -0.8842919896 0.3830098501 0.3102552653 0.3601874245 0.2323429556 0.3190089374 -0.03116581083 0.0171837341
-0.09825466551 -0.2947639965 -0.8842919896 1.129495776 0.1789062224 0.1954864881 0.5035413849 0.8961888275 -0.03522958116 -0.03638555306
0.09825466551 -0.2947639965 -0.8842919896 1.129495859 -0.1789058006 -0.1954864809 0.5035415687 0.8961888552 -0.03522959763 -0.03638555794
0.2947639965 -0.2947639965 -0.8842919896 0.3830098728 -0.3102549645 -0.3601873543 0.2323433489 0.3190090564 -0.03116583922 0.01718371802
-0.2947639965 -0.09825466551 -0.8842919896 0.2209306889 0.1480417212 0.1717925676 0.1593928362 0.3792488001 -0.01054367421 0.01244000659
-0.09825466551 -0.09825466551 -0.8842919896 2.368393156 0.08643813626 0.09355050634 0.7686151818 1.326962705 -0.02366967456 -0.003214808037
0.09825466551 -0.09825466551 -0.8842919896 2.368393475 -0.08643794956 -0.09355052687 0.7686154245 1.326962696 -0.02366967971 -0.003214809542
0.2947639965 -0.09825466551 -0.8842919896 0.2209308492 -0.1480415823 -0.1717925564 0.159393371 0.3792488458 -0.01054368213 0.01244000129
-0.2947639965 0.09825466551 -0.8842919896 0.2209304962 -0.1480416998 -0.1717925625 0.1593926931 0.3792486304 0.01054341541 -0.01243981405
-0.09825466551 0.09825466551 -0.8842919896 2.368392397 -0.08643811936 -0.09355050747 0.7686149939 1.326962533 0.02366946052 0.003215050565
0.09825466551 0.09825466551 -0.8842919896 2.368392716 0.0864379322 0.09355052812 0.7686152365 1.326962523 0.02366946562 0.00321505207
0.2947639965 0.09825466551 -0.8842919896 0.2209306564 0.1480415607 0.1717925515 0.1593932276 0.3792486761 0.01054342329 -0.01243980875
-0.2947639965 0.2947639965 -0.8842919896 0.3830093971 -0.3102552301 -0.3601874306 0.23234273 0.3190084511 0.03116548559 -0.01718372995
-0.09825466551 0.2947639965 -0.8842919896 1.129494492 -0.1789062084 -0.195486493 0.5035410517 0.8961883116 0.03522924715 0.03638559641
0.09825466551 0.2947639965 -0.8842919896 1.129494575 0.1789057863 0.1954864858 0.5035412353 0.8961883393 0.03522926351 0.03638560129
0.2947639965 0.2947639965 -0.8842919896 0.3830094194 0.3102549292 0.3601873604 0.2323431229 0.31900857 0.03116551378 -0.0171837139
-0.09825466551 -0.6877826586 -0.6877826586 1.038668349 -0.01926470645 -0.02583210407 -0.5962775692 0.7968423059 0.1715485972 -0.133027822
0.09825466551 -0.6877826586 -0.6877826586 1.038668278 0.01926474213 0.02583210793 -0.5962775 0.7968423226 0.1715485341 -0.1330278407
-0.4912733276 -0.4912733276 -0.6877826586 0.6847679467 -0.06461320746 -0.1177910779 -0.3789679259 0.7190731561 0.07231069259 -0.02840093661
-0.2947639965 -0.4912733276 -0.6877826586 0.5053867602 0.1252600857 -0.1219818477 -0.5752733282 0.3640530453 0.1019380853 -0.03084971342
-0.09825466551 -0.4912733276 -0.6877826586 1.133904013 0.1095167623 -0.0420829113 -0.7333434485 0.7437009518 0.1367094326 -0.1027907196
0.09825466551 -0.4912733276 -0.6877826586 1.133903704 -0.1095164815 0.04208285306 -0.7333433136 0.7437009325 0.1367093772 -0.1027907152
0.2947639965 -0.4912733276 -0.6877826586 0.5053863722 -0.1252598766 0.1219818269 -0.5752730594 0.3640530451 0.1019379802 -0.03084971861
0.4912733276 -0.4912733276 -0.6877826586 0.6847678958 0.0646133181 0.1177910948 -0.3789677524 0.7190732028 0.07231064997 -0.02840095924
-0.4912733276 -0.2947639965 -0.6877826586 1.241071287 0.1825101782 0.06350642307 -0.8323445431 0.7052987584 0.1141019459 -0.02156907963
-0.2947639965 -0.2947639965 -0.6877826586 1.069140732 0.3471569528 0.1410877291 -0.9363838904 0.2200614135 0.05843842487 -0.007756912532
-0.09825466551 -0.2947639965 -0.6877826586 0.8336374731 0.1915040699 0.07831482228 -0.6512564384 0.6016031213 0.02623202464 -0.06388325043
0.09825466551 -0.2947639965 -0.6877826586 0.8336370254 -0.1915036997 -0.07831498319 -0.6512562494 0.6016030528 0.02623199356 -0.06388324296
0.2947639965 -0.2947639965 -0.6877826586 1.069139764 -0.347156665 -0.1410878245 -0.9363834926 0.2200613107 0.05843837944 -0.00775691183
0.4912733276 -0.2947639965 -0.6877826586 1.241070748 -0.1825100011 -0.0635064431 -0.8323442665 0.7052987433 0.1141019634 -0.02156909633
-0.6877826586 -0.09825466551 -0.6877826586 1.42711563 0.01061106996 0.04271202678 -0.4209223353 1.113998779 0.07055976569 -0.04506823201
-0.4912733276 -0.09825466551 -0.6877826586 1.674247368 0.1377670028 0.0533661713 -1.180754121 0.5046676753 0.05779762079 -0.01446900864
-0.2947639965 -0.09825466551 -0.6877826586 1.279342546 0.1987449088 0.1096241308 -1.101845238 0.1145096374 0.02467628522 0.006422871372
-0.09825466551 -0.09825466551 -0.6877826586 0.5910751568 0.101993645 0.05698251892 -0.4384477038 0.620609791 -0.00512466309 -0.002506372257
0.09825466551 -0.09825466551 -0.6877826586 0.5910748031 -0.101993476 -0.05698261163 -0.4384474792 0.6206096839 -0.005124670704 -0.002506370721
0.2947639965 -0.09825466551 -0.6877826586 1.279341408 -0.1987447741 -0.109624191 -1.101844759 0.1145094561 0.02467627889 0.006422867984
0.4912733276 -0.09825466551 -0.6877826586 1.674246485 -0.1377669144 -0.05336619418 -1.180753782 0.5046676103 0.05779763945 -0.01446901859
0.6877826586 -0.09825466551 -0.6877826586 1.427115565 -0.01061102699 -0.04271202553 -0.4209223184 1.113998754 0.07055980677 -0.04506822708
-0.6877826586 0.09825466551 -0.6877826586 1.427115482 -0.01061104798 -0.04271201509 -0.4209223913 1.113998674 -0.07055998758 0.04506833415
-0.4912733276 0.09825466551 -0.6877826586 1.674247717 -0.137766956 -0.05336620965 -1.180754293 0.5046676047 -0.05779774109 0.01446928125
-0.2947639965 0.09825466551 -0.6877826586 1.27934305 -0.1987448597 -0.1096241975 -1.101845477 0.1145096034 -0.02467618207 -0.006422479423
-0.09825466551 0.09825466551 -0.6877826586 0.5910753848 -0.1019936237 -0.05698254689 -0.4384479722 0.6206097822 0.005124929643 0.002506782118
0.09825466551 0.09825466551 -0.6877826586 0.5910750313 0.1019934544 0.05698263977 -0.4384477477 0.6206096751 0.005124937216 0.002506780607
0.2947639965 0.09825466551 -0.6877826586 1.279341913 0.198744725 0.1096242577 -1.101844998 0.1145094223 -0.02467617572 -0.006422476038
0.4912733276 0.09825466551 -0.6877826586 1.674246834 0.137766868 0.05336623248 -1.180753955 0.5046675398 -0.05779775945 0.01446929115
0.6877826586 0.09825466551 -0.6877826586 1.427115417 0.01061100561 0.04271201401 -0.4209223746 1.113998649 -0.07056002812 0.04506832937
-0.4912733276 0.2947639965 -0.6877826586 1.241071692 -0.1825101507 -0.06350646412 -0.8323449578 0.705298511 -0.1141022282 0.02156917429
-0.2947639965 0.2947639965 -0.6877826586 1.069141795 -0.3471569201 -0.1410877823 -0.9363844838 0.2200612497 -0.05843866328 0.007757136297
-0.09825466551 0.2947639965 -0.6877826586 0.8336382924 -0.1915040591 -0.07831484313 -0.6512571249 0.6016030237 -0.0262322051 0.06388351601
0.09825466551 0.2947639965 -0.6877826586 0.8336378451 0.1915036886 0.07831500415 -0.6512569362 0.6016029554 -0.02623217417 0.06388350861
0.2947639965 0.2947639965 -0.6877826586 1.069140828 0.3471566324 0.1410878777 -0.9363840868 0.2200611472 -0.05843861813 0.007757135685
0.4912733276 0.2947639965 -0.6877826586 1.241071155 0.182509974 0.06350648419 -0.8323446819 0.705298496 -0.1141022458 0.02156919099
-0.4912733276 0.4912733276 -0.6877826586 0.6847675696 0.06461323195 0.1177910332 -0.3789682492 0.719072703 -0.07231103251 0.0284007175
-0.2947639965 0.4912733276 -0.6877826586 0.505387208 -0.1252600899 0.1219818121 -0.5752739187 0.3640526189 -0.1019385621 0.03084953964
-0.09825466551 0.4912733276 -0.6877826586 1.133904766 -0.1095167754 0.04208290218 -0.7333442405 0.7437005984 -0.1367099682 0.1027905658
0.09825466551 0.4912733276 -0.6877826586 1.133904457 0.1095164944 -0.04208284391 -0.733344106 0.7437005792 -0.1367099131 0.1027905614
0.2947639965 0.4912733276 -0.6877826586 0.5053868211 0.1252598808 -0.1219817913 -0.5752736507 0.3640526187 -0.1019384577 0.03084954487
0.4912733276 0.4912733276 -0.6877826586 0.6847675191 -0.06461334249 -0.11779105 -0.3789680765 0.7190727496 -0.07231099034 0.02840074003
-0.09825466551 0.6877826586 -0.6877826586 1.038667831 0.01926471072 0.02583208837 -0.5962779683 0.7968417029 -0.1715489658 0.1330272266
0.09825466551 0.6877826586 -0.6877826586 1.038667761 -0.01926474642 -0.02583209223 -0.5962778994 0.7968417195 -0.171548903 0.1330272452
-0.4912733276 -0.6877826586 -0.4912733276 0.316498686 -0.2703748165 -0.278952355 -0.3662666244 -0.1679049563 -0.04130415987 0.03914562742
-0.2947639965 -0.6877826586 -0.4912733276 0.4498103586 -0.2489730583 -0.211738232 -0.3478254186 -0.4590193458 0.02563966038 0.1032037896
-0.09825466551 -0.6877826586 -0.4912733276 0.3334131155 -0.09534742669 -0.060243586 -0.4119982879 -0.3341586123 0.1963339982 -0.02722292881
0.09825466551 -0.6877826586 -0.4912733276 0.3334130002 0.09534721112 0.0602436209 -0.4119982396 -0.33415862 0.1963338883 -0.02722291577
0.2947639965 -0.6877826586 -0.4912733276 0.4498101989 0.2489728648 0.2117382341 -0.3478253372 -0.4590193512 0.02563944084 0.1032037828
0.4912733276 -0.6877826586 -0.4912733276 0.3164985907 0.2703746789 0.2789523079 -0.36626662 -0.1679049571 -0.04130430479 0.03914558053
-0.6877826586 -0.4912733276 -0.4912733276 0.2084996698 -0.2783372888 -0.1766678727 -0.2199124984 0.2236800578 0.03189466806 -0.02012315141
-0.4912733276 -0.4912733276 -0.4912733276 0.4200630207 -0.2538598587 -0.2430278462 -0.2026923972 -0.4905762715 0.0634574179 0.1038245102
-0.2947639965 -0.4912733276 -0.4912733276 1.097821144 -0.1099887744 -0.2094915571 -0.2623672911 -0.9699659358 0.09482403826 0.1522326874
-0.09825466551 -0.4912733276 -0.4912733276 0.7350895912 -0.009972114361 -0.0783722976 -0.2912522897 -0.7882232059 0.1251841132 0.08398303522
0.09825466551 -0.4912733276 -0.4912733276 0.7350895891 0.009972136699 0.07837227739 -0.2912522103 -0.7882232442 0.1251840382 0.08398306723
0.2947639965 -0.4912733276 -0.4912733276 1.097821161 0.1099887686 0.2094915465 -0.2623671553 -0.9699659905 0.09482389928 0.1522327324
0.4912733276 -0.4912733276 -0.4912733276 0.4200630038 0.2538598221 0.2430278373 -0.2026923942 -0.4905762834 0.06345737766 0.1038245132
0.6877826586 -0.4912733276 -0.4912733276 0.2084996841 0.2783372511 0.176667849 -0.2199126523 0.2236799931 0.03189476536 -0.02012311695
-0.6877826586 -0.2947639965 -0.4912733276 0.09176824579 -0.1538396871 0.01400682776 -0.1052513412 0.2026109736 0.1003673939 -0.07551648871
-0.4912733276 -0.2947639965 -0.4912733276 0.5492483439 -0.06243245334 -0.02426417668 -0.1873947471 -0.6962634339 0.1385973758 0.07518636278
-0.2947639965 -0.2947639965 -0.4912733276 1.673765458 0.1022678819 -0.01897012524 -0.1887439524 -1.265915766 0.06787405489 0.1420316168
-0.09825466551 -0.2947639965 -0.4912733276 1.160636985 0.08120926357 -0.003993890226 0.01802884529 -1.06910504 -0.01279258541 0.1027220164
0.09825466551 -0.2947639965 -0.4912733276 1.160637125 -0.08120910161 0.003993760994 0.01802894913 -1.069105115 -0.01279261582 0.1027220343
0.2947639965 -0.2947639965 -0.4912733276 1.673765659 -0.1022677627 0.01897003636 -0.1887437739 -1.265915883 0.06787401981 0.1420316315
0.4912733276 -0.2947639965 -0.4912733276 0.5492484019 0.0624325142 0.0242641339 -0.1873947517 -0.6962634606 0.1385974391 0.07518633642
0.6877826586 -0.2947639965 -0.4912733276 0.09176833038 0.1538397077 -0.01400684934 -0.1052516067 0.2026109424 0.1003675673 -0.07551648589
-0.6877826586 -0.09825466551 -0.4912733276 0.01943098434 -0.03524688895 0.03839714187 -0.02735613822 0.04064776222 0.08448147279 -0.08471471264
-0.4912733276 -0.09825466551 -0.4912733276 0.7173057032 0.02572293687 0.0342898825 -0.2414470452 -0.8067179373 0.07931258706 0.009340512293
-0.2947639965 -0.09825466551 -0.4912733276 1.90967916 0.09287521009 0.03699685804 -0.1401860377 -1.369853661 0.0244070028 0.0542006407
-0.09825466551 -0.09825466551 -0.4912733276 1.406795249 0.05495096807 0.0171043955 0.3063420933 -1.142811469 -0.03413080169 0.04954429274
0.09825466551 -0.09825466551 -0.4912733276 1.406795541 -0.05495087984 -0.01710447534 0.3063422108 -1.142811568 -0.03413080747 0.0495442961
0.2947639965 -0.09825466551 -0.4912733276 1.909679536 -0.092875141 -0.03699691556 -0.1401858353 -1.369853822 0.02440700472 0.05420063701
0.4912733276 -0.09825466551 -0.4912733276 0.7173057743 -0.02572289519 -0.03428991227 -0.2414470565 -0.806717974 0.07931263133 0.009340490146
0.6877826586 -0.09825466551 -0.4912733276 0.01943102215 0.03524690871 -0.03839715445 -0.02735647214 0.04064776099 0.08448156258 -0.08471472508
-0.6877826586 0.09825466551 -0.4912733276 0.01943104935 0.03524690323 -0.03839716642 -0.02735624465 0.04064774387 -0.08448156496 0.08471496181
-0.4912733276 0.09825466551 -0.4912733276 0.7173056772 -0.025722892 -0.03428992779 -0.2414471868 -0.8067179002 -0.07931240821 -0.009340149166
-0.2947639965 0.09825466551 -0.4912733276 1.909678908 -0.09287515898 -0.03699691056 -0.1401861757 -1.369853579 -0.02440649531 -0.05420029873
-0.09825466551 0.09825466551 -0.4912733276 1.406794959 -0.05495094589 -0.01710441871 0.3063419695 -1.142811366 0.03413152325 -0.04954401961
0.09825466551 0.09825466551 -0.4912733276 1.406795252 0.05495085757 0.01710449859 0.3063420869 -1.142811465 0.03413152901 -0.04954402296
0.2947639965 0.09825466551 -0.4912733276 1.909679284 0.09287509005 0.03699696793 -0.1401859734 -1.36985374 -0.02440649715 -0.05420029512
0.4912733276 0.09825466551 -0.4912733276 0.7173057482 0.02572285082 0.03428995729 -0.2414471983 -0.8067179367 -0.07931245202 -0.009340127269
0.6877826586 0.09825466551 -0.4912733276 0.01943108693 -0.03524692235 0.03839717889 -0.02735657862 0.04064774264 -0.08448165387 0.08471497409
-0.6877826586 0.2947639965 -0.4912733276 0.09176831663 0.1538396797 -0.01400686365 -0.1052516113 0.2026108731 -0.1003676079 0.07551657474
-0.4912733276 0.2947639965 -0.4912733276 0.5492484266 0.06243245411 0.02426413269 -0.187395129 -0.6962633915 -0.1385975139 -0.07518611275
-0.2947639965 0.2947639965 -0.4912733276 1.673765093 -0.102267876 0.01897009041 -0.1887443494 -1.265915598 -0.06787404129 -0.1420313097
-0.09825466551 0.2947639965 -0.4912733276 1.160636421 -0.08120926042 0.003993876839 0.01802846943 -1.06910481 0.01279271039 -0.1027217193
0.09825466551 0.2947639965 -0.4912733276 1.160636561 0.0812090984 -0.003993747568 0.01802857304 -1.069104885 0.01279274066 -0.1027217371
0.2947639965 0.2947639965 -0.4912733276 1.673765293 0.1022677569 -0.0189700016 -0.1887441714 -1.265915715 -0.06787400647 -0.1420313243
0.4912733276 0.2947639965 -0.4912733276 0.5492484844 -0.06243251469 -0.02426409003 -0.187395134 -0.696263418 -0.1385975771 -0.07518608641
0.6877826586 0.2947639965 -0.4912733276 0.09176840106 -0.1538397 0.01400688521 -0.105251877 0.2026108419 -0.1003677809 0.07551657189
-0.6877826586 0.4912733276 -0.4912733276 0.2084996507 0.2783372804 0.1766678122 -0.2199127378 0.2236798163 -0.03189491985 0.02012298985
-0.4912733276 0.4912733276 -0.4912733276 0.4200633186 0.2538598194 0.2430277924 -0.2026928763 -0.49057636 -0.0634578576 -0.1038245449
-0.2947639965 0.4912733276 -0.4912733276 1.097821375 0.1099887324 0.2094915255 -0.262367861 -0.9699658687 -0.09482457509 -0.1522326278
-0.09825466551 0.4912733276 -0.4912733276 0.7350898169 0.009972096768 0.07837228801 -0.2912528697 -0.7882230556 -0.1251846853 -0.08398293739
0.09825466551 0.4912733276 -0.4912733276 0.7350898147 -0.009972119111 -0.07837226778 -0.2912527905 -0.7882230937 -0.1251846105 -0.08398296925
0.2947639965 0.4912733276 -0.4912733276 1.097821391 -0.1099887266 -0.2094915148 -0.262367726 -0.9699659231 -0.09482443678 -0.1522326725
0.4912733276 0.4912733276 -0.4912733276 0.4200633018 -0.2538597827 -0.2430277835 -0.2026928739 -0.4905763717 -0.06345781793 -0.1038245479
0.6877826586 0.4912733276 -0.4912733276 0.208499665 -0.2783372427 -0.1766677885 -0.2199128919 0.2236797517 -0.03189501732 0.02012295532
-0.4912733276 0.6877826586 -0.4912733276 0.3164989896 0.2703748012 0.278952278 -0.3662669727 -0.1679052358 0.04130383977 -0.0391460386
-0.2947639965 0.6877826586 -0.4912733276 0.4498109656 0.248973027 0.2117381689 -0.3478259298 -0.459019541 -0.02564022823 -0.1032042029
-0.09825466551 0.6877826586 -0.4912733276 0.333413955 0.09534742035 0.06024356013 -0.4119988576 -0.3341587515 -0.1963347661 0.02722255881
0.09825466551 0.6877826586 -0.4912733276 0.33341384 -0.09534720467 -0.06024359503 -0.4119988096 -0.3341587592 -0.1963346566 0.02722254584
0.2947639965 0.6877826586 -0.4912733276 0.4498108062 -0.2489728335 -0.211738171 -0.3478258491 -0.4590195463 -0.02564000949 -0.1032041961
0.4912733276 0.6877826586 -0.4912733276 0.3164988947 -0.2703746637 -0.278952231 -0.3662669688 -0.1679052367 0.04130398395 -0.03914599191
-0.2947639965 -0.8842919896 -0.2947639965 0.6971804156 0.004759933791 0.1411669176 0.2109374393 -0.7286344418 -0.2385344412 0.2119627968
-0.09825466551 -0.8842919896 -0.2947639965 0.2587536082 -0.004012535988 0.08557706109 0.183740045 -0.399031524 -0.1825967923 0.1583853673
0.09825466551 -0.8842919896 -0.2947639965 0.2587536514 0.004012160548 -0.08557707409 0.1837400509 -0.399031523 -0.1825969259 0.1583853478
0.2947639965 -0.8842919896 -0.2947639965 0.6971805359 -0.004760215111 -0.1411669931 0.2109374399 -0.7286344394 -0.2385347251 0.2119627122
-0.4912733276 -0.6877826586 -0.2947639965 0.9209270652 0.001454606307 0.09286368228 0.4101841976 -0.7781605077 -0.2468719417 0.2785151315
-0.2947639965 -0.6877826586 -0.2947639965 1.079549534 -0.06771147057 0.1081110504 0.5686359735 -0.7848525912 -0.2073142575 0.2845294879
-0.09825466551 -0.6877826586 -0.2947639965 0.4318345816 -0.03554173642 0.04177197905 0.5220991653 -0.3613590641 -0.07661928113 0.1406699773
0.09825466551 -0.6877826586 -0.2947639965 0.4318346039 0.03554140662 -0.04177184675 0.5220991811 -0.3613590701 -0.07661942132 0.1406700289
0.2947639965 -0.6877826586 -0.2947639965 1.079549645 0.06771118146 -0.1081109725 0.5686359749 -0.7848525913 -0.2073145507 0.2845295648
0.4912733276 -0.6877826586 -0.2947639965 0.9209271029 -0.001454821234 -0.09286368422 0.4101841209 -0.7781605045 -0.2468721409 0.2785151429
-0.6877826586 -0.4912733276 -0.2947639965 0.6721566492 -0.02285609401 0.1179358405 0.3991042849 -0.6795748078 -0.1284548112 0.1418400421
-0.4912733276 -0.4912733276 -0.2947639965 1.186486019 -0.09261444394 0.06638136057 0.7364056191 -0.7488882062 -0.1534214629 0.2164189729
-0.2947639965 -0.4912733276 -0.2947639965 1.033608851 -0.08376098339 -0.005195943732 0.7802096505 -0.6020531332 -0.13627347 0.1918343507
-0.09825466551 -0.4912733276 -0.2947639965 0.5416796621 -0.0277559751 -0.01149166136 0.7069775901 -0.1558283633 -0.1080267654 0.07076465161
0.09825466551 -0.4912733276 -0.2947639965 0.5416797165 0.0277558323 0.01149175877 0.7069776108 -0.1558283795 -0.108026847 0.07076470921
0.2947639965 -0.4912733276 -0.2947639965 1.033608905 0.08376083885 0.005196022291 0.7802096485 -0.6020531398 -0.136273612 0.1918344403
0.4912733276 -0.4912733276 -0.2947639965 1.186485739 0.09261430682 -0.06638131833 0.7364054819 -0.7488881703 -0.1534214648 0.216418989
0.6877826586 -0.4912733276 -0.2947639965 0.6721564131 0.02285599143 -0.1179358433 0.3991040234 -0.6795748256 -0.1284546085 0.141840058
-0.8842919896 -0.2947639965 -0.2947639965 0.9755925644 -0.007292548915 0.1148194151 0.1631599956 -0.9602469269 -0.07997669124 0.08523068196
-0.6877826586 -0.2947639965 -0.2947639965 1.065988653 -0.07734078155 0.1857208188 0.6993144644 -0.7292712529 -0.02660200145 0.06268881301
-0.4912733276 -0.2947639965 -0.2947639965 1.104385239 -0.08740438299 0.08215215744 0.9028463042 -0.5173551804 -0.008975149682 0.08442955965
-0.2947639965 -0.2947639965 -0.2947639965 0.8439836259 -0.02261077563 0.00339390939 0.8617723891 -0.2944547821 -0.08780605843 0.07997303907
-0.09825466551 -0.2947639965 -0.2947639965 0.7447877335 0.00827147491 -0.009132426938 0.8337966927 0.121056259 -0.1850782939 0.02259198098
0.09825466551 -0.2947639965 -0.2947639965 0.7447877767 -0.008271473855 0.009132417135 0.8337967168 0.1210562306 -0.1850783179 0.02259200541
0.2947639965 -0.2947639965 -0.2947639965 0.8439836223 0.02261075952 -0.003393908506 0.8617723802 -0.2944547967 -0.08780606597 0.07997305473
0.4912733276 -0.2947639965 -0.2947639965 1.104384788 0.08740434617 -0.0821521496 0.9028461097 -0.5173551035 -0.008975017886 0.08442950046
0.6877826586 -0.2947639965 -0.2947639965 1.065987972 0.07734073781 -0.1857208183 0.699314065 -0.7292711888 -0.02660170902 0.0626887572
0.8842919896 -0.2947639965 -0.2947639965 0.9755926879 0.007292521454 -0.114819429 0.1631596198 -0.9602470683 -0.07997640603 0.08523078323
-0.8842919896 -0.09825466551 -0.2947639965 1.806679667 -0.01590116356 0.0549362664 0.3466762095 -1.296603883 -0.02984322422 0.03394385638
-0.6877826586 -0.09825466551 -0.2947639965 1.32187021 -0.03863261943 0.07979863356 0.8678819634 -0.7486482711 0.01770594385 -0.001752807594
-0.4912733276 -0.09825466551 -0.2947639965 1.023488737 -0.02669345807 0.0465263362 0.954679254 -0.3295070423 0.02400124835 0.006933046268
-0.2947639965 -0.09825466551 -0.2947639965 0.7951706222 0.009581580986 0.01408312548 0.8885525385 -0.06237730846 -0.03460393105 0.0163250349
-0.09825466551 -0.09825466551 -0.2947639965 0.9877854202 0.01315639086 0.001558219698 0.9332699848 0.3258308791 -0.1020177146 0.00660765597
0.09825466551 -0.09825466551 -0.2947639965 0.9877854439 -0.01315637015 -0.001558246467 0.9332700103 0.3258308426 -0.1020177162 0.006607658979
0.2947639965 -0.09825466551 -0.2947639965 0.7951705976 -0.009581568959 -0.01408314296 0.8885525239 -0.06237732823 -0.03460391417 0.01632502413
0.4912733276 -0.09825466551 -0.2947639965 1.023488229 0.02669345848 -0.04652634344 0.9546790226 -0.3295069361 0.02400132467 0.00693300155
0.6877826586 -0.09825466551 -0.2947639965 1.321869175 0.03863261387 -0.07979863755 0.8678814736 -0.748648144 0.01770608321 -0.001752850859
0.8842919896 -0.09825466551 -0.2947639965 1.806679508 0.01590115619 -0.05493627119 0.3466756868 -1.296603964 -0.02984308911 0.03394388168
-0.8842919896 0.09825466551 -0.2947639965 1.806679676 0.01590113319 -0.05493627941 0.3466761633 -1.296603903 0.0298431203 -0.03394377726
-0.6877826586 0.09825466551 -0.2947639965 1.321870056 0.03863261301 -0.07979862005 0.8678819073 -0.7486482354 -0.01770590963 0.001753034728
-0.4912733276 0.09825466551 -0.2947639965 1.023488657 0.02669349647 -0.04652630667 0.9546792509 -0.3295069584 -0.02400094516 -0.006932786824
-0.2947639965 0.09825466551 -0.2947639965 0.7951707938 -0.009581524541 -0.01408310286 0.8885526231 -0.06237721182 0.03460451828 -0.01632486624
-0.09825466551 0.09825466551 -0.2947639965 0.9877859114 -0.01315636432 -0.001558212031 0.9332701342 0.3258309685 0.1020184779 -0.006607589045
0.09825466551 0.09825466551 -0.2947639965 0.9877859351 0.01315634361 0.001558238773 0.9332701597 0.325830932 0.1020184795 -0.006607592054
0.2947639965 0.09825466551 -0.2947639965 0.7951707691 0.009581512608 0.0140831202 0.8885526085 -0.06237723153 0.0346045015 -0.01632485558
0.4912733276 0.09825466551 -0.2947639965 1.023488148 -0.02669349663 0.04652631368 0.9546790195 -0.3295068522 -0.02400102107 -0.006932742428
0.6877826586 0.09825466551 -0.2947639965 1.321869021 -0.0386326071 0.07979862383 0.8678814176 -0.7486481083 -0.01770604822 0.00175307768
0.8842919896 0.09825466551 -0.2947639965 1.806679518 -0.01590112553 0.05493628415 0.3466756409 -1.296603984 0.02984298593 -0.03394380241
-0.8842919896 0.2947639965 -0.2947639965 0.9755926734 0.007292516565 -0.1148194521 0.1631599014 -0.9602470056 0.07997656787 -0.08523068377
-0.6877826586 0.2947639965 -0.2947639965 1.065988304 0.07734073241 -0.1857208243 0.6993142986 -0.7292711928 0.02660188464 -0.06268867044
-0.4912733276 0.2947639965 -0.2947639965 1.104384864 0.08740434891 -0.08215212582 0.9028462421 -0.5173549749 0.00897515048 -0.08442932784
-0.2947639965 0.2947639965 -0.2947639965 0.8439837055 0.02261076451 -0.003393869401 0.8617725324 -0.2944545148 0.08780621286 -0.07997281175
-0.09825466551 0.2947639965 -0.2947639965 0.7447883883 -0.008271475691 0.009132444488 0.8337969944 0.1210565269 0.1850785502 -0.02259179257
0.09825466551 0.2947639965 -0.2947639965 0.7447884313 0.008271474644 -0.009132434669 0.8337970185 0.1210564987 0.185078574 -0.0225918169
0.2947639965 0.2947639965 -0.2947639965 0.8439837014 -0.02261074839 0.003393868512 0.8617725233 -0.2944545292 0.08780622023 -0.07997282728
0.4912733276 0.2947639965 -0.2947639965 1.104384413 -0.08740431206 0.08215211795 0.9028460476 -0.517354898 0.00897501871 -0.0844292687
0.6877826586 0.2947639965 -0.2947639965 1.065987623 -0.07734068863 0.1857208238 0.6993138996 -0.7292711288 0.02660159257 -0.06268861476
0.8842919896 0.2947639965 -0.2947639965 0.9755927968 -0.007292489046 0.1148194659 0.163159526 -0.9602471469 0.0799762831 -0.0852307849
-0.6877826586 0.4912733276 -0.2947639965 0.672156451 0.02285603591 -0.1179358994 0.3991040544 -0.6795748302 0.1284545574 -0.1418400749
-0.4912733276 0.4912733276 -0.2947639965 1.186485266 0.09261434129 -0.0663813636 0.7364054122 -0.7488880107 0.1534211231 -0.2164188989
-0.2947639965 0.4912733276 -0.2947639965 1.033608237 0.08376089673 0.005195972355 0.7802096301 -0.6020527945 0.1362730909 -0.1918342036
-0.09825466551 0.4912733276 -0.2947639965 0.5416796344 0.02775594234 0.0114916779 0.7069777339 -0.155827978 0.1080263739 -0.07076447542
0.09825466551 0.4912733276 -0.2947639965 0.5416796885 -0.02775579946 -0.01149177531 0.7069777545 -0.1558279941 0.1080264553 -0.07076453284
0.2947639965 0.4912733276 -0.2947639965 1.033608291 -0.08376075224 -0.005196050845 0.7802096277 -0.6020528009 0.1362732324 -0.1918342929
0.4912733276 0.4912733276 -0.2947639965 1.186484987 -0.0926142044 0.06638132145 0.736405275 -0.7488879747 0.1534211245 -0.2164189148
0.6877826586 0.4912733276 -0.2947639965 0.6721562152 -0.02285593359 0.1179359022 0.3991037932 -0.6795748481 0.1284543545 -0.1418400909
-0.4912733276 0.6877826586 -0.2947639965 0.9209267153 -0.001454672848 -0.09286376287 0.4101838842 -0.7781604864 0.2468715462 -0.2785153479
-0.2947639965 0.6877826586 -0.2947639965 1.079548711 0.06771137249 -0.1081110788 0.568635686 -0.7848523729 0.2073136806 -0.2845296525
-0.09825466551 0.6877826586 -0.2947639965 0.4318340631 0.0355416962 -0.04177198573 0.522098956 -0.3613587493 0.07661860117 -0.1406700984
0.09825466551 0.6877826586 -0.2947639965 0.4318340851 -0.03554136619 0.04177185339 0.5220989716 -0.3613587551 0.07661874107 -0.1406701499
0.2947639965 0.6877826586 -0.2947639965 1.079548821 -0.06771108339 0.108111001 0.568635687 -0.7848523728 0.2073139731 -0.2845297292
0.4912733276 0.6877826586 -0.2947639965 0.9209267524 0.001454887517 0.09286376481 0.4101838074 -0.7781604831 0.2468717447 -0.2785153592
-0.2947639965 0.8842919896 -0.2947639965 0.6971804336 -0.004759947473 -0.1411669975 0.2109370817 -0.7286344746 0.2385342234 -0.2119632741
-0.09825466551 0.8842919896 -0.2947639965 0.2587534946 0.004012521197 -0.08557709274 0.1837396653 -0.3990314902 0.1825964748 -0.1583858838
0.09825466551 0.8842919896 -0.2947639965 0.2587535377 -0.004012145449 0.08557710577 0.1837396712 -0.3990314891 0.1825966081 -0.1583858644
0.2947639965 0.8842919896 -0.2947639965 0.6971805535 0.004760228903 0.1411670729 0.2109370821 -0.7286344722 0.2385345067 -0.2119631896
-0.2947639965 -0.8842919896 -0.09825466551 0.5324876428 0.137187042 0.1699054644 0.5701280169 -0.04541763496 -0.3576442146 0.1725728544
-0.09825466551 -0.8842919896 -0.09825466551 0.3724100209 0.04755306074 0.09341690959 0.4696603273 0.2250920353 -0.2789852981 0.111094394
0.09825466551 -0.8842919896 -0.09825466551 0.3724101329 -0.0475532312 -0.09341689352 0.4696603274 0.2250920356 -0.2789854702 0.111094405
0.2947639965 -0.8842919896 -0.09825466551 0.5324879413 -0.1371871745 -0.1699054791 0.5701280116 -0.04541763412 -0.3576445933 0.1725728325
-0.6877826586 -0.6877826586 -0.09825466551 0.4175498181 0.3594748538 0.1794341505 0.3819681451 -0.2092504369 -0.2520535801 0.05398718997
-0.4912733276 -0.6877826586 -0.09825466551 0.3188557001 0.2983288212 0.1919033548 0.3147185906 0.1246274077 -0.257502168 0.1101887858
-0.2947639965 -0.6877826586 -0.09825466551 0.3266741706 0.1290503172 0.1427910749 0.3444983923 0.3932003827 -0.1270058094 0.01465388403
-0.09825466551 -0.6877826586 -0.09825466551 0.6223480162 0.03553773803 0.05396801272 0.2320125627 0.7425591009 -0.006702786233 -0.1135947358
0.09825466551 -0.6877826586 -0.09825466551 0.6223480028 -0.03553789429 -0.05396793199 0.2320125629 0.742559101 -0.006702944502 -0.1135946562
0.2947639965 -0.6877826586 -0.09825466551 0.3266742739 -0.1290504553 -0.1427910211 0.3444983774 0.3932003888 -0.1270061422 0.01465401925
0.4912733276 -0.6877826586 -0.09825466551 0.3188558548 -0.2983289289 -0.1919033383 0.3147185436 0.1246274146 -0.257502388 0.1101888367
0.6877826586 -0.6877826586 -0.09825466551 0.4175498184 -0.3594749164 -0.1794341663 0.381968078 -0.2092504543 -0.2520535617 0.05398721774
-0.6877826586 -0.4912733276 -0.09825466551 0.1396691093 0.187347351 0.09007381998 0.2345228962 0.1155070362 -0.1639391809 0.03518333439
-0.4912733276 -0.4912733276 -0.09825466551 0.4460737234 0.1427305627 0.04507598808 0.1305826876 0.6289918309 -0.06467435717 -0.08248958141
-0.2947639965 -0.4912733276 -0.09825466551 0.8521422249 0.05524745936 0.004284652018 -0.01861306815 0.9067426848 4.122085653e-06 -0.1629197411
-0.09825466551 -0.4912733276 -0.09825466551 1.466629877 0.01171360106 -0.003914081807 -0.1717175363 1.17220122 0.02019424468 -0.2500538518
0.09825466551 -0.4912733276 -0.09825466551 1.466629838 -0.0117136851 0.003914150391 -0.1717175368 1.172201219 0.02019416221 -0.2500537792
0.2947639965 -0.4912733276 -0.09825466551 0.852142218 -0.05524754112 -0.004284596479 -0.0186130909 0.9067426964 3.986388518e-06 -0.1629196267
0.4912733276 -0.4912733276 -0.09825466551 0.4460737528 -0.1427306366 -0.0450759555 0.1305826063 0.6289918623 -0.06467432415 -0.08248956497
0.6877826586 -0.4912733276 -0.09825466551 0.1396689762 -0.1873474057 -0.09007381386 0.2345227618 0.1155070485 -0.1639389013 0.03518332558
-0.8842919896 -0.2947639965 -0.09825466551 0.2381751522 0.1188648072 0.02467602321 0.1498825857 -0.3509608281 -0.1696274727 0.2214173249
-0.6877826586 -0.2947639965 -0.09825466551 0.2447810848 0.06235312357 0.0276724653 0.06514826084 0.4844697371 -0.03422245073 -0.001004610702
-0.4912733276 -0.2947639965 -0.09825466551 1.202641361 0.01826066962 -0.02693360676 -0.11157916 1.078772937 0.04196247779 -0.1536902169
-0.2947639965 -0.2947639965 -0.09825466551 1.729388216 0.006776396195 -0.04610330016 -0.3445805071 1.254085829 -0.01313792582 -0.1886191566
-0.09825466551 -0.2947639965 -0.09825466551 2.202705851 0.005285596187 -0.02179067167 -0.5102669824 1.374924036 -0.09855289743 -0.2042104534
0.09825466551 -0.2947639965 -0.09825466551 2.202705841 -0.005285618436 0.02179069261 -0.510266984 1.374924034 -0.09855291531 -0.2042104269
0.2947639965 -0.2947639965 -0.09825466551 1.729388281 -0.006776422651 0.04610332069 -0.3445805388 1.254085847 -0.01313791053 -0.1886191464
0.4912733276 -0.2947639965 -0.09825466551 1.202641561 -0.01826070035 0.02693362332 -0.1115792715 1.078772996 0.04196266064 -0.1536903077
0.6877826586 -0.2947639965 -0.09825466551 0.2447810893 -0.06235315424 -0.02767245725 0.06514806903 0.484469791 -0.0342220675 -0.001004720497
0.8842919896 -0.2947639965 -0.09825466551 0.2381750113 -0.1188648233 -0.02467602693 0.1498824065 -0.3509608656 -0.1696270604 0.2214173756
-0.8842919896 -0.09825466551 -0.09825466551 0.1874198738 0.02295509252 -0.005197181567 0.1626900268 -0.3883616642 -0.06084010437 0.07662624534
-0.6877826586 -0.09825466551 -0.09825466551 0.4419962983 0.002109938547 -0.006366032239 -0.00257207427 0.6646651151 0.006212741936 -0.01124238189
-0.4912733276 -0.09825466551 -0.09825466551 1.779146607 -0.008252368039 -0.01906161064 -0.2510220412 1.307359591 0.03082001313 -0.07459303353
-0.2947639965 -0.09825466551 -0.09825466551 2.242654022 0.0006877339786 -0.02125048595 -0.5253988141 1.399948675 -0.01582316495 -0.0777906549
-0.09825466551 -0.09825466551 -0.09825466551 2.509863579 0.003831700439 -0.009162315361 -0.6920035297 1.42161206 -0.07101611329 -0.0697991968
0.09825466551 -0.09825466551 -0.09825466551 2.509863575 -0.003831701164 0.009162314646 -0.6920035322 1.421612057 -0.07101611163 -0.06979919493
0.2947639965 -0.09825466551 -0.09825466551 2.242654126 -0.0006877371122 0.02125048705 -0.5253988516 1.399948698 -0.01582313682 -0.0777906729
0.4912733276 -0.09825466551 -0.09825466551 1.779146895 0.008252361861 0.01906161313 -0.2510221716 1.307359671 0.03082011226 -0.07459309712
0.6877826586 -0.09825466551 -0.09825466551 0.4419964185 -0.002109945927 0.006366033785 -0.002572305516 0.6646652017 0.006212919301 -0.01124245306
0.8842919896 -0.09825466551 -0.09825466551 0.1874197763 -0.02295509744 0.005197180357 0.1626897863 -0.3883616685 -0.0608399186 0.07662624392
-0.8842919896 0.09825466551 -0.09825466551 0.1874198531 -0.02295514128 0.005197180671 0.1626899956 -0.3883616611 0.0608400739 -0.076626202
-0.6877826586 0.09825466551 -0.09825466551 0.4419963788 -0.002109959596 0.006366102815 -0.002572070919 0.6646651737 -0.006212707791 0.01124247175
-0.4912733276 0.09825466551 -0.09825466551 1.779146777 0.008252407101 0.01906172006 -0.2510219251 1.307359675 -0.03081986817 0.0745931219
-0.2947639965 0.09825466551 -0.09825466551 2.242653941 -0.0006876671729 0.02125058002 -0.5253985553 1.399948737 0.01582342113 0.07779069467
-0.09825466551 0.09825466551 -0.09825466551 2.509863213 -0.00383166798 0.009162351711 -0.6920031738 1.421612088 0.0710164368 0.06979918905
0.09825466551 0.09825466551 -0.09825466551 2.509863209 0.003831668701 -0.009162350988 -0.6920031762 1.421612086 0.07101643514 0.06979918718
0.2947639965 0.09825466551 -0.09825466551 2.242654045 0.0006876702996 -0.02125058114 -0.5253985928 1.399948759 0.01582339304 0.07779071263
0.4912733276 0.09825466551 -0.09825466551 1.779147065 -0.008252400925 -0.0190617226 -0.2510220553 1.307359754 -0.03081996716 0.07459318535
0.6877826586 0.09825466551 -0.09825466551 0.4419964988 0.002109966996 -0.006366104441 -0.002572301867 0.6646652602 -0.00621288487 0.01124254279
0.8842919896 0.09825466551 -0.09825466551 0.1874197557 0.02295514626 -0.005197179543 0.1626897555 -0.3883616654 0.06083988845 -0.07662620057
-0.8842919896 0.2947639965 -0.09825466551 0.2381751289 -0.1188648619 -0.02467605521 0.1498825067 -0.3509608405 0.1696274235 -0.2214173111
-0.6877826586 0.2947639965 -0.09825466551 0.244781221 -0.06235320024 -0.02767242349 0.06514822661 0.484469877 0.03422241796 0.001004676252
-0.4912733276 0.2947639965 -0.09825466551 1.202641858 -0.01826071965 0.02693371215 -0.1115789309 1.078773175 -0.04196245603 0.1536903076
-0.2947639965 0.2947639965 -0.09825466551 1.729388411 -0.006776411289 0.04610340913 -0.3445799241 1.254086049 0.01313801117 0.1886192356
-0.09825466551 0.2947639965 -0.09825466551 2.202705497 -0.005285596649 0.02179071738 -0.5102661523 1.374924197 0.09855302334 0.2042105115
0.09825466551 0.2947639965 -0.09825466551 2.202705487 0.005285618917 -0.02179073827 -0.5102661539 1.374924195 0.09855304118 0.2042104849
0.2947639965 0.2947639965 -0.09825466551 1.729388475 0.00677643766 -0.04610342953 -0.3445799556 1.254086067 0.01313799581 0.1886192255
0.4912733276 0.2947639965 -0.09825466551 1.202642056 0.01826075017 -0.02693372856 -0.1115790421 1.078773234 -0.04196263888 0.1536903984
0.6877826586 0.2947639965 -0.09825466551 0.2447812253 0.06235323063 0.02767241552 0.06514803555 0.4844699305 0.03422203486 0.001004785964
0.8842919896 0.2947639965 -0.09825466551 0.2381749882 0.1188648778 0.02467605888 0.1498823282 -0.3509608779 0.1696270114 -0.2214173618
-0.6877826586 0.4912733276 -0.09825466551 0.1396690819 -0.1873474429 -0.09007385908 0.2345227584 0.1155071584 0.1639390834 -0.0351833285
-0.4912733276 0.4912733276 -0.09825466551 0.4460741654 -0.1427306987 -0.04507594293 0.1305827831 0.6289921414 0.06467423325 0.08248962816
-0.2947639965 0.4912733276 -0.09825466551 0.8521429467 -0.05524756894 -0.004284567174 -0.01861259113 0.9067430735 -4.25526689e-06 0.1629198125
-0.09825466551 0.4912733276 -0.09825466551 1.466630559 -0.01171364151 0.003914122702 -0.1717167757 1.172201602 -0.02019437902 0.2500539322
0.09825466551 0.4912733276 -0.09825466551 1.46663052 0.01171372565 -0.003914191269 -0.1717167762 1.172201601 -0.02019429665 0.2500538597
0.2947639965 0.4912733276 -0.09825466551 0.8521429398 0.05524765056 0.004284511803 -0.01861261379 0.9067430851 -4.119775787e-06 0.1629196983
0.4912733276 0.4912733276 -0.09825466551 0.4460741946 0.1427307722 0.0450759106 0.1305827022 0.6289921726 0.06467420004 0.08248961179
0.6877826586 0.4912733276 -0.09825466551 0.139668949 0.187347497 0.09007385303 0.2345226248 0.1155071706 0.1639388036 -0.03518331973
-0.6877826586 0.6877826586 -0.09825466551 0.4175497151 -0.3594748767 -0.179434278 0.3819679528 -0.209250443 0.2520535198 -0.05398727937
-0.4912733276 0.6877826586 -0.09825466551 0.3188556726 -0.2983289378 -0.1919034269 0.3147184266 0.1246276021 0.2575020062 -0.1101888456
-0.2947639965 0.6877826586 -0.09825466551 0.3266744904 -0.1290504413 -0.142791072 0.3444984412 0.3932007807 0.1270055767 -0.0146539203
-0.09825466551 0.6877826586 -0.09825466551 0.6223488383 -0.03553779012 -0.0539680048 0.2320128082 0.7425595813 0.006702517885 0.1135947158
0.09825466551 0.6877826586 -0.09825466551 0.622348825 0.03553794666 0.05396792398 0.2320128083 0.7425595815 0.006702676037 0.1135946362
0.2947639965 0.6877826586 -0.09825466551 0.3266745937 0.1290505792 0.1427910182 0.3444984263 0.3932007869 0.1270059092 -0.01465405538
0.4912733276 0.6877826586 -0.09825466551 0.318855827 0.2983290451 0.1919034105 0.3147183799 0.124627609 0.2575022259 -0.1101888965
0.6877826586 0.6877826586 -0.09825466551 0.4175497154 0.3594749388 0.1794342937 0.3819678862 -0.2092504602 0.2520535012 -0.05398730724
-0.2947639965 0.8842919896 -0.09825466551 0.5324872828 -0.1371870541 -0.1699055603 0.5701277187 -0.04541747793 0.3576440755 -0.1725730217
-0.09825466551 0.8842919896 -0.09825466551 0.3724098287 -0.04755308318 -0.09341694583 0.4696600645 0.2250922769 0.2789851151 -0.1110945697
0.09825466551 0.8842919896 -0.09825466551 0.3724099406 0.04755325405 0.09341692971 0.4696600646 0.2250922773 0.2789852871 -0.1110945807
0.2947639965 0.8842919896 -0.09825466551 0.532487581 0.1371871867 0.1699055751 0.5701277133 -0.04541747705 0.357644454 -0.1725729997
-0.2947639965 -0.8842919896 0.09825466551 0.1578536753 0.050819932 -0.04509335893 -0.05700704389 0.3715157748 0.009541930842 -0.1089622701
-0.09825466551 -0.8842919896 0.09825466551 0.1650512761 0.00754914639 -0.01858108108 -0.1622467916 0.3267149493 0.1009487245 -0.1462590356
0.09825466551 -0.8842919896 0.09825466551 0.1650512348 -0.007548975494 0.01858106499 -0.1622467917 0.3267149489 0.1009485525 -0.1462590247
0.2947639965 -0.8842919896 0.09825466551 0.1578536594 -0.05081979942 0.04509337371 -0.05700703851 0.371515774 0.009541552363 -0.1089622921
-0.6877826586 -0.6877826586 0.09825466551 0.3774344862 0.1159296435 -0.04390533371 -0.05995834184 0.5742309767 -0.06983563236 -0.1544470549
-0.4912733276 -0.6877826586 0.09825466551 0.4832402128 0.1016673421 -0.1597826246 -0.3406151764 0.4930054446 0.1867312965 -0.2311532679
-0.2947639965 -0.6877826586 0.09825466551 0.6428780372 0.02320400666 -0.1439963087 -0.5308187554 0.3931444999 0.3641386509 -0.229513765
-0.09825466551 -0.6877826586 0.09825466551 0.673937273 -0.00443676958 -0.05000884806 -0.60595037 0.2659388673 0.4099352335 -0.2558719905
0.09825466551 -0.6877826586 0.09825466551 0.673937096 0.00443692616 0.05000876724 -0.6059503701 0.2659388671 0.4099350754 -0.2558719109
0.2947639965 -0.6877826586 0.09825466551 0.6428776905 -0.02320386867 0.1439962549 -0.5308187406 0.3931444937 0.3641383184 -0.2295136299
0.4912733276 -0.6877826586 0.09825466551 0.4832400416 -0.1016672348 0.1597826082 -0.3406151298 0.4930054377 0.1867310768 -0.2311532171
0.6877826586 -0.6877826586 0.09825466551 0.3774344738 -0.1159295814 0.04390534939 -0.05995827521 0.5742309939 -0.06983561377 -0.154447027
-0.6877826586 -0.4912733276 0.09825466551 1.043560117 0.05198630439 -0.1912100984 -0.4505118566 0.8493918867 0.1477243361 -0.2409278936
-0.4912733276 -0.4912733276 0.09825466551 1.057810062 0.01819858446 -0.1890412902 -0.7182644297 0.5685053005 0.2993484243 -0.3050093718
-0.2947639965 -0.4912733276 0.09825466551 0.7981851326 -0.01452423951 -0.1179811301 -0.7966331838 0.1246243226 0.2970990829 -0.2136144088
-0.09825466551 -0.4912733276 0.09825466551 0.7259842572 -0.01048244634 -0.03717850334 -0.7830956927 -0.1563666625 0.2471527095 -0.160369185
0.09825466551 -0.4912733276 0.09825466551 0.7259841889 0.01048253051 0.03717843475 -0.7830956923 -0.1563666617 0.2471526271 -0.1603691125
0.2947639965 -0.4912733276 0.09825466551 0.7981849537 0.01452432117 0.1179810747 -0.7966331612 0.1246243111 0.2970989474 -0.2136142946
0.4912733276 -0.4912733276 0.09825466551 1.057809905 -0.01819851092 0.1890412579 -0.7182643489 0.5685052693 0.2993484575 -0.3050093555
0.6877826586 -0.4912733276 0.09825466551 1.043560055 -0.05198625019 0.1912100924 -0.450511723 0.8493918745 0.1477246158 -0.2409279024
-0.8842919896 -0.2947639965 0.09825466551 0.6508484046 0.01528056693 -0.1966158565 -0.2556823546 0.731517098 -0.03203424272 0.102177248
-0.6877826586 -0.2947639965 0.09825466551 1.518521761 -0.01198318324 -0.2593658656 -0.7415438378 0.9218175189 0.1696313522 -0.1506582729
-0.4912733276 -0.2947639965 0.09825466551 1.01896074 -0.02245177333 -0.1562815657 -0.8848313814 0.3541061126 0.1948234168 -0.218537993
-0.2947639965 -0.2947639965 0.09825466551 0.839748485 -0.003064992425 -0.05439011262 -0.8356203925 -0.3454189489 0.1012430244 -0.09463068162
-0.09825466551 -0.2947639965 0.09825466551 1.135874369 0.004830782831 -0.008379702339 -0.7722196648 -0.7335090255 0.03730784426 0.005498750839
0.09825466551 -0.2947639965 0.09825466551 1.135874362 -0.004830760548 0.00837968143 -0.7722196633 -0.7335090236 0.03730782642 0.005498777384
0.2947639965 -0.2947639965 0.09825466551 0.8397484437 0.003065018814 0.05439009219 -0.8356203609 -0.3454189668 0.1012430398 -0.09463067147
0.4912733276 -0.2947639965 0.09825466551 1.018960609 0.02245180387 0.1562815493 -0.8848312703 0.3541060531 0.1948235996 -0.2185380838
0.6877826586 -0.2947639965 0.09825466551 1.518521539 0.01198321365 0.2593658576 -0.7415436468 0.9218174654 0.1696317353 -0.1506583827
0.8842919896 -0.2947639965 0.09825466551 0.6508483528 -0.01528055096 0.1966158602 -0.2556821762 0.7315171353 -0.0320338306 0.1021772986
-0.8842919896 -0.09825466551 0.09825466551 1.1950236 -0.006716343499 -0.09051839774 -0.4154033334 1.006066731 -0.007557962994 0.04469442572
-0.6877826586 -0.09825466551 0.09825466551 1.575021727 -0.01647696174 -0.1072510191 -0.8630946154 0.9011730367 0.06318378484 -0.04701178328
-0.4912733276 -0.09825466551 0.09825466551 0.8643183166 -0.009612737191 -0.05654130694 -0.9164054356 0.1117324434 0.0586820966 -0.07281718639
-0.2947639965 -0.09825466551 0.09825466551 1.174719612 0.007825546951 -0.009865298404 -0.8183017733 -0.7102909632 0.01505940224 -0.01425548482
-0.09825466551 -0.09825466551 0.09825466551 1.864617068 0.007681480007 0.002391842658 -0.7605123492 -1.133476346 -0.006252822922 0.03695379915
0.09825466551 -0.09825466551 0.09825466551 1.864617058 -0.007681479288 -0.002391841947 -0.7605123468 -1.133476344 -0.006252821262 0.03695380102
0.2947639965 -0.09825466551 0.09825466551 1.174719584 -0.007825543824 0.009865297271 -0.8183017358 -0.7102909854 0.01505943032 -0.01425550276
0.4912733276 -0.09825466551 0.09825466551 0.8643180811 0.009612743371 0.0565413044 -0.9164053055 0.1117323644 0.05868219555 -0.07281724983
0.6877826586 -0.09825466551 0.09825466551 1.575021201 0.01647696914 0.1072510174 -0.8630943845 0.9011729502 0.06318396189 -0.0470118543
0.8842919896 -0.09825466551 0.09825466551 1.195023407 0.006716348482 0.09051839886 -0.4154030934 1.006066735 -0.007557777571 0.04469442431
-0.8842919896 0.09825466551 0.09825466551 1.195023636 0.006716294771 0.09051839685 -0.4154033645 1.006066734 0.00755799413 -0.04469446919
-0.6877826586 0.09825466551 0.09825466551 1.575021837 0.01647694071 0.1072510896 -0.8630946119 0.9011730952 -0.06318381855 0.04701169318
-0.4912733276 0.09825466551 0.09825466551 0.8643181396 0.009612776255 0.05654141635 -0.9164053194 0.1117325273 -0.05868224139 0.07281709794
-0.2947639965 0.09825466551 0.09825466551 1.174719108 -0.00782548016 0.009865392489 -0.8183015145 -0.7102909014 -0.01505965839 0.01425544506
-0.09825466551 0.09825466551 0.09825466551 1.864616456 -0.007681447562 -0.0023918063 -0.7605119932 -1.133476318 0.006252499418 -0.0369537914
0.09825466551 0.09825466551 0.09825466551 1.864616447 0.007681446822 0.002391805593 -0.7605119908 -1.133476315 0.00625249775 -0.03695379326
0.2947639965 0.09825466551 0.09825466551 1.17471908 0.007825477013 -0.009865391375 -0.818301477 -0.7102909237 -0.01505968653 0.01425546308
0.4912733276 0.09825466551 0.09825466551 0.8643179037 -0.009612782447 -0.05654141386 -0.9164051891 0.1117324481 -0.05868234054 0.07281716154
0.6877826586 0.09825466551 0.09825466551 1.575021311 -0.01647694811 -0.1072510881 -0.8630943807 0.9011730086 -0.06318399594 0.04701176437
0.8842919896 0.09825466551 0.09825466551 1.195023442 -0.006716299696 -0.09051839806 -0.4154031241 1.006066738 0.007557808332 -0.04469446776
-0.8842919896 0.2947639965 0.09825466551 0.6508484218 -0.01528062147 0.1966158245 -0.2556824334 0.7315170856 0.03203429249 -0.1021772618
-0.6877826586 0.2947639965 0.09825466551 1.518522058 0.01198310674 0.2593659073 -0.7415438717 0.9218176585 -0.169631319 0.1506582073
-0.4912733276 0.2947639965 0.09825466551 1.018960503 0.02245172346 0.1562816709 -0.8848311521 0.3541063504 -0.1948234384 0.2185379022
-0.2947639965 0.2947639965 0.09825466551 0.8397473721 0.003064977436 0.05439022147 -0.8356198093 -0.3454187283 -0.1012431098 0.09463060251
-0.09825466551 0.2947639965 0.09825466551 1.135872861 -0.004830783261 0.008379748007 -0.7722188347 -0.7335088645 -0.03730797019 -0.005498808953
0.09825466551 0.2947639965 0.09825466551 1.135872854 0.004830760984 -0.008379727046 -0.7722188332 -0.7335088626 -0.03730795231 -0.005498835528
0.2947639965 0.2947639965 0.09825466551 0.8397473307 -0.003065003921 -0.05439020093 -0.8356197777 -0.3454187463 -0.1012431251 0.09463059232
0.4912733276 0.2947639965 0.09825466551 1.01896037 -0.02245175422 -0.1562816544 -0.8848310406 0.3541062907 -0.1948236213 0.218537993
0.6877826586 0.2947639965 0.09825466551 1.518521834 -0.01198313743 -0.2593658993 -0.7415436799 0.9218176047 -0.1696317023 0.150658317
0.8842919896 0.2947639965 0.09825466551 0.6508483699 0.01528060534 -0.1966158282 -0.2556822543 0.731517123 0.03203388015 -0.1021773125
-0.6877826586 0.4912733276 0.09825466551 1.043560411 -0.05198639601 0.1912100593 -0.450511994 0.8493920088 -0.1477242383 0.2409278877
-0.4912733276 0.4912733276 0.09825466551 1.057810196 -0.01819872013 0.1890413352 -0.7182643338 0.5685056107 -0.2993483003 0.305009325
-0.2947639965 0.4912733276 0.09825466551 0.7981843763 0.0145241302 0.1179812147 -0.7966327066 0.1246247111 -0.2970989498 0.2136143373
-0.09825466551 0.4912733276 0.09825466551 0.7259828563 0.01048240599 0.03717854414 -0.7830949321 -0.15636628 -0.2471525753 0.1603691046
0.09825466551 0.4912733276 0.09825466551 0.725982788 -0.01048249007 -0.03717847554 -0.7830949317 -0.1563662792 -0.2471524928 0.160369032
0.2947639965 0.4912733276 0.09825466551 0.7981841971 -0.01452421201 -0.1179811592 -0.7966326839 0.1246246996 -0.2970988141 0.213614223
0.4912733276 0.4912733276 0.09825466551 1.057810038 0.01819864613 -0.1890413026 -0.7182642525 0.5685055794 -0.2993483333 0.3050093086
0.6877826586 0.4912733276 0.09825466551 1.043560348 0.05198634127 -0.1912100531 -0.4505118596 0.8493919965 -0.147724518 0.2409278965
-0.6877826586 0.6877826586 0.09825466551 0.3774345324 -0.115929666 0.04390520628 -0.05995853381 0.5742309706 0.06983569274 0.1544471443
-0.4912733276 0.6877826586 0.09825466551 0.4832404837 -0.1016674583 0.1597825524 -0.34061534 0.4930056389 -0.1867311349 0.2311533278
-0.2947639965 0.6877826586 0.09825466551 0.6428781518 -0.02320413035 0.1439963115 -0.5308187064 0.3931448978 -0.3641384184 0.2295138013
-0.09825466551 0.6877826586 0.09825466551 0.6739370218 0.004436717627 0.05000885588 -0.6059501244 0.2659393476 -0.4099349655 0.2558720106
0.09825466551 0.6877826586 0.09825466551 0.6739368448 -0.004436873943 -0.05000877519 -0.6059501246 0.2659393475 -0.4099348072 0.255871931
0.2947639965 0.6877826586 0.09825466551 0.6428778049 0.02320399228 -0.1439962576 -0.5308186915 0.3931448917 -0.3641380856 0.2295136661
0.4912733276 0.6877826586 0.09825466551 0.4832403121 0.1016673505 -0.159782536 -0.3406152931 0.493005632 -0.1867309149 0.2311532769
0.6877826586 0.6877826586 0.09825466551 0.37743452 0.1159296034 -0.04390522209 -0.0599584667 0.574230988 0.0698356743 0.1544471165
-0.2947639965 0.8842919896 0.09825466551 0.1578538522 -0.05081994382 0.04509326299 -0.05700734194 0.3715159318 -0.00954179213 0.1089624373
-0.09825466551 0.8842919896 0.09825466551 0.1650515328 -0.007549168705 0.01858104482 -0.1622470543 0.3267151909 -0.1009485419 0.1462592113
0.09825466551 0.8842919896 0.09825466551 0.1650514915 0.007548998225 -0.01858102882 -0.1622470544 0.3267151905 -0.1009483698 0.1462592004
0.2947639965 0.8842919896 0.09825466551 0.1578538365 0.05081981135 -0.04509327782 -0.05700733661 0.371515931 -0.009541413444 0.1089624593
-0.2947639965 -0.8842919896 0.2947639965 0.402250913 -0.1210878153 -0.172538495 -0.457014287 -0.00379218523 0.3772648827 -0.08132583175
-0.09825466551 -0.8842919896 0.2947639965 0.3688270021 -0.05273904745 -0.08474331949 -0.4069604789 -0.1860555701 0.3844671155 -0.1039985351
0.09825466551 -0.8842919896 0.2947639965 0.3688269506 0.05273942324 0.08474333251 -0.4069604848 -0.1860555712 0.3844669822 -0.1039985545
0.2947639965 -0.8842919896 0.2947639965 0.4022508076 0.1210880968 0.1725385705 -0.4570142874 -0.003792187636 0.3772645993 -0.08132591619
-0.4912733276 -0.6877826586 0.2947639965 0.413963752 -0.1968227577 -0.1770842347 -0.2927828343 -0.09216374665 0.4817881072 -0.1324009189
-0.2947639965 -0.6877826586 0.2947639965 0.4477462891 -0.1738439834 -0.1510710038 -0.2914042754 -0.3911200776 0.3954731834 0.02029050943
-0.09825466551 -0.6877826586 0.2947639965 0.4993786187 -0.07434127176 -0.05792108259 -0.1617687996 -0.6410567958 0.2268070567 0.04396295379
0.09825466551 -0.6877826586 0.2947639965 0.499378591 0.07434160182 0.05792095022 -0.1617688153 -0.6410567899 0.2268069168 0.04396300525
0.2947639965 -0.6877826586 0.2947639965 0.4477461386 0.1738442725 0.1510709259 -0.2914042765 -0.3911200777 0.3954728909 0.02029058618
0.4912733276 -0.6877826586 0.2947639965 0.4139635986 0.1968229724 0.1770842366 -0.2927827576 -0.09216374996 0.4817879087 -0.1324009076
-0.6877826586 -0.4912733276 0.2947639965 0.2552669353 -0.1984822388 -0.1187474663 -0.1607744876 -0.05550967581 0.3660937266 -0.1970187779
-0.4912733276 -0.4912733276 0.2947639965 0.458248586 -0.2032523003 0.006054414856 -0.01465598531 -0.6095769116 0.2121358943 -0.009999287791
-0.2947639965 -0.4912733276 0.2947639965 0.9977862397 -0.1361522123 0.06761488945 0.2424417659 -0.9255705739 -0.03800891806 0.2403611171
-0.09825466551 -0.4912733276 0.2947639965 1.56679527 -0.04432615866 0.03259658007 0.4883095851 -1.091050231 -0.1790400795 0.3207424467
0.09825466551 -0.4912733276 0.2947639965 1.566795299 0.04432630157 -0.03259667751 0.4883095645 -1.091050215 -0.1790401609 0.3207425042
0.2947639965 -0.4912733276 0.2947639965 0.9977863325 0.1361523568 -0.06761496796 0.2424417682 -0.9255705674 -0.03800905957 0.2403612064
0.4912733276 -0.4912733276 0.2947639965 0.4582486811 0.2032524372 -0.006054457019 -0.01465584811 -0.6095769476 0.212135893 -0.009999271857
0.6877826586 -0.4912733276 0.2947639965 0.2552670329 0.1984823411 0.118747469 -0.1607742264 -0.05550965802 0.3660939294 -0.197018762
-0.8842919896 -0.2947639965 0.2947639965 0.248110926 -0.1336210713 -0.1664446035 -0.1797436244 0.388144136 0.1396152676 -0.00982168846
-0.6877826586 -0.2947639965 0.2947639965 0.3053365587 -0.1286391649 -0.09018679847 0.004362045831 -0.4899489538 0.1865995846 -0.07593718182
-0.4912733276 -0.2947639965 0.2947639965 1.725390155 -0.08369362484 0.1294101217 0.4284731957 -1.228197173 -0.04337162126 0.08774895824
-0.2947639965 -0.2947639965 0.2947639965 2.662717536 -0.001653801424 0.1946356536 0.810297184 -1.354441248 -0.1834494777 0.3163628165
-0.09825466551 -0.2947639965 0.2947639965 2.915463942 0.01604627076 0.08518449865 1.024915143 -1.294596351 -0.1305435127 0.4055584934
0.09825466551 -0.2947639965 0.2947639965 2.915463844 -0.01604627179 -0.08518448886 1.024915119 -1.294596322 -0.1305435366 0.4055585177
0.2947639965 -0.2947639965 0.2947639965 2.662717525 0.001653817556 -0.1946356545 0.810297193 -1.354441234 -0.1834494851 0.3163628321
0.4912733276 -0.2947639965 0.2947639965 1.725390497 0.0836936617 -0.1294101295 0.4284733902 -1.22819725 -0.04337148951 0.08774889908
0.6877826586 -0.2947639965 0.2947639965 0.3053367535 0.1286392087 0.09018679797 0.004362444827 -0.4899490178 0.1865998766 -0.07593723754
0.8842919896 -0.2947639965 0.2947639965 0.2481109903 0.1336210988 0.1664446173 -0.179743249 0.3881442773 0.1396155523 -0.009821587365
-0.8842919896 -0.09825466551 0.2947639965 0.2535329995 -0.04215937577 -0.06318254899 -0.1933591103 0.4563646801 0.04287216019 0.0164031437
-0.6877826586 -0.09825466551 0.2947639965 0.691003395 -0.03579625776 -0.02016613696 0.1505232921 -0.8157429302 0.03410253141 -0.007653600354
-0.4912733276 -0.09825466551 0.2947639965 3.215826327 -0.001625142051 0.07612067194 0.7211563743 -1.63825967 -0.05431314106 0.05584040232
-0.2947639965 -0.09825466551 0.2947639965 3.652736409 0.03275467395 0.1024983022 1.083147179 -1.562696278 -0.06390105573 0.1478067211
-0.09825466551 -0.09825466551 0.2947639965 3.155129751 0.02105210287 0.04439280822 1.193863686 -1.300869178 0.01109885512 0.1871404174
0.09825466551 -0.09825466551 0.2947639965 3.155129595 -0.02105212359 -0.04439278149 1.19386366 -1.300869141 0.0110988535 0.1871404204
0.2947639965 -0.09825466551 0.2947639965 3.652736371 -0.03275468589 -0.1024982849 1.083147193 -1.562696258 -0.06390103896 0.1478067105
0.4912733276 -0.09825466551 0.2947639965 3.215826994 0.001625141878 -0.07612066493 0.7211566056 -1.638259776 -0.05431306518 0.05584035793
0.6877826586 -0.09825466551 0.2947639965 0.6910037604 0.03579626367 0.02016614073 0.1505237818 -0.8157430573 0.03410266998 -0.007653643305
0.8842919896 -0.09825466551 0.2947639965 0.2535328848 0.04215938343 0.06318255372 -0.1933585879 0.4563647609 0.04287229454 0.01640316885
-0.8842919896 0.09825466551 0.2947639965 0.2535329881 0.04215934539 0.06318253602 -0.1933591561 0.4563646598 -0.04287205601 -0.01640322289
-0.6877826586 0.09825466551 0.2947639965 0.6910033191 0.03579625125 0.02016615051 0.1505232364 -0.8157428946 -0.03410256565 0.007653373213
-0.4912733276 0.09825466551 0.2947639965 3.21582604 0.00162518028 -0.07612064228 0.7211563714 -1.638259586 0.05431283773 -0.05584066159
-0.2947639965 0.09825466551 0.2947639965 3.652736257 -0.03275461768 -0.1024982794 1.083147263 -1.562696181 0.06390046841 -0.1478068896
-0.09825466551 0.09825466551 0.2947639965 3.155129915 -0.02105207641 -0.04439280048 1.193863835 -1.300869088 -0.01109961839 -0.1871404843
0.09825466551 0.09825466551 0.2947639965 3.155129759 0.02105209709 0.04439277372 1.19386381 -1.300869052 -0.01109961677 -0.1871404873
0.2947639965 0.09825466551 0.2947639965 3.652736219 0.03275462968 0.102498262 1.083147278 -1.562696161 0.06390045151 -0.1478068788
0.4912733276 0.09825466551 0.2947639965 3.215826707 -0.001625179894 0.07612063504 0.7211566027 -1.638259692 0.05431276139 -0.05584061686
0.6877826586 0.09825466551 0.2947639965 0.6910036847 -0.03579625684 -0.02016615449 0.1505237262 -0.8157430217 -0.03410270503 0.007653416494
0.8842919896 0.09825466551 0.2947639965 0.2535328735 -0.04215935277 -0.06318254081 -0.1933586335 0.4563647407 -0.04287219116 -0.01640324819
-0.8842919896 0.2947639965 0.2947639965 0.2481108433 0.1336210392 0.1664445666 -0.1797437179 0.3881440574 -0.139615144 0.009821690257
-0.6877826586 0.2947639965 0.2947639965 0.3053364198 0.128639116 0.09018679291 0.004361880958 -0.489948894 -0.1865994677 0.07593703923
-0.4912733276 0.2947639965 0.2947639965 1.725389625 0.08369359102 -0.1294100902 0.4284731343 -1.228196968 0.04337162041 -0.08774918999
-0.2947639965 0.2947639965 0.2947639965 2.662717117 0.001653790463 -0.1946356138 0.8102973275 -1.354440981 0.1834493233 -0.3163630439
-0.09825466551 0.2947639965 0.2947639965 2.91546395 -0.01604627149 -0.08518448116 1.024915444 -1.294596082 0.1305432566 -0.4055586819
0.09825466551 0.2947639965 0.2947639965 2.915463851 0.01604627251 0.08518447138 1.02491542 -1.294596054 0.1305432805 -0.4055587064
0.2947639965 0.2947639965 0.2947639965 2.662717105 -0.00165380661 0.1946356147 0.8102973363 -1.354440966 0.1834493308 -0.3163630595
0.4912733276 0.2947639965 0.2947639965 1.725389967 -0.08369362788 0.1294100981 0.4284733288 -1.228197045 0.04337148859 -0.08774913081
0.6877826586 0.2947639965 0.2947639965 0.3053366149 -0.1286391598 -0.09018679245 0.004362280284 -0.4899489581 -0.1865997602 0.07593709503
0.8842919896 0.2947639965 0.2947639965 0.2481109076 -0.1336210667 -0.1664445805 -0.1797433421 0.3881441988 -0.1396154292 0.009821588977
-0.6877826586 0.4912733276 0.2947639965 0.2552668018 0.1984821814 0.1187474073 -0.1607747171 -0.05550969837 -0.3660934727 0.1970188107
-0.4912733276 0.4912733276 0.2947639965 0.4582481672 0.2032521984 -0.006054418226 -0.0146561913 -0.6095767165 -0.2121355545 0.009999213742
-0.2947639965 0.4912733276 0.2947639965 0.9977856758 0.1361521262 -0.06761486123 0.2424417457 -0.9255702354 0.03800929723 -0.2403612643
-0.09825466551 0.4912733276 0.2947639965 1.566794819 0.04432612612 -0.03259656371 0.4883097287 -1.091049846 0.1790404712 -0.3207426231
0.09825466551 0.4912733276 0.2947639965 1.566794848 -0.04432626897 0.03259666114 0.4883097081 -1.091049829 0.1790405528 -0.3207426807
0.2947639965 0.4912733276 0.2947639965 0.9977857683 -0.1361522708 0.06761493982 0.2424417478 -0.9255702288 0.03800943925 -0.2403613539
0.4912733276 0.4912733276 0.2947639965 0.4582482621 -0.2032523356 0.006054460496 -0.01465605413 -0.6095767525 -0.2121355527 0.009999197596
0.6877826586 0.4912733276 0.2947639965 0.2552668993 -0.198482284 -0.1187474101 -0.1607744557 -0.05550968056 -0.3660936754 0.1970187948
-0.4912733276 0.6877826586 0.2947639965 0.413963553 0.1968226922 0.1770841541 -0.292783147 -0.09216372546 -0.4817877117 0.1324011353
-0.2947639965 0.6877826586 0.2947639965 0.4477457804 0.1738438862 0.1510709751 -0.2914045626 -0.3911198595 -0.3954726065 -0.02029034485
-0.09825466551 0.6877826586 0.2947639965 0.499377957 0.07434123188 0.05792107574 -0.1617690089 -0.641056481 -0.2268063766 -0.04396283277
0.09825466551 0.6877826586 0.2947639965 0.4993779292 -0.07434156173 -0.05792094346 -0.1617690247 -0.6410564751 -0.2268062364 -0.04396288434
0.2947639965 0.6877826586 0.2947639965 0.4477456294 -0.1738441754 -0.1510708972 -0.291404564 -0.3911198594 -0.3954723133 -0.02029042179
0.4912733276 0.6877826586 0.2947639965 0.413963399 -0.1968229071 -0.177084156 -0.2927830703 -0.09216372871 -0.4817875125 0.1324011239
-0.2947639965 0.8842919896 0.2947639965 0.4022511226 0.1210878023 0.1725384153 -0.4570146443 -0.003792218057 -0.3772646649 0.08132630901
-0.09825466551 0.8842919896 0.2947639965 0.368827155 0.05273903296 0.08474328782 -0.4069608585 -0.1860555364 -0.3844667981 0.1039990516
0.09825466551 0.8842919896 0.2947639965 0.3688271033 -0.05273940842 -0.08474330089 -0.4069608645 -0.1860555374 -0.3844666645 0.1039990711
0.2947639965 0.8842919896 0.2947639965 0.4022510169 -0.1210880837 -0.1725384908 -0.4570146449 -0.003792220446 -0.3772643811 0.08132639362
-0.4912733276 -0.6877826586 0.4912733276 0.1625873754 -0.1669983884 0.07955306868 0.01654494595 -0.2420267559 0.2128965196 0.1555461637
-0.2947639965 -0.6877826586 0.4912733276 0.1186945079 -0.1004587763 0.05033944874 0.219136743 -0.05120208275 -0.06503986842 0.226264739
-0.09825466551 -0.6877826586 0.4912733276 0.3723530369 -0.03953476294 0.005080151516 0.3968650864 -0.04424664443 -0.436611917 0.1437866584
0.09825466551 -0.6877826586 0.4912733276 0.3723531149 0.03953497866 -0.005080186441 0.3968650384 -0.04424663676 -0.4366120265 0.1437866713
0.2947639965 -0.6877826586 0.4912733276 0.1186945364 0.1004589698 -0.05033945088 0.2191366623 -0.05120207749 -0.06504008717 0.2262647322
0.4912733276 -0.6877826586 0.4912733276 0.1625873374 0.166998526 -0.07955302168 0.01654494205 -0.242026755 0.2128963755 0.155546117
-0.6877826586 -0.4912733276 0.4912733276 0.482288446 -0.1576991679 0.2158130977 0.2409017475 -0.5739563509 0.1503484855 0.02792693286
-0.4912733276 -0.4912733276 0.4912733276 0.6568224035 -0.1111935228 0.3617417809 0.4801441923 -0.3028178047 -0.3464980526 0.2670268138
-0.2947639965 -0.4912733276 0.4912733276 1.070488606 -0.01502780846 0.2438177424 0.6183966541 0.2827735855 -0.6562809273 0.3431263643
-0.09825466551 -0.4912733276 0.4912733276 1.351979913 0.01068137561 0.0669634556 0.7734593568 0.4820309008 -0.6909770602 0.1983412551
0.09825466551 -0.4912733276 0.4912733276 1.351979941 -0.01068139793 -0.06696343537 0.7734592776 0.4820309389 -0.6909771349 0.198341287
0.2947639965 -0.4912733276 0.4912733276 1.070488677 0.01502781431 -0.2438177317 0.618396519 0.2827736398 -0.6562810656 0.3431264089
0.4912733276 -0.4912733276 0.4912733276 0.6568224249 0.1111935594 -0.3617417721 0.4801441899 -0.302817793 -0.3464980923 0.2670268167
0.6877826586 -0.4912733276 0.4912733276 0.482288479 0.1576992056 -0.215813074 0.2409019016 -0.5739562862 0.150348583 0.02792696734
-0.6877826586 -0.2947639965 0.4912733276 1.383309704 -0.005601073346 0.2418313689 0.5969998686 -0.9818114434 -0.04976294566 0.04423818058
-0.4912733276 -0.2947639965 0.4912733276 1.160716932 0.05036231436 0.3793201411 0.8211731215 -0.2411154668 -0.4752493224 0.2365859627
-0.2947639965 -0.2947639965 0.4912733276 1.679342784 0.1286421184 0.2613283133 0.7226863969 0.9261436759 -0.3917797451 0.246966387
-0.09825466551 -0.2947639965 0.4912733276 2.331030299 0.07103305579 0.07560901385 0.6259693566 1.385550037 0.01575187542 0.09183256011
0.09825466551 -0.2947639965 0.4912733276 2.331030381 -0.07103321781 -0.07560888457 0.625969253 1.385550111 0.01575184514 0.0918325779
0.2947639965 -0.2947639965 0.4912733276 1.679342762 -0.1286422375 -0.2613282245 0.722686219 0.9261437927 -0.3917797799 0.2469664016
0.4912733276 -0.2947639965 0.4912733276 1.160716829 -0.05036237493 -0.3793200985 0.8211731265 -0.2411154404 -0.4752492592 0.2365859363
0.6877826586 -0.2947639965 0.4912733276 1.383309932 0.005601053058 -0.2418313473 0.5970001343 -0.9818114122 -0.04976277267 0.0442381834
-0.6877826586 -0.09825466551 0.4912733276 2.065402211 0.02518623657 0.1027098629 0.785814297 -1.195032818 -0.08903623448 0.02614485211
-0.4912733276 -0.09825466551 0.4912733276 0.9592042976 0.0661897979 0.1599686851 0.9297075023 -0.130282888 -0.1982236135 0.09279523847
-0.2947639965 -0.09825466551 0.4912733276 2.474259744 0.09025044597 0.1091870652 0.5618118963 1.459076765 -0.04407690294 0.08782027131
-0.09825466551 -0.09825466551 0.4912733276 4.565629208 0.04391180014 0.03166265185 0.2141107969 2.112647155 0.2303647564 0.02256282273
0.09825466551 -0.09825466551 0.4912733276 4.565629577 -0.04391188847 -0.03166257197 0.2141106794 2.112647255 0.2303647506 0.02256282609
0.2947639965 -0.09825466551 0.4912733276 2.474259985 -0.0902505149 -0.1091870078 0.561811694 1.459076926 -0.04407690112 0.0878202677
0.4912733276 -0.09825466551 0.4912733276 0.959204284 -0.06618983909 -0.1599686556 0.9297075138 -0.1302828515 -0.1982235698 0.09279521657
0.6877826586 -0.09825466551 0.4912733276 2.065402715 -0.02518625571 -0.1027098505 0.7858146309 -1.195032816 -0.08903614559 0.02614483984
-0.6877826586 0.09825466551 0.4912733276 2.065402122 -0.02518622278 -0.1027098874 0.7858141909 -1.195032836 0.08903632607 -0.02614510122
-0.4912733276 0.09825466551 0.4912733276 0.9592040299 -0.0661897537 -0.15996873 0.929707361 -0.130282851 0.1982234341 -0.09279560126
-0.2947639965 0.09825466551 0.4912733276 2.474259844 -0.09025039544 -0.1091871173 0.5618117583 1.459076846 0.04407639517 -0.08782061297
-0.09825466551 0.09825466551 0.4912733276 4.565629933 -0.0439117782 -0.03166267488 0.2141106728 2.112647258 -0.2303654779 -0.02256309576
0.09825466551 0.09825466551 0.4912733276 4.565630303 0.0439118664 0.03166259502 0.2141105553 2.112647357 -0.2303654721 -0.02256309912
0.2947639965 0.09825466551 0.4912733276 2.474260086 0.0902504645 0.1091870598 0.5618115558 1.459077007 0.04407639323 -0.08782060927
0.4912733276 0.09825466551 0.4912733276 0.9592040157 0.06618979536 0.1599687003 0.9297073723 -0.1302828143 0.1982233898 -0.0927955791
0.6877826586 0.09825466551 0.4912733276 2.065402626 0.02518624251 0.1027098748 0.7858145248 -1.195032835 0.08903623625 -0.02614508876
-0.6877826586 0.2947639965 0.4912733276 1.383309626 0.005601065974 -0.2418314048 0.5969995994 -0.9818115441 0.0497631594 -0.04423826666
-0.4912733276 0.2947639965 0.4912733276 1.160716568 -0.05036231367 -0.3793201851 0.8211727402 -0.2411154247 0.4752494602 -0.2365862126
-0.2947639965 0.2947639965 0.4912733276 1.679342677 -0.1286421126 -0.2613283481 0.7226859999 0.9261438431 0.3917797315 -0.2469666941
-0.09825466551 0.2947639965 0.4912733276 2.331030526 -0.0710330527 -0.0756090272 0.6259689803 1.385550267 -0.01575200013 -0.09183285733
0.09825466551 0.2947639965 0.4912733276 2.331030608 0.07103321462 0.07560889798 0.6259688764 1.385550342 -0.01575196973 -0.09183287522
0.2947639965 0.2947639965 0.4912733276 1.679342655 0.1286422317 0.2613282592 0.7226858214 0.9261439603 0.3917797665 -0.2469667088
0.4912733276 0.2947639965 0.4912733276 1.160716464 0.05036237448 0.3793201423 0.8211727448 -0.241115398 0.4752493969 -0.2365861862
0.6877826586 0.2947639965 0.4912733276 1.383309854 -0.005601045355 0.2418313832 0.5969998649 -0.9818115129 0.049762986 -0.04423826948
-0.6877826586 0.4912733276 0.4912733276 0.482288547 0.1576991601 -0.2158131581 0.2409015091 -0.5739565921 -0.1503482338 -0.02792677137
-0.4912733276 0.4912733276 0.4912733276 0.6568223145 0.1111934841 -0.3617418349 0.480143714 -0.3028178934 0.3464984923 -0.267026779
-0.2947639965 0.4912733276 0.4912733276 1.0704887 0.015027767 -0.2438177742 0.6183960841 0.2827736525 0.6562814644 -0.343126424
-0.09825466551 0.4912733276 0.4912733276 1.351979992 -0.010681393 -0.06696346529 0.7734587763 0.4820310514 0.6909776328 -0.1983413532
0.09825466551 0.4912733276 0.4912733276 1.35198002 0.01068141529 0.0669634451 0.7734586968 0.4820310896 0.6909777078 -0.1983413852
0.2947639965 0.4912733276 0.4912733276 1.070488771 -0.01502777287 0.2438177636 0.6183959484 0.2827737072 0.6562816034 -0.3431264689
0.4912733276 0.4912733276 0.4912733276 0.6568223357 -0.1111935208 0.361741826 0.480143711 -0.3028178815 0.3464985325 -0.2670267821
0.6877826586 0.4912733276 0.4912733276 0.4822885798 -0.1576991977 0.2158131344 0.2409016629 -0.5739565275 -0.1503483311 -0.02792680583
-0.4912733276 0.6877826586 0.4912733276 0.1625872423 0.166998374 -0.07955314543 0.01654459829 -0.2420270354 -0.2128961994 -0.1555457525
-0.2947639965 0.6877826586 0.4912733276 0.118694191 0.1004587459 -0.050339512 0.2191362319 -0.05120227806 0.06504043661 -0.2262643257
-0.09825466551 0.6877826586 0.4912733276 0.3723531613 0.03953475695 -0.005080177469 0.3968645164 -0.04424678371 0.4366126854 -0.1437862885
0.09825466551 0.6877826586 0.4912733276 0.3723532394 -0.03953497257 0.005080212374 0.3968644681 -0.04424677598 0.4366127953 -0.1437863015
0.2947639965 0.6877826586 0.4912733276 0.1186942194 -0.1004589395 0.05033951413 0.2191361506 -0.05120227271 0.06504065613 -0.2262643189
0.4912733276 0.6877826586 0.4912733276 0.162587204 -0.1669985117 0.07955309841 0.01654459389 -0.2420270345 -0.2128960545 -0.1555457056
-0.09825466551 -0.6877826586 0.6877826586 0.5092977489 0.06795756397 -0.01305328693 0.1504175913 0.2297629753 -0.6389618725 -0.1442926855
0.09825466551 -0.6877826586 0.6877826586 0.509297811 -0.06795759966 0.01305328308 0.1504175224 0.2297629587 -0.6389619353 -0.1442927042
-0.4912733276 -0.4912733276 0.6877826586 0.6133524534 0.1665383563 0.1422645642 -0.09293077937 0.4904507565 -0.5578270477 0.07091638431
-0.2947639965 -0.4912733276 0.6877826586 1.10528654 0.1924303393 -0.08436972913 -0.3413808367 0.7796613355 -0.5722547871 -0.09618023986
-0.09825466551 -0.4912733276 0.6877826586 0.5920405414 0.08617530937 -0.1093956645 -0.3313082891 0.446055425 -0.3217227305 -0.4005131784
0.09825466551 -0.4912733276 0.6877826586 0.5920407407 -0.08617559028 0.1093957228 -0.3313084236 0.4460554442 -0.3217227856 -0.400513174
0.2947639965 -0.4912733276 0.6877826586 1.105286928 -0.1924305484 0.08436974994 -0.3413811047 0.7796613357 -0.5722548916 -0.09618024509
0.4912733276 -0.4912733276 0.6877826586 0.6133525253 -0.1665384668 -0.142264581 -0.09293095208 0.4904507099 -0.5578270899 0.07091636175
-0.4912733276 -0.2947639965 0.6877826586 1.688798655 0.1765422892 -0.0243084392 -0.4929632678 1.100522057 -0.4503655145 -0.007063803664
-0.2947639965 -0.2947639965 0.6877826586 3.579732971 0.1961332233 -0.2359582878 -1.040073073 1.522001311 0.1004876913 -0.2779400182
-0.09825466551 -0.2947639965 0.6877826586 3.34978507 0.0925388963 -0.1662611761 -1.195469219 0.7788551047 0.9372668507 -0.631939686
0.09825466551 -0.2947639965 0.6877826586 3.349785682 -0.09253926674 0.1662613371 -1.195469408 0.7788551731 0.9372668197 -0.6319396786
0.2947639965 -0.2947639965 0.6877826586 3.579734258 -0.196133511 0.2359583833 -1.04007347 1.522001413 0.1004876461 -0.2779400176
0.4912733276 -0.2947639965 0.6877826586 1.688799008 -0.1765424659 0.02430845929 -0.4929635437 1.100522072 -0.4503654969 -0.007063820381
-0.6877826586 -0.09825466551 0.6877826586 0.04208402398 0.08376884125 0.06075074125 -0.07819058407 -0.03956874853 -0.1538852592 -0.004003291741
-0.4912733276 -0.09825466551 0.6877826586 3.181055085 0.09907180232 -0.02589642842 -0.8388550394 1.564446949 -0.1383541992 -0.01597872477
-0.2947639965 -0.09825466551 0.6877826586 6.811353022 0.09376927294 -0.1242786944 -1.648200772 1.997268567 0.2503554661 -0.1370758172
-0.09825466551 -0.09825466551 0.6877826586 5.252591284 0.04109361858 -0.08011195957 -1.951582465 0.9132721125 0.7247780766 -0.276480273
0.09825466551 -0.09825466551 0.6877826586 5.252592373 -0.04109378792 0.08011205245 -1.95158269 0.9132722196 0.724778069 -0.2764802715
0.2947639965 -0.09825466551 0.6877826586 6.811355361 -0.09376940764 0.1242787546 -1.648201251 1.997268748 0.2503554597 -0.1370758206
0.4912733276 -0.09825466551 0.6877826586 3.181055869 -0.09907189027 0.02589645125 -0.8388553774 1.564447014 -0.1383541808 -0.01597873468
0.6877826586 -0.09825466551 0.6877826586 0.04208401936 -0.08376888363 -0.06075074232 -0.0781906008 -0.03956872388 -0.1538852187 -0.004003286966
-0.6877826586 0.09825466551 0.6877826586 0.04208410334 -0.08376882005 -0.06075072975 -0.07819063996 -0.0395688536 0.1538854804 0.004003189362
-0.4912733276 0.09825466551 0.6877826586 3.181055166 -0.09907175666 0.02589639028 -0.8388552117 1.564446879 0.1383543187 0.0159784523
-0.2947639965 0.09825466551 0.6877826586 6.811353593 -0.09376922482 0.1242786281 -1.648201011 1.997268533 -0.2503555696 0.1370754255
-0.09825466551 0.09825466551 0.6877826586 5.252592471 -0.04109359768 0.08011193178 -1.951582734 0.9132721039 -0.7247783432 0.2764798633
0.09825466551 0.09825466551 0.6877826586 5.25259356 0.0410937667 -0.08011202453 -1.951582959 0.913272211 -0.7247783356 0.2764798618
0.2947639965 0.09825466551 0.6877826586 6.811355934 0.09376935956 -0.1242786884 -1.64820149 1.997268714 -0.2503555633 0.1370754289
0.4912733276 0.09825466551 0.6877826586 3.181055951 0.09907184508 -0.02589641317 -0.83885555 1.564446944 0.1383543 0.01597846226
0.6877826586 0.09825466551 0.6877826586 0.04208409869 0.083768863 0.060750731 -0.07819065683 -0.039568829 0.1538854393 0.004003184445
-0.4912733276 0.2947639965 0.6877826586 1.68879876 -0.1765422623 0.02430839815 -0.4929636823 1.100521809 0.4503657963 0.007063709021
-0.2947639965 0.2947639965 0.6877826586 3.579733498 -0.1961331912 0.2359582348 -1.040073667 1.522001147 -0.1004874529 0.2779397945
-0.09825466551 0.2947639965 0.6877826586 3.349785878 -0.0925388857 0.1662611553 -1.195469906 0.7788550075 -0.9372666699 0.6319394203
0.09825466551 0.2947639965 0.6877826586 3.349786491 0.09253925586 -0.1662613162 -1.195470095 0.778855076 -0.9372666388 0.6319394128
0.2947639965 0.2947639965 0.6877826586 3.579734787 0.1961334789 -0.2359583302 -1.040074065 1.52200125 -0.1004874075 0.2779397938
0.4912733276 0.2947639965 0.6877826586 1.688799114 0.1765424393 -0.02430841818 -0.4929639588 1.100521824 0.4503657788 0.007063725731
-0.4912733276 0.4912733276 0.6877826586 0.6133524217 -0.1665383316 -0.1422646089 -0.0929311024 0.4904503035 0.5578273876 -0.07091616523
-0.2947639965 0.4912733276 0.6877826586 1.105286854 -0.1924303434 0.0843696935 -0.3413814276 0.779660909 0.5722552643 0.09618041362
-0.09825466551 0.4912733276 0.6877826586 0.5920412201 -0.08617532238 0.1093956554 -0.3313090821 0.4460550717 0.3217232668 0.4005133322
0.09825466551 0.4912733276 0.6877826586 0.5920414199 0.08617560311 -0.1093957136 -0.331309217 0.446055091 0.3217233221 0.4005133277
0.2947639965 0.4912733276 0.6877826586 1.105287243 0.1924305525 -0.08436971427 -0.3413816964 0.7796609093 0.5722553693 0.09618041882
0.4912733276 0.4912733276 0.6877826586 0.6133524941 0.1665384422 0.1422646258 -0.09293127588 0.4904502568 0.5578274302 -0.07091614259
-0.09825466551 0.6877826586 0.6877826586 0.5092979942 -0.06795755956 0.01305327129 0.1504171916 0.2297623721 0.6389622417 0.1442932811
0.09825466551 0.6877826586 0.6877826586 0.5092980565 0.0679575952 -0.01305326744 0.1504171224 0.2297623554 0.6389623048 0.1442932998
-0.2947639965 -0.2947639965 0.8842919896 1.33898164 -0.0007784684085 -0.6280237959 -0.5065759426 -0.5235367931 0.6122098086 -0.1976267601
-0.09825466551 -0.2947639965 0.8842919896 7.799690075 0.007321376438 -0.3802763154 -0.05555435301 -2.311785029 1.476614277 -0.3566516068
0.09825466551 -0.2947639965 0.8842919896 7.799690179 -0.007321798609 0.3802763083 -0.05555453665 -2.311785056 1.476614261 -0.3566516116
0.2947639965 -0.2947639965 0.8842919896 1.338982045 0.0007781674772 0.6280237257 -0.5065763355 -0.523536912 0.6122097804 -0.1976267762
-0.2947639965 -0.09825466551 0.8842919896 1.368922152 -0.03117866651 -0.2760571661 -0.5759639171 -0.8722418734 0.43913467 -0.07976782719
-0.09825466551 -0.09825466551 0.8842919896 14.25248281 -0.01558881701 -0.1613166603 0.198857521 -3.660334301 0.8756815693 -0.1476719915
0.09825466551 -0.09825466551 0.8842919896 14.25248263 0.01558862984 0.1613166809 0.1988572783 -3.660334291 0.8756815642 -0.147671993
0.2947639965 -0.09825466551 0.8842919896 1.368922827 0.03117852745 0.2760571551 -0.5759644516 -0.8722419192 0.4391346621 -0.07976783248
-0.2947639965 0.09825466551 0.8842919896 1.36892236 0.03117868692 0.2760571709 -0.5759640604 -0.8722420432 -0.4391344116 0.07976763473
-0.09825466551 0.09825466551 0.8842919896 14.25248355 0.01558883345 0.1613166591 0.1988573327 -3.660334473 -0.8756813554 0.1476717492
0.09825466551 0.09825466551 0.8842919896 14.25248338 -0.01558864676 -0.1613166797 0.1988570899 -3.660334463 -0.8756813503 0.1476717507
0.2947639965 0.09825466551 0.8842919896 1.368923035 -0.03117854803 -0.2760571598 -0.5759645952 -0.8722420889 -0.4391344037 0.07976764005
-0.2947639965 0.2947639965 0.8842919896 1.33898197 0.0007785030353 0.6280237896 -0.5065761686 -0.5235372795 -0.6122094835 0.197626756
-0.09825466551 0.2947639965 0.8842919896 7.799691476 -0.007321362779 0.3802763105 -0.05555468706 -2.311785545 -1.476613943 0.3566515635
0.09825466551 0.2947639965 0.8842919896 7.79969158 0.007321784553 -0.3802763033 -0.05555487091 -2.311785572 -1.476613926 0.3566515684
0.2947639965 0.2947639965 0.8842919896 1.338982377 -0.0007782022804 -0.6280237194 -0.506576562 -0.5235373986 -0.6122094551 0.1976267721
