Iteration# z ADDATime OurCalcTime
1.0000000000 -0.0500000000 0.0000000000 58.0700000000
2.0000000000 0.0000000000 0.0000000000 57.8900000000
3.0000000000 0.0500000000 0.0200000000 57.1800000000
4.0000000000 0.1000000000 0.0100000000 57.2800000000
5.0000000000 0.0750000000 0.0000000000 56.9400000000
6.0000000000 0.1000000000 0.0100000000 56.7700000000
7.0000000000 0.0875000000 0.0100000000 56.8900000000
8.0000000000 0.0812500000 0.0000000000 56.8300000000
9.0000000000 0.0875000000 0.0000000000 56.8100000000
10.0000000000 0.0843750000 0.0100000000 57.0800000000
11.0000000000 0.0828125000 0.0100000000 57.0200000000
12.0000000000 0.0843750000 0.0000000000 56.9100000000
13.0000000000 0.0835937500 0.0000000000 57.4400000000
14.0000000000 0.0832031250 0.0100000000 56.9200000000
15.0000000000 0.0835937500 0.0100000000 57.0100000000
16.0000000000 0.0833984375 0.0000000000 57.0700000000
17.0000000000 0.0833007813 0.0100000000 57.2000000000
1.0000000000 0.0833984375 0.0000000000 56.8800000000
2.0000000000 0.0834960938 0.0100000000 56.7500000000
3.0000000000 0.0835937500 0.0100000000 57.0200000000
4.0000000000 0.0836914062 0.0100000000 57.0300000000
5.0000000000 0.0837890625 0.0100000000 57.0100000000
6.0000000000 0.0838867187 0.0100000000 57.0000000000
7.0000000000 0.0839843750 0.0100000000 57.4100000000
8.0000000000 0.0840820312 0.0100000000 56.9000000000
9.0000000000 0.0841796875 0.0000000000 56.7900000000
10.0000000000 0.0842773437 0.0000000000 57.6100000000
11.0000000000 0.0843750000 0.0100000000 56.8900000000
12.0000000000 0.0844726562 0.0100000000 56.8400000000
13.0000000000 0.0845703125 0.0100000000 56.9100000000
14.0000000000 0.0846679687 0.0000000000 56.9300000000
15.0000000000 0.0847656250 0.0000000000 57.2000000000
16.0000000000 0.0848632812 0.0000000000 56.9700000000
17.0000000000 0.0849609375 0.0100000000 56.8100000000
18.0000000000 0.0850585937 0.0000000000 56.7700000000
19.0000000000 0.0851562500 0.0100000000 57.1900000000
20.0000000000 0.0852539062 0.0100000000 57.1000000000
21.0000000000 0.0853515625 0.0100000000 56.9800000000
22.0000000000 0.0854492187 0.0100000000 56.7800000000
23.0000000000 0.0855468750 0.0100000000 57.4700000000
24.0000000000 0.0856445312 0.0100000000 56.9600000000
25.0000000000 0.0857421875 0.0100000000 56.8000000000
26.0000000000 0.0858398437 0.0000000000 57.3000000000
27.0000000000 0.0859375000 0.0100000000 57.4500000000
28.0000000000 0.0860351562 0.0100000000 56.9300000000
29.0000000000 0.0861328125 0.0100000000 56.9800000000
30.0000000000 0.0862304687 0.0000000000 56.8100000000
31.0000000000 0.0863281250 0.0100000000 57.0600000000
32.0000000000 0.0864257812 0.0000000000 57.5500000000
33.0000000000 0.0863769531 0.0100000000 57.0000000000
34.0000000000 0.0863525391 0.0100000000 56.6900000000
1.0000000000 0.0863769531 0.0100000000 56.9200000000
2.0000000000 0.0864013672 0.0000000000 57.0000000000
3.0000000000 0.0864257812 0.0100000000 56.7400000000
4.0000000000 0.0864501953 0.0100000000 56.8900000000
5.0000000000 0.0864746094 0.0000000000 57.4600000000
6.0000000000 0.0864990234 0.0000000000 56.9900000000
7.0000000000 0.0865234375 0.0000000000 56.9600000000
8.0000000000 0.0865478516 0.0100000000 57.0000000000
9.0000000000 0.0865722656 0.0000000000 56.7800000000
10.0000000000 0.0865966797 0.0100000000 56.9100000000
11.0000000000 0.0866210937 0.0100000000 57.0000000000
12.0000000000 0.0866455078 0.0000000000 57.0000000000
13.0000000000 0.0866699219 0.0000000000 56.8500000000
14.0000000000 0.0866943359 0.0100000000 56.9800000000
15.0000000000 0.0867187500 0.0000000000 56.9600000000
16.0000000000 0.0867431641 0.0000000000 56.9000000000
17.0000000000 0.0867675781 0.0100000000 57.1200000000
18.0000000000 0.0867919922 0.0100000000 57.1000000000
19.0000000000 0.0868164062 0.0000000000 56.8000000000
20.0000000000 0.0868408203 0.0100000000 57.1100000000
21.0000000000 0.0868652344 0.0100000000 56.7300000000
22.0000000000 0.0868896484 0.0000000000 56.8300000000
23.0000000000 0.0869140625 0.0000000000 56.8400000000
24.0000000000 0.0869384766 0.0000000000 56.9900000000
25.0000000000 0.0869628906 0.0000000000 57.4100000000
26.0000000000 0.0869873047 0.0100000000 57.0500000000
27.0000000000 0.0870117187 0.0100000000 56.8800000000
28.0000000000 0.0870361328 0.0000000000 57.0300000000
29.0000000000 0.0870605469 0.0000000000 57.2200000000
30.0000000000 0.0870849609 0.0000000000 57.0100000000
31.0000000000 0.0871093750 0.0000000000 57.2400000000
32.0000000000 0.0871337891 0.0100000000 57.0800000000
33.0000000000 0.0871582031 0.0000000000 56.7800000000
34.0000000000 0.0871826172 0.0100000000 57.2500000000
35.0000000000 0.0872070313 0.0000000000 57.0400000000
36.0000000000 0.0872314453 0.0100000000 57.2100000000
37.0000000000 0.0872558594 0.0100000000 56.8600000000
38.0000000000 0.0872802734 0.0000000000 56.9100000000
39.0000000000 0.0873046875 0.0100000000 57.1500000000
40.0000000000 0.0873291016 0.0000000000 57.5900000000
41.0000000000 0.0873535156 0.0100000000 57.0100000000
42.0000000000 0.0873779297 0.0100000000 57.5000000000
43.0000000000 0.0874023438 0.0100000000 57.1500000000
44.0000000000 0.0874267578 0.0100000000 57.2400000000
45.0000000000 0.0874511719 0.0100000000 58.4600000000
46.0000000000 0.0874755859 0.0000000000 57.3800000000
47.0000000000 0.0875000000 0.0000000000 57.3900000000
48.0000000000 0.0875244141 0.0000000000 57.2300000000
49.0000000000 0.0875488281 0.0100000000 56.8900000000
50.0000000000 0.0875732422 0.0000000000 57.0100000000
51.0000000000 0.0875976563 0.0100000000 56.8700000000
52.0000000000 0.0876220703 0.0100000000 57.2200000000
53.0000000000 0.0876464844 0.0100000000 57.0800000000
54.0000000000 0.0876708984 0.0000000000 57.0000000000
55.0000000000 0.0876953125 0.0100000000 56.8800000000
56.0000000000 0.0877197266 0.0000000000 57.1900000000
57.0000000000 0.0877441406 0.0000000000 57.1200000000
58.0000000000 0.0877685547 0.0100000000 56.9500000000
59.0000000000 0.0877929688 0.0000000000 56.8000000000
60.0000000000 0.0878173828 0.0000000000 57.0000000000
61.0000000000 0.0878417969 0.0000000000 56.8600000000
62.0000000000 0.0878662109 0.0100000000 57.4600000000
63.0000000000 0.0878906250 0.0100000000 57.4300000000
64.0000000000 0.0879150391 0.0200000000 56.8600000000
65.0000000000 0.0879394531 0.0000000000 56.8500000000
66.0000000000 0.0879638672 0.0000000000 56.8000000000
67.0000000000 0.0879882813 0.0100000000 56.7600000000
68.0000000000 0.0880126953 0.0000000000 56.8900000000
69.0000000000 0.0880371094 0.0000000000 56.9000000000
70.0000000000 0.0880615234 0.0100000000 57.1900000000
71.0000000000 0.0880859375 0.0000000000 57.0900000000
72.0000000000 0.0881103516 0.0100000000 57.1900000000
73.0000000000 0.0881347656 0.0000000000 57.0000000000
74.0000000000 0.0881591797 0.0000000000 57.0200000000
75.0000000000 0.0881835938 0.0000000000 57.1900000000
76.0000000000 0.0882080078 0.0100000000 56.8200000000
77.0000000000 0.0882324219 0.0000000000 56.9000000000
78.0000000000 0.0882568359 0.0100000000 57.0000000000
79.0000000000 0.0882812500 0.0000000000 56.7900000000
80.0000000000 0.0883056641 0.0100000000 56.9400000000
81.0000000000 0.0883300781 0.0000000000 57.2500000000
82.0000000000 0.0883544922 0.0000000000 57.7400000000
83.0000000000 0.0883789063 0.0000000000 57.0800000000
84.0000000000 0.0884033203 0.0000000000 57.0700000000
85.0000000000 0.0884277344 0.0100000000 56.8000000000
86.0000000000 0.0884521484 0.0100000000 57.1400000000
87.0000000000 0.0884765625 0.0000000000 57.0000000000
88.0000000000 0.0885009766 0.0100000000 57.2100000000
89.0000000000 0.0885253906 0.0200000000 56.8800000000
90.0000000000 0.0885498047 0.0100000000 57.4000000000
91.0000000000 0.0885742188 0.0000000000 57.5800000000
92.0000000000 0.0885986328 0.0100000000 57.1100000000
93.0000000000 0.0886230469 0.0100000000 56.9600000000
94.0000000000 0.0886474609 0.0100000000 56.9200000000
95.0000000000 0.0886718750 0.0100000000 56.9600000000
96.0000000000 0.0886962891 0.0000000000 57.2600000000
97.0000000000 0.0887207031 0.0100000000 56.8100000000
98.0000000000 0.0887451172 0.0000000000 61.3800000000
99.0000000000 0.0887695313 0.0100000000 61.8800000000
100.0000000000 0.0887939453 0.0100000000 57.6300000000
101.0000000000 0.0888183594 0.0200000000 57.4800000000
102.0000000000 0.0888427734 0.0100000000 57.4000000000
103.0000000000 0.0888671875 0.0100000000 56.8400000000
104.0000000000 0.0888916016 0.0000000000 57.0100000000
105.0000000000 0.0889160156 0.0100000000 57.2000000000
106.0000000000 0.0889404297 0.0000000000 57.1100000000
107.0000000000 0.0889648438 0.0200000000 57.0100000000
108.0000000000 0.0889892578 0.0000000000 56.9300000000
109.0000000000 0.0890136719 0.0000000000 57.0100000000
110.0000000000 0.0890380859 0.0100000000 56.9900000000
111.0000000000 0.0890625000 0.0000000000 57.0100000000
112.0000000000 0.0890869141 0.0100000000 56.9700000000
113.0000000000 0.0891113281 0.0100000000 57.4800000000
114.0000000000 0.0891357422 0.0000000000 58.0200000000
115.0000000000 0.0891601563 0.0100000000 57.0000000000
116.0000000000 0.0891845703 0.0000000000 56.8600000000
117.0000000000 0.0892089844 0.0100000000 56.9800000000
118.0000000000 0.0892333984 0.0100000000 58.0500000000
119.0000000000 0.0892578125 0.0100000000 57.0100000000
120.0000000000 0.0892822266 0.0000000000 56.8300000000
121.0000000000 0.0893066406 0.0100000000 57.0000000000
122.0000000000 0.0893310547 0.0000000000 57.1600000000
123.0000000000 0.0893554688 0.0000000000 56.9100000000
124.0000000000 0.0893798828 0.0000000000 56.8600000000
125.0000000000 0.0894042969 0.0000000000 56.9600000000
126.0000000000 0.0894287109 0.0000000000 57.1600000000
127.0000000000 0.0894531250 0.0000000000 57.0100000000
128.0000000000 0.0894775391 0.0100000000 57.0500000000
129.0000000000 0.0895019531 0.0000000000 57.6500000000
130.0000000000 0.0895263672 0.0000000000 57.5400000000
131.0000000000 0.0895507813 0.0100000000 61.9100000000
