5.518403e-21 2.515024e-20 1.077626e-19 4.207917e-19 1.449877e-18 4.276469e-18 1.056425e-17 2.160667e-17 3.643433e-17 5.061883e-17 5.795458e-17 5.467438e-17 4.246807e-17 2.712947e-17 1.424757e-17 6.166116e-18 2.218447e-18 6.761637e-19 1.797926e-19 4.313677e-20 9.642059e-21
2.137030e-20 1.082001e-19 5.104802e-19 2.151381e-18 7.765556e-18 2.331152e-17 5.744288e-17 1.160024e-16 1.926941e-16 2.645416e-16 3.011869e-16 2.847055e-16 2.231493e-16 1.445158e-16 7.695939e-17 3.355335e-17 1.197037e-17 3.525478e-18 8.782930e-19 1.926366e-19 3.887786e-20
7.579128e-20 4.229609e-19 2.155030e-18 9.483394e-18 3.457671e-17 1.025051e-16 2.466380e-16 4.849265e-16 7.865339e-16 1.061622e-15 1.199558e-15 1.137212e-15 9.029644e-16 5.972846e-16 3.264829e-16 1.461089e-16 5.311740e-17 1.566184e-17 3.791509e-18 7.796863e-19 1.436384e-19
2.398158e-19 1.448658e-18 7.728947e-18 3.434169e-17 1.232179e-16 3.546662e-16 8.246059e-16 1.568165e-15 2.472864e-15 3.272779e-15 3.666063e-15 3.487540e-15 2.811444e-15 1.906737e-15 1.076022e-15 4.987214e-16 1.874264e-16 5.659630e-17 1.374431e-17 2.741443e-18 4.718853e-19
6.569294e-19 4.187861e-18 2.271790e-17 9.964763e-17 3.471400e-16 9.631283e-16 2.154885e-15 3.952072e-15 6.044066e-15 7.828470e-15 8.685595e-15 8.294806e-15 6.799976e-15 4.739653e-15 2.769074e-15 1.333883e-15 5.211380e-16 1.628526e-16 4.042188e-17 8.039898e-18 1.330630e-18
1.510956e-18 9.918713e-18 5.362572e-17 2.296314e-16 7.730595e-16 2.064064e-15 4.440534e-15 7.845340e-15 1.161668e-14 1.469940e-14 1.613805e-14 1.547854e-14 1.292373e-14 9.274317e-15 5.616755e-15 2.813868e-15 1.143777e-15 3.708877e-16 9.481775e-17 1.911149e-17 3.114354e-18
2.834582e-18 1.882013e-17 1.003853e-16 4.183388e-16 1.361803e-15 3.505416e-15 7.262305e-15 1.236499e-14 1.771121e-14 2.186164e-14 2.372746e-14 2.286561e-14 1.947172e-14 1.440351e-14 9.042540e-15 4.704910e-15 1.985353e-15 6.668244e-16 1.757065e-16 3.612135e-17 5.882023e-18
4.203128e-18 2.793410e-17 1.465706e-16 5.955572e-16 1.882064e-15 4.691023e-15 9.393851e-15 1.545036e-14 2.142305e-14 2.578082e-14 2.764561e-14 2.677506e-14 2.327117e-14 1.774090e-14 1.152403e-14 6.205523e-15 2.705982e-15 9.369509e-16 2.535759e-16 5.317393e-17 8.711587e-18
4.682907e-18 3.102019e-17 1.603920e-16 6.386217e-16 1.971615e-15 4.790006e-15 9.329608e-15 1.490037e-14 2.007123e-14 2.358941e-14 2.500406e-14 2.433457e-14 2.156251e-14 1.689337e-14 1.130023e-14 6.258911e-15 2.800997e-15 9.928905e-16 2.743023e-16 5.844751e-17 9.644335e-18
3.420096e-18 2.257685e-17 1.155641e-16 4.540434e-16 1.380566e-15 3.297669e-15 6.302690e-15 9.858441e-15 1.299684e-14 1.499618e-14 1.574835e-14 1.538782e-14 1.384548e-14 1.107397e-14 7.564767e-15 4.270541e-15 1.943246e-15 6.988295e-16 1.954261e-16 4.202615e-17 6.962858e-18
5.485105e-19 3.625842e-18 1.852819e-17 7.258585e-17 2.198771e-16 5.224287e-16 9.903878e-16 1.530096e-15 1.984059e-15 2.250706e-15 2.341777e-15 2.299276e-15 2.101913e-15 1.711127e-15 1.183665e-15 6.716522e-16 3.049910e-16 1.087613e-16 2.999126e-17 6.327996e-18 1.024594e-18
-2.604830e-18 -1.716043e-17 -8.755120e-17 -3.426116e-16 -1.037252e-15 -2.467017e-15 -4.697226e-15 -7.326740e-15 -9.645551e-15 -1.112711e-14 -1.168672e-14 -1.141495e-14 -1.026539e-14 -8.214567e-15 -5.624938e-15 -3.189750e-15 -1.460690e-15 -5.294184e-16 -1.493727e-16 -3.242480e-17 -5.419102e-18
-4.484697e-18 -2.965677e-17 -1.526316e-16 -6.040282e-16 -1.852155e-15 -4.467522e-15 -8.637643e-15 -1.369555e-14 -1.832668e-14 -2.142979e-14 -2.265932e-14 -2.207118e-14 -1.963099e-14 -1.546786e-14 -1.041585e-14 -5.809941e-15 -2.618691e-15 -9.347750e-16 -2.599458e-16 -5.569845e-17 -9.222925e-18
-4.516669e-18 -2.999278e-17 -1.564808e-16 -6.307191e-16 -1.974940e-15 -4.874313e-15 -9.661106e-15 -1.572532e-14 -2.159133e-14 -2.578200e-14 -2.754058e-14 -2.670737e-14 -2.334946e-14 -1.795650e-14 -1.177837e-14 -6.403924e-15 -2.817620e-15 -9.833847e-16 -2.678887e-16 -5.642110e-17 -9.250388e-18
-3.317200e-18 -2.205841e-17 -1.170035e-16 -4.831040e-16 -1.555473e-15 -3.956575e-15 -8.095100e-15 -1.360877e-14 -1.926051e-14 -2.354919e-14 -2.543626e-14 -2.454424e-14 -2.104768e-14 -1.573650e-14 -1.000015e-14 -5.265877e-15 -2.246341e-15 -7.614194e-16 -2.019944e-16 -4.165803e-17 -6.767456e-18
-1.897534e-18 -1.253311e-17 -6.752152e-17 -2.865176e-16 -9.532290e-16 -2.511568e-15 -5.327309e-15 -9.276727e-15 -1.354982e-14 -1.696045e-14 -1.851488e-14 -1.777705e-14 -1.495516e-14 -1.086250e-14 -6.672211e-15 -3.390135e-15 -1.395615e-15 -4.572104e-16 -1.176643e-16 -2.374388e-17 -3.842771e-18
-8.754903e-19 -5.655307e-18 -3.072026e-17 -1.338325e-16 -4.609766e-16 -1.261406e-15 -2.779300e-15 -5.016397e-15 -7.555922e-15 -9.667930e-15 -1.065532e-14 -1.018226e-14 -8.412803e-15 -5.941527e-15 -3.526719e-15 -1.726315e-15 -6.841548e-16 -2.161304e-16 -5.394311e-17 -1.070176e-17 -1.747772e-18
-3.355005e-19 -2.071081e-18 -1.115693e-17 -4.950383e-17 -1.760739e-16 -5.001600e-16 -1.144456e-15 -2.138984e-15 -3.316628e-15 -4.329566e-15 -4.812042e-15 -4.577730e-15 -3.719613e-15 -2.558304e-15 -1.468893e-15 -6.928771e-16 -2.643840e-16 -8.066249e-17 -1.963650e-17 -3.882112e-18 -6.540439e-19
-1.101380e-19 -6.326908e-19 -3.289235e-18 -1.458917e-17 -5.303916e-17 -1.555875e-16 -3.685646e-16 -7.114634e-16 -1.132814e-15 -1.505560e-15 -1.685572e-15 -1.596634e-15 -1.277615e-15 -8.574532e-16 -4.772575e-16 -2.174882e-16 -8.022574e-17 -2.382842e-17 -5.746388e-18 -1.160990e-18 -2.077368e-19
-3.196383e-20 -1.672208e-19 -8.120006e-19 -3.489234e-18 -1.268213e-17 -3.789857e-17 -9.217437e-17 -1.827735e-16 -2.976861e-16 -4.017533e-16 -4.525190e-16 -4.269184e-16 -3.369932e-16 -2.213487e-16 -1.199596e-16 -5.316993e-17 -1.917399e-17 -5.649857e-18 -1.389267e-18 -2.969345e-19 -5.798018e-20
-8.434526e-21 -3.974389e-20 -1.758297e-19 -7.057634e-19 -2.475798e-18 -7.339746e-18 -1.800531e-17 -3.625703e-17 -5.996810e-17 -8.183193e-17 -9.256627e-17 -8.702855e-17 -6.797122e-17 -4.394811e-17 -2.341246e-17 -1.024683e-17 -3.697623e-18 -1.117105e-18 -2.909818e-19 -6.784931e-20 -1.468008e-20
