-5.817883e-21 -2.407890e-20 -9.254652e-20 -3.194256e-19 -9.550630e-19 -2.383935e-18 -4.804581e-18 -7.565421e-18 -8.855395e-18 -6.759546e-18 -1.289902e-18 4.899275e-18 8.523221e-18 8.407593e-18 5.936710e-18 3.212751e-18 1.382731e-18 4.894129e-19 1.479393e-19 3.970072e-20 9.796648e-21
-2.517455e-20 -1.155937e-19 -4.885305e-19 -1.817913e-18 -5.687404e-18 -1.442733e-17 -2.895763e-17 -4.495394e-17 -5.177062e-17 -3.900791e-17 -7.362598e-18 2.824582e-17 4.956833e-17 4.959447e-17 3.553786e-17 1.939107e-17 8.282468e-18 2.834850e-18 8.034685e-19 1.973275e-19 4.403194e-20
-1.008973e-19 -5.099374e-19 -2.325448e-18 -9.027846e-18 -2.849352e-17 -7.126581e-17 -1.394220e-16 -2.103625e-16 -2.361936e-16 -1.747239e-16 -3.250313e-17 1.263137e-16 2.244311e-16 2.294719e-16 1.689350e-16 9.472104e-17 4.127310e-17 1.415627e-17 3.901778e-18 8.991095e-19 1.833806e-19
-3.660678e-19 -2.001257e-18 -9.551846e-18 -3.740920e-17 -1.160310e-16 -2.812632e-16 -5.306166e-16 -7.727468e-16 -8.419272e-16 -6.095984e-16 -1.115283e-16 4.398371e-16 7.930180e-16 8.320259e-16 6.332279e-16 3.682829e-16 1.661420e-16 5.843725e-17 1.617323e-17 3.617031e-18 6.897133e-19
-1.172660e-18 -6.764138e-18 -3.281104e-17 -1.267264e-16 -3.810383e-16 -8.884717e-16 -1.609003e-15 -2.253861e-15 -2.375592e-15 -1.679406e-15 -3.015405e-16 1.209164e-15 2.216448e-15 2.393253e-15 1.889461e-15 1.144613e-15 5.379319e-16 1.961571e-16 5.556486e-17 1.240220e-17 2.274632e-18
-3.240093e-18 -1.924304e-17 -9.297210e-17 -3.501423e-16 -1.015615e-15 -2.273596e-15 -3.947557e-15 -5.309306e-15 -5.400105e-15 -3.717850e-15 -6.534401e-16 2.670939e-15 4.987477e-15 5.556756e-15 4.560580e-15 2.881626e-15 1.412711e-15 5.357380e-16 1.565797e-16 3.545970e-17 6.407066e-18
-7.586196e-18 -4.555588e-17 -2.169751e-16 -7.942214e-16 -2.223424e-15 -4.786401e-15 -7.976166e-15 -1.029653e-14 -1.008663e-14 -6.745455e-15 -1.157026e-15 4.834835e-15 9.216240e-15 1.061881e-14 9.068401e-15 5.972209e-15 3.048731e-15 1.200507e-15 3.623526e-16 8.382134e-17 1.514875e-17
-1.488908e-17 -8.945587e-17 -4.187585e-16 -1.492650e-15 -4.049205e-15 -8.418655e-15 -1.351211e-14 -1.677210e-14 -1.581934e-14 -1.025746e-14 -1.712401e-15 7.334519e-15 1.429529e-14 1.704946e-14 1.513423e-14 1.035626e-14 5.480708e-15 2.230471e-15 6.928739e-16 1.637580e-16 2.981251e-17
-2.436262e-17 -1.458078e-16 -6.720548e-16 -2.344714e-15 -6.203961e-15 -1.254323e-14 -1.951536e-14 -2.341233e-14 -2.132613e-14 -1.341852e-14 -2.178677e-15 9.572638e-15 1.907091e-14 2.349395e-14 2.158054e-14 1.524966e-14 8.307990e-15 3.469817e-15 1.102488e-15 2.652324e-16 4.870615e-17
-3.315919e-17 -1.976436e-16 -9.011788e-16 -3.099576e-15 -8.066866e-15 -1.600624e-14 -2.437269e-14 -2.852910e-14 -2.530704e-14 -1.554332e-14 -2.464373e-15 1.106879e-14 2.244575e-14 2.835323e-14 2.670604e-14 1.930023e-14 1.072210e-14 4.554817e-15 1.468598e-15 3.574640e-16 6.606843e-17
-3.751060e-17 -2.231485e-16 -1.012848e-15 -3.463151e-15 -8.951471e-15 -1.762127e-14 -2.658239e-14 -3.077234e-14 -2.695715e-14 -1.635908e-14 -2.559296e-15 1.164295e-14 2.381372e-14 3.044233e-14 2.900420e-14 2.116770e-14 1.185605e-14 5.071077e-15 1.644393e-15 4.020207e-16 7.447692e-17
-3.525574e-17 -2.099706e-16 -9.552343e-16 -3.275691e-15 -8.494983e-15 -1.678382e-14 -2.542053e-14 -2.955464e-14 -2.600406e-14 -1.583841e-14 -2.479843e-15 1.128472e-14 2.300105e-14 2.927657e-14 2.777191e-14 2.018447e-14 1.126095e-14 4.798378e-15 1.550334e-15 3.777708e-16 6.981118e-17
-2.752650e-17 -1.645549e-16 -7.553138e-16 -2.620122e-15 -6.885062e-15 -1.380515e-14 -2.125786e-14 -2.517530e-14 -2.258643e-14 -1.399642e-14 -2.219012e-15 9.999078e-15 2.009625e-14 2.510337e-14 2.337076e-14 1.669759e-14 9.173320e-15 3.854576e-15 1.229744e-15 2.964492e-16 5.440765e-17
-1.785602e-17 -1.072330e-16 -4.992967e-16 -1.765595e-15 -4.742860e-15 -9.743901e-15 -1.540956e-14 -1.878286e-14 -1.735202e-14 -1.102470e-14 -1.778918e-15 7.906204e-15 1.557332e-14 1.891846e-14 1.711035e-14 1.189623e-14 6.373988e-15 2.617525e-15 8.179606e-16 1.938361e-16 3.523151e-17
-9.635923e-18 -5.797538e-17 -2.746713e-16 -9.960440e-16 -2.754765e-15 -5.841509e-15 -9.553784e-15 -1.205656e-14 -1.151660e-14 -7.517087e-15 -1.233425e-15 5.415397e-15 1.043600e-14 1.228484e-14 1.073553e-14 7.215565e-15 3.743582e-15 1.491711e-15 4.536652e-16 1.052264e-16 1.894662e-17
-4.343095e-18 -2.596363e-17 -1.250369e-16 -4.664767e-16 -1.334679e-15 -2.935349e-15 -4.984035e-15 -6.526086e-15 -6.446540e-15 -4.316408e-15 -7.172051e-16 3.125842e-15 5.897340e-15 6.727574e-15 5.670893e-15 3.671955e-15 1.836263e-15 7.065116e-16 2.082851e-16 4.724632e-17 8.473306e-18
-1.649450e-18 -9.645036e-18 -4.686240e-17 -1.796474e-16 -5.326350e-16 -1.217555e-15 -2.148995e-15 -2.918748e-15 -2.975734e-15 -2.038104e-15 -3.410381e-16 1.484815e-15 2.746669e-15 3.041991e-15 2.474717e-15 1.542146e-15 7.417644e-16 2.749919e-16 7.857186e-17 1.751530e-17 3.169963e-18
-5.362405e-19 -2.996756e-18 -1.444430e-17 -5.642864e-17 -1.728481e-16 -4.102633e-16 -7.519599e-16 -1.057343e-15 -1.109437e-15 -7.748477e-16 -1.297867e-16 5.684514e-16 1.032603e-15 1.112910e-15 8.753493e-16 5.254413e-16 2.432298e-16 8.704168e-17 2.424680e-17 5.385461e-18 1.005738e-18
-1.526327e-19 -7.940223e-19 -3.693931e-18 -1.442935e-17 -4.518320e-17 -1.107174e-16 -2.099307e-16 -3.045619e-16 -3.277727e-16 -2.327070e-16 -3.876970e-17 1.721162e-16 3.074352e-16 3.232884e-16 2.465527e-16 1.430053e-16 6.399358e-17 2.228943e-17 6.149519e-18 1.395940e-18 2.769235e-19
-3.901916e-20 -1.850234e-19 -8.041016e-19 -3.043109e-18 -9.525643e-18 -2.376473e-17 -4.620931e-17 -6.875128e-17 -7.554368e-17 -5.433082e-17 -8.943870e-18 4.055641e-17 7.134282e-17 7.344893e-17 5.458123e-17 3.081058e-17 1.348234e-17 4.658608e-18 1.310467e-18 3.147200e-19 6.810851e-20
-9.175947e-21 -3.923156e-20 -1.553984e-19 -5.492783e-19 -1.659074e-18 -4.103957e-18 -8.039389e-18 -1.212503e-17 -1.349944e-17 -9.787678e-18 -1.582553e-18 7.375747e-18 1.281430e-17 1.299382e-17 9.500599e-18 5.299241e-18 2.320984e-18 8.222604e-19 2.450251e-19 6.418388e-20 1.537730e-20
