7.957647e-24 -7.428638e-23 -8.969461e-22 -6.431861e-21 -3.481224e-20 -1.463454e-19 -4.747693e-19 -1.176346e-18 -2.216250e-18 -3.189412e-18 -3.560041e-18 -3.170434e-18 -2.343107e-18 -1.489888e-18 -8.243019e-19 -3.908927e-19 -1.563315e-19 -5.296962e-20 -1.558440e-20 -4.104729e-21 -9.973181e-22
1.568779e-22 3.313892e-22 -1.177533e-21 -1.972411e-20 -1.381786e-19 -6.583770e-19 -2.288515e-18 -5.911649e-18 -1.147575e-17 -1.698063e-17 -1.956329e-17 -1.808647e-17 -1.390729e-17 -9.144987e-18 -5.161579e-18 -2.454833e-18 -9.647964e-19 -3.129366e-19 -8.560168e-20 -2.046977e-20 -4.447285e-21
1.172370e-21 4.675287e-21 1.206160e-20 -1.155656e-20 -3.431682e-19 -2.144013e-18 -8.331932e-18 -2.279190e-17 -4.591884e-17 -7.022474e-17 -8.397556e-17 -8.116267e-17 -6.549940e-17 -4.502069e-17 -2.627428e-17 -1.275311e-17 -5.041348e-18 -1.611940e-18 -4.224915e-19 -9.375445e-20 -1.841738e-20
6.467513e-21 3.219201e-20 1.275712e-19 3.243788e-19 3.264363e-20 -4.149389e-18 -2.167702e-17 -6.605883e-17 -1.407920e-16 -2.245114e-16 -2.800245e-16 -2.837801e-16 -2.408577e-16 -1.735222e-16 -1.052500e-16 -5.259215e-17 -2.119530e-17 -6.818714e-18 -1.760854e-18 -3.737628e-19 -6.802317e-20
2.845526e-20 1.590441e-19 7.198440e-19 2.389301e-18 4.815821e-18 4.565533e-19 -3.518872e-17 -1.398366e-16 -3.288309e-16 -5.553828e-16 -7.271571e-16 -7.742728e-16 -6.910788e-16 -5.217493e-16 -3.294058e-16 -1.701174e-16 -7.037713e-17 -2.303714e-17 -5.966468e-18 -1.241623e-18 -2.150892e-19
1.002768e-19 5.958926e-19 2.834045e-18 1.012159e-17 2.519185e-17 3.561148e-17 -1.036862e-17 -1.987963e-16 -5.761838e-16 -1.063492e-15 -1.478409e-15 -1.660183e-15 -1.558725e-15 -1.232528e-15 -8.101720e-16 -4.331509e-16 -1.845519e-16 -6.182002e-17 -1.621578e-17 -3.360516e-18 -5.659839e-19
2.813061e-19 1.723924e-18 8.339339e-18 3.046078e-17 8.091248e-17 1.455632e-16 1.335879e-16 -1.184608e-16 -7.181422e-16 -1.563326e-15 -2.362479e-15 -2.821694e-15 -2.793887e-15 -2.314572e-15 -1.584038e-15 -8.771355e-16 -3.853545e-16 -1.324230e-16 -3.535308e-17 -7.361813e-18 -1.222644e-18
6.276779e-19 3.905281e-18 1.898125e-17 6.977952e-17 1.902434e-16 3.734993e-16 4.850173e-16 2.613659e-16 -4.980143e-16 -1.697011e-15 -2.950699e-15 -3.821220e-15 -4.019321e-15 -3.497505e-15 -2.493761e-15 -1.430128e-15 -6.477569e-16 -2.284294e-16 -6.217955e-17 -1.307054e-17 -2.159627e-18
1.119737e-18 7.023809e-18 3.420511e-17 1.261606e-16 3.490063e-16 7.163819e-16 1.058629e-15 1.009516e-15 2.563018e-16 -1.149261e-15 -2.779410e-15 -4.091591e-15 -4.653239e-15 -4.284899e-15 -3.192515e-15 -1.897415e-15 -8.855104e-16 -3.201550e-16 -8.883036e-17 -1.888121e-17 -3.120146e-18
1.610064e-18 1.015809e-17 4.965173e-17 1.841900e-16 5.163531e-16 1.092458e-15 1.730485e-15 1.987034e-15 1.445866e-15 8.718715e-17 -1.683812e-15 -3.303426e-15 -4.257837e-15 -4.233030e-15 -3.326972e-15 -2.057442e-15 -9.901601e-16 -3.667007e-16 -1.035812e-16 -2.226064e-17 -3.689894e-18
1.882374e-18 1.194193e-17 5.880586e-17 2.204658e-16 6.280848e-16 1.364315e-15 2.265393e-15 2.864296e-15 2.686132e-15 1.639939e-15 4.976186e-17 -1.604234e-15 -2.835661e-15 -3.244607e-15 -2.769755e-15 -1.807606e-15 -9.025628e-16 -3.429463e-16 -9.857084e-17 -2.140692e-17 -3.565344e-18
1.804961e-18 1.151591e-17 5.736692e-17 2.185234e-16 6.352777e-16 1.416824e-15 2.443762e-15 3.292913e-15 3.504176e-15 2.944721e-15 1.819495e-15 4.329575e-16 -8.647068e-16 -1.659192e-15 -1.720300e-15 -1.242092e-15 -6.575465e-16 -2.587555e-16 -7.592111e-17 -1.667495e-17 -2.795419e-18
1.432482e-18 9.183474e-18 4.643242e-17 1.805499e-16 5.376712e-16 1.232576e-15 2.199742e-15 3.114955e-15 3.606400e-15 3.542427e-15 3.002624e-15 2.076877e-15 9.236746e-16 -8.918239e-17 -6.019948e-16 -5.994540e-16 -3.630925e-16 -1.527541e-16 -4.637218e-17 -1.035663e-17 -1.754344e-18
9.501793e-19 6.102451e-18 3.135895e-17 1.248454e-16 3.817899e-16 9.002012e-16 1.658489e-15 2.450683e-15 3.031799e-15 3.305262e-15 3.255512e-15 2.797322e-15 1.921606e-15 9.150006e-16 1.842264e-16 -1.150037e-16 -1.295313e-16 -6.565714e-17 -2.154551e-17 -4.981810e-18 -8.614855e-19
5.316349e-19 3.400114e-18 1.773224e-17 7.232107e-17 2.272301e-16 5.506589e-16 1.044667e-15 1.602838e-15 2.097411e-15 2.476842e-15 2.682349e-15 2.549206e-15 1.980535e-15 1.172980e-15 4.861367e-16 1.134206e-16 -5.576057e-18 -1.614895e-17 -6.893589e-18 -1.750300e-18 -3.180120e-19
2.526292e-19 1.593689e-18 8.393010e-18 3.499034e-17 1.127652e-16 2.802033e-16 5.454379e-16 8.645397e-16 1.187144e-15 1.495749e-15 1.733567e-15 1.748161e-15 1.435380e-15 9.121679e-16 4.303109e-16 1.426966e-16 2.933956e-17 1.797372e-18 -9.679967e-19 -3.768054e-19 -7.998011e-20
1.024415e-19 6.286296e-19 3.311225e-18 1.403346e-17 4.621419e-17 1.172962e-16 2.331575e-16 3.794812e-16 5.426420e-16 7.215183e-16 8.810948e-16 9.244067e-16 7.814159e-16 5.106755e-16 2.511693e-16 9.073583e-17 2.331419e-17 4.024163e-18 4.003641e-19 2.648538e-21 -8.080975e-21
3.568032e-20 2.089275e-19 1.083041e-18 4.619113e-18 1.544528e-17 3.983258e-17 8.037527e-17 1.333783e-16 1.971063e-16 2.743289e-16 3.497362e-16 3.779079e-16 3.249273e-16 2.146423e-16 1.069181e-16 3.969085e-17 1.090174e-17 2.220288e-18 3.436103e-19 4.235041e-20 3.957282e-21
1.081266e-20 5.901790e-20 2.937027e-19 1.238302e-18 4.159550e-18 1.082056e-17 2.201023e-17 3.694958e-17 5.601926e-17 8.115005e-17 1.074761e-16 1.190288e-16 1.035326e-16 6.863938e-17 3.426077e-17 1.283702e-17 3.635656e-18 7.972249e-19 1.419493e-19 2.164503e-20 2.851817e-21
2.907204e-21 1.446944e-20 6.698422e-20 2.712766e-19 8.982563e-19 2.330338e-18 4.738350e-18 7.982832e-18 1.233591e-17 1.853138e-17 2.543514e-17 2.881184e-17 2.530790e-17 1.681427e-17 8.400731e-18 3.174874e-18 9.255165e-19 2.161799e-19 4.261782e-20 7.405903e-21 1.163020e-21
7.088489e-22 3.172318e-21 1.329067e-20 4.983585e-20 1.577319e-19 4.002789e-19 8.046335e-19 1.350650e-18 2.116509e-18 3.285023e-18 4.657678e-18 5.385596e-18 4.778117e-18 3.191342e-18 1.607800e-18 6.209791e-19 1.897890e-19 4.803753e-20 1.054773e-20 2.083082e-21 3.839839e-22
