Iteration# z ADDATime OurCalcTime
1.0000000000 -0.0500000000 0.0000000000 56.7800000000
2.0000000000 0.0000000000 0.0000000000 69.4300000000
3.0000000000 0.0500000000 0.0000000000 69.1900000000
4.0000000000 0.0250000000 0.0000000000 54.1800000000
5.0000000000 0.0125000000 0.0000000000 65.2700000000
6.0000000000 0.0250000000 0.0000000000 53.1900000000
7.0000000000 0.0187500000 0.0000000000 51.2300000000
8.0000000000 0.0250000000 0.0100000000 52.6000000000
9.0000000000 0.0218750000 0.0000000000 78.6000000000
10.0000000000 0.0203125000 0.0000000000 48.6600000000
11.0000000000 0.0218750000 0.0000000000 63.0200000000
12.0000000000 0.0210937500 0.0000000000 78.7200000000
13.0000000000 0.0207031250 0.0000000000 57.0500000000
14.0000000000 0.0205078125 0.0000000000 60.2100000000
15.0000000000 0.0207031250 0.0000000000 57.0900000000
16.0000000000 0.0206054688 0.0000000000 69.0900000000
17.0000000000 0.0207031250 0.0000000000 79.1000000000
18.0000000000 0.0206542969 0.0100000000 47.4300000000
19.0000000000 0.0206298828 0.0000000000 57.1600000000
20.0000000000 0.0206542969 0.0000000000 73.1200000000
21.0000000000 0.0206420898 0.0000000000 75.2900000000
