0.000000e+00 -1.434610e-21
1.000000e+00 1.835194e-21
2.000000e+00 5.079693e-21
3.000000e+00 8.294933e-21
4.000000e+00 1.147699e-20
5.000000e+00 1.462199e-20
6.000000e+00 1.772608e-20
7.000000e+00 2.078548e-20
8.000000e+00 2.379644e-20
9.000000e+00 2.675531e-20
1.000000e+01 2.965848e-20
1.100000e+01 3.250239e-20
1.200000e+01 3.528360e-20
1.300000e+01 3.799872e-20
1.400000e+01 4.064444e-20
1.500000e+01 4.321753e-20
1.600000e+01 4.571486e-20
1.700000e+01 4.813340e-20
1.800000e+01 5.047019e-20
1.900000e+01 5.272238e-20
2.000000e+01 5.488725e-20
2.100000e+01 5.696214e-20
2.200000e+01 5.894453e-20
2.300000e+01 6.083201e-20
2.400000e+01 6.262228e-20
2.500000e+01 6.431316e-20
2.600000e+01 6.590258e-20
2.700000e+01 6.738862e-20
2.800000e+01 6.876946e-20
2.900000e+01 7.004342e-20
3.000000e+01 7.120895e-20
3.100000e+01 7.226464e-20
3.200000e+01 7.320919e-20
3.300000e+01 7.404145e-20
3.400000e+01 7.476042e-20
3.500000e+01 7.536522e-20
3.600000e+01 7.585511e-20
3.700000e+01 7.622949e-20
3.800000e+01 7.648792e-20
3.900000e+01 7.663007e-20
4.000000e+01 7.665577e-20
4.100000e+01 7.656499e-20
4.200000e+01 7.635784e-20
4.300000e+01 7.603458e-20
4.400000e+01 7.559559e-20
4.500000e+01 7.504142e-20
4.600000e+01 7.437273e-20
4.700000e+01 7.359034e-20
4.800000e+01 7.269520e-20
4.900000e+01 7.168841e-20
5.000000e+01 7.057118e-20
5.100000e+01 6.934489e-20
5.200000e+01 6.801102e-20
5.300000e+01 6.657120e-20
5.400000e+01 6.502717e-20
5.500000e+01 6.338084e-20
5.600000e+01 6.163419e-20
5.700000e+01 5.978935e-20
5.800000e+01 5.784858e-20
5.900000e+01 5.581424e-20
6.000000e+01 5.368880e-20
6.100000e+01 5.147486e-20
6.200000e+01 4.917511e-20
6.300000e+01 4.679212e-20
6.400000e+01 4.432931e-20
6.500000e+01 4.178940e-20
6.600000e+01 3.917548e-20
6.700000e+01 3.649074e-20
6.800000e+01 3.373845e-20
6.900000e+01 3.092195e-20
7.000000e+01 2.804470e-20
7.100000e+01 2.511017e-20
7.200000e+01 2.212197e-20
7.300000e+01 1.908371e-20
7.400000e+01 1.599911e-20
7.500000e+01 1.287193e-20
7.600000e+01 9.705971e-21
7.700000e+01 6.505092e-21
7.800000e+01 3.273195e-21
7.900000e+01 1.421637e-23
8.000000e+01 -3.267873e-21
8.100000e+01 -6.569073e-21
8.200000e+01 -9.885364e-21
8.300000e+01 -1.321270e-20
8.400000e+01 -1.654704e-20
8.500000e+01 -1.988431e-20
8.600000e+01 -2.322045e-20
8.700000e+01 -2.655139e-20
8.800000e+01 -2.987308e-20
8.900000e+01 -3.318146e-20
9.000000e+01 -3.647252e-20
9.100000e+01 -3.974223e-20
9.200000e+01 -4.298662e-20
9.300000e+01 -4.620174e-20
9.400000e+01 -4.938365e-20
9.500000e+01 -5.252850e-20
9.600000e+01 -5.563244e-20
9.700000e+01 -5.869170e-20
9.800000e+01 -6.170255e-20
9.900000e+01 -6.466132e-20
1.000000e+02 -6.756440e-20
1.010000e+02 -7.040826e-20
1.020000e+02 -7.318943e-20
1.030000e+02 -7.590453e-20
1.040000e+02 -7.855025e-20
1.050000e+02 -8.112335e-20
1.060000e+02 -8.362072e-20
1.070000e+02 -8.603930e-20
1.080000e+02 -8.837616e-20
1.090000e+02 -9.062843e-20
1.100000e+02 -9.279338e-20
1.110000e+02 -9.486837e-20
1.120000e+02 -9.685087e-20
1.130000e+02 -9.873847e-20
1.140000e+02 -1.005289e-19
1.150000e+02 -1.022199e-19
1.160000e+02 -1.038094e-19
1.170000e+02 -1.052956e-19
1.180000e+02 -1.066766e-19
1.190000e+02 -1.079507e-19
1.200000e+02 -1.091164e-19
1.210000e+02 -1.101722e-19
1.220000e+02 -1.111169e-19
1.230000e+02 -1.119493e-19
1.240000e+02 -1.126685e-19
1.250000e+02 -1.132734e-19
1.260000e+02 -1.137634e-19
1.270000e+02 -1.141380e-19
1.280000e+02 -1.143970e-19
1.290000e+02 -1.145391e-19
1.300000e+02 -1.145649e-19
1.310000e+02 -1.144741e-19
1.320000e+02 -1.142669e-19
1.330000e+02 -1.139437e-19
1.340000e+02 -1.135047e-19
1.350000e+02 -1.129505e-19
1.360000e+02 -1.122818e-19
1.370000e+02 -1.114994e-19
1.380000e+02 -1.106042e-19
1.390000e+02 -1.095974e-19
1.400000e+02 -1.084802e-19
1.410000e+02 -1.072539e-19
1.420000e+02 -1.059200e-19
1.430000e+02 -1.044801e-19
1.440000e+02 -1.029361e-19
1.450000e+02 -1.012897e-19
1.460000e+02 -9.954307e-20
1.470000e+02 -9.769822e-20
1.480000e+02 -9.575742e-20
1.490000e+02 -9.372306e-20
1.500000e+02 -9.159759e-20
1.510000e+02 -8.938363e-20
1.520000e+02 -8.708385e-20
1.530000e+02 -8.470107e-20
1.540000e+02 -8.223818e-20
1.550000e+02 -7.969819e-20
1.560000e+02 -7.708419e-20
1.570000e+02 -7.439936e-20
1.580000e+02 -7.164698e-20
1.590000e+02 -6.883041e-20
1.600000e+02 -6.595306e-20
1.610000e+02 -6.301846e-20
1.620000e+02 -6.003017e-20
1.630000e+02 -5.699183e-20
1.640000e+02 -5.390715e-20
1.650000e+02 -5.077989e-20
1.660000e+02 -4.761385e-20
1.670000e+02 -4.441290e-20
1.680000e+02 -4.118094e-20
1.690000e+02 -3.792190e-20
1.700000e+02 -3.463975e-20
1.710000e+02 -3.133849e-20
1.720000e+02 -2.802215e-20
1.730000e+02 -2.469477e-20
1.740000e+02 -2.136039e-20
1.750000e+02 -1.802308e-20
1.760000e+02 -1.468690e-20
1.770000e+02 -1.135592e-20
1.780000e+02 -8.034183e-21
1.790000e+02 -4.725738e-21
1.800000e+02 -1.434610e-21
1.810000e+02 1.835194e-21
1.820000e+02 5.079693e-21
1.830000e+02 8.294933e-21
1.840000e+02 1.147699e-20
1.850000e+02 1.462199e-20
1.860000e+02 1.772608e-20
1.870000e+02 2.078548e-20
1.880000e+02 2.379644e-20
1.890000e+02 2.675531e-20
1.900000e+02 2.965848e-20
1.910000e+02 3.250239e-20
1.920000e+02 3.528360e-20
1.930000e+02 3.799872e-20
1.940000e+02 4.064444e-20
1.950000e+02 4.321753e-20
1.960000e+02 4.571486e-20
1.970000e+02 4.813340e-20
1.980000e+02 5.047019e-20
1.990000e+02 5.272238e-20
2.000000e+02 5.488725e-20
2.010000e+02 5.696214e-20
2.020000e+02 5.894453e-20
2.030000e+02 6.083201e-20
2.040000e+02 6.262228e-20
2.050000e+02 6.431316e-20
2.060000e+02 6.590258e-20
2.070000e+02 6.738862e-20
2.080000e+02 6.876946e-20
2.090000e+02 7.004342e-20
2.100000e+02 7.120895e-20
2.110000e+02 7.226464e-20
2.120000e+02 7.320919e-20
2.130000e+02 7.404145e-20
2.140000e+02 7.476042e-20
2.150000e+02 7.536522e-20
2.160000e+02 7.585511e-20
2.170000e+02 7.622949e-20
2.180000e+02 7.648792e-20
2.190000e+02 7.663007e-20
2.200000e+02 7.665577e-20
2.210000e+02 7.656499e-20
2.220000e+02 7.635784e-20
2.230000e+02 7.603458e-20
2.240000e+02 7.559559e-20
2.250000e+02 7.504142e-20
2.260000e+02 7.437273e-20
2.270000e+02 7.359034e-20
2.280000e+02 7.269520e-20
2.290000e+02 7.168841e-20
2.300000e+02 7.057118e-20
2.310000e+02 6.934489e-20
2.320000e+02 6.801102e-20
2.330000e+02 6.657120e-20
2.340000e+02 6.502717e-20
2.350000e+02 6.338084e-20
2.360000e+02 6.163419e-20
2.370000e+02 5.978935e-20
2.380000e+02 5.784858e-20
2.390000e+02 5.581424e-20
2.400000e+02 5.368880e-20
2.410000e+02 5.147486e-20
2.420000e+02 4.917511e-20
2.430000e+02 4.679212e-20
2.440000e+02 4.432931e-20
2.450000e+02 4.178940e-20
2.460000e+02 3.917548e-20
2.470000e+02 3.649074e-20
2.480000e+02 3.373845e-20
2.490000e+02 3.092195e-20
2.500000e+02 2.804470e-20
2.510000e+02 2.511017e-20
2.520000e+02 2.212197e-20
2.530000e+02 1.908371e-20
2.540000e+02 1.599911e-20
2.550000e+02 1.287193e-20
2.560000e+02 9.705971e-21
2.570000e+02 6.505092e-21
2.580000e+02 3.273195e-21
2.590000e+02 1.421637e-23
2.600000e+02 -3.267873e-21
2.610000e+02 -6.569073e-21
2.620000e+02 -9.885364e-21
2.630000e+02 -1.321270e-20
2.640000e+02 -1.654704e-20
2.650000e+02 -1.988431e-20
2.660000e+02 -2.322045e-20
2.670000e+02 -2.655139e-20
2.680000e+02 -2.987308e-20
2.690000e+02 -3.318146e-20
2.700000e+02 -3.647252e-20
2.710000e+02 -3.974223e-20
2.720000e+02 -4.298662e-20
2.730000e+02 -4.620174e-20
2.740000e+02 -4.938365e-20
2.750000e+02 -5.252850e-20
2.760000e+02 -5.563244e-20
2.770000e+02 -5.869170e-20
2.780000e+02 -6.170255e-20
2.790000e+02 -6.466132e-20
2.800000e+02 -6.756440e-20
2.810000e+02 -7.040826e-20
2.820000e+02 -7.318943e-20
2.830000e+02 -7.590453e-20
2.840000e+02 -7.855025e-20
2.850000e+02 -8.112335e-20
2.860000e+02 -8.362072e-20
2.870000e+02 -8.603930e-20
2.880000e+02 -8.837616e-20
2.890000e+02 -9.062843e-20
2.900000e+02 -9.279338e-20
2.910000e+02 -9.486837e-20
2.920000e+02 -9.685087e-20
2.930000e+02 -9.873847e-20
2.940000e+02 -1.005289e-19
2.950000e+02 -1.022199e-19
2.960000e+02 -1.038094e-19
2.970000e+02 -1.052956e-19
2.980000e+02 -1.066766e-19
2.990000e+02 -1.079507e-19
3.000000e+02 -1.091164e-19
3.010000e+02 -1.101722e-19
3.020000e+02 -1.111169e-19
3.030000e+02 -1.119493e-19
3.040000e+02 -1.126685e-19
3.050000e+02 -1.132734e-19
3.060000e+02 -1.137634e-19
3.070000e+02 -1.141380e-19
3.080000e+02 -1.143970e-19
3.090000e+02 -1.145391e-19
3.100000e+02 -1.145649e-19
3.110000e+02 -1.144741e-19
3.120000e+02 -1.142669e-19
3.130000e+02 -1.139437e-19
3.140000e+02 -1.135047e-19
3.150000e+02 -1.129505e-19
3.160000e+02 -1.122818e-19
3.170000e+02 -1.114994e-19
3.180000e+02 -1.106042e-19
3.190000e+02 -1.095974e-19
3.200000e+02 -1.084802e-19
3.210000e+02 -1.072539e-19
3.220000e+02 -1.059200e-19
3.230000e+02 -1.044801e-19
3.240000e+02 -1.029361e-19
3.250000e+02 -1.012897e-19
3.260000e+02 -9.954307e-20
3.270000e+02 -9.769822e-20
3.280000e+02 -9.575742e-20
3.290000e+02 -9.372306e-20
3.300000e+02 -9.159759e-20
3.310000e+02 -8.938363e-20
3.320000e+02 -8.708385e-20
3.330000e+02 -8.470107e-20
3.340000e+02 -8.223818e-20
3.350000e+02 -7.969819e-20
3.360000e+02 -7.708419e-20
3.370000e+02 -7.439936e-20
3.380000e+02 -7.164698e-20
3.390000e+02 -6.883041e-20
3.400000e+02 -6.595306e-20
3.410000e+02 -6.301846e-20
3.420000e+02 -6.003017e-20
3.430000e+02 -5.699183e-20
3.440000e+02 -5.390715e-20
3.450000e+02 -5.077989e-20
3.460000e+02 -4.761385e-20
3.470000e+02 -4.441290e-20
3.480000e+02 -4.118094e-20
3.490000e+02 -3.792190e-20
3.500000e+02 -3.463975e-20
3.510000e+02 -3.133849e-20
3.520000e+02 -2.802215e-20
3.530000e+02 -2.469477e-20
3.540000e+02 -2.136039e-20
3.550000e+02 -1.802308e-20
3.560000e+02 -1.468690e-20
3.570000e+02 -1.135592e-20
3.580000e+02 -8.034183e-21
3.590000e+02 -4.725738e-21
3.600000e+02 -1.434610e-21
