-2.070640e-26 -1.285655e-25 -5.459789e-25 -1.640714e-24 -3.592378e-24 -5.855578e-24 -7.240300e-24 -7.016448e-24 -5.822170e-24 -4.846318e-24 -4.013747e-24 -1.774631e-24 2.675291e-24 7.555578e-24 9.904612e-24 8.653965e-24 5.427084e-24 2.488053e-24 8.298990e-25 1.975313e-25 3.262851e-26
-1.296461e-25 -7.502491e-25 -2.997319e-24 -8.591724e-24 -1.817381e-23 -2.892380e-23 -3.516695e-23 -3.346411e-23 -2.671022e-23 -2.065169e-23 -1.582777e-23 -6.051783e-24 1.252569e-23 3.317629e-23 4.362894e-23 3.882116e-23 2.503159e-23 1.191053e-23 4.167880e-24 1.053584e-24 1.867100e-25
-5.910257e-25 -3.216913e-24 -1.223445e-23 -3.376974e-23 -6.945403e-23 -1.082974e-22 -1.295348e-22 -1.207679e-22 -9.237740e-23 -6.594695e-23 -4.627178e-23 -1.415407e-23 4.481662e-23 1.115242e-22 1.468586e-22 1.326529e-22 8.749617e-23 4.289029e-23 1.558643e-23 4.131168e-24 7.758407e-25
-2.026054e-24 -1.049962e-23 -3.840528e-23 -1.028462e-22 -2.066933e-22 -3.166146e-22 -3.728017e-22 -3.402681e-22 -2.490983e-22 -1.633759e-22 -1.034230e-22 -2.124588e-23 1.260132e-22 2.961990e-22 3.902070e-22 3.569156e-22 2.398509e-22 1.204202e-22 4.508105e-23 1.239525e-23 2.434996e-24
-5.380543e-24 -2.683887e-23 -9.521304e-23 -2.488729e-22 -4.907280e-22 -7.401489e-22 -8.585999e-22 -7.671707e-22 -5.374576e-22 -3.225581e-22 -1.808907e-22 -1.287042e-23 2.845579e-22 6.373000e-22 8.400772e-22 7.767990e-22 5.301988e-22 2.713983e-22 1.040118e-22 2.941769e-23 5.978788e-24
-1.134447e-23 -5.497965e-23 -1.905223e-22 -4.886311e-22 -9.486842e-22 -1.411845e-21 -1.614970e-21 -1.412939e-21 -9.476064e-22 -5.185778e-22 -2.520302e-22 2.809173e-23 5.258484e-22 1.134826e-21 1.498962e-21 1.400020e-21 9.684945e-22 5.037965e-22 1.967516e-22 5.688151e-23 1.185828e-23
-1.938908e-23 -9.207377e-23 -3.137327e-22 -7.934495e-22 -1.522232e-21 -2.240225e-21 -2.529418e-21 -2.167482e-21 -1.391772e-21 -6.919230e-22 -2.836620e-22 1.042606e-22 8.110372e-22 1.708119e-21 2.266370e-21 2.138216e-21 1.497618e-21 7.902332e-22 3.136351e-22 9.231952e-23 1.962964e-23
-2.739606e-23 -1.285500e-22 -4.336351e-22 -1.087286e-21 -2.069563e-21 -3.020073e-21 -3.370830e-21 -2.830471e-21 -1.739828e-21 -7.821561e-22 -2.607066e-22 1.961021e-22 1.071355e-21 2.228825e-21 2.978633e-21 2.840492e-21 2.014360e-21 1.077863e-21 4.344672e-22 1.300469e-22 2.813826e-23
-3.271061e-23 -1.530227e-22 -5.148985e-22 -1.288069e-21 -2.444782e-21 -3.550947e-21 -3.927829e-21 -3.236820e-21 -1.906018e-21 -7.711440e-22 -1.961240e-22 2.796014e-22 1.258917e-21 2.606657e-21 3.512703e-21 3.386906e-21 2.432992e-21 1.321222e-21 5.414201e-22 1.649765e-22 3.635966e-23
-3.392598e-23 -1.597319e-22 -5.406342e-22 -1.359223e-21 -2.588587e-21 -3.761656e-21 -4.141416e-21 -3.362848e-21 -1.906007e-21 -6.938755e-22 -1.157183e-22 3.517894e-22 1.383297e-21 2.842994e-21 3.851341e-21 3.748192e-21 2.725990e-21 1.502785e-21 6.266004e-22 1.946173e-22 4.376803e-23
-3.161763e-23 -1.511117e-22 -5.185397e-22 -1.319611e-21 -2.537995e-21 -3.711957e-21 -4.092084e-21 -3.298505e-21 -1.820509e-21 -6.035812e-22 -3.622627e-23 4.296721e-22 1.484208e-21 2.984184e-21 4.030574e-21 3.940499e-21 2.892608e-21 1.615192e-21 6.839655e-22 2.161700e-22 4.954128e-23
-2.734612e-23 -1.333272e-22 -4.661283e-22 -1.206375e-21 -2.353849e-21 -3.481549e-21 -3.865858e-21 -3.120785e-21 -1.703676e-21 -5.251244e-22 4.062461e-23 5.199178e-22 1.564221e-21 3.022564e-21 4.029740e-21 3.931571e-21 2.897275e-21 1.630148e-21 6.972589e-22 2.229510e-22 5.175389e-23
-2.225211e-23 -1.106817e-22 -3.944882e-22 -1.039269e-21 -2.059928e-21 -3.087655e-21 -3.465390e-21 -2.818906e-21 -1.538530e-21 -4.438436e-22 1.156482e-22 5.959225e-22 1.562800e-21 2.870657e-21 3.750856e-21 3.630925e-21 2.670637e-21 1.504478e-21 6.453487e-22 2.071020e-22 4.826686e-23
-1.676663e-23 -8.490371e-23 -3.079985e-22 -8.249328e-22 -1.659730e-21 -2.520903e-21 -2.862045e-21 -2.349894e-21 -1.283525e-21 -3.382164e-22 1.774532e-22 6.115886e-22 1.410349e-21 2.454691e-21 3.133218e-21 2.998497e-21 2.191274e-21 1.228952e-21 5.250773e-22 1.677797e-22 3.890341e-23
-1.127516e-23 -5.811891e-23 -2.144663e-22 -5.835772e-22 -1.191057e-21 -1.832235e-21 -2.103306e-21 -1.740973e-21 -9.460523e-22 -2.148298e-22 2.045350e-22 5.402293e-22 1.105891e-21 1.823974e-21 2.272238e-21 2.145695e-21 1.553084e-21 8.633292e-22 3.653102e-22 1.154152e-22 2.640305e-23
-6.495624e-24 -3.420481e-23 -1.286768e-22 -3.561934e-22 -7.380224e-22 -1.150261e-21 -1.334724e-21 -1.111614e-21 -5.960361e-22 -1.052949e-22 1.851937e-22 4.005245e-22 7.335417e-22 1.146982e-21 1.394211e-21 1.297753e-21 9.282995e-22 5.096575e-22 2.125401e-22 6.597674e-23 1.477384e-23
-3.090746e-24 -1.674416e-23 -6.453744e-23 -1.823762e-22 -3.845564e-22 -6.081803e-22 -7.137087e-22 -5.972426e-22 -3.135400e-22 -3.515012e-23 1.322620e-22 2.444989e-22 4.033134e-22 5.978310e-22 7.089171e-22 6.499631e-22 4.586249e-22 2.479043e-22 1.014192e-22 3.074074e-23 6.683571e-24
-1.175421e-24 -6.616079e-24 -2.632042e-23 -7.634458e-23 -1.644697e-22 -2.646472e-22 -3.145333e-22 -2.643570e-22 -1.350745e-22 -4.720301e-24 7.394918e-23 1.205631e-22 1.802903e-22 2.533070e-22 2.929758e-22 2.644165e-22 1.837214e-22 9.745630e-23 3.892076e-23 1.144054e-23 2.393214e-24
-3.456804e-25 -2.046286e-24 -8.483688e-24 -2.544129e-23 -5.629357e-23 -9.250329e-23 -1.115963e-22 -9.426481e-23 -4.671194e-23 2.419199e-24 3.189461e-23 4.695210e-23 6.408654e-23 8.539252e-23 9.635660e-23 8.556693e-23 5.843067e-23 3.030329e-23 1.174565e-23 3.320986e-24 6.612724e-25
-7.581560e-26 -4.782873e-25 -2.091283e-24 -6.543799e-24 -1.497243e-23 -2.524402e-23 -3.100694e-23 -2.636369e-23 -1.265680e-23 1.819026e-24 1.038177e-23 1.403904e-23 1.761514e-23 2.230679e-23 2.458959e-23 2.148275e-23 1.438478e-23 7.259775e-24 2.711257e-24 7.299739e-25 1.366785e-25
-1.195535e-26 -8.098924e-26 -3.784840e-25 -1.249966e-24 -2.982806e-24 -5.191109e-24 -6.517065e-24 -5.590369e-24 -2.603323e-24 6.130085e-25 2.472570e-24 3.106837e-24 3.608904e-24 4.364293e-24 4.715574e-24 4.054885e-24 2.654798e-24 1.295966e-24 4.620731e-25 1.170995e-25 2.043042e-26
