-1.805496e-26 -1.283260e-25 -6.393066e-25 -2.322479e-24 -6.386244e-24 -1.373585e-23 -2.385538e-23 -3.467155e-23 -4.408409e-23 -5.155131e-23 -5.747386e-23 -6.092884e-23 -5.910530e-23 -5.004057e-23 -3.558235e-23 -2.066152e-23 -9.576861e-24 -3.465169e-24 -9.541077e-25 -1.938360e-25 -2.807532e-26
-9.688285e-26 -6.429401e-25 -3.016170e-24 -1.045168e-23 -2.773723e-23 -5.813864e-23 -9.910913e-23 -1.419306e-22 -1.777080e-22 -2.037699e-22 -2.220369e-22 -2.307534e-22 -2.214037e-22 -1.873569e-22 -1.344420e-22 -7.946119e-23 -3.780663e-23 -1.417017e-23 -4.083981e-24 -8.786989e-25 -1.360659e-25
-3.706618e-25 -2.318322e-24 -1.036388e-23 -3.458867e-23 -8.920489e-23 -1.830175e-22 -3.069392e-22 -4.334295e-22 -5.344890e-22 -6.013210e-22 -6.412799e-22 -6.543802e-22 -6.216563e-22 -5.258042e-22 -3.802266e-22 -2.280485e-22 -1.108167e-22 -4.270751e-23 -1.275385e-23 -2.869152e-24 -4.691036e-25
-1.038625e-24 -6.196951e-24 -2.667103e-23 -8.639004e-23 -2.176891e-22 -4.386787e-22 -7.251865e-22 -1.010656e-21 -1.228231e-21 -1.357285e-21 -1.419291e-21 -1.424913e-21 -1.342272e-21 -1.135333e-21 -8.267513e-22 -5.020924e-22 -2.482493e-22 -9.782022e-23 -3.003039e-23 -6.989327e-24 -1.190997e-24
-2.174651e-24 -1.251074e-23 -5.227671e-23 -1.653710e-22 -4.089597e-22 -8.118317e-22 -1.325086e-21 -1.824151e-21 -2.186195e-21 -2.375973e-21 -2.441246e-21 -2.417590e-21 -2.263473e-21 -1.917315e-21 -1.406315e-21 -8.639054e-22 -4.335709e-22 -1.740004e-22 -5.459987e-23 -1.304171e-23 -2.291262e-24
-3.426649e-24 -1.918860e-23 -7.842654e-23 -2.436824e-22 -5.939166e-22 -1.164757e-21 -1.880293e-21 -2.558964e-21 -3.026075e-21 -3.237922e-21 -3.276580e-21 -3.211968e-21 -3.000158e-21 -2.552888e-21 -1.889718e-21 -1.175129e-21 -5.984454e-22 -2.442371e-22 -7.810515e-23 -1.905237e-23 -3.424711e-24
-4.011656e-24 -2.208149e-23 -8.900053e-23 -2.734535e-22 -6.603579e-22 -1.284401e-21 -2.055691e-21 -2.769006e-21 -3.232709e-21 -3.409507e-21 -3.409087e-21 -3.326979e-21 -3.121537e-21 -2.685011e-21 -2.016039e-21 -1.274294e-21 -6.607196e-22 -2.749628e-22 -8.977132e-23 -2.236883e-23 -4.104508e-24
-3.293207e-24 -1.808503e-23 -7.286791e-23 -2.241097e-22 -5.418774e-22 -1.053998e-21 -1.682221e-21 -2.250428e-21 -2.599155e-21 -2.710583e-21 -2.697544e-21 -2.653007e-21 -2.535846e-21 -2.233630e-21 -1.720481e-21 -1.116944e-21 -5.957490e-22 -2.554443e-22 -8.601650e-23 -2.210103e-23 -4.171817e-24
-1.469407e-24 -8.466479e-24 -3.575337e-23 -1.148964e-22 -2.886451e-22 -5.784818e-22 -9.414330e-22 -1.270498e-21 -1.469693e-21 -1.539195e-21 -1.563376e-21 -1.601373e-21 -1.609257e-21 -1.488992e-21 -1.201929e-21 -8.177499e-22 -4.578599e-22 -2.064433e-22 -7.314646e-23 -1.975640e-23 -3.908420e-24
5.007980e-25 1.844262e-24 3.664416e-24 -1.340111e-25 -2.589938e-23 -9.308349e-23 -2.019017e-22 -3.217293e-22 -4.185662e-22 -4.951407e-22 -5.846448e-22 -6.974862e-22 -7.912230e-22 -8.019852e-22 -6.995642e-22 -5.128794e-22 -3.094698e-22 -1.501995e-22 -5.709962e-23 -1.647276e-23 -3.464771e-24
1.777925e-24 8.765749e-24 3.090391e-23 8.110027e-23 1.635092e-22 2.604629e-22 3.365478e-22 3.601559e-22 3.196577e-22 2.233967e-22 9.492385e-23 -3.379958e-23 -1.366068e-22 -2.010776e-22 -2.215282e-22 -1.967074e-22 -1.397754e-22 -7.771494e-23 -3.300066e-23 -1.041904e-23 -2.363390e-24
2.303541e-24 1.213226e-23 4.609344e-23 1.319194e-22 2.940305e-22 5.244155e-22 7.659053e-22 9.358745e-22 9.812663e-22 9.188642e-22 8.189316e-22 7.390442e-22 6.721023e-22 5.699355e-22 4.139255e-22 2.426151e-22 1.099632e-22 3.681293e-23 8.414287e-24 1.048271e-24 -2.533332e-26
2.509701e-24 1.400697e-23 5.662395e-23 1.730336e-22 4.126891e-22 7.878945e-22 1.230731e-21 1.609682e-21 1.819923e-21 1.868697e-21 1.854220e-21 1.845071e-21 1.796256e-21 1.606442e-21 1.247744e-21 8.120932e-22 4.330351e-22 1.857649e-22 6.284428e-23 1.633925e-23 3.151568e-24
2.618781e-24 1.522148e-23 6.431527e-23 2.056523e-22 5.129476e-22 1.022428e-21 1.664356e-21 2.266661e-21 2.670354e-21 2.855909e-21 2.927627e-21 2.957737e-21 2.878869e-21 2.563369e-21 1.991544e-21 1.306900e-21 7.080383e-22 3.103856e-22 1.076676e-22 2.873903e-23 5.689105e-24
2.476539e-24 1.474718e-23 6.401446e-23 2.103894e-22 5.389438e-22 1.101690e-21 1.836350e-21 2.557212e-21 3.074607e-21 3.340697e-21 3.446940e-21 3.465246e-21 3.332991e-21 2.931586e-21 2.256948e-21 1.472754e-21 7.953110e-22 3.478249e-22 1.203132e-22 3.197507e-23 6.288625e-24
1.953515e-24 1.186971e-23 5.259708e-23 1.763444e-22 4.602344e-22 9.569869e-22 1.619766e-21 2.285588e-21 2.775489e-21 3.028445e-21 3.112032e-21 3.092113e-21 2.930496e-21 2.542743e-21 1.935780e-21 1.251166e-21 6.694029e-22 2.897456e-22 9.898107e-23 2.590411e-23 4.999305e-24
1.222139e-24 7.613844e-24 3.450695e-23 1.180269e-22 3.134683e-22 6.616946e-22 1.134043e-21 1.615311e-21 1.971323e-21 2.147644e-21 2.186285e-21 2.139643e-21 1.995237e-21 1.706956e-21 1.284004e-21 8.205226e-22 4.335847e-22 1.849073e-22 6.201760e-23 1.586556e-23 2.977702e-24
5.887275e-25 3.795975e-24 1.770953e-23 6.205647e-23 1.681554e-22 3.607906e-22 6.261612e-22 8.993172e-22 1.100470e-21 1.193214e-21 1.199324e-21 1.153158e-21 1.056596e-21 8.906814e-22 6.615370e-22 4.173806e-22 2.172883e-22 9.095002e-23 2.979007e-23 7.397104e-24 1.337840e-24
2.127994e-25 1.437293e-24 6.967562e-24 2.518488e-23 6.996180e-23 1.530565e-22 2.694516e-22 3.903634e-22 4.785392e-22 5.154347e-22 5.102952e-22 4.809889e-22 4.324087e-22 3.588889e-22 2.629960e-22 1.635855e-22 8.367812e-23 3.423291e-23 1.088440e-23 2.601832e-24 4.486791e-25
5.600248e-26 4.015398e-25 2.046771e-24 7.701290e-24 2.207781e-23 4.947279e-23 8.859490e-23 1.296319e-22 1.591918e-22 1.701385e-22 1.656127e-22 1.527425e-22 1.345618e-22 1.098953e-22 7.939977e-23 4.860864e-23 2.435297e-23 9.687344e-24 2.967577e-24 6.760325e-25 1.098172e-25
1.038647e-26 7.970463e-26 4.329385e-25 1.715221e-24 5.118070e-24 1.181763e-23 2.160846e-23 3.199452e-23 3.937500e-23 4.172521e-23 3.987567e-23 3.593581e-23 3.100496e-23 2.491699e-23 1.774251e-23 1.067043e-23 5.214602e-24 2.003573e-24 5.857769e-25 1.256892e-25 1.905368e-26
