-2.500000e+00 -2.500000e+00 0.000000e+00 1.396765e-20 1.309823e-20 0.000000e+00
-2.500000e+00 -2.250000e+00 0.000000e+00 6.904560e-20 5.819801e-20 0.000000e+00
-2.500000e+00 -2.000000e+00 0.000000e+00 3.071723e-19 2.299152e-19 0.000000e+00
-2.500000e+00 -1.750000e+00 0.000000e+00 1.184587e-18 7.748889e-19 0.000000e+00
-2.500000e+00 -1.500000e+00 0.000000e+00 3.868627e-18 2.166783e-18 0.000000e+00
-2.500000e+00 -1.250000e+00 0.000000e+00 1.058101e-17 4.938249e-18 0.000000e+00
-2.500000e+00 -1.000000e+00 0.000000e+00 2.415456e-17 9.041035e-18 0.000000e+00
-2.500000e+00 -7.500000e-01 0.000000e+00 4.604509e-17 1.303160e-17 0.000000e+00
-2.500000e+00 -5.000000e-01 0.000000e+00 7.344075e-17 1.416208e-17 0.000000e+00
-2.500000e+00 -2.500000e-01 0.000000e+00 9.821526e-17 1.016890e-17 0.000000e+00
-2.500000e+00 0.000000e+00 0.000000e+00 1.102998e-16 1.625899e-18 0.000000e+00
-2.500000e+00 2.500000e-01 0.000000e+00 1.040823e-16 -7.704522e-18 0.000000e+00
-2.500000e+00 5.000000e-01 0.000000e+00 8.248521e-17 -1.346448e-17 0.000000e+00
-2.500000e+00 7.500000e-01 0.000000e+00 5.481895e-17 -1.388522e-17 0.000000e+00
-2.500000e+00 1.000000e+00 0.000000e+00 3.048443e-17 -1.050013e-17 0.000000e+00
-2.500000e+00 1.250000e+00 0.000000e+00 1.415116e-17 -6.180447e-18 0.000000e+00
-2.500000e+00 1.500000e+00 0.000000e+00 5.475971e-18 -2.902688e-18 0.000000e+00
-2.500000e+00 1.750000e+00 0.000000e+00 1.769197e-18 -1.104282e-18 0.000000e+00
-2.500000e+00 2.000000e+00 0.000000e+00 4.810963e-19 -3.457600e-19 0.000000e+00
-2.500000e+00 2.250000e+00 0.000000e+00 1.122460e-19 -9.130155e-20 0.000000e+00
-2.500000e+00 2.500000e+00 0.000000e+00 2.324099e-20 -2.111721e-20 0.000000e+00
-2.250000e+00 -2.500000e+00 0.000000e+00 6.692178e-20 6.924277e-20 0.000000e+00
-2.250000e+00 -2.250000e+00 0.000000e+00 3.580174e-19 3.331952e-19 0.000000e+00
-2.250000e+00 -2.000000e+00 0.000000e+00 1.662803e-18 1.374429e-18 0.000000e+00
-2.250000e+00 -1.750000e+00 0.000000e+00 6.506523e-18 4.700409e-18 0.000000e+00
-2.250000e+00 -1.500000e+00 0.000000e+00 2.117549e-17 1.309797e-17 0.000000e+00
-2.250000e+00 -1.250000e+00 0.000000e+00 5.717984e-17 2.946924e-17 0.000000e+00
-2.250000e+00 -1.000000e+00 0.000000e+00 1.284341e-16 5.307821e-17 0.000000e+00
-2.250000e+00 -7.500000e-01 0.000000e+00 2.409951e-16 7.529342e-17 0.000000e+00
-2.250000e+00 -5.000000e-01 0.000000e+00 3.794202e-16 8.075389e-17 0.000000e+00
-2.250000e+00 -2.500000e-01 0.000000e+00 5.030026e-16 5.747227e-17 0.000000e+00
-2.250000e+00 0.000000e+00 0.000000e+00 5.628322e-16 9.155797e-18 0.000000e+00
-2.250000e+00 2.500000e-01 0.000000e+00 5.320311e-16 -4.345796e-17 0.000000e+00
-2.250000e+00 5.000000e-01 0.000000e+00 4.246029e-16 -7.649135e-17 0.000000e+00
-2.250000e+00 7.500000e-01 0.000000e+00 2.855032e-16 -7.982182e-17 0.000000e+00
-2.250000e+00 1.000000e+00 0.000000e+00 1.611940e-16 -6.129565e-17 0.000000e+00
-2.250000e+00 1.250000e+00 0.000000e+00 7.608645e-17 -3.669083e-17 0.000000e+00
-2.250000e+00 1.500000e+00 0.000000e+00 2.988590e-17 -1.749264e-17 0.000000e+00
-2.250000e+00 1.750000e+00 0.000000e+00 9.733197e-18 -6.708314e-18 0.000000e+00
-2.250000e+00 2.000000e+00 0.000000e+00 2.628410e-18 -2.085942e-18 0.000000e+00
-2.250000e+00 2.250000e+00 0.000000e+00 5.935929e-19 -5.332225e-19 0.000000e+00
-2.250000e+00 2.500000e+00 0.000000e+00 1.148301e-19 -1.152230e-19 0.000000e+00
-2.000000e+00 -2.500000e+00 0.000000e+00 2.859785e-19 3.301775e-19 0.000000e+00
-2.000000e+00 -2.250000e+00 0.000000e+00 1.592701e-18 1.654871e-18 0.000000e+00
-2.000000e+00 -2.000000e+00 0.000000e+00 7.462680e-18 6.889109e-18 0.000000e+00
-2.000000e+00 -1.750000e+00 0.000000e+00 2.889737e-17 2.331955e-17 0.000000e+00
-2.000000e+00 -1.500000e+00 0.000000e+00 9.218873e-17 6.369958e-17 0.000000e+00
-2.000000e+00 -1.250000e+00 0.000000e+00 2.432293e-16 1.400138e-16 0.000000e+00
-2.000000e+00 -1.000000e+00 0.000000e+00 5.340940e-16 2.464730e-16 0.000000e+00
-2.000000e+00 -7.500000e-01 0.000000e+00 9.825579e-16 3.426762e-16 0.000000e+00
-2.000000e+00 -5.000000e-01 0.000000e+00 1.523283e-15 3.617970e-16 0.000000e+00
-2.000000e+00 -2.500000e-01 0.000000e+00 1.999190e-15 2.548397e-16 0.000000e+00
-2.000000e+00 0.000000e+00 0.000000e+00 2.227623e-15 4.038814e-17 0.000000e+00
-2.000000e+00 2.500000e-01 0.000000e+00 2.109759e-15 -1.923419e-16 0.000000e+00
-2.000000e+00 5.000000e-01 0.000000e+00 1.697156e-15 -3.412893e-16 0.000000e+00
-2.000000e+00 7.500000e-01 0.000000e+00 1.156705e-15 -3.611243e-16 0.000000e+00
-2.000000e+00 1.000000e+00 0.000000e+00 6.651567e-16 -2.825618e-16 0.000000e+00
-2.000000e+00 1.250000e+00 0.000000e+00 3.209150e-16 -1.729546e-16 0.000000e+00
-2.000000e+00 1.500000e+00 0.000000e+00 1.290469e-16 -8.444567e-17 0.000000e+00
-2.000000e+00 1.750000e+00 0.000000e+00 4.295699e-17 -3.310744e-17 0.000000e+00
-2.000000e+00 2.000000e+00 0.000000e+00 1.177428e-17 -1.044988e-17 0.000000e+00
-2.000000e+00 2.250000e+00 0.000000e+00 2.656547e-18 -2.668737e-18 0.000000e+00
-2.000000e+00 2.500000e+00 0.000000e+00 4.991265e-19 -5.601046e-19 0.000000e+00
-1.750000e+00 -2.500000e+00 0.000000e+00 1.038395e-18 1.356858e-18 0.000000e+00
-1.750000e+00 -2.250000e+00 0.000000e+00 5.834845e-18 6.866194e-18 0.000000e+00
-1.750000e+00 -2.000000e+00 0.000000e+00 2.699188e-17 2.823356e-17 0.000000e+00
-1.750000e+00 -1.750000e+00 0.000000e+00 1.021009e-16 9.338082e-17 0.000000e+00
-1.750000e+00 -1.500000e+00 0.000000e+00 3.169686e-16 2.482228e-16 0.000000e+00
-1.750000e+00 -1.250000e+00 0.000000e+00 8.138244e-16 5.308457e-16 0.000000e+00
-1.750000e+00 -1.000000e+00 0.000000e+00 1.743070e-15 9.111877e-16 0.000000e+00
-1.750000e+00 -7.500000e-01 0.000000e+00 3.139805e-15 1.239946e-15 0.000000e+00
-1.750000e+00 -5.000000e-01 0.000000e+00 4.789629e-15 1.287649e-15 0.000000e+00
-1.750000e+00 -2.500000e-01 0.000000e+00 6.220221e-15 8.971671e-16 0.000000e+00
-1.750000e+00 0.000000e+00 0.000000e+00 6.900443e-15 1.412412e-16 0.000000e+00
-1.750000e+00 2.500000e-01 0.000000e+00 6.547616e-15 -6.761908e-16 0.000000e+00
-1.750000e+00 5.000000e-01 0.000000e+00 5.309797e-15 -1.209745e-15 0.000000e+00
-1.750000e+00 7.500000e-01 0.000000e+00 3.669577e-15 -1.298676e-15 0.000000e+00
-1.750000e+00 1.000000e+00 0.000000e+00 2.150830e-15 -1.036457e-15 0.000000e+00
-1.750000e+00 1.250000e+00 0.000000e+00 1.062193e-15 -6.498759e-16 0.000000e+00
-1.750000e+00 1.500000e+00 0.000000e+00 4.384881e-16 -3.259778e-16 0.000000e+00
-1.750000e+00 1.750000e+00 0.000000e+00 1.499870e-16 -1.314065e-16 0.000000e+00
-1.750000e+00 2.000000e+00 0.000000e+00 4.214745e-17 -4.254254e-17 0.000000e+00
-1.750000e+00 2.250000e+00 0.000000e+00 9.671514e-18 -1.105298e-17 0.000000e+00
-1.750000e+00 2.500000e+00 0.000000e+00 1.815293e-18 -2.317653e-18 0.000000e+00
-1.500000e+00 -2.500000e+00 0.000000e+00 3.100618e-18 4.672139e-18 0.000000e+00
-1.500000e+00 -2.250000e+00 0.000000e+00 1.723983e-17 2.341307e-17 0.000000e+00
-1.500000e+00 -2.000000e+00 0.000000e+00 7.790436e-17 9.409234e-17 0.000000e+00
-1.500000e+00 -1.750000e+00 0.000000e+00 2.864009e-16 3.025282e-16 0.000000e+00
-1.500000e+00 -1.500000e+00 0.000000e+00 8.633334e-16 7.808500e-16 0.000000e+00
-1.500000e+00 -1.250000e+00 0.000000e+00 2.155330e-15 1.623426e-15 0.000000e+00
-1.500000e+00 -1.000000e+00 0.000000e+00 4.501681e-15 2.716490e-15 0.000000e+00
-1.500000e+00 -7.500000e-01 0.000000e+00 7.939389e-15 3.617910e-15 0.000000e+00
-1.500000e+00 -5.000000e-01 0.000000e+00 1.191654e-14 3.695247e-15 0.000000e+00
-1.500000e+00 -2.500000e-01 0.000000e+00 1.531286e-14 2.546361e-15 0.000000e+00
-1.500000e+00 0.000000e+00 0.000000e+00 1.691066e-14 3.973276e-16 0.000000e+00
-1.500000e+00 2.500000e-01 0.000000e+00 1.607332e-14 -1.918110e-15 0.000000e+00
-1.500000e+00 5.000000e-01 0.000000e+00 1.313701e-14 -3.458916e-15 0.000000e+00
-1.500000e+00 7.500000e-01 0.000000e+00 9.202820e-15 -3.766613e-15 0.000000e+00
-1.500000e+00 1.000000e+00 0.000000e+00 5.495569e-15 -3.065676e-15 0.000000e+00
-1.500000e+00 1.250000e+00 0.000000e+00 2.776889e-15 -1.968907e-15 0.000000e+00
-1.500000e+00 1.500000e+00 0.000000e+00 1.176650e-15 -1.014846e-15 0.000000e+00
-1.500000e+00 1.750000e+00 0.000000e+00 4.138784e-16 -4.211383e-16 0.000000e+00
-1.500000e+00 2.000000e+00 0.000000e+00 1.195796e-16 -1.403207e-16 0.000000e+00
-1.500000e+00 2.250000e+00 0.000000e+00 2.811262e-17 -3.738127e-17 0.000000e+00
-1.500000e+00 2.500000e+00 0.000000e+00 5.352168e-18 -7.955229e-18 0.000000e+00
-1.250000e+00 -2.500000e+00 0.000000e+00 7.468662e-18 1.331638e-17 0.000000e+00
-1.250000e+00 -2.250000e+00 0.000000e+00 4.070411e-17 6.546152e-17 0.000000e+00
-1.250000e+00 -2.000000e+00 0.000000e+00 1.790255e-16 2.561848e-16 0.000000e+00
-1.250000e+00 -1.750000e+00 0.000000e+00 6.392086e-16 8.001917e-16 0.000000e+00
-1.250000e+00 -1.500000e+00 0.000000e+00 1.871959e-15 2.006618e-15 0.000000e+00
-1.250000e+00 -1.250000e+00 0.000000e+00 4.548276e-15 4.059617e-15 0.000000e+00
-1.250000e+00 -1.000000e+00 0.000000e+00 9.271791e-15 6.628211e-15 0.000000e+00
-1.250000e+00 -7.500000e-01 0.000000e+00 1.602095e-14 8.645695e-15 0.000000e+00
-1.250000e+00 -5.000000e-01 0.000000e+00 2.366953e-14 8.688495e-15 0.000000e+00
-1.250000e+00 -2.500000e-01 0.000000e+00 3.009978e-14 5.921362e-15 0.000000e+00
-1.250000e+00 0.000000e+00 0.000000e+00 3.308798e-14 9.127792e-16 0.000000e+00
-1.250000e+00 2.500000e-01 0.000000e+00 3.149446e-14 -4.463689e-15 0.000000e+00
-1.250000e+00 5.000000e-01 0.000000e+00 2.592986e-14 -8.107923e-15 0.000000e+00
-1.250000e+00 7.500000e-01 0.000000e+00 1.839786e-14 -8.950543e-15 0.000000e+00
-1.250000e+00 1.000000e+00 0.000000e+00 1.118082e-14 -7.422790e-15 0.000000e+00
-1.250000e+00 1.250000e+00 0.000000e+00 5.772150e-15 -4.877295e-15 0.000000e+00
-1.250000e+00 1.500000e+00 0.000000e+00 2.506284e-15 -2.579776e-15 0.000000e+00
-1.250000e+00 1.750000e+00 0.000000e+00 9.050641e-16 -1.100682e-15 0.000000e+00
-1.250000e+00 2.000000e+00 0.000000e+00 2.686155e-16 -3.772688e-16 0.000000e+00
-1.250000e+00 2.250000e+00 0.000000e+00 6.477361e-17 -1.032294e-16 0.000000e+00
-1.250000e+00 2.500000e+00 0.000000e+00 1.258107e-17 -2.244006e-17 0.000000e+00
-1.000000e+00 -2.500000e+00 0.000000e+00 1.431505e-17 3.135000e-17 0.000000e+00
-1.000000e+00 -2.250000e+00 0.000000e+00 7.625545e-17 1.507480e-16 0.000000e+00
-1.000000e+00 -2.000000e+00 0.000000e+00 3.265976e-16 5.747912e-16 0.000000e+00
-1.000000e+00 -1.750000e+00 0.000000e+00 1.134656e-15 1.747458e-15 0.000000e+00
-1.000000e+00 -1.500000e+00 0.000000e+00 3.235457e-15 4.267207e-15 0.000000e+00
-1.000000e+00 -1.250000e+00 0.000000e+00 7.666885e-15 8.419170e-15 0.000000e+00
-1.000000e+00 -1.000000e+00 0.000000e+00 1.528119e-14 1.343718e-14 0.000000e+00
-1.000000e+00 -7.500000e-01 0.000000e+00 2.590372e-14 1.718888e-14 0.000000e+00
-1.000000e+00 -5.000000e-01 0.000000e+00 3.770200e-14 1.700994e-14 0.000000e+00
-1.000000e+00 -2.500000e-01 0.000000e+00 4.746558e-14 1.146737e-14 0.000000e+00
-1.000000e+00 0.000000e+00 0.000000e+00 5.193916e-14 1.739245e-15 0.000000e+00
-1.000000e+00 2.500000e-01 0.000000e+00 4.949138e-14 -8.664612e-15 0.000000e+00
-1.000000e+00 5.000000e-01 0.000000e+00 4.101643e-14 -1.583744e-14 0.000000e+00
-1.000000e+00 7.500000e-01 0.000000e+00 2.944159e-14 -1.770479e-14 0.000000e+00
-1.000000e+00 1.000000e+00 0.000000e+00 1.817846e-14 -1.493826e-14 0.000000e+00
-1.000000e+00 1.250000e+00 0.000000e+00 9.567246e-15 -1.002201e-14 0.000000e+00
-1.000000e+00 1.500000e+00 0.000000e+00 4.245472e-15 -5.426481e-15 0.000000e+00
-1.000000e+00 1.750000e+00 0.000000e+00 1.569290e-15 -2.373921e-15 0.000000e+00
-1.000000e+00 2.000000e+00 0.000000e+00 4.770255e-16 -8.348436e-16 0.000000e+00
-1.000000e+00 2.250000e+00 0.000000e+00 1.177324e-16 -2.342212e-16 0.000000e+00
-1.000000e+00 2.500000e+00 0.000000e+00 2.333472e-17 -5.204839e-17 0.000000e+00
-7.500000e-01 -2.500000e+00 0.000000e+00 2.143057e-17 6.112657e-17 0.000000e+00
-7.500000e-01 -2.250000e+00 0.000000e+00 1.117247e-16 2.878680e-16 0.000000e+00
-7.500000e-01 -2.000000e+00 0.000000e+00 4.673895e-16 1.072683e-15 0.000000e+00
-7.500000e-01 -1.750000e+00 0.000000e+00 1.585682e-15 3.185736e-15 0.000000e+00
-7.500000e-01 -1.500000e+00 0.000000e+00 4.418311e-15 7.603188e-15 0.000000e+00
-7.500000e-01 -1.250000e+00 0.000000e+00 1.024427e-14 1.467804e-14 0.000000e+00
-7.500000e-01 -1.000000e+00 0.000000e+00 2.001833e-14 2.296401e-14 0.000000e+00
-7.500000e-01 -7.500000e-01 0.000000e+00 3.336043e-14 2.887039e-14 0.000000e+00
-7.500000e-01 -5.000000e-01 0.000000e+00 4.790334e-14 2.817306e-14 0.000000e+00
-7.500000e-01 -2.500000e-01 0.000000e+00 5.975476e-14 1.879921e-14 0.000000e+00
-7.500000e-01 0.000000e+00 0.000000e+00 6.510135e-14 2.795086e-15 0.000000e+00
-7.500000e-01 2.500000e-01 0.000000e+00 6.207853e-14 -1.425902e-14 0.000000e+00
-7.500000e-01 5.000000e-01 0.000000e+00 5.173966e-14 -2.619447e-14 0.000000e+00
-7.500000e-01 7.500000e-01 0.000000e+00 3.751291e-14 -2.960751e-14 0.000000e+00
-7.500000e-01 1.000000e+00 0.000000e+00 2.347975e-14 -2.536010e-14 0.000000e+00
-7.500000e-01 1.250000e+00 0.000000e+00 1.256121e-14 -1.732249e-14 0.000000e+00
-7.500000e-01 1.500000e+00 0.000000e+00 5.676810e-15 -9.568475e-15 0.000000e+00
-7.500000e-01 1.750000e+00 0.000000e+00 2.139439e-15 -4.275435e-15 0.000000e+00
-7.500000e-01 2.000000e+00 0.000000e+00 6.633105e-16 -1.536443e-15 0.000000e+00
-7.500000e-01 2.250000e+00 0.000000e+00 1.668936e-16 -4.403338e-16 0.000000e+00
-7.500000e-01 2.500000e+00 0.000000e+00 3.365945e-17 -9.978153e-17 0.000000e+00
-5.000000e-01 -2.500000e+00 0.000000e+00 2.404782e-17 9.910991e-17 0.000000e+00
-5.000000e-01 -2.250000e+00 0.000000e+00 1.231639e-16 4.588670e-16 0.000000e+00
-5.000000e-01 -2.000000e+00 0.000000e+00 5.056577e-16 1.679064e-15 0.000000e+00
-5.000000e-01 -1.750000e+00 0.000000e+00 1.683545e-15 4.895882e-15 0.000000e+00
-5.000000e-01 -1.500000e+00 0.000000e+00 4.605871e-15 1.147589e-14 0.000000e+00
-5.000000e-01 -1.250000e+00 0.000000e+00 1.049528e-14 2.177509e-14 0.000000e+00
-5.000000e-01 -1.000000e+00 0.000000e+00 2.018485e-14 3.352650e-14 0.000000e+00
-5.000000e-01 -7.500000e-01 0.000000e+00 3.317404e-14 4.155715e-14 0.000000e+00
-5.000000e-01 -5.000000e-01 0.000000e+00 4.710634e-14 4.008340e-14 0.000000e+00
-5.000000e-01 -2.500000e-01 0.000000e+00 5.830591e-14 2.650960e-14 0.000000e+00
-5.000000e-01 0.000000e+00 0.000000e+00 6.328229e-14 3.858969e-15 0.000000e+00
-5.000000e-01 2.500000e-01 0.000000e+00 6.036937e-14 -2.020024e-14 0.000000e+00
-5.000000e-01 5.000000e-01 0.000000e+00 5.054017e-14 -3.724434e-14 0.000000e+00
-5.000000e-01 7.500000e-01 0.000000e+00 3.693590e-14 -4.247109e-14 0.000000e+00
-5.000000e-01 1.000000e+00 0.000000e+00 2.336754e-14 -3.681872e-14 0.000000e+00
-5.000000e-01 1.250000e+00 0.000000e+00 1.266091e-14 -2.550863e-14 0.000000e+00
-5.000000e-01 1.500000e+00 0.000000e+00 5.802358e-15 -1.431110e-14 0.000000e+00
-5.000000e-01 1.750000e+00 0.000000e+00 2.218949e-15 -6.499693e-15 0.000000e+00
-5.000000e-01 2.000000e+00 0.000000e+00 6.981424e-16 -2.374731e-15 0.000000e+00
-5.000000e-01 2.250000e+00 0.000000e+00 1.781700e-16 -6.917436e-16 0.000000e+00
-5.000000e-01 2.500000e+00 0.000000e+00 3.639961e-17 -1.591499e-16 0.000000e+00
-2.500000e-01 -2.500000e+00 0.000000e+00 1.782668e-17 1.341103e-16 0.000000e+00
-2.500000e-01 -2.250000e+00 0.000000e+00 9.016015e-17 6.137814e-16 0.000000e+00
-2.500000e-01 -2.000000e+00 0.000000e+00 3.653506e-16 2.218817e-15 0.000000e+00
-2.500000e-01 -1.750000e+00 0.000000e+00 1.200712e-15 6.391140e-15 0.000000e+00
-2.500000e-01 -1.500000e+00 0.000000e+00 3.243872e-15 1.480167e-14 0.000000e+00
-2.500000e-01 -1.250000e+00 0.000000e+00 7.304265e-15 2.776198e-14 0.000000e+00
-2.500000e-01 -1.000000e+00 0.000000e+00 1.389517e-14 4.228288e-14 0.000000e+00
-2.500000e-01 -7.500000e-01 0.000000e+00 2.261937e-14 5.190313e-14 0.000000e+00
-2.500000e-01 -5.000000e-01 0.000000e+00 3.187102e-14 4.965523e-14 0.000000e+00
-2.500000e-01 -2.500000e-01 0.000000e+00 3.923488e-14 3.262858e-14 0.000000e+00
-2.500000e-01 0.000000e+00 0.000000e+00 4.246966e-14 4.665982e-15 0.000000e+00
-2.500000e-01 2.500000e-01 0.000000e+00 4.052448e-14 -2.496475e-14 0.000000e+00
-2.500000e-01 5.000000e-01 0.000000e+00 3.402801e-14 -4.613090e-14 0.000000e+00
-2.500000e-01 7.500000e-01 0.000000e+00 2.500020e-14 -5.291970e-14 0.000000e+00
-2.500000e-01 1.000000e+00 0.000000e+00 1.592737e-14 -4.624964e-14 0.000000e+00
-2.500000e-01 1.250000e+00 0.000000e+00 8.699995e-15 -3.234598e-14 0.000000e+00
-2.500000e-01 1.500000e+00 0.000000e+00 4.022026e-15 -1.833326e-14 0.000000e+00
-2.500000e-01 1.750000e+00 0.000000e+00 1.551823e-15 -8.415038e-15 0.000000e+00
-2.500000e-01 2.000000e+00 0.000000e+00 4.924847e-16 -3.107416e-15 0.000000e+00
-2.500000e-01 2.250000e+00 0.000000e+00 1.266974e-16 -9.146251e-16 0.000000e+00
-2.500000e-01 2.500000e+00 0.000000e+00 2.606360e-17 -2.124807e-16 0.000000e+00
0.000000e+00 -2.500000e+00 0.000000e+00 3.337617e-18 1.518013e-16 0.000000e+00
0.000000e+00 -2.250000e+00 0.000000e+00 1.666360e-17 6.912255e-16 0.000000e+00
0.000000e+00 -2.000000e+00 0.000000e+00 6.667215e-17 2.485646e-15 0.000000e+00
0.000000e+00 -1.750000e+00 0.000000e+00 2.165962e-16 7.122128e-15 0.000000e+00
0.000000e+00 -1.500000e+00 0.000000e+00 5.793683e-16 1.640968e-14 0.000000e+00
0.000000e+00 -1.250000e+00 0.000000e+00 1.293958e-15 3.062521e-14 0.000000e+00
0.000000e+00 -1.000000e+00 0.000000e+00 2.445883e-15 4.642601e-14 0.000000e+00
0.000000e+00 -7.500000e-01 0.000000e+00 3.963053e-15 5.674855e-14 0.000000e+00
0.000000e+00 -5.000000e-01 0.000000e+00 5.567223e-15 5.409584e-14 0.000000e+00
0.000000e+00 -2.500000e-01 0.000000e+00 6.843598e-15 3.544305e-14 0.000000e+00
0.000000e+00 0.000000e+00 0.000000e+00 7.407117e-15 5.022948e-15 0.000000e+00
0.000000e+00 2.500000e-01 0.000000e+00 7.074295e-15 -2.717612e-14 0.000000e+00
0.000000e+00 5.000000e-01 0.000000e+00 5.948635e-15 -5.025749e-14 0.000000e+00
0.000000e+00 7.500000e-01 0.000000e+00 4.376360e-15 -5.779764e-14 0.000000e+00
0.000000e+00 1.000000e+00 0.000000e+00 2.790228e-15 -5.068376e-14 0.000000e+00
0.000000e+00 1.250000e+00 0.000000e+00 1.523559e-15 -3.558515e-14 0.000000e+00
0.000000e+00 1.500000e+00 0.000000e+00 7.029685e-16 -2.025300e-14 0.000000e+00
0.000000e+00 1.750000e+00 0.000000e+00 2.701149e-16 -9.335630e-15 0.000000e+00
0.000000e+00 2.000000e+00 0.000000e+00 8.513118e-17 -3.461791e-15 0.000000e+00
0.000000e+00 2.250000e+00 0.000000e+00 2.167166e-17 -1.023002e-15 0.000000e+00
0.000000e+00 2.500000e+00 0.000000e+00 4.392498e-18 -2.385194e-16 0.000000e+00
2.500000e-01 -2.500000e+00 0.000000e+00 -1.285496e-17 1.438416e-16 0.000000e+00
2.500000e-01 -2.250000e+00 0.000000e+00 -6.502451e-17 6.561725e-16 0.000000e+00
2.500000e-01 -2.000000e+00 0.000000e+00 -2.634506e-16 2.364281e-15 0.000000e+00
2.500000e-01 -1.750000e+00 0.000000e+00 -8.652694e-16 6.788413e-15 0.000000e+00
2.500000e-01 -1.500000e+00 0.000000e+00 -2.334912e-15 1.567374e-14 0.000000e+00
2.500000e-01 -1.250000e+00 0.000000e+00 -5.248872e-15 2.931272e-14 0.000000e+00
2.500000e-01 -1.000000e+00 0.000000e+00 -9.965157e-15 4.452540e-14 0.000000e+00
2.500000e-01 -7.500000e-01 0.000000e+00 -1.618672e-14 5.452493e-14 0.000000e+00
2.500000e-01 -5.000000e-01 0.000000e+00 -2.275926e-14 5.205700e-14 0.000000e+00
2.500000e-01 -2.500000e-01 0.000000e+00 -2.796785e-14 3.414854e-14 0.000000e+00
2.500000e-01 0.000000e+00 0.000000e+00 -3.023745e-14 4.853790e-15 0.000000e+00
2.500000e-01 2.500000e-01 0.000000e+00 -2.884135e-14 -2.616707e-14 0.000000e+00
2.500000e-01 5.000000e-01 0.000000e+00 -2.423122e-14 -4.836522e-14 0.000000e+00
2.500000e-01 7.500000e-01 0.000000e+00 -1.782975e-14 -5.555129e-14 0.000000e+00
2.500000e-01 1.000000e+00 0.000000e+00 -1.138717e-14 -4.863105e-14 0.000000e+00
2.500000e-01 1.250000e+00 0.000000e+00 -6.240885e-15 -3.407576e-14 0.000000e+00
2.500000e-01 1.500000e+00 0.000000e+00 -2.897376e-15 -1.935113e-14 0.000000e+00
2.500000e-01 1.750000e+00 0.000000e+00 -1.123637e-15 -8.898821e-15 0.000000e+00
2.500000e-01 2.000000e+00 0.000000e+00 -3.587807e-16 -3.291584e-15 0.000000e+00
2.500000e-01 2.250000e+00 0.000000e+00 -9.296738e-17 -9.701699e-16 0.000000e+00
2.500000e-01 2.500000e+00 0.000000e+00 -1.928413e-17 -2.255962e-16 0.000000e+00
5.000000e-01 -2.500000e+00 0.000000e+00 -2.282643e-17 1.140012e-16 0.000000e+00
5.000000e-01 -2.250000e+00 0.000000e+00 -1.163195e-16 5.245382e-16 0.000000e+00
5.000000e-01 -2.000000e+00 0.000000e+00 -4.750226e-16 1.907332e-15 0.000000e+00
5.000000e-01 -1.750000e+00 0.000000e+00 -1.573035e-15 5.527539e-15 0.000000e+00
5.000000e-01 -1.500000e+00 0.000000e+00 -4.280523e-15 1.288089e-14 0.000000e+00
5.000000e-01 -1.250000e+00 0.000000e+00 -9.703253e-15 2.430680e-14 0.000000e+00
5.000000e-01 -1.000000e+00 0.000000e+00 -1.857038e-14 3.723514e-14 0.000000e+00
5.000000e-01 -7.500000e-01 0.000000e+00 -3.038689e-14 4.594683e-14 0.000000e+00
5.000000e-01 -5.000000e-01 0.000000e+00 -4.299138e-14 4.415012e-14 0.000000e+00
5.000000e-01 -2.500000e-01 0.000000e+00 -5.307143e-14 2.910901e-14 0.000000e+00
5.000000e-01 0.000000e+00 0.000000e+00 -5.751820e-14 4.194528e-15 0.000000e+00
5.000000e-01 2.500000e-01 0.000000e+00 -5.486481e-14 -2.223662e-14 0.000000e+00
5.000000e-01 5.000000e-01 0.000000e+00 -4.598694e-14 -4.102402e-14 0.000000e+00
5.000000e-01 7.500000e-01 0.000000e+00 -3.368701e-14 -4.689254e-14 0.000000e+00
5.000000e-01 1.000000e+00 0.000000e+00 -2.138146e-14 -4.078334e-14 0.000000e+00
5.000000e-01 1.250000e+00 0.000000e+00 -1.163036e-14 -2.835916e-14 0.000000e+00
5.000000e-01 1.500000e+00 0.000000e+00 -5.353561e-15 -1.597080e-14 0.000000e+00
5.000000e-01 1.750000e+00 0.000000e+00 -2.056983e-15 -7.280134e-15 0.000000e+00
5.000000e-01 2.000000e+00 0.000000e+00 -6.503636e-16 -2.668724e-15 0.000000e+00
5.000000e-01 2.250000e+00 0.000000e+00 -1.668016e-16 -7.795062e-16 0.000000e+00
5.000000e-01 2.500000e+00 0.000000e+00 -3.424104e-17 -1.796712e-16 0.000000e+00
7.500000e-01 -2.500000e+00 0.000000e+00 -2.335494e-17 7.539021e-17 0.000000e+00
7.500000e-01 -2.250000e+00 0.000000e+00 -1.207520e-16 3.520196e-16 0.000000e+00
7.500000e-01 -2.000000e+00 0.000000e+00 -5.007994e-16 1.300304e-15 0.000000e+00
7.500000e-01 -1.750000e+00 0.000000e+00 -1.684548e-15 3.828878e-15 0.000000e+00
7.500000e-01 -1.500000e+00 0.000000e+00 -4.655319e-15 9.063796e-15 0.000000e+00
7.500000e-01 -1.250000e+00 0.000000e+00 -1.071086e-14 1.736420e-14 0.000000e+00
7.500000e-01 -1.000000e+00 0.000000e+00 -2.078417e-14 2.697691e-14 0.000000e+00
7.500000e-01 -7.500000e-01 0.000000e+00 -3.442800e-14 3.370739e-14 0.000000e+00
7.500000e-01 -5.000000e-01 0.000000e+00 -4.919820e-14 3.272646e-14 0.000000e+00
7.500000e-01 -2.500000e-01 0.000000e+00 -6.116478e-14 2.174992e-14 0.000000e+00
7.500000e-01 0.000000e+00 0.000000e+00 -6.652681e-14 3.196267e-15 0.000000e+00
7.500000e-01 2.500000e-01 0.000000e+00 -6.344401e-14 -1.654344e-14 0.000000e+00
7.500000e-01 5.000000e-01 0.000000e+00 -5.297096e-14 -3.042362e-14 0.000000e+00
7.500000e-01 7.500000e-01 0.000000e+00 -3.852775e-14 -3.450411e-14 0.000000e+00
7.500000e-01 1.000000e+00 0.000000e+00 -2.421777e-14 -2.969049e-14 0.000000e+00
7.500000e-01 1.250000e+00 0.000000e+00 -1.302078e-14 -2.038757e-14 0.000000e+00
7.500000e-01 1.500000e+00 0.000000e+00 -5.916297e-15 -1.132375e-14 0.000000e+00
7.500000e-01 1.750000e+00 0.000000e+00 -2.241985e-15 -5.087007e-15 0.000000e+00
7.500000e-01 2.000000e+00 0.000000e+00 -6.988191e-16 -1.837050e-15 0.000000e+00
7.500000e-01 2.250000e+00 0.000000e+00 -1.766854e-16 -5.286008e-16 0.000000e+00
7.500000e-01 2.500000e+00 0.000000e+00 -3.577626e-17 -1.200980e-16 0.000000e+00
1.000000e+00 -2.500000e+00 0.000000e+00 -1.730608e-17 4.145178e-17 0.000000e+00
1.000000e+00 -2.250000e+00 0.000000e+00 -9.125214e-17 1.973617e-16 0.000000e+00
1.000000e+00 -2.000000e+00 0.000000e+00 -3.866115e-16 7.447179e-16 0.000000e+00
1.000000e+00 -1.750000e+00 0.000000e+00 -1.328849e-15 2.240846e-15 0.000000e+00
1.000000e+00 -1.500000e+00 0.000000e+00 -3.750724e-15 5.418163e-15 0.000000e+00
1.000000e+00 -1.250000e+00 0.000000e+00 -8.804338e-15 1.059129e-14 0.000000e+00
1.000000e+00 -1.000000e+00 0.000000e+00 -1.740087e-14 1.676182e-14 0.000000e+00
1.000000e+00 -7.500000e-01 0.000000e+00 -2.928644e-14 2.128477e-14 0.000000e+00
1.000000e+00 -5.000000e-01 0.000000e+00 -4.238742e-14 2.093749e-14 0.000000e+00
1.000000e+00 -2.500000e-01 0.000000e+00 -5.316330e-14 1.405060e-14 0.000000e+00
1.000000e+00 0.000000e+00 0.000000e+00 -5.807161e-14 2.106803e-15 0.000000e+00
1.000000e+00 2.500000e-01 0.000000e+00 -5.535193e-14 -1.064386e-14 0.000000e+00
1.000000e+00 5.000000e-01 0.000000e+00 -4.597701e-14 -1.948573e-14 0.000000e+00
1.000000e+00 7.500000e-01 0.000000e+00 -3.313192e-14 -2.187535e-14 0.000000e+00
1.000000e+00 1.000000e+00 0.000000e+00 -2.056370e-14 -1.856372e-14 0.000000e+00
1.000000e+00 1.250000e+00 0.000000e+00 -1.088832e-14 -1.253774e-14 0.000000e+00
1.000000e+00 1.500000e+00 0.000000e+00 -4.863122e-15 -6.836740e-15 0.000000e+00
1.000000e+00 1.750000e+00 0.000000e+00 -1.809309e-15 -3.011722e-15 0.000000e+00
1.000000e+00 2.000000e+00 0.000000e+00 -5.533439e-16 -1.065874e-15 0.000000e+00
1.000000e+00 2.250000e+00 0.000000e+00 -1.372804e-16 -3.005808e-16 0.000000e+00
1.000000e+00 2.500000e+00 0.000000e+00 -2.730798e-17 -6.700608e-17 0.000000e+00
1.250000e+00 -2.500000e+00 0.000000e+00 -9.872323e-18 1.887091e-17 0.000000e+00
1.250000e+00 -2.250000e+00 0.000000e+00 -5.324112e-17 9.186366e-17 0.000000e+00
1.250000e+00 -2.000000e+00 0.000000e+00 -2.314220e-16 3.555503e-16 0.000000e+00
1.250000e+00 -1.750000e+00 0.000000e+00 -8.165657e-16 1.098106e-15 0.000000e+00
1.250000e+00 -1.500000e+00 0.000000e+00 -2.364416e-15 2.723608e-15 0.000000e+00
1.250000e+00 -1.250000e+00 0.000000e+00 -5.684937e-15 5.453334e-15 0.000000e+00
1.250000e+00 -1.000000e+00 0.000000e+00 -1.148149e-14 8.820019e-15 0.000000e+00
1.250000e+00 -7.500000e-01 0.000000e+00 -1.968416e-14 1.141067e-14 0.000000e+00
1.250000e+00 -5.000000e-01 0.000000e+00 -2.890563e-14 1.139138e-14 0.000000e+00
1.250000e+00 -2.500000e-01 0.000000e+00 -3.661078e-14 7.724899e-15 0.000000e+00
1.250000e+00 0.000000e+00 0.000000e+00 -4.017342e-14 1.177900e-15 0.000000e+00
1.250000e+00 2.500000e-01 0.000000e+00 -3.825775e-14 -5.836065e-15 0.000000e+00
1.250000e+00 5.000000e-01 0.000000e+00 -3.158238e-14 -1.062164e-14 0.000000e+00
1.250000e+00 7.500000e-01 0.000000e+00 -2.251084e-14 -1.178284e-14 0.000000e+00
1.250000e+00 1.000000e+00 0.000000e+00 -1.376328e-14 -9.837400e-15 0.000000e+00
1.250000e+00 1.250000e+00 0.000000e+00 -7.155590e-15 -6.514949e-15 0.000000e+00
1.250000e+00 1.500000e+00 0.000000e+00 -3.130466e-15 -3.475110e-15 0.000000e+00
1.250000e+00 1.750000e+00 0.000000e+00 -1.138957e-15 -1.495089e-15 0.000000e+00
1.250000e+00 2.000000e+00 0.000000e+00 -3.403570e-16 -5.163500e-16 0.000000e+00
1.250000e+00 2.250000e+00 0.000000e+00 -8.252597e-17 -1.421311e-16 0.000000e+00
1.250000e+00 2.500000e+00 0.000000e+00 -1.607828e-17 -3.099352e-17 0.000000e+00
1.500000e+00 -2.500000e+00 0.000000e+00 -4.443721e-18 7.089518e-18 0.000000e+00
1.500000e+00 -2.250000e+00 0.000000e+00 -2.449672e-17 3.526011e-17 0.000000e+00
1.500000e+00 -2.000000e+00 0.000000e+00 -1.094699e-16 1.402514e-16 0.000000e+00
1.500000e+00 -1.750000e+00 0.000000e+00 -3.977129e-16 4.458801e-16 0.000000e+00
1.500000e+00 -1.500000e+00 0.000000e+00 -1.185033e-15 1.137807e-15 0.000000e+00
1.500000e+00 -1.250000e+00 0.000000e+00 -2.926456e-15 2.339720e-15 0.000000e+00
1.500000e+00 -1.000000e+00 0.000000e+00 -6.053046e-15 3.875644e-15 0.000000e+00
1.500000e+00 -7.500000e-01 0.000000e+00 -1.058799e-14 5.116291e-15 0.000000e+00
1.500000e+00 -5.000000e-01 0.000000e+00 -1.579107e-14 5.188324e-15 0.000000e+00
1.500000e+00 -2.500000e-01 0.000000e+00 -2.020649e-14 3.555999e-15 0.000000e+00
1.500000e+00 0.000000e+00 0.000000e+00 -2.227402e-14 5.485847e-16 0.000000e+00
1.500000e+00 2.500000e-01 0.000000e+00 -2.118414e-14 -2.684218e-15 0.000000e+00
1.500000e+00 5.000000e-01 0.000000e+00 -1.736568e-14 -4.850656e-15 0.000000e+00
1.500000e+00 7.500000e-01 0.000000e+00 -1.222683e-14 -5.310290e-15 0.000000e+00
1.500000e+00 1.000000e+00 0.000000e+00 -7.350736e-15 -4.354249e-15 0.000000e+00
1.500000e+00 1.250000e+00 0.000000e+00 -3.743696e-15 -2.821232e-15 0.000000e+00
1.500000e+00 1.500000e+00 0.000000e+00 -1.599736e-15 -1.468035e-15 0.000000e+00
1.500000e+00 1.750000e+00 0.000000e+00 -5.673800e-16 -6.149521e-16 0.000000e+00
1.500000e+00 2.000000e+00 0.000000e+00 -1.651393e-16 -2.066223e-16 0.000000e+00
1.500000e+00 2.250000e+00 0.000000e+00 -3.903044e-17 -5.538177e-17 0.000000e+00
1.500000e+00 2.500000e+00 0.000000e+00 -7.442346e-18 -1.180896e-17 0.000000e+00
1.750000e+00 -2.500000e+00 0.000000e+00 -1.601840e-18 2.198325e-18 0.000000e+00
1.750000e+00 -2.250000e+00 0.000000e+00 -8.970675e-18 1.110069e-17 0.000000e+00
1.750000e+00 -2.000000e+00 0.000000e+00 -4.115624e-17 4.530916e-17 0.000000e+00
1.750000e+00 -1.750000e+00 0.000000e+00 -1.540761e-16 1.483731e-16 0.000000e+00
1.750000e+00 -1.500000e+00 0.000000e+00 -4.731198e-16 3.900910e-16 0.000000e+00
1.750000e+00 -1.250000e+00 0.000000e+00 -1.201859e-15 8.250383e-16 0.000000e+00
1.750000e+00 -1.000000e+00 0.000000e+00 -2.549097e-15 1.401360e-15 0.000000e+00
1.750000e+00 -7.500000e-01 0.000000e+00 -4.553254e-15 1.889237e-15 0.000000e+00
1.750000e+00 -5.000000e-01 0.000000e+00 -6.900142e-15 1.946851e-15 0.000000e+00
1.750000e+00 -2.500000e-01 0.000000e+00 -8.921699e-15 1.348371e-15 0.000000e+00
1.750000e+00 0.000000e+00 0.000000e+00 -9.877945e-15 2.093117e-16 0.000000e+00
1.750000e+00 2.500000e-01 0.000000e+00 -9.378518e-15 -1.018860e-15 0.000000e+00
1.750000e+00 5.000000e-01 0.000000e+00 -7.629189e-15 -1.826126e-15 0.000000e+00
1.750000e+00 7.500000e-01 0.000000e+00 -5.300868e-15 -1.971072e-15 0.000000e+00
1.750000e+00 1.000000e+00 0.000000e+00 -3.129420e-15 -1.585413e-15 0.000000e+00
1.750000e+00 1.250000e+00 0.000000e+00 -1.558590e-15 -1.003450e-15 0.000000e+00
1.750000e+00 1.500000e+00 0.000000e+00 -6.492123e-16 -5.084505e-16 0.000000e+00
1.750000e+00 1.750000e+00 0.000000e+00 -2.239905e-16 -2.069953e-16 0.000000e+00
1.750000e+00 2.000000e+00 0.000000e+00 -6.339271e-17 -6.757353e-17 0.000000e+00
1.750000e+00 2.250000e+00 0.000000e+00 -1.460363e-17 -1.764223e-17 0.000000e+00
1.750000e+00 2.500000e+00 0.000000e+00 -2.735619e-18 -3.693997e-18 0.000000e+00
2.000000e+00 -2.500000e+00 0.000000e+00 -4.703391e-19 5.673509e-19 0.000000e+00
2.000000e+00 -2.250000e+00 0.000000e+00 -2.635803e-18 2.865242e-18 0.000000e+00
2.000000e+00 -2.000000e+00 0.000000e+00 -1.232523e-17 1.191347e-17 0.000000e+00
2.000000e+00 -1.750000e+00 0.000000e+00 -4.741033e-17 4.006672e-17 0.000000e+00
2.000000e+00 -1.500000e+00 0.000000e+00 -1.499116e-16 1.084348e-16 0.000000e+00
2.000000e+00 -1.250000e+00 0.000000e+00 -3.917302e-16 2.358609e-16 0.000000e+00
2.000000e+00 -1.000000e+00 0.000000e+00 -8.521378e-16 4.108543e-16 0.000000e+00
2.000000e+00 -7.500000e-01 0.000000e+00 -1.554565e-15 5.657033e-16 0.000000e+00
2.000000e+00 -5.000000e-01 0.000000e+00 -2.393827e-15 5.923440e-16 0.000000e+00
2.000000e+00 -2.500000e-01 0.000000e+00 -3.127096e-15 4.143867e-16 0.000000e+00
2.000000e+00 0.000000e+00 0.000000e+00 -3.476695e-15 6.438610e-17 0.000000e+00
2.000000e+00 2.500000e-01 0.000000e+00 -3.294082e-15 -3.139863e-16 0.000000e+00
2.000000e+00 5.000000e-01 0.000000e+00 -2.657844e-15 -5.576591e-16 0.000000e+00
2.000000e+00 7.500000e-01 0.000000e+00 -1.821224e-15 -5.931224e-16 0.000000e+00
2.000000e+00 1.000000e+00 0.000000e+00 -1.054935e-15 -4.676883e-16 0.000000e+00
2.000000e+00 1.250000e+00 0.000000e+00 -5.133200e-16 -2.889613e-16 0.000000e+00
2.000000e+00 1.500000e+00 0.000000e+00 -2.082479e-16 -1.424957e-16 0.000000e+00
2.000000e+00 1.750000e+00 0.000000e+00 -6.987338e-17 -5.638122e-17 0.000000e+00
2.000000e+00 2.000000e+00 0.000000e+00 -1.925336e-17 -1.791209e-17 0.000000e+00
2.000000e+00 2.250000e+00 0.000000e+00 -4.344040e-18 -4.579143e-18 0.000000e+00
2.000000e+00 2.500000e+00 0.000000e+00 -8.088376e-19 -9.529586e-19 0.000000e+00
2.250000e+00 -2.500000e+00 0.000000e+00 -1.157116e-19 1.246603e-19 0.000000e+00
2.250000e+00 -2.250000e+00 0.000000e+00 -6.315854e-19 6.129312e-19 0.000000e+00
2.250000e+00 -2.000000e+00 0.000000e+00 -2.959496e-18 2.552719e-18 0.000000e+00
2.250000e+00 -1.750000e+00 0.000000e+00 -1.158815e-17 8.734971e-18 0.000000e+00
2.250000e+00 -1.500000e+00 0.000000e+00 -3.754722e-17 2.421370e-17 0.000000e+00
2.250000e+00 -1.250000e+00 0.000000e+00 -1.006674e-16 5.402173e-17 0.000000e+00
2.250000e+00 -1.000000e+00 0.000000e+00 -2.242787e-16 9.635863e-17 0.000000e+00
2.250000e+00 -7.500000e-01 0.000000e+00 -4.175199e-16 1.353714e-16 0.000000e+00
2.250000e+00 -5.000000e-01 0.000000e+00 -6.529094e-16 1.439212e-16 0.000000e+00
2.250000e+00 -2.500000e-01 0.000000e+00 -8.613280e-16 1.016164e-16 0.000000e+00
2.250000e+00 0.000000e+00 0.000000e+00 -9.612806e-16 1.571784e-17 0.000000e+00
2.250000e+00 2.500000e-01 0.000000e+00 -9.086571e-16 -7.733278e-17 0.000000e+00
2.250000e+00 5.000000e-01 0.000000e+00 -7.270386e-16 -1.360163e-16 0.000000e+00
2.250000e+00 7.500000e-01 0.000000e+00 -4.912543e-16 -1.425442e-16 0.000000e+00
2.250000e+00 1.000000e+00 0.000000e+00 -2.792151e-16 -1.102165e-16 0.000000e+00
2.250000e+00 1.250000e+00 0.000000e+00 -1.327978e-16 -6.652294e-17 0.000000e+00
2.250000e+00 1.500000e+00 0.000000e+00 -5.254097e-17 -3.197819e-17 0.000000e+00
2.250000e+00 1.750000e+00 0.000000e+00 -1.719914e-17 -1.234065e-17 0.000000e+00
2.250000e+00 2.000000e+00 0.000000e+00 -4.646176e-18 -3.843144e-18 0.000000e+00
2.250000e+00 2.250000e+00 0.000000e+00 -1.040857e-18 -9.754852e-19 0.000000e+00
2.250000e+00 2.500000e+00 0.000000e+00 -1.972749e-19 -2.066401e-19 0.000000e+00
2.500000e+00 -2.500000e+00 0.000000e+00 -2.493359e-20 2.428468e-20 0.000000e+00
2.500000e+00 -2.250000e+00 0.000000e+00 -1.276799e-19 1.119745e-19 0.000000e+00
2.500000e+00 -2.000000e+00 0.000000e+00 -5.817985e-19 4.534264e-19 0.000000e+00
2.500000e+00 -1.750000e+00 0.000000e+00 -2.272618e-18 1.547395e-18 0.000000e+00
2.500000e+00 -1.500000e+00 0.000000e+00 -7.452054e-18 4.339207e-18 0.000000e+00
2.500000e+00 -1.250000e+00 0.000000e+00 -2.034564e-17 9.854108e-18 0.000000e+00
2.500000e+00 -1.000000e+00 0.000000e+00 -4.621128e-17 1.791246e-17 0.000000e+00
2.500000e+00 -7.500000e-01 0.000000e+00 -8.753452e-17 2.559695e-17 0.000000e+00
2.500000e+00 -5.000000e-01 0.000000e+00 -1.387588e-16 2.757429e-17 0.000000e+00
2.500000e+00 -2.500000e-01 0.000000e+00 -1.846562e-16 1.961885e-17 0.000000e+00
2.500000e+00 0.000000e+00 0.000000e+00 -2.067535e-16 3.002270e-18 0.000000e+00
2.500000e+00 2.500000e-01 0.000000e+00 -1.949553e-16 -1.501921e-17 0.000000e+00
2.500000e+00 5.000000e-01 0.000000e+00 -1.547434e-16 -2.615746e-17 0.000000e+00
2.500000e+00 7.500000e-01 0.000000e+00 -1.032039e-16 -2.703849e-17 0.000000e+00
2.500000e+00 1.000000e+00 0.000000e+00 -5.766380e-17 -2.054276e-17 0.000000e+00
2.500000e+00 1.250000e+00 0.000000e+00 -2.689538e-17 -1.215548e-17 0.000000e+00
2.500000e+00 1.500000e+00 0.000000e+00 -1.043796e-17 -5.730646e-18 0.000000e+00
2.500000e+00 1.750000e+00 0.000000e+00 -3.367284e-18 -2.179208e-18 0.000000e+00
2.500000e+00 2.000000e+00 0.000000e+00 -9.071533e-19 -6.767280e-19 0.000000e+00
2.500000e+00 2.250000e+00 0.000000e+00 -2.072924e-19 -1.751724e-19 0.000000e+00
2.500000e+00 2.500000e+00 0.000000e+00 -4.147778e-20 -3.916663e-20 0.000000e+00
