-5.000000e+00 0.000000e+00 0.000000e+00 3.297797e-26 -7.658769e-28 9.020212e-27
-4.900000e+00 0.000000e+00 0.000000e+00 9.488528e-26 -2.186400e-27 2.804079e-26
-4.800000e+00 0.000000e+00 0.000000e+00 2.536355e-25 -5.748520e-27 8.196274e-26
-4.700000e+00 0.000000e+00 0.000000e+00 6.259207e-25 -1.376574e-26 2.243677e-25
-4.600000e+00 0.000000e+00 0.000000e+00 1.414406e-24 -2.951221e-26 5.726218e-25
-4.500000e+00 0.000000e+00 0.000000e+00 2.895080e-24 -5.500057e-26 1.355666e-24
-4.400000e+00 0.000000e+00 0.000000e+00 5.291197e-24 -8.391879e-26 2.961391e-24
-4.300000e+00 0.000000e+00 0.000000e+00 8.482852e-24 -8.834036e-26 5.940715e-24
-4.200000e+00 0.000000e+00 0.000000e+00 1.175442e-23 -8.009447e-27 1.093019e-23
-4.100000e+00 0.000000e+00 0.000000e+00 1.446451e-23 2.237145e-25 1.863235e-23
-4.000000e+00 0.000000e+00 0.000000e+00 1.940942e-23 5.579203e-25 3.061877e-23
-3.900000e+00 0.000000e+00 0.000000e+00 4.030756e-23 6.082178e-25 5.309739e-23
-3.800000e+00 0.000000e+00 0.000000e+00 1.117922e-22 -4.187673e-25 1.080069e-22
-3.700000e+00 0.000000e+00 0.000000e+00 3.057290e-22 -3.242670e-24 2.596569e-22
-3.600000e+00 0.000000e+00 0.000000e+00 8.445294e-22 -9.956566e-24 6.795351e-22
-3.500000e+00 0.000000e+00 0.000000e+00 2.837567e-21 -4.741503e-23 1.842440e-21
-3.400000e+00 0.000000e+00 0.000000e+00 1.168348e-20 -2.989934e-22 5.234812e-21
-3.300000e+00 0.000000e+00 0.000000e+00 4.939318e-20 -1.626747e-21 1.590442e-20
-3.200000e+00 0.000000e+00 0.000000e+00 1.918822e-19 -7.245069e-21 5.079086e-20
-3.100000e+00 0.000000e+00 0.000000e+00 6.666960e-19 -2.730671e-20 1.629223e-19
-3.000000e+00 0.000000e+00 0.000000e+00 2.079359e-18 -8.994481e-20 5.041047e-19
-2.900000e+00 0.000000e+00 0.000000e+00 5.882489e-18 -2.649881e-19 1.470976e-18
-2.800000e+00 0.000000e+00 0.000000e+00 1.525051e-17 -7.096821e-19 4.013129e-18
-2.700000e+00 0.000000e+00 0.000000e+00 3.655003e-17 -1.747996e-18 1.022499e-17
-2.600000e+00 0.000000e+00 0.000000e+00 8.155753e-17 -3.993650e-18 2.438379e-17
-2.500000e+00 0.000000e+00 0.000000e+00 1.704258e-16 -8.518306e-18 5.461203e-17
-2.400000e+00 0.000000e+00 0.000000e+00 3.351033e-16 -1.704681e-17 1.153026e-16
-2.300000e+00 0.000000e+00 0.000000e+00 6.224857e-16 -3.213010e-17 2.303165e-16
-2.200000e+00 0.000000e+00 0.000000e+00 1.096124e-15 -5.720818e-17 4.367302e-16
-2.100000e+00 0.000000e+00 0.000000e+00 1.835005e-15 -9.644236e-17 7.885997e-16
-2.000000e+00 0.000000e+00 0.000000e+00 2.927978e-15 -1.541880e-16 1.359881e-15
-1.900000e+00 0.000000e+00 0.000000e+00 4.463022e-15 -2.340179e-16 2.245428e-15
-1.800000e+00 0.000000e+00 0.000000e+00 6.511640e-15 -3.373020e-16 3.559001e-15
-1.700000e+00 0.000000e+00 0.000000e+00 9.110388e-15 -4.615124e-16 5.427517e-15
-1.600000e+00 0.000000e+00 0.000000e+00 1.224277e-14 -5.986056e-16 7.981453e-15
-1.500000e+00 0.000000e+00 0.000000e+00 1.582586e-14 -7.339948e-16 1.134208e-14
-1.400000e+00 0.000000e+00 0.000000e+00 1.970567e-14 -8.466890e-16 1.560707e-14
-1.300000e+00 0.000000e+00 0.000000e+00 2.366399e-14 -9.110635e-16 2.083634e-14
-1.200000e+00 0.000000e+00 0.000000e+00 2.743683e-14 -9.004222e-16 2.704034e-14
-1.100000e+00 0.000000e+00 0.000000e+00 3.074200e-14 -7.920513e-16 3.417218e-14
-1.000000e+00 0.000000e+00 0.000000e+00 3.331069e-14 -5.729147e-16 4.212434e-14
-9.000000e-01 0.000000e+00 0.000000e+00 3.491728e-14 -2.446900e-16 5.072977e-14
-8.000000e-01 0.000000e+00 0.000000e+00 3.540175e-14 1.732434e-16 5.976678e-14
-7.000000e-01 0.000000e+00 0.000000e+00 3.468101e-14 6.443005e-16 6.896668e-14
-6.000000e-01 0.000000e+00 0.000000e+00 3.274980e-14 1.119157e-15 7.802336e-14
-5.000000e-01 0.000000e+00 0.000000e+00 2.967111e-14 1.543486e-15 8.660624e-14
-4.000000e-01 0.000000e+00 0.000000e+00 2.556195e-14 1.868152e-15 9.437523e-14
-3.000000e-01 0.000000e+00 0.000000e+00 2.057761e-14 2.059253e-15 1.009992e-13
-2.000000e-01 0.000000e+00 0.000000e+00 1.489805e-14 2.105650e-15 1.061771e-13
-1.000000e-01 0.000000e+00 0.000000e+00 8.718099e-15 2.021931e-15 1.096603e-13
-1.026956e-15 0.000000e+00 0.000000e+00 2.241703e-15 1.845796e-15 1.112735e-13
1.000000e-01 0.000000e+00 0.000000e+00 -4.320964e-15 1.630223e-15 1.109307e-13
2.000000e-01 0.000000e+00 0.000000e+00 -1.075506e-14 1.432145e-15 1.086444e-13
3.000000e-01 0.000000e+00 0.000000e+00 -1.684316e-14 1.300328e-15 1.045249e-13
4.000000e-01 0.000000e+00 0.000000e+00 -2.236939e-14 1.265344e-15 9.877052e-14
5.000000e-01 0.000000e+00 0.000000e+00 -2.712675e-14 1.333966e-15 9.165058e-14
6.000000e-01 0.000000e+00 0.000000e+00 -3.092819e-14 1.489144e-15 8.348375e-14
7.000000e-01 0.000000e+00 0.000000e+00 -3.362109e-14 1.695209e-15 7.461488e-14
8.000000e-01 0.000000e+00 0.000000e+00 -3.510375e-14 1.906758e-15 6.539289e-14
9.000000e-01 0.000000e+00 0.000000e+00 -3.534096e-14 2.078800e-15 5.615133e-14
1.000000e+00 0.000000e+00 0.000000e+00 -3.437541e-14 2.175905e-15 4.719258e-14
1.100000e+00 0.000000e+00 0.000000e+00 -3.233116e-14 2.177831e-15 3.877447e-14
1.200000e+00 0.000000e+00 0.000000e+00 -2.940627e-14 2.081799e-15 3.110099e-14
1.300000e+00 0.000000e+00 0.000000e+00 -2.585466e-14 1.900568e-15 2.431582e-14
1.400000e+00 0.000000e+00 0.000000e+00 -2.195902e-14 1.657816e-15 1.849956e-14
1.500000e+00 0.000000e+00 0.000000e+00 -1.799943e-14 1.382250e-15 1.367146e-14
1.600000e+00 0.000000e+00 0.000000e+00 -1.422317e-14 1.101929e-15 9.795594e-15
1.700000e+00 0.000000e+00 0.000000e+00 -1.082134e-14 8.399466e-16 6.791289e-15
1.800000e+00 0.000000e+00 0.000000e+00 -7.916042e-15 6.120308e-16 4.546578e-15
1.900000e+00 0.000000e+00 0.000000e+00 -5.559160e-15 4.260710e-16 2.932875e-15
2.000000e+00 0.000000e+00 0.000000e+00 -3.741509e-15 2.831426e-16 1.818850e-15
2.100000e+00 0.000000e+00 0.000000e+00 -2.408813e-15 1.794029e-16 1.081824e-15
2.200000e+00 0.000000e+00 0.000000e+00 -1.480359e-15 1.082146e-16 6.155510e-16
2.300000e+00 0.000000e+00 0.000000e+00 -8.663846e-16 6.202081e-17 3.341391e-16
2.400000e+00 0.000000e+00 0.000000e+00 -4.815780e-16 3.369398e-17 1.725265e-16
2.500000e+00 0.000000e+00 0.000000e+00 -2.534487e-16 1.730076e-17 8.445938e-17
2.600000e+00 0.000000e+00 0.000000e+00 -1.258380e-16 8.366040e-18 3.906524e-17
2.700000e+00 0.000000e+00 0.000000e+00 -5.869122e-17 3.793015e-18 1.700931e-17
2.800000e+00 0.000000e+00 0.000000e+00 -2.558229e-17 1.603329e-18 6.946276e-18
2.900000e+00 0.000000e+00 0.000000e+00 -1.035595e-17 6.273371e-19 2.652561e-18
3.000000e+00 0.000000e+00 0.000000e+00 -3.863616e-18 2.250579e-19 9.461338e-19
3.100000e+00 0.000000e+00 0.000000e+00 -1.316211e-18 7.308651e-20 3.163905e-19
3.200000e+00 0.000000e+00 0.000000e+00 -4.052011e-19 2.111110e-20 1.005637e-19
3.300000e+00 0.000000e+00 0.000000e+00 -1.117630e-19 5.296819e-21 3.131058e-20
3.400000e+00 0.000000e+00 0.000000e+00 -2.775998e-20 1.123877e-21 9.992292e-21
3.500000e+00 0.000000e+00 0.000000e+00 -6.555284e-21 2.025592e-22 3.392293e-21
3.600000e+00 0.000000e+00 0.000000e+00 -1.709820e-21 3.782885e-23 1.223888e-21
3.700000e+00 0.000000e+00 0.000000e+00 -5.610812e-22 1.103781e-23 4.581573e-22
3.800000e+00 0.000000e+00 0.000000e+00 -2.074829e-22 3.710675e-24 1.798350e-22
3.900000e+00 0.000000e+00 0.000000e+00 -7.436239e-23 5.272802e-25 7.967380e-23
4.000000e+00 0.000000e+00 0.000000e+00 -2.882943e-23 -3.509711e-25 4.223686e-23
4.100000e+00 0.000000e+00 0.000000e+00 -1.694119e-23 -2.145410e-25 2.524649e-23
4.200000e+00 0.000000e+00 0.000000e+00 -1.358626e-23 5.921214e-26 1.524069e-23
4.300000e+00 0.000000e+00 0.000000e+00 -1.058553e-23 1.818673e-25 8.681536e-24
4.400000e+00 0.000000e+00 0.000000e+00 -7.180244e-24 1.744961e-25 4.553653e-24
4.500000e+00 0.000000e+00 0.000000e+00 -4.233583e-24 1.193506e-25 2.190625e-24
4.600000e+00 0.000000e+00 0.000000e+00 -2.207578e-24 6.701376e-26 9.696558e-25
4.700000e+00 0.000000e+00 0.000000e+00 -1.034744e-24 3.265511e-26 3.969510e-25
4.800000e+00 0.000000e+00 0.000000e+00 -4.415399e-25 1.421409e-26 1.510773e-25
4.900000e+00 0.000000e+00 0.000000e+00 -1.731768e-25 5.623409e-27 5.371406e-26
5.000000e+00 0.000000e+00 0.000000e+00 -6.288712e-26 2.045294e-27 1.791680e-26
