x y z ADDATime OurCalcTime
0.0000000000 0.0000000000 -0.2500000000 0.0100000000 171.1600000000
0.0000000000 0.0000000000 0.7500000000 0.0000000000 172.2000000000
0.0000000000 0.0000000000 1.7500000000 0.0000000000 171.3700000000
0.0000000000 0.0000000000 2.7500000000 0.0000000000 171.7400000000
0.0000000000 0.0000000000 3.7500000000 0.0100000000 169.9000000000
0.0000000000 0.0000000000 4.7500000000 0.0000000000 171.0500000000
0.0000000000 0.0000000000 5.7500000000 0.0100000000 170.3300000000
0.0000000000 0.0000000000 6.7500000000 0.0100000000 170.4700000000
0.0000000000 0.0000000000 7.7500000000 0.0100000000 170.4400000000
0.0000000000 0.0000000000 8.7500000000 0.0100000000 170.5500000000
0.0000000000 0.0000000000 9.7500000000 0.0000000000 171.8400000000
0.0000000000 0.0000000000 0.0000000000 0.0000000000 0.0000000000
