0.000000e+00 0.000000e+00 -1.000000e+00 7.206743e-32 1.211910e-30 3.924128e-13
0.000000e+00 0.000000e+00 -7.500000e-01 3.442764e-29 7.236159e-31 4.071876e-13
0.000000e+00 0.000000e+00 -5.000000e-01 4.488772e-30 -3.947530e-30 4.170356e-13
0.000000e+00 0.000000e+00 -2.500000e-01 -3.120200e-26 -6.414719e-27 4.223047e-13
0.000000e+00 0.000000e+00 0.000000e+00 -2.818330e-27 2.786009e-27 4.226222e-13
0.000000e+00 0.000000e+00 2.500000e-01 -3.649995e-29 4.608565e-28 4.174920e-13
0.000000e+00 0.000000e+00 5.000000e-01 -3.246822e-28 -3.106606e-28 4.064184e-13
0.000000e+00 0.000000e+00 7.500000e-01 1.926701e-31 -4.691737e-31 3.883651e-13
0.000000e+00 0.000000e+00 1.000000e+00 -2.078042e-29 -1.659257e-28 3.627433e-13
0.000000e+00 0.000000e+00 1.250000e+00 6.223486e-28 -5.627415e-28 3.315359e-13
0.000000e+00 0.000000e+00 1.500000e+00 -4.419646e-31 6.809637e-31 2.982989e-13
0.000000e+00 0.000000e+00 1.750000e+00 -5.515365e-32 2.978297e-31 2.658628e-13
0.000000e+00 0.000000e+00 2.000000e+00 -6.844568e-31 -3.853402e-30 2.358487e-13
0.000000e+00 0.000000e+00 2.250000e+00 -9.339351e-32 -1.617840e-32 2.089672e-13
0.000000e+00 0.000000e+00 2.500000e+00 7.647973e-32 -9.927657e-32 1.853364e-13
0.000000e+00 0.000000e+00 2.750000e+00 -3.113607e-30 -1.875224e-30 1.647700e-13
0.000000e+00 0.000000e+00 3.000000e+00 -3.828582e-32 -1.228088e-31 1.469512e-13
0.000000e+00 0.000000e+00 3.250000e+00 -2.964509e-33 8.236278e-32 1.315315e-13
0.000000e+00 0.000000e+00 3.500000e+00 3.987609e-29 1.581704e-28 1.181758e-13
0.000000e+00 0.000000e+00 3.750000e+00 -7.721798e-32 1.522241e-31 1.065827e-13
0.000000e+00 0.000000e+00 4.000000e+00 -3.088604e-32 1.044242e-31 9.648973e-14
0.000000e+00 0.000000e+00 4.250000e+00 1.470764e-33 -7.795049e-32 8.767278e-14
0.000000e+00 0.000000e+00 4.500000e+00 7.353820e-33 1.470764e-33 7.994223e-14
0.000000e+00 0.000000e+00 4.750000e+00 -1.767215e-32 2.573837e-32 7.313863e-14
0.000000e+00 0.000000e+00 5.000000e+00 -4.389311e-33 1.029535e-32 6.712816e-14
0.000000e+00 0.000000e+00 5.250000e+00 -5.733681e-32 1.617840e-32 6.179851e-14
0.000000e+00 0.000000e+00 5.500000e+00 -1.544302e-32 -1.801686e-32 5.705532e-14
0.000000e+00 0.000000e+00 5.750000e+00 1.875224e-31 -3.353342e-31 5.281913e-14
0.000000e+00 0.000000e+00 6.000000e+00 8.824584e-33 -9.081967e-32 4.902287e-14
0.000000e+00 0.000000e+00 6.250000e+00 -2.206146e-33 2.206146e-33 4.560971e-14
0.000000e+00 0.000000e+00 6.500000e+00 8.824584e-33 3.382757e-32 4.253138e-14
0.000000e+00 0.000000e+00 6.750000e+00 -7.721511e-33 2.684144e-32 3.974670e-14
0.000000e+00 0.000000e+00 7.000000e+00 -3.676910e-34 -2.389991e-32 3.722046e-14
0.000000e+00 0.000000e+00 7.250000e+00 2.918547e-33 2.573837e-33 3.492240e-14
0.000000e+00 0.000000e+00 7.500000e+00 0.000000e+00 -1.764917e-32 3.282647e-14
0.000000e+00 0.000000e+00 7.750000e+00 -3.713679e-32 -2.610606e-32 3.091013e-14
0.000000e+00 0.000000e+00 8.000000e+00 5.995661e-32 1.139842e-32 2.915383e-14
0.000000e+00 0.000000e+00 8.250000e+00 2.550856e-33 1.360457e-32 2.754056e-14
0.000000e+00 0.000000e+00 8.500000e+00 -4.435273e-33 -4.779983e-33 2.605546e-14
0.000000e+00 0.000000e+00 8.750000e+00 -4.389311e-33 7.353820e-33 2.468553e-14
0.000000e+00 0.000000e+00 9.000000e+00 -2.596818e-33 -7.721511e-33 2.341934e-14
0.000000e+00 0.000000e+00 9.250000e+00 -1.209593e-29 1.118516e-29 2.224682e-14
0.000000e+00 0.000000e+00 9.500000e+00 4.389311e-33 1.305303e-32 2.115908e-14
0.000000e+00 0.000000e+00 9.750000e+00 2.318751e-32 -1.446864e-31 2.014825e-14
