Iteration# z ADDATime OurCalcTime
1.0000000000 -0.0500000000 0.0000000000 41.2900000000
2.0000000000 0.0000000000 0.0000000000 41.7200000000
3.0000000000 0.0500000000 0.0000000000 41.8200000000
4.0000000000 0.1000000000 0.0000000000 41.9800000000
5.0000000000 0.1500000000 0.0000000000 42.0700000000
6.0000000000 0.1250000000 0.0100000000 41.7200000000
7.0000000000 0.1125000000 0.0000000000 41.9800000000
8.0000000000 0.1250000000 0.0000000000 42.4700000000
9.0000000000 0.1187500000 0.0000000000 41.5000000000
10.0000000000 0.1250000000 0.0000000000 41.2700000000
11.0000000000 0.1218750000 0.0000000000 41.4000000000
12.0000000000 0.1250000000 0.0000000000 41.0700000000
13.0000000000 0.1234375000 0.0000000000 41.2900000000
14.0000000000 0.1250000000 0.0100000000 41.9500000000
15.0000000000 0.1242187500 0.0100000000 42.0700000000
16.0000000000 0.1238281250 0.0000000000 41.2000000000
17.0000000000 0.1242187500 0.0000000000 40.8400000000
18.0000000000 0.1240234375 0.0000000000 41.2700000000
1.0000000000 0.1242187500 0.0000000000 41.6800000000
2.0000000000 0.1244140625 0.0000000000 41.1900000000
3.0000000000 0.1246093750 0.0000000000 40.8500000000
4.0000000000 0.1248046875 0.0000000000 41.6600000000
5.0000000000 0.1250000000 0.0000000000 40.9000000000
6.0000000000 0.1251953125 0.0000000000 41.2100000000
7.0000000000 0.1253906250 0.0100000000 41.0400000000
8.0000000000 0.1255859375 0.0000000000 41.3400000000
9.0000000000 0.1257812500 0.0100000000 41.0900000000
10.0000000000 0.1259765625 0.0000000000 41.5700000000
11.0000000000 0.1261718750 0.0000000000 41.1900000000
12.0000000000 0.1263671875 0.0000000000 41.5200000000
13.0000000000 0.1265625000 0.0000000000 41.0500000000
14.0000000000 0.1267578125 0.0000000000 40.9900000000
15.0000000000 0.1269531250 0.0000000000 41.0300000000
16.0000000000 0.1271484375 0.0000000000 41.8000000000
17.0000000000 0.1273437500 0.0000000000 41.5800000000
18.0000000000 0.1275390625 0.0000000000 41.5700000000
19.0000000000 0.1277343750 0.0000000000 41.4900000000
20.0000000000 0.1279296875 0.0000000000 41.6000000000
21.0000000000 0.1281250000 0.0000000000 42.3600000000
22.0000000000 0.1283203125 0.0000000000 41.7200000000
23.0000000000 0.1285156250 0.0000000000 41.8300000000
24.0000000000 0.1287109375 0.0100000000 41.6800000000
25.0000000000 0.1289062500 0.0000000000 41.5400000000
26.0000000000 0.1291015625 0.0000000000 40.8300000000
27.0000000000 0.1292968750 0.0000000000 40.8000000000
28.0000000000 0.1294921875 0.0000000000 41.1700000000
29.0000000000 0.1296875000 0.0000000000 41.3300000000
30.0000000000 0.1298828125 0.0000000000 41.0200000000
31.0000000000 0.1300781250 0.0000000000 41.9300000000
32.0000000000 0.1302734375 0.0000000000 41.5400000000
33.0000000000 0.1304687500 0.0000000000 41.5700000000
34.0000000000 0.1303710937 0.0000000000 41.1400000000
35.0000000000 0.1303222656 0.0000000000 41.4800000000
1.0000000000 0.1303710937 0.0100000000 41.3200000000
2.0000000000 0.1304199219 0.0100000000 41.0600000000
3.0000000000 0.1304687500 0.0000000000 41.2400000000
4.0000000000 0.1305175781 0.0000000000 41.2600000000
5.0000000000 0.1305664062 0.0100000000 40.9200000000
6.0000000000 0.1306152344 0.0000000000 40.9100000000
7.0000000000 0.1306640625 0.0000000000 41.0400000000
8.0000000000 0.1307128906 0.0000000000 41.7200000000
9.0000000000 0.1307617187 0.0000000000 40.8100000000
10.0000000000 0.1308105469 0.0000000000 42.0500000000
11.0000000000 0.1308593750 0.0000000000 41.6200000000
12.0000000000 0.1309082031 0.0100000000 40.9600000000
13.0000000000 0.1309570312 0.0000000000 41.6200000000
14.0000000000 0.1310058594 0.0000000000 41.1200000000
15.0000000000 0.1310546875 0.0000000000 40.9800000000
16.0000000000 0.1311035156 0.0000000000 41.2000000000
17.0000000000 0.1311523437 0.0000000000 41.3900000000
18.0000000000 0.1312011719 0.0000000000 41.6600000000
19.0000000000 0.1312500000 0.0000000000 40.8700000000
20.0000000000 0.1312988281 0.0000000000 41.1000000000
21.0000000000 0.1313476562 0.0000000000 41.5900000000
22.0000000000 0.1313964844 0.0000000000 41.4700000000
23.0000000000 0.1314453125 0.0000000000 41.3700000000
24.0000000000 0.1314941406 0.0000000000 41.0700000000
25.0000000000 0.1315429688 0.0000000000 41.2700000000
26.0000000000 0.1315917969 0.0000000000 41.4800000000
27.0000000000 0.1316406250 0.0000000000 41.2800000000
28.0000000000 0.1316894531 0.0000000000 41.1100000000
29.0000000000 0.1317382813 0.0100000000 41.5700000000
30.0000000000 0.1317871094 0.0000000000 41.6800000000
31.0000000000 0.1318359375 0.0000000000 41.3000000000
32.0000000000 0.1318847656 0.0000000000 40.9900000000
33.0000000000 0.1319335938 0.0000000000 41.1900000000
34.0000000000 0.1319824219 0.0000000000 41.4200000000
35.0000000000 0.1320312500 0.0000000000 41.5900000000
36.0000000000 0.1320800781 0.0000000000 41.5500000000
37.0000000000 0.1321289063 0.0000000000 41.6200000000
38.0000000000 0.1321777344 0.0000000000 41.2000000000
39.0000000000 0.1322265625 0.0100000000 41.2500000000
40.0000000000 0.1322753906 0.0100000000 40.4900000000
41.0000000000 0.1323242188 0.0000000000 41.5100000000
42.0000000000 0.1323730469 0.0100000000 41.3100000000
43.0000000000 0.1324218750 0.0000000000 40.8500000000
44.0000000000 0.1324707031 0.0000000000 40.9100000000
45.0000000000 0.1325195313 0.0100000000 42.5800000000
46.0000000000 0.1325683594 0.0000000000 40.9000000000
47.0000000000 0.1326171875 0.0000000000 41.2700000000
48.0000000000 0.1326660156 0.0000000000 41.3400000000
49.0000000000 0.1327148438 0.0000000000 41.0500000000
50.0000000000 0.1327636719 0.0000000000 40.4900000000
51.0000000000 0.1328125000 0.0000000000 40.8600000000
52.0000000000 0.1328613281 0.0000000000 40.9000000000
53.0000000000 0.1329101563 0.0000000000 41.3200000000
54.0000000000 0.1329589844 0.0000000000 40.4600000000
55.0000000000 0.1330078125 0.0000000000 41.1100000000
56.0000000000 0.1330566406 0.0100000000 41.5400000000
57.0000000000 0.1331054688 0.0000000000 40.7900000000
58.0000000000 0.1331542969 0.0000000000 41.1600000000
59.0000000000 0.1332031250 0.0100000000 40.9100000000
60.0000000000 0.1332519531 0.0100000000 41.1300000000
61.0000000000 0.1333007813 0.0000000000 40.8900000000
62.0000000000 0.1333496094 0.0000000000 40.6400000000
63.0000000000 0.1333984375 0.0000000000 41.0600000000
64.0000000000 0.1334472656 0.0000000000 41.2100000000
65.0000000000 0.1334960938 0.0000000000 41.7700000000
66.0000000000 0.1335449219 0.0100000000 41.2800000000
67.0000000000 0.1335937500 0.0000000000 41.5200000000
68.0000000000 0.1336425781 0.0000000000 41.4300000000
69.0000000000 0.1336914063 0.0100000000 41.4000000000
70.0000000000 0.1337402344 0.0000000000 41.3800000000
71.0000000000 0.1337890625 0.0000000000 41.2800000000
72.0000000000 0.1338378906 0.0000000000 41.5700000000
73.0000000000 0.1338867188 0.0100000000 41.8500000000
74.0000000000 0.1339355469 0.0100000000 41.5500000000
75.0000000000 0.1339843750 0.0000000000 41.5300000000
76.0000000000 0.1340332031 0.0100000000 41.0900000000
77.0000000000 0.1340820313 0.0000000000 41.1500000000
78.0000000000 0.1341308594 0.0000000000 41.0600000000
79.0000000000 0.1341796875 0.0000000000 41.9100000000
80.0000000000 0.1342285156 0.0000000000 41.1400000000
81.0000000000 0.1342773438 0.0000000000 41.4800000000
82.0000000000 0.1343261719 0.0000000000 41.1000000000
83.0000000000 0.1343750000 0.0000000000 41.5100000000
84.0000000000 0.1344238281 0.0000000000 41.3900000000
85.0000000000 0.1344726563 0.0000000000 40.9100000000
86.0000000000 0.1345214844 0.0000000000 41.5800000000
87.0000000000 0.1345703125 0.0000000000 41.4500000000
88.0000000000 0.1346191406 0.0000000000 41.1800000000
89.0000000000 0.1346679688 0.0000000000 41.0300000000
90.0000000000 0.1347167969 0.0000000000 41.5600000000
91.0000000000 0.1347656250 0.0000000000 41.5600000000
92.0000000000 0.1348144531 0.0100000000 41.3600000000
93.0000000000 0.1348632813 0.0100000000 41.2600000000
94.0000000000 0.1349121094 0.0000000000 41.1000000000
95.0000000000 0.1349609375 0.0000000000 41.5700000000
96.0000000000 0.1350097656 0.0000000000 41.4000000000
97.0000000000 0.1350585938 0.0000000000 40.9400000000
98.0000000000 0.1351074219 0.0000000000 41.2500000000
99.0000000000 0.1351562500 0.0000000000 41.6900000000
100.0000000000 0.1352050781 0.0000000000 41.1500000000
101.0000000000 0.1352539063 0.0100000000 40.8400000000
102.0000000000 0.1353027344 0.0000000000 41.5300000000
103.0000000000 0.1353515625 0.0100000000 40.9500000000
104.0000000000 0.1354003906 0.0000000000 40.8900000000
105.0000000000 0.1354492188 0.0000000000 41.4700000000
106.0000000000 0.1354980469 0.0000000000 41.6000000000
107.0000000000 0.1355468750 0.0000000000 41.1400000000
108.0000000000 0.1355957031 0.0000000000 41.4200000000
109.0000000000 0.1356445313 0.0000000000 41.6000000000
110.0000000000 0.1356933594 0.0100000000 41.7000000000
111.0000000000 0.1357421875 0.0000000000 41.2300000000
112.0000000000 0.1357910156 0.0000000000 41.2500000000
113.0000000000 0.1358398438 0.0100000000 41.6500000000
114.0000000000 0.1358886719 0.0000000000 41.6900000000
115.0000000000 0.1359375000 0.0000000000 40.7800000000
116.0000000000 0.1359863281 0.0000000000 41.4400000000
117.0000000000 0.1360351563 0.0000000000 41.2800000000
118.0000000000 0.1360839844 0.0100000000 41.2800000000
119.0000000000 0.1361328125 0.0000000000 41.2000000000
120.0000000000 0.1361816406 0.0000000000 41.2000000000
121.0000000000 0.1362304688 0.0000000000 41.1900000000
122.0000000000 0.1362792969 0.0000000000 41.3600000000
123.0000000000 0.1363281250 0.0000000000 41.0500000000
124.0000000000 0.1363769531 0.0000000000 41.0400000000
125.0000000000 0.1364257813 0.0000000000 41.3100000000
126.0000000000 0.1364746094 0.0000000000 42.6500000000
127.0000000000 0.1365234375 0.0000000000 40.9100000000
128.0000000000 0.1365722656 0.0000000000 41.1300000000
129.0000000000 0.1366210938 0.0100000000 41.5200000000
130.0000000000 0.1366699219 0.0000000000 41.2100000000
131.0000000000 0.1367187500 0.0000000000 41.2200000000
132.0000000000 0.1367675781 0.0100000000 41.1800000000
133.0000000000 0.1368164063 0.0000000000 41.2100000000
134.0000000000 0.1368652344 0.0000000000 41.1500000000
135.0000000000 0.1369140625 0.0100000000 41.2400000000
136.0000000000 0.1369628906 0.0000000000 41.3300000000
137.0000000000 0.1370117188 0.0100000000 41.4200000000
138.0000000000 0.1370605469 0.0000000000 41.4600000000
139.0000000000 0.1371093750 0.0000000000 40.7900000000
140.0000000000 0.1371582031 0.0000000000 41.4300000000
141.0000000000 0.1372070313 0.0000000000 41.1900000000
142.0000000000 0.1372558594 0.0100000000 41.3000000000
143.0000000000 0.1373046875 0.0000000000 41.6500000000
144.0000000000 0.1373535156 0.0000000000 41.2000000000
145.0000000000 0.1374023438 0.0000000000 40.7100000000
146.0000000000 0.1374511719 0.0000000000 41.1700000000
147.0000000000 0.1375000000 0.0000000000 40.7400000000
1.0000000000 0.1375488281 0.0000000000 40.7900000000
2.0000000000 0.1375976563 0.0000000000 41.0200000000
3.0000000000 0.1376464844 0.0100000000 41.3900000000
4.0000000000 0.1376953125 0.0000000000 41.4500000000
5.0000000000 0.1377441406 0.0100000000 41.0500000000
6.0000000000 0.1377929688 0.0000000000 41.0600000000
7.0000000000 0.1378417969 0.0100000000 41.0200000000
8.0000000000 0.1378906250 0.0100000000 40.4900000000
9.0000000000 0.1379394531 0.0000000000 40.8800000000
10.0000000000 0.1379882813 0.0000000000 41.2500000000
11.0000000000 0.1380371094 0.0000000000 41.1600000000
12.0000000000 0.1380859375 0.0000000000 41.2300000000
13.0000000000 0.1381347656 0.0100000000 41.1700000000
14.0000000000 0.1381835938 0.0000000000 41.4700000000
15.0000000000 0.1382324219 0.0000000000 41.1900000000
16.0000000000 0.1382812500 0.0000000000 41.3500000000
17.0000000000 0.1383300781 0.0000000000 41.7300000000
18.0000000000 0.1383789063 0.0000000000 41.0600000000
19.0000000000 0.1384277344 0.0000000000 41.2500000000
20.0000000000 0.1384765625 0.0000000000 41.0100000000
21.0000000000 0.1385253906 0.0000000000 41.3200000000
22.0000000000 0.1385742188 0.0000000000 40.6400000000
23.0000000000 0.1386230469 0.0000000000 41.2600000000
24.0000000000 0.1386718750 0.0000000000 41.0100000000
25.0000000000 0.1387207031 0.0000000000 41.6200000000
26.0000000000 0.1387695313 0.0100000000 41.4300000000
27.0000000000 0.1388183594 0.0000000000 41.0400000000
28.0000000000 0.1388671875 0.0000000000 41.1600000000
29.0000000000 0.1389160156 0.0000000000 40.8200000000
30.0000000000 0.1389648438 0.0000000000 40.9400000000
31.0000000000 0.1390136719 0.0000000000 40.9900000000
32.0000000000 0.1390625000 0.0000000000 40.8600000000
33.0000000000 0.1391113281 0.0000000000 40.9500000000
34.0000000000 0.1391601563 0.0000000000 41.2800000000
35.0000000000 0.1392089844 0.0100000000 40.8900000000
36.0000000000 0.1392578125 0.0000000000 40.8100000000
37.0000000000 0.1393066406 0.0000000000 41.1500000000
38.0000000000 0.1393554688 0.0000000000 41.0100000000
39.0000000000 0.1394042969 0.0100000000 40.7700000000
40.0000000000 0.1394531250 0.0000000000 41.4600000000
41.0000000000 0.1395019531 0.0100000000 41.6000000000
42.0000000000 0.1395507813 0.0000000000 41.3800000000
43.0000000000 0.1395996094 0.0000000000 40.8800000000
44.0000000000 0.1396484375 0.0100000000 41.5200000000
45.0000000000 0.1396972656 0.0000000000 41.3500000000
46.0000000000 0.1397460938 0.0000000000 41.3200000000
47.0000000000 0.1397949219 0.0000000000 40.9800000000
48.0000000000 0.1398437500 0.0100000000 41.1900000000
49.0000000000 0.1398925781 0.0000000000 41.1600000000
50.0000000000 0.1399414063 0.0000000000 41.4100000000
51.0000000000 0.1399902344 0.0000000000 41.5000000000
52.0000000000 0.1400390625 0.0000000000 41.2200000000
53.0000000000 0.1400878906 0.0000000000 41.1800000000
54.0000000000 0.1401367188 0.0000000000 41.4800000000
55.0000000000 0.1401855469 0.0000000000 41.1600000000
56.0000000000 0.1402343750 0.0100000000 41.2800000000
57.0000000000 0.1402832031 0.0000000000 41.0800000000
58.0000000000 0.1403320313 0.0000000000 41.7800000000
59.0000000000 0.1403808594 0.0000000000 41.9400000000
60.0000000000 0.1404296875 0.0000000000 41.6400000000
61.0000000000 0.1404785156 0.0000000000 41.7200000000
62.0000000000 0.1405273438 0.0000000000 41.2200000000
63.0000000000 0.1405761719 0.0000000000 41.0400000000
64.0000000000 0.1406250000 0.0000000000 41.3600000000
65.0000000000 0.1406738281 0.0100000000 41.4500000000
66.0000000000 0.1407226563 0.0000000000 41.5500000000
67.0000000000 0.1407714844 0.0000000000 41.3800000000
68.0000000000 0.1408203125 0.0000000000 41.2400000000
69.0000000000 0.1408691406 0.0000000000 41.8700000000
70.0000000000 0.1409179688 0.0000000000 41.1400000000
71.0000000000 0.1409667969 0.0100000000 41.3700000000
72.0000000000 0.1410156250 0.0000000000 41.4400000000
73.0000000000 0.1410644531 0.0000000000 41.4600000000
74.0000000000 0.1411132813 0.0000000000 41.5000000000
75.0000000000 0.1411621094 0.0000000000 41.3000000000
76.0000000000 0.1412109375 0.0000000000 40.9600000000
77.0000000000 0.1412597656 0.0100000000 41.0600000000
78.0000000000 0.1413085938 0.0100000000 41.1300000000
79.0000000000 0.1413574219 0.0000000000 41.0900000000
80.0000000000 0.1414062500 0.0000000000 41.0500000000
81.0000000000 0.1414550781 0.0000000000 41.3600000000
82.0000000000 0.1415039063 0.0000000000 41.5500000000
83.0000000000 0.1415527344 0.0000000000 41.4100000000
84.0000000000 0.1416015625 0.0000000000 41.3400000000
85.0000000000 0.1416503906 0.0000000000 41.2700000000
86.0000000000 0.1416992188 0.0000000000 41.4900000000
87.0000000000 0.1417480469 0.0000000000 41.3600000000
88.0000000000 0.1417968750 0.0000000000 41.0500000000
89.0000000000 0.1418457031 0.0100000000 41.3900000000
90.0000000000 0.1418945313 0.0000000000 41.3200000000
91.0000000000 0.1419433594 0.0000000000 41.2700000000
92.0000000000 0.1419921875 0.0100000000 41.1300000000
93.0000000000 0.1420410156 0.0000000000 41.5000000000
94.0000000000 0.1420898438 0.0100000000 41.5500000000
95.0000000000 0.1421386719 0.0000000000 41.5400000000
96.0000000000 0.1421875000 0.0000000000 41.5900000000
97.0000000000 0.1422363281 0.0000000000 41.1600000000
98.0000000000 0.1422851563 0.0000000000 41.5700000000
99.0000000000 0.1423339844 0.0000000000 41.3600000000
100.0000000000 0.1423828125 0.0100000000 41.3600000000
101.0000000000 0.1424316406 0.0000000000 41.6700000000
102.0000000000 0.1424804688 0.0000000000 41.0400000000
103.0000000000 0.1425292969 0.0000000000 41.4000000000
104.0000000000 0.1425781250 0.0000000000 41.2000000000
105.0000000000 0.1426269531 0.0100000000 41.4000000000
106.0000000000 0.1426757813 0.0000000000 41.1200000000
107.0000000000 0.1427246094 0.0100000000 41.2300000000
108.0000000000 0.1427734375 0.0000000000 40.6700000000
109.0000000000 0.1428222656 0.0000000000 40.7800000000
110.0000000000 0.1428710938 0.0000000000 41.1900000000
111.0000000000 0.1429199219 0.0100000000 41.4500000000
112.0000000000 0.1429687500 0.0000000000 41.0800000000
113.0000000000 0.1430175781 0.0000000000 41.0000000000
114.0000000000 0.1430664063 0.0100000000 41.1600000000
115.0000000000 0.1431152344 0.0000000000 41.1800000000
116.0000000000 0.1431640625 0.0000000000 40.9700000000
117.0000000000 0.1432128906 0.0000000000 40.7600000000
118.0000000000 0.1432617188 0.0000000000 41.4600000000
119.0000000000 0.1433105469 0.0100000000 41.2300000000
120.0000000000 0.1433593750 0.0000000000 41.7300000000
121.0000000000 0.1434082031 0.0000000000 41.3900000000
122.0000000000 0.1434570313 0.0000000000 40.9500000000
123.0000000000 0.1435058594 0.0000000000 41.6200000000
124.0000000000 0.1435546875 0.0000000000 41.0100000000
125.0000000000 0.1436035156 0.0100000000 40.7600000000
126.0000000000 0.1436523438 0.0100000000 40.8400000000
127.0000000000 0.1437011719 0.0100000000 41.2800000000
128.0000000000 0.1437500000 0.0000000000 41.4800000000
129.0000000000 0.1437988281 0.0000000000 40.4600000000
130.0000000000 0.1438476563 0.0000000000 40.7600000000
131.0000000000 0.1438964844 0.0100000000 41.4700000000
132.0000000000 0.1439453125 0.0000000000 41.3000000000
133.0000000000 0.1439941406 0.0100000000 41.2400000000
134.0000000000 0.1440429688 0.0000000000 41.6100000000
135.0000000000 0.1440917969 0.0000000000 41.2600000000
136.0000000000 0.1441406250 0.0000000000 40.9900000000
137.0000000000 0.1441894531 0.0000000000 41.5000000000
138.0000000000 0.1442382813 0.0100000000 41.3400000000
139.0000000000 0.1442871094 0.0100000000 41.0600000000
140.0000000000 0.1443359375 0.0000000000 41.1700000000
141.0000000000 0.1443847656 0.0000000000 41.0200000000
142.0000000000 0.1444335938 0.0000000000 41.2400000000
143.0000000000 0.1444824219 0.0000000000 41.4300000000
144.0000000000 0.1445312500 0.0000000000 41.3900000000
145.0000000000 0.1445800781 0.0000000000 41.9100000000
146.0000000000 0.1446289063 0.0000000000 41.2900000000
147.0000000000 0.1446777344 0.0000000000 41.0100000000
148.0000000000 0.1447265625 0.0000000000 40.8800000000
149.0000000000 0.1447753906 0.0100000000 40.8700000000
150.0000000000 0.1448242188 0.0000000000 41.0400000000
151.0000000000 0.1448730469 0.0000000000 40.9300000000
152.0000000000 0.1449218750 0.0000000000 40.8000000000
153.0000000000 0.1449707031 0.0000000000 41.0400000000
154.0000000000 0.1450195313 0.0100000000 41.1200000000
155.0000000000 0.1450683594 0.0000000000 41.0300000000
156.0000000000 0.1451171875 0.0000000000 40.7400000000
157.0000000000 0.1451660156 0.0000000000 40.8500000000
158.0000000000 0.1452148438 0.0000000000 40.8900000000
159.0000000000 0.1452636719 0.0000000000 41.2200000000
160.0000000000 0.1453125000 0.0100000000 40.6900000000
161.0000000000 0.1453613281 0.0000000000 40.8000000000
162.0000000000 0.1454101563 0.0000000000 41.1800000000
163.0000000000 0.1454589844 0.0000000000 41.1100000000
164.0000000000 0.1455078125 0.0100000000 41.2500000000
165.0000000000 0.1455566406 0.0000000000 40.5500000000
166.0000000000 0.1456054688 0.0000000000 41.0800000000
167.0000000000 0.1456542969 0.0000000000 40.4100000000
168.0000000000 0.1457031250 0.0000000000 40.8400000000
169.0000000000 0.1457519531 0.0000000000 41.5500000000
170.0000000000 0.1458007813 0.0000000000 41.1500000000
171.0000000000 0.1458496094 0.0000000000 41.0800000000
172.0000000000 0.1458984375 0.0000000000 41.3200000000
