-3.791490e-19 -1.831501e-18 -6.625119e-18 -1.841930e-17 -4.038094e-17 -7.139924e-17 -1.033347e-16 -1.223434e-16 -1.148705e-16 -7.576182e-17 -1.318701e-17 5.374159e-17 1.037258e-16 1.235063e-16 1.133093e-16 8.440088e-17 5.149310e-17 2.544379e-17 9.962739e-18 3.012599e-18 6.857772e-19
-1.822471e-18 -7.835948e-18 -2.535381e-17 -6.368971e-17 -1.279672e-16 -2.108918e-16 -2.897287e-16 -3.313680e-16 -3.049824e-16 -1.993183e-16 -3.464177e-17 1.412078e-16 2.742423e-16 3.312389e-16 3.123639e-16 2.433909e-16 1.584267e-16 8.511379e-17 3.682730e-17 1.245496e-17 3.193028e-18
-6.688142e-18 -2.573650e-17 -7.519037e-17 -1.731115e-16 -3.247916e-16 -5.099787e-16 -6.807665e-16 -7.704800e-16 -7.111297e-16 -4.687010e-16 -8.228876e-17 3.327042e-16 6.419145e-16 7.705009e-16 7.288573e-16 5.794377e-16 3.928922e-16 2.247357e-16 1.057134e-16 3.954486e-17 1.134261e-17
-1.930820e-17 -6.718841e-17 -1.799183e-16 -3.874486e-16 -6.965614e-16 -1.074025e-15 -1.440592e-15 -1.665539e-15 -1.583376e-15 -1.073572e-15 -1.925897e-16 7.671061e-16 1.448067e-15 1.686199e-15 1.552283e-15 1.216871e-15 8.317133e-16 4.922046e-16 2.458113e-16 9.992752e-17 3.167553e-17
-4.521312e-17 -1.444180e-16 -3.614614e-16 -7.464357e-16 -1.326562e-15 -2.084919e-15 -2.912980e-15 -3.553339e-15 -3.568640e-15 -2.528406e-15 -4.677150e-16 1.825266e-15 3.332244e-15 3.680252e-15 3.199000e-15 2.390292e-15 1.586399e-15 9.376911e-16 4.832322e-16 2.086465e-16 7.182890e-17
-8.843107e-17 -2.640608e-16 -6.319377e-16 -1.285485e-15 -2.331762e-15 -3.854236e-15 -5.790404e-15 -7.600270e-15 -8.028756e-15 -5.843742e-15 -1.100514e-15 4.242690e-15 7.605999e-15 8.052281e-15 6.543411e-15 4.530702e-15 2.830551e-15 1.617503e-15 8.343187e-16 3.730250e-16 1.365764e-16
-1.482839e-16 -4.221295e-16 -9.877665e-16 -2.030558e-15 -3.842702e-15 -6.824091e-15 -1.110497e-14 -1.533050e-14 -1.636464e-14 -1.173756e-14 -2.175955e-15 8.492520e-15 1.546154e-14 1.637233e-14 1.284552e-14 8.281065e-15 4.779267e-15 2.585569e-15 1.301639e-15 5.881121e-16 2.240625e-16
-2.178214e-16 -6.018980e-16 -1.402914e-15 -2.961384e-15 -5.912270e-15 -1.129113e-14 -1.943401e-14 -2.726637e-14 -2.820632e-14 -1.904844e-14 -3.360774e-15 1.356079e-14 2.607535e-14 2.890863e-14 2.274035e-14 1.405367e-14 7.556325e-15 3.836167e-15 1.860952e-15 8.338677e-16 3.244139e-16
-2.849495e-16 -7.750479e-16 -1.819323e-15 -3.957688e-15 -8.320814e-15 -1.678940e-14 -2.987450e-14 -4.158972e-14 -4.026250e-14 -2.463569e-14 -4.033654e-15 1.710446e-14 3.586495e-14 4.325502e-14 3.506428e-14 2.122535e-14 1.087141e-14 5.216855e-15 2.436278e-15 1.073753e-15 4.209929e-16
-3.355762e-16 -9.066709e-16 -2.148022e-15 -4.785386e-15 -1.044104e-14 -2.180160e-14 -3.953360e-14 -5.391033e-14 -4.829546e-14 -2.658561e-14 -3.998915e-15 1.800747e-14 4.137114e-14 5.476254e-14 4.628804e-14 2.779951e-14 1.381973e-14 6.385401e-15 2.897452e-15 1.258460e-15 4.939202e-16
-3.578113e-16 -9.650162e-16 -2.297457e-15 -5.174468e-15 -1.146794e-14 -2.427367e-14 -4.432709e-14 -5.962192e-14 -5.110107e-14 -2.642874e-14 -3.756814e-15 1.762116e-14 4.280453e-14 5.975227e-14 5.176937e-14 3.104344e-14 1.524037e-14 6.932382e-15 3.106229e-15 1.340293e-15 5.258498e-16
-3.461301e-16 -9.344616e-16 -2.219142e-15 -4.971235e-15 -1.093272e-14 -2.297893e-14 -4.182044e-14 -5.667431e-14 -4.957930e-14 -2.625331e-14 -3.758944e-15 1.760913e-14 4.186987e-14 5.715356e-14 4.891864e-14 2.933755e-14 1.448440e-14 6.634789e-15 2.991504e-15 1.295709e-15 5.085992e-16
-3.034716e-16 -8.232661e-16 -1.938228e-15 -4.253892e-15 -9.074929e-15 -1.856393e-14 -3.330201e-14 -4.605585e-14 -4.304985e-14 -2.475696e-14 -3.713672e-15 1.695705e-14 3.744116e-14 4.736073e-14 3.908815e-14 2.356404e-14 1.190751e-14 5.618545e-15 2.594639e-15 1.138294e-15 4.466553e-16
-2.400740e-16 -6.594468e-16 -1.538608e-15 -3.278485e-15 -6.662719e-15 -1.298607e-14 -2.265763e-14 -3.174268e-14 -3.173504e-14 -1.995832e-14 -3.155137e-15 1.398746e-14 2.848873e-14 3.324986e-14 2.657971e-14 1.629094e-14 8.584892e-15 4.263459e-15 2.040841e-15 9.102438e-16 3.550710e-16
-1.698004e-16 -4.783191e-16 -1.115121e-15 -2.306256e-15 -4.432532e-15 -8.065236e-15 -1.342051e-14 -1.863056e-14 -1.931411e-14 -1.292180e-14 -2.122928e-15 9.234345e-15 1.770897e-14 1.965328e-14 1.559128e-14 9.898578e-15 5.565806e-15 2.947650e-15 1.466844e-15 6.617309e-16 2.536424e-16
-1.057726e-16 -3.109127e-16 -7.363599e-16 -1.495091e-15 -2.736269e-15 -4.619503e-15 -7.136421e-15 -9.494828e-15 -9.808741e-15 -6.716185e-15 -1.126313e-15 4.845251e-15 9.054184e-15 9.947854e-15 8.108511e-15 5.494279e-15 3.347946e-15 1.882927e-15 9.659247e-16 4.338707e-16 1.606239e-16
-5.682644e-17 -1.777979e-16 -4.372467e-16 -8.926513e-16 -1.586241e-15 -2.525855e-15 -3.602449e-15 -4.446217e-15 -4.393416e-15 -2.973100e-15 -5.026048e-16 2.147001e-15 4.032435e-15 4.565015e-15 3.968503e-15 2.918555e-15 1.904125e-15 1.115876e-15 5.770482e-16 2.521977e-16 8.831660e-17
-2.565306e-17 -8.710626e-17 -2.278185e-16 -4.813037e-16 -8.566521e-16 -1.323418e-15 -1.787886e-15 -2.064596e-15 -1.923256e-15 -1.257051e-15 -2.097941e-16 9.051053e-16 1.742075e-15 2.073242e-15 1.924344e-15 1.501996e-15 1.019402e-15 6.039482e-16 3.052176e-16 1.265194e-16 4.102808e-17
-9.445130e-18 -3.538897e-17 -1.006103e-16 -2.259861e-16 -4.163938e-16 -6.468103e-16 -8.565235e-16 -9.563603e-16 -8.616299e-16 -5.502501e-16 -8.971752e-17 3.968426e-16 7.753629e-16 9.503357e-16 9.123133e-16 7.301311e-16 4.974846e-16 2.875933e-16 1.379174e-16 5.291945e-17 1.559769e-17
-2.748769e-18 -1.150183e-17 -3.615373e-17 -8.829137e-17 -1.730385e-16 -2.791993e-16 -3.757475e-16 -4.197456e-16 -3.760446e-16 -2.387322e-16 -3.771466e-17 1.738663e-16 3.389174e-16 4.169117e-16 4.007172e-16 3.172152e-16 2.096201e-16 1.148209e-16 5.096779e-17 1.775623e-17 4.690836e-18
-6.131416e-19 -2.884085e-18 -1.013199e-17 -2.732297e-17 -5.812214e-17 -9.979176e-17 -1.402191e-16 -1.610971e-16 -1.468576e-16 -9.400868e-17 -1.442004e-17 6.937356e-17 1.332886e-16 1.611145e-16 1.509467e-16 1.149887e-16 7.184170e-17 3.646430e-17 1.471972e-17 4.597258e-18 1.079946e-18
