1.227254e-21 1.151383e-20 5.408834e-20 1.546261e-19 2.408521e-19 -1.383817e-19 -2.113517e-18 -7.078915e-18 -1.543099e-17 -2.579984e-17 -3.543829e-17 -4.127503e-17 -4.134419e-17 -3.576693e-17 -2.654505e-17 -1.661221e-17 -8.585343e-18 -3.602351e-18 -1.212022e-18 -3.230667e-19 -6.720888e-20
4.072496e-21 4.519426e-20 2.131347e-19 6.237684e-19 1.178953e-18 8.156009e-19 -3.428715e-18 -1.532910e-17 -3.598537e-17 -6.165403e-17 -8.483657e-17 -9.846861e-17 -9.968137e-17 -8.902272e-17 -6.927045e-17 -4.587039e-17 -2.532894e-17 -1.152933e-17 -4.286443e-18 -1.280956e-18 -3.006226e-19
1.537671e-20 1.557363e-19 6.811941e-19 1.894377e-18 3.684090e-18 3.929295e-18 -4.188913e-18 -3.032742e-17 -7.774875e-17 -1.360217e-16 -1.841996e-16 -2.076194e-16 -2.069375e-16 -1.858753e-16 -1.473767e-16 -1.003116e-16 -5.768798e-17 -2.792349e-17 -1.130030e-17 -3.740358e-18 -9.810298e-19
6.832425e-20 4.906046e-19 1.868925e-18 4.724969e-18 8.796319e-18 1.075797e-17 -2.762673e-18 -5.636189e-17 -1.641656e-16 -2.993156e-16 -3.983612e-16 -4.285940e-16 -4.108878e-16 -3.601087e-16 -2.801104e-16 -1.883646e-16 -1.088976e-16 -5.448096e-17 -2.341768e-17 -8.395727e-18 -2.418138e-18
2.716261e-19 1.410222e-18 4.680612e-18 1.083495e-17 1.896435e-17 2.446479e-17 6.176702e-18 -9.115705e-17 -3.274307e-16 -6.589559e-16 -8.856022e-16 -9.116287e-16 -8.415642e-16 -7.124617e-16 -5.241501e-16 -3.310477e-16 -1.841869e-16 -9.190464e-17 -4.057744e-17 -1.527938e-17 -4.719114e-18
8.584777e-19 3.579388e-18 1.078214e-17 2.438127e-17 4.322494e-17 6.165352e-17 5.246388e-17 -9.050793e-17 -5.781773e-16 -1.425781e-15 -2.026335e-15 -2.042791e-15 -1.825973e-15 -1.468082e-15 -9.968261e-16 -5.752147e-16 -2.970836e-16 -1.428441e-16 -6.248900e-17 -2.391965e-17 -7.725955e-18
2.160915e-18 7.788233e-18 2.193672e-17 5.058271e-17 9.926698e-17 1.699242e-16 2.329418e-16 1.053685e-16 -7.798603e-16 -2.668861e-15 -4.211903e-15 -4.561469e-15 -4.190235e-15 -3.146381e-15 -1.881170e-15 -9.763551e-16 -4.669894e-16 -2.110063e-16 -8.913602e-17 -3.392793e-17 -1.123499e-17
4.493063e-18 1.466067e-17 3.938516e-17 9.296379e-17 2.030926e-16 4.093417e-16 7.328619e-16 9.244081e-16 -1.931338e-16 -3.230465e-15 -6.137917e-15 -7.682421e-15 -7.950163e-15 -6.140525e-15 -3.372156e-15 -1.548404e-15 -6.844908e-16 -2.907037e-16 -1.180315e-16 -4.460421e-17 -1.501623e-17
7.944755e-18 2.425960e-17 6.325284e-17 1.516645e-16 3.520423e-16 7.931704e-16 1.679890e-15 2.625441e-15 1.617496e-15 -2.049795e-15 -5.822855e-15 -8.722492e-15 -1.053406e-14 -9.009125e-15 -5.055950e-15 -2.153386e-15 -8.793963e-16 -3.581751e-16 -1.423773e-16 -5.409391e-17 -1.857910e-17
1.206935e-17 3.518345e-17 8.963655e-17 2.159170e-16 5.124563e-16 1.216935e-15 2.774731e-15 4.624984e-15 4.039618e-15 4.506257e-16 -3.328843e-15 -6.802240e-15 -9.943939e-15 -9.609448e-15 -5.778152e-15 -2.446460e-15 -9.589588e-16 -3.855915e-16 -1.542207e-16 -6.001354e-17 -2.125842e-17
1.583862e-17 4.468679e-17 1.111666e-16 2.642007e-16 6.226505e-16 1.486328e-15 3.469368e-15 6.068901e-15 6.200853e-15 3.111741e-15 -7.479370e-18 -2.853964e-15 -6.373432e-15 -7.408526e-15 -4.887603e-15 -2.171841e-15 -8.737947e-16 -3.611738e-16 -1.498168e-16 -6.087322e-17 -2.241984e-17
1.809521e-17 4.996837e-17 1.210819e-16 2.785181e-16 6.327472e-16 1.459366e-15 3.399908e-15 6.265263e-15 7.098997e-15 4.911995e-15 3.209471e-15 2.009292e-15 -1.098250e-15 -3.429364e-15 -2.854578e-15 -1.447202e-15 -6.508485e-16 -2.929754e-16 -1.305885e-16 -5.618865e-17 -2.151769e-17
1.807938e-17 4.934822e-17 1.163675e-16 2.571079e-16 5.571968e-16 1.205461e-15 2.692796e-15 5.172996e-15 6.435639e-15 5.493479e-15 5.581109e-15 6.085784e-15 3.524931e-15 2.650064e-16 -8.075640e-16 -6.565891e-16 -3.853219e-16 -2.020932e-16 -1.001478e-16 -4.627934e-17 -1.843032e-17
1.577456e-17 4.317098e-17 9.975141e-17 2.117115e-16 4.372070e-16 8.887603e-16 1.844425e-15 3.528696e-15 4.693791e-15 4.759977e-15 6.134297e-15 7.501587e-15 5.387662e-15 2.010508e-15 3.092892e-16 -1.335021e-16 -1.671814e-16 -1.145310e-16 -6.612081e-17 -3.339502e-17 -1.382191e-17
1.194354e-17 3.340114e-17 7.669792e-17 1.568968e-16 3.067010e-16 5.923277e-16 1.132302e-15 1.999081e-15 2.682648e-15 3.076394e-15 4.504421e-15 5.677078e-15 4.219262e-15 1.838442e-15 5.462181e-16 9.557030e-17 -3.213806e-17 -4.910228e-17 -3.659747e-17 -2.067583e-17 -8.847342e-18
7.751771e-18 2.256975e-17 5.235142e-17 1.043430e-16 1.934317e-16 3.545136e-16 6.295538e-16 9.837644e-16 1.237665e-15 1.485654e-15 2.234270e-15 2.802434e-15 2.174777e-15 1.110042e-15 4.475681e-16 1.498164e-16 3.035805e-17 -8.698287e-18 -1.496832e-17 -1.028636e-17 -4.588974e-18
4.228975e-18 1.301872e-17 3.104536e-17 6.152754e-17 1.102655e-16 1.916972e-16 3.194280e-16 4.612095e-16 5.541376e-16 6.781162e-16 9.809465e-16 1.201220e-15 1.010803e-15 6.149990e-16 3.065784e-16 1.350064e-16 5.009120e-17 1.159650e-17 -1.762346e-18 -3.355452e-18 -1.720149e-18
1.892189e-18 6.244257e-18 1.562348e-17 3.162961e-17 5.639590e-17 9.484010e-17 1.491086e-16 2.054433e-16 2.501919e-16 3.217502e-16 4.539452e-16 5.447874e-16 4.869556e-16 3.365541e-16 1.971771e-16 1.042909e-16 4.833908e-17 1.749321e-17 3.919482e-18 3.736262e-20 -3.084276e-19
6.771167e-19 2.429729e-18 6.513783e-18 1.382944e-17 2.511376e-17 4.153822e-17 6.285150e-17 8.529711e-17 1.098912e-16 1.515732e-16 2.133521e-16 2.563446e-16 2.433483e-16 1.870699e-16 1.231809e-16 7.184358e-17 3.619094e-17 1.465186e-17 4.379280e-18 8.774294e-19 1.040037e-19
1.887786e-19 7.455931e-19 2.175994e-18 4.917729e-18 9.166137e-18 1.497095e-17 2.225125e-17 3.142168e-17 4.546409e-17 6.892397e-17 9.916360e-17 1.213349e-16 1.211648e-16 9.975242e-17 6.965126e-17 4.184897e-17 2.117246e-17 8.589888e-18 2.655363e-18 6.040221e-19 1.015545e-19
3.979266e-20 1.738535e-19 5.547315e-19 1.333657e-18 2.529168e-18 4.043668e-18 6.015203e-18 9.413554e-18 1.616067e-17 2.756155e-17 4.159415e-17 5.234627e-17 5.399129e-17 4.584070e-17 3.242195e-17 1.916541e-17 9.302818e-18 3.582412e-18 1.055869e-18 2.328291e-19 3.856994e-20
