2.777690e-27 3.246530e-26 2.689225e-25 1.510600e-24 5.995352e-24 1.746393e-23 3.836385e-23 6.473004e-23 8.485787e-23 8.695178e-23 6.972843e-23 4.364539e-23 2.122242e-23 8.000869e-24 2.371180e-24 5.821591e-25 1.289235e-25 2.579256e-26 3.844513e-27 2.557779e-28 -3.253747e-29
2.005460e-26 2.022043e-25 1.405720e-24 6.874705e-24 2.455601e-23 6.599320e-23 1.362832e-22 2.193742e-22 2.776704e-22 2.774893e-22 2.189867e-22 1.361645e-22 6.665270e-23 2.596480e-23 8.406177e-24 2.462993e-24 6.822956e-25 1.570490e-25 2.119136e-26 -7.462376e-28 -9.293299e-28
1.189464e-25 9.678044e-25 5.644231e-24 2.416868e-23 7.804051e-23 1.940815e-22 3.774987e-22 5.802106e-22 7.088220e-22 6.896339e-22 5.338507e-22 3.284131e-22 1.615109e-22 6.546702e-23 2.358661e-23 8.156981e-24 2.532453e-24 5.245826e-25 -5.332058e-28 -4.258285e-26 -1.472825e-26
5.667706e-25 3.728782e-24 1.832851e-23 6.870626e-23 2.000570e-22 4.589984e-22 8.383004e-22 1.226443e-21 1.441045e-21 1.359054e-21 1.026580e-21 6.217672e-22 3.072432e-22 1.311819e-22 5.307396e-23 2.037492e-23 5.814371e-24 2.442757e-25 -7.852666e-25 -4.446511e-25 -1.311105e-25
2.188635e-24 1.196066e-23 5.009859e-23 1.643219e-22 4.288229e-22 9.003140e-22 1.531103e-21 2.115129e-21 2.371586e-21 2.150820e-21 1.572753e-21 9.327280e-22 4.648846e-22 2.119808e-22 9.386336e-23 3.400014e-23 3.138475e-24 -7.008698e-24 -5.933915e-24 -2.637709e-24 -7.495123e-25
6.871089e-24 3.234749e-23 1.178251e-22 3.401998e-22 7.925033e-22 1.507446e-21 2.356778e-21 3.032625e-21 3.201166e-21 2.755391e-21 1.928190e-21 1.114005e-21 5.647428e-22 2.740610e-22 1.168346e-22 1.642709e-23 -3.533179e-23 -4.167956e-23 -2.592303e-23 -1.062694e-23 -2.996315e-24
1.750783e-23 7.357964e-23 2.392657e-22 6.172665e-22 1.288046e-21 2.205304e-21 3.125770e-21 3.677988e-21 3.581102e-21 2.867162e-21 1.889874e-21 1.060378e-21 5.490457e-22 2.582457e-22 4.569507e-23 -1.120842e-22 -1.732078e-22 -1.429597e-22 -7.953653e-23 -3.137748e-23 -8.834439e-24
3.615103e-23 1.396798e-22 4.161046e-22 9.784528e-22 1.850082e-21 2.854206e-21 3.630563e-21 3.827948e-21 3.344686e-21 2.418677e-21 1.470375e-21 7.987635e-22 3.969603e-22 7.956949e-23 -2.386387e-22 -4.614467e-22 -4.860603e-22 -3.514138e-22 -1.841426e-22 -7.085848e-23 -1.989508e-23
6.049556e-23 2.197368e-22 6.125961e-22 1.338541e-21 2.328497e-21 3.262671e-21 3.712225e-21 3.444775e-21 2.612590e-21 1.636587e-21 8.900035e-22 4.453486e-22 9.637364e-23 -3.530583e-22 -8.332102e-22 -1.090197e-21 -9.921344e-22 -6.648183e-22 -3.339152e-22 -1.257093e-22 -3.503733e-23
8.210753e-23 2.850038e-22 7.554679e-22 1.557371e-21 2.526764e-21 3.247568e-21 3.310268e-21 2.664806e-21 1.685733e-21 8.542483e-22 3.735256e-22 6.404402e-23 -3.915711e-22 -1.076374e-21 -1.706247e-21 -1.904302e-21 -1.583629e-21 -1.002254e-21 -4.849719e-22 -1.782895e-22 -4.901682e-23
9.038337e-23 3.034690e-22 7.734007e-22 1.519525e-21 2.319775e-21 2.751601e-21 2.510522e-21 1.719503e-21 8.442023e-22 2.650588e-22 -4.122227e-23 -4.098982e-22 -1.105803e-21 -2.004878e-21 -2.647936e-21 -2.649119e-21 -2.046755e-21 -1.229222e-21 -5.723160e-22 -2.044352e-22 -5.500738e-23
8.051644e-23 2.639038e-22 6.513727e-22 1.226020e-21 1.764948e-21 1.925674e-21 1.546528e-21 8.444482e-22 2.167935e-22 -1.627839e-22 -4.913413e-22 -1.084434e-21 -2.006513e-21 -2.930373e-21 -3.361119e-21 -3.047452e-21 -2.190223e-21 -1.244286e-21 -5.541937e-22 -1.908410e-22 -4.976923e-23
5.772666e-23 1.859921e-22 4.463500e-22 8.045888e-22 1.084075e-21 1.063080e-21 6.979315e-22 1.968560e-22 -2.139494e-22 -5.641550e-22 -1.093926e-21 -1.941313e-21 -2.920669e-21 -3.604943e-21 -3.630807e-21 -2.976968e-21 -1.976089e-21 -1.052216e-21 -4.436944e-22 -1.456328e-22 -3.635558e-23
3.297815e-23 1.049707e-22 2.449299e-22 4.192906e-22 5.148868e-22 4.177345e-22 1.419893e-22 -1.837067e-22 -5.114554e-22 -9.853531e-22 -1.763350e-21 -2.749190e-21 -3.571358e-21 -3.839089e-21 -3.421380e-21 -2.523628e-21 -1.529433e-21 -7.525049e-22 -2.958492e-22 -9.109851e-23 -2.141366e-23
1.477557e-23 4.657528e-23 1.049657e-22 1.663089e-22 1.710481e-22 7.199484e-23 -1.118296e-22 -3.440758e-22 -6.919340e-22 -1.311397e-21 -2.227568e-21 -3.167854e-21 -3.701106e-21 -3.564094e-21 -2.845450e-21 -1.885619e-21 -1.031911e-21 -4.612669e-22 -1.657241e-22 -4.685246e-23 -1.014142e-23
5.069178e-24 1.578428e-23 3.362122e-23 4.556301e-23 2.522185e-23 -4.527028e-23 -1.640266e-22 -3.559396e-22 -7.252447e-22 -1.380638e-21 -2.245395e-21 -2.989113e-21 -3.236050e-21 -2.863805e-21 -2.083090e-21 -1.247665e-21 -6.133816e-22 -2.454143e-22 -7.880009e-23 -1.990507e-23 -3.850615e-24
1.284523e-24 3.893965e-24 7.325489e-24 5.791479e-24 -1.102250e-23 -5.162408e-23 -1.275553e-22 -2.835339e-22 -6.087699e-22 -1.157244e-21 -1.817760e-21 -2.307010e-21 -2.362975e-21 -1.960924e-21 -1.322141e-21 -7.240615e-22 -3.207456e-22 -1.139872e-22 -3.208809e-23 -7.028887e-24 -1.170203e-24
2.271031e-25 6.362805e-25 7.768260e-25 -1.451400e-24 -9.826124e-24 -2.965170e-23 -7.462324e-23 -1.820500e-22 -4.085407e-22 -7.727373e-22 -1.182046e-21 -1.448245e-21 -1.422514e-21 -1.122361e-21 -7.110891e-22 -3.604172e-22 -1.450486e-22 -4.582066e-23 -1.118597e-23 -2.069731e-24 -2.846267e-25
2.534445e-26 5.192103e-26 -8.984140e-26 -1.018717e-24 -4.058081e-24 -1.228579e-23 -3.496117e-23 -9.387689e-23 -2.174947e-22 -4.094638e-22 -6.142066e-22 -7.324448e-22 -6.954920e-22 -5.259350e-22 -3.157311e-22 -1.493820e-22 -5.504534e-23 -1.552924e-23 -3.277986e-24 -5.037679e-25 -5.547937e-26
1.439346e-27 -1.904573e-27 -4.954791e-26 -2.867048e-25 -1.132619e-24 -3.967663e-24 -1.314873e-23 -3.827112e-23 -9.083649e-23 -1.706302e-22 -2.523351e-22 -2.943628e-22 -2.713260e-22 -1.973296e-22 -1.126069e-22 -4.989486e-23 -1.688731e-23 -4.263631e-24 -7.772253e-25 -9.856764e-26 -8.775516e-27
1.935120e-29 -8.361974e-28 -8.466225e-27 -4.927456e-26 -2.330282e-25 -1.015632e-24 -3.890853e-24 -1.208196e-23 -2.929177e-23 -5.507970e-23 -8.062409e-23 -9.226377e-23 -8.266111e-23 -5.781764e-23 -3.132858e-23 -1.297253e-23 -4.019704e-24 -9.039442e-25 -1.415697e-25 -1.496220e-26 -1.223021e-27
