x y z ADDATime OurCalcTime
0.0000000000 -4.0000000000 0.0000000000 0.0000000000 107.2000000000
0.0000000000 -3.0000000000 0.0000000000 0.0100000000 106.2200000000
0.0000000000 -2.0000000000 0.0000000000 0.0100000000 108.0800000000
0.0000000000 -1.0000000000 0.0000000000 0.0000000000 107.6600000000
0.0000000000 -0.0000000000 0.0000000000 0.0100000000 106.7600000000
0.0000000000 1.0000000000 0.0000000000 0.0000000000 107.0900000000
0.0000000000 1.9000000000 0.0000000000 0.0000000000 107.1900000000
0.0000000000 2.9000000000 0.0000000000 0.0100000000 105.8000000000
0.0000000000 3.9000000000 0.0000000000 0.0000000000 106.4200000000
0.0000000000 5.0000000000 0.0000000000 0.0100000000 106.3600000000
0.0000000000 0.0000000000 0.0000000000 0.0000000000 0.0000000000
