0.000000e+00 -5.000000e+00 0.000000e+00 2.830033e-34 3.171892e-15 2.246674e-18
0.000000e+00 -4.900000e+00 0.000000e+00 2.830033e-34 6.496167e-15 4.459662e-18
0.000000e+00 -4.800000e+00 0.000000e+00 -5.660067e-34 1.292706e-14 8.083844e-18
0.000000e+00 -4.700000e+00 0.000000e+00 0.000000e+00 2.499254e-14 1.521827e-17
0.000000e+00 -4.600000e+00 0.000000e+00 -2.264027e-33 4.694338e-14 3.510290e-17
0.000000e+00 -4.500000e+00 0.000000e+00 -4.528053e-33 8.565664e-14 8.092907e-17
0.000000e+00 -4.400000e+00 0.000000e+00 9.056107e-33 1.517822e-13 1.253922e-16
0.000000e+00 -4.300000e+00 0.000000e+00 -3.622443e-32 2.610303e-13 3.130567e-17
0.000000e+00 -4.200000e+00 0.000000e+00 2.716832e-31 4.355749e-13 -2.850642e-16
0.000000e+00 -4.100000e+00 0.000000e+00 -7.244885e-32 7.055524e-13 -5.474866e-16
0.000000e+00 -4.000000e+00 0.000000e+00 7.244885e-32 1.109065e-12 -1.370579e-15
0.000000e+00 -3.900000e+00 0.000000e+00 -7.244885e-32 1.688241e-12 -5.762965e-15
0.000000e+00 -3.800000e+00 0.000000e+00 1.448977e-31 2.487494e-12 -1.275459e-14
0.000000e+00 -3.700000e+00 0.000000e+00 -1.448977e-31 3.554485e-12 -1.848987e-14
0.000000e+00 -3.600000e+00 0.000000e+00 1.448977e-31 4.911587e-12 -3.894967e-14
0.000000e+00 -3.500000e+00 0.000000e+00 -1.159182e-30 6.546183e-12 -6.979381e-14
0.000000e+00 -3.400000e+00 0.000000e+00 8.114272e-30 8.445724e-12 -8.799717e-14
0.000000e+00 -3.300000e+00 0.000000e+00 -2.318363e-30 1.049182e-11 -1.492104e-13
0.000000e+00 -3.200000e+00 0.000000e+00 0.000000e+00 1.254250e-11 -1.888965e-13
0.000000e+00 -3.100000e+00 0.000000e+00 -1.738772e-30 1.443659e-11 -2.549994e-13
0.000000e+00 -3.000000e+00 0.000000e+00 2.897954e-30 1.591352e-11 -3.395276e-13
0.000000e+00 -2.900000e+00 0.000000e+00 -9.853044e-30 1.680317e-11 -4.080670e-13
0.000000e+00 -2.800000e+00 0.000000e+00 -5.042440e-28 1.690348e-11 -5.202703e-13
0.000000e+00 -2.700000e+00 0.000000e+00 -6.955090e-30 1.614332e-11 -5.885882e-13
0.000000e+00 -2.600000e+00 0.000000e+00 1.941629e-29 1.447212e-11 -6.513717e-13
0.000000e+00 -2.500000e+00 0.000000e+00 8.096884e-28 1.201941e-11 -6.987022e-13
0.000000e+00 -2.400000e+00 0.000000e+00 1.275100e-29 8.975251e-12 -6.268282e-13
0.000000e+00 -2.300000e+00 0.000000e+00 -4.057136e-30 5.475629e-12 -6.247472e-13
0.000000e+00 -2.200000e+00 0.000000e+00 -1.333059e-29 1.990120e-12 -4.596036e-13
0.000000e+00 -2.100000e+00 0.000000e+00 -2.144486e-29 -1.478525e-12 -3.621028e-13
0.000000e+00 -2.000000e+00 0.000000e+00 -2.067980e-27 -4.580991e-12 -2.496941e-13
0.000000e+00 -1.900000e+00 0.000000e+00 -1.072359e-26 -7.197386e-12 -1.590123e-13
0.000000e+00 -1.800000e+00 0.000000e+00 -9.001770e-30 -9.290852e-12 -1.179199e-13
0.000000e+00 -1.700000e+00 0.000000e+00 1.035294e-28 -1.086868e-11 -9.847624e-14
0.000000e+00 -1.600000e+00 0.000000e+00 5.393817e-29 -1.189254e-11 -8.305210e-14
0.000000e+00 -1.500000e+00 0.000000e+00 -1.198236e-29 -1.241540e-11 -5.166120e-14
0.000000e+00 -1.400000e+00 0.000000e+00 1.536850e-29 -1.253898e-11 -1.716904e-14
0.000000e+00 -1.300000e+00 0.000000e+00 -1.105524e-29 -1.224370e-11 8.943463e-15
0.000000e+00 -1.200000e+00 0.000000e+00 1.376868e-29 -1.179275e-11 5.510863e-14
0.000000e+00 -1.100000e+00 0.000000e+00 -7.890416e-30 -1.122106e-11 1.208859e-13
0.000000e+00 -1.000000e+00 0.000000e+00 -4.486735e-29 -1.044752e-11 1.696245e-13
0.000000e+00 -9.000000e-01 0.000000e+00 3.326987e-30 -9.490472e-12 2.102936e-13
0.000000e+00 -8.000000e-01 0.000000e+00 -5.764382e-29 -8.442804e-12 2.351984e-13
0.000000e+00 -7.000000e-01 0.000000e+00 -2.061696e-28 -7.442763e-12 2.783501e-13
0.000000e+00 -6.000000e-01 0.000000e+00 -5.958352e-30 -6.569872e-12 2.875431e-13
0.000000e+00 -5.000000e-01 0.000000e+00 -1.791751e-29 -5.461143e-12 2.937945e-13
0.000000e+00 -4.000000e-01 0.000000e+00 9.690034e-31 -4.237159e-12 2.692258e-13
0.000000e+00 -3.000000e-01 0.000000e+00 -2.693569e-29 -3.145553e-12 2.775619e-13
0.000000e+00 -2.000000e-01 0.000000e+00 1.304136e-29 -2.162393e-12 3.036832e-13
0.000000e+00 -1.000000e-01 0.000000e+00 -4.685403e-30 -1.142556e-12 3.404217e-13
0.000000e+00 -1.026956e-15 0.000000e+00 1.850276e-30 -4.694867e-26 3.399728e-13
0.000000e+00 1.000000e-01 0.000000e+00 6.323426e-30 1.142556e-12 3.404217e-13
0.000000e+00 2.000000e-01 0.000000e+00 1.459618e-29 2.162393e-12 3.036832e-13
0.000000e+00 3.000000e-01 0.000000e+00 -6.837535e-27 3.145553e-12 2.775619e-13
0.000000e+00 4.000000e-01 0.000000e+00 -2.634195e-30 4.237159e-12 2.692258e-13
0.000000e+00 5.000000e-01 0.000000e+00 -1.934384e-29 5.461143e-12 2.937945e-13
0.000000e+00 6.000000e-01 0.000000e+00 -4.330517e-30 6.569872e-12 2.875431e-13
0.000000e+00 7.000000e-01 0.000000e+00 1.252431e-29 7.442763e-12 2.783501e-13
0.000000e+00 8.000000e-01 0.000000e+00 -8.418594e-28 8.442804e-12 2.351984e-13
0.000000e+00 9.000000e-01 0.000000e+00 -6.848681e-32 9.490472e-12 2.102936e-13
0.000000e+00 1.000000e+00 0.000000e+00 5.614786e-31 1.044752e-11 1.696245e-13
0.000000e+00 1.100000e+00 0.000000e+00 -4.924258e-30 1.122106e-11 1.208859e-13
0.000000e+00 1.200000e+00 0.000000e+00 1.326720e-29 1.179275e-11 5.510863e-14
0.000000e+00 1.300000e+00 0.000000e+00 -6.581960e-27 1.224370e-11 8.943463e-15
0.000000e+00 1.400000e+00 0.000000e+00 7.281110e-30 1.253898e-11 -1.716904e-14
0.000000e+00 1.500000e+00 0.000000e+00 -1.398263e-29 1.241540e-11 -5.166120e-14
0.000000e+00 1.600000e+00 0.000000e+00 8.114272e-30 1.189254e-11 -8.305210e-14
0.000000e+00 1.700000e+00 0.000000e+00 -2.405302e-29 1.086868e-11 -9.847624e-14
0.000000e+00 1.800000e+00 0.000000e+00 2.289384e-28 9.290852e-12 -1.179199e-13
0.000000e+00 1.900000e+00 0.000000e+00 1.391018e-29 7.197386e-12 -1.590123e-13
0.000000e+00 2.000000e+00 0.000000e+00 -6.375499e-30 4.580991e-12 -2.496941e-13
0.000000e+00 2.100000e+00 0.000000e+00 3.477545e-30 1.478525e-12 -3.621028e-13
0.000000e+00 2.200000e+00 0.000000e+00 -1.854691e-29 -1.990120e-12 -4.596036e-13
0.000000e+00 2.300000e+00 0.000000e+00 2.805799e-27 -5.475629e-12 -6.247472e-13
0.000000e+00 2.400000e+00 0.000000e+00 2.347343e-28 -8.975251e-12 -6.268282e-13
0.000000e+00 2.500000e+00 0.000000e+00 1.159182e-30 -1.201941e-11 -6.987022e-13
0.000000e+00 2.600000e+00 0.000000e+00 4.271584e-28 -1.447212e-11 -6.513717e-13
0.000000e+00 2.700000e+00 0.000000e+00 4.057136e-30 -1.614332e-11 -5.885882e-13
0.000000e+00 2.800000e+00 0.000000e+00 -6.375499e-30 -1.690348e-11 -5.202703e-13
0.000000e+00 2.900000e+00 0.000000e+00 -7.244885e-30 -1.680317e-11 -4.080670e-13
0.000000e+00 3.000000e+00 0.000000e+00 8.693862e-31 -1.591352e-11 -3.395276e-13
0.000000e+00 3.100000e+00 0.000000e+00 6.665295e-30 -1.443659e-11 -2.549994e-13
0.000000e+00 3.200000e+00 0.000000e+00 -3.332647e-30 -1.254250e-11 -1.888965e-13
0.000000e+00 3.300000e+00 0.000000e+00 9.128556e-30 -1.049182e-11 -1.492104e-13
0.000000e+00 3.400000e+00 0.000000e+00 -8.041823e-30 -8.445724e-12 -8.799717e-14
0.000000e+00 3.500000e+00 0.000000e+00 -1.738772e-30 -6.546183e-12 -6.979381e-14
0.000000e+00 3.600000e+00 0.000000e+00 3.622443e-32 -4.911587e-12 -3.894967e-14
0.000000e+00 3.700000e+00 0.000000e+00 -1.448977e-31 -3.554485e-12 -1.848987e-14
0.000000e+00 3.800000e+00 0.000000e+00 5.795908e-30 -2.487494e-12 -1.275459e-14
0.000000e+00 3.900000e+00 0.000000e+00 7.244885e-32 -1.688241e-12 -5.762965e-15
0.000000e+00 4.000000e+00 0.000000e+00 -9.056107e-33 -1.109065e-12 -1.370579e-15
0.000000e+00 4.100000e+00 0.000000e+00 -8.603301e-32 -7.055524e-13 -5.474866e-16
0.000000e+00 4.200000e+00 0.000000e+00 4.528053e-33 -4.355749e-13 -2.850642e-16
0.000000e+00 4.300000e+00 0.000000e+00 -3.396040e-33 -2.610303e-13 3.130567e-17
0.000000e+00 4.400000e+00 0.000000e+00 -4.528053e-33 -1.517822e-13 1.253922e-16
0.000000e+00 4.500000e+00 0.000000e+00 -2.830033e-33 -8.565664e-14 8.092907e-17
0.000000e+00 4.600000e+00 0.000000e+00 -2.830033e-33 -4.694338e-14 3.510290e-17
0.000000e+00 4.700000e+00 0.000000e+00 8.490100e-34 -2.499254e-14 1.521827e-17
0.000000e+00 4.800000e+00 0.000000e+00 1.521143e-33 -1.292706e-14 8.083844e-18
0.000000e+00 4.900000e+00 0.000000e+00 -2.511655e-33 -6.496167e-15 4.459662e-18
0.000000e+00 5.000000e+00 0.000000e+00 1.812990e-34 -3.171892e-15 2.246674e-18
