0.000000e+00 -5.000000e+00 -1.240295e-01 1.358416e-31 6.994302e-14 2.174017e-13
0.000000e+00 -4.900000e+00 -1.240295e-01 0.000000e+00 1.156736e-13 3.762213e-13
0.000000e+00 -4.800000e+00 -1.240295e-01 -1.811221e-32 1.868825e-13 6.345351e-13
0.000000e+00 -4.700000e+00 -1.240295e-01 0.000000e+00 2.948886e-13 1.042468e-12
0.000000e+00 -4.600000e+00 -1.240295e-01 7.244885e-32 4.543591e-13 1.667419e-12
0.000000e+00 -4.500000e+00 -1.240295e-01 0.000000e+00 6.834060e-13 2.595352e-12
0.000000e+00 -4.400000e+00 -1.240295e-01 2.173466e-31 1.003164e-12 3.929400e-12
0.000000e+00 -4.300000e+00 -1.240295e-01 0.000000e+00 1.436618e-12 5.784432e-12
0.000000e+00 -4.200000e+00 -1.240295e-01 2.897954e-30 2.006532e-12 8.276454e-12
0.000000e+00 -4.100000e+00 -1.240295e-01 5.795908e-31 2.732255e-12 1.150600e-11
0.000000e+00 -4.000000e+00 -1.240295e-01 -2.897954e-31 3.625233e-12 1.553571e-11
0.000000e+00 -3.900000e+00 -1.240295e-01 2.028568e-30 4.683935e-12 2.036487e-11
0.000000e+00 -3.800000e+00 -1.240295e-01 5.795908e-31 5.891600e-12 2.590582e-11
0.000000e+00 -3.700000e+00 -1.240295e-01 9.273453e-30 7.213384e-12 3.195925e-11
0.000000e+00 -3.600000e+00 -1.240295e-01 -4.057136e-30 8.589041e-12 3.819989e-11
0.000000e+00 -3.500000e+00 -1.240295e-01 1.159182e-30 9.950672e-12 4.420473e-11
0.000000e+00 -3.400000e+00 -1.240295e-01 2.318363e-30 1.122389e-11 4.946834e-11
0.000000e+00 -3.300000e+00 -1.240295e-01 -4.057136e-30 1.230324e-11 5.345919e-11
0.000000e+00 -3.200000e+00 -1.240295e-01 -5.216317e-30 1.313481e-11 5.574537e-11
0.000000e+00 -3.100000e+00 -1.240295e-01 -6.375499e-30 1.363100e-11 5.595371e-11
0.000000e+00 -3.000000e+00 -1.240295e-01 1.506936e-29 1.374125e-11 5.401562e-11
0.000000e+00 -2.900000e+00 -1.240295e-01 6.955090e-30 1.343747e-11 5.000778e-11
0.000000e+00 -2.800000e+00 -1.240295e-01 5.911826e-29 1.267631e-11 4.433637e-11
0.000000e+00 -2.700000e+00 -1.240295e-01 6.955090e-30 1.147275e-11 3.755887e-11
0.000000e+00 -2.600000e+00 -1.240295e-01 3.941218e-29 9.837539e-12 3.038869e-11
0.000000e+00 -2.500000e+00 -1.240295e-01 -4.425785e-26 7.754391e-12 2.346989e-11
0.000000e+00 -2.400000e+00 -1.240295e-01 1.463467e-29 5.391632e-12 1.737585e-11
0.000000e+00 -2.300000e+00 -1.240295e-01 3.260198e-30 2.662468e-12 1.236813e-11
0.000000e+00 -2.200000e+00 -1.240295e-01 2.303874e-29 -8.927942e-14 8.561869e-12
0.000000e+00 -2.100000e+00 -1.240295e-01 -1.231631e-30 -2.918568e-12 5.878723e-12
0.000000e+00 -2.000000e+00 -1.240295e-01 -1.916997e-28 -5.556905e-12 4.048809e-12
0.000000e+00 -1.900000e+00 -1.240295e-01 1.398263e-29 -7.860616e-12 2.909933e-12
0.000000e+00 -1.800000e+00 -1.240295e-01 5.795908e-31 -9.760752e-12 2.166935e-12
0.000000e+00 -1.700000e+00 -1.240295e-01 1.181822e-29 -1.122713e-11 1.643100e-12
0.000000e+00 -1.600000e+00 -1.240295e-01 -4.846772e-29 -1.218025e-11 1.224969e-12
0.000000e+00 -1.500000e+00 -1.240295e-01 1.572706e-29 -1.265563e-11 9.182570e-13
0.000000e+00 -1.400000e+00 -1.240295e-01 -2.878745e-30 -1.276421e-11 6.874549e-13
0.000000e+00 -1.300000e+00 -1.240295e-01 -1.450067e-29 -1.249768e-11 5.014192e-13
0.000000e+00 -1.200000e+00 -1.240295e-01 -8.394869e-30 -1.205231e-11 2.810320e-13
0.000000e+00 -1.100000e+00 -1.240295e-01 -1.439751e-29 -1.146391e-11 1.265606e-13
0.000000e+00 -1.000000e+00 -1.240295e-01 1.465391e-29 -1.063983e-11 5.681119e-14
0.000000e+00 -9.000000e-01 -1.240295e-01 6.213055e-30 -9.667366e-12 1.199288e-14
0.000000e+00 -8.000000e-01 -1.240295e-01 5.627946e-28 -8.597754e-12 -1.092070e-14
0.000000e+00 -7.000000e-01 -1.240295e-01 -1.053791e-29 -7.550336e-12 -3.207701e-15
0.000000e+00 -6.000000e-01 -1.240295e-01 1.543104e-29 -6.593132e-12 7.658608e-14
0.000000e+00 -5.000000e-01 -1.240295e-01 9.876250e-30 -5.476451e-12 1.346344e-13
0.000000e+00 -4.000000e-01 -1.240295e-01 5.682141e-30 -4.320870e-12 1.264846e-13
0.000000e+00 -3.000000e-01 -1.240295e-01 9.223452e-28 -3.203086e-12 9.343434e-14
0.000000e+00 -2.000000e-01 -1.240295e-01 4.426738e-30 -2.201488e-12 4.391885e-14
0.000000e+00 -1.000000e-01 -1.240295e-01 -4.342120e-29 -1.164000e-12 1.973492e-14
0.000000e+00 -1.026956e-15 -1.240295e-01 2.240820e-30 1.157878e-26 -1.051543e-19
0.000000e+00 1.000000e-01 -1.240295e-01 7.204133e-30 1.164000e-12 1.973492e-14
0.000000e+00 2.000000e-01 -1.240295e-01 -1.767639e-30 2.201488e-12 4.391885e-14
0.000000e+00 3.000000e-01 -1.240295e-01 -4.078368e-27 3.203086e-12 9.343434e-14
0.000000e+00 4.000000e-01 -1.240295e-01 -1.519813e-29 4.320870e-12 1.264846e-13
0.000000e+00 5.000000e-01 -1.240295e-01 2.618743e-29 5.476451e-12 1.346344e-13
0.000000e+00 6.000000e-01 -1.240295e-01 8.525758e-30 6.593132e-12 7.658608e-14
0.000000e+00 7.000000e-01 -1.240295e-01 -1.493222e-28 7.550336e-12 -3.207701e-15
0.000000e+00 8.000000e-01 -1.240295e-01 -5.543186e-30 8.597754e-12 -1.092070e-14
0.000000e+00 9.000000e-01 -1.240295e-01 7.023152e-30 9.667366e-12 1.199288e-14
0.000000e+00 1.000000e+00 -1.240295e-01 8.836552e-27 1.063983e-11 5.681119e-14
0.000000e+00 1.100000e+00 -1.240295e-01 -3.876129e-29 1.146391e-11 1.265606e-13
0.000000e+00 1.200000e+00 -1.240295e-01 -7.534681e-30 1.205231e-11 2.810320e-13
0.000000e+00 1.300000e+00 -1.240295e-01 -2.734923e-26 1.249768e-11 5.014192e-13
0.000000e+00 1.400000e+00 -1.240295e-01 -4.834345e-26 1.276421e-11 6.874549e-13
0.000000e+00 1.500000e+00 -1.240295e-01 2.794715e-29 1.265563e-11 9.182570e-13
0.000000e+00 1.600000e+00 -1.240295e-01 3.622443e-32 1.218025e-11 1.224969e-12
0.000000e+00 1.700000e+00 -1.240295e-01 5.651011e-30 1.122713e-11 1.643100e-12
0.000000e+00 1.800000e+00 -1.240295e-01 4.564278e-30 9.760752e-12 2.166935e-12
0.000000e+00 1.900000e+00 -1.240295e-01 -3.723871e-29 7.860616e-12 2.909933e-12
0.000000e+00 2.000000e+00 -1.240295e-01 -1.130202e-29 5.556905e-12 4.048809e-12
0.000000e+00 2.100000e+00 -1.240295e-01 -3.999177e-29 2.918568e-12 5.878723e-12
0.000000e+00 2.200000e+00 -1.240295e-01 1.651834e-29 8.927942e-14 8.561869e-12
0.000000e+00 2.300000e+00 -1.240295e-01 -2.706689e-28 -2.662468e-12 1.236813e-11
0.000000e+00 2.400000e+00 -1.240295e-01 1.448977e-29 -5.391632e-12 1.737585e-11
0.000000e+00 2.500000e+00 -1.240295e-01 -5.795908e-30 -7.754391e-12 2.346989e-11
0.000000e+00 2.600000e+00 -1.240295e-01 -2.897954e-30 -9.837539e-12 3.038869e-11
0.000000e+00 2.700000e+00 -1.240295e-01 3.013872e-29 -1.147275e-11 3.755887e-11
0.000000e+00 2.800000e+00 -1.240295e-01 8.693862e-30 -1.267631e-11 4.433637e-11
0.000000e+00 2.900000e+00 -1.240295e-01 -1.025876e-28 -1.343747e-11 5.000778e-11
0.000000e+00 3.000000e+00 -1.240295e-01 6.897131e-29 -1.374125e-11 5.401562e-11
0.000000e+00 3.100000e+00 -1.240295e-01 -1.333059e-29 -1.363100e-11 5.595371e-11
0.000000e+00 3.200000e+00 -1.240295e-01 -1.738772e-30 -1.313481e-11 5.574537e-11
0.000000e+00 3.300000e+00 -1.240295e-01 -3.361627e-29 -1.230324e-11 5.345919e-11
0.000000e+00 3.400000e+00 -1.240295e-01 1.448977e-30 -1.122389e-11 4.946834e-11
0.000000e+00 3.500000e+00 -1.240295e-01 3.013872e-29 -9.950672e-12 4.420473e-11
0.000000e+00 3.600000e+00 -1.240295e-01 0.000000e+00 -8.589041e-12 3.819989e-11
0.000000e+00 3.700000e+00 -1.240295e-01 -1.014284e-30 -7.213384e-12 3.195925e-11
0.000000e+00 3.800000e+00 -1.240295e-01 5.795908e-31 -5.891600e-12 2.590582e-11
0.000000e+00 3.900000e+00 -1.240295e-01 4.346931e-31 -4.683935e-12 2.036487e-11
0.000000e+00 4.000000e+00 -1.240295e-01 -7.244885e-32 -3.625233e-12 1.553571e-11
0.000000e+00 4.100000e+00 -1.240295e-01 1.448977e-31 -2.732255e-12 1.150600e-11
0.000000e+00 4.200000e+00 -1.240295e-01 7.244885e-32 -2.006532e-12 8.276454e-12
0.000000e+00 4.300000e+00 -1.240295e-01 2.897954e-31 -1.436618e-12 5.784432e-12
0.000000e+00 4.400000e+00 -1.240295e-01 -1.448977e-31 -1.003164e-12 3.929400e-12
0.000000e+00 4.500000e+00 -1.240295e-01 -9.961717e-32 -6.834060e-13 2.595352e-12
0.000000e+00 4.600000e+00 -1.240295e-01 1.132013e-31 -4.543591e-13 1.667419e-12
0.000000e+00 4.700000e+00 -1.240295e-01 0.000000e+00 -2.948886e-13 1.042468e-12
0.000000e+00 4.800000e+00 -1.240295e-01 -6.792080e-33 -1.868825e-13 6.345351e-13
0.000000e+00 4.900000e+00 -1.240295e-01 -2.150825e-32 -1.156736e-13 3.762213e-13
0.000000e+00 5.000000e+00 -1.240295e-01 1.233895e-31 -6.994302e-14 2.174017e-13
