2.832547e-15 6.974133e-15 1.436479e-14 2.531222e-14 3.908107e-14 5.413050e-14 6.868951e-14 8.123642e-14 9.080336e-14 9.697381e-14 9.964635e-14 9.859739e-14 9.367462e-14 8.519626e-14 7.367362e-14 5.984316e-14 4.491967e-14 3.049510e-14 1.826080e-14 9.406358e-15 4.074461e-15
5.155382e-15 1.142907e-14 2.121470e-14 3.385189e-14 4.773463e-14 6.109064e-14 7.271722e-14 8.201825e-14 8.878950e-14 9.302983e-14 9.475286e-14 9.385747e-14 9.032611e-14 8.432447e-14 7.596448e-14 6.529356e-14 5.275922e-14 3.916794e-14 2.593997e-14 1.486758e-14 7.175307e-15
7.595707e-15 1.510477e-14 2.517848e-14 3.628697e-14 4.665112e-14 5.511051e-14 6.155730e-14 6.637878e-14 6.986657e-14 7.211028e-14 7.278341e-14 7.217884e-14 7.051824e-14 6.740627e-14 6.283726e-14 5.682147e-14 4.928337e-14 3.999802e-14 2.936832e-14 1.880778e-14 1.016181e-14
9.165298e-15 1.626159e-14 2.415158e-14 3.109830e-14 3.596148e-14 3.869063e-14 3.986827e-14 4.011073e-14 3.981523e-14 3.942791e-14 3.900596e-14 3.904283e-14 3.968192e-14 4.011914e-14 3.980377e-14 3.865153e-14 3.636856e-14 3.253110e-14 2.666927e-14 1.921440e-14 1.169183e-14
9.123997e-15 1.427079e-14 1.844724e-14 2.036801e-14 1.987892e-14 1.752675e-14 1.403225e-14 1.018868e-14 7.308524e-15 5.748943e-15 5.628328e-15 5.668378e-15 6.428234e-15 9.004391e-15 1.277758e-14 1.649926e-14 1.897818e-14 1.999084e-14 1.906524e-14 1.583108e-14 1.100150e-14
7.475803e-15 9.973763e-15 1.039505e-14 8.184017e-15 3.711375e-15 -2.354797e-15 -8.582974e-15 -1.151020e-14 -9.137304e-15 -6.666470e-15 -5.143064e-15 -5.785126e-15 -8.231476e-15 -1.109414e-14 -1.003878e-14 -4.453352e-15 1.811819e-15 6.637701e-15 9.581509e-15 1.017263e-14 8.430790e-15
4.931359e-15 5.039419e-15 2.735399e-15 -1.949459e-15 -8.491114e-15 -1.573461e-14 -1.888901e-14 -1.412559e-14 -6.171510e-15 -1.807334e-15 -8.938295e-16 -8.997024e-16 -3.433736e-15 -1.096327e-14 -1.768874e-14 -1.757194e-14 -1.100505e-14 -4.057575e-15 1.243660e-15 4.370721e-15 5.093374e-15
2.441395e-15 1.060295e-15 -2.453921e-15 -7.816940e-15 -1.436996e-14 -1.903292e-14 -1.527502e-14 -5.081134e-15 4.180227e-15 1.006753e-14 1.027826e-14 1.075676e-14 7.484756e-15 -8.178673e-16 -1.155697e-14 -1.871962e-14 -1.652302e-14 -9.996045e-15 -4.141919e-15 2.868729e-17 2.136603e-15
7.293518e-16 -1.034263e-15 -4.336068e-15 -8.862712e-15 -1.372667e-14 -1.450153e-14 -7.024138e-15 4.599844e-15 1.571231e-14 2.120793e-14 2.321083e-14 2.224295e-14 1.844649e-14 9.039862e-15 -2.946136e-15 -1.240453e-14 -1.468552e-14 -1.063527e-14 -5.820860e-15 -2.028566e-15 2.803105e-16
-2.665470e-19 -1.250223e-15 -3.336431e-15 -5.997609e-15 -8.403462e-15 -7.344711e-15 -1.416923e-15 7.593067e-15 1.689586e-14 1.965288e-14 2.165748e-14 2.019920e-14 1.748690e-14 1.116765e-14 1.797252e-15 -5.511439e-15 -8.589708e-15 -6.947714e-15 -4.200488e-15 -1.879319e-15 -3.289473e-16
-3.946537e-17 -2.563860e-16 -5.765426e-16 -8.971783e-16 -1.074968e-15 -7.611182e-16 9.896226e-17 1.595347e-15 3.069423e-15 2.829482e-15 2.233460e-15 2.533286e-15 3.242774e-15 2.290639e-15 4.541190e-16 -6.957359e-16 -1.101040e-15 -9.240042e-16 -6.373377e-16 -3.363388e-16 -8.806412e-17
3.499781e-17 9.343018e-16 2.442396e-15 4.445810e-15 6.287379e-15 5.394869e-15 8.739165e-16 -6.050187e-15 -1.308404e-14 -1.487451e-14 -1.519714e-14 -1.500716e-14 -1.392027e-14 -9.357729e-15 -1.633444e-15 3.988033e-15 6.418070e-15 5.298735e-15 3.186596e-15 1.427165e-15 2.847195e-16
-4.045298e-16 1.230914e-15 4.154287e-15 8.141687e-15 1.232358e-14 1.231798e-14 4.969040e-15 -6.274540e-15 -1.750843e-14 -2.332341e-14 -2.678389e-14 -2.468266e-14 -1.999564e-14 -1.047369e-14 1.051452e-15 1.018903e-14 1.316999e-14 9.861239e-15 5.553083e-15 2.145665e-15 1.858258e-17
-1.773888e-15 -1.786018e-16 3.312741e-15 8.409597e-15 1.449926e-14 1.788382e-14 1.244183e-14 1.735220e-15 -8.406626e-15 -1.334231e-14 -1.368917e-14 -1.362212e-14 -1.126223e-14 -2.353155e-15 8.660385e-15 1.707047e-14 1.650782e-14 1.061708e-14 5.013159e-15 8.691268e-16 -1.427691e-15
-4.056163e-15 -3.552648e-15 -7.341070e-16 4.188789e-15 1.069380e-14 1.732311e-14 1.826389e-14 1.133862e-14 2.686167e-15 -1.083440e-15 -2.520052e-15 -1.889620e-15 6.762806e-16 7.620953e-15 1.626086e-14 1.874483e-14 1.334387e-14 6.406219e-15 8.336572e-16 -2.799380e-15 -4.124483e-15
-6.699298e-15 -8.310628e-15 -7.663305e-15 -4.554537e-15 4.660681e-16 6.911092e-15 1.288734e-14 1.370758e-14 9.663872e-15 5.690264e-15 3.473644e-15 4.669996e-15 8.024912e-15 1.213904e-14 1.412118e-14 9.427075e-15 2.638732e-15 -2.957984e-15 -6.789865e-15 -8.375077e-15 -7.505450e-15
-8.778074e-15 -1.306212e-14 -1.587445e-14 -1.623635e-14 -1.446535e-14 -1.129168e-14 -7.001467e-15 -2.651872e-15 1.420179e-16 6.232504e-17 -7.533379e-16 7.419917e-17 6.856291e-16 -1.083035e-15 -5.056047e-15 -9.906393e-15 -1.366212e-14 -1.592587e-14 -1.633091e-14 -1.437414e-14 -1.046221e-14
-9.415750e-15 -1.604429e-14 -2.277607e-14 -2.794628e-14 -3.088570e-14 -3.210739e-14 -3.226442e-14 -3.146067e-14 -3.000171e-14 -2.880937e-14 -2.823221e-14 -2.828649e-14 -2.923539e-14 -3.083863e-14 -3.222718e-14 -3.259564e-14 -3.171408e-14 -2.931467e-14 -2.494004e-14 -1.867072e-14 -1.178481e-14
-8.314361e-15 -1.596894e-14 -2.563710e-14 -3.555532e-14 -4.411021e-14 -5.065099e-14 -5.555983e-14 -5.926240e-14 -6.191019e-14 -6.333603e-14 -6.379140e-14 -6.359651e-14 -6.250720e-14 -6.044352e-14 -5.738768e-14 -5.294202e-14 -4.684849e-14 -3.893357e-14 -2.942029e-14 -1.945952e-14 -1.086442e-14
-6.003298e-15 -1.291005e-14 -2.319378e-14 -3.580244e-14 -4.892752e-14 -6.095055e-14 -7.106264e-14 -7.912705e-14 -8.510306e-14 -8.884201e-14 -9.032147e-14 -8.960374e-14 -8.673213e-14 -8.174882e-14 -7.462709e-14 -6.525506e-14 -5.376246e-14 -4.084069e-14 -2.778570e-14 -1.640461e-14 -8.158420e-15
-3.504495e-15 -8.402651e-15 -1.682102e-14 -2.879215e-14 -4.322573e-14 -5.837296e-14 -7.254156e-14 -8.454948e-14 -9.367949e-14 -9.956726e-14 -1.020514e-13 -1.010215e-13 -9.652608e-14 -8.869306e-14 -7.774009e-14 -6.419633e-14 -4.911398e-14 -3.408933e-14 -2.093257e-14 -1.107808e-14 -4.930766e-15
