-3.243725e-15 -7.096495e-15 -1.282873e-14 -1.953392e-14 -2.554469e-14 -2.918467e-14 -2.943114e-14 -2.612010e-14 -1.979755e-14 -1.138279e-14 -1.848345e-15 7.902350e-15 1.688542e-14 2.409351e-14 2.859777e-14 2.972200e-14 2.735702e-14 2.212523e-14 1.544232e-14 9.109706e-15 4.454970e-15
-7.005019e-15 -1.389217e-14 -2.281965e-14 -3.176618e-14 -3.832513e-14 -4.086484e-14 -3.900395e-14 -3.322652e-14 -2.447301e-14 -1.386496e-14 -2.277379e-15 9.578765e-15 2.073963e-14 3.022888e-14 3.713632e-14 4.049359e-14 3.970520e-14 3.472959e-14 2.652182e-14 1.724195e-14 9.320543e-15
-1.263506e-14 -2.275977e-14 -3.411258e-14 -4.372002e-14 -4.912103e-14 -4.941419e-14 -4.518631e-14 -3.741151e-14 -2.704951e-14 -1.514971e-14 -2.421402e-15 1.049937e-14 2.288641e-14 3.386004e-14 4.254269e-14 4.797936e-14 4.939798e-14 4.613175e-14 3.819415e-14 2.722449e-14 1.623572e-14
-1.945877e-14 -3.200370e-14 -4.409799e-14 -5.258171e-14 -5.574771e-14 -5.372361e-14 -4.764538e-14 -3.860093e-14 -2.748805e-14 -1.515334e-14 -2.295515e-15 1.048988e-14 2.312875e-14 3.490757e-14 4.471682e-14 5.170290e-14 5.501259e-14 5.390039e-14 4.764614e-14 3.685060e-14 2.409310e-14
-2.619375e-14 -3.965721e-14 -5.073563e-14 -5.697650e-14 -5.791595e-14 -5.411895e-14 -4.675375e-14 -3.699287e-14 -2.615478e-14 -1.443846e-14 -2.192168e-15 1.002557e-14 2.196488e-14 3.335654e-14 4.360960e-14 5.190411e-14 5.673768e-14 5.738230e-14 5.325664e-14 4.407049e-14 3.126175e-14
-3.156057e-14 -4.443660e-14 -5.341649e-14 -5.725232e-14 -5.637542e-14 -5.142765e-14 -4.374155e-14 -3.553197e-14 -2.704490e-14 -1.578935e-14 -2.615205e-15 1.114927e-14 2.335279e-14 3.279604e-14 4.084534e-14 4.898065e-14 5.510785e-14 5.717316e-14 5.495342e-14 4.798447e-14 3.645404e-14
-3.486543e-14 -4.615672e-14 -5.276670e-14 -5.454696e-14 -5.232314e-14 -4.712892e-14 -4.254898e-14 -3.879556e-14 -3.080394e-14 -1.816070e-14 -3.108554e-15 1.288226e-14 2.701585e-14 3.663688e-14 4.154063e-14 4.531925e-14 5.088756e-14 5.419735e-14 5.371863e-14 4.887458e-14 3.923545e-14
-3.617114e-14 -4.551983e-14 -5.010908e-14 -5.038596e-14 -4.721489e-14 -4.435953e-14 -4.615790e-14 -4.427267e-14 -3.456845e-14 -2.100295e-14 -3.604077e-15 1.471360e-14 3.046029e-14 4.188946e-14 4.651460e-14 4.475313e-14 4.592161e-14 4.965121e-14 5.057215e-14 4.756891e-14 3.994555e-14
-3.614322e-14 -4.375803e-14 -4.680385e-14 -4.607365e-14 -4.297041e-14 -4.469403e-14 -5.109887e-14 -5.084248e-14 -4.284707e-14 -2.458643e-14 -4.315281e-15 1.683896e-14 3.685909e-14 4.905138e-14 5.226429e-14 4.779308e-14 4.288315e-14 4.503122e-14 4.681068e-14 4.528287e-14 3.939869e-14
-3.563001e-14 -4.206694e-14 -4.408573e-14 -4.264502e-14 -4.050211e-14 -4.699727e-14 -5.587991e-14 -5.963434e-14 -5.207901e-14 -2.884762e-14 -5.525939e-15 2.124699e-14 4.302463e-14 6.012593e-14 5.866247e-14 5.138285e-14 4.176077e-14 4.158333e-14 4.383111e-14 4.325219e-14 3.853143e-14
-3.528412e-14 -4.121486e-14 -4.283111e-14 -4.120041e-14 -3.978355e-14 -4.848184e-14 -5.897909e-14 -6.588252e-14 -5.471003e-14 -2.916575e-14 -5.681881e-15 2.179375e-14 4.432912e-14 6.711910e-14 6.211916e-14 5.274114e-14 4.150789e-14 4.020712e-14 4.254438e-14 4.228489e-14 3.805620e-14
-3.541742e-14 -4.157034e-14 -4.339585e-14 -4.195321e-14 -4.030174e-14 -4.786434e-14 -5.736581e-14 -6.249905e-14 -5.331968e-14 -2.880008e-14 -5.611278e-15 2.142796e-14 4.349356e-14 6.365887e-14 6.033094e-14 5.210316e-14 4.175836e-14 4.101251e-14 4.322520e-14 4.276037e-14 3.830589e-14
-3.588972e-14 -4.297541e-14 -4.561358e-14 -4.471981e-14 -4.208644e-14 -4.569853e-14 -5.303635e-14 -5.381523e-14 -4.562036e-14 -2.447304e-14 -3.902337e-15 1.681556e-14 3.831673e-14 5.239236e-14 5.457877e-14 4.943890e-14 4.248311e-14 4.379347e-14 4.571543e-14 4.450908e-14 3.911475e-14
-3.614166e-14 -4.475551e-14 -4.874703e-14 -4.886939e-14 -4.593893e-14 -4.459923e-14 -4.817503e-14 -4.645658e-14 -3.652870e-14 -2.005449e-14 -2.880599e-15 1.324476e-14 3.130770e-14 4.360401e-14 4.862240e-14 4.574899e-14 4.495848e-14 4.827627e-14 4.931246e-14 4.678850e-14 3.986788e-14
-3.536472e-14 -4.586563e-14 -5.166618e-14 -5.310687e-14 -5.088296e-14 -4.622070e-14 -4.363044e-14 -4.078878e-14 -3.176648e-14 -1.720141e-14 -2.483049e-15 1.175971e-14 2.665466e-14 3.834579e-14 4.314324e-14 4.479800e-14 4.942028e-14 5.298599e-14 5.282239e-14 4.859632e-14 3.969080e-14
-3.278840e-14 -4.506870e-14 -5.309994e-14 -5.625551e-14 -5.521552e-14 -5.036847e-14 -4.327885e-14 -3.632392e-14 -2.752472e-14 -1.556514e-14 -2.315452e-15 1.093884e-14 2.342378e-14 3.358948e-14 4.043848e-14 4.785649e-14 5.414259e-14 5.660913e-14 5.490428e-14 4.863802e-14 3.764507e-14
-2.809617e-14 -4.141520e-14 -5.168480e-14 -5.692510e-14 -5.740088e-14 -5.382588e-14 -4.649996e-14 -3.659354e-14 -2.540932e-14 -1.389163e-14 -2.091644e-15 9.755201e-15 2.127930e-14 3.240020e-14 4.287834e-14 5.169331e-14 5.690752e-14 5.789367e-14 5.431732e-14 4.575202e-14 3.314522e-14
-2.169603e-14 -3.467968e-14 -4.645431e-14 -5.406090e-14 -5.649536e-14 -5.428026e-14 -4.811909e-14 -3.864572e-14 -2.696252e-14 -1.452462e-14 -2.276718e-15 1.000467e-14 2.241701e-14 3.438323e-14 4.503038e-14 5.280269e-14 5.651737e-14 5.567838e-14 4.989193e-14 3.940422e-14 2.639161e-14
-1.472025e-14 -2.575809e-14 -3.748292e-14 -4.677875e-14 -5.153859e-14 -5.123034e-14 -4.650785e-14 -3.824114e-14 -2.741643e-14 -1.514516e-14 -2.394144e-15 1.045906e-14 2.299489e-14 3.448742e-14 4.402829e-14 5.028171e-14 5.217628e-14 4.917955e-14 4.139537e-14 3.021140e-14 1.850163e-14
-8.557162e-15 -1.649751e-14 -2.631941e-14 -3.565624e-14 -4.205374e-14 -4.403455e-14 -4.142812e-14 -3.494068e-14 -2.557862e-14 -1.438592e-14 -2.267435e-15 9.992740e-15 2.164495e-14 3.188922e-14 3.969229e-14 4.384751e-14 4.348193e-14 3.854734e-14 3.001317e-14 2.000867e-14 1.111696e-14
-4.163244e-15 -8.868437e-15 -1.559187e-14 -2.311711e-14 -2.951410e-14 -3.301284e-14 -3.270294e-14 -2.865639e-14 -2.154563e-14 -1.231240e-14 -1.937730e-15 8.637510e-15 1.846386e-14 2.655419e-14 3.188751e-14 3.358916e-14 3.134554e-14 2.576740e-14 1.836437e-14 1.111028e-14 5.581552e-15
