4.400103e-17 1.924952e-16 5.371021e-16 1.125839e-15 1.869536e-15 2.484965e-15 2.591552e-15 1.861903e-15 1.671516e-16 -2.345448e-15 -5.272585e-15 -7.993223e-15 -9.964882e-15 -1.087081e-14 -1.060913e-14 -9.244086e-15 -7.070672e-15 -4.668577e-15 -2.629925e-15 -1.252474e-15 -4.979981e-16
5.556551e-17 2.950315e-16 8.188912e-16 1.650933e-15 2.631672e-15 3.370302e-15 3.418557e-15 2.499271e-15 5.777726e-16 -2.267855e-15 -5.468179e-15 -8.210142e-15 -1.030261e-14 -1.160741e-14 -1.179546e-14 -1.080777e-14 -8.801105e-15 -6.238702e-15 -3.804374e-15 -1.974522e-15 -8.569246e-16
5.907018e-17 4.004901e-16 1.089435e-15 2.091854e-15 3.198728e-15 3.942005e-15 3.761877e-15 2.538615e-15 5.312220e-16 -2.110958e-15 -4.830238e-15 -7.166924e-15 -9.114684e-15 -1.049725e-14 -1.097105e-14 -1.044566e-14 -8.966831e-15 -6.765578e-15 -4.440136e-15 -2.499440e-15 -1.176392e-15
9.552559e-17 5.607407e-16 1.387637e-15 2.441628e-15 3.500716e-15 4.145473e-15 3.735989e-15 2.242705e-15 1.474012e-16 -1.909912e-15 -3.757079e-15 -5.630497e-15 -7.149382e-15 -8.325410e-15 -9.134863e-15 -9.127842e-15 -8.153784e-15 -6.431392e-15 -4.468436e-15 -2.681028e-15 -1.343639e-15
2.427777e-16 8.715228e-16 1.838737e-15 2.896091e-15 3.803043e-15 4.305420e-15 3.937843e-15 2.738410e-15 8.358331e-16 -1.015947e-15 -2.714465e-15 -4.366198e-15 -5.451402e-15 -6.402480e-15 -7.397553e-15 -7.750503e-15 -7.136252e-15 -5.866233e-15 -4.271613e-15 -2.672682e-15 -1.392932e-15
5.577033e-16 1.381010e-15 2.523045e-15 3.723756e-15 4.654390e-15 5.133553e-15 5.214079e-15 4.932259e-15 3.400291e-15 4.559612e-16 -2.742311e-15 -5.109229e-15 -6.737818e-15 -7.304164e-15 -7.098634e-15 -6.800476e-15 -6.370496e-15 -5.524323e-15 -4.227665e-15 -2.745852e-15 -1.483438e-15
1.002189e-15 1.986618e-15 3.251723e-15 4.656454e-15 5.849134e-15 6.697465e-15 7.764247e-15 8.627750e-15 6.963895e-15 1.579329e-15 -4.207878e-15 -7.760272e-15 -1.109018e-14 -1.161176e-14 -9.300884e-15 -7.058122e-15 -6.160452e-15 -5.525197e-15 -4.390470e-15 -3.000088e-15 -1.721741e-15
1.430088e-15 2.476254e-15 3.744163e-15 5.211824e-15 6.678673e-15 8.363688e-15 1.086990e-14 1.223254e-14 9.595221e-15 1.475383e-15 -6.336705e-15 -1.186694e-14 -1.694143e-14 -1.661885e-14 -1.300580e-14 -8.662078e-15 -6.341856e-15 -5.348795e-15 -4.353581e-15 -3.196954e-15 -2.002308e-15
1.699253e-15 2.672653e-15 3.804500e-15 5.077694e-15 6.460855e-15 8.800336e-15 1.208109e-14 1.346208e-14 1.112505e-14 2.344665e-15 -5.052852e-15 -1.097676e-14 -1.869861e-14 -1.916085e-14 -1.444404e-14 -9.711245e-15 -6.257926e-15 -4.812642e-15 -3.968990e-15 -3.089634e-15 -2.112634e-15
1.744778e-15 2.451110e-15 3.160222e-15 3.956881e-15 5.020562e-15 7.117616e-15 9.999451e-15 1.229850e-14 1.004858e-14 2.001014e-15 -2.649893e-15 -6.962544e-15 -1.479880e-14 -1.698190e-14 -1.235701e-14 -8.115434e-15 -5.085127e-15 -3.849767e-15 -3.211816e-15 -2.630945e-15 -1.990969e-15
1.615207e-15 1.929423e-15 2.038189e-15 2.164859e-15 2.732739e-15 4.161788e-15 5.949853e-15 9.135219e-15 9.552605e-15 4.357101e-15 -8.439631e-17 -3.539083e-15 -9.840861e-15 -1.111229e-14 -6.909279e-15 -4.575994e-15 -3.155949e-15 -2.482640e-15 -2.169037e-15 -1.969266e-15 -1.715952e-15
1.478230e-15 1.440319e-15 1.021601e-15 5.062935e-16 2.337204e-16 3.331316e-16 1.160867e-15 4.956082e-15 7.249771e-15 3.369266e-15 2.172676e-15 3.844675e-15 -1.505480e-16 -2.728365e-15 -1.129269e-15 -6.874313e-16 -9.268441e-16 -1.150075e-15 -1.275959e-15 -1.391847e-15 -1.448762e-15
1.503681e-15 1.268976e-15 4.958919e-16 -4.738460e-16 -1.268489e-15 -2.037356e-15 -2.748636e-15 -6.736081e-16 2.968308e-15 2.386963e-15 4.153556e-15 8.591955e-15 6.745820e-15 4.868235e-15 3.835528e-15 1.749114e-15 1.997294e-16 -3.824621e-16 -7.193065e-16 -1.096530e-15 -1.362613e-15
1.729547e-15 1.529629e-15 7.221442e-16 -3.902010e-16 -1.424628e-15 -2.497548e-15 -4.004184e-15 -3.820016e-15 -1.049785e-15 -7.823676e-17 5.098971e-15 1.219534e-14 1.108466e-14 8.142520e-15 5.329968e-15 2.147133e-15 3.919786e-16 -1.932474e-16 -6.612117e-16 -1.173231e-15 -1.463226e-15
2.035886e-15 2.065971e-15 1.493308e-15 5.713116e-16 -3.328168e-16 -1.164381e-15 -2.247490e-15 -2.938849e-15 -2.812856e-15 -1.298075e-15 3.933798e-15 9.874366e-15 9.603266e-15 6.615518e-15 3.533660e-15 1.176879e-15 2.258699e-17 -5.269035e-16 -9.948446e-16 -1.430383e-15 -1.596589e-15
2.217126e-15 2.560044e-15 2.330405e-15 1.720397e-15 1.121152e-15 7.910309e-16 5.087076e-16 -4.006828e-18 -7.303251e-16 -5.625852e-17 2.434775e-15 5.112458e-15 5.387898e-15 3.294453e-15 1.278531e-15 2.586283e-16 -2.202726e-16 -6.649993e-16 -1.130762e-15 -1.512716e-15 -1.564288e-15
2.098171e-15 2.692091e-15 2.789143e-15 2.465383e-15 2.093531e-15 2.018492e-15 2.144933e-15 2.106031e-15 1.714211e-15 1.611086e-15 2.469689e-15 3.245380e-15 2.980868e-15 2.187696e-15 1.381943e-15 8.957397e-16 4.381156e-16 -1.375080e-16 -7.398395e-16 -1.185471e-15 -1.239886e-15
1.661968e-15 2.317164e-15 2.595976e-15 2.463849e-15 2.203776e-15 2.156070e-15 2.450953e-15 2.841209e-15 2.957046e-15 3.024882e-15 3.738820e-15 4.236334e-15 4.154388e-15 3.965061e-15 3.451808e-15 2.702662e-15 1.920901e-15 1.047106e-15 1.548894e-16 -4.961741e-16 -6.959220e-16
1.075970e-15 1.600756e-15 1.877846e-15 1.806098e-15 1.564318e-15 1.453622e-15 1.691588e-15 2.227172e-15 2.924277e-15 3.857600e-15 5.014821e-15 6.014214e-15 6.584548e-15 6.567108e-15 5.925900e-15 4.930716e-15 3.772797e-15 2.468890e-15 1.194746e-15 2.687246e-16 -1.504723e-16
5.585034e-16 8.691311e-16 1.030460e-15 9.364348e-16 6.757551e-16 4.701790e-16 5.847658e-16 1.201860e-15 2.358434e-15 3.963439e-15 5.674348e-15 7.218732e-15 8.281362e-15 8.494222e-15 7.873271e-15 6.699473e-15 5.169910e-15 3.452353e-15 1.865378e-15 7.443268e-16 1.781222e-16
2.266646e-16 3.554347e-16 3.867215e-16 2.344288e-16 -6.272121e-17 -3.274600e-16 -2.753605e-16 3.839237e-16 1.733119e-15 3.624445e-15 5.715506e-15 7.543598e-15 8.733677e-15 9.064144e-15 8.476077e-15 7.136181e-15 5.335052e-15 3.433333e-15 1.826677e-15 7.691174e-16 2.431212e-16
