Iteration# z ADDATime OurCalcTime
1.0000000000 -0.0500000000 0.0000000000 44.0000000000
2.0000000000 0.0000000000 0.0000000000 42.6600000000
3.0000000000 0.0500000000 0.0000000000 46.5700000000
4.0000000000 0.1000000000 0.0000000000 43.0900000000
5.0000000000 0.1500000000 0.0000000000 37.8600000000
6.0000000000 0.2000000000 0.0000000000 37.2100000000
7.0000000000 0.2500000000 0.0000000000 37.8400000000
8.0000000000 0.3000000000 0.0000000000 36.9400000000
9.0000000000 0.3500000000 0.0000000000 36.7100000000
10.0000000000 0.4000000000 0.0000000000 39.7000000000
11.0000000000 0.4500000000 0.0000000000 41.4900000000
12.0000000000 0.5000000000 0.0000000000 42.4800000000
13.0000000000 0.5500000000 0.0000000000 38.6200000000
14.0000000000 0.6000000000 0.0000000000 36.6400000000
15.0000000000 0.6500000000 0.0000000000 36.9600000000
16.0000000000 0.6250000000 0.0000000000 36.9100000000
17.0000000000 0.6125000000 0.0000000000 36.9400000000
18.0000000000 0.6250000000 0.0100000000 36.4700000000
19.0000000000 0.6187500000 0.0000000000 36.5800000000
20.0000000000 0.6156250000 0.0000000000 37.1000000000
21.0000000000 0.6140625000 0.0000000000 36.9000000000
22.0000000000 0.6156250000 0.0000000000 38.9100000000
23.0000000000 0.6148437500 0.0000000000 41.9400000000
24.0000000000 0.6156250000 0.0000000000 37.4800000000
25.0000000000 0.6152343750 0.0000000000 42.1000000000
26.0000000000 0.6156250000 0.0000000000 42.3800000000
27.0000000000 0.6154296875 0.0100000000 41.6600000000
28.0000000000 0.6153320312 0.0000000000 41.4900000000
1.0000000000 0.6152832031 0.0000000000 41.6000000000
2.0000000000 0.6153320312 0.0000000000 41.5600000000
3.0000000000 0.6153808594 0.0000000000 41.3800000000
4.0000000000 0.6154296875 0.0000000000 41.9800000000
5.0000000000 0.6154785156 0.0000000000 49.0600000000
6.0000000000 0.6155273437 0.0000000000 50.5600000000
7.0000000000 0.6155761719 0.0000000000 54.3000000000
8.0000000000 0.6156250000 0.0000000000 62.1700000000
9.0000000000 0.6156738281 0.0200000000 81.9200000000
10.0000000000 0.6157226562 0.0000000000 50.8000000000
11.0000000000 0.6157714844 0.0000000000 50.8500000000
12.0000000000 0.6158203125 0.0000000000 49.5000000000
13.0000000000 0.6158691406 0.0100000000 49.7900000000
14.0000000000 0.6159179687 0.0000000000 43.5200000000
15.0000000000 0.6159667969 0.0000000000 42.7700000000
16.0000000000 0.6160156250 0.0000000000 41.4300000000
17.0000000000 0.6160644531 0.0000000000 41.2900000000
18.0000000000 0.6161132812 0.0000000000 41.0700000000
19.0000000000 0.6161621094 0.0000000000 41.6600000000
20.0000000000 0.6162109375 0.0000000000 41.7300000000
21.0000000000 0.6162597656 0.0000000000 42.0000000000
22.0000000000 0.6163085937 0.0000000000 41.7700000000
23.0000000000 0.6163574219 0.0000000000 41.9100000000
24.0000000000 0.6164062500 0.0000000000 41.7800000000
25.0000000000 0.6164550781 0.0000000000 42.0200000000
26.0000000000 0.6165039062 0.0000000000 41.8000000000
27.0000000000 0.6165527344 0.0000000000 42.1900000000
28.0000000000 0.6166015625 0.0000000000 41.8900000000
29.0000000000 0.6166503906 0.0000000000 42.9700000000
30.0000000000 0.6166992187 0.0000000000 42.1300000000
31.0000000000 0.6167480469 0.0000000000 45.4800000000
32.0000000000 0.6167968750 0.0000000000 48.2300000000
33.0000000000 0.6168457031 0.0000000000 49.1100000000
34.0000000000 0.6168945312 0.0000000000 47.3200000000
35.0000000000 0.6169433594 0.0000000000 47.0100000000
36.0000000000 0.6169921875 0.0000000000 46.5800000000
37.0000000000 0.6170410156 0.0000000000 46.7100000000
38.0000000000 0.6170898437 0.0000000000 47.4600000000
39.0000000000 0.6171386719 0.0000000000 46.7600000000
40.0000000000 0.6171875000 0.0000000000 47.1400000000
41.0000000000 0.6172363281 0.0000000000 47.2500000000
42.0000000000 0.6172851562 0.0000000000 51.3900000000
43.0000000000 0.6173339844 0.0000000000 63.4600000000
44.0000000000 0.6173828125 0.0000000000 62.8400000000
45.0000000000 0.6174316406 0.0000000000 58.3800000000
46.0000000000 0.6174804687 0.0000000000 52.1300000000
47.0000000000 0.6175292969 0.0000000000 61.9100000000
48.0000000000 0.6175781250 0.0000000000 59.8300000000
49.0000000000 0.6176269531 0.0000000000 44.7000000000
50.0000000000 0.6176757812 0.0000000000 42.0300000000
51.0000000000 0.6177246094 0.0000000000 42.1600000000
52.0000000000 0.6177734375 0.0000000000 42.5400000000
53.0000000000 0.6178222656 0.0000000000 42.2800000000
54.0000000000 0.6178710937 0.0000000000 42.3100000000
55.0000000000 0.6179199219 0.0000000000 41.6800000000
56.0000000000 0.6179687500 0.0000000000 42.1100000000
57.0000000000 0.6180175781 0.0000000000 41.6000000000
58.0000000000 0.6180664062 0.0000000000 42.1500000000
59.0000000000 0.6181152344 0.0000000000 42.0400000000
60.0000000000 0.6181640625 0.0000000000 42.5800000000
61.0000000000 0.6182128906 0.0000000000 42.2900000000
62.0000000000 0.6182617187 0.0000000000 41.9400000000
63.0000000000 0.6183105469 0.0000000000 41.2000000000
64.0000000000 0.6183593750 0.0000000000 41.3100000000
65.0000000000 0.6184082031 0.0100000000 42.2600000000
66.0000000000 0.6184570312 0.0100000000 41.6800000000
67.0000000000 0.6185058594 0.0000000000 42.9800000000
68.0000000000 0.6185546875 0.0000000000 41.5200000000
69.0000000000 0.6186035156 0.0000000000 41.5600000000
70.0000000000 0.6186523437 0.0100000000 42.5900000000
71.0000000000 0.6187011719 0.0000000000 42.2000000000
72.0000000000 0.6187500000 0.0000000000 48.8900000000
73.0000000000 0.6187988281 0.0000000000 48.1300000000
74.0000000000 0.6188476562 0.0000000000 46.7900000000
75.0000000000 0.6188964844 0.0000000000 46.4500000000
76.0000000000 0.6189453125 0.0000000000 46.2800000000
77.0000000000 0.6189941406 0.0100000000 46.4600000000
78.0000000000 0.6190429687 0.0100000000 46.7900000000
79.0000000000 0.6190917969 0.0100000000 46.9300000000
80.0000000000 0.6191406250 0.0000000000 46.7900000000
81.0000000000 0.6191894531 0.0100000000 46.7800000000
82.0000000000 0.6192382812 0.0000000000 47.3900000000
83.0000000000 0.6192871094 0.0000000000 64.2000000000
84.0000000000 0.6193359375 0.0000000000 71.8400000000
85.0000000000 0.6193847656 0.0000000000 61.5700000000
86.0000000000 0.6194335937 0.0000000000 65.4600000000
87.0000000000 0.6194824219 0.0000000000 58.5800000000
88.0000000000 0.6195312500 0.0000000000 58.0600000000
89.0000000000 0.6195800781 0.0000000000 45.9800000000
90.0000000000 0.6196289062 0.0000000000 42.7400000000
91.0000000000 0.6196777344 0.0000000000 41.6800000000
92.0000000000 0.6197265625 0.0000000000 41.7900000000
93.0000000000 0.6197753906 0.0000000000 42.2300000000
94.0000000000 0.6198242187 0.0100000000 42.2100000000
95.0000000000 0.6198730469 0.0000000000 41.6200000000
96.0000000000 0.6199218750 0.0000000000 41.2900000000
97.0000000000 0.6199707031 0.0000000000 43.7000000000
98.0000000000 0.6200195312 0.0100000000 48.8000000000
99.0000000000 0.6200683594 0.0000000000 47.8000000000
100.0000000000 0.6201171875 0.0100000000 62.6900000000
101.0000000000 0.6201660156 0.0000000000 53.9000000000
102.0000000000 0.6202148437 0.0100000000 46.0900000000
103.0000000000 0.6202636719 0.0000000000 44.5600000000
104.0000000000 0.6203125000 0.0100000000 43.7300000000
105.0000000000 0.6203613281 0.0000000000 41.4300000000
106.0000000000 0.6204101562 0.0000000000 41.9700000000
107.0000000000 0.6204589844 0.0000000000 42.4500000000
108.0000000000 0.6205078125 0.0000000000 42.1600000000
109.0000000000 0.6205566406 0.0000000000 42.7600000000
110.0000000000 0.6206054687 0.0000000000 43.6000000000
111.0000000000 0.6206542969 0.0000000000 48.8600000000
112.0000000000 0.6207031250 0.0000000000 52.4300000000
113.0000000000 0.6207519531 0.0000000000 51.9000000000
114.0000000000 0.6208007812 0.0000000000 51.9800000000
115.0000000000 0.6208496094 0.0000000000 49.1800000000
116.0000000000 0.6208984375 0.0000000000 48.6500000000
117.0000000000 0.6209472656 0.0000000000 48.2800000000
118.0000000000 0.6209960937 0.0100000000 49.7500000000
119.0000000000 0.6210449219 0.0000000000 48.1100000000
120.0000000000 0.6210937500 0.0000000000 49.6600000000
121.0000000000 0.6211425781 0.0000000000 47.9400000000
122.0000000000 0.6211914062 0.0000000000 54.0400000000
123.0000000000 0.6212402344 0.0000000000 71.3600000000
124.0000000000 0.6212890625 0.0000000000 56.9800000000
125.0000000000 0.6213378906 0.0000000000 48.6600000000
126.0000000000 0.6213867187 0.0000000000 51.1600000000
127.0000000000 0.6214355469 0.0100000000 49.1200000000
128.0000000000 0.6214843750 0.0000000000 48.6000000000
129.0000000000 0.6215332031 0.0000000000 41.6800000000
130.0000000000 0.6215820312 0.0000000000 41.4700000000
131.0000000000 0.6216308594 0.0000000000 43.1900000000
132.0000000000 0.6216796875 0.0000000000 46.1400000000
133.0000000000 0.6217285156 0.0000000000 44.8600000000
134.0000000000 0.6217773437 0.0000000000 42.9100000000
135.0000000000 0.6218261719 0.0000000000 41.6500000000
136.0000000000 0.6218750000 0.0000000000 41.7800000000
137.0000000000 0.6219238281 0.0000000000 41.3100000000
138.0000000000 0.6219726562 0.0000000000 44.4700000000
139.0000000000 0.6220214844 0.0000000000 45.4600000000
140.0000000000 0.6220703125 0.0000000000 44.2600000000
141.0000000000 0.6221191406 0.0000000000 41.9200000000
142.0000000000 0.6221679687 0.0100000000 42.0300000000
143.0000000000 0.6222167969 0.0000000000 43.9900000000
144.0000000000 0.6222656250 0.0000000000 42.4400000000
145.0000000000 0.6223144531 0.0000000000 42.1200000000
146.0000000000 0.6223632812 0.0100000000 41.6000000000
147.0000000000 0.6224121094 0.0100000000 42.7500000000
148.0000000000 0.6224609375 0.0000000000 50.0400000000
149.0000000000 0.6225097656 0.0000000000 49.9300000000
150.0000000000 0.6225585937 0.0000000000 49.1000000000
151.0000000000 0.6226074219 0.0000000000 48.6700000000
152.0000000000 0.6226562500 0.0000000000 50.9600000000
153.0000000000 0.6227050781 0.0100000000 48.9400000000
154.0000000000 0.6227539062 0.0000000000 48.8500000000
155.0000000000 0.6228027344 0.0000000000 50.8800000000
156.0000000000 0.6228515625 0.0000000000 53.0400000000
157.0000000000 0.6229003906 0.0000000000 54.5300000000
158.0000000000 0.6229492187 0.0100000000 50.5200000000
159.0000000000 0.6229980469 0.0000000000 47.5000000000
160.0000000000 0.6230468750 0.0000000000 49.2000000000
161.0000000000 0.6230957031 0.0000000000 49.1600000000
162.0000000000 0.6231445312 0.0000000000 47.6200000000
163.0000000000 0.6231933594 0.0100000000 47.1100000000
164.0000000000 0.6232421875 0.0000000000 47.6400000000
165.0000000000 0.6232910156 0.0000000000 47.7900000000
166.0000000000 0.6233398437 0.0000000000 47.7200000000
167.0000000000 0.6233886719 0.0000000000 49.0500000000
168.0000000000 0.6234375000 0.0000000000 62.4700000000
169.0000000000 0.6234863281 0.0000000000 66.8900000000
170.0000000000 0.6235351562 0.0000000000 62.8000000000
171.0000000000 0.6235839844 0.0000000000 66.2100000000
172.0000000000 0.6236328125 0.0000000000 59.2900000000
173.0000000000 0.6236816406 0.0000000000 55.3800000000
174.0000000000 0.6237304687 0.0000000000 44.7600000000
175.0000000000 0.6237792969 0.0000000000 44.1900000000
176.0000000000 0.6238281250 0.0000000000 46.5300000000
177.0000000000 0.6238769531 0.0000000000 48.4200000000
178.0000000000 0.6239257812 0.0000000000 61.3700000000
179.0000000000 0.6239746094 0.0000000000 59.0100000000
180.0000000000 0.6240234375 0.0000000000 49.9900000000
181.0000000000 0.6240722656 0.0000000000 42.2600000000
182.0000000000 0.6241210937 0.0000000000 41.4800000000
183.0000000000 0.6241699219 0.0000000000 42.2900000000
184.0000000000 0.6242187500 0.0000000000 41.7900000000
185.0000000000 0.6242675781 0.0100000000 41.7000000000
186.0000000000 0.6243164062 0.0000000000 42.3300000000
187.0000000000 0.6243652344 0.0000000000 44.5100000000
188.0000000000 0.6244140625 0.0000000000 41.9700000000
189.0000000000 0.6244628906 0.0000000000 42.3100000000
190.0000000000 0.6245117187 0.0000000000 42.4500000000
191.0000000000 0.6245605469 0.0000000000 41.6400000000
192.0000000000 0.6246093750 0.0000000000 41.7900000000
193.0000000000 0.6246582031 0.0000000000 41.7500000000
194.0000000000 0.6247070312 0.0000000000 42.3700000000
195.0000000000 0.6247558594 0.0000000000 42.0800000000
196.0000000000 0.6248046875 0.0000000000 42.1300000000
197.0000000000 0.6248535156 0.0000000000 41.9800000000
198.0000000000 0.6249023437 0.0000000000 42.2800000000
199.0000000000 0.6249511719 0.0000000000 41.5600000000
200.0000000000 0.6250000000 0.0000000000 41.8500000000
201.0000000000 0.6250488281 0.0100000000 42.1400000000
202.0000000000 0.6250976562 0.0000000000 41.6100000000
203.0000000000 0.6251464844 0.0000000000 42.3500000000
204.0000000000 0.6251953125 0.0000000000 42.1400000000
205.0000000000 0.6252441406 0.0000000000 42.3000000000
206.0000000000 0.6252929687 0.0100000000 41.9800000000
207.0000000000 0.6253417969 0.0000000000 41.6600000000
208.0000000000 0.6253906250 0.0000000000 41.8300000000
209.0000000000 0.6254394531 0.0000000000 42.2100000000
210.0000000000 0.6254882812 0.0000000000 41.8400000000
211.0000000000 0.6255371094 0.0000000000 41.3300000000
212.0000000000 0.6255859375 0.0000000000 41.8500000000
213.0000000000 0.6256347656 0.0000000000 41.7200000000
214.0000000000 0.6256835937 0.0000000000 41.8700000000
215.0000000000 0.6257324219 0.0000000000 41.8800000000
216.0000000000 0.6257812500 0.0000000000 41.6200000000
217.0000000000 0.6258300781 0.0000000000 41.8100000000
218.0000000000 0.6258789062 0.0000000000 42.0400000000
219.0000000000 0.6259277344 0.0100000000 41.7900000000
220.0000000000 0.6259765625 0.0000000000 41.8200000000
221.0000000000 0.6260253906 0.0000000000 42.2500000000
222.0000000000 0.6260742187 0.0000000000 41.8800000000
223.0000000000 0.6261230469 0.0000000000 41.9300000000
224.0000000000 0.6261718750 0.0000000000 41.5400000000
225.0000000000 0.6262207031 0.0000000000 41.4900000000
226.0000000000 0.6262695312 0.0000000000 41.7100000000
227.0000000000 0.6263183594 0.0000000000 41.6700000000
228.0000000000 0.6263671875 0.0000000000 41.6000000000
229.0000000000 0.6264160156 0.0000000000 41.7900000000
230.0000000000 0.6264648437 0.0000000000 41.7700000000
231.0000000000 0.6265136719 0.0000000000 42.1500000000
232.0000000000 0.6265625000 0.0000000000 42.0800000000
233.0000000000 0.6266113281 0.0000000000 41.7500000000
234.0000000000 0.6266601562 0.0000000000 41.5900000000
235.0000000000 0.6267089844 0.0000000000 41.4300000000
236.0000000000 0.6267578125 0.0000000000 41.2200000000
237.0000000000 0.6268066406 0.0000000000 41.6500000000
238.0000000000 0.6268554687 0.0000000000 42.7500000000
239.0000000000 0.6269042969 0.0000000000 41.5800000000
240.0000000000 0.6269531250 0.0000000000 41.3500000000
241.0000000000 0.6270019531 0.0000000000 41.6400000000
242.0000000000 0.6270507812 0.0000000000 42.8100000000
243.0000000000 0.6270996094 0.0100000000 41.8200000000
244.0000000000 0.6271484375 0.0000000000 41.1900000000
245.0000000000 0.6271972656 0.0100000000 40.9200000000
246.0000000000 0.6272460937 0.0000000000 41.3100000000
247.0000000000 0.6272949219 0.0000000000 41.4600000000
248.0000000000 0.6273437500 0.0000000000 41.1200000000
249.0000000000 0.6273925781 0.0000000000 41.1400000000
250.0000000000 0.6274414062 0.0000000000 41.2600000000
251.0000000000 0.6274902344 0.0000000000 41.3800000000
252.0000000000 0.6275390625 0.0000000000 41.2900000000
253.0000000000 0.6275878906 0.0100000000 41.5100000000
254.0000000000 0.6276367187 0.0000000000 41.2300000000
255.0000000000 0.6276855469 0.0100000000 41.1300000000
256.0000000000 0.6277343750 0.0100000000 41.2500000000
257.0000000000 0.6277832031 0.0000000000 41.3700000000
258.0000000000 0.6278320312 0.0000000000 41.7800000000
259.0000000000 0.6278808594 0.0000000000 42.0200000000
260.0000000000 0.6279296875 0.0000000000 41.8900000000
261.0000000000 0.6279785156 0.0000000000 41.7500000000
262.0000000000 0.6280273437 0.0000000000 41.6300000000
263.0000000000 0.6280761719 0.0100000000 41.5100000000
264.0000000000 0.6281250000 0.0000000000 41.5300000000
265.0000000000 0.6281738281 0.0000000000 41.9500000000
266.0000000000 0.6282226562 0.0000000000 41.9100000000
267.0000000000 0.6282714844 0.0000000000 41.9700000000
268.0000000000 0.6283203125 0.0000000000 42.4500000000
269.0000000000 0.6283691406 0.0000000000 41.4800000000
270.0000000000 0.6284179687 0.0000000000 41.5000000000
271.0000000000 0.6284667969 0.0000000000 42.2000000000
272.0000000000 0.6285156250 0.0000000000 41.6900000000
273.0000000000 0.6285644531 0.0000000000 43.6700000000
274.0000000000 0.6286132812 0.0000000000 42.1000000000
275.0000000000 0.6286621094 0.0000000000 43.1200000000
276.0000000000 0.6287109375 0.0000000000 42.0300000000
277.0000000000 0.6287597656 0.0000000000 41.8200000000
278.0000000000 0.6288085937 0.0000000000 41.8900000000
279.0000000000 0.6288574219 0.0000000000 42.0500000000
280.0000000000 0.6289062500 0.0000000000 41.6700000000
281.0000000000 0.6289550781 0.0000000000 41.9000000000
282.0000000000 0.6290039062 0.0000000000 41.8300000000
283.0000000000 0.6290527344 0.0000000000 41.9100000000
284.0000000000 0.6291015625 0.0000000000 41.8000000000
285.0000000000 0.6291503906 0.0000000000 42.0300000000
286.0000000000 0.6291992187 0.0000000000 41.5200000000
287.0000000000 0.6292480469 0.0000000000 42.1400000000
288.0000000000 0.6292968750 0.0000000000 42.0400000000
289.0000000000 0.6293457031 0.0000000000 41.9700000000
290.0000000000 0.6293945312 0.0000000000 41.9700000000
291.0000000000 0.6294433594 0.0000000000 43.4200000000
292.0000000000 0.6294921875 0.0000000000 44.4600000000
293.0000000000 0.6295410156 0.0000000000 42.3000000000
294.0000000000 0.6295898437 0.0000000000 42.6300000000
295.0000000000 0.6296386719 0.0000000000 42.3700000000
296.0000000000 0.6296875000 0.0000000000 42.7800000000
297.0000000000 0.6297363281 0.0000000000 41.2300000000
298.0000000000 0.6297851562 0.0000000000 41.2100000000
299.0000000000 0.6298339844 0.0000000000 42.8800000000
300.0000000000 0.6298828125 0.0000000000 42.0300000000
301.0000000000 0.6299316406 0.0000000000 41.7300000000
302.0000000000 0.6299804687 0.0000000000 41.4200000000
303.0000000000 0.6300292969 0.0000000000 42.1500000000
304.0000000000 0.6300781250 0.0100000000 41.5900000000
305.0000000000 0.6301269531 0.0000000000 41.3600000000
306.0000000000 0.6301757812 0.0000000000 42.8600000000
307.0000000000 0.6302246094 0.0100000000 42.8600000000
308.0000000000 0.6302734375 0.0000000000 41.8200000000
309.0000000000 0.6303222656 0.0000000000 41.3900000000
310.0000000000 0.6303710937 0.0000000000 42.3500000000
311.0000000000 0.6304199219 0.0000000000 43.4200000000
312.0000000000 0.6304687500 0.0000000000 41.7600000000
313.0000000000 0.6305175781 0.0000000000 41.4900000000
314.0000000000 0.6305664062 0.0000000000 42.3600000000
315.0000000000 0.6306152344 0.0000000000 42.5700000000
316.0000000000 0.6306640625 0.0000000000 42.0000000000
317.0000000000 0.6307128906 0.0000000000 43.1800000000
318.0000000000 0.6307617187 0.0000000000 42.0600000000
319.0000000000 0.6308105469 0.0000000000 42.1500000000
320.0000000000 0.6308593750 0.0000000000 41.7100000000
321.0000000000 0.6309082031 0.0000000000 43.9100000000
322.0000000000 0.6309570312 0.0000000000 42.5000000000
323.0000000000 0.6310058594 0.0100000000 42.4100000000
324.0000000000 0.6310546875 0.0000000000 42.1300000000
325.0000000000 0.6311035156 0.0000000000 41.7900000000
326.0000000000 0.6311523437 0.0000000000 41.2200000000
327.0000000000 0.6312011719 0.0000000000 42.0000000000
328.0000000000 0.6312500000 0.0100000000 41.8800000000
329.0000000000 0.6312988281 0.0000000000 41.1300000000
330.0000000000 0.6313476562 0.0000000000 44.5100000000
331.0000000000 0.6313964844 0.0000000000 47.8100000000
332.0000000000 0.6314453125 0.0100000000 42.8800000000
333.0000000000 0.6314941406 0.0000000000 44.1600000000
334.0000000000 0.6315429687 0.0000000000 42.0700000000
335.0000000000 0.6315917969 0.0100000000 42.6000000000
336.0000000000 0.6316406250 0.0100000000 42.6300000000
337.0000000000 0.6316894531 0.0000000000 41.8600000000
338.0000000000 0.6317382812 0.0000000000 41.9500000000
339.0000000000 0.6317871094 0.0000000000 42.6700000000
340.0000000000 0.6318359375 0.0000000000 41.6700000000
341.0000000000 0.6318847656 0.0100000000 41.8500000000
342.0000000000 0.6319335937 0.0000000000 42.1900000000
343.0000000000 0.6319824219 0.0000000000 41.7900000000
344.0000000000 0.6320312500 0.0000000000 42.4100000000
345.0000000000 0.6320800781 0.0000000000 42.5300000000
346.0000000000 0.6321289062 0.0000000000 41.7500000000
347.0000000000 0.6321777344 0.0000000000 45.6300000000
348.0000000000 0.6322265625 0.0100000000 44.6500000000
349.0000000000 0.6322753906 0.0100000000 41.6900000000
350.0000000000 0.6323242187 0.0000000000 42.8200000000
351.0000000000 0.6323730469 0.0100000000 44.6200000000
352.0000000000 0.6324218750 0.0000000000 44.2400000000
353.0000000000 0.6324707031 0.0000000000 42.1000000000
354.0000000000 0.6325195312 0.0100000000 43.2200000000
355.0000000000 0.6325683594 0.0100000000 42.1200000000
356.0000000000 0.6326171875 0.0000000000 44.9800000000
357.0000000000 0.6326660156 0.0000000000 42.8200000000
358.0000000000 0.6327148437 0.0000000000 41.3800000000
359.0000000000 0.6327636719 0.0000000000 41.8600000000
360.0000000000 0.6328125000 0.0000000000 42.4100000000
361.0000000000 0.6328613281 0.0100000000 41.9500000000
362.0000000000 0.6329101562 0.0000000000 41.5100000000
363.0000000000 0.6329589844 0.0000000000 41.8100000000
364.0000000000 0.6330078125 0.0000000000 42.0700000000
