0.000000e+00 0.000000e+00 -2.000000e+00 1.347430e-15 1.333729e-15 8.550046e-14
0.000000e+00 0.000000e+00 -1.950000e+00 1.453469e-15 1.441012e-15 8.997789e-14
0.000000e+00 0.000000e+00 -1.900000e+00 1.571079e-15 1.560838e-15 9.480213e-14
0.000000e+00 0.000000e+00 -1.850000e+00 1.701969e-15 1.695381e-15 1.000067e-13
0.000000e+00 0.000000e+00 -1.800000e+00 1.848187e-15 1.847369e-15 1.056281e-13
0.000000e+00 0.000000e+00 -1.750000e+00 2.012195e-15 2.020271e-15 1.117053e-13
0.000000e+00 0.000000e+00 -1.700000e+00 2.196960e-15 2.218541e-15 1.182793e-13
0.000000e+00 0.000000e+00 -1.650000e+00 2.406039e-15 2.447940e-15 1.253913e-13
0.000000e+00 0.000000e+00 -1.600000e+00 2.643623e-15 2.715894e-15 1.330798e-13
0.000000e+00 0.000000e+00 -1.550000e+00 2.914424e-15 3.031799e-15 1.413764e-13
0.000000e+00 0.000000e+00 -1.500000e+00 3.223147e-15 3.406901e-15 1.502987e-13
0.000000e+00 0.000000e+00 -1.450000e+00 3.572895e-15 3.852732e-15 1.598418e-13
0.000000e+00 0.000000e+00 -1.400000e+00 3.960977e-15 4.375352e-15 1.699732e-13
0.000000e+00 0.000000e+00 -1.350000e+00 4.368550e-15 4.958160e-15 1.806496e-13
0.000000e+00 0.000000e+00 -1.300000e+00 4.735880e-15 5.514874e-15 1.919186e-13
0.000000e+00 0.000000e+00 -1.250000e+00 4.905506e-15 5.767612e-15 2.042934e-13
0.000000e+00 0.000000e+00 -1.200000e+00 4.500100e-15 4.950449e-15 2.199334e-13
0.000000e+00 0.000000e+00 -1.150000e+00 2.698577e-15 1.175657e-15 2.459774e-13
0.000000e+00 0.000000e+00 -1.100000e+00 -2.004839e-15 -9.507135e-15 3.026227e-13
0.000000e+00 0.000000e+00 -1.050000e+00 -1.138908e-14 -3.277748e-14 4.367500e-13
0.000000e+00 0.000000e+00 -1.000000e+00 -2.486247e-14 -6.957967e-14 7.212196e-13
0.000000e+00 0.000000e+00 -9.500000e-01 -3.630550e-14 -1.090848e-13 1.174661e-12
0.000000e+00 0.000000e+00 -9.000000e-01 -4.011910e-14 -1.530291e-13 1.637201e-12
0.000000e+00 0.000000e+00 -8.500000e-01 -3.900268e-14 -1.950252e-13 1.921798e-12
0.000000e+00 0.000000e+00 -8.000000e-01 -4.443332e-14 -1.718049e-13 2.018876e-12
0.000000e+00 0.000000e+00 -7.500000e-01 -5.965406e-14 -1.002945e-13 1.992372e-12
0.000000e+00 0.000000e+00 -7.000000e-01 -7.163909e-14 -5.451001e-14 1.932888e-12
0.000000e+00 0.000000e+00 -6.500000e-01 -7.377497e-14 -7.386494e-14 1.814134e-12
0.000000e+00 0.000000e+00 -6.000000e-01 -6.468973e-14 -1.329394e-13 1.703579e-12
0.000000e+00 0.000000e+00 -5.500000e-01 -5.205441e-14 -1.902049e-13 1.613592e-12
0.000000e+00 0.000000e+00 -5.000000e-01 -4.291833e-14 -2.301917e-13 1.513015e-12
0.000000e+00 0.000000e+00 -4.500000e-01 -3.971892e-14 -2.519692e-13 1.390294e-12
0.000000e+00 0.000000e+00 -4.000000e-01 -4.025310e-14 -2.687732e-13 1.261787e-12
0.000000e+00 0.000000e+00 -3.500000e-01 -4.371862e-14 -2.869285e-13 1.099639e-12
0.000000e+00 0.000000e+00 -3.000000e-01 -4.312205e-14 -2.920199e-13 1.004999e-12
0.000000e+00 0.000000e+00 -2.500000e-01 -4.017745e-14 -2.879128e-13 9.947821e-13
0.000000e+00 0.000000e+00 -2.000000e-01 -3.935916e-14 -2.831637e-13 9.176160e-13
0.000000e+00 0.000000e+00 -1.500000e-01 -4.062005e-14 -2.867842e-13 7.714553e-13
0.000000e+00 0.000000e+00 -1.000000e-01 -4.251803e-14 -2.916022e-13 6.484622e-13
0.000000e+00 0.000000e+00 -5.000000e-02 -4.519108e-14 -2.893049e-13 5.558729e-13
0.000000e+00 0.000000e+00 1.207368e-15 -4.515591e-14 -2.863098e-13 4.251756e-13
0.000000e+00 0.000000e+00 5.000000e-02 -4.597085e-14 -2.863366e-13 2.328638e-13
0.000000e+00 0.000000e+00 1.000000e-01 -5.402989e-14 -2.903489e-13 2.365692e-14
0.000000e+00 0.000000e+00 1.500000e-01 -5.809390e-14 -2.901467e-13 -8.520312e-14
0.000000e+00 0.000000e+00 2.000000e-01 -5.759242e-14 -2.973901e-13 -1.787148e-13
0.000000e+00 0.000000e+00 2.500000e-01 -5.830105e-14 -3.053682e-13 -3.390728e-13
0.000000e+00 0.000000e+00 3.000000e-01 -6.032343e-14 -3.079620e-13 -4.284126e-13
0.000000e+00 0.000000e+00 3.500000e-01 -6.438837e-14 -3.123763e-13 -4.407860e-13
0.000000e+00 0.000000e+00 4.000000e-01 -6.614287e-14 -3.022125e-13 -5.842235e-13
0.000000e+00 0.000000e+00 4.500000e-01 -7.195938e-14 -2.930518e-13 -7.873989e-13
0.000000e+00 0.000000e+00 5.000000e-01 -7.908304e-14 -2.941140e-13 -9.328036e-13
0.000000e+00 0.000000e+00 5.500000e-01 -8.380541e-14 -2.891164e-13 -1.118961e-12
0.000000e+00 0.000000e+00 6.000000e-01 -9.158372e-14 -2.835447e-13 -1.333747e-12
0.000000e+00 0.000000e+00 6.500000e-01 -1.011108e-13 -2.861753e-13 -1.528961e-12
0.000000e+00 0.000000e+00 7.000000e-01 -1.082502e-13 -2.746610e-13 -1.717803e-12
0.000000e+00 0.000000e+00 7.500000e-01 -1.134192e-13 -2.668527e-13 -1.814172e-12
0.000000e+00 0.000000e+00 8.000000e-01 -1.126965e-13 -2.642574e-13 -1.807583e-12
0.000000e+00 0.000000e+00 8.500000e-01 -1.018931e-13 -2.436473e-13 -1.862022e-12
0.000000e+00 0.000000e+00 9.000000e-01 -9.595411e-14 -2.324262e-13 -1.845747e-12
0.000000e+00 0.000000e+00 9.500000e-01 -9.217315e-14 -2.219503e-13 -1.515083e-12
0.000000e+00 0.000000e+00 1.000000e+00 -7.816529e-14 -1.814855e-13 -8.897013e-13
0.000000e+00 0.000000e+00 1.050000e+00 -5.073677e-14 -1.081998e-13 -3.205825e-13
0.000000e+00 0.000000e+00 1.100000e+00 -2.393979e-14 -4.431663e-14 -1.545439e-14
0.000000e+00 0.000000e+00 1.150000e+00 -8.305723e-15 -1.174299e-14 9.357181e-14
0.000000e+00 0.000000e+00 1.200000e+00 -1.914338e-15 -5.180446e-16 1.180445e-13
0.000000e+00 0.000000e+00 1.250000e+00 -5.276539e-17 1.812662e-15 1.163496e-13
0.000000e+00 0.000000e+00 1.300000e+00 1.414900e-16 1.458285e-15 1.091295e-13
0.000000e+00 0.000000e+00 1.350000e+00 -1.207438e-16 6.320950e-16 1.020012e-13
0.000000e+00 0.000000e+00 1.400000e+00 -4.233264e-16 -5.790724e-17 9.596492e-14
0.000000e+00 0.000000e+00 1.450000e+00 -6.551908e-16 -5.208249e-16 9.089386e-14
0.000000e+00 0.000000e+00 1.500000e+00 -8.058947e-16 -7.982175e-16 8.650974e-14
0.000000e+00 0.000000e+00 1.550000e+00 -8.915632e-16 -9.478653e-16 8.259643e-14
0.000000e+00 0.000000e+00 1.600000e+00 -9.310274e-16 -1.015685e-15 7.901593e-14
0.000000e+00 0.000000e+00 1.650000e+00 -9.395499e-16 -1.033175e-15 7.568594e-14
0.000000e+00 0.000000e+00 1.700000e+00 -9.281437e-16 -1.020686e-15 7.255824e-14
0.000000e+00 0.000000e+00 1.750000e+00 -9.043628e-16 -9.909996e-16 6.960414e-14
0.000000e+00 0.000000e+00 1.800000e+00 -8.732590e-16 -9.520248e-16 6.680565e-14
0.000000e+00 0.000000e+00 1.850000e+00 -8.381625e-16 -9.086023e-16 6.415057e-14
0.000000e+00 0.000000e+00 1.900000e+00 -8.012459e-16 -8.636644e-16 6.162972e-14
0.000000e+00 0.000000e+00 1.950000e+00 -7.639115e-16 -8.189594e-16 5.923555e-14
