0.000000e+00 0.000000e+00 0.000000e+00 0.000000e+00 0.000000e+00 0.000000e+00 0.000000e+00
1.000000e-04 -3.217620e-17 3.857050e-17 1.897781e-15 -5.392454e-15 6.464084e-15 3.180517e-13
2.000000e-04 -6.494997e-18 2.670345e-17 3.825943e-15 4.303948e-15 -1.988815e-15 3.231434e-13
3.000000e-04 -5.402627e-17 -5.702728e-17 5.759802e-15 -7.965832e-15 -1.403255e-14 3.240981e-13
4.000000e-04 -1.592993e-16 -6.025582e-17 7.501928e-15 -1.764286e-14 -5.410745e-16 2.919653e-13
5.000000e-04 -1.286252e-16 -1.445042e-16 9.432122e-15 5.140723e-15 -1.411930e-14 3.234840e-13
6.000000e-04 -4.182776e-17 -8.064497e-17 1.136279e-14 1.454650e-14 1.070225e-14 3.235638e-13
7.000000e-04 -6.551580e-17 -7.198007e-17 1.329358e-14 -3.969912e-15 1.452163e-15 3.235832e-13
8.000000e-04 -9.508678e-17 -1.123496e-16 1.524484e-14 -4.955843e-15 -6.765591e-15 3.270149e-13
9.000000e-04 -1.102967e-16 -7.769646e-17 1.710453e-14 -2.549054e-15 5.807573e-15 3.116685e-13
1.000000e-03 -1.706122e-16 -1.537652e-16 1.895781e-14 -1.010835e-14 -1.274846e-14 3.105925e-13
