Iteration# z ADDATime OurCalcTime
1.0000000000 -0.0500000000 0.0000000000 58.2700000000
2.0000000000 0.0000000000 0.0000000000 58.6400000000
3.0000000000 0.0500000000 0.0100000000 59.2100000000
4.0000000000 0.1000000000 0.0100000000 59.3100000000
5.0000000000 0.0750000000 0.0100000000 58.3000000000
6.0000000000 0.0625000000 0.0000000000 58.9200000000
7.0000000000 0.0562500000 0.0000000000 57.8300000000
8.0000000000 0.0625000000 0.0000000000 57.7200000000
9.0000000000 0.0593750000 0.0000000000 58.9800000000
10.0000000000 0.0578125000 0.0100000000 58.9600000000
11.0000000000 0.0593750000 0.0000000000 58.6700000000
12.0000000000 0.0585937500 0.0000000000 58.9400000000
13.0000000000 0.0582031250 0.0000000000 58.1600000000
14.0000000000 0.0585937500 0.0000000000 59.9800000000
15.0000000000 0.0583984375 0.0000000000 59.2900000000
16.0000000000 0.0585937500 0.0000000000 58.9600000000
17.0000000000 0.0584960938 0.0000000000 59.0700000000
18.0000000000 0.0585937500 0.0000000000 59.3200000000
19.0000000000 0.0585449219 0.0000000000 59.9800000000
20.0000000000 0.0585937500 0.0000000000 59.5800000000
21.0000000000 0.0585693359 0.0100000000 58.9000000000
22.0000000000 0.0585937500 0.0000000000 59.3100000000
23.0000000000 0.0585815430 0.0100000000 58.8900000000
1.0000000000 0.0585754395 0.0100000000 57.4900000000
2.0000000000 0.0585815430 0.0100000000 57.3900000000
3.0000000000 0.0585876465 0.0000000000 57.8300000000
4.0000000000 0.0585937500 0.0000000000 57.6500000000
5.0000000000 0.0585998535 0.0000000000 56.9500000000
6.0000000000 0.0586059570 0.0100000000 58.2000000000
7.0000000000 0.0586120605 0.0100000000 57.8900000000
8.0000000000 0.0586181641 0.0000000000 58.6900000000
9.0000000000 0.0586242676 0.0100000000 58.8700000000
10.0000000000 0.0586303711 0.0000000000 58.3600000000
11.0000000000 0.0586364746 0.0000000000 58.4400000000
12.0000000000 0.0586425781 0.0100000000 58.9500000000
13.0000000000 0.0586486816 0.0100000000 58.2800000000
14.0000000000 0.0586547852 0.0100000000 58.4700000000
15.0000000000 0.0586608887 0.0000000000 58.6600000000
16.0000000000 0.0586669922 0.0100000000 58.8500000000
17.0000000000 0.0586730957 0.0100000000 58.8300000000
18.0000000000 0.0586791992 0.0100000000 58.3100000000
19.0000000000 0.0586853027 0.0000000000 57.3700000000
20.0000000000 0.0586914063 0.0000000000 59.1800000000
21.0000000000 0.0586975098 0.0100000000 58.3300000000
22.0000000000 0.0587036133 0.0000000000 57.4200000000
23.0000000000 0.0587097168 0.0000000000 58.5400000000
24.0000000000 0.0587158203 0.0100000000 58.8700000000
25.0000000000 0.0587219238 0.0100000000 58.4200000000
26.0000000000 0.0587280273 0.0000000000 58.6400000000
27.0000000000 0.0587341309 0.0100000000 58.9100000000
28.0000000000 0.0587402344 0.0100000000 58.1400000000
29.0000000000 0.0587463379 0.0000000000 58.5200000000
30.0000000000 0.0587524414 0.0000000000 58.9400000000
31.0000000000 0.0587585449 0.0000000000 58.3200000000
32.0000000000 0.0587646484 0.0000000000 63.4300000000
33.0000000000 0.0587707520 0.0000000000 63.4700000000
34.0000000000 0.0587768555 0.0000000000 58.6700000000
35.0000000000 0.0587829590 0.0000000000 58.5600000000
36.0000000000 0.0587890625 0.0000000000 58.2400000000
37.0000000000 0.0587951660 0.0100000000 59.8700000000
38.0000000000 0.0588012695 0.0100000000 57.7400000000
39.0000000000 0.0588073730 0.0000000000 57.7300000000
40.0000000000 0.0588134766 0.0000000000 58.4800000000
41.0000000000 0.0588195801 0.0000000000 58.6600000000
42.0000000000 0.0588256836 0.0000000000 59.2800000000
43.0000000000 0.0588317871 0.0100000000 59.2500000000
44.0000000000 0.0588378906 0.0000000000 58.2000000000
45.0000000000 0.0588439941 0.0100000000 58.6000000000
46.0000000000 0.0588500977 0.0100000000 58.3100000000
47.0000000000 0.0588562012 0.0000000000 58.3900000000
48.0000000000 0.0588623047 0.0100000000 58.5800000000
49.0000000000 0.0588684082 0.0100000000 58.4100000000
50.0000000000 0.0588745117 0.0000000000 58.1500000000
51.0000000000 0.0588806152 0.0100000000 58.2700000000
52.0000000000 0.0588867188 0.0100000000 57.3100000000
53.0000000000 0.0588928223 0.0100000000 56.9300000000
54.0000000000 0.0588989258 0.0000000000 59.0100000000
55.0000000000 0.0589050293 0.0100000000 57.8700000000
56.0000000000 0.0589111328 0.0100000000 58.0200000000
57.0000000000 0.0589172363 0.0100000000 57.5900000000
58.0000000000 0.0589233398 0.0100000000 57.6400000000
59.0000000000 0.0589294434 0.0000000000 57.0700000000
60.0000000000 0.0589355469 0.0100000000 57.0800000000
61.0000000000 0.0589416504 0.0100000000 57.5900000000
62.0000000000 0.0589477539 0.0000000000 58.1300000000
63.0000000000 0.0589538574 0.0100000000 58.8200000000
64.0000000000 0.0589599609 0.0100000000 58.2800000000
65.0000000000 0.0589660645 0.0100000000 58.3700000000
66.0000000000 0.0589721680 0.0000000000 58.1300000000
67.0000000000 0.0589782715 0.0100000000 58.1800000000
68.0000000000 0.0589843750 0.0000000000 58.0000000000
69.0000000000 0.0589904785 0.0000000000 56.9400000000
70.0000000000 0.0589965820 0.0100000000 57.2800000000
71.0000000000 0.0590026855 0.0100000000 58.3300000000
72.0000000000 0.0590087891 0.0000000000 59.3400000000
73.0000000000 0.0590148926 0.0100000000 58.9200000000
74.0000000000 0.0590209961 0.0000000000 58.4600000000
75.0000000000 0.0590270996 0.0000000000 58.0200000000
76.0000000000 0.0590332031 0.0000000000 58.6300000000
77.0000000000 0.0590393066 0.0000000000 58.3300000000
78.0000000000 0.0590454102 0.0100000000 57.6200000000
79.0000000000 0.0590515137 0.0100000000 59.4900000000
80.0000000000 0.0590576172 0.0100000000 58.9200000000
81.0000000000 0.0590637207 0.0100000000 58.6700000000
82.0000000000 0.0590698242 0.0000000000 58.4000000000
83.0000000000 0.0590759277 0.0000000000 59.0300000000
84.0000000000 0.0590820313 0.0100000000 58.5800000000
85.0000000000 0.0590881348 0.0100000000 58.8400000000
86.0000000000 0.0590942383 0.0100000000 58.5500000000
87.0000000000 0.0591003418 0.0100000000 58.5000000000
88.0000000000 0.0591064453 0.0000000000 57.1400000000
89.0000000000 0.0591125488 0.0000000000 58.2700000000
90.0000000000 0.0591186523 0.0000000000 58.0200000000
91.0000000000 0.0591247559 0.0000000000 58.3800000000
92.0000000000 0.0591308594 0.0100000000 59.1100000000
93.0000000000 0.0591369629 0.0100000000 58.4700000000
94.0000000000 0.0591430664 0.0100000000 57.6200000000
95.0000000000 0.0591491699 0.0100000000 57.0500000000
96.0000000000 0.0591552734 0.0100000000 57.2500000000
97.0000000000 0.0591613770 0.0000000000 57.8300000000
98.0000000000 0.0591674805 0.0000000000 58.6000000000
99.0000000000 0.0591735840 0.0100000000 57.3700000000
100.0000000000 0.0591796875 0.0000000000 59.0900000000
101.0000000000 0.0591857910 0.0100000000 58.3700000000
102.0000000000 0.0591918945 0.0000000000 58.7900000000
103.0000000000 0.0591979980 0.0000000000 59.1400000000
104.0000000000 0.0592041016 0.0000000000 57.5100000000
105.0000000000 0.0592102051 0.0100000000 58.4000000000
106.0000000000 0.0592163086 0.0000000000 58.0700000000
107.0000000000 0.0592224121 0.0100000000 57.7500000000
108.0000000000 0.0592285156 0.0000000000 57.2500000000
109.0000000000 0.0592346191 0.0100000000 58.3300000000
110.0000000000 0.0592407227 0.0100000000 58.1400000000
111.0000000000 0.0592468262 0.0200000000 58.6000000000
112.0000000000 0.0592529297 0.0000000000 58.1700000000
113.0000000000 0.0592590332 0.0000000000 58.7700000000
114.0000000000 0.0592651367 0.0100000000 58.8900000000
115.0000000000 0.0592712402 0.0000000000 58.3200000000
116.0000000000 0.0592773438 0.0000000000 58.3300000000
117.0000000000 0.0592834473 0.0000000000 58.7900000000
118.0000000000 0.0592895508 0.0100000000 57.5300000000
119.0000000000 0.0592956543 0.0000000000 58.3000000000
120.0000000000 0.0593017578 0.0000000000 58.3600000000
121.0000000000 0.0593078613 0.0000000000 57.9100000000
122.0000000000 0.0593139648 0.0100000000 57.2700000000
123.0000000000 0.0593200684 0.0000000000 58.6100000000
124.0000000000 0.0593261719 0.0000000000 57.4200000000
125.0000000000 0.0593322754 0.0100000000 58.3800000000
126.0000000000 0.0593383789 0.0000000000 57.6700000000
127.0000000000 0.0593444824 0.0100000000 57.4400000000
128.0000000000 0.0593505859 0.0000000000 58.2300000000
129.0000000000 0.0593566895 0.0000000000 57.7800000000
130.0000000000 0.0593627930 0.0100000000 58.4500000000
131.0000000000 0.0593688965 0.0000000000 57.4900000000
132.0000000000 0.0593750000 0.0100000000 58.9900000000
133.0000000000 0.0593811035 0.0000000000 57.9300000000
134.0000000000 0.0593872070 0.0000000000 59.4700000000
135.0000000000 0.0593933105 0.0100000000 57.7600000000
136.0000000000 0.0593994141 0.0000000000 58.2700000000
137.0000000000 0.0594055176 0.0100000000 61.8600000000
138.0000000000 0.0594116211 0.0100000000 58.5900000000
139.0000000000 0.0594177246 0.0100000000 57.8800000000
140.0000000000 0.0594238281 0.0000000000 57.0800000000
141.0000000000 0.0594299316 0.0100000000 57.7700000000
142.0000000000 0.0594360352 0.0000000000 58.2000000000
143.0000000000 0.0594421387 0.0100000000 58.2400000000
144.0000000000 0.0594482422 0.0000000000 58.1600000000
145.0000000000 0.0594543457 0.0000000000 58.2900000000
146.0000000000 0.0594604492 0.0100000000 58.4500000000
147.0000000000 0.0594665527 0.0100000000 59.0400000000
148.0000000000 0.0594726563 0.0000000000 57.8300000000
149.0000000000 0.0594787598 0.0000000000 57.3700000000
150.0000000000 0.0594848633 0.0100000000 58.5000000000
151.0000000000 0.0594909668 0.0100000000 58.3500000000
152.0000000000 0.0594970703 0.0100000000 58.4500000000
153.0000000000 0.0595031738 0.0000000000 58.2300000000
154.0000000000 0.0595092773 0.0100000000 58.1700000000
155.0000000000 0.0595153809 0.0000000000 60.9200000000
156.0000000000 0.0595214844 0.0100000000 57.4700000000
157.0000000000 0.0595275879 0.0100000000 57.3500000000
158.0000000000 0.0595336914 0.0000000000 58.3800000000
159.0000000000 0.0595397949 0.0000000000 58.2900000000
160.0000000000 0.0595458984 0.0000000000 57.1600000000
161.0000000000 0.0595520020 0.0200000000 58.0300000000
162.0000000000 0.0595581055 0.0100000000 58.6400000000
163.0000000000 0.0595642090 0.0000000000 58.3600000000
164.0000000000 0.0595703125 0.0100000000 59.1100000000
165.0000000000 0.0595764160 0.0100000000 58.2900000000
166.0000000000 0.0595825195 0.0100000000 58.3000000000
167.0000000000 0.0595886230 0.0000000000 58.7500000000
168.0000000000 0.0595947266 0.0000000000 58.5900000000
169.0000000000 0.0596008301 0.0100000000 58.3100000000
170.0000000000 0.0596069336 0.0100000000 57.1600000000
171.0000000000 0.0596130371 0.0100000000 58.0000000000
172.0000000000 0.0596191406 0.0000000000 58.2300000000
173.0000000000 0.0596252441 0.0000000000 58.0400000000
174.0000000000 0.0596313477 0.0100000000 58.6300000000
175.0000000000 0.0596374512 0.0100000000 58.8200000000
176.0000000000 0.0596435547 0.0100000000 58.4300000000
177.0000000000 0.0596496582 0.0100000000 57.5100000000
178.0000000000 0.0596557617 0.0000000000 58.1000000000
179.0000000000 0.0596618652 0.0000000000 58.3300000000
180.0000000000 0.0596679688 0.0100000000 58.4700000000
181.0000000000 0.0596740723 0.0000000000 57.7800000000
182.0000000000 0.0596801758 0.0000000000 58.0100000000
183.0000000000 0.0596862793 0.0000000000 58.2200000000
184.0000000000 0.0596923828 0.0000000000 58.5500000000
185.0000000000 0.0596984863 0.0000000000 57.3400000000
186.0000000000 0.0597045898 0.0100000000 57.7000000000
187.0000000000 0.0597106934 0.0000000000 57.4100000000
188.0000000000 0.0597167969 0.0100000000 58.6500000000
189.0000000000 0.0597229004 0.0100000000 58.7600000000
190.0000000000 0.0597290039 0.0000000000 58.0500000000
191.0000000000 0.0597351074 0.0000000000 58.9500000000
192.0000000000 0.0597412109 0.0000000000 58.8300000000
193.0000000000 0.0597473145 0.0100000000 58.4600000000
194.0000000000 0.0597534180 0.0100000000 58.3700000000
195.0000000000 0.0597595215 0.0000000000 58.6200000000
196.0000000000 0.0597656250 0.0000000000 58.9000000000
197.0000000000 0.0597717285 0.0000000000 58.7700000000
198.0000000000 0.0597778320 0.0000000000 57.6000000000
199.0000000000 0.0597839355 0.0100000000 58.0600000000
200.0000000000 0.0597900391 0.0000000000 62.0100000000
201.0000000000 0.0597961426 0.0000000000 58.3200000000
202.0000000000 0.0598022461 0.0100000000 58.6800000000
203.0000000000 0.0598083496 0.0000000000 58.8800000000
204.0000000000 0.0598144531 0.0100000000 57.6500000000
205.0000000000 0.0598205566 0.0200000000 57.7200000000
206.0000000000 0.0598266602 0.0000000000 57.6500000000
207.0000000000 0.0598327637 0.0000000000 57.5000000000
208.0000000000 0.0598388672 0.0100000000 57.8700000000
209.0000000000 0.0598449707 0.0000000000 58.5600000000
210.0000000000 0.0598510742 0.0100000000 57.8400000000
211.0000000000 0.0598571777 0.0000000000 57.2800000000
212.0000000000 0.0598632813 0.0000000000 58.1100000000
213.0000000000 0.0598693848 0.0100000000 58.5600000000
214.0000000000 0.0598754883 0.0200000000 57.1600000000
215.0000000000 0.0598815918 0.0000000000 58.2300000000
216.0000000000 0.0598876953 0.0000000000 58.0500000000
217.0000000000 0.0598937988 0.0100000000 59.0400000000
218.0000000000 0.0598999023 0.0000000000 61.3500000000
219.0000000000 0.0599060059 0.0000000000 58.4800000000
220.0000000000 0.0599121094 0.0000000000 61.5400000000
221.0000000000 0.0599182129 0.0100000000 57.7200000000
222.0000000000 0.0599243164 0.0000000000 57.1900000000
223.0000000000 0.0599304199 0.0000000000 58.2100000000
224.0000000000 0.0599365234 0.0100000000 58.5000000000
225.0000000000 0.0599426270 0.0100000000 58.2200000000
226.0000000000 0.0599487305 0.0000000000 58.8900000000
227.0000000000 0.0599548340 0.0000000000 58.3800000000
228.0000000000 0.0599609375 0.0100000000 61.3300000000
229.0000000000 0.0599670410 0.0000000000 57.7900000000
230.0000000000 0.0599731445 0.0000000000 58.1400000000
231.0000000000 0.0599792480 0.0000000000 57.0300000000
232.0000000000 0.0599853516 0.0000000000 58.1900000000
233.0000000000 0.0599914551 0.0100000000 58.7900000000
234.0000000000 0.0599975586 0.0100000000 58.2800000000
235.0000000000 0.0600036621 0.0100000000 61.7300000000
236.0000000000 0.0600097656 0.0000000000 57.7000000000
237.0000000000 0.0600158691 0.0000000000 61.9500000000
238.0000000000 0.0600219727 0.0000000000 58.5500000000
239.0000000000 0.0600280762 0.0100000000 58.4300000000
240.0000000000 0.0600341797 0.0100000000 57.6500000000
241.0000000000 0.0600402832 0.0000000000 59.1000000000
242.0000000000 0.0600463867 0.0200000000 58.8100000000
243.0000000000 0.0600524902 0.0100000000 57.8300000000
244.0000000000 0.0600585938 0.0100000000 57.0100000000
245.0000000000 0.0600646973 0.0000000000 57.0600000000
246.0000000000 0.0600708008 0.0000000000 58.0500000000
247.0000000000 0.0600769043 0.0100000000 57.9700000000
248.0000000000 0.0600830078 0.0000000000 57.8500000000
249.0000000000 0.0600891113 0.0000000000 56.8600000000
250.0000000000 0.0600952148 0.0100000000 58.4200000000
251.0000000000 0.0601013184 0.0100000000 58.3200000000
252.0000000000 0.0601074219 0.0100000000 57.9500000000
253.0000000000 0.0601135254 0.0100000000 57.0200000000
254.0000000000 0.0601196289 0.0100000000 58.3100000000
255.0000000000 0.0601257324 0.0000000000 57.9300000000
256.0000000000 0.0601318359 0.0000000000 58.5300000000
257.0000000000 0.0601379395 0.0100000000 57.9100000000
258.0000000000 0.0601440430 0.0000000000 57.4400000000
259.0000000000 0.0601501465 0.0100000000 58.5200000000
260.0000000000 0.0601562500 0.0100000000 58.3600000000
261.0000000000 0.0601623535 0.0100000000 58.6200000000
262.0000000000 0.0601684570 0.0000000000 58.6100000000
263.0000000000 0.0601745605 0.0000000000 58.4700000000
264.0000000000 0.0601806641 0.0000000000 58.5800000000
265.0000000000 0.0601867676 0.0000000000 58.9300000000
266.0000000000 0.0601928711 0.0000000000 59.1300000000
267.0000000000 0.0601989746 0.0100000000 58.7900000000
268.0000000000 0.0602050781 0.0000000000 58.8300000000
269.0000000000 0.0602111816 0.0100000000 58.3000000000
270.0000000000 0.0602172852 0.0100000000 58.5500000000
271.0000000000 0.0602233887 0.0000000000 57.7900000000
272.0000000000 0.0602294922 0.0000000000 59.5800000000
273.0000000000 0.0602355957 0.0000000000 57.1300000000
274.0000000000 0.0602416992 0.0100000000 59.1100000000
275.0000000000 0.0602478027 0.0000000000 59.1800000000
276.0000000000 0.0602539063 0.0000000000 57.2500000000
277.0000000000 0.0602600098 0.0100000000 58.3400000000
278.0000000000 0.0602661133 0.0100000000 58.5600000000
279.0000000000 0.0602722168 0.0000000000 58.2900000000
280.0000000000 0.0602783203 0.0200000000 58.1900000000
281.0000000000 0.0602844238 0.0000000000 57.8100000000
282.0000000000 0.0602905273 0.0100000000 58.7500000000
283.0000000000 0.0602966309 0.0000000000 59.0200000000
284.0000000000 0.0603027344 0.0100000000 58.4300000000
285.0000000000 0.0603088379 0.0100000000 58.1100000000
286.0000000000 0.0603149414 0.0000000000 57.8900000000
287.0000000000 0.0603210449 0.0100000000 58.4600000000
288.0000000000 0.0603271484 0.0000000000 58.3600000000
289.0000000000 0.0603332520 0.0000000000 58.2700000000
290.0000000000 0.0603393555 0.0000000000 58.1800000000
291.0000000000 0.0603454590 0.0100000000 60.2600000000
292.0000000000 0.0603515625 0.0000000000 58.6700000000
293.0000000000 0.0603576660 0.0000000000 58.2200000000
294.0000000000 0.0603637695 0.0000000000 58.2500000000
295.0000000000 0.0603698730 0.0100000000 58.7800000000
296.0000000000 0.0603759766 0.0000000000 57.8900000000
297.0000000000 0.0603820801 0.0100000000 58.6500000000
298.0000000000 0.0603881836 0.0100000000 59.1100000000
299.0000000000 0.0603942871 0.0100000000 58.2700000000
300.0000000000 0.0604003906 0.0100000000 58.5200000000
301.0000000000 0.0604064941 0.0100000000 58.8200000000
302.0000000000 0.0604125977 0.0000000000 58.6400000000
303.0000000000 0.0604187012 0.0100000000 58.2500000000
304.0000000000 0.0604248047 0.0100000000 57.1600000000
305.0000000000 0.0604309082 0.0100000000 57.2900000000
306.0000000000 0.0604370117 0.0000000000 57.8400000000
307.0000000000 0.0604431152 0.0000000000 57.0900000000
308.0000000000 0.0604492188 0.0000000000 58.0600000000
309.0000000000 0.0604553223 0.0000000000 58.2000000000
310.0000000000 0.0604614258 0.0000000000 57.0800000000
311.0000000000 0.0604675293 0.0000000000 58.4500000000
312.0000000000 0.0604736328 0.0100000000 58.4400000000
313.0000000000 0.0604797363 0.0000000000 57.5000000000
314.0000000000 0.0604858398 0.0100000000 57.5300000000
315.0000000000 0.0604919434 0.0000000000 58.2400000000
316.0000000000 0.0604980469 0.0100000000 58.0900000000
317.0000000000 0.0605041504 0.0000000000 58.1900000000
318.0000000000 0.0605102539 0.0100000000 58.1400000000
319.0000000000 0.0605163574 0.0100000000 58.1800000000
320.0000000000 0.0605224609 0.0100000000 58.1900000000
321.0000000000 0.0605285645 0.0100000000 58.7300000000
322.0000000000 0.0605346680 0.0000000000 58.7100000000
323.0000000000 0.0605407715 0.0100000000 58.7200000000
324.0000000000 0.0605468750 0.0100000000 58.1300000000
325.0000000000 0.0605529785 0.0000000000 58.1800000000
326.0000000000 0.0605590820 0.0000000000 58.4400000000
327.0000000000 0.0605651855 0.0100000000 57.6100000000
328.0000000000 0.0605712891 0.0000000000 58.3100000000
329.0000000000 0.0605773926 0.0100000000 57.5500000000
330.0000000000 0.0605834961 0.0100000000 58.7600000000
331.0000000000 0.0605895996 0.0000000000 58.6300000000
332.0000000000 0.0605957031 0.0100000000 58.0600000000
333.0000000000 0.0606018066 0.0000000000 57.7600000000
334.0000000000 0.0606079102 0.0100000000 58.6300000000
335.0000000000 0.0606140137 0.0100000000 58.8200000000
336.0000000000 0.0606201172 0.0000000000 57.6300000000
337.0000000000 0.0606262207 0.0100000000 58.9000000000
338.0000000000 0.0606323242 0.0000000000 57.2100000000
339.0000000000 0.0606384277 0.0000000000 57.2200000000
340.0000000000 0.0606445313 0.0100000000 58.3000000000
341.0000000000 0.0606506348 0.0000000000 58.1400000000
342.0000000000 0.0606567383 0.0000000000 58.9500000000
343.0000000000 0.0606628418 0.0100000000 57.6500000000
344.0000000000 0.0606689453 0.0100000000 57.2500000000
345.0000000000 0.0606750488 0.0100000000 58.9700000000
346.0000000000 0.0606811523 0.0000000000 58.0300000000
347.0000000000 0.0606872559 0.0000000000 58.8200000000
348.0000000000 0.0606933594 0.0000000000 58.9800000000
349.0000000000 0.0606994629 0.0100000000 58.4900000000
350.0000000000 0.0607055664 0.0000000000 58.4300000000
1.0000000000 0.0607116699 0.0000000000 59.0900000000
2.0000000000 0.0607177734 0.0100000000 58.8600000000
3.0000000000 0.0607238770 0.0000000000 58.1500000000
4.0000000000 0.0607299805 0.0100000000 56.8400000000
5.0000000000 0.0607360840 0.0100000000 58.5300000000
6.0000000000 0.0607421875 0.0100000000 58.6700000000
7.0000000000 0.0607482910 0.0000000000 58.3400000000
8.0000000000 0.0607543945 0.0000000000 58.2900000000
9.0000000000 0.0607604980 0.0100000000 58.8300000000
10.0000000000 0.0607666016 0.0000000000 57.3400000000
11.0000000000 0.0607727051 0.0100000000 58.3900000000
12.0000000000 0.0607788086 0.0000000000 58.4300000000
13.0000000000 0.0607849121 0.0000000000 58.4900000000
14.0000000000 0.0607910156 0.0000000000 58.5700000000
15.0000000000 0.0607971191 0.0000000000 57.9400000000
16.0000000000 0.0608032227 0.0000000000 58.7100000000
17.0000000000 0.0608093262 0.0100000000 59.2000000000
18.0000000000 0.0608154297 0.0000000000 58.5000000000
19.0000000000 0.0608215332 0.0000000000 58.9000000000
20.0000000000 0.0608276367 0.0000000000 57.8500000000
21.0000000000 0.0608337402 0.0100000000 58.2000000000
22.0000000000 0.0608398438 0.0000000000 58.8900000000
23.0000000000 0.0608459473 0.0000000000 57.7900000000
24.0000000000 0.0608520508 0.0100000000 62.9800000000
25.0000000000 0.0608581543 0.0000000000 57.1600000000
26.0000000000 0.0608642578 0.0100000000 58.8900000000
27.0000000000 0.0608703613 0.0000000000 58.3500000000
28.0000000000 0.0608764648 0.0100000000 59.3400000000
29.0000000000 0.0608825684 0.0100000000 58.3900000000
30.0000000000 0.0608886719 0.0100000000 58.6200000000
31.0000000000 0.0608947754 0.0000000000 58.6800000000
32.0000000000 0.0609008789 0.0100000000 58.5100000000
33.0000000000 0.0609069824 0.0100000000 57.8100000000
34.0000000000 0.0609130859 0.0000000000 57.3500000000
35.0000000000 0.0609191895 0.0000000000 57.8100000000
36.0000000000 0.0609252930 0.0100000000 57.9200000000
37.0000000000 0.0609313965 0.0000000000 58.0600000000
38.0000000000 0.0609375000 0.0000000000 59.1800000000
39.0000000000 0.0609436035 0.0000000000 58.0500000000
40.0000000000 0.0609497070 0.0000000000 57.4100000000
41.0000000000 0.0609558105 0.0100000000 58.2800000000
42.0000000000 0.0609619141 0.0100000000 58.3500000000
43.0000000000 0.0609680176 0.0100000000 56.9800000000
44.0000000000 0.0609741211 0.0100000000 58.9100000000
45.0000000000 0.0609802246 0.0100000000 59.0900000000
46.0000000000 0.0609863281 0.0100000000 57.8900000000
47.0000000000 0.0609924316 0.0100000000 57.1800000000
48.0000000000 0.0609985352 0.0100000000 58.3700000000
49.0000000000 0.0610046387 0.0000000000 57.9100000000
50.0000000000 0.0610107422 0.0100000000 58.1200000000
51.0000000000 0.0610168457 0.0100000000 57.8000000000
52.0000000000 0.0610229492 0.0000000000 58.1800000000
53.0000000000 0.0610290527 0.0100000000 57.2900000000
54.0000000000 0.0610351563 0.0000000000 58.7000000000
55.0000000000 0.0610412598 0.0000000000 58.1300000000
56.0000000000 0.0610473633 0.0000000000 58.2100000000
57.0000000000 0.0610534668 0.0000000000 58.6200000000
58.0000000000 0.0610595703 0.0000000000 59.9600000000
59.0000000000 0.0610656738 0.0000000000 58.4100000000
60.0000000000 0.0610717773 0.0100000000 58.4500000000
61.0000000000 0.0610778809 0.0100000000 58.5900000000
62.0000000000 0.0610839844 0.0000000000 57.8400000000
63.0000000000 0.0610900879 0.0000000000 58.4100000000
64.0000000000 0.0610961914 0.0000000000 58.0500000000
65.0000000000 0.0611022949 0.0000000000 58.4000000000
66.0000000000 0.0611083984 0.0000000000 59.0100000000
67.0000000000 0.0611145020 0.0000000000 58.6200000000
68.0000000000 0.0611206055 0.0100000000 58.2600000000
69.0000000000 0.0611267090 0.0000000000 58.7100000000
70.0000000000 0.0611328125 0.0100000000 58.8100000000
71.0000000000 0.0611389160 0.0000000000 59.2600000000
72.0000000000 0.0611450195 0.0000000000 57.9400000000
73.0000000000 0.0611511230 0.0000000000 58.3900000000
74.0000000000 0.0611572266 0.0000000000 59.0800000000
75.0000000000 0.0611633301 0.0100000000 58.7500000000
76.0000000000 0.0611694336 0.0200000000 58.1200000000
77.0000000000 0.0611755371 0.0000000000 58.3200000000
78.0000000000 0.0611816406 0.0000000000 58.1000000000
79.0000000000 0.0611877441 0.0100000000 58.6200000000
80.0000000000 0.0611938477 0.0000000000 57.9600000000
81.0000000000 0.0611999512 0.0000000000 58.6200000000
82.0000000000 0.0612060547 0.0000000000 58.3900000000
83.0000000000 0.0612121582 0.0100000000 61.8100000000
84.0000000000 0.0612182617 0.0100000000 61.7500000000
85.0000000000 0.0612243652 0.0100000000 60.7700000000
86.0000000000 0.0612304688 0.0000000000 57.8100000000
87.0000000000 0.0612365723 0.0100000000 58.9400000000
88.0000000000 0.0612426758 0.0100000000 58.1400000000
89.0000000000 0.0612487793 0.0000000000 58.1400000000
90.0000000000 0.0612548828 0.0100000000 57.8900000000
91.0000000000 0.0612609863 0.0000000000 59.2900000000
92.0000000000 0.0612670898 0.0100000000 58.9200000000
93.0000000000 0.0612731934 0.0000000000 58.6600000000
94.0000000000 0.0612792969 0.0000000000 58.4000000000
95.0000000000 0.0612854004 0.0100000000 58.4300000000
96.0000000000 0.0612915039 0.0100000000 57.6400000000
97.0000000000 0.0612976074 0.0000000000 57.6300000000
98.0000000000 0.0613037109 0.0000000000 57.7300000000
99.0000000000 0.0613098145 0.0000000000 58.6000000000
100.0000000000 0.0613159180 0.0100000000 57.2400000000
101.0000000000 0.0613220215 0.0000000000 58.8500000000
102.0000000000 0.0613281250 0.0100000000 56.8700000000
103.0000000000 0.0613342285 0.0000000000 57.7500000000
104.0000000000 0.0613403320 0.0100000000 58.2200000000
105.0000000000 0.0613464355 0.0100000000 58.7700000000
106.0000000000 0.0613525391 0.0000000000 58.4900000000
107.0000000000 0.0613586426 0.0100000000 59.0200000000
108.0000000000 0.0613647461 0.0100000000 58.3100000000
109.0000000000 0.0613708496 0.0100000000 59.2900000000
110.0000000000 0.0613769531 0.0000000000 58.8300000000
111.0000000000 0.0613830566 0.0000000000 59.5400000000
112.0000000000 0.0613891602 0.0000000000 58.4700000000
113.0000000000 0.0613952637 0.0100000000 58.9000000000
114.0000000000 0.0614013672 0.0000000000 60.1500000000
115.0000000000 0.0614074707 0.0100000000 57.5900000000
116.0000000000 0.0614135742 0.0000000000 57.5500000000
117.0000000000 0.0614196777 0.0000000000 58.6800000000
118.0000000000 0.0614257813 0.0000000000 59.0000000000
119.0000000000 0.0614318848 0.0000000000 58.3000000000
120.0000000000 0.0614379883 0.0100000000 58.1000000000
121.0000000000 0.0614440918 0.0000000000 58.5300000000
122.0000000000 0.0614501953 0.0100000000 58.6400000000
123.0000000000 0.0614562988 0.0000000000 59.0000000000
124.0000000000 0.0614624023 0.0000000000 58.3200000000
125.0000000000 0.0614685059 0.0100000000 58.3700000000
126.0000000000 0.0614746094 0.0100000000 58.8200000000
127.0000000000 0.0614807129 0.0000000000 58.6800000000
128.0000000000 0.0614868164 0.0100000000 61.6100000000
129.0000000000 0.0614929199 0.0000000000 59.1500000000
130.0000000000 0.0614990234 0.0100000000 58.2800000000
131.0000000000 0.0615051270 0.0100000000 58.3300000000
132.0000000000 0.0615112305 0.0100000000 58.3900000000
133.0000000000 0.0615173340 0.0000000000 58.6600000000
134.0000000000 0.0615234375 0.0000000000 58.2500000000
135.0000000000 0.0615295410 0.0000000000 57.3000000000
136.0000000000 0.0615356445 0.0000000000 58.3800000000
137.0000000000 0.0615417480 0.0000000000 58.4100000000
138.0000000000 0.0615478516 0.0000000000 58.4100000000
139.0000000000 0.0615539551 0.0100000000 58.8100000000
140.0000000000 0.0615600586 0.0100000000 58.9300000000
141.0000000000 0.0615661621 0.0000000000 58.4800000000
142.0000000000 0.0615722656 0.0100000000 58.2500000000
143.0000000000 0.0615783691 0.0100000000 58.3100000000
144.0000000000 0.0615844727 0.0100000000 59.1500000000
145.0000000000 0.0615905762 0.0000000000 58.6700000000
146.0000000000 0.0615966797 0.0100000000 57.9900000000
147.0000000000 0.0616027832 0.0000000000 58.2500000000
148.0000000000 0.0616088867 0.0200000000 59.1100000000
149.0000000000 0.0616149902 0.0100000000 58.9500000000
150.0000000000 0.0616210938 0.0000000000 57.6800000000
151.0000000000 0.0616271973 0.0100000000 57.8400000000
152.0000000000 0.0616333008 0.0100000000 57.3600000000
153.0000000000 0.0616394043 0.0000000000 58.4100000000
154.0000000000 0.0616455078 0.0100000000 58.7300000000
155.0000000000 0.0616516113 0.0000000000 59.1400000000
156.0000000000 0.0616577148 0.0100000000 57.1800000000
157.0000000000 0.0616638184 0.0100000000 56.9400000000
158.0000000000 0.0616699219 0.0000000000 58.5300000000
159.0000000000 0.0616760254 0.0100000000 57.9700000000
160.0000000000 0.0616821289 0.0000000000 57.0800000000
161.0000000000 0.0616882324 0.0100000000 58.6300000000
162.0000000000 0.0616943359 0.0100000000 57.9100000000
163.0000000000 0.0617004395 0.0000000000 58.4900000000
164.0000000000 0.0617065430 0.0100000000 58.7000000000
165.0000000000 0.0617126465 0.0000000000 58.0400000000
166.0000000000 0.0617187500 0.0100000000 58.7200000000
167.0000000000 0.0617248535 0.0000000000 58.5400000000
168.0000000000 0.0617309570 0.0100000000 57.0800000000
169.0000000000 0.0617370605 0.0100000000 58.4600000000
170.0000000000 0.0617431641 0.0000000000 57.3800000000
171.0000000000 0.0617492676 0.0000000000 63.5200000000
172.0000000000 0.0617553711 0.0100000000 58.7300000000
173.0000000000 0.0617614746 0.0100000000 57.6500000000
174.0000000000 0.0617675781 0.0100000000 58.6900000000
175.0000000000 0.0617736816 0.0100000000 58.4500000000
176.0000000000 0.0617797852 0.0100000000 58.2200000000
177.0000000000 0.0617858887 0.0000000000 58.2900000000
178.0000000000 0.0617919922 0.0100000000 58.4200000000
179.0000000000 0.0617980957 0.0100000000 58.1200000000
180.0000000000 0.0618041992 0.0000000000 58.6100000000
181.0000000000 0.0618103027 0.0000000000 58.6200000000
182.0000000000 0.0618164063 0.0000000000 59.1000000000
183.0000000000 0.0618225098 0.0000000000 58.7400000000
184.0000000000 0.0618286133 0.0000000000 58.4000000000
185.0000000000 0.0618347168 0.0100000000 58.8300000000
186.0000000000 0.0618408203 0.0000000000 57.8800000000
187.0000000000 0.0618469238 0.0000000000 58.2900000000
188.0000000000 0.0618530273 0.0000000000 58.3500000000
189.0000000000 0.0618591309 0.0100000000 58.9700000000
190.0000000000 0.0618652344 0.0000000000 58.5600000000
191.0000000000 0.0618713379 0.0100000000 58.2100000000
192.0000000000 0.0618774414 0.0000000000 58.4100000000
193.0000000000 0.0618835449 0.0100000000 63.8300000000
194.0000000000 0.0618896484 0.0000000000 63.9000000000
195.0000000000 0.0618957520 0.0100000000 58.4100000000
196.0000000000 0.0619018555 0.0000000000 58.2300000000
197.0000000000 0.0619079590 0.0100000000 57.0900000000
198.0000000000 0.0619140625 0.0000000000 57.8500000000
199.0000000000 0.0619201660 0.0100000000 57.0900000000
200.0000000000 0.0619262695 0.0000000000 58.2500000000
201.0000000000 0.0619323730 0.0100000000 57.4000000000
202.0000000000 0.0619384766 0.0000000000 58.9500000000
203.0000000000 0.0619445801 0.0100000000 57.4000000000
204.0000000000 0.0619506836 0.0100000000 58.6700000000
205.0000000000 0.0619567871 0.0100000000 58.6200000000
206.0000000000 0.0619628906 0.0000000000 58.7200000000
207.0000000000 0.0619689941 0.0000000000 58.3100000000
208.0000000000 0.0619750977 0.0000000000 58.6300000000
209.0000000000 0.0619812012 0.0100000000 57.4700000000
210.0000000000 0.0619873047 0.0100000000 57.9600000000
211.0000000000 0.0619934082 0.0000000000 58.3900000000
212.0000000000 0.0619995117 0.0000000000 59.0700000000
213.0000000000 0.0620056152 0.0100000000 58.8900000000
214.0000000000 0.0620117188 0.0000000000 58.5600000000
215.0000000000 0.0620178223 0.0000000000 58.3900000000
216.0000000000 0.0620239258 0.0000000000 59.1900000000
217.0000000000 0.0620300293 0.0100000000 58.8900000000
218.0000000000 0.0620361328 0.0100000000 58.5200000000
219.0000000000 0.0620422363 0.0000000000 58.4000000000
220.0000000000 0.0620483398 0.0000000000 58.9700000000
221.0000000000 0.0620544434 0.0000000000 57.7100000000
222.0000000000 0.0620605469 0.0000000000 58.6400000000
223.0000000000 0.0620666504 0.0100000000 58.7400000000
224.0000000000 0.0620727539 0.0100000000 58.2600000000
225.0000000000 0.0620788574 0.0100000000 58.1800000000
226.0000000000 0.0620849609 0.0000000000 58.5900000000
227.0000000000 0.0620910645 0.0200000000 58.2400000000
228.0000000000 0.0620971680 0.0000000000 58.5000000000
229.0000000000 0.0621032715 0.0000000000 59.0700000000
230.0000000000 0.0621093750 0.0000000000 57.7700000000
231.0000000000 0.0621154785 0.0000000000 57.5300000000
232.0000000000 0.0621215820 0.0100000000 57.2200000000
233.0000000000 0.0621276855 0.0000000000 60.2800000000
234.0000000000 0.0621337891 0.0100000000 58.7100000000
235.0000000000 0.0621398926 0.0000000000 57.4600000000
236.0000000000 0.0621459961 0.0100000000 57.9000000000
237.0000000000 0.0621520996 0.0000000000 56.9300000000
238.0000000000 0.0621582031 0.0100000000 58.7200000000
239.0000000000 0.0621643066 0.0000000000 59.0000000000
240.0000000000 0.0621704102 0.0000000000 57.8800000000
241.0000000000 0.0621765137 0.0000000000 57.1200000000
242.0000000000 0.0621826172 0.0000000000 58.7500000000
243.0000000000 0.0621887207 0.0000000000 59.0200000000
244.0000000000 0.0621948242 0.0000000000 58.3900000000
245.0000000000 0.0622009277 0.0000000000 58.1100000000
246.0000000000 0.0622070313 0.0000000000 58.7000000000
247.0000000000 0.0622131348 0.0000000000 58.8200000000
248.0000000000 0.0622192383 0.0100000000 58.3100000000
249.0000000000 0.0622253418 0.0000000000 58.4100000000
250.0000000000 0.0622314453 0.0100000000 59.1900000000
251.0000000000 0.0622375488 0.0000000000 58.8700000000
252.0000000000 0.0622436523 0.0100000000 57.8800000000
253.0000000000 0.0622497559 0.0000000000 57.7700000000
254.0000000000 0.0622558594 0.0000000000 58.2500000000
255.0000000000 0.0622619629 0.0100000000 58.3000000000
256.0000000000 0.0622680664 0.0100000000 57.1400000000
257.0000000000 0.0622741699 0.0100000000 57.4500000000
258.0000000000 0.0622802734 0.0000000000 58.3700000000
259.0000000000 0.0622863770 0.0100000000 58.0900000000
260.0000000000 0.0622924805 0.0100000000 57.7600000000
261.0000000000 0.0622985840 0.0000000000 58.1300000000
262.0000000000 0.0623046875 0.0000000000 58.3100000000
263.0000000000 0.0623107910 0.0000000000 58.2100000000
264.0000000000 0.0623168945 0.0000000000 57.9700000000
265.0000000000 0.0623229980 0.0100000000 57.2000000000
266.0000000000 0.0623291016 0.0000000000 58.2600000000
267.0000000000 0.0623352051 0.0000000000 57.1500000000
268.0000000000 0.0623413086 0.0000000000 57.2500000000
269.0000000000 0.0623474121 0.0000000000 58.4900000000
270.0000000000 0.0623535156 0.0000000000 58.5100000000
271.0000000000 0.0623596191 0.0100000000 58.6100000000
272.0000000000 0.0623657227 0.0000000000 58.4300000000
273.0000000000 0.0623718262 0.0100000000 58.4900000000
274.0000000000 0.0623779297 0.0100000000 58.9900000000
275.0000000000 0.0623840332 0.0100000000 58.7100000000
276.0000000000 0.0623901367 0.0000000000 58.2900000000
277.0000000000 0.0623962402 0.0000000000 58.0900000000
278.0000000000 0.0624023438 0.0000000000 57.4200000000
279.0000000000 0.0624084473 0.0000000000 58.3900000000
280.0000000000 0.0624145508 0.0100000000 58.8000000000
281.0000000000 0.0624206543 0.0000000000 58.7100000000
282.0000000000 0.0624267578 0.0000000000 58.4900000000
283.0000000000 0.0624328613 0.0000000000 58.4300000000
284.0000000000 0.0624389648 0.0000000000 58.9300000000
285.0000000000 0.0624450684 0.0000000000 58.4000000000
286.0000000000 0.0624511719 0.0000000000 58.9200000000
287.0000000000 0.0624572754 0.0000000000 58.7000000000
288.0000000000 0.0624633789 0.0000000000 58.2300000000
289.0000000000 0.0624694824 0.0000000000 58.3300000000
290.0000000000 0.0624755859 0.0000000000 58.8200000000
291.0000000000 0.0624816895 0.0100000000 58.6400000000
292.0000000000 0.0624877930 0.0100000000 58.0600000000
293.0000000000 0.0624938965 0.0000000000 59.4700000000
294.0000000000 0.0625000000 0.0000000000 59.0600000000
295.0000000000 0.0625061035 0.0100000000 58.6100000000
296.0000000000 0.0625122070 0.0100000000 57.3200000000
297.0000000000 0.0625183105 0.0100000000 57.8600000000
298.0000000000 0.0625244141 0.0000000000 58.6700000000
299.0000000000 0.0625305176 0.0000000000 57.8100000000
300.0000000000 0.0625366211 0.0000000000 57.0800000000
301.0000000000 0.0625427246 0.0100000000 58.3000000000
302.0000000000 0.0625488281 0.0000000000 57.5900000000
303.0000000000 0.0625549316 0.0000000000 57.2500000000
304.0000000000 0.0625610352 0.0100000000 58.2100000000
305.0000000000 0.0625671387 0.0000000000 58.9200000000
306.0000000000 0.0625732422 0.0000000000 58.5200000000
307.0000000000 0.0625793457 0.0100000000 57.3100000000
308.0000000000 0.0625854492 0.0000000000 58.1800000000
309.0000000000 0.0625915527 0.0100000000 58.6000000000
310.0000000000 0.0625976563 0.0000000000 58.8200000000
311.0000000000 0.0626037598 0.0000000000 57.1700000000
312.0000000000 0.0626098633 0.0000000000 58.2700000000
313.0000000000 0.0626159668 0.0000000000 57.1300000000
314.0000000000 0.0626220703 0.0000000000 57.6400000000
315.0000000000 0.0626281738 0.0100000000 57.6000000000
316.0000000000 0.0626342773 0.0100000000 57.3000000000
317.0000000000 0.0626403809 0.0000000000 58.8100000000
318.0000000000 0.0626464844 0.0000000000 59.9900000000
319.0000000000 0.0626525879 0.0100000000 58.2300000000
320.0000000000 0.0626586914 0.0000000000 58.5900000000
321.0000000000 0.0626647949 0.0100000000 59.6600000000
322.0000000000 0.0626708984 0.0000000000 58.3200000000
323.0000000000 0.0626770020 0.0100000000 58.0500000000
324.0000000000 0.0626831055 0.0000000000 58.6200000000
325.0000000000 0.0626892090 0.0000000000 59.9500000000
326.0000000000 0.0626953125 0.0000000000 57.5500000000
327.0000000000 0.0627014160 0.0000000000 57.5900000000
328.0000000000 0.0627075195 0.0000000000 57.5300000000
329.0000000000 0.0627136230 0.0100000000 59.0300000000
330.0000000000 0.0627197266 0.0000000000 58.3800000000
331.0000000000 0.0627258301 0.0000000000 58.1600000000
332.0000000000 0.0627319336 0.0000000000 58.4500000000
333.0000000000 0.0627380371 0.0100000000 58.2100000000
334.0000000000 0.0627441406 0.0100000000 58.3700000000
335.0000000000 0.0627502441 0.0000000000 57.3200000000
336.0000000000 0.0627563477 0.0000000000 58.7600000000
337.0000000000 0.0627624512 0.0100000000 58.3900000000
338.0000000000 0.0627685547 0.0000000000 58.5700000000
339.0000000000 0.0627746582 0.0100000000 58.2100000000
340.0000000000 0.0627807617 0.0100000000 58.2400000000
341.0000000000 0.0627868652 0.0100000000 58.4200000000
342.0000000000 0.0627929688 0.0000000000 58.9400000000
343.0000000000 0.0627990723 0.0100000000 58.4500000000
344.0000000000 0.0628051758 0.0100000000 58.2300000000
345.0000000000 0.0628112793 0.0100000000 58.7500000000
346.0000000000 0.0628173828 0.0000000000 58.7900000000
347.0000000000 0.0628234863 0.0100000000 58.1800000000
348.0000000000 0.0628295898 0.0100000000 58.3800000000
349.0000000000 0.0628356934 0.0000000000 59.1300000000
350.0000000000 0.0628417969 0.0100000000 59.2800000000
351.0000000000 0.0628479004 0.0000000000 58.4500000000
352.0000000000 0.0628540039 0.0100000000 59.1800000000
353.0000000000 0.0628601074 0.0000000000 58.6300000000
354.0000000000 0.0628662109 0.0000000000 58.4500000000
355.0000000000 0.0628723145 0.0100000000 57.2600000000
356.0000000000 0.0628784180 0.0000000000 58.7900000000
357.0000000000 0.0628845215 0.0000000000 58.4300000000
358.0000000000 0.0628906250 0.0000000000 59.0300000000
