-5.950000e+00 1.843891e-41 3.751414e-22 0.000000e+00
-5.900000e+00 1.180090e-40 1.014952e-21 0.000000e+00
-5.850000e+00 -3.724660e-40 2.897462e-21 6.042062e-38
-5.800000e+00 2.338054e-39 7.771202e-21 0.000000e+00
-5.750000e+00 -4.307329e-39 1.924437e-20 0.000000e+00
-5.700000e+00 -5.664433e-39 4.434927e-20 0.000000e+00
-5.650000e+00 5.192397e-39 9.616403e-20 -9.667299e-37
-5.600000e+00 -4.389935e-38 1.980583e-19 -2.900190e-36
-5.550000e+00 -2.076959e-38 3.903554e-19 3.866919e-36
-5.500000e+00 2.756691e-37 7.404813e-19 -3.866919e-36
-5.450000e+00 2.341299e-37 1.358001e-18 -7.733839e-36
-5.400000e+00 4.229443e-37 2.416297e-18 3.093536e-35
-5.350000e+00 6.042062e-38 4.183020e-18 0.000000e+00
-5.300000e+00 1.147992e-36 7.061755e-18 0.000000e+00
-5.250000e+00 2.779348e-36 1.164758e-17 0.000000e+00
-5.200000e+00 -4.712808e-36 1.879918e-17 -4.949657e-34
-5.150000e+00 2.900190e-36 2.973008e-17 -9.899314e-34
-5.100000e+00 2.416825e-36 4.612058e-17 0.000000e+00
-5.050000e+00 -1.740114e-35 7.025128e-17 0.000000e+00
-5.000000e+00 -2.764847e-33 1.051569e-16 -3.959726e-33
-4.950000e+00 -5.413687e-35 1.547972e-16 0.000000e+00
-4.900000e+00 0.000000e+00 2.242377e-16 0.000000e+00
-4.850000e+00 9.667299e-35 3.198315e-16 0.000000e+00
-4.800000e+00 6.187071e-35 4.493867e-16 0.000000e+00
-4.750000e+00 -3.093536e-35 6.223021e-16 0.000000e+00
-4.700000e+00 3.712243e-34 8.496496e-16 0.000000e+00
-4.650000e+00 -1.546768e-34 1.144177e-15 -6.335561e-32
-4.600000e+00 8.043192e-34 1.520208e-15 6.335561e-32
-4.550000e+00 -1.856121e-34 1.993406e-15 1.267112e-31
-4.500000e+00 8.043192e-34 2.580392e-15 2.534224e-31
-4.450000e+00 -1.237414e-34 3.298180e-15 0.000000e+00
-4.400000e+00 -4.949657e-34 4.163435e-15 -2.534224e-31
-4.350000e+00 -4.949657e-34 5.191552e-15 5.068449e-31
-4.300000e+00 4.949657e-34 6.395560e-15 1.013690e-30
-4.250000e+00 9.899314e-34 7.784907e-15 1.013690e-30
-4.200000e+00 -7.127506e-32 9.364144e-15 0.000000e+00
-4.150000e+00 3.464760e-33 1.113160e-14 0.000000e+00
-4.100000e+00 -4.949657e-33 1.307811e-14 1.013690e-30
-4.050000e+00 8.909382e-33 1.518590e-14 0.000000e+00
-4.000000e+00 8.909382e-33 1.742769e-14 0.000000e+00
-3.950000e+00 7.919451e-33 1.976621e-14 2.027379e-30
-3.900000e+00 1.385904e-32 2.215406e-14 0.000000e+00
-3.850000e+00 -1.781876e-32 2.453417e-14 4.054759e-30
-3.800000e+00 -1.979863e-33 2.684078e-14 0.000000e+00
-3.750000e+00 3.959726e-33 2.900099e-14 0.000000e+00
-3.700000e+00 -1.583890e-32 3.093694e-14 0.000000e+00
-3.650000e+00 3.959726e-33 3.256851e-14 8.109518e-30
-3.600000e+00 -7.127506e-32 3.381638e-14 8.109518e-30
-3.550000e+00 7.919451e-33 3.460553e-14 0.000000e+00
-3.500000e+00 3.920128e-31 3.486873e-14 -8.109518e-30
-3.450000e+00 -2.375835e-32 3.455040e-14 8.109518e-30
-3.400000e+00 -1.583890e-32 3.360967e-14 0.000000e+00
-3.350000e+00 7.919451e-33 3.202295e-14 0.000000e+00
-3.300000e+00 -1.583890e-32 2.978651e-14 0.000000e+00
-3.250000e+00 -7.919451e-33 2.691790e-14 0.000000e+00
-3.200000e+00 -7.919451e-33 2.345636e-14 -3.243807e-29
-3.150000e+00 4.751671e-32 1.946231e-14 0.000000e+00
-3.100000e+00 1.583890e-32 1.501582e-14 0.000000e+00
-3.050000e+00 1.346307e-31 1.021407e-14 0.000000e+00
-3.000000e+00 5.543616e-32 5.167940e-15 0.000000e+00
-2.950000e+00 -2.375835e-32 -2.067383e-18 0.000000e+00
-2.900000e+00 1.583890e-32 -5.170485e-15 1.621904e-29
-2.850000e+00 3.167780e-32 -1.021176e-14 -1.621904e-29
-2.800000e+00 1.583890e-32 -1.500513e-14 0.000000e+00
-2.750000e+00 7.919451e-33 -1.943933e-14 1.621904e-29
-2.700000e+00 2.375835e-32 -2.341666e-14 0.000000e+00
-2.650000e+00 -1.583890e-32 -2.685651e-14 0.000000e+00
-2.600000e+00 6.335561e-32 -2.969791e-14 0.000000e+00
-2.550000e+00 -8.077840e-31 -3.190115e-14 0.000000e+00
-2.500000e+00 -9.978508e-31 -3.344835e-14 0.000000e+00
-2.450000e+00 5.543616e-32 -3.434313e-14 1.621904e-29
-2.400000e+00 0.000000e+00 -3.460925e-14 -8.109518e-30
-2.350000e+00 -3.167780e-32 -3.428807e-14 0.000000e+00
-2.300000e+00 7.919451e-33 -3.343590e-14 0.000000e+00
-2.250000e+00 -3.959726e-33 -3.212098e-14 8.109518e-30
-2.200000e+00 3.959726e-33 -3.041958e-14 0.000000e+00
-2.150000e+00 1.187918e-32 -2.841222e-14 0.000000e+00
-2.100000e+00 7.919451e-33 -2.618012e-14 0.000000e+00
-2.050000e+00 -3.959726e-33 -2.380181e-14 4.054759e-30
-2.000000e+00 1.979863e-32 -2.135009e-14 0.000000e+00
-1.950000e+00 5.939588e-33 -1.888962e-14 2.027379e-30
-1.900000e+00 1.979863e-32 -1.647488e-14 0.000000e+00
-1.850000e+00 -1.088925e-32 -1.414888e-14 -2.027379e-30
-1.800000e+00 -4.949657e-33 -1.194239e-14 0.000000e+00
-1.750000e+00 0.000000e+00 -9.873745e-15 0.000000e+00
-1.700000e+00 0.000000e+00 -7.949206e-15 0.000000e+00
-1.650000e+00 0.000000e+00 -6.163809e-15 1.013690e-30
-1.600000e+00 -9.899314e-34 -4.502598e-15 1.013690e-30
-1.550000e+00 -2.474828e-33 -2.942224e-15 0.000000e+00
-1.500000e+00 -2.969794e-33 -1.452806e-15 -1.013690e-30
-1.450000e+00 4.949657e-34 -3.167780e-32 0.000000e+00
-1.400000e+00 -4.454691e-33 1.452806e-15 -1.013690e-30
-1.350000e+00 9.899314e-34 2.942224e-15 -1.013690e-30
-1.300000e+00 -2.969794e-33 4.502598e-15 -1.013690e-30
-1.250000e+00 -2.969794e-33 6.163809e-15 1.013690e-30
-1.200000e+00 -5.939588e-33 7.949206e-15 1.013690e-30
-1.150000e+00 -6.929520e-33 9.873745e-15 2.027379e-30
-1.100000e+00 1.979863e-33 1.194239e-14 -2.027379e-30
-1.050000e+00 2.969794e-33 1.414888e-14 0.000000e+00
-1.000000e+00 2.969794e-33 1.647488e-14 0.000000e+00
-9.500000e-01 5.939588e-33 1.888962e-14 0.000000e+00
-9.000000e-01 3.959726e-33 2.135009e-14 0.000000e+00
-8.500000e-01 7.919451e-33 2.380181e-14 0.000000e+00
-8.000000e-01 0.000000e+00 2.618012e-14 4.054759e-30
-7.500000e-01 1.187918e-32 2.841222e-14 -4.054759e-30
-7.000000e-01 2.375835e-32 3.041958e-14 0.000000e+00
-6.500000e-01 5.147643e-32 3.212098e-14 0.000000e+00
-6.000000e-01 3.167780e-32 3.343590e-14 0.000000e+00
-5.500000e-01 -1.979863e-32 3.428807e-14 -8.109518e-30
-5.000000e-01 -1.979863e-32 3.460925e-14 0.000000e+00
-4.500000e-01 -7.919451e-33 3.434313e-14 8.109518e-30
-4.000000e-01 -5.385227e-31 3.344835e-14 0.000000e+00
-3.500000e-01 0.000000e+00 3.190115e-14 1.621904e-29
-3.000000e-01 1.583890e-32 2.969791e-14 0.000000e+00
-2.500000e-01 -3.167780e-32 2.685651e-14 0.000000e+00
-2.000000e-01 2.066977e-30 2.341666e-14 1.621904e-29
-1.500000e-01 -2.375835e-32 1.943933e-14 1.621904e-29
-1.000000e-01 7.919451e-33 1.500513e-14 0.000000e+00
-5.000000e-02 -3.666706e-30 1.021176e-14 3.243807e-29
-1.294798e-14 4.751671e-32 5.170485e-15 0.000000e+00
5.000000e-02 7.127506e-32 2.067383e-18 0.000000e+00
1.000000e-01 7.919451e-31 -5.167940e-15 1.621904e-29
1.500000e-01 3.959726e-32 -1.021407e-14 1.621904e-29
2.000000e-01 -4.751671e-32 -1.501582e-14 0.000000e+00
2.500000e-01 0.000000e+00 -1.946231e-14 1.621904e-29
3.000000e-01 4.355698e-31 -2.345636e-14 0.000000e+00
3.500000e-01 3.167780e-32 -2.691790e-14 0.000000e+00
4.000000e-01 7.919451e-33 -2.978651e-14 0.000000e+00
4.500000e-01 3.167780e-32 -3.202295e-14 8.109518e-30
5.000000e-01 -1.583890e-32 -3.360967e-14 -8.109518e-30
5.500000e-01 3.959726e-32 -3.455040e-14 0.000000e+00
6.000000e-01 1.048535e-29 -3.486873e-14 0.000000e+00
6.500000e-01 -3.959726e-33 -3.460553e-14 0.000000e+00
7.000000e-01 7.919451e-33 -3.381638e-14 0.000000e+00
7.500000e-01 3.959726e-33 -3.256851e-14 0.000000e+00
8.000000e-01 -1.583890e-32 -3.093694e-14 0.000000e+00
8.500000e-01 -3.959726e-33 -2.900099e-14 0.000000e+00
9.000000e-01 -1.583890e-32 -2.684078e-14 0.000000e+00
9.500000e-01 0.000000e+00 -2.453417e-14 0.000000e+00
1.000000e+00 -9.899314e-33 -2.215406e-14 0.000000e+00
1.050000e+00 7.919451e-33 -1.976621e-14 0.000000e+00
1.100000e+00 0.000000e+00 -1.742769e-14 0.000000e+00
1.150000e+00 -8.909382e-33 -1.518590e-14 2.027379e-30
1.200000e+00 -9.899314e-34 -1.307811e-14 0.000000e+00
1.250000e+00 -9.899314e-34 -1.113160e-14 -1.013690e-30
1.300000e+00 -1.484897e-33 -9.364144e-15 0.000000e+00
1.350000e+00 0.000000e+00 -7.784907e-15 5.068449e-31
1.400000e+00 3.464760e-33 -6.395560e-15 0.000000e+00
1.450000e+00 -2.474828e-34 -5.191552e-15 0.000000e+00
1.500000e+00 1.979863e-33 -4.163435e-15 -2.534224e-31
1.550000e+00 -1.979863e-33 -3.298180e-15 0.000000e+00
1.600000e+00 1.113673e-33 -2.580392e-15 0.000000e+00
1.650000e+00 8.043192e-34 -1.993406e-15 0.000000e+00
1.700000e+00 -1.856121e-34 -1.520208e-15 0.000000e+00
1.750000e+00 -4.949657e-34 -1.144177e-15 0.000000e+00
1.800000e+00 3.093536e-35 -8.496496e-16 3.167780e-32
1.850000e+00 1.546768e-35 -6.223021e-16 -3.167780e-32
1.900000e+00 7.733839e-35 -4.493867e-16 -1.583890e-32
1.950000e+00 -3.866919e-35 -3.198315e-16 -7.919451e-33
2.000000e+00 -1.160076e-34 -2.242377e-16 0.000000e+00
2.050000e+00 1.933460e-35 -1.547972e-16 0.000000e+00
2.100000e+00 -2.706844e-35 -1.051569e-16 0.000000e+00
2.150000e+00 1.740114e-35 -7.025128e-17 0.000000e+00
2.200000e+00 -3.673573e-35 -4.612058e-17 9.899314e-34
2.250000e+00 1.232581e-34 -2.973008e-17 9.899314e-34
2.300000e+00 -9.183934e-36 -1.879918e-17 0.000000e+00
2.350000e+00 -1.116573e-34 -1.164758e-17 0.000000e+00
2.400000e+00 -6.042062e-37 -7.061755e-18 1.237414e-34
2.450000e+00 7.250474e-37 -4.183020e-18 0.000000e+00
2.500000e+00 -6.042062e-37 -2.416297e-18 0.000000e+00
2.550000e+00 -7.552577e-38 -1.358001e-18 0.000000e+00
2.600000e+00 -2.039196e-37 -7.404813e-19 3.866919e-36
2.650000e+00 -7.174948e-38 -3.903554e-19 1.933460e-36
2.700000e+00 6.821865e-36 -1.980583e-19 5.800379e-36
2.750000e+00 9.440721e-39 -9.616403e-20 0.000000e+00
2.800000e+00 -7.316559e-39 -4.434927e-20 0.000000e+00
2.850000e+00 -1.298099e-39 -1.924437e-20 0.000000e+00
2.900000e+00 -6.490496e-40 -7.771202e-21 0.000000e+00
2.950000e+00 4.572849e-40 -2.897462e-21 0.000000e+00
3.000000e+00 -2.581447e-41 -1.014952e-21 0.000000e+00
3.050000e+00 0.000000e+00 -3.751414e-22 0.000000e+00
