dpl Lambda(micro m) RefractiveIndex ParticleDiameter(micro m) CorrectionFactor
15.0000000000 1.0000000000 1.5000000000 2.0000000000 0.3083105740
15.0000000000 1.0000000000 1.5000000000 2.0000000000 0.3083105740
15.0000000000 1.0000000000 1.5000000000 2.0000000000 0.3083114645
15.0000000000 1.0000000000 1.5000000000 2.0000000000 0.3083105740
15.0000000000 1.0000000000 1.5000000000 2.0000000000 0.3083105740
15.0000000000 1.0000000000 1.5000000000 2.0000000000 0.3083105740
15.0000000000 1.0000000000 1.5000000000 2.0000000000 0.3083105740
15.0000000000 1.0000000000 1.5000000000 2.0000000000 0.3083105740
15.0000000000 1.0000000000 1.5000000000 2.0000000000 0.3083105740
15.0000000000 1.0000000000 1.5000000000 2.0000000000 0.3083105740
15.0000000000 1.0000000000 1.5000000000 2.0000000000 0.3083105740
15.0000000000 1.0000000000 1.5000000000 2.0000000000 0.3083105740
15.0000000000 1.0000000000 1.5000000000 2.0000000000 0.3083105740
15.0000000000 1.0000000000 1.5000000000 2.0000000000 0.3083105740
15.0000000000 1.0000000000 1.5000000000 2.0000000000 0.3083104420
15.0000000000 1.0000000000 1.5000000000 2.0000000000 0.3083105740
15.0000000000 1.0000000000 1.5000000000 2.0000000000 0.3083105740
15.0000000000 1.0000000000 1.5000000000 2.0000000000 0.3083105740
15.0000000000 1.0000000000 1.5000000000 2.0000000000 0.3083105740
15.0000000000 1.0000000000 1.5000000000 2.0000000000 0.3083105740
15.0000000000 1.0000000000 1.5000000000 2.0000000000 0.3083105740
15.0000000000 1.0000000000 1.5000000000 2.0000000000 0.3083105740
15.0000000000 1.0000000000 1.5000000000 2.0000000000 0.3083105740
15.0000000000 1.0000000000 1.5000000000 2.0000000000 0.3083105740
15.0000000000 1.0000000000 1.5000000000 2.0000000000 0.3083105740
15.0000000000 1.0000000000 1.5000000000 2.0000000000 0.3083105740
15.0000000000 1.0000000000 1.5000000000 2.0000000000 0.3083105740
15.0000000000 1.0000000000 1.5000000000 2.0000000000 0.3083105740
15.0000000000 1.0000000000 1.5000000000 2.0000000000 0.3083105740
15.0000000000 1.0000000000 1.5000000000 2.0000000000 0.3083105740
15.0000000000 1.0000000000 1.5000000000 2.0000000000 0.3083105740
15.0000000000 1.0000000000 1.5000000000 2.0000000000 0.3083105740
15.0000000000 1.0000000000 1.5000000000 2.0000000000 0.3083105740
15.0000000000 1.0000000000 1.5000000000 2.0000000000 0.3083108943
15.0000000000 1.0000000000 1.5000000000 2.0000000000 0.3083105740
15.0000000000 1.0000000000 1.5000000000 2.0000000000 0.3083105740
15.0000000000 1.0000000000 1.5000000000 2.0000000000 0.3083105740
15.0000000000 1.0000000000 1.5000000000 2.0000000000 0.3083105740
15.0000000000 1.0000000000 1.5000000000 2.0000000000 0.3083105740
15.0000000000 1.0000000000 1.5000000000 2.0000000000 0.3083105740
15.0000000000 1.0000000000 1.5000000000 2.0000000000 0.3083105740
15.0000000000 1.0000000000 1.5000000000 2.0000000000 0.3083105740
15.0000000000 1.0000000000 1.5000000000 2.0000000000 0.3083105740
15.0000000000 1.0000000000 1.5000000000 2.0000000000 0.3083105740
15.0000000000 1.0000000000 1.5000000000 2.0000000000 0.3083105740
15.0000000000 1.0000000000 1.5000000000 2.0000000000 0.3083105740
15.0000000000 1.0000000000 1.5000000000 2.0000000000 0.3083105740
15.0000000000 1.0000000000 1.5000000000 2.0000000000 0.3083105740
15.0000000000 1.0000000000 1.5000000000 2.0000000000 0.3083105740
15.0000000000 1.0000000000 1.5000000000 2.0000000000 0.3083105740
15.0000000000 1.0000000000 1.5000000000 2.0000000000 0.3083105740
15.0000000000 1.0000000000 1.5000000000 2.0000000000 0.3083105740
15.0000000000 1.0000000000 1.5000000000 2.0000000000 0.3083105740
15.0000000000 1.0000000000 1.5000000000 2.0000000000 0.3083105740
15.0000000000 1.0000000000 1.5000000000 2.0000000000 0.3083105740
15.0000000000 1.0000000000 1.5000000000 2.0000000000 0.3083105740
15.0000000000 1.0000000000 1.5000000000 2.0000000000 0.3083105740
15.0000000000 1.0000000000 1.5000000000 2.0000000000 0.3083105740
15.0000000000 1.0000000000 1.5000000000 2.0000000000 0.3083105740
15.0000000000 1.0000000000 1.5000000000 2.0000000000 0.3083105740
15.0000000000 1.0000000000 1.5000000000 2.0000000000 0.3083105740
15.0000000000 1.0000000000 1.5000000000 2.0000000000 0.3083105740
15.0000000000 1.0000000000 1.5000000000 2.0000000000 0.3083105740
15.0000000000 1.0000000000 1.5000000000 2.0000000000 0.3083105740
15.0000000000 1.0000000000 1.5000000000 2.0000000000 0.3083105740
15.0000000000 1.0000000000 1.5000000000 2.0000000000 0.3083105740
15.0000000000 1.0000000000 1.5000000000 2.0000000000 0.3083105740
15.0000000000 1.0000000000 1.5000000000 2.0000000000 0.3083105740
15.0000000000 1.0000000000 1.5000000000 2.0000000000 0.3083105740
15.0000000000 1.0000000000 1.5000000000 2.0000000000 0.3083105740
15.0000000000 1.0000000000 1.5000000000 2.0000000000 0.3083105740
15.0000000000 1.0000000000 1.5000000000 2.0000000000 0.3083105740
15.0000000000 1.0000000000 1.5000000000 2.0000000000 0.3083105740
15.0000000000 1.0000000000 1.5000000000 2.0000000000 0.3083105740
15.0000000000 1.0000000000 1.5000000000 2.0000000000 0.3083105740
15.0000000000 1.0000000000 1.5000000000 2.0000000000 0.3083105740
15.0000000000 1.0000000000 1.5000000000 2.0000000000 0.3083105740
15.0000000000 1.0000000000 1.5000000000 2.0000000000 0.3083105740
15.0000000000 1.0000000000 1.5000000000 2.0000000000 0.3083105740
15.0000000000 1.0000000000 1.5000000000 2.0000000000 0.3083105740
15.0000000000 1.0000000000 1.5000000000 2.0000000000 0.3083105740
15.0000000000 1.0000000000 1.5000000000 2.0000000000 0.3083105740
15.0000000000 1.0000000000 1.5000000000 2.0000000000 0.3083110971
15.0000000000 1.0000000000 1.5000000000 2.0000000000 0.3083105740
15.0000000000 1.0000000000 1.5000000000 2.0000000000 0.3083110971
15.0000000000 1.0000000000 1.5000000000 2.0000000000 0.3083105740
15.0000000000 1.0000000000 1.5000000000 2.0000000000 0.3083105740
15.0000000000 1.0000000000 1.5000000000 2.0000000000 0.3083105740
15.0000000000 1.0000000000 1.5000000000 2.0000000000 0.3083105740
15.0000000000 1.0000000000 1.5000000000 2.0000000000 0.3083105740
15.0000000000 1.0000000000 1.5000000000 2.0000000000 0.3083105740
15.0000000000 1.0000000000 1.5000000000 2.0000000000 0.3083105740
15.0000000000 1.0000000000 1.5000000000 2.0000000000 0.3083105740
15.0000000000 1.0000000000 1.5000000000 2.0000000000 0.3083105740
15.0000000000 1.0000000000 1.5000000000 2.0000000000 0.3083105740
15.0000000000 1.0000000000 1.5000000000 2.0000000000 0.3083105740
15.0000000000 1.0000000000 1.5000000000 2.0000000000 0.3083105740
15.0000000000 1.0000000000 1.5000000000 2.0000000000 0.3083105740
15.0000000000 1.0000000000 1.5000000000 2.0000000000 0.3083105740
15.0000000000 1.0000000000 1.5000000000 2.0000000000 0.3083105740
