0.000000e+00 0.000000e+00 -1.000000e+00 -4.568769e-12 -6.868466e-12 3.258518e-11
0.000000e+00 0.000000e+00 -9.500000e-01 -1.576575e-11 -2.446746e-11 1.223926e-10
0.000000e+00 0.000000e+00 -9.000000e-01 -5.927765e-11 -9.563749e-11 5.090511e-10
0.000000e+00 0.000000e+00 -8.500000e-01 -2.432180e-10 -4.120444e-10 2.371884e-09
0.000000e+00 0.000000e+00 -8.000000e-01 -1.073551e-09 -1.941756e-09 1.240366e-08
0.000000e+00 0.000000e+00 -7.500000e-01 -4.821998e-09 -9.629701e-09 7.065888e-08
0.000000e+00 0.000000e+00 -7.000000e-01 -1.847696e-08 -4.439406e-08 3.873400e-07
0.000000e+00 0.000000e+00 -6.500000e-01 -2.918588e-08 -1.267824e-07 1.429677e-06
0.000000e+00 0.000000e+00 -6.000000e-01 -8.241231e-09 -8.008389e-08 2.031289e-06
0.000000e+00 0.000000e+00 -5.500000e-01 -5.626343e-09 -1.125458e-07 7.862927e-08
0.000000e+00 0.000000e+00 -5.000000e-01 -1.337847e-08 -9.761811e-08 -4.301664e-07
0.000000e+00 0.000000e+00 -4.500000e-01 -9.796661e-09 -5.198119e-08 -3.799008e-07
0.000000e+00 0.000000e+00 -4.000000e-01 -4.730225e-09 -5.459820e-08 -3.249428e-08
0.000000e+00 0.000000e+00 -3.500000e-01 7.647601e-09 -2.572089e-08 1.854732e-06
0.000000e+00 0.000000e+00 -3.000000e-01 -6.406858e-09 -1.120830e-07 1.486531e-06
0.000000e+00 0.000000e+00 -2.500000e-01 -1.855410e-08 -1.853407e-07 -3.075560e-07
0.000000e+00 0.000000e+00 -2.000000e-01 -2.360425e-08 -1.699992e-07 -6.552635e-07
0.000000e+00 0.000000e+00 -1.500000e-01 -2.369284e-08 -1.291948e-07 -7.042082e-07
0.000000e+00 0.000000e+00 -1.000000e-01 -2.272701e-08 -1.183238e-07 -6.599423e-07
0.000000e+00 0.000000e+00 -5.000000e-02 -2.326713e-08 -1.320328e-07 -5.860652e-07
0.000000e+00 0.000000e+00 3.191891e-16 -2.157445e-08 -1.316883e-07 -5.092883e-07
0.000000e+00 0.000000e+00 5.000000e-02 -1.625064e-08 -9.014118e-08 -4.551906e-07
0.000000e+00 0.000000e+00 1.000000e-01 -1.403736e-08 -6.794948e-08 -4.118482e-07
0.000000e+00 0.000000e+00 1.500000e-01 -1.307744e-08 -5.156691e-08 -3.709466e-07
0.000000e+00 0.000000e+00 2.000000e-01 -1.118810e-08 -4.858321e-08 -3.344920e-07
0.000000e+00 0.000000e+00 2.500000e-01 -9.744931e-09 -5.616100e-08 -3.067720e-07
0.000000e+00 0.000000e+00 3.000000e-01 -8.175761e-09 -4.178240e-08 -2.808234e-07
0.000000e+00 0.000000e+00 3.500000e-01 -6.836171e-09 -2.717173e-08 -2.567857e-07
0.000000e+00 0.000000e+00 4.000000e-01 -4.818470e-09 -1.219846e-08 -1.671662e-07
0.000000e+00 0.000000e+00 4.500000e-01 -2.751405e-09 -9.764099e-09 -1.353573e-07
0.000000e+00 0.000000e+00 5.000000e-01 -1.904168e-09 -1.808601e-08 -1.272698e-07
0.000000e+00 0.000000e+00 5.500000e-01 -1.729012e-09 -1.495983e-08 -1.209595e-07
0.000000e+00 0.000000e+00 6.000000e-01 -7.468262e-10 -7.312780e-09 -9.676311e-08
0.000000e+00 0.000000e+00 6.500000e-01 -1.228530e-10 -3.931485e-09 -2.575119e-08
0.000000e+00 0.000000e+00 7.000000e-01 -2.937062e-11 -6.337082e-10 -3.240173e-09
0.000000e+00 0.000000e+00 7.500000e-01 -7.095439e-12 -9.169738e-11 -3.959061e-10
0.000000e+00 0.000000e+00 8.000000e-01 -1.577846e-12 -1.486149e-11 -5.687254e-11
0.000000e+00 0.000000e+00 8.500000e-01 -3.633344e-13 -2.802382e-12 -9.779633e-12
0.000000e+00 0.000000e+00 9.000000e-01 -8.996367e-14 -6.088806e-13 -1.964125e-12
0.000000e+00 0.000000e+00 9.500000e-01 -2.395691e-14 -1.492180e-13 -4.445347e-13
0.000000e+00 0.000000e+00 1.000000e+00 -6.771033e-15 -4.033736e-14 -1.079900e-13
0.000000e+00 0.000000e+00 1.050000e+00 -2.006338e-15 -1.179913e-14 -2.544817e-14
0.000000e+00 0.000000e+00 1.100000e+00 -6.313049e-16 -3.692318e-15 -3.651507e-15
0.000000e+00 0.000000e+00 1.150000e+00 -2.316387e-16 -1.244591e-15 2.342592e-15
0.000000e+00 0.000000e+00 1.200000e+00 -1.206109e-16 -4.732285e-16 3.963568e-15
0.000000e+00 0.000000e+00 1.250000e+00 -9.400644e-17 -2.233514e-16 4.326473e-15
0.000000e+00 0.000000e+00 1.300000e+00 -8.992495e-17 -1.405718e-16 4.323381e-15
0.000000e+00 0.000000e+00 1.350000e+00 -9.001440e-17 -1.117006e-16 4.217199e-15
0.000000e+00 0.000000e+00 1.400000e+00 -8.941365e-17 -9.981728e-17 4.085714e-15
0.000000e+00 0.000000e+00 1.450000e+00 -8.732288e-17 -9.292858e-17 3.951245e-15
0.000000e+00 0.000000e+00 1.500000e+00 -8.402478e-17 -8.731137e-17 3.819633e-15
0.000000e+00 0.000000e+00 1.550000e+00 -7.997411e-17 -8.195698e-17 3.692072e-15
0.000000e+00 0.000000e+00 1.600000e+00 -7.555220e-17 -7.669901e-17 3.568624e-15
0.000000e+00 0.000000e+00 1.650000e+00 -7.102750e-17 -7.159184e-17 3.449181e-15
0.000000e+00 0.000000e+00 1.700000e+00 -6.657267e-17 -6.671658e-17 3.333673e-15
0.000000e+00 0.000000e+00 1.750000e+00 -6.229082e-17 -6.213059e-17 3.222081e-15
0.000000e+00 0.000000e+00 1.800000e+00 -5.823815e-17 -5.786224e-17 3.114405e-15
0.000000e+00 0.000000e+00 1.850000e+00 -5.444046e-17 -5.391749e-17 3.010641e-15
0.000000e+00 0.000000e+00 1.900000e+00 -5.090456e-17 -5.028771e-17 2.910768e-15
0.000000e+00 0.000000e+00 1.950000e+00 -4.762580e-17 -4.695585e-17 2.814741e-15
