-2.500000e+00 -2.500000e+00 0.000000e+00 5.759360e-22 5.564476e-22 0.000000e+00
-2.500000e+00 -2.250000e+00 0.000000e+00 3.118435e-21 2.723011e-21 0.000000e+00
-2.500000e+00 -2.000000e+00 0.000000e+00 1.273385e-20 9.841140e-21 0.000000e+00
-2.500000e+00 -1.750000e+00 0.000000e+00 4.583557e-20 3.044759e-20 0.000000e+00
-2.500000e+00 -1.500000e+00 0.000000e+00 1.635610e-19 9.133949e-20 0.000000e+00
-2.500000e+00 -1.250000e+00 0.000000e+00 5.136211e-19 2.364458e-19 0.000000e+00
-2.500000e+00 -1.000000e+00 0.000000e+00 1.268575e-18 4.629646e-19 0.000000e+00
-2.500000e+00 -7.500000e-01 0.000000e+00 2.489846e-18 6.716702e-19 0.000000e+00
-2.500000e+00 -5.000000e-01 0.000000e+00 4.058248e-18 7.154315e-19 0.000000e+00
-2.500000e+00 -2.500000e-01 0.000000e+00 5.533732e-18 4.792582e-19 0.000000e+00
-2.500000e+00 0.000000e+00 0.000000e+00 6.165089e-18 4.596137e-37 0.000000e+00
-2.500000e+00 2.500000e-01 0.000000e+00 5.533732e-18 -4.792582e-19 0.000000e+00
-2.500000e+00 5.000000e-01 0.000000e+00 4.058248e-18 -7.154315e-19 0.000000e+00
-2.500000e+00 7.500000e-01 0.000000e+00 2.489846e-18 -6.716702e-19 0.000000e+00
-2.500000e+00 1.000000e+00 0.000000e+00 1.268575e-18 -4.629646e-19 0.000000e+00
-2.500000e+00 1.250000e+00 0.000000e+00 5.136211e-19 -2.364458e-19 0.000000e+00
-2.500000e+00 1.500000e+00 0.000000e+00 1.635610e-19 -9.133949e-20 0.000000e+00
-2.500000e+00 1.750000e+00 0.000000e+00 4.583557e-20 -3.044759e-20 0.000000e+00
-2.500000e+00 2.000000e+00 0.000000e+00 1.273385e-20 -9.841140e-21 0.000000e+00
-2.500000e+00 2.250000e+00 0.000000e+00 3.118435e-21 -2.723011e-21 0.000000e+00
-2.500000e+00 2.500000e+00 0.000000e+00 5.759360e-22 -5.564476e-22 0.000000e+00
-2.250000e+00 -2.500000e+00 0.000000e+00 2.845158e-21 3.059917e-21 0.000000e+00
-2.250000e+00 -2.250000e+00 0.000000e+00 1.412263e-20 1.363237e-20 0.000000e+00
-2.250000e+00 -2.000000e+00 0.000000e+00 6.614277e-20 5.568405e-20 0.000000e+00
-2.250000e+00 -1.750000e+00 0.000000e+00 3.039380e-19 2.205780e-19 0.000000e+00
-2.250000e+00 -1.500000e+00 0.000000e+00 1.147509e-18 7.109893e-19 0.000000e+00
-2.250000e+00 -1.250000e+00 0.000000e+00 3.607055e-18 1.853125e-18 0.000000e+00
-2.250000e+00 -1.000000e+00 0.000000e+00 1.067920e-17 4.328694e-18 0.000000e+00
-2.250000e+00 -7.500000e-01 0.000000e+00 2.859652e-17 8.545828e-18 0.000000e+00
-2.250000e+00 -5.000000e-01 0.000000e+00 6.092930e-17 1.197383e-17 0.000000e+00
-2.250000e+00 -2.500000e-01 0.000000e+00 9.679727e-17 9.431072e-18 0.000000e+00
-2.250000e+00 0.000000e+00 0.000000e+00 1.129897e-16 -1.764917e-34 0.000000e+00
-2.250000e+00 2.500000e-01 0.000000e+00 9.679727e-17 -9.431072e-18 0.000000e+00
-2.250000e+00 5.000000e-01 0.000000e+00 6.092930e-17 -1.197383e-17 0.000000e+00
-2.250000e+00 7.500000e-01 0.000000e+00 2.859652e-17 -8.545828e-18 0.000000e+00
-2.250000e+00 1.000000e+00 0.000000e+00 1.067920e-17 -4.328694e-18 0.000000e+00
-2.250000e+00 1.250000e+00 0.000000e+00 3.607055e-18 -1.853125e-18 0.000000e+00
-2.250000e+00 1.500000e+00 0.000000e+00 1.147509e-18 -7.109893e-19 0.000000e+00
-2.250000e+00 1.750000e+00 0.000000e+00 3.039380e-19 -2.205780e-19 0.000000e+00
-2.250000e+00 2.000000e+00 0.000000e+00 6.614277e-20 -5.568405e-20 0.000000e+00
-2.250000e+00 2.250000e+00 0.000000e+00 1.412263e-20 -1.363237e-20 0.000000e+00
-2.250000e+00 2.500000e+00 0.000000e+00 2.845158e-21 -3.059917e-21 0.000000e+00
-2.000000e+00 -2.500000e+00 0.000000e+00 1.096042e-20 1.320928e-20 0.000000e+00
-2.000000e+00 -2.250000e+00 0.000000e+00 6.378508e-20 6.794533e-20 0.000000e+00
-2.000000e+00 -2.000000e+00 0.000000e+00 3.608149e-19 3.373949e-19 0.000000e+00
-2.000000e+00 -1.750000e+00 0.000000e+00 1.700413e-18 1.390603e-18 0.000000e+00
-2.000000e+00 -1.500000e+00 0.000000e+00 7.963209e-18 5.549436e-18 0.000000e+00
-2.000000e+00 -1.250000e+00 0.000000e+00 3.844905e-17 2.202575e-17 0.000000e+00
-2.000000e+00 -1.000000e+00 0.000000e+00 1.491698e-16 6.753203e-17 0.000000e+00
-2.000000e+00 -7.500000e-01 0.000000e+00 4.163096e-16 1.399872e-16 0.000000e+00
-2.000000e+00 -5.000000e-01 0.000000e+00 8.408943e-16 1.870452e-16 0.000000e+00
-2.000000e+00 -2.500000e-01 0.000000e+00 1.264415e-15 1.398817e-16 0.000000e+00
-2.000000e+00 0.000000e+00 0.000000e+00 1.445088e-15 1.882578e-33 0.000000e+00
-2.000000e+00 2.500000e-01 0.000000e+00 1.264415e-15 -1.398817e-16 0.000000e+00
-2.000000e+00 5.000000e-01 0.000000e+00 8.408943e-16 -1.870452e-16 0.000000e+00
-2.000000e+00 7.500000e-01 0.000000e+00 4.163096e-16 -1.399872e-16 0.000000e+00
-2.000000e+00 1.000000e+00 0.000000e+00 1.491698e-16 -6.753203e-17 0.000000e+00
-2.000000e+00 1.250000e+00 0.000000e+00 3.844905e-17 -2.202575e-17 0.000000e+00
-2.000000e+00 1.500000e+00 0.000000e+00 7.963209e-18 -5.549436e-18 0.000000e+00
-2.000000e+00 1.750000e+00 0.000000e+00 1.700413e-18 -1.390603e-18 0.000000e+00
-2.000000e+00 2.000000e+00 0.000000e+00 3.608149e-19 -3.373949e-19 0.000000e+00
-2.000000e+00 2.250000e+00 0.000000e+00 6.378508e-20 -6.794533e-20 0.000000e+00
-2.000000e+00 2.500000e+00 0.000000e+00 1.096042e-20 -1.320928e-20 0.000000e+00
-1.750000e+00 -2.500000e+00 0.000000e+00 4.010714e-20 5.430771e-20 0.000000e+00
-1.750000e+00 -2.250000e+00 0.000000e+00 2.755111e-19 3.312102e-19 0.000000e+00
-1.750000e+00 -2.000000e+00 0.000000e+00 1.621451e-18 1.730360e-18 0.000000e+00
-1.750000e+00 -1.750000e+00 0.000000e+00 1.085486e-17 1.005117e-17 0.000000e+00
-1.750000e+00 -1.500000e+00 0.000000e+00 7.512473e-17 5.893397e-17 0.000000e+00
-1.750000e+00 -1.250000e+00 0.000000e+00 3.743357e-16 2.427569e-16 0.000000e+00
-1.750000e+00 -1.000000e+00 0.000000e+00 1.262007e-15 6.504966e-16 0.000000e+00
-1.750000e+00 -7.500000e-01 0.000000e+00 3.022713e-15 1.161187e-15 0.000000e+00
-1.750000e+00 -5.000000e-01 0.000000e+00 5.426432e-15 1.381391e-15 0.000000e+00
-1.750000e+00 -2.500000e-01 0.000000e+00 7.591993e-15 9.619429e-16 0.000000e+00
-1.750000e+00 0.000000e+00 0.000000e+00 8.469959e-15 -2.560306e-31 0.000000e+00
-1.750000e+00 2.500000e-01 0.000000e+00 7.591993e-15 -9.619429e-16 0.000000e+00
-1.750000e+00 5.000000e-01 0.000000e+00 5.426432e-15 -1.381391e-15 0.000000e+00
-1.750000e+00 7.500000e-01 0.000000e+00 3.022713e-15 -1.161187e-15 0.000000e+00
-1.750000e+00 1.000000e+00 0.000000e+00 1.262007e-15 -6.504966e-16 0.000000e+00
-1.750000e+00 1.250000e+00 0.000000e+00 3.743357e-16 -2.427569e-16 0.000000e+00
-1.750000e+00 1.500000e+00 0.000000e+00 7.512473e-17 -5.893397e-17 0.000000e+00
-1.750000e+00 1.750000e+00 0.000000e+00 1.085486e-17 -1.005117e-17 0.000000e+00
-1.750000e+00 2.000000e+00 0.000000e+00 1.621451e-18 -1.730360e-18 0.000000e+00
-1.750000e+00 2.250000e+00 0.000000e+00 2.755111e-19 -3.312102e-19 0.000000e+00
-1.750000e+00 2.500000e+00 0.000000e+00 4.010714e-20 -5.430771e-20 0.000000e+00
-1.500000e+00 -2.500000e+00 0.000000e+00 1.353845e-19 2.108222e-19 0.000000e+00
-1.500000e+00 -2.250000e+00 0.000000e+00 9.560366e-19 1.334207e-18 0.000000e+00
-1.500000e+00 -2.000000e+00 0.000000e+00 7.927742e-18 9.718367e-18 0.000000e+00
-1.500000e+00 -1.750000e+00 0.000000e+00 7.482999e-17 7.948525e-17 0.000000e+00
-1.500000e+00 -1.500000e+00 0.000000e+00 4.837886e-16 4.388295e-16 0.000000e+00
-1.500000e+00 -1.250000e+00 0.000000e+00 1.989007e-15 1.499584e-15 0.000000e+00
-1.500000e+00 -1.000000e+00 0.000000e+00 5.593483e-15 3.363067e-15 0.000000e+00
-1.500000e+00 -7.500000e-01 0.000000e+00 1.159476e-14 5.205975e-15 0.000000e+00
-1.500000e+00 -5.000000e-01 0.000000e+00 1.875971e-14 5.586829e-15 0.000000e+00
-1.500000e+00 -2.500000e-01 0.000000e+00 2.464934e-14 3.654474e-15 0.000000e+00
-1.500000e+00 0.000000e+00 0.000000e+00 2.692781e-14 -1.204850e-31 0.000000e+00
-1.500000e+00 2.500000e-01 0.000000e+00 2.464934e-14 -3.654474e-15 0.000000e+00
-1.500000e+00 5.000000e-01 0.000000e+00 1.875971e-14 -5.586829e-15 0.000000e+00
-1.500000e+00 7.500000e-01 0.000000e+00 1.159476e-14 -5.205975e-15 0.000000e+00
-1.500000e+00 1.000000e+00 0.000000e+00 5.593483e-15 -3.363067e-15 0.000000e+00
-1.500000e+00 1.250000e+00 0.000000e+00 1.989007e-15 -1.499584e-15 0.000000e+00
-1.500000e+00 1.500000e+00 0.000000e+00 4.837886e-16 -4.388295e-16 0.000000e+00
-1.500000e+00 1.750000e+00 0.000000e+00 7.482999e-17 -7.948525e-17 0.000000e+00
-1.500000e+00 2.000000e+00 0.000000e+00 7.927742e-18 -9.718367e-18 0.000000e+00
-1.500000e+00 2.250000e+00 0.000000e+00 9.560366e-19 -1.334207e-18 0.000000e+00
-1.500000e+00 2.500000e+00 0.000000e+00 1.353845e-19 -2.108222e-19 0.000000e+00
-1.250000e+00 -2.500000e+00 0.000000e+00 3.617759e-19 6.717161e-19 0.000000e+00
-1.250000e+00 -2.250000e+00 0.000000e+00 3.133170e-18 5.151861e-18 0.000000e+00
-1.250000e+00 -2.000000e+00 0.000000e+00 3.817544e-17 5.499009e-17 0.000000e+00
-1.250000e+00 -1.750000e+00 0.000000e+00 3.404756e-16 4.291868e-16 0.000000e+00
-1.250000e+00 -1.500000e+00 0.000000e+00 1.804343e-15 1.953757e-15 0.000000e+00
-1.250000e+00 -1.250000e+00 0.000000e+00 6.142402e-15 5.551241e-15 0.000000e+00
-1.250000e+00 -1.000000e+00 0.000000e+00 1.475965e-14 1.067410e-14 0.000000e+00
-1.250000e+00 -7.500000e-01 0.000000e+00 2.699536e-14 1.461570e-14 0.000000e+00
-1.250000e+00 -5.000000e-01 0.000000e+00 3.980499e-14 1.431288e-14 0.000000e+00
-1.250000e+00 -2.500000e-01 0.000000e+00 4.935656e-14 8.837549e-15 0.000000e+00
-1.250000e+00 0.000000e+00 0.000000e+00 5.286066e-14 2.409700e-31 0.000000e+00
-1.250000e+00 2.500000e-01 0.000000e+00 4.935656e-14 -8.837549e-15 0.000000e+00
-1.250000e+00 5.000000e-01 0.000000e+00 3.980499e-14 -1.431288e-14 0.000000e+00
-1.250000e+00 7.500000e-01 0.000000e+00 2.699536e-14 -1.461570e-14 0.000000e+00
-1.250000e+00 1.000000e+00 0.000000e+00 1.475965e-14 -1.067410e-14 0.000000e+00
-1.250000e+00 1.250000e+00 0.000000e+00 6.142402e-15 -5.551241e-15 0.000000e+00
-1.250000e+00 1.500000e+00 0.000000e+00 1.804343e-15 -1.953757e-15 0.000000e+00
-1.250000e+00 1.750000e+00 0.000000e+00 3.404756e-16 -4.291868e-16 0.000000e+00
-1.250000e+00 2.000000e+00 0.000000e+00 3.817544e-17 -5.499009e-17 0.000000e+00
-1.250000e+00 2.250000e+00 0.000000e+00 3.133170e-18 -5.151861e-18 0.000000e+00
-1.250000e+00 2.500000e+00 0.000000e+00 3.617759e-19 -6.717161e-19 0.000000e+00
-1.000000e+00 -2.500000e+00 0.000000e+00 7.764251e-19 1.781072e-18 0.000000e+00
-1.000000e+00 -2.250000e+00 0.000000e+00 9.828987e-18 1.965092e-17 0.000000e+00
-1.000000e+00 -2.000000e+00 0.000000e+00 1.275235e-16 2.260129e-16 0.000000e+00
-1.000000e+00 -1.750000e+00 0.000000e+00 9.543518e-16 1.489667e-15 0.000000e+00
-1.000000e+00 -1.500000e+00 0.000000e+00 4.212974e-15 5.672673e-15 0.000000e+00
-1.000000e+00 -1.250000e+00 0.000000e+00 1.224790e-14 1.382398e-14 0.000000e+00
-1.000000e+00 -1.000000e+00 0.000000e+00 2.573317e-14 2.334615e-14 0.000000e+00
-1.000000e+00 -7.500000e-01 0.000000e+00 4.202681e-14 2.865625e-14 0.000000e+00
-1.000000e+00 -5.000000e-01 0.000000e+00 5.661877e-14 2.570234e-14 0.000000e+00
-1.000000e+00 -2.500000e-01 0.000000e+00 6.610122e-14 1.495451e-14 0.000000e+00
-1.000000e+00 0.000000e+00 0.000000e+00 6.929301e-14 -7.229099e-30 0.000000e+00
-1.000000e+00 2.500000e-01 0.000000e+00 6.610122e-14 -1.495451e-14 0.000000e+00
-1.000000e+00 5.000000e-01 0.000000e+00 5.661877e-14 -2.570234e-14 0.000000e+00
-1.000000e+00 7.500000e-01 0.000000e+00 4.202681e-14 -2.865625e-14 0.000000e+00
-1.000000e+00 1.000000e+00 0.000000e+00 2.573317e-14 -2.334615e-14 0.000000e+00
-1.000000e+00 1.250000e+00 0.000000e+00 1.224790e-14 -1.382398e-14 0.000000e+00
-1.000000e+00 1.500000e+00 0.000000e+00 4.212974e-15 -5.672673e-15 0.000000e+00
-1.000000e+00 1.750000e+00 0.000000e+00 9.543518e-16 -1.489667e-15 0.000000e+00
-1.000000e+00 2.000000e+00 0.000000e+00 1.275235e-16 -2.260129e-16 0.000000e+00
-1.000000e+00 2.250000e+00 0.000000e+00 9.828987e-18 -1.965092e-17 0.000000e+00
-1.000000e+00 2.500000e+00 0.000000e+00 7.764251e-19 -1.781072e-18 0.000000e+00
-7.500000e-01 -2.500000e+00 0.000000e+00 1.406023e-18 4.198949e-18 0.000000e+00
-7.500000e-01 -2.250000e+00 0.000000e+00 2.310555e-17 6.025277e-17 0.000000e+00
-7.500000e-01 -2.000000e+00 0.000000e+00 2.717988e-16 6.338727e-16 0.000000e+00
-7.500000e-01 -1.750000e+00 0.000000e+00 1.731321e-15 3.567533e-15 0.000000e+00
-7.500000e-01 -1.500000e+00 0.000000e+00 6.610095e-15 1.178728e-14 0.000000e+00
-7.500000e-01 -1.250000e+00 0.000000e+00 1.692142e-14 2.540390e-14 0.000000e+00
-7.500000e-01 -1.000000e+00 0.000000e+00 3.168376e-14 3.843920e-14 0.000000e+00
-7.500000e-01 -7.500000e-01 0.000000e+00 4.651011e-14 4.264164e-14 0.000000e+00
-7.500000e-01 -5.000000e-01 0.000000e+00 5.701211e-14 3.494420e-14 0.000000e+00
-7.500000e-01 -2.500000e-01 0.000000e+00 6.211492e-14 1.900983e-14 0.000000e+00
-7.500000e-01 0.000000e+00 0.000000e+00 6.344409e-14 -2.409700e-31 0.000000e+00
-7.500000e-01 2.500000e-01 0.000000e+00 6.211492e-14 -1.900983e-14 0.000000e+00
-7.500000e-01 5.000000e-01 0.000000e+00 5.701211e-14 -3.494420e-14 0.000000e+00
-7.500000e-01 7.500000e-01 0.000000e+00 4.651011e-14 -4.264164e-14 0.000000e+00
-7.500000e-01 1.000000e+00 0.000000e+00 3.168376e-14 -3.843920e-14 0.000000e+00
-7.500000e-01 1.250000e+00 0.000000e+00 1.692142e-14 -2.540390e-14 0.000000e+00
-7.500000e-01 1.500000e+00 0.000000e+00 6.610095e-15 -1.178728e-14 0.000000e+00
-7.500000e-01 1.750000e+00 0.000000e+00 1.731321e-15 -3.567533e-15 0.000000e+00
-7.500000e-01 2.000000e+00 0.000000e+00 2.717988e-16 -6.338727e-16 0.000000e+00
-7.500000e-01 2.250000e+00 0.000000e+00 2.310555e-17 -6.025277e-17 0.000000e+00
-7.500000e-01 2.500000e+00 0.000000e+00 1.406023e-18 -4.198949e-18 0.000000e+00
-5.000000e-01 -2.500000e+00 0.000000e+00 1.935620e-18 8.454586e-18 0.000000e+00
-5.000000e-01 -2.250000e+00 0.000000e+00 3.470205e-17 1.336997e-16 0.000000e+00
-5.000000e-01 -2.000000e+00 0.000000e+00 3.654565e-16 1.264021e-15 0.000000e+00
-5.000000e-01 -1.750000e+00 0.000000e+00 2.066687e-15 6.324153e-15 0.000000e+00
-5.000000e-01 -1.500000e+00 0.000000e+00 7.102101e-15 1.884641e-14 0.000000e+00
-5.000000e-01 -1.250000e+00 0.000000e+00 1.651384e-14 3.702345e-14 0.000000e+00
-5.000000e-01 -1.000000e+00 0.000000e+00 2.813818e-14 5.123918e-14 0.000000e+00
-5.000000e-01 -7.500000e-01 0.000000e+00 3.748090e-14 5.189421e-14 0.000000e+00
-5.000000e-01 -5.000000e-01 0.000000e+00 4.169993e-14 3.881641e-14 0.000000e+00
-5.000000e-01 -2.500000e-01 0.000000e+00 4.197111e-14 1.957105e-14 0.000000e+00
-5.000000e-01 0.000000e+00 0.000000e+00 4.151991e-14 8.385755e-29 0.000000e+00
-5.000000e-01 2.500000e-01 0.000000e+00 4.197111e-14 -1.957105e-14 0.000000e+00
-5.000000e-01 5.000000e-01 0.000000e+00 4.169993e-14 -3.881641e-14 0.000000e+00
-5.000000e-01 7.500000e-01 0.000000e+00 3.748090e-14 -5.189421e-14 0.000000e+00
-5.000000e-01 1.000000e+00 0.000000e+00 2.813818e-14 -5.123918e-14 0.000000e+00
-5.000000e-01 1.250000e+00 0.000000e+00 1.651384e-14 -3.702345e-14 0.000000e+00
-5.000000e-01 1.500000e+00 0.000000e+00 7.102101e-15 -1.884641e-14 0.000000e+00
-5.000000e-01 1.750000e+00 0.000000e+00 2.066687e-15 -6.324153e-15 0.000000e+00
-5.000000e-01 2.000000e+00 0.000000e+00 3.654565e-16 -1.264021e-15 0.000000e+00
-5.000000e-01 2.250000e+00 0.000000e+00 3.470205e-17 -1.336997e-16 0.000000e+00
-5.000000e-01 2.500000e+00 0.000000e+00 1.935620e-18 -8.454586e-18 0.000000e+00
-2.500000e-01 -2.500000e+00 0.000000e+00 1.548394e-18 1.330417e-17 0.000000e+00
-2.500000e-01 -2.250000e+00 0.000000e+00 2.796087e-17 2.134698e-16 0.000000e+00
-2.500000e-01 -2.000000e+00 0.000000e+00 2.733287e-16 1.875529e-15 0.000000e+00
-2.500000e-01 -1.750000e+00 0.000000e+00 1.438443e-15 8.734920e-15 0.000000e+00
-2.500000e-01 -1.500000e+00 0.000000e+00 4.635971e-15 2.443569e-14 0.000000e+00
-2.500000e-01 -1.250000e+00 0.000000e+00 1.013996e-14 4.524727e-14 0.000000e+00
-2.500000e-01 -1.000000e+00 0.000000e+00 1.619976e-14 5.891485e-14 0.000000e+00
-2.500000e-01 -7.500000e-01 0.000000e+00 2.006129e-14 5.573875e-14 0.000000e+00
-2.500000e-01 -5.000000e-01 0.000000e+00 2.057806e-14 3.864102e-14 0.000000e+00
-2.500000e-01 -2.500000e-01 0.000000e+00 1.922340e-14 1.814777e-14 0.000000e+00
-2.500000e-01 0.000000e+00 0.000000e+00 1.840534e-14 -9.638799e-31 0.000000e+00
-2.500000e-01 2.500000e-01 0.000000e+00 1.922340e-14 -1.814777e-14 0.000000e+00
-2.500000e-01 5.000000e-01 0.000000e+00 2.057806e-14 -3.864102e-14 0.000000e+00
-2.500000e-01 7.500000e-01 0.000000e+00 2.006129e-14 -5.573875e-14 0.000000e+00
-2.500000e-01 1.000000e+00 0.000000e+00 1.619976e-14 -5.891485e-14 0.000000e+00
-2.500000e-01 1.250000e+00 0.000000e+00 1.013996e-14 -4.524727e-14 0.000000e+00
-2.500000e-01 1.500000e+00 0.000000e+00 4.635971e-15 -2.443569e-14 0.000000e+00
-2.500000e-01 1.750000e+00 0.000000e+00 1.438443e-15 -8.734920e-15 0.000000e+00
-2.500000e-01 2.000000e+00 0.000000e+00 2.733287e-16 -1.875529e-15 0.000000e+00
-2.500000e-01 2.250000e+00 0.000000e+00 2.796087e-17 -2.134698e-16 0.000000e+00
-2.500000e-01 2.500000e+00 0.000000e+00 1.548394e-18 -1.330417e-17 0.000000e+00
0.000000e+00 -2.500000e+00 0.000000e+00 5.079091e-36 1.554415e-17 0.000000e+00
0.000000e+00 -2.250000e+00 0.000000e+00 2.263598e-34 2.489284e-16 0.000000e+00
0.000000e+00 -2.000000e+00 0.000000e+00 1.371947e-33 2.132155e-15 0.000000e+00
0.000000e+00 -1.750000e+00 0.000000e+00 4.544661e-33 9.694442e-15 0.000000e+00
0.000000e+00 -1.500000e+00 0.000000e+00 -1.741385e-32 2.654582e-14 0.000000e+00
0.000000e+00 -1.250000e+00 0.000000e+00 -5.082960e-32 4.815546e-14 0.000000e+00
0.000000e+00 -1.000000e+00 0.000000e+00 9.036374e-32 6.133230e-14 0.000000e+00
0.000000e+00 -7.500000e-01 0.000000e+00 3.765156e-31 5.653646e-14 0.000000e+00
0.000000e+00 -5.000000e-01 0.000000e+00 2.500199e-27 3.799566e-14 0.000000e+00
0.000000e+00 -2.500000e-01 0.000000e+00 9.036374e-32 1.729235e-14 0.000000e+00
0.000000e+00 0.000000e+00 0.000000e+00 3.012125e-32 9.638799e-31 0.000000e+00
0.000000e+00 2.500000e-01 0.000000e+00 -1.807275e-31 -1.729235e-14 0.000000e+00
0.000000e+00 5.000000e-01 0.000000e+00 -9.036374e-32 -3.799566e-14 0.000000e+00
0.000000e+00 7.500000e-01 0.000000e+00 1.656669e-31 -5.653646e-14 0.000000e+00
0.000000e+00 1.000000e+00 0.000000e+00 -3.765156e-33 -6.133230e-14 0.000000e+00
0.000000e+00 1.250000e+00 0.000000e+00 -7.530311e-33 -4.815546e-14 0.000000e+00
0.000000e+00 1.500000e+00 0.000000e+00 -5.647734e-33 -2.654582e-14 0.000000e+00
0.000000e+00 1.750000e+00 0.000000e+00 -5.647734e-33 -9.694442e-15 0.000000e+00
0.000000e+00 2.000000e+00 0.000000e+00 -1.514887e-33 -2.132155e-15 0.000000e+00
0.000000e+00 2.250000e+00 0.000000e+00 6.802283e-35 -2.489284e-16 0.000000e+00
0.000000e+00 2.500000e+00 0.000000e+00 -3.676910e-36 -1.554415e-17 0.000000e+00
2.500000e-01 -2.500000e+00 0.000000e+00 -1.548394e-18 1.330417e-17 0.000000e+00
2.500000e-01 -2.250000e+00 0.000000e+00 -2.796087e-17 2.134698e-16 0.000000e+00
2.500000e-01 -2.000000e+00 0.000000e+00 -2.733287e-16 1.875529e-15 0.000000e+00
2.500000e-01 -1.750000e+00 0.000000e+00 -1.438443e-15 8.734920e-15 0.000000e+00
2.500000e-01 -1.500000e+00 0.000000e+00 -4.635971e-15 2.443569e-14 0.000000e+00
2.500000e-01 -1.250000e+00 0.000000e+00 -1.013996e-14 4.524727e-14 0.000000e+00
2.500000e-01 -1.000000e+00 0.000000e+00 -1.619976e-14 5.891485e-14 0.000000e+00
2.500000e-01 -7.500000e-01 0.000000e+00 -2.006129e-14 5.573875e-14 0.000000e+00
2.500000e-01 -5.000000e-01 0.000000e+00 -2.057806e-14 3.864102e-14 0.000000e+00
2.500000e-01 -2.500000e-01 0.000000e+00 -1.922340e-14 1.814777e-14 0.000000e+00
2.500000e-01 0.000000e+00 0.000000e+00 -1.840534e-14 -2.168730e-29 0.000000e+00
2.500000e-01 2.500000e-01 0.000000e+00 -1.922340e-14 -1.814777e-14 0.000000e+00
2.500000e-01 5.000000e-01 0.000000e+00 -2.057806e-14 -3.864102e-14 0.000000e+00
2.500000e-01 7.500000e-01 0.000000e+00 -2.006129e-14 -5.573875e-14 0.000000e+00
2.500000e-01 1.000000e+00 0.000000e+00 -1.619976e-14 -5.891485e-14 0.000000e+00
2.500000e-01 1.250000e+00 0.000000e+00 -1.013996e-14 -4.524727e-14 0.000000e+00
2.500000e-01 1.500000e+00 0.000000e+00 -4.635971e-15 -2.443569e-14 0.000000e+00
2.500000e-01 1.750000e+00 0.000000e+00 -1.438443e-15 -8.734920e-15 0.000000e+00
2.500000e-01 2.000000e+00 0.000000e+00 -2.733287e-16 -1.875529e-15 0.000000e+00
2.500000e-01 2.250000e+00 0.000000e+00 -2.796087e-17 -2.134698e-16 0.000000e+00
2.500000e-01 2.500000e+00 0.000000e+00 -1.548394e-18 -1.330417e-17 0.000000e+00
5.000000e-01 -2.500000e+00 0.000000e+00 -1.935620e-18 8.454586e-18 0.000000e+00
5.000000e-01 -2.250000e+00 0.000000e+00 -3.470205e-17 1.336997e-16 0.000000e+00
5.000000e-01 -2.000000e+00 0.000000e+00 -3.654565e-16 1.264021e-15 0.000000e+00
5.000000e-01 -1.750000e+00 0.000000e+00 -2.066687e-15 6.324153e-15 0.000000e+00
5.000000e-01 -1.500000e+00 0.000000e+00 -7.102101e-15 1.884641e-14 0.000000e+00
5.000000e-01 -1.250000e+00 0.000000e+00 -1.651384e-14 3.702345e-14 0.000000e+00
5.000000e-01 -1.000000e+00 0.000000e+00 -2.813818e-14 5.123918e-14 0.000000e+00
5.000000e-01 -7.500000e-01 0.000000e+00 -3.748090e-14 5.189421e-14 0.000000e+00
5.000000e-01 -5.000000e-01 0.000000e+00 -4.169993e-14 3.881641e-14 0.000000e+00
5.000000e-01 -2.500000e-01 0.000000e+00 -4.197111e-14 1.957105e-14 0.000000e+00
5.000000e-01 0.000000e+00 0.000000e+00 -4.151991e-14 -9.638799e-31 0.000000e+00
5.000000e-01 2.500000e-01 0.000000e+00 -4.197111e-14 -1.957105e-14 0.000000e+00
5.000000e-01 5.000000e-01 0.000000e+00 -4.169993e-14 -3.881641e-14 0.000000e+00
5.000000e-01 7.500000e-01 0.000000e+00 -3.748090e-14 -5.189421e-14 0.000000e+00
5.000000e-01 1.000000e+00 0.000000e+00 -2.813818e-14 -5.123918e-14 0.000000e+00
5.000000e-01 1.250000e+00 0.000000e+00 -1.651384e-14 -3.702345e-14 0.000000e+00
5.000000e-01 1.500000e+00 0.000000e+00 -7.102101e-15 -1.884641e-14 0.000000e+00
5.000000e-01 1.750000e+00 0.000000e+00 -2.066687e-15 -6.324153e-15 0.000000e+00
5.000000e-01 2.000000e+00 0.000000e+00 -3.654565e-16 -1.264021e-15 0.000000e+00
5.000000e-01 2.250000e+00 0.000000e+00 -3.470205e-17 -1.336997e-16 0.000000e+00
5.000000e-01 2.500000e+00 0.000000e+00 -1.935620e-18 -8.454586e-18 0.000000e+00
7.500000e-01 -2.500000e+00 0.000000e+00 -1.406023e-18 4.198949e-18 0.000000e+00
7.500000e-01 -2.250000e+00 0.000000e+00 -2.310555e-17 6.025277e-17 0.000000e+00
7.500000e-01 -2.000000e+00 0.000000e+00 -2.717988e-16 6.338727e-16 0.000000e+00
7.500000e-01 -1.750000e+00 0.000000e+00 -1.731321e-15 3.567533e-15 0.000000e+00
7.500000e-01 -1.500000e+00 0.000000e+00 -6.610095e-15 1.178728e-14 0.000000e+00
7.500000e-01 -1.250000e+00 0.000000e+00 -1.692142e-14 2.540390e-14 0.000000e+00
7.500000e-01 -1.000000e+00 0.000000e+00 -3.168376e-14 3.843920e-14 0.000000e+00
7.500000e-01 -7.500000e-01 0.000000e+00 -4.651011e-14 4.264164e-14 0.000000e+00
7.500000e-01 -5.000000e-01 0.000000e+00 -5.701211e-14 3.494420e-14 0.000000e+00
7.500000e-01 -2.500000e-01 0.000000e+00 -6.211492e-14 1.900983e-14 0.000000e+00
7.500000e-01 0.000000e+00 0.000000e+00 -6.344409e-14 2.409700e-30 0.000000e+00
7.500000e-01 2.500000e-01 0.000000e+00 -6.211492e-14 -1.900983e-14 0.000000e+00
7.500000e-01 5.000000e-01 0.000000e+00 -5.701211e-14 -3.494420e-14 0.000000e+00
7.500000e-01 7.500000e-01 0.000000e+00 -4.651011e-14 -4.264164e-14 0.000000e+00
7.500000e-01 1.000000e+00 0.000000e+00 -3.168376e-14 -3.843920e-14 0.000000e+00
7.500000e-01 1.250000e+00 0.000000e+00 -1.692142e-14 -2.540390e-14 0.000000e+00
7.500000e-01 1.500000e+00 0.000000e+00 -6.610095e-15 -1.178728e-14 0.000000e+00
7.500000e-01 1.750000e+00 0.000000e+00 -1.731321e-15 -3.567533e-15 0.000000e+00
7.500000e-01 2.000000e+00 0.000000e+00 -2.717988e-16 -6.338727e-16 0.000000e+00
7.500000e-01 2.250000e+00 0.000000e+00 -2.310555e-17 -6.025277e-17 0.000000e+00
7.500000e-01 2.500000e+00 0.000000e+00 -1.406023e-18 -4.198949e-18 0.000000e+00
1.000000e+00 -2.500000e+00 0.000000e+00 -7.764251e-19 1.781072e-18 0.000000e+00
1.000000e+00 -2.250000e+00 0.000000e+00 -9.828987e-18 1.965092e-17 0.000000e+00
1.000000e+00 -2.000000e+00 0.000000e+00 -1.275235e-16 2.260129e-16 0.000000e+00
1.000000e+00 -1.750000e+00 0.000000e+00 -9.543518e-16 1.489667e-15 0.000000e+00
1.000000e+00 -1.500000e+00 0.000000e+00 -4.212974e-15 5.672673e-15 0.000000e+00
1.000000e+00 -1.250000e+00 0.000000e+00 -1.224790e-14 1.382398e-14 0.000000e+00
1.000000e+00 -1.000000e+00 0.000000e+00 -2.573317e-14 2.334615e-14 0.000000e+00
1.000000e+00 -7.500000e-01 0.000000e+00 -4.202681e-14 2.865625e-14 0.000000e+00
1.000000e+00 -5.000000e-01 0.000000e+00 -5.661877e-14 2.570234e-14 0.000000e+00
1.000000e+00 -2.500000e-01 0.000000e+00 -6.610122e-14 1.495451e-14 0.000000e+00
1.000000e+00 0.000000e+00 0.000000e+00 -6.929301e-14 0.000000e+00 0.000000e+00
1.000000e+00 2.500000e-01 0.000000e+00 -6.610122e-14 -1.495451e-14 0.000000e+00
1.000000e+00 5.000000e-01 0.000000e+00 -5.661877e-14 -2.570234e-14 0.000000e+00
1.000000e+00 7.500000e-01 0.000000e+00 -4.202681e-14 -2.865625e-14 0.000000e+00
1.000000e+00 1.000000e+00 0.000000e+00 -2.573317e-14 -2.334615e-14 0.000000e+00
1.000000e+00 1.250000e+00 0.000000e+00 -1.224790e-14 -1.382398e-14 0.000000e+00
1.000000e+00 1.500000e+00 0.000000e+00 -4.212974e-15 -5.672673e-15 0.000000e+00
1.000000e+00 1.750000e+00 0.000000e+00 -9.543518e-16 -1.489667e-15 0.000000e+00
1.000000e+00 2.000000e+00 0.000000e+00 -1.275235e-16 -2.260129e-16 0.000000e+00
1.000000e+00 2.250000e+00 0.000000e+00 -9.828987e-18 -1.965092e-17 0.000000e+00
1.000000e+00 2.500000e+00 0.000000e+00 -7.764251e-19 -1.781072e-18 0.000000e+00
1.250000e+00 -2.500000e+00 0.000000e+00 -3.617759e-19 6.717161e-19 0.000000e+00
1.250000e+00 -2.250000e+00 0.000000e+00 -3.133170e-18 5.151861e-18 0.000000e+00
1.250000e+00 -2.000000e+00 0.000000e+00 -3.817544e-17 5.499009e-17 0.000000e+00
1.250000e+00 -1.750000e+00 0.000000e+00 -3.404756e-16 4.291868e-16 0.000000e+00
1.250000e+00 -1.500000e+00 0.000000e+00 -1.804343e-15 1.953757e-15 0.000000e+00
1.250000e+00 -1.250000e+00 0.000000e+00 -6.142402e-15 5.551241e-15 0.000000e+00
1.250000e+00 -1.000000e+00 0.000000e+00 -1.475965e-14 1.067410e-14 0.000000e+00
1.250000e+00 -7.500000e-01 0.000000e+00 -2.699536e-14 1.461570e-14 0.000000e+00
1.250000e+00 -5.000000e-01 0.000000e+00 -3.980499e-14 1.431288e-14 0.000000e+00
1.250000e+00 -2.500000e-01 0.000000e+00 -4.935656e-14 8.837549e-15 0.000000e+00
1.250000e+00 0.000000e+00 0.000000e+00 -5.286066e-14 7.229099e-31 0.000000e+00
1.250000e+00 2.500000e-01 0.000000e+00 -4.935656e-14 -8.837549e-15 0.000000e+00
1.250000e+00 5.000000e-01 0.000000e+00 -3.980499e-14 -1.431288e-14 0.000000e+00
1.250000e+00 7.500000e-01 0.000000e+00 -2.699536e-14 -1.461570e-14 0.000000e+00
1.250000e+00 1.000000e+00 0.000000e+00 -1.475965e-14 -1.067410e-14 0.000000e+00
1.250000e+00 1.250000e+00 0.000000e+00 -6.142402e-15 -5.551241e-15 0.000000e+00
1.250000e+00 1.500000e+00 0.000000e+00 -1.804343e-15 -1.953757e-15 0.000000e+00
1.250000e+00 1.750000e+00 0.000000e+00 -3.404756e-16 -4.291868e-16 0.000000e+00
1.250000e+00 2.000000e+00 0.000000e+00 -3.817544e-17 -5.499009e-17 0.000000e+00
1.250000e+00 2.250000e+00 0.000000e+00 -3.133170e-18 -5.151861e-18 0.000000e+00
1.250000e+00 2.500000e+00 0.000000e+00 -3.617759e-19 -6.717161e-19 0.000000e+00
1.500000e+00 -2.500000e+00 0.000000e+00 -1.353845e-19 2.108222e-19 0.000000e+00
1.500000e+00 -2.250000e+00 0.000000e+00 -9.560366e-19 1.334207e-18 0.000000e+00
1.500000e+00 -2.000000e+00 0.000000e+00 -7.927742e-18 9.718367e-18 0.000000e+00
1.500000e+00 -1.750000e+00 0.000000e+00 -7.482999e-17 7.948525e-17 0.000000e+00
1.500000e+00 -1.500000e+00 0.000000e+00 -4.837886e-16 4.388295e-16 0.000000e+00
1.500000e+00 -1.250000e+00 0.000000e+00 -1.989007e-15 1.499584e-15 0.000000e+00
1.500000e+00 -1.000000e+00 0.000000e+00 -5.593483e-15 3.363067e-15 0.000000e+00
1.500000e+00 -7.500000e-01 0.000000e+00 -1.159476e-14 5.205975e-15 0.000000e+00
1.500000e+00 -5.000000e-01 0.000000e+00 -1.875971e-14 5.586829e-15 0.000000e+00
1.500000e+00 -2.500000e-01 0.000000e+00 -2.464934e-14 3.654474e-15 0.000000e+00
1.500000e+00 0.000000e+00 0.000000e+00 -2.692781e-14 -1.807275e-31 0.000000e+00
1.500000e+00 2.500000e-01 0.000000e+00 -2.464934e-14 -3.654474e-15 0.000000e+00
1.500000e+00 5.000000e-01 0.000000e+00 -1.875971e-14 -5.586829e-15 0.000000e+00
1.500000e+00 7.500000e-01 0.000000e+00 -1.159476e-14 -5.205975e-15 0.000000e+00
1.500000e+00 1.000000e+00 0.000000e+00 -5.593483e-15 -3.363067e-15 0.000000e+00
1.500000e+00 1.250000e+00 0.000000e+00 -1.989007e-15 -1.499584e-15 0.000000e+00
1.500000e+00 1.500000e+00 0.000000e+00 -4.837886e-16 -4.388295e-16 0.000000e+00
1.500000e+00 1.750000e+00 0.000000e+00 -7.482999e-17 -7.948525e-17 0.000000e+00
1.500000e+00 2.000000e+00 0.000000e+00 -7.927742e-18 -9.718367e-18 0.000000e+00
1.500000e+00 2.250000e+00 0.000000e+00 -9.560366e-19 -1.334207e-18 0.000000e+00
1.500000e+00 2.500000e+00 0.000000e+00 -1.353845e-19 -2.108222e-19 0.000000e+00
1.750000e+00 -2.500000e+00 0.000000e+00 -4.010714e-20 5.430771e-20 0.000000e+00
1.750000e+00 -2.250000e+00 0.000000e+00 -2.755111e-19 3.312102e-19 0.000000e+00
1.750000e+00 -2.000000e+00 0.000000e+00 -1.621451e-18 1.730360e-18 0.000000e+00
1.750000e+00 -1.750000e+00 0.000000e+00 -1.085486e-17 1.005117e-17 0.000000e+00
1.750000e+00 -1.500000e+00 0.000000e+00 -7.512473e-17 5.893397e-17 0.000000e+00
1.750000e+00 -1.250000e+00 0.000000e+00 -3.743357e-16 2.427569e-16 0.000000e+00
1.750000e+00 -1.000000e+00 0.000000e+00 -1.262007e-15 6.504966e-16 0.000000e+00
1.750000e+00 -7.500000e-01 0.000000e+00 -3.022713e-15 1.161187e-15 0.000000e+00
1.750000e+00 -5.000000e-01 0.000000e+00 -5.426432e-15 1.381391e-15 0.000000e+00
1.750000e+00 -2.500000e-01 0.000000e+00 -7.591993e-15 9.619429e-16 0.000000e+00
1.750000e+00 0.000000e+00 0.000000e+00 -8.469959e-15 1.506062e-32 0.000000e+00
1.750000e+00 2.500000e-01 0.000000e+00 -7.591993e-15 -9.619429e-16 0.000000e+00
1.750000e+00 5.000000e-01 0.000000e+00 -5.426432e-15 -1.381391e-15 0.000000e+00
1.750000e+00 7.500000e-01 0.000000e+00 -3.022713e-15 -1.161187e-15 0.000000e+00
1.750000e+00 1.000000e+00 0.000000e+00 -1.262007e-15 -6.504966e-16 0.000000e+00
1.750000e+00 1.250000e+00 0.000000e+00 -3.743357e-16 -2.427569e-16 0.000000e+00
1.750000e+00 1.500000e+00 0.000000e+00 -7.512473e-17 -5.893397e-17 0.000000e+00
1.750000e+00 1.750000e+00 0.000000e+00 -1.085486e-17 -1.005117e-17 0.000000e+00
1.750000e+00 2.000000e+00 0.000000e+00 -1.621451e-18 -1.730360e-18 0.000000e+00
1.750000e+00 2.250000e+00 0.000000e+00 -2.755111e-19 -3.312102e-19 0.000000e+00
1.750000e+00 2.500000e+00 0.000000e+00 -4.010714e-20 -5.430771e-20 0.000000e+00
2.000000e+00 -2.500000e+00 0.000000e+00 -1.096042e-20 1.320928e-20 0.000000e+00
2.000000e+00 -2.250000e+00 0.000000e+00 -6.378508e-20 6.794533e-20 0.000000e+00
2.000000e+00 -2.000000e+00 0.000000e+00 -3.608149e-19 3.373949e-19 0.000000e+00
2.000000e+00 -1.750000e+00 0.000000e+00 -1.700413e-18 1.390603e-18 0.000000e+00
2.000000e+00 -1.500000e+00 0.000000e+00 -7.963209e-18 5.549436e-18 0.000000e+00
2.000000e+00 -1.250000e+00 0.000000e+00 -3.844905e-17 2.202575e-17 0.000000e+00
2.000000e+00 -1.000000e+00 0.000000e+00 -1.491698e-16 6.753203e-17 0.000000e+00
2.000000e+00 -7.500000e-01 0.000000e+00 -4.163096e-16 1.399872e-16 0.000000e+00
2.000000e+00 -5.000000e-01 0.000000e+00 -8.408943e-16 1.870452e-16 0.000000e+00
2.000000e+00 -2.500000e-01 0.000000e+00 -1.264415e-15 1.398817e-16 0.000000e+00
2.000000e+00 0.000000e+00 0.000000e+00 -1.445088e-15 -2.823867e-33 0.000000e+00
2.000000e+00 2.500000e-01 0.000000e+00 -1.264415e-15 -1.398817e-16 0.000000e+00
2.000000e+00 5.000000e-01 0.000000e+00 -8.408943e-16 -1.870452e-16 0.000000e+00
2.000000e+00 7.500000e-01 0.000000e+00 -4.163096e-16 -1.399872e-16 0.000000e+00
2.000000e+00 1.000000e+00 0.000000e+00 -1.491698e-16 -6.753203e-17 0.000000e+00
2.000000e+00 1.250000e+00 0.000000e+00 -3.844905e-17 -2.202575e-17 0.000000e+00
2.000000e+00 1.500000e+00 0.000000e+00 -7.963209e-18 -5.549436e-18 0.000000e+00
2.000000e+00 1.750000e+00 0.000000e+00 -1.700413e-18 -1.390603e-18 0.000000e+00
2.000000e+00 2.000000e+00 0.000000e+00 -3.608149e-19 -3.373949e-19 0.000000e+00
2.000000e+00 2.250000e+00 0.000000e+00 -6.378508e-20 -6.794533e-20 0.000000e+00
2.000000e+00 2.500000e+00 0.000000e+00 -1.096042e-20 -1.320928e-20 0.000000e+00
2.250000e+00 -2.500000e+00 0.000000e+00 -2.845158e-21 3.059917e-21 0.000000e+00
2.250000e+00 -2.250000e+00 0.000000e+00 -1.412263e-20 1.363237e-20 0.000000e+00
2.250000e+00 -2.000000e+00 0.000000e+00 -6.614277e-20 5.568405e-20 0.000000e+00
2.250000e+00 -1.750000e+00 0.000000e+00 -3.039380e-19 2.205780e-19 0.000000e+00
2.250000e+00 -1.500000e+00 0.000000e+00 -1.147509e-18 7.109893e-19 0.000000e+00
2.250000e+00 -1.250000e+00 0.000000e+00 -3.607055e-18 1.853125e-18 0.000000e+00
2.250000e+00 -1.000000e+00 0.000000e+00 -1.067920e-17 4.328694e-18 0.000000e+00
2.250000e+00 -7.500000e-01 0.000000e+00 -2.859652e-17 8.545828e-18 0.000000e+00
2.250000e+00 -5.000000e-01 0.000000e+00 -6.092930e-17 1.197383e-17 0.000000e+00
2.250000e+00 -2.500000e-01 0.000000e+00 -9.679727e-17 9.431072e-18 0.000000e+00
2.250000e+00 0.000000e+00 0.000000e+00 -1.129897e-16 5.883056e-35 0.000000e+00
2.250000e+00 2.500000e-01 0.000000e+00 -9.679727e-17 -9.431072e-18 0.000000e+00
2.250000e+00 5.000000e-01 0.000000e+00 -6.092930e-17 -1.197383e-17 0.000000e+00
2.250000e+00 7.500000e-01 0.000000e+00 -2.859652e-17 -8.545828e-18 0.000000e+00
2.250000e+00 1.000000e+00 0.000000e+00 -1.067920e-17 -4.328694e-18 0.000000e+00
2.250000e+00 1.250000e+00 0.000000e+00 -3.607055e-18 -1.853125e-18 0.000000e+00
2.250000e+00 1.500000e+00 0.000000e+00 -1.147509e-18 -7.109893e-19 0.000000e+00
2.250000e+00 1.750000e+00 0.000000e+00 -3.039380e-19 -2.205780e-19 0.000000e+00
2.250000e+00 2.000000e+00 0.000000e+00 -6.614277e-20 -5.568405e-20 0.000000e+00
2.250000e+00 2.250000e+00 0.000000e+00 -1.412263e-20 -1.363237e-20 0.000000e+00
2.250000e+00 2.500000e+00 0.000000e+00 -2.845158e-21 -3.059917e-21 0.000000e+00
2.500000e+00 -2.500000e+00 0.000000e+00 -5.759360e-22 5.564476e-22 0.000000e+00
2.500000e+00 -2.250000e+00 0.000000e+00 -3.118435e-21 2.723011e-21 0.000000e+00
2.500000e+00 -2.000000e+00 0.000000e+00 -1.273385e-20 9.841140e-21 0.000000e+00
2.500000e+00 -1.750000e+00 0.000000e+00 -4.583557e-20 3.044759e-20 0.000000e+00
2.500000e+00 -1.500000e+00 0.000000e+00 -1.635610e-19 9.133949e-20 0.000000e+00
2.500000e+00 -1.250000e+00 0.000000e+00 -5.136211e-19 2.364458e-19 0.000000e+00
2.500000e+00 -1.000000e+00 0.000000e+00 -1.268575e-18 4.629646e-19 0.000000e+00
2.500000e+00 -7.500000e-01 0.000000e+00 -2.489846e-18 6.716702e-19 0.000000e+00
2.500000e+00 -5.000000e-01 0.000000e+00 -4.058248e-18 7.154315e-19 0.000000e+00
2.500000e+00 -2.500000e-01 0.000000e+00 -5.533732e-18 4.792582e-19 0.000000e+00
2.500000e+00 0.000000e+00 0.000000e+00 -6.165089e-18 -1.378841e-36 0.000000e+00
2.500000e+00 2.500000e-01 0.000000e+00 -5.533732e-18 -4.792582e-19 0.000000e+00
2.500000e+00 5.000000e-01 0.000000e+00 -4.058248e-18 -7.154315e-19 0.000000e+00
2.500000e+00 7.500000e-01 0.000000e+00 -2.489846e-18 -6.716702e-19 0.000000e+00
2.500000e+00 1.000000e+00 0.000000e+00 -1.268575e-18 -4.629646e-19 0.000000e+00
2.500000e+00 1.250000e+00 0.000000e+00 -5.136211e-19 -2.364458e-19 0.000000e+00
2.500000e+00 1.500000e+00 0.000000e+00 -1.635610e-19 -9.133949e-20 0.000000e+00
2.500000e+00 1.750000e+00 0.000000e+00 -4.583557e-20 -3.044759e-20 0.000000e+00
2.500000e+00 2.000000e+00 0.000000e+00 -1.273385e-20 -9.841140e-21 0.000000e+00
2.500000e+00 2.250000e+00 0.000000e+00 -3.118435e-21 -2.723011e-21 0.000000e+00
2.500000e+00 2.500000e+00 0.000000e+00 -5.759360e-22 -5.564476e-22 0.000000e+00
