-2.500000e+00 -2.500000e+00 0.000000e+00 5.610442e-21 5.291802e-21 0.000000e+00
-2.500000e+00 -2.250000e+00 0.000000e+00 5.492737e-20 4.656659e-20 0.000000e+00
-2.500000e+00 -2.000000e+00 0.000000e+00 4.275195e-19 3.205817e-19 0.000000e+00
-2.500000e+00 -1.750000e+00 0.000000e+00 2.361176e-18 1.541106e-18 0.000000e+00
-2.500000e+00 -1.500000e+00 0.000000e+00 9.512877e-18 5.293247e-18 0.000000e+00
-2.500000e+00 -1.250000e+00 0.000000e+00 2.911429e-17 1.342454e-17 0.000000e+00
-2.500000e+00 -1.000000e+00 0.000000e+00 6.994972e-17 2.565788e-17 0.000000e+00
-2.500000e+00 -7.500000e-01 0.000000e+00 1.352043e-16 3.699987e-17 0.000000e+00
-2.500000e+00 -5.000000e-01 0.000000e+00 2.139647e-16 3.886623e-17 0.000000e+00
-2.500000e+00 -2.500000e-01 0.000000e+00 2.805291e-16 2.540537e-17 0.000000e+00
-2.500000e+00 0.000000e+00 0.000000e+00 3.068074e-16 -2.647375e-34 0.000000e+00
-2.500000e+00 2.500000e-01 0.000000e+00 2.805291e-16 -2.540537e-17 0.000000e+00
-2.500000e+00 5.000000e-01 0.000000e+00 2.139647e-16 -3.886623e-17 0.000000e+00
-2.500000e+00 7.500000e-01 0.000000e+00 1.352043e-16 -3.699987e-17 0.000000e+00
-2.500000e+00 1.000000e+00 0.000000e+00 6.994972e-17 -2.565788e-17 0.000000e+00
-2.500000e+00 1.250000e+00 0.000000e+00 2.911429e-17 -1.342454e-17 0.000000e+00
-2.500000e+00 1.500000e+00 0.000000e+00 9.512877e-18 -5.293247e-18 0.000000e+00
-2.500000e+00 1.750000e+00 0.000000e+00 2.361176e-18 -1.541106e-18 0.000000e+00
-2.500000e+00 2.000000e+00 0.000000e+00 4.275195e-19 -3.205817e-19 0.000000e+00
-2.500000e+00 2.250000e+00 0.000000e+00 5.492737e-20 -4.656659e-20 0.000000e+00
-2.500000e+00 2.500000e+00 0.000000e+00 5.610442e-21 -5.291802e-21 0.000000e+00
-2.250000e+00 -2.500000e+00 0.000000e+00 5.631816e-20 5.826350e-20 0.000000e+00
-2.250000e+00 -2.250000e+00 0.000000e+00 5.524829e-19 5.135964e-19 0.000000e+00
-2.250000e+00 -2.000000e+00 0.000000e+00 3.696288e-18 3.048524e-18 0.000000e+00
-2.250000e+00 -1.750000e+00 0.000000e+00 1.759262e-17 1.266244e-17 0.000000e+00
-2.250000e+00 -1.500000e+00 0.000000e+00 6.264856e-17 3.851474e-17 0.000000e+00
-2.250000e+00 -1.250000e+00 0.000000e+00 1.736366e-16 8.857503e-17 0.000000e+00
-2.250000e+00 -1.000000e+00 0.000000e+00 3.858489e-16 1.567126e-16 0.000000e+00
-2.250000e+00 -7.500000e-01 0.000000e+00 7.028892e-16 2.130943e-16 0.000000e+00
-2.250000e+00 -5.000000e-01 0.000000e+00 1.066887e-15 2.147509e-16 0.000000e+00
-2.250000e+00 -2.500000e-01 0.000000e+00 1.364473e-15 1.369434e-16 0.000000e+00
-2.250000e+00 0.000000e+00 0.000000e+00 1.480021e-15 2.117900e-33 0.000000e+00
-2.250000e+00 2.500000e-01 0.000000e+00 1.364473e-15 -1.369434e-16 0.000000e+00
-2.250000e+00 5.000000e-01 0.000000e+00 1.066887e-15 -2.147509e-16 0.000000e+00
-2.250000e+00 7.500000e-01 0.000000e+00 7.028892e-16 -2.130943e-16 0.000000e+00
-2.250000e+00 1.000000e+00 0.000000e+00 3.858489e-16 -1.567126e-16 0.000000e+00
-2.250000e+00 1.250000e+00 0.000000e+00 1.736366e-16 -8.857503e-17 0.000000e+00
-2.250000e+00 1.500000e+00 0.000000e+00 6.264856e-17 -3.851474e-17 0.000000e+00
-2.250000e+00 1.750000e+00 0.000000e+00 1.759262e-17 -1.266244e-17 0.000000e+00
-2.250000e+00 2.000000e+00 0.000000e+00 3.696288e-18 -3.048524e-18 0.000000e+00
-2.250000e+00 2.250000e+00 0.000000e+00 5.524829e-19 -5.135964e-19 0.000000e+00
-2.250000e+00 2.500000e+00 0.000000e+00 5.631816e-20 -5.826350e-20 0.000000e+00
-2.000000e+00 -2.500000e+00 0.000000e+00 4.318905e-19 4.963812e-19 0.000000e+00
-2.000000e+00 -2.250000e+00 0.000000e+00 3.618418e-18 3.749126e-18 0.000000e+00
-2.000000e+00 -2.000000e+00 0.000000e+00 2.083580e-17 1.919885e-17 0.000000e+00
-2.000000e+00 -1.750000e+00 0.000000e+00 8.761415e-17 7.057870e-17 0.000000e+00
-2.000000e+00 -1.500000e+00 0.000000e+00 2.819486e-16 1.942641e-16 0.000000e+00
-2.000000e+00 -1.250000e+00 0.000000e+00 7.194278e-16 4.117297e-16 0.000000e+00
-2.000000e+00 -1.000000e+00 0.000000e+00 1.495781e-15 6.820534e-16 0.000000e+00
-2.000000e+00 -7.500000e-01 0.000000e+00 2.588031e-15 8.812422e-16 0.000000e+00
-2.000000e+00 -5.000000e-01 0.000000e+00 3.786072e-15 8.560919e-16 0.000000e+00
-2.000000e+00 -2.500000e-01 0.000000e+00 4.735743e-15 5.339423e-16 0.000000e+00
-2.000000e+00 0.000000e+00 0.000000e+00 5.098772e-15 8.471600e-33 0.000000e+00
-2.000000e+00 2.500000e-01 0.000000e+00 4.735743e-15 -5.339423e-16 0.000000e+00
-2.000000e+00 5.000000e-01 0.000000e+00 3.786072e-15 -8.560919e-16 0.000000e+00
-2.000000e+00 7.500000e-01 0.000000e+00 2.588031e-15 -8.812422e-16 0.000000e+00
-2.000000e+00 1.000000e+00 0.000000e+00 1.495781e-15 -6.820534e-16 0.000000e+00
-2.000000e+00 1.250000e+00 0.000000e+00 7.194278e-16 -4.117297e-16 0.000000e+00
-2.000000e+00 1.500000e+00 0.000000e+00 2.819486e-16 -1.942641e-16 0.000000e+00
-2.000000e+00 1.750000e+00 0.000000e+00 8.761415e-17 -7.057870e-17 0.000000e+00
-2.000000e+00 2.000000e+00 0.000000e+00 2.083580e-17 -1.919885e-17 0.000000e+00
-2.000000e+00 2.250000e+00 0.000000e+00 3.618418e-18 -3.749126e-18 0.000000e+00
-2.000000e+00 2.500000e+00 0.000000e+00 4.318905e-19 -4.963812e-19 0.000000e+00
-1.750000e+00 -2.500000e+00 0.000000e+00 2.230110e-18 2.901727e-18 0.000000e+00
-1.750000e+00 -2.250000e+00 0.000000e+00 1.609345e-17 1.891921e-17 0.000000e+00
-1.750000e+00 -2.000000e+00 0.000000e+00 8.192081e-17 8.578928e-17 0.000000e+00
-1.750000e+00 -1.750000e+00 0.000000e+00 3.111180e-16 2.852535e-16 0.000000e+00
-1.750000e+00 -1.500000e+00 0.000000e+00 9.193606e-16 7.218955e-16 0.000000e+00
-1.750000e+00 -1.250000e+00 0.000000e+00 2.183891e-15 1.425909e-15 0.000000e+00
-1.750000e+00 -1.000000e+00 0.000000e+00 4.280141e-15 2.228418e-15 0.000000e+00
-1.750000e+00 -7.500000e-01 0.000000e+00 7.066680e-15 2.748813e-15 0.000000e+00
-1.750000e+00 -5.000000e-01 0.000000e+00 9.990372e-15 2.581138e-15 0.000000e+00
-1.750000e+00 -2.500000e-01 0.000000e+00 1.223770e-14 1.576612e-15 0.000000e+00
-1.750000e+00 0.000000e+00 0.000000e+00 1.308331e-14 1.694320e-32 0.000000e+00
-1.750000e+00 2.500000e-01 0.000000e+00 1.223770e-14 -1.576612e-15 0.000000e+00
-1.750000e+00 5.000000e-01 0.000000e+00 9.990372e-15 -2.581138e-15 0.000000e+00
-1.750000e+00 7.500000e-01 0.000000e+00 7.066680e-15 -2.748813e-15 0.000000e+00
-1.750000e+00 1.000000e+00 0.000000e+00 4.280141e-15 -2.228418e-15 0.000000e+00
-1.750000e+00 1.250000e+00 0.000000e+00 2.183891e-15 -1.425909e-15 0.000000e+00
-1.750000e+00 1.500000e+00 0.000000e+00 9.193606e-16 -7.218955e-16 0.000000e+00
-1.750000e+00 1.750000e+00 0.000000e+00 3.111180e-16 -2.852535e-16 0.000000e+00
-1.750000e+00 2.000000e+00 0.000000e+00 8.192081e-17 -8.578928e-17 0.000000e+00
-1.750000e+00 2.250000e+00 0.000000e+00 1.609345e-17 -1.891921e-17 0.000000e+00
-1.750000e+00 2.500000e+00 0.000000e+00 2.230110e-18 -2.901727e-18 0.000000e+00
-1.500000e+00 -2.500000e+00 0.000000e+00 8.033118e-18 1.209719e-17 0.000000e+00
-1.500000e+00 -2.250000e+00 0.000000e+00 5.132632e-17 6.993576e-17 0.000000e+00
-1.500000e+00 -2.000000e+00 0.000000e+00 2.362692e-16 2.871736e-16 0.000000e+00
-1.500000e+00 -1.750000e+00 0.000000e+00 8.239636e-16 8.780356e-16 0.000000e+00
-1.500000e+00 -1.500000e+00 0.000000e+00 2.262174e-15 2.067332e-15 0.000000e+00
-1.500000e+00 -1.250000e+00 0.000000e+00 5.042604e-15 3.836768e-15 0.000000e+00
-1.500000e+00 -1.000000e+00 0.000000e+00 9.362210e-15 5.686166e-15 0.000000e+00
-1.500000e+00 -7.500000e-01 0.000000e+00 1.478919e-14 6.715583e-15 0.000000e+00
-1.500000e+00 -5.000000e-01 0.000000e+00 2.022644e-14 6.102617e-15 0.000000e+00
-1.500000e+00 -2.500000e-01 0.000000e+00 2.426934e-14 3.651748e-15 0.000000e+00
-1.500000e+00 0.000000e+00 0.000000e+00 2.576424e-14 -2.033184e-31 0.000000e+00
-1.500000e+00 2.500000e-01 0.000000e+00 2.426934e-14 -3.651748e-15 0.000000e+00
-1.500000e+00 5.000000e-01 0.000000e+00 2.022644e-14 -6.102617e-15 0.000000e+00
-1.500000e+00 7.500000e-01 0.000000e+00 1.478919e-14 -6.715583e-15 0.000000e+00
-1.500000e+00 1.000000e+00 0.000000e+00 9.362210e-15 -5.686166e-15 0.000000e+00
-1.500000e+00 1.250000e+00 0.000000e+00 5.042604e-15 -3.836768e-15 0.000000e+00
-1.500000e+00 1.500000e+00 0.000000e+00 2.262174e-15 -2.067332e-15 0.000000e+00
-1.500000e+00 1.750000e+00 0.000000e+00 8.239636e-16 -8.780356e-16 0.000000e+00
-1.500000e+00 2.000000e+00 0.000000e+00 2.362692e-16 -2.871736e-16 0.000000e+00
-1.500000e+00 2.250000e+00 0.000000e+00 5.132632e-17 -6.993576e-17 0.000000e+00
-1.500000e+00 2.500000e+00 0.000000e+00 8.033118e-18 -1.209719e-17 0.000000e+00
-1.250000e+00 -2.500000e+00 0.000000e+00 2.104022e-17 3.773964e-17 0.000000e+00
-1.250000e+00 -2.250000e+00 0.000000e+00 1.219565e-16 1.981363e-16 0.000000e+00
-1.250000e+00 -2.000000e+00 0.000000e+00 5.169923e-16 7.501150e-16 0.000000e+00
-1.250000e+00 -1.750000e+00 0.000000e+00 1.677793e-15 2.137121e-15 0.000000e+00
-1.250000e+00 -1.500000e+00 0.000000e+00 4.320682e-15 4.726733e-15 0.000000e+00
-1.250000e+00 -1.250000e+00 0.000000e+00 9.095228e-15 8.296489e-15 0.000000e+00
-1.250000e+00 -1.000000e+00 0.000000e+00 1.605383e-14 1.170487e-14 0.000000e+00
-1.250000e+00 -7.500000e-01 0.000000e+00 2.429522e-14 1.325686e-14 0.000000e+00
-1.250000e+00 -5.000000e-01 0.000000e+00 3.213891e-14 1.165905e-14 0.000000e+00
-1.250000e+00 -2.500000e-01 0.000000e+00 3.774823e-14 6.830943e-15 0.000000e+00
-1.250000e+00 0.000000e+00 0.000000e+00 3.977859e-14 -1.355456e-31 0.000000e+00
-1.250000e+00 2.500000e-01 0.000000e+00 3.774823e-14 -6.830943e-15 0.000000e+00
-1.250000e+00 5.000000e-01 0.000000e+00 3.213891e-14 -1.165905e-14 0.000000e+00
-1.250000e+00 7.500000e-01 0.000000e+00 2.429522e-14 -1.325686e-14 0.000000e+00
-1.250000e+00 1.000000e+00 0.000000e+00 1.605383e-14 -1.170487e-14 0.000000e+00
-1.250000e+00 1.250000e+00 0.000000e+00 9.095228e-15 -8.296489e-15 0.000000e+00
-1.250000e+00 1.500000e+00 0.000000e+00 4.320682e-15 -4.726733e-15 0.000000e+00
-1.250000e+00 1.750000e+00 0.000000e+00 1.677793e-15 -2.137121e-15 0.000000e+00
-1.250000e+00 2.000000e+00 0.000000e+00 5.169923e-16 -7.501150e-16 0.000000e+00
-1.250000e+00 2.250000e+00 0.000000e+00 1.219565e-16 -1.981363e-16 0.000000e+00
-1.250000e+00 2.500000e+00 0.000000e+00 2.104022e-17 -3.773964e-17 0.000000e+00
-1.000000e+00 -2.500000e+00 0.000000e+00 4.110293e-17 9.150873e-17 0.000000e+00
-1.000000e+00 -2.250000e+00 0.000000e+00 2.206064e-16 4.451797e-16 0.000000e+00
-1.000000e+00 -2.000000e+00 0.000000e+00 8.747382e-16 1.577950e-15 0.000000e+00
-1.000000e+00 -1.750000e+00 0.000000e+00 2.673373e-15 4.238878e-15 0.000000e+00
-1.000000e+00 -1.500000e+00 0.000000e+00 6.514938e-15 8.884949e-15 0.000000e+00
-1.000000e+00 -1.250000e+00 0.000000e+00 1.302889e-14 1.483959e-14 0.000000e+00
-1.000000e+00 -1.000000e+00 0.000000e+00 2.193464e-14 2.000019e-14 0.000000e+00
-1.000000e+00 -7.500000e-01 0.000000e+00 3.182863e-14 2.174807e-14 0.000000e+00
-1.000000e+00 -5.000000e-01 0.000000e+00 4.069227e-14 1.850150e-14 0.000000e+00
-1.000000e+00 -2.500000e-01 0.000000e+00 4.672393e-14 1.060169e-14 0.000000e+00
-1.000000e+00 0.000000e+00 0.000000e+00 4.884535e-14 4.066368e-31 0.000000e+00
-1.000000e+00 2.500000e-01 0.000000e+00 4.672393e-14 -1.060169e-14 0.000000e+00
-1.000000e+00 5.000000e-01 0.000000e+00 4.069227e-14 -1.850150e-14 0.000000e+00
-1.000000e+00 7.500000e-01 0.000000e+00 3.182863e-14 -2.174807e-14 0.000000e+00
-1.000000e+00 1.000000e+00 0.000000e+00 2.193464e-14 -2.000019e-14 0.000000e+00
-1.000000e+00 1.250000e+00 0.000000e+00 1.302889e-14 -1.483959e-14 0.000000e+00
-1.000000e+00 1.500000e+00 0.000000e+00 6.514938e-15 -8.884949e-15 0.000000e+00
-1.000000e+00 1.750000e+00 0.000000e+00 2.673373e-15 -4.238878e-15 0.000000e+00
-1.000000e+00 2.000000e+00 0.000000e+00 8.747382e-16 -1.577950e-15 0.000000e+00
-1.000000e+00 2.250000e+00 0.000000e+00 2.206064e-16 -4.451797e-16 0.000000e+00
-1.000000e+00 2.500000e+00 0.000000e+00 4.110293e-17 -9.150873e-17 0.000000e+00
-7.500000e-01 -2.500000e+00 0.000000e+00 6.014619e-17 1.773996e-16 0.000000e+00
-7.500000e-01 -2.250000e+00 0.000000e+00 3.043923e-16 8.141441e-16 0.000000e+00
-7.500000e-01 -2.000000e+00 0.000000e+00 1.145499e-15 2.740711e-15 0.000000e+00
-7.500000e-01 -1.750000e+00 0.000000e+00 3.336058e-15 7.022781e-15 0.000000e+00
-7.500000e-01 -1.500000e+00 0.000000e+00 7.766020e-15 1.407964e-14 0.000000e+00
-7.500000e-01 -1.250000e+00 0.000000e+00 1.485784e-14 2.253160e-14 0.000000e+00
-7.500000e-01 -1.000000e+00 0.000000e+00 2.396334e-14 2.914015e-14 0.000000e+00
-7.500000e-01 -7.500000e-01 0.000000e+00 3.340282e-14 3.048528e-14 0.000000e+00
-7.500000e-01 -5.000000e-01 0.000000e+00 4.126397e-14 2.508833e-14 0.000000e+00
-7.500000e-01 -2.500000e-01 0.000000e+00 4.626811e-14 1.404782e-14 0.000000e+00
-7.500000e-01 0.000000e+00 0.000000e+00 4.795581e-14 5.421824e-31 0.000000e+00
-7.500000e-01 2.500000e-01 0.000000e+00 4.626811e-14 -1.404782e-14 0.000000e+00
-7.500000e-01 5.000000e-01 0.000000e+00 4.126397e-14 -2.508833e-14 0.000000e+00
-7.500000e-01 7.500000e-01 0.000000e+00 3.340282e-14 -3.048528e-14 0.000000e+00
-7.500000e-01 1.000000e+00 0.000000e+00 2.396334e-14 -2.914015e-14 0.000000e+00
-7.500000e-01 1.250000e+00 0.000000e+00 1.485784e-14 -2.253160e-14 0.000000e+00
-7.500000e-01 1.500000e+00 0.000000e+00 7.766020e-15 -1.407964e-14 0.000000e+00
-7.500000e-01 1.750000e+00 0.000000e+00 3.336058e-15 -7.022781e-15 0.000000e+00
-7.500000e-01 2.000000e+00 0.000000e+00 1.145499e-15 -2.740711e-15 0.000000e+00
-7.500000e-01 2.250000e+00 0.000000e+00 3.043923e-16 -8.141441e-16 0.000000e+00
-7.500000e-01 2.500000e+00 0.000000e+00 6.014619e-17 -1.773996e-16 0.000000e+00
-5.000000e-01 -2.500000e+00 0.000000e+00 6.377289e-17 2.806724e-16 0.000000e+00
-5.000000e-01 -2.250000e+00 0.000000e+00 3.095753e-16 1.235810e-15 0.000000e+00
-5.000000e-01 -2.000000e+00 0.000000e+00 1.121804e-15 4.007668e-15 0.000000e+00
-5.000000e-01 -1.750000e+00 0.000000e+00 3.152509e-15 9.916056e-15 0.000000e+00
-5.000000e-01 -1.500000e+00 0.000000e+00 7.086964e-15 1.921713e-14 0.000000e+00
-5.000000e-01 -1.250000e+00 0.000000e+00 1.309077e-14 2.972977e-14 0.000000e+00
-5.000000e-01 -1.000000e+00 0.000000e+00 2.037425e-14 3.715881e-14 0.000000e+00
-5.000000e-01 -7.500000e-01 0.000000e+00 2.741809e-14 3.758698e-14 0.000000e+00
-5.000000e-01 -5.000000e-01 0.000000e+00 3.281431e-14 3.000631e-14 0.000000e+00
-5.000000e-01 -2.500000e-01 0.000000e+00 3.595968e-14 1.643411e-14 0.000000e+00
-5.000000e-01 0.000000e+00 0.000000e+00 3.695625e-14 5.421824e-31 0.000000e+00
-5.000000e-01 2.500000e-01 0.000000e+00 3.595968e-14 -1.643411e-14 0.000000e+00
-5.000000e-01 5.000000e-01 0.000000e+00 3.281431e-14 -3.000631e-14 0.000000e+00
-5.000000e-01 7.500000e-01 0.000000e+00 2.741809e-14 -3.758698e-14 0.000000e+00
-5.000000e-01 1.000000e+00 0.000000e+00 2.037425e-14 -3.715881e-14 0.000000e+00
-5.000000e-01 1.250000e+00 0.000000e+00 1.309077e-14 -2.972977e-14 0.000000e+00
-5.000000e-01 1.500000e+00 0.000000e+00 7.086964e-15 -1.921713e-14 0.000000e+00
-5.000000e-01 1.750000e+00 0.000000e+00 3.152509e-15 -9.916056e-15 0.000000e+00
-5.000000e-01 2.000000e+00 0.000000e+00 1.121804e-15 -4.007668e-15 0.000000e+00
-5.000000e-01 2.250000e+00 0.000000e+00 3.095753e-16 -1.235810e-15 0.000000e+00
-5.000000e-01 2.500000e+00 0.000000e+00 6.377289e-17 -2.806724e-16 0.000000e+00
-2.500000e-01 -2.500000e+00 0.000000e+00 4.190338e-17 3.675718e-16 0.000000e+00
-2.500000e-01 -2.250000e+00 0.000000e+00 1.983998e-16 1.578671e-15 0.000000e+00
-2.500000e-01 -2.000000e+00 0.000000e+00 7.026271e-16 5.004473e-15 0.000000e+00
-2.500000e-01 -1.750000e+00 0.000000e+00 1.931471e-15 1.211705e-14 0.000000e+00
-2.500000e-01 -1.500000e+00 0.000000e+00 4.247152e-15 2.298326e-14 0.000000e+00
-2.500000e-01 -1.250000e+00 0.000000e+00 7.667537e-15 3.477969e-14 0.000000e+00
-2.500000e-01 -1.000000e+00 0.000000e+00 1.164889e-14 4.247729e-14 0.000000e+00
-2.500000e-01 -7.500000e-01 0.000000e+00 1.529034e-14 4.195715e-14 0.000000e+00
-2.500000e-01 -5.000000e-01 0.000000e+00 1.787469e-14 3.275182e-14 0.000000e+00
-2.500000e-01 -2.500000e-01 0.000000e+00 1.924452e-14 1.763624e-14 0.000000e+00
-2.500000e-01 0.000000e+00 0.000000e+00 1.964539e-14 8.132736e-31 0.000000e+00
-2.500000e-01 2.500000e-01 0.000000e+00 1.924452e-14 -1.763624e-14 0.000000e+00
-2.500000e-01 5.000000e-01 0.000000e+00 1.787469e-14 -3.275182e-14 0.000000e+00
-2.500000e-01 7.500000e-01 0.000000e+00 1.529034e-14 -4.195715e-14 0.000000e+00
-2.500000e-01 1.000000e+00 0.000000e+00 1.164889e-14 -4.247729e-14 0.000000e+00
-2.500000e-01 1.250000e+00 0.000000e+00 7.667537e-15 -3.477969e-14 0.000000e+00
-2.500000e-01 1.500000e+00 0.000000e+00 4.247152e-15 -2.298326e-14 0.000000e+00
-2.500000e-01 1.750000e+00 0.000000e+00 1.931471e-15 -1.211705e-14 0.000000e+00
-2.500000e-01 2.000000e+00 0.000000e+00 7.026271e-16 -5.004473e-15 0.000000e+00
-2.500000e-01 2.250000e+00 0.000000e+00 1.983998e-16 -1.578671e-15 0.000000e+00
-2.500000e-01 2.500000e+00 0.000000e+00 4.190338e-17 -3.675718e-16 0.000000e+00
0.000000e+00 -2.500000e+00 0.000000e+00 1.292664e-34 4.017830e-16 0.000000e+00
0.000000e+00 -2.250000e+00 0.000000e+00 -8.688354e-32 1.711336e-15 0.000000e+00
0.000000e+00 -2.000000e+00 0.000000e+00 -2.256887e-32 5.383711e-15 0.000000e+00
0.000000e+00 -1.750000e+00 0.000000e+00 -7.942125e-33 1.293976e-14 0.000000e+00
0.000000e+00 -1.500000e+00 0.000000e+00 1.698026e-29 2.436312e-14 0.000000e+00
0.000000e+00 -1.250000e+00 0.000000e+00 -1.270740e-32 3.658435e-14 0.000000e+00
0.000000e+00 -1.000000e+00 0.000000e+00 1.694320e-32 4.431426e-14 0.000000e+00
0.000000e+00 -7.500000e-01 0.000000e+00 1.355456e-31 4.339264e-14 0.000000e+00
0.000000e+00 -5.000000e-01 0.000000e+00 0.000000e+00 3.358824e-14 0.000000e+00
0.000000e+00 -2.500000e-01 0.000000e+00 3.219208e-31 1.796912e-14 0.000000e+00
0.000000e+00 0.000000e+00 0.000000e+00 -5.540427e-30 2.710912e-31 0.000000e+00
0.000000e+00 2.500000e-01 0.000000e+00 6.777280e-32 -1.796912e-14 0.000000e+00
0.000000e+00 5.000000e-01 0.000000e+00 -3.219208e-31 -3.358824e-14 0.000000e+00
0.000000e+00 7.500000e-01 0.000000e+00 -8.471600e-31 -4.339264e-14 0.000000e+00
0.000000e+00 1.000000e+00 0.000000e+00 1.186024e-31 -4.431426e-14 0.000000e+00
0.000000e+00 1.250000e+00 0.000000e+00 -4.447590e-32 -3.658435e-14 0.000000e+00
0.000000e+00 1.500000e+00 0.000000e+00 -6.369585e-31 -2.436312e-14 0.000000e+00
0.000000e+00 1.750000e+00 0.000000e+00 -8.471600e-33 -1.293976e-14 0.000000e+00
0.000000e+00 2.000000e+00 0.000000e+00 -1.588425e-33 -5.383711e-15 0.000000e+00
0.000000e+00 2.250000e+00 0.000000e+00 1.820070e-33 -1.711336e-15 0.000000e+00
0.000000e+00 2.500000e+00 0.000000e+00 2.771471e-34 -4.017830e-16 0.000000e+00
2.500000e-01 -2.500000e+00 0.000000e+00 -4.190338e-17 3.675718e-16 0.000000e+00
2.500000e-01 -2.250000e+00 0.000000e+00 -1.983998e-16 1.578671e-15 0.000000e+00
2.500000e-01 -2.000000e+00 0.000000e+00 -7.026271e-16 5.004473e-15 0.000000e+00
2.500000e-01 -1.750000e+00 0.000000e+00 -1.931471e-15 1.211705e-14 0.000000e+00
2.500000e-01 -1.500000e+00 0.000000e+00 -4.247152e-15 2.298326e-14 0.000000e+00
2.500000e-01 -1.250000e+00 0.000000e+00 -7.667537e-15 3.477969e-14 0.000000e+00
2.500000e-01 -1.000000e+00 0.000000e+00 -1.164889e-14 4.247729e-14 0.000000e+00
2.500000e-01 -7.500000e-01 0.000000e+00 -1.529034e-14 4.195715e-14 0.000000e+00
2.500000e-01 -5.000000e-01 0.000000e+00 -1.787469e-14 3.275182e-14 0.000000e+00
2.500000e-01 -2.500000e-01 0.000000e+00 -1.924452e-14 1.763624e-14 0.000000e+00
2.500000e-01 0.000000e+00 0.000000e+00 -1.964539e-14 8.132736e-31 0.000000e+00
2.500000e-01 2.500000e-01 0.000000e+00 -1.924452e-14 -1.763624e-14 0.000000e+00
2.500000e-01 5.000000e-01 0.000000e+00 -1.787469e-14 -3.275182e-14 0.000000e+00
2.500000e-01 7.500000e-01 0.000000e+00 -1.529034e-14 -4.195715e-14 0.000000e+00
2.500000e-01 1.000000e+00 0.000000e+00 -1.164889e-14 -4.247729e-14 0.000000e+00
2.500000e-01 1.250000e+00 0.000000e+00 -7.667537e-15 -3.477969e-14 0.000000e+00
2.500000e-01 1.500000e+00 0.000000e+00 -4.247152e-15 -2.298326e-14 0.000000e+00
2.500000e-01 1.750000e+00 0.000000e+00 -1.931471e-15 -1.211705e-14 0.000000e+00
2.500000e-01 2.000000e+00 0.000000e+00 -7.026271e-16 -5.004473e-15 0.000000e+00
2.500000e-01 2.250000e+00 0.000000e+00 -1.983998e-16 -1.578671e-15 0.000000e+00
2.500000e-01 2.500000e+00 0.000000e+00 -4.190338e-17 -3.675718e-16 0.000000e+00
5.000000e-01 -2.500000e+00 0.000000e+00 -6.377289e-17 2.806724e-16 0.000000e+00
5.000000e-01 -2.250000e+00 0.000000e+00 -3.095753e-16 1.235810e-15 0.000000e+00
5.000000e-01 -2.000000e+00 0.000000e+00 -1.121804e-15 4.007668e-15 0.000000e+00
5.000000e-01 -1.750000e+00 0.000000e+00 -3.152509e-15 9.916056e-15 0.000000e+00
5.000000e-01 -1.500000e+00 0.000000e+00 -7.086964e-15 1.921713e-14 0.000000e+00
5.000000e-01 -1.250000e+00 0.000000e+00 -1.309077e-14 2.972977e-14 0.000000e+00
5.000000e-01 -1.000000e+00 0.000000e+00 -2.037425e-14 3.715881e-14 0.000000e+00
5.000000e-01 -7.500000e-01 0.000000e+00 -2.741809e-14 3.758698e-14 0.000000e+00
5.000000e-01 -5.000000e-01 0.000000e+00 -3.281431e-14 3.000631e-14 0.000000e+00
5.000000e-01 -2.500000e-01 0.000000e+00 -3.595968e-14 1.643411e-14 0.000000e+00
5.000000e-01 0.000000e+00 0.000000e+00 -3.695625e-14 -3.198876e-29 0.000000e+00
5.000000e-01 2.500000e-01 0.000000e+00 -3.595968e-14 -1.643411e-14 0.000000e+00
5.000000e-01 5.000000e-01 0.000000e+00 -3.281431e-14 -3.000631e-14 0.000000e+00
5.000000e-01 7.500000e-01 0.000000e+00 -2.741809e-14 -3.758698e-14 0.000000e+00
5.000000e-01 1.000000e+00 0.000000e+00 -2.037425e-14 -3.715881e-14 0.000000e+00
5.000000e-01 1.250000e+00 0.000000e+00 -1.309077e-14 -2.972977e-14 0.000000e+00
5.000000e-01 1.500000e+00 0.000000e+00 -7.086964e-15 -1.921713e-14 0.000000e+00
5.000000e-01 1.750000e+00 0.000000e+00 -3.152509e-15 -9.916056e-15 0.000000e+00
5.000000e-01 2.000000e+00 0.000000e+00 -1.121804e-15 -4.007668e-15 0.000000e+00
5.000000e-01 2.250000e+00 0.000000e+00 -3.095753e-16 -1.235810e-15 0.000000e+00
5.000000e-01 2.500000e+00 0.000000e+00 -6.377289e-17 -2.806724e-16 0.000000e+00
7.500000e-01 -2.500000e+00 0.000000e+00 -6.014619e-17 1.773996e-16 0.000000e+00
7.500000e-01 -2.250000e+00 0.000000e+00 -3.043923e-16 8.141441e-16 0.000000e+00
7.500000e-01 -2.000000e+00 0.000000e+00 -1.145499e-15 2.740711e-15 0.000000e+00
7.500000e-01 -1.750000e+00 0.000000e+00 -3.336058e-15 7.022781e-15 0.000000e+00
7.500000e-01 -1.500000e+00 0.000000e+00 -7.766020e-15 1.407964e-14 0.000000e+00
7.500000e-01 -1.250000e+00 0.000000e+00 -1.485784e-14 2.253160e-14 0.000000e+00
7.500000e-01 -1.000000e+00 0.000000e+00 -2.396334e-14 2.914015e-14 0.000000e+00
7.500000e-01 -7.500000e-01 0.000000e+00 -3.340282e-14 3.048528e-14 0.000000e+00
7.500000e-01 -5.000000e-01 0.000000e+00 -4.126397e-14 2.508833e-14 0.000000e+00
7.500000e-01 -2.500000e-01 0.000000e+00 -4.626811e-14 1.404782e-14 0.000000e+00
7.500000e-01 0.000000e+00 0.000000e+00 -4.795581e-14 -2.710912e-31 0.000000e+00
7.500000e-01 2.500000e-01 0.000000e+00 -4.626811e-14 -1.404782e-14 0.000000e+00
7.500000e-01 5.000000e-01 0.000000e+00 -4.126397e-14 -2.508833e-14 0.000000e+00
7.500000e-01 7.500000e-01 0.000000e+00 -3.340282e-14 -3.048528e-14 0.000000e+00
7.500000e-01 1.000000e+00 0.000000e+00 -2.396334e-14 -2.914015e-14 0.000000e+00
7.500000e-01 1.250000e+00 0.000000e+00 -1.485784e-14 -2.253160e-14 0.000000e+00
7.500000e-01 1.500000e+00 0.000000e+00 -7.766020e-15 -1.407964e-14 0.000000e+00
7.500000e-01 1.750000e+00 0.000000e+00 -3.336058e-15 -7.022781e-15 0.000000e+00
7.500000e-01 2.000000e+00 0.000000e+00 -1.145499e-15 -2.740711e-15 0.000000e+00
7.500000e-01 2.250000e+00 0.000000e+00 -3.043923e-16 -8.141441e-16 0.000000e+00
7.500000e-01 2.500000e+00 0.000000e+00 -6.014619e-17 -1.773996e-16 0.000000e+00
1.000000e+00 -2.500000e+00 0.000000e+00 -4.110293e-17 9.150873e-17 0.000000e+00
1.000000e+00 -2.250000e+00 0.000000e+00 -2.206064e-16 4.451797e-16 0.000000e+00
1.000000e+00 -2.000000e+00 0.000000e+00 -8.747382e-16 1.577950e-15 0.000000e+00
1.000000e+00 -1.750000e+00 0.000000e+00 -2.673373e-15 4.238878e-15 0.000000e+00
1.000000e+00 -1.500000e+00 0.000000e+00 -6.514938e-15 8.884949e-15 0.000000e+00
1.000000e+00 -1.250000e+00 0.000000e+00 -1.302889e-14 1.483959e-14 0.000000e+00
1.000000e+00 -1.000000e+00 0.000000e+00 -2.193464e-14 2.000019e-14 0.000000e+00
1.000000e+00 -7.500000e-01 0.000000e+00 -3.182863e-14 2.174807e-14 0.000000e+00
1.000000e+00 -5.000000e-01 0.000000e+00 -4.069227e-14 1.850150e-14 0.000000e+00
1.000000e+00 -2.500000e-01 0.000000e+00 -4.672393e-14 1.060169e-14 0.000000e+00
1.000000e+00 0.000000e+00 0.000000e+00 -4.884535e-14 -1.355456e-31 0.000000e+00
1.000000e+00 2.500000e-01 0.000000e+00 -4.672393e-14 -1.060169e-14 0.000000e+00
1.000000e+00 5.000000e-01 0.000000e+00 -4.069227e-14 -1.850150e-14 0.000000e+00
1.000000e+00 7.500000e-01 0.000000e+00 -3.182863e-14 -2.174807e-14 0.000000e+00
1.000000e+00 1.000000e+00 0.000000e+00 -2.193464e-14 -2.000019e-14 0.000000e+00
1.000000e+00 1.250000e+00 0.000000e+00 -1.302889e-14 -1.483959e-14 0.000000e+00
1.000000e+00 1.500000e+00 0.000000e+00 -6.514938e-15 -8.884949e-15 0.000000e+00
1.000000e+00 1.750000e+00 0.000000e+00 -2.673373e-15 -4.238878e-15 0.000000e+00
1.000000e+00 2.000000e+00 0.000000e+00 -8.747382e-16 -1.577950e-15 0.000000e+00
1.000000e+00 2.250000e+00 0.000000e+00 -2.206064e-16 -4.451797e-16 0.000000e+00
1.000000e+00 2.500000e+00 0.000000e+00 -4.110293e-17 -9.150873e-17 0.000000e+00
1.250000e+00 -2.500000e+00 0.000000e+00 -2.104022e-17 3.773964e-17 0.000000e+00
1.250000e+00 -2.250000e+00 0.000000e+00 -1.219565e-16 1.981363e-16 0.000000e+00
1.250000e+00 -2.000000e+00 0.000000e+00 -5.169923e-16 7.501150e-16 0.000000e+00
1.250000e+00 -1.750000e+00 0.000000e+00 -1.677793e-15 2.137121e-15 0.000000e+00
1.250000e+00 -1.500000e+00 0.000000e+00 -4.320682e-15 4.726733e-15 0.000000e+00
1.250000e+00 -1.250000e+00 0.000000e+00 -9.095228e-15 8.296489e-15 0.000000e+00
1.250000e+00 -1.000000e+00 0.000000e+00 -1.605383e-14 1.170487e-14 0.000000e+00
1.250000e+00 -7.500000e-01 0.000000e+00 -2.429522e-14 1.325686e-14 0.000000e+00
1.250000e+00 -5.000000e-01 0.000000e+00 -3.213891e-14 1.165905e-14 0.000000e+00
1.250000e+00 -2.500000e-01 0.000000e+00 -3.774823e-14 6.830943e-15 0.000000e+00
1.250000e+00 0.000000e+00 0.000000e+00 -3.977859e-14 -5.421824e-31 0.000000e+00
1.250000e+00 2.500000e-01 0.000000e+00 -3.774823e-14 -6.830943e-15 0.000000e+00
1.250000e+00 5.000000e-01 0.000000e+00 -3.213891e-14 -1.165905e-14 0.000000e+00
1.250000e+00 7.500000e-01 0.000000e+00 -2.429522e-14 -1.325686e-14 0.000000e+00
1.250000e+00 1.000000e+00 0.000000e+00 -1.605383e-14 -1.170487e-14 0.000000e+00
1.250000e+00 1.250000e+00 0.000000e+00 -9.095228e-15 -8.296489e-15 0.000000e+00
1.250000e+00 1.500000e+00 0.000000e+00 -4.320682e-15 -4.726733e-15 0.000000e+00
1.250000e+00 1.750000e+00 0.000000e+00 -1.677793e-15 -2.137121e-15 0.000000e+00
1.250000e+00 2.000000e+00 0.000000e+00 -5.169923e-16 -7.501150e-16 0.000000e+00
1.250000e+00 2.250000e+00 0.000000e+00 -1.219565e-16 -1.981363e-16 0.000000e+00
1.250000e+00 2.500000e+00 0.000000e+00 -2.104022e-17 -3.773964e-17 0.000000e+00
1.500000e+00 -2.500000e+00 0.000000e+00 -8.033118e-18 1.209719e-17 0.000000e+00
1.500000e+00 -2.250000e+00 0.000000e+00 -5.132632e-17 6.993576e-17 0.000000e+00
1.500000e+00 -2.000000e+00 0.000000e+00 -2.362692e-16 2.871736e-16 0.000000e+00
1.500000e+00 -1.750000e+00 0.000000e+00 -8.239636e-16 8.780356e-16 0.000000e+00
1.500000e+00 -1.500000e+00 0.000000e+00 -2.262174e-15 2.067332e-15 0.000000e+00
1.500000e+00 -1.250000e+00 0.000000e+00 -5.042604e-15 3.836768e-15 0.000000e+00
1.500000e+00 -1.000000e+00 0.000000e+00 -9.362210e-15 5.686166e-15 0.000000e+00
1.500000e+00 -7.500000e-01 0.000000e+00 -1.478919e-14 6.715583e-15 0.000000e+00
1.500000e+00 -5.000000e-01 0.000000e+00 -2.022644e-14 6.102617e-15 0.000000e+00
1.500000e+00 -2.500000e-01 0.000000e+00 -2.426934e-14 3.651748e-15 0.000000e+00
1.500000e+00 0.000000e+00 0.000000e+00 -2.576424e-14 0.000000e+00 0.000000e+00
1.500000e+00 2.500000e-01 0.000000e+00 -2.426934e-14 -3.651748e-15 0.000000e+00
1.500000e+00 5.000000e-01 0.000000e+00 -2.022644e-14 -6.102617e-15 0.000000e+00
1.500000e+00 7.500000e-01 0.000000e+00 -1.478919e-14 -6.715583e-15 0.000000e+00
1.500000e+00 1.000000e+00 0.000000e+00 -9.362210e-15 -5.686166e-15 0.000000e+00
1.500000e+00 1.250000e+00 0.000000e+00 -5.042604e-15 -3.836768e-15 0.000000e+00
1.500000e+00 1.500000e+00 0.000000e+00 -2.262174e-15 -2.067332e-15 0.000000e+00
1.500000e+00 1.750000e+00 0.000000e+00 -8.239636e-16 -8.780356e-16 0.000000e+00
1.500000e+00 2.000000e+00 0.000000e+00 -2.362692e-16 -2.871736e-16 0.000000e+00
1.500000e+00 2.250000e+00 0.000000e+00 -5.132632e-17 -6.993576e-17 0.000000e+00
1.500000e+00 2.500000e+00 0.000000e+00 -8.033118e-18 -1.209719e-17 0.000000e+00
1.750000e+00 -2.500000e+00 0.000000e+00 -2.230110e-18 2.901727e-18 0.000000e+00
1.750000e+00 -2.250000e+00 0.000000e+00 -1.609345e-17 1.891921e-17 0.000000e+00
1.750000e+00 -2.000000e+00 0.000000e+00 -8.192081e-17 8.578928e-17 0.000000e+00
1.750000e+00 -1.750000e+00 0.000000e+00 -3.111180e-16 2.852535e-16 0.000000e+00
1.750000e+00 -1.500000e+00 0.000000e+00 -9.193606e-16 7.218955e-16 0.000000e+00
1.750000e+00 -1.250000e+00 0.000000e+00 -2.183891e-15 1.425909e-15 0.000000e+00
1.750000e+00 -1.000000e+00 0.000000e+00 -4.280141e-15 2.228418e-15 0.000000e+00
1.750000e+00 -7.500000e-01 0.000000e+00 -7.066680e-15 2.748813e-15 0.000000e+00
1.750000e+00 -5.000000e-01 0.000000e+00 -9.990372e-15 2.581138e-15 0.000000e+00
1.750000e+00 -2.500000e-01 0.000000e+00 -1.223770e-14 1.576612e-15 0.000000e+00
1.750000e+00 0.000000e+00 0.000000e+00 -1.308331e-14 -3.388640e-31 0.000000e+00
1.750000e+00 2.500000e-01 0.000000e+00 -1.223770e-14 -1.576612e-15 0.000000e+00
1.750000e+00 5.000000e-01 0.000000e+00 -9.990372e-15 -2.581138e-15 0.000000e+00
1.750000e+00 7.500000e-01 0.000000e+00 -7.066680e-15 -2.748813e-15 0.000000e+00
1.750000e+00 1.000000e+00 0.000000e+00 -4.280141e-15 -2.228418e-15 0.000000e+00
1.750000e+00 1.250000e+00 0.000000e+00 -2.183891e-15 -1.425909e-15 0.000000e+00
1.750000e+00 1.500000e+00 0.000000e+00 -9.193606e-16 -7.218955e-16 0.000000e+00
1.750000e+00 1.750000e+00 0.000000e+00 -3.111180e-16 -2.852535e-16 0.000000e+00
1.750000e+00 2.000000e+00 0.000000e+00 -8.192081e-17 -8.578928e-17 0.000000e+00
1.750000e+00 2.250000e+00 0.000000e+00 -1.609345e-17 -1.891921e-17 0.000000e+00
1.750000e+00 2.500000e+00 0.000000e+00 -2.230110e-18 -2.901727e-18 0.000000e+00
2.000000e+00 -2.500000e+00 0.000000e+00 -4.318905e-19 4.963812e-19 0.000000e+00
2.000000e+00 -2.250000e+00 0.000000e+00 -3.618418e-18 3.749126e-18 0.000000e+00
2.000000e+00 -2.000000e+00 0.000000e+00 -2.083580e-17 1.919885e-17 0.000000e+00
2.000000e+00 -1.750000e+00 0.000000e+00 -8.761415e-17 7.057870e-17 0.000000e+00
2.000000e+00 -1.500000e+00 0.000000e+00 -2.819486e-16 1.942641e-16 0.000000e+00
2.000000e+00 -1.250000e+00 0.000000e+00 -7.194278e-16 4.117297e-16 0.000000e+00
2.000000e+00 -1.000000e+00 0.000000e+00 -1.495781e-15 6.820534e-16 0.000000e+00
2.000000e+00 -7.500000e-01 0.000000e+00 -2.588031e-15 8.812422e-16 0.000000e+00
2.000000e+00 -5.000000e-01 0.000000e+00 -3.786072e-15 8.560919e-16 0.000000e+00
2.000000e+00 -2.500000e-01 0.000000e+00 -4.735743e-15 5.339423e-16 0.000000e+00
2.000000e+00 0.000000e+00 0.000000e+00 -5.098772e-15 -8.471600e-33 0.000000e+00
2.000000e+00 2.500000e-01 0.000000e+00 -4.735743e-15 -5.339423e-16 0.000000e+00
2.000000e+00 5.000000e-01 0.000000e+00 -3.786072e-15 -8.560919e-16 0.000000e+00
2.000000e+00 7.500000e-01 0.000000e+00 -2.588031e-15 -8.812422e-16 0.000000e+00
2.000000e+00 1.000000e+00 0.000000e+00 -1.495781e-15 -6.820534e-16 0.000000e+00
2.000000e+00 1.250000e+00 0.000000e+00 -7.194278e-16 -4.117297e-16 0.000000e+00
2.000000e+00 1.500000e+00 0.000000e+00 -2.819486e-16 -1.942641e-16 0.000000e+00
2.000000e+00 1.750000e+00 0.000000e+00 -8.761415e-17 -7.057870e-17 0.000000e+00
2.000000e+00 2.000000e+00 0.000000e+00 -2.083580e-17 -1.919885e-17 0.000000e+00
2.000000e+00 2.250000e+00 0.000000e+00 -3.618418e-18 -3.749126e-18 0.000000e+00
2.000000e+00 2.500000e+00 0.000000e+00 -4.318905e-19 -4.963812e-19 0.000000e+00
2.250000e+00 -2.500000e+00 0.000000e+00 -5.631816e-20 5.826350e-20 0.000000e+00
2.250000e+00 -2.250000e+00 0.000000e+00 -5.524829e-19 5.135964e-19 0.000000e+00
2.250000e+00 -2.000000e+00 0.000000e+00 -3.696288e-18 3.048524e-18 0.000000e+00
2.250000e+00 -1.750000e+00 0.000000e+00 -1.759262e-17 1.266244e-17 0.000000e+00
2.250000e+00 -1.500000e+00 0.000000e+00 -6.264856e-17 3.851474e-17 0.000000e+00
2.250000e+00 -1.250000e+00 0.000000e+00 -1.736366e-16 8.857503e-17 0.000000e+00
2.250000e+00 -1.000000e+00 0.000000e+00 -3.858489e-16 1.567126e-16 0.000000e+00
2.250000e+00 -7.500000e-01 0.000000e+00 -7.028892e-16 2.130943e-16 0.000000e+00
2.250000e+00 -5.000000e-01 0.000000e+00 -1.066887e-15 2.147509e-16 0.000000e+00
2.250000e+00 -2.500000e-01 0.000000e+00 -1.364473e-15 1.369434e-16 0.000000e+00
2.250000e+00 0.000000e+00 0.000000e+00 -1.480021e-15 2.117900e-33 0.000000e+00
2.250000e+00 2.500000e-01 0.000000e+00 -1.364473e-15 -1.369434e-16 0.000000e+00
2.250000e+00 5.000000e-01 0.000000e+00 -1.066887e-15 -2.147509e-16 0.000000e+00
2.250000e+00 7.500000e-01 0.000000e+00 -7.028892e-16 -2.130943e-16 0.000000e+00
2.250000e+00 1.000000e+00 0.000000e+00 -3.858489e-16 -1.567126e-16 0.000000e+00
2.250000e+00 1.250000e+00 0.000000e+00 -1.736366e-16 -8.857503e-17 0.000000e+00
2.250000e+00 1.500000e+00 0.000000e+00 -6.264856e-17 -3.851474e-17 0.000000e+00
2.250000e+00 1.750000e+00 0.000000e+00 -1.759262e-17 -1.266244e-17 0.000000e+00
2.250000e+00 2.000000e+00 0.000000e+00 -3.696288e-18 -3.048524e-18 0.000000e+00
2.250000e+00 2.250000e+00 0.000000e+00 -5.524829e-19 -5.135964e-19 0.000000e+00
2.250000e+00 2.500000e+00 0.000000e+00 -5.631816e-20 -5.826350e-20 0.000000e+00
2.500000e+00 -2.500000e+00 0.000000e+00 -5.610442e-21 5.291802e-21 0.000000e+00
2.500000e+00 -2.250000e+00 0.000000e+00 -5.492737e-20 4.656659e-20 0.000000e+00
2.500000e+00 -2.000000e+00 0.000000e+00 -4.275195e-19 3.205817e-19 0.000000e+00
2.500000e+00 -1.750000e+00 0.000000e+00 -2.361176e-18 1.541106e-18 0.000000e+00
2.500000e+00 -1.500000e+00 0.000000e+00 -9.512877e-18 5.293247e-18 0.000000e+00
2.500000e+00 -1.250000e+00 0.000000e+00 -2.911429e-17 1.342454e-17 0.000000e+00
2.500000e+00 -1.000000e+00 0.000000e+00 -6.994972e-17 2.565788e-17 0.000000e+00
2.500000e+00 -7.500000e-01 0.000000e+00 -1.352043e-16 3.699987e-17 0.000000e+00
2.500000e+00 -5.000000e-01 0.000000e+00 -2.139647e-16 3.886623e-17 0.000000e+00
2.500000e+00 -2.500000e-01 0.000000e+00 -2.805291e-16 2.540537e-17 0.000000e+00
2.500000e+00 0.000000e+00 0.000000e+00 -3.068074e-16 7.942125e-34 0.000000e+00
2.500000e+00 2.500000e-01 0.000000e+00 -2.805291e-16 -2.540537e-17 0.000000e+00
2.500000e+00 5.000000e-01 0.000000e+00 -2.139647e-16 -3.886623e-17 0.000000e+00
2.500000e+00 7.500000e-01 0.000000e+00 -1.352043e-16 -3.699987e-17 0.000000e+00
2.500000e+00 1.000000e+00 0.000000e+00 -6.994972e-17 -2.565788e-17 0.000000e+00
2.500000e+00 1.250000e+00 0.000000e+00 -2.911429e-17 -1.342454e-17 0.000000e+00
2.500000e+00 1.500000e+00 0.000000e+00 -9.512877e-18 -5.293247e-18 0.000000e+00
2.500000e+00 1.750000e+00 0.000000e+00 -2.361176e-18 -1.541106e-18 0.000000e+00
2.500000e+00 2.000000e+00 0.000000e+00 -4.275195e-19 -3.205817e-19 0.000000e+00
2.500000e+00 2.250000e+00 0.000000e+00 -5.492737e-20 -4.656659e-20 0.000000e+00
2.500000e+00 2.500000e+00 0.000000e+00 -5.610442e-21 -5.291802e-21 0.000000e+00
