-2.500000e+00 -2.500000e+00 0.000000e+00 3.513704e-20 -5.876428e-20 0.000000e+00
-2.500000e+00 -2.250000e+00 0.000000e+00 1.932906e-19 -3.793923e-19 0.000000e+00
-2.500000e+00 -2.000000e+00 0.000000e+00 7.793170e-19 -1.833830e-18 0.000000e+00
-2.500000e+00 -1.750000e+00 0.000000e+00 2.345093e-18 -6.825075e-18 0.000000e+00
-2.500000e+00 -1.500000e+00 0.000000e+00 5.287612e-18 -2.004619e-17 0.000000e+00
-2.500000e+00 -1.250000e+00 0.000000e+00 8.717236e-18 -4.731395e-17 0.000000e+00
-2.500000e+00 -1.000000e+00 0.000000e+00 9.543871e-18 -9.099826e-17 0.000000e+00
-2.500000e+00 -7.500000e-01 0.000000e+00 3.899184e-18 -1.444960e-16 0.000000e+00
-2.500000e+00 -5.000000e-01 0.000000e+00 -8.989550e-18 -1.923873e-16 0.000000e+00
-2.500000e+00 -2.500000e-01 0.000000e+00 -2.470728e-17 -2.192310e-16 0.000000e+00
-2.500000e+00 0.000000e+00 0.000000e+00 -3.698654e-17 -2.194652e-16 0.000000e+00
-2.500000e+00 2.500000e-01 0.000000e+00 -4.294876e-17 -1.981901e-16 0.000000e+00
-2.500000e+00 5.000000e-01 0.000000e+00 -4.370018e-17 -1.638271e-16 0.000000e+00
-2.500000e+00 7.500000e-01 0.000000e+00 -4.064984e-17 -1.229264e-16 0.000000e+00
-2.500000e+00 1.000000e+00 0.000000e+00 -3.380591e-17 -8.132588e-17 0.000000e+00
-2.500000e+00 1.250000e+00 0.000000e+00 -2.387863e-17 -4.569075e-17 0.000000e+00
-2.500000e+00 1.500000e+00 0.000000e+00 -1.365070e-17 -2.101208e-17 0.000000e+00
-2.500000e+00 1.750000e+00 0.000000e+00 -6.076443e-18 -7.640294e-18 0.000000e+00
-2.500000e+00 2.000000e+00 0.000000e+00 -2.032996e-18 -2.119322e-18 0.000000e+00
-2.500000e+00 2.250000e+00 0.000000e+00 -4.914561e-19 -4.302291e-19 0.000000e+00
-2.500000e+00 2.500000e+00 0.000000e+00 -8.194088e-20 -6.087018e-20 0.000000e+00
-2.250000e+00 -2.500000e+00 0.000000e+00 2.900828e-19 -4.200632e-19 0.000000e+00
-2.250000e+00 -2.250000e+00 0.000000e+00 1.485701e-18 -2.497363e-18 0.000000e+00
-2.250000e+00 -2.000000e+00 0.000000e+00 5.611162e-18 -1.117284e-17 0.000000e+00
-2.250000e+00 -1.750000e+00 0.000000e+00 1.601120e-17 -3.888813e-17 0.000000e+00
-2.250000e+00 -1.500000e+00 0.000000e+00 3.476296e-17 -1.079195e-16 0.000000e+00
-2.250000e+00 -1.250000e+00 0.000000e+00 5.647023e-17 -2.430255e-16 0.000000e+00
-2.250000e+00 -1.000000e+00 0.000000e+00 6.411504e-17 -4.502039e-16 0.000000e+00
-2.250000e+00 -7.500000e-01 0.000000e+00 3.726692e-17 -6.949216e-16 0.000000e+00
-2.250000e+00 -5.000000e-01 0.000000e+00 -2.826217e-17 -9.070495e-16 0.000000e+00
-2.250000e+00 -2.500000e-01 0.000000e+00 -1.103564e-16 -1.020251e-15 0.000000e+00
-2.250000e+00 0.000000e+00 0.000000e+00 -1.768321e-16 -1.012380e-15 0.000000e+00
-2.250000e+00 2.500000e-01 0.000000e+00 -2.112291e-16 -9.073286e-16 0.000000e+00
-2.250000e+00 5.000000e-01 0.000000e+00 -2.173880e-16 -7.443235e-16 0.000000e+00
-2.250000e+00 7.500000e-01 0.000000e+00 -2.029193e-16 -5.553025e-16 0.000000e+00
-2.250000e+00 1.000000e+00 0.000000e+00 -1.696311e-16 -3.673318e-16 0.000000e+00
-2.250000e+00 1.250000e+00 0.000000e+00 -1.214673e-16 -2.081730e-16 0.000000e+00
-2.250000e+00 1.500000e+00 0.000000e+00 -7.118901e-17 -9.760865e-17 0.000000e+00
-2.250000e+00 1.750000e+00 0.000000e+00 -3.288808e-17 -3.662580e-17 0.000000e+00
-2.250000e+00 2.000000e+00 0.000000e+00 -1.157526e-17 -1.062774e-17 0.000000e+00
-2.250000e+00 2.250000e+00 0.000000e+00 -2.988604e-18 -2.291663e-18 0.000000e+00
-2.250000e+00 2.500000e+00 0.000000e+00 -5.395052e-19 -3.490358e-19 0.000000e+00
-2.000000e+00 -2.500000e+00 0.000000e+00 1.620947e-18 -2.001177e-18 0.000000e+00
-2.000000e+00 -2.250000e+00 0.000000e+00 7.791556e-18 -1.105633e-17 0.000000e+00
-2.000000e+00 -2.000000e+00 0.000000e+00 2.794731e-17 -4.647324e-17 0.000000e+00
-2.000000e+00 -1.750000e+00 0.000000e+00 7.662499e-17 -1.534464e-16 0.000000e+00
-2.000000e+00 -1.500000e+00 0.000000e+00 1.619347e-16 -4.073282e-16 0.000000e+00
-2.000000e+00 -1.250000e+00 0.000000e+00 2.608353e-16 -8.841698e-16 0.000000e+00
-2.000000e+00 -1.000000e+00 0.000000e+00 3.050336e-16 -1.590823e-15 0.000000e+00
-2.000000e+00 -7.500000e-01 0.000000e+00 2.145215e-16 -2.403141e-15 0.000000e+00
-2.000000e+00 -5.000000e-01 0.000000e+00 -2.879948e-17 -3.092520e-15 0.000000e+00
-2.000000e+00 -2.500000e-01 0.000000e+00 -3.445639e-16 -3.451979e-15 0.000000e+00
-2.000000e+00 0.000000e+00 0.000000e+00 -6.120220e-16 -3.415408e-15 0.000000e+00
-2.000000e+00 2.500000e-01 0.000000e+00 -7.635193e-16 -3.058887e-15 0.000000e+00
-2.000000e+00 5.000000e-01 0.000000e+00 -8.055387e-16 -2.508350e-15 0.000000e+00
-2.000000e+00 7.500000e-01 0.000000e+00 -7.637408e-16 -1.871605e-15 0.000000e+00
-2.000000e+00 1.000000e+00 0.000000e+00 -6.469358e-16 -1.241676e-15 0.000000e+00
-2.000000e+00 1.250000e+00 0.000000e+00 -4.710404e-16 -7.096077e-16 0.000000e+00
-2.000000e+00 1.500000e+00 0.000000e+00 -2.826715e-16 -3.380717e-16 0.000000e+00
-2.000000e+00 1.750000e+00 0.000000e+00 -1.349089e-16 -1.300750e-16 0.000000e+00
-2.000000e+00 2.000000e+00 0.000000e+00 -4.957312e-17 -3.911856e-17 0.000000e+00
-2.000000e+00 2.250000e+00 0.000000e+00 -1.353450e-17 -8.855633e-18 0.000000e+00
-2.000000e+00 2.500000e+00 0.000000e+00 -2.623264e-18 -1.437727e-18 0.000000e+00
-1.750000e+00 -2.500000e+00 0.000000e+00 6.430416e-18 -6.638811e-18 0.000000e+00
-1.750000e+00 -2.250000e+00 0.000000e+00 2.944674e-17 -3.462788e-17 0.000000e+00
-1.750000e+00 -2.000000e+00 0.000000e+00 1.016498e-16 -1.386740e-16 0.000000e+00
-1.750000e+00 -1.750000e+00 0.000000e+00 2.707262e-16 -4.394110e-16 0.000000e+00
-1.750000e+00 -1.500000e+00 0.000000e+00 5.615909e-16 -1.126346e-15 0.000000e+00
-1.750000e+00 -1.250000e+00 0.000000e+00 9.013564e-16 -2.374908e-15 0.000000e+00
-1.750000e+00 -1.000000e+00 0.000000e+00 1.081619e-15 -4.176203e-15 0.000000e+00
-1.750000e+00 -7.500000e-01 0.000000e+00 8.606924e-16 -6.205915e-15 0.000000e+00
-1.750000e+00 -5.000000e-01 0.000000e+00 1.755349e-16 -7.908843e-15 0.000000e+00
-1.750000e+00 -2.500000e-01 0.000000e+00 -7.538811e-16 -8.798316e-15 0.000000e+00
-1.750000e+00 0.000000e+00 0.000000e+00 -1.582825e-15 -8.719577e-15 0.000000e+00
-1.750000e+00 2.500000e-01 0.000000e+00 -2.101200e-15 -7.843311e-15 0.000000e+00
-1.750000e+00 5.000000e-01 0.000000e+00 -2.301644e-15 -6.461091e-15 0.000000e+00
-1.750000e+00 7.500000e-01 0.000000e+00 -2.239501e-15 -4.839824e-15 0.000000e+00
-1.750000e+00 1.000000e+00 0.000000e+00 -1.935437e-15 -3.225320e-15 0.000000e+00
-1.750000e+00 1.250000e+00 0.000000e+00 -1.436967e-15 -1.856824e-15 0.000000e+00
-1.750000e+00 1.500000e+00 0.000000e+00 -8.823650e-16 -8.956151e-16 0.000000e+00
-1.750000e+00 1.750000e+00 0.000000e+00 -4.335246e-16 -3.512162e-16 0.000000e+00
-1.750000e+00 2.000000e+00 0.000000e+00 -1.653113e-16 -1.085478e-16 0.000000e+00
-1.750000e+00 2.250000e+00 0.000000e+00 -4.731510e-17 -2.551301e-17 0.000000e+00
-1.750000e+00 2.500000e+00 0.000000e+00 -9.741037e-18 -4.357441e-18 0.000000e+00
-1.500000e+00 -2.500000e+00 0.000000e+00 1.891396e-17 -1.595598e-17 0.000000e+00
-1.500000e+00 -2.250000e+00 0.000000e+00 8.369323e-17 -7.976237e-17 0.000000e+00
-1.500000e+00 -2.000000e+00 0.000000e+00 2.812332e-16 -3.080221e-16 0.000000e+00
-1.500000e+00 -1.750000e+00 0.000000e+00 7.341591e-16 -9.456337e-16 0.000000e+00
-1.500000e+00 -1.500000e+00 0.000000e+00 1.504970e-15 -2.358323e-15 0.000000e+00
-1.500000e+00 -1.250000e+00 0.000000e+00 2.416341e-15 -4.858936e-15 0.000000e+00
-1.500000e+00 -1.000000e+00 0.000000e+00 2.968494e-15 -8.390215e-15 0.000000e+00
-1.500000e+00 -7.500000e-01 0.000000e+00 2.580927e-15 -1.231245e-14 0.000000e+00
-1.500000e+00 -5.000000e-01 0.000000e+00 1.075861e-15 -1.559206e-14 0.000000e+00
-1.500000e+00 -2.500000e-01 0.000000e+00 -1.081098e-15 -1.734425e-14 0.000000e+00
-1.500000e+00 0.000000e+00 0.000000e+00 -3.118331e-15 -1.727546e-14 0.000000e+00
-1.500000e+00 2.500000e-01 0.000000e+00 -4.524893e-15 -1.565733e-14 0.000000e+00
-1.500000e+00 5.000000e-01 0.000000e+00 -5.216636e-15 -1.298991e-14 0.000000e+00
-1.500000e+00 7.500000e-01 0.000000e+00 -5.256589e-15 -9.779323e-15 0.000000e+00
-1.500000e+00 1.000000e+00 0.000000e+00 -4.660035e-15 -6.540392e-15 0.000000e+00
-1.500000e+00 1.250000e+00 0.000000e+00 -3.534885e-15 -3.781134e-15 0.000000e+00
-1.500000e+00 1.500000e+00 0.000000e+00 -2.219045e-15 -1.836630e-15 0.000000e+00
-1.500000e+00 1.750000e+00 0.000000e+00 -1.118830e-15 -7.286736e-16 0.000000e+00
-1.500000e+00 2.000000e+00 0.000000e+00 -4.404414e-16 -2.292462e-16 0.000000e+00
-1.500000e+00 2.250000e+00 0.000000e+00 -1.311967e-16 -5.528210e-17 0.000000e+00
-1.500000e+00 2.500000e+00 0.000000e+00 -2.841568e-17 -9.789274e-18 0.000000e+00
-1.250000e+00 -2.500000e+00 0.000000e+00 4.282164e-17 -2.878737e-17 0.000000e+00
-1.250000e+00 -2.250000e+00 0.000000e+00 1.854687e-16 -1.399124e-16 0.000000e+00
-1.250000e+00 -2.000000e+00 0.000000e+00 6.126902e-16 -5.267098e-16 0.000000e+00
-1.250000e+00 -1.750000e+00 0.000000e+00 1.579424e-15 -1.579249e-15 0.000000e+00
-1.250000e+00 -1.500000e+00 0.000000e+00 3.216519e-15 -3.853847e-15 0.000000e+00
-1.250000e+00 -1.250000e+00 0.000000e+00 5.180672e-15 -7.789569e-15 0.000000e+00
-1.250000e+00 -1.000000e+00 0.000000e+00 6.502703e-15 -1.324370e-14 0.000000e+00
-1.250000e+00 -7.500000e-01 0.000000e+00 6.045941e-15 -1.922924e-14 0.000000e+00
-1.250000e+00 -5.000000e-01 0.000000e+00 3.402971e-15 -2.423604e-14 0.000000e+00
-1.250000e+00 -2.500000e-01 0.000000e+00 -6.480757e-16 -2.699681e-14 0.000000e+00
-1.250000e+00 0.000000e+00 0.000000e+00 -4.719402e-15 -2.705647e-14 0.000000e+00
-1.250000e+00 2.500000e-01 0.000000e+00 -7.809468e-15 -2.471626e-14 0.000000e+00
-1.250000e+00 5.000000e-01 0.000000e+00 -9.620334e-15 -2.062777e-14 0.000000e+00
-1.250000e+00 7.500000e-01 0.000000e+00 -1.011466e-14 -1.555899e-14 0.000000e+00
-1.250000e+00 1.000000e+00 0.000000e+00 -9.227914e-15 -1.038764e-14 0.000000e+00
-1.250000e+00 1.250000e+00 0.000000e+00 -7.153766e-15 -5.984967e-15 0.000000e+00
-1.250000e+00 1.500000e+00 0.000000e+00 -4.582409e-15 -2.898947e-15 0.000000e+00
-1.250000e+00 1.750000e+00 0.000000e+00 -2.362448e-15 -1.149610e-15 0.000000e+00
-1.250000e+00 2.000000e+00 0.000000e+00 -9.552016e-16 -3.628333e-16 0.000000e+00
-1.250000e+00 2.250000e+00 0.000000e+00 -2.941228e-16 -8.820902e-17 0.000000e+00
-1.250000e+00 2.500000e+00 0.000000e+00 -6.643331e-17 -1.585553e-17 0.000000e+00
-1.000000e+00 -2.500000e+00 0.000000e+00 7.744740e-17 -4.069587e-17 0.000000e+00
-1.000000e+00 -2.250000e+00 0.000000e+00 3.321513e-16 -1.950584e-16 0.000000e+00
-1.000000e+00 -2.000000e+00 0.000000e+00 1.087650e-15 -7.227227e-16 0.000000e+00
-1.000000e+00 -1.750000e+00 0.000000e+00 2.784388e-15 -2.128662e-15 0.000000e+00
-1.000000e+00 -1.500000e+00 0.000000e+00 5.652561e-15 -5.097116e-15 0.000000e+00
-1.000000e+00 -1.250000e+00 0.000000e+00 9.142627e-15 -1.011215e-14 0.000000e+00
-1.000000e+00 -1.000000e+00 0.000000e+00 1.169061e-14 -1.690936e-14 0.000000e+00
-1.000000e+00 -7.500000e-01 0.000000e+00 1.144103e-14 -2.424199e-14 0.000000e+00
-1.000000e+00 -5.000000e-01 0.000000e+00 7.631574e-15 -3.033380e-14 0.000000e+00
-1.000000e+00 -2.500000e-01 0.000000e+00 1.311659e-15 -3.374146e-14 0.000000e+00
-1.000000e+00 0.000000e+00 0.000000e+00 -5.465126e-15 -3.390503e-14 0.000000e+00
-1.000000e+00 2.500000e-01 0.000000e+00 -1.107494e-14 -3.105580e-14 0.000000e+00
-1.000000e+00 5.000000e-01 0.000000e+00 -1.480966e-14 -2.587394e-14 0.000000e+00
-1.000000e+00 7.500000e-01 0.000000e+00 -1.632059e-14 -1.934615e-14 0.000000e+00
-1.000000e+00 1.000000e+00 0.000000e+00 -1.532573e-14 -1.271529e-14 0.000000e+00
-1.000000e+00 1.250000e+00 0.000000e+00 -1.211683e-14 -7.174213e-15 0.000000e+00
-1.000000e+00 1.500000e+00 0.000000e+00 -7.892074e-15 -3.390993e-15 0.000000e+00
-1.000000e+00 1.750000e+00 0.000000e+00 -4.141079e-15 -1.308951e-15 0.000000e+00
-1.000000e+00 2.000000e+00 0.000000e+00 -1.709864e-15 -4.011544e-16 0.000000e+00
-1.000000e+00 2.250000e+00 0.000000e+00 -5.404448e-16 -9.440008e-17 0.000000e+00
-1.000000e+00 2.500000e+00 0.000000e+00 -1.261996e-16 -1.635193e-17 0.000000e+00
-7.500000e-01 -2.500000e+00 0.000000e+00 1.167549e-16 -4.812412e-17 0.000000e+00
-7.500000e-01 -2.250000e+00 0.000000e+00 5.004759e-16 -2.301609e-16 0.000000e+00
-7.500000e-01 -2.000000e+00 0.000000e+00 1.633820e-15 -8.441644e-16 0.000000e+00
-7.500000e-01 -1.750000e+00 0.000000e+00 4.165991e-15 -2.445231e-15 0.000000e+00
-7.500000e-01 -1.500000e+00 0.000000e+00 8.436773e-15 -5.730901e-15 0.000000e+00
-7.500000e-01 -1.250000e+00 0.000000e+00 1.368225e-14 -1.109799e-14 0.000000e+00
-7.500000e-01 -1.000000e+00 0.000000e+00 1.773468e-14 -1.810793e-14 0.000000e+00
-7.500000e-01 -7.500000e-01 0.000000e+00 1.801247e-14 -2.538541e-14 0.000000e+00
-7.500000e-01 -5.000000e-01 0.000000e+00 1.334402e-14 -3.119531e-14 0.000000e+00
-7.500000e-01 -2.500000e-01 0.000000e+00 4.910184e-15 -3.424565e-14 0.000000e+00
-7.500000e-01 0.000000e+00 0.000000e+00 -4.720260e-15 -3.404907e-14 0.000000e+00
-7.500000e-01 2.500000e-01 0.000000e+00 -1.331323e-14 -3.077496e-14 0.000000e+00
-7.500000e-01 5.000000e-01 0.000000e+00 -1.957385e-14 -2.507473e-14 0.000000e+00
-7.500000e-01 7.500000e-01 0.000000e+00 -2.260264e-14 -1.808755e-14 0.000000e+00
-7.500000e-01 1.000000e+00 0.000000e+00 -2.176397e-14 -1.128532e-14 0.000000e+00
-7.500000e-01 1.250000e+00 0.000000e+00 -1.746310e-14 -5.935319e-15 0.000000e+00
-7.500000e-01 1.500000e+00 0.000000e+00 -1.150268e-14 -2.557058e-15 0.000000e+00
-7.500000e-01 1.750000e+00 0.000000e+00 -6.106161e-15 -8.712665e-16 0.000000e+00
-7.500000e-01 2.000000e+00 0.000000e+00 -2.557548e-15 -2.233218e-16 0.000000e+00
-7.500000e-01 2.250000e+00 0.000000e+00 -8.234782e-16 -3.942018e-17 0.000000e+00
-7.500000e-01 2.500000e+00 0.000000e+00 -1.970170e-16 -3.784214e-18 0.000000e+00
-5.000000e-01 -2.500000e+00 0.000000e+00 1.539132e-16 -5.171010e-17 0.000000e+00
-5.000000e-01 -2.250000e+00 0.000000e+00 6.628039e-16 -2.472346e-16 0.000000e+00
-5.000000e-01 -2.000000e+00 0.000000e+00 2.161417e-15 -8.953157e-16 0.000000e+00
-5.000000e-01 -1.750000e+00 0.000000e+00 5.487752e-15 -2.535472e-15 0.000000e+00
-5.000000e-01 -1.500000e+00 0.000000e+00 1.106142e-14 -5.763276e-15 0.000000e+00
-5.000000e-01 -1.250000e+00 0.000000e+00 1.790901e-14 -1.075550e-14 0.000000e+00
-5.000000e-01 -1.000000e+00 0.000000e+00 2.336021e-14 -1.683538e-14 0.000000e+00
-5.000000e-01 -7.500000e-01 0.000000e+00 2.428105e-14 -2.259155e-14 0.000000e+00
-5.000000e-01 -5.000000e-01 0.000000e+00 1.918021e-14 -2.658078e-14 0.000000e+00
-5.000000e-01 -2.500000e-01 0.000000e+00 9.234006e-15 -2.797477e-14 0.000000e+00
-5.000000e-01 0.000000e+00 0.000000e+00 -2.753506e-15 -2.662024e-14 0.000000e+00
-5.000000e-01 2.500000e-01 0.000000e+00 -1.410823e-14 -2.278759e-14 0.000000e+00
-5.000000e-01 5.000000e-01 0.000000e+00 -2.289329e-14 -1.715699e-14 0.000000e+00
-5.000000e-01 7.500000e-01 0.000000e+00 -2.752313e-14 -1.093552e-14 0.000000e+00
-5.000000e-01 1.000000e+00 0.000000e+00 -2.697280e-14 -5.561145e-15 0.000000e+00
-5.000000e-01 1.250000e+00 0.000000e+00 -2.180561e-14 -1.997417e-15 0.000000e+00
-5.000000e-01 1.500000e+00 0.000000e+00 -1.442223e-14 -2.891025e-16 0.000000e+00
-5.000000e-01 1.750000e+00 0.000000e+00 -7.689926e-15 1.972404e-16 0.000000e+00
-5.000000e-01 2.000000e+00 0.000000e+00 -3.242778e-15 1.790855e-16 0.000000e+00
-5.000000e-01 2.250000e+00 0.000000e+00 -1.055017e-15 7.855540e-17 0.000000e+00
-5.000000e-01 2.500000e+00 0.000000e+00 -2.562907e-16 2.225349e-17 0.000000e+00
-2.500000e-01 -2.500000e+00 0.000000e+00 1.846368e-16 -5.239722e-17 0.000000e+00
-2.500000e-01 -2.250000e+00 0.000000e+00 7.988771e-16 -2.476708e-16 0.000000e+00
-2.500000e-01 -2.000000e+00 0.000000e+00 2.599254e-15 -8.762621e-16 0.000000e+00
-2.500000e-01 -1.750000e+00 0.000000e+00 6.556050e-15 -2.399379e-15 0.000000e+00
-2.500000e-01 -1.500000e+00 0.000000e+00 1.310540e-14 -5.218785e-15 0.000000e+00
-2.500000e-01 -1.250000e+00 0.000000e+00 2.107089e-14 -9.213575e-15 0.000000e+00
-2.500000e-01 -1.000000e+00 0.000000e+00 2.744188e-14 -1.346761e-14 0.000000e+00
-2.500000e-01 -7.500000e-01 0.000000e+00 2.882168e-14 -1.663475e-14 0.000000e+00
-2.500000e-01 -5.000000e-01 0.000000e+00 2.361833e-14 -1.773841e-14 0.000000e+00
-2.500000e-01 -2.500000e-01 0.000000e+00 1.295207e-14 -1.661476e-14 0.000000e+00
-2.500000e-01 0.000000e+00 0.000000e+00 -4.218610e-16 -1.364419e-14 0.000000e+00
-2.500000e-01 2.500000e-01 0.000000e+00 -1.366330e-14 -9.357079e-15 0.000000e+00
-2.500000e-01 5.000000e-01 0.000000e+00 -2.430673e-14 -4.495459e-15 0.000000e+00
-2.500000e-01 7.500000e-01 0.000000e+00 -3.012413e-14 -1.714296e-16 0.000000e+00
-2.500000e-01 1.000000e+00 0.000000e+00 -2.978812e-14 2.525673e-15 0.000000e+00
-2.500000e-01 1.250000e+00 0.000000e+00 -2.407524e-14 3.245854e-15 0.000000e+00
-2.500000e-01 1.500000e+00 0.000000e+00 -1.587062e-14 2.577301e-15 0.000000e+00
-2.500000e-01 1.750000e+00 0.000000e+00 -8.437105e-15 1.488906e-15 0.000000e+00
-2.500000e-01 2.000000e+00 0.000000e+00 -3.555276e-15 6.476133e-16 0.000000e+00
-2.500000e-01 2.250000e+00 0.000000e+00 -1.159837e-15 2.116888e-16 0.000000e+00
-2.500000e-01 2.500000e+00 0.000000e+00 -2.838202e-16 5.090923e-17 0.000000e+00
0.000000e+00 -2.500000e+00 0.000000e+00 2.037050e-16 -4.669460e-17 0.000000e+00
0.000000e+00 -2.250000e+00 0.000000e+00 8.841432e-16 -2.147407e-16 0.000000e+00
0.000000e+00 -2.000000e+00 0.000000e+00 2.867430e-15 -7.313220e-16 0.000000e+00
0.000000e+00 -1.750000e+00 0.000000e+00 7.178514e-15 -1.903459e-15 0.000000e+00
0.000000e+00 -1.500000e+00 0.000000e+00 1.420976e-14 -3.868285e-15 0.000000e+00
0.000000e+00 -1.250000e+00 0.000000e+00 2.262480e-14 -6.217530e-15 0.000000e+00
0.000000e+00 -1.000000e+00 0.000000e+00 2.928011e-14 -7.932690e-15 0.000000e+00
0.000000e+00 -7.500000e-01 0.000000e+00 3.082902e-14 -7.939486e-15 0.000000e+00
0.000000e+00 -5.000000e-01 0.000000e+00 2.581493e-14 -5.882697e-15 0.000000e+00
0.000000e+00 -2.500000e-01 0.000000e+00 1.529660e-14 -2.312034e-15 0.000000e+00
0.000000e+00 0.000000e+00 0.000000e+00 1.741753e-15 1.866416e-15 0.000000e+00
0.000000e+00 2.500000e-01 0.000000e+00 -1.215268e-14 5.893980e-15 0.000000e+00
0.000000e+00 5.000000e-01 0.000000e+00 -2.364025e-14 9.081423e-15 0.000000e+00
0.000000e+00 7.500000e-01 0.000000e+00 -3.003066e-14 1.064975e-14 0.000000e+00
0.000000e+00 1.000000e+00 0.000000e+00 -2.981615e-14 1.011289e-14 0.000000e+00
0.000000e+00 1.250000e+00 0.000000e+00 -2.397470e-14 7.831390e-15 0.000000e+00
0.000000e+00 1.500000e+00 0.000000e+00 -1.567038e-14 4.916425e-15 0.000000e+00
0.000000e+00 1.750000e+00 0.000000e+00 -8.260152e-15 2.474369e-15 0.000000e+00
0.000000e+00 2.000000e+00 0.000000e+00 -3.458612e-15 9.825776e-16 0.000000e+00
0.000000e+00 2.250000e+00 0.000000e+00 -1.125240e-15 3.011373e-16 0.000000e+00
0.000000e+00 2.500000e+00 0.000000e+00 -2.760245e-16 6.909188e-17 0.000000e+00
2.500000e-01 -2.500000e+00 0.000000e+00 2.021612e-16 -3.121136e-17 0.000000e+00
2.500000e-01 -2.250000e+00 0.000000e+00 8.814983e-16 -1.356358e-16 0.000000e+00
2.500000e-01 -2.000000e+00 0.000000e+00 2.857096e-15 -4.265003e-16 0.000000e+00
2.500000e-01 -1.750000e+00 0.000000e+00 7.120967e-15 -9.866700e-16 0.000000e+00
2.500000e-01 -1.500000e+00 0.000000e+00 1.399849e-14 -1.655043e-15 0.000000e+00
2.500000e-01 -1.250000e+00 0.000000e+00 2.211982e-14 -1.824047e-15 0.000000e+00
2.500000e-01 -1.000000e+00 0.000000e+00 2.847680e-14 -5.998417e-16 0.000000e+00
2.500000e-01 -7.500000e-01 0.000000e+00 3.005232e-14 2.576297e-15 0.000000e+00
2.500000e-01 -5.000000e-01 0.000000e+00 2.566400e-14 7.353710e-15 0.000000e+00
2.500000e-01 -2.500000e-01 0.000000e+00 1.625256e-14 1.259114e-14 0.000000e+00
2.500000e-01 0.000000e+00 0.000000e+00 3.791861e-15 1.706278e-14 0.000000e+00
2.500000e-01 2.500000e-01 0.000000e+00 -9.452413e-15 1.995331e-14 0.000000e+00
2.500000e-01 5.000000e-01 0.000000e+00 -2.075868e-14 2.077511e-14 0.000000e+00
2.500000e-01 7.500000e-01 0.000000e+00 -2.721499e-14 1.924564e-14 0.000000e+00
2.500000e-01 1.000000e+00 0.000000e+00 -2.721104e-14 1.558300e-14 0.000000e+00
2.500000e-01 1.250000e+00 0.000000e+00 -2.179075e-14 1.077991e-14 0.000000e+00
2.500000e-01 1.500000e+00 0.000000e+00 -1.411609e-14 6.232574e-15 0.000000e+00
2.500000e-01 1.750000e+00 0.000000e+00 -7.367328e-15 2.949322e-15 0.000000e+00
2.500000e-01 2.000000e+00 0.000000e+00 -3.059565e-15 1.117622e-15 0.000000e+00
2.500000e-01 2.250000e+00 0.000000e+00 -9.911717e-16 3.306675e-16 0.000000e+00
2.500000e-01 2.500000e+00 0.000000e+00 -2.435944e-16 7.401150e-17 0.000000e+00
5.000000e-01 -2.500000e+00 0.000000e+00 1.742718e-16 -1.041674e-17 0.000000e+00
5.000000e-01 -2.250000e+00 0.000000e+00 7.679045e-16 -3.380264e-17 0.000000e+00
5.000000e-01 -2.000000e+00 0.000000e+00 2.502979e-15 -5.229779e-17 0.000000e+00
5.000000e-01 -1.750000e+00 0.000000e+00 6.250672e-15 8.240602e-17 0.000000e+00
5.000000e-01 -1.500000e+00 0.000000e+00 1.228060e-14 7.873722e-16 0.000000e+00
5.000000e-01 -1.250000e+00 0.000000e+00 1.937797e-14 2.746997e-15 0.000000e+00
5.000000e-01 -1.000000e+00 0.000000e+00 2.496761e-14 6.569883e-15 0.000000e+00
5.000000e-01 -7.500000e-01 0.000000e+00 2.657901e-14 1.222747e-14 0.000000e+00
5.000000e-01 -5.000000e-01 0.000000e+00 2.332407e-14 1.878624e-14 0.000000e+00
5.000000e-01 -2.500000e-01 0.000000e+00 1.591343e-14 2.478614e-14 0.000000e+00
5.000000e-01 0.000000e+00 0.000000e+00 5.682968e-15 2.893224e-14 0.000000e+00
5.000000e-01 2.500000e-01 0.000000e+00 -5.729636e-15 3.045568e-14 0.000000e+00
5.000000e-01 5.000000e-01 0.000000e+00 -1.592075e-14 2.905247e-14 0.000000e+00
5.000000e-01 7.500000e-01 0.000000e+00 -2.203665e-14 2.488005e-14 0.000000e+00
5.000000e-01 1.000000e+00 0.000000e+00 -2.243060e-14 1.877589e-14 0.000000e+00
5.000000e-01 1.250000e+00 0.000000e+00 -1.800823e-14 1.221805e-14 0.000000e+00
5.000000e-01 1.500000e+00 0.000000e+00 -1.161120e-14 6.709913e-15 0.000000e+00
5.000000e-01 1.750000e+00 0.000000e+00 -6.016293e-15 3.045334e-15 0.000000e+00
5.000000e-01 2.000000e+00 0.000000e+00 -2.482520e-15 1.117509e-15 0.000000e+00
5.000000e-01 2.250000e+00 0.000000e+00 -8.019786e-16 3.234531e-16 0.000000e+00
5.000000e-01 2.500000e+00 0.000000e+00 -1.977820e-16 7.167062e-17 0.000000e+00
7.500000e-01 -2.500000e+00 0.000000e+00 1.267433e-16 5.752676e-18 0.000000e+00
7.500000e-01 -2.250000e+00 0.000000e+00 5.692172e-16 4.375819e-17 0.000000e+00
7.500000e-01 -2.000000e+00 0.000000e+00 1.880893e-15 2.247206e-16 0.000000e+00
7.500000e-01 -1.750000e+00 0.000000e+00 4.742745e-15 8.455467e-16 0.000000e+00
7.500000e-01 -1.500000e+00 0.000000e+00 9.382935e-15 2.453360e-15 0.000000e+00
7.500000e-01 -1.250000e+00 0.000000e+00 1.489651e-14 5.695494e-15 0.000000e+00
7.500000e-01 -1.000000e+00 0.000000e+00 1.936007e-14 1.089581e-14 0.000000e+00
7.500000e-01 -7.500000e-01 0.000000e+00 2.096748e-14 1.762788e-14 0.000000e+00
7.500000e-01 -5.000000e-01 0.000000e+00 1.908658e-14 2.471306e-14 0.000000e+00
7.500000e-01 -2.500000e-01 0.000000e+00 1.412938e-14 3.070484e-14 0.000000e+00
7.500000e-01 0.000000e+00 0.000000e+00 6.794724e-15 3.441508e-14 0.000000e+00
7.500000e-01 2.500000e-01 0.000000e+00 -1.942236e-15 3.509700e-14 0.000000e+00
7.500000e-01 5.000000e-01 0.000000e+00 -1.021223e-14 3.246417e-14 0.000000e+00
7.500000e-01 7.500000e-01 0.000000e+00 -1.552624e-14 2.688435e-14 0.000000e+00
7.500000e-01 1.000000e+00 0.000000e+00 -1.633669e-14 1.957225e-14 0.000000e+00
7.500000e-01 1.250000e+00 0.000000e+00 -1.326502e-14 1.228603e-14 0.000000e+00
7.500000e-01 1.500000e+00 0.000000e+00 -8.562312e-15 6.525463e-15 0.000000e+00
7.500000e-01 1.750000e+00 0.000000e+00 -4.421582e-15 2.878142e-15 0.000000e+00
7.500000e-01 2.000000e+00 0.000000e+00 -1.817030e-15 1.033403e-15 0.000000e+00
7.500000e-01 2.250000e+00 0.000000e+00 -5.858357e-16 2.952424e-16 0.000000e+00
7.500000e-01 2.500000e+00 0.000000e+00 -1.448390e-16 6.529081e-17 0.000000e+00
1.000000e+00 -2.500000e+00 0.000000e+00 7.630247e-17 1.166250e-17 0.000000e+00
1.000000e+00 -2.250000e+00 0.000000e+00 3.525645e-16 7.052899e-17 0.000000e+00
1.000000e+00 -2.000000e+00 0.000000e+00 1.190767e-15 3.121386e-16 0.000000e+00
1.000000e+00 -1.750000e+00 0.000000e+00 3.054400e-15 1.055664e-15 0.000000e+00
1.000000e+00 -1.500000e+00 0.000000e+00 6.127476e-15 2.822810e-15 0.000000e+00
1.000000e+00 -1.250000e+00 0.000000e+00 9.853909e-15 6.141284e-15 0.000000e+00
1.000000e+00 -1.000000e+00 0.000000e+00 1.300437e-14 1.115564e-14 0.000000e+00
1.000000e+00 -7.500000e-01 0.000000e+00 1.442396e-14 1.734592e-14 0.000000e+00
1.000000e+00 -5.000000e-01 0.000000e+00 1.369365e-14 2.365548e-14 0.000000e+00
1.000000e+00 -2.500000e-01 0.000000e+00 1.097099e-14 2.891543e-14 0.000000e+00
1.000000e+00 0.000000e+00 0.000000e+00 6.485318e-15 3.214739e-14 0.000000e+00
1.000000e+00 2.500000e-01 0.000000e+00 6.816052e-16 3.261316e-14 0.000000e+00
1.000000e+00 5.000000e-01 0.000000e+00 -5.186383e-15 2.993987e-14 0.000000e+00
1.000000e+00 7.500000e-01 0.000000e+00 -9.243054e-15 2.448236e-14 0.000000e+00
1.000000e+00 1.000000e+00 0.000000e+00 -1.022561e-14 1.751087e-14 0.000000e+00
1.000000e+00 1.250000e+00 0.000000e+00 -8.461651e-15 1.076384e-14 0.000000e+00
1.000000e+00 1.500000e+00 0.000000e+00 -5.490245e-15 5.593095e-15 0.000000e+00
1.000000e+00 1.750000e+00 0.000000e+00 -2.830910e-15 2.416715e-15 0.000000e+00
1.000000e+00 2.000000e+00 0.000000e+00 -1.158378e-15 8.529078e-16 0.000000e+00
1.000000e+00 2.250000e+00 0.000000e+00 -3.717827e-16 2.406949e-16 0.000000e+00
1.000000e+00 2.500000e+00 0.000000e+00 -9.161878e-17 5.289522e-17 0.000000e+00
1.250000e+00 -2.500000e+00 0.000000e+00 3.754935e-17 9.694757e-18 0.000000e+00
1.250000e+00 -2.250000e+00 0.000000e+00 1.801661e-16 5.779105e-17 0.000000e+00
1.250000e+00 -2.000000e+00 0.000000e+00 6.267680e-16 2.518160e-16 0.000000e+00
1.250000e+00 -1.750000e+00 0.000000e+00 1.646278e-15 8.379982e-16 0.000000e+00
1.250000e+00 -1.500000e+00 0.000000e+00 3.368241e-15 2.204102e-15 0.000000e+00
1.250000e+00 -1.250000e+00 0.000000e+00 5.514371e-15 4.717962e-15 0.000000e+00
1.250000e+00 -1.000000e+00 0.000000e+00 7.421407e-15 8.444963e-15 0.000000e+00
1.250000e+00 -7.500000e-01 0.000000e+00 8.455479e-15 1.298405e-14 0.000000e+00
1.250000e+00 -5.000000e-01 0.000000e+00 8.370717e-15 1.760432e-14 0.000000e+00
1.250000e+00 -2.500000e-01 0.000000e+00 7.186065e-15 2.152571e-14 0.000000e+00
1.250000e+00 0.000000e+00 0.000000e+00 4.896288e-15 2.404165e-14 0.000000e+00
1.250000e+00 2.500000e-01 0.000000e+00 1.631937e-15 2.450857e-14 0.000000e+00
1.250000e+00 5.000000e-01 0.000000e+00 -1.899349e-15 2.252526e-14 0.000000e+00
1.250000e+00 7.500000e-01 0.000000e+00 -4.511556e-15 1.833382e-14 0.000000e+00
1.250000e+00 1.000000e+00 0.000000e+00 -5.348091e-15 1.297684e-14 0.000000e+00
1.250000e+00 1.250000e+00 0.000000e+00 -4.534794e-15 7.857974e-15 0.000000e+00
1.250000e+00 1.500000e+00 0.000000e+00 -2.961432e-15 4.010665e-15 0.000000e+00
1.250000e+00 1.750000e+00 0.000000e+00 -1.522964e-15 1.699969e-15 0.000000e+00
1.250000e+00 2.000000e+00 0.000000e+00 -6.184344e-16 5.885002e-16 0.000000e+00
1.250000e+00 2.250000e+00 0.000000e+00 -1.964085e-16 1.630146e-16 0.000000e+00
1.250000e+00 2.500000e+00 0.000000e+00 -4.779459e-17 3.518481e-17 0.000000e+00
1.500000e+00 -2.500000e+00 0.000000e+00 1.493128e-17 5.379054e-18 0.000000e+00
1.500000e+00 -2.250000e+00 0.000000e+00 7.507188e-17 3.286080e-17 0.000000e+00
1.500000e+00 -2.000000e+00 0.000000e+00 2.709454e-16 1.454584e-16 0.000000e+00
1.500000e+00 -1.750000e+00 0.000000e+00 7.329609e-16 4.886510e-16 0.000000e+00
1.500000e+00 -1.500000e+00 0.000000e+00 1.536373e-15 1.291269e-15 0.000000e+00
1.500000e+00 -1.250000e+00 0.000000e+00 2.569077e-15 2.767517e-15 0.000000e+00
1.500000e+00 -1.000000e+00 0.000000e+00 3.532025e-15 4.951599e-15 0.000000e+00
1.500000e+00 -7.500000e-01 0.000000e+00 4.131425e-15 7.613373e-15 0.000000e+00
1.500000e+00 -5.000000e-01 0.000000e+00 4.246098e-15 1.035015e-14 0.000000e+00
1.500000e+00 -2.500000e-01 0.000000e+00 3.856247e-15 1.273405e-14 0.000000e+00
1.500000e+00 0.000000e+00 0.000000e+00 2.900350e-15 1.433924e-14 0.000000e+00
1.500000e+00 2.500000e-01 0.000000e+00 1.381878e-15 1.471846e-14 0.000000e+00
1.500000e+00 5.000000e-01 0.000000e+00 -3.716851e-16 1.356000e-14 0.000000e+00
1.500000e+00 7.500000e-01 0.000000e+00 -1.746773e-15 1.099664e-14 0.000000e+00
1.500000e+00 1.000000e+00 0.000000e+00 -2.273889e-15 7.707995e-15 0.000000e+00
1.500000e+00 1.250000e+00 0.000000e+00 -1.983659e-15 4.597741e-15 0.000000e+00
1.500000e+00 1.500000e+00 0.000000e+00 -1.302469e-15 2.301801e-15 0.000000e+00
1.500000e+00 1.750000e+00 0.000000e+00 -6.656551e-16 9.538542e-16 0.000000e+00
1.500000e+00 2.000000e+00 0.000000e+00 -2.667051e-16 3.219726e-16 0.000000e+00
1.500000e+00 2.250000e+00 0.000000e+00 -8.312916e-17 8.673024e-17 0.000000e+00
1.500000e+00 2.500000e+00 0.000000e+00 -1.975152e-17 1.814111e-17 0.000000e+00
1.750000e+00 -2.500000e+00 0.000000e+00 4.724783e-18 2.171881e-18 0.000000e+00
1.750000e+00 -2.250000e+00 0.000000e+00 2.512754e-17 1.385685e-17 0.000000e+00
1.750000e+00 -2.000000e+00 0.000000e+00 9.476791e-17 6.329390e-17 0.000000e+00
1.750000e+00 -1.750000e+00 0.000000e+00 2.654667e-16 2.174430e-16 0.000000e+00
1.750000e+00 -1.500000e+00 0.000000e+00 5.722242e-16 5.834669e-16 0.000000e+00
1.750000e+00 -1.250000e+00 0.000000e+00 9.792115e-16 1.262821e-15 0.000000e+00
1.750000e+00 -1.000000e+00 0.000000e+00 1.374808e-15 2.272924e-15 0.000000e+00
1.750000e+00 -7.500000e-01 0.000000e+00 1.645601e-15 3.509630e-15 0.000000e+00
1.750000e+00 -5.000000e-01 0.000000e+00 1.743403e-15 4.793910e-15 0.000000e+00
1.750000e+00 -2.500000e-01 0.000000e+00 1.653562e-15 5.935805e-15 0.000000e+00
1.750000e+00 0.000000e+00 0.000000e+00 1.333671e-15 6.731148e-15 0.000000e+00
1.750000e+00 2.500000e-01 0.000000e+00 7.630834e-16 6.943632e-15 0.000000e+00
1.750000e+00 5.000000e-01 0.000000e+00 6.261612e-17 6.398817e-15 0.000000e+00
1.750000e+00 7.500000e-01 0.000000e+00 -5.141264e-16 5.158785e-15 0.000000e+00
1.750000e+00 1.000000e+00 0.000000e+00 -7.637904e-16 3.571924e-15 0.000000e+00
1.750000e+00 1.250000e+00 0.000000e+00 -6.882330e-16 2.092070e-15 0.000000e+00
1.750000e+00 1.500000e+00 0.000000e+00 -4.532299e-16 1.022903e-15 0.000000e+00
1.750000e+00 1.750000e+00 0.000000e+00 -2.289817e-16 4.119741e-16 0.000000e+00
1.750000e+00 2.000000e+00 0.000000e+00 -8.985141e-17 1.345169e-16 0.000000e+00
1.750000e+00 2.250000e+00 0.000000e+00 -2.721827e-17 3.486714e-17 0.000000e+00
1.750000e+00 2.500000e+00 0.000000e+00 -6.235441e-18 6.971099e-18 0.000000e+00
2.000000e+00 -2.500000e+00 0.000000e+00 1.163332e-18 6.483640e-19 0.000000e+00
2.000000e+00 -2.250000e+00 0.000000e+00 6.612550e-18 4.382507e-18 0.000000e+00
2.000000e+00 -2.000000e+00 0.000000e+00 2.627250e-17 2.090329e-17 0.000000e+00
2.000000e+00 -1.750000e+00 0.000000e+00 7.664961e-17 7.413133e-17 0.000000e+00
2.000000e+00 -1.500000e+00 0.000000e+00 1.705233e-16 2.034444e-16 0.000000e+00
2.000000e+00 -1.250000e+00 0.000000e+00 2.990066e-16 4.469093e-16 0.000000e+00
2.000000e+00 -1.000000e+00 0.000000e+00 4.280198e-16 8.114824e-16 0.000000e+00
2.000000e+00 -7.500000e-01 0.000000e+00 5.215850e-16 1.258987e-15 0.000000e+00
2.000000e+00 -5.000000e-01 0.000000e+00 5.646564e-16 1.725063e-15 0.000000e+00
2.000000e+00 -2.500000e-01 0.000000e+00 5.524702e-16 2.142939e-15 0.000000e+00
2.000000e+00 0.000000e+00 0.000000e+00 4.682778e-16 2.438009e-15 0.000000e+00
2.000000e+00 2.500000e-01 0.000000e+00 2.994286e-16 2.517963e-15 0.000000e+00
2.000000e+00 5.000000e-01 0.000000e+00 8.029622e-17 2.312594e-15 0.000000e+00
2.000000e+00 7.500000e-01 0.000000e+00 -1.075380e-16 1.846692e-15 0.000000e+00
2.000000e+00 1.000000e+00 0.000000e+00 -1.960808e-16 1.257856e-15 0.000000e+00
2.000000e+00 1.250000e+00 0.000000e+00 -1.835046e-16 7.198219e-16 0.000000e+00
2.000000e+00 1.500000e+00 0.000000e+00 -1.207992e-16 3.416255e-16 0.000000e+00
2.000000e+00 1.750000e+00 0.000000e+00 -5.993131e-17 1.327016e-16 0.000000e+00
2.000000e+00 2.000000e+00 0.000000e+00 -2.282445e-17 4.151299e-17 0.000000e+00
2.000000e+00 2.250000e+00 0.000000e+00 -6.643557e-18 1.023063e-17 0.000000e+00
2.000000e+00 2.500000e+00 0.000000e+00 -1.446986e-18 1.926426e-18 0.000000e+00
2.250000e+00 -2.500000e+00 0.000000e+00 2.162488e-19 1.412376e-19 0.000000e+00
2.250000e+00 -2.250000e+00 0.000000e+00 1.327700e-18 1.024205e-18 0.000000e+00
2.250000e+00 -2.000000e+00 0.000000e+00 5.610945e-18 5.161677e-18 0.000000e+00
2.250000e+00 -1.750000e+00 0.000000e+00 1.716912e-17 1.906982e-17 0.000000e+00
2.250000e+00 -1.500000e+00 0.000000e+00 3.959245e-17 5.387535e-17 0.000000e+00
2.250000e+00 -1.250000e+00 0.000000e+00 7.123829e-17 1.205960e-16 0.000000e+00
2.250000e+00 -1.000000e+00 0.000000e+00 1.037505e-16 2.211907e-16 0.000000e+00
2.250000e+00 -7.500000e-01 0.000000e+00 1.279011e-16 3.442823e-16 0.000000e+00
2.250000e+00 -5.000000e-01 0.000000e+00 1.400561e-16 4.713146e-16 0.000000e+00
2.250000e+00 -2.500000e-01 0.000000e+00 1.396266e-16 5.842032e-16 0.000000e+00
2.250000e+00 0.000000e+00 0.000000e+00 1.224532e-16 6.630920e-16 0.000000e+00
2.250000e+00 2.500000e-01 0.000000e+00 8.425513e-17 6.822189e-16 0.000000e+00
2.250000e+00 5.000000e-01 0.000000e+00 3.224849e-17 6.216279e-16 0.000000e+00
2.250000e+00 7.500000e-01 0.000000e+00 -1.380441e-17 4.893832e-16 0.000000e+00
2.250000e+00 1.000000e+00 0.000000e+00 -3.687312e-17 3.261734e-16 0.000000e+00
2.250000e+00 1.250000e+00 0.000000e+00 -3.616608e-17 1.811949e-16 0.000000e+00
2.250000e+00 1.500000e+00 0.000000e+00 -2.370155e-17 8.280824e-17 0.000000e+00
2.250000e+00 1.750000e+00 0.000000e+00 -1.145080e-17 3.072184e-17 0.000000e+00
2.250000e+00 2.000000e+00 0.000000e+00 -4.185940e-18 9.099308e-18 0.000000e+00
2.250000e+00 2.250000e+00 0.000000e+00 -1.155207e-18 2.102179e-18 0.000000e+00
2.250000e+00 2.500000e+00 0.000000e+00 -2.357395e-19 3.670674e-19 0.000000e+00
2.500000e+00 -2.500000e+00 0.000000e+00 2.947754e-20 2.198230e-20 0.000000e+00
2.500000e+00 -2.250000e+00 0.000000e+00 1.958638e-19 1.715123e-19 0.000000e+00
2.500000e+00 -2.000000e+00 0.000000e+00 8.891178e-19 9.237931e-19 0.000000e+00
2.500000e+00 -1.750000e+00 0.000000e+00 2.877870e-18 3.591708e-18 0.000000e+00
2.500000e+00 -1.500000e+00 0.000000e+00 6.918019e-18 1.052236e-17 0.000000e+00
2.500000e+00 -1.250000e+00 0.000000e+00 1.280186e-17 2.410231e-17 0.000000e+00
2.500000e+00 -1.000000e+00 0.000000e+00 1.893198e-17 4.469634e-17 0.000000e+00
2.500000e+00 -7.500000e-01 0.000000e+00 2.343979e-17 6.961056e-17 0.000000e+00
2.500000e+00 -5.000000e-01 0.000000e+00 2.564843e-17 9.464573e-17 0.000000e+00
2.500000e+00 -2.500000e-01 0.000000e+00 2.568810e-17 1.161408e-16 0.000000e+00
2.500000e+00 0.000000e+00 0.000000e+00 2.297812e-17 1.304913e-16 0.000000e+00
2.500000e+00 2.500000e-01 0.000000e+00 1.661011e-17 1.328484e-16 0.000000e+00
2.500000e+00 5.000000e-01 0.000000e+00 7.629308e-18 1.193882e-16 0.000000e+00
2.500000e+00 7.500000e-01 0.000000e+00 -5.219874e-19 9.210449e-17 0.000000e+00
2.500000e+00 1.000000e+00 0.000000e+00 -4.782427e-18 5.964350e-17 0.000000e+00
2.500000e+00 1.250000e+00 0.000000e+00 -4.995789e-18 3.188276e-17 0.000000e+00
2.500000e+00 1.500000e+00 0.000000e+00 -3.242310e-18 1.388025e-17 0.000000e+00
2.500000e+00 1.750000e+00 0.000000e+00 -1.508813e-18 4.855234e-18 0.000000e+00
2.500000e+00 2.000000e+00 0.000000e+00 -5.223742e-19 1.341700e-18 0.000000e+00
2.500000e+00 2.250000e+00 0.000000e+00 -1.349013e-19 2.863899e-19 0.000000e+00
2.500000e+00 2.500000e+00 0.000000e+00 -2.566893e-20 4.608963e-20 0.000000e+00
