-4.824830e+00 1.311874e+00 0.000000e+00 -5.000000e+00 5.126676e-26 -1.384140e-26 4.321096e-27 5.310240e-26
-4.728334e+00 1.285637e+00 0.000000e+00 -4.900000e+00 1.517732e-25 -4.081524e-26 1.759096e-26 1.571655e-25
-4.631837e+00 1.259399e+00 0.000000e+00 -4.800000e+00 4.192607e-25 -1.123513e-25 6.530974e-26 4.340534e-25
-4.535340e+00 1.233162e+00 0.000000e+00 -4.700000e+00 1.074402e-24 -2.870480e-25 2.208237e-25 1.112086e-24
-4.438844e+00 1.206924e+00 0.000000e+00 -4.600000e+00 2.535624e-24 -6.758516e-25 6.780686e-25 2.624150e-24
-4.342347e+00 1.180687e+00 0.000000e+00 -4.500000e+00 5.462158e-24 -1.453693e-24 1.882037e-24 5.652291e-24
-4.245851e+00 1.154449e+00 0.000000e+00 -4.400000e+00 1.062879e-23 -2.827436e-24 4.687693e-24 1.099844e-23
-4.149354e+00 1.128212e+00 0.000000e+00 -4.300000e+00 1.849986e-23 -4.924819e-24 1.036365e-23 1.914415e-23
-4.052857e+00 1.101974e+00 0.000000e+00 -4.200000e+00 2.879616e-23 -7.675503e-24 2.000685e-23 2.980155e-23
-3.956361e+00 1.075737e+00 0.000000e+00 -4.100000e+00 4.175836e-23 -1.110812e-23 3.293048e-23 4.321054e-23
-3.859864e+00 1.049499e+00 0.000000e+00 -4.000000e+00 6.518350e-23 -1.707873e-23 4.486885e-23 6.738376e-23
-3.763368e+00 1.023262e+00 0.000000e+00 -3.900000e+00 1.322271e-22 -3.367356e-23 5.075731e-23 1.364474e-22
-3.666871e+00 9.970244e-01 0.000000e+00 -3.800000e+00 3.305366e-22 -8.247126e-23 6.177499e-23 3.406699e-22
-3.570374e+00 9.707870e-01 0.000000e+00 -3.700000e+00 8.503827e-22 -2.109329e-22 1.398310e-22 8.761526e-22
-3.473878e+00 9.445495e-01 0.000000e+00 -3.600000e+00 2.210985e-21 -5.510851e-22 4.077167e-22 2.278628e-21
-3.377381e+00 9.183120e-01 0.000000e+00 -3.500000e+00 6.635283e-21 -1.670482e-21 9.114916e-22 6.842330e-21
-3.280884e+00 8.920745e-01 0.000000e+00 -3.400000e+00 2.446389e-20 -6.192783e-21 1.330179e-21 2.523554e-20
-3.184388e+00 8.658370e-01 0.000000e+00 -3.300000e+00 9.774102e-20 -2.471672e-20 1.887886e-21 1.008178e-19
-3.087891e+00 8.395995e-01 0.000000e+00 -3.200000e+00 3.723263e-19 -9.382114e-20 1.241323e-20 3.839652e-19
-2.991395e+00 8.133620e-01 0.000000e+00 -3.100000e+00 1.287655e-18 -3.232487e-19 9.285056e-20 1.327608e-18
-2.894898e+00 7.871246e-01 0.000000e+00 -3.000000e+00 4.015553e-18 -1.004624e-18 4.870779e-19 4.139316e-18
-2.798401e+00 7.608871e-01 0.000000e+00 -2.900000e+00 1.136274e-17 -2.834331e-18 1.987979e-18 1.171091e-17
-2.701905e+00 7.346496e-01 0.000000e+00 -2.800000e+00 2.943143e-17 -7.322400e-18 6.797942e-18 3.032865e-17
-2.605408e+00 7.084121e-01 0.000000e+00 -2.700000e+00 7.035501e-17 -1.746432e-17 2.032414e-17 7.249021e-17
-2.508912e+00 6.821746e-01 0.000000e+00 -2.600000e+00 1.563093e-16 -3.872367e-17 5.453540e-17 1.610346e-16
-2.412415e+00 6.559371e-01 0.000000e+00 -2.500000e+00 3.246675e-16 -8.029198e-17 1.336240e-16 3.344485e-16
-2.315918e+00 6.296996e-01 0.000000e+00 -2.400000e+00 6.335660e-16 -1.564469e-16 3.026343e-16 6.525960e-16
-2.219422e+00 6.034622e-01 0.000000e+00 -2.300000e+00 1.166419e-15 -2.876510e-16 6.392836e-16 1.201364e-15
-2.122925e+00 5.772247e-01 0.000000e+00 -2.200000e+00 2.033127e-15 -5.008468e-16 1.268357e-15 2.093909e-15
-2.026429e+00 5.509872e-01 0.000000e+00 -2.100000e+00 3.365510e-15 -8.283453e-16 2.376769e-15 3.465951e-15
-1.929932e+00 5.247497e-01 0.000000e+00 -2.000000e+00 5.304804e-15 -1.304787e-15 4.226004e-15 5.462913e-15
-1.833435e+00 4.985122e-01 0.000000e+00 -1.900000e+00 7.980439e-15 -1.961992e-15 7.157513e-15 8.218079e-15
-1.736939e+00 4.722747e-01 0.000000e+00 -1.800000e+00 1.148182e-14 -2.822085e-15 1.158629e-14 1.182355e-14
-1.640442e+00 4.460373e-01 0.000000e+00 -1.700000e+00 1.582714e-14 -3.889900e-15 1.797880e-14 1.629815e-14
-1.543946e+00 4.197998e-01 0.000000e+00 -1.600000e+00 2.093548e-14 -5.146126e-15 2.681396e-14 2.155868e-14
-1.447449e+00 3.935623e-01 0.000000e+00 -1.500000e+00 2.661044e-14 -6.543255e-15 3.852898e-14 2.740310e-14
-1.350952e+00 3.673248e-01 0.000000e+00 -1.400000e+00 3.254102e-14 -8.005647e-15 5.345626e-14 3.351132e-14
-1.254456e+00 3.410873e-01 0.000000e+00 -1.300000e+00 3.832373e-14 -9.434770e-15 7.176040e-14 3.946801e-14
-1.157959e+00 3.148498e-01 0.000000e+00 -1.200000e+00 4.350470e-14 -1.071932e-14 9.338643e-14 4.480583e-14
-1.061463e+00 2.886123e-01 0.000000e+00 -1.100000e+00 4.763553e-14 -1.174879e-14 1.180292e-13 4.906300e-14
-9.649660e-01 2.623749e-01 0.000000e+00 -1.000000e+00 5.033284e-14 -1.242794e-14 1.451309e-13 5.184446e-14
-8.684694e-01 2.361374e-01 0.000000e+00 -9.000000e-01 5.132919e-14 -1.268947e-14 1.739090e-13 5.287446e-14
-7.719728e-01 2.098999e-01 0.000000e+00 -8.000000e-01 5.050516e-14 -1.250201e-14 2.034097e-13 5.202952e-14
-6.754762e-01 1.836624e-01 0.000000e+00 -7.000000e-01 4.789582e-14 -1.187203e-14 2.325803e-13 4.934525e-14
-5.789796e-01 1.574249e-01 0.000000e+00 -6.000000e-01 4.367119e-14 -1.083942e-14 2.603466e-13 4.499629e-14
-4.824830e-01 1.311874e-01 0.000000e+00 -5.000000e-01 3.809643e-14 -9.468001e-15 2.856854e-13 3.925533e-14
-3.859864e-01 1.049499e-01 0.000000e+00 -4.000000e-01 3.148055e-14 -7.833051e-15 3.076850e-13 3.244043e-14
-2.894898e-01 7.871246e-02 0.000000e+00 -3.000000e-01 2.412848e-14 -6.009785e-15 3.255818e-13 2.486566e-14
-1.929932e-01 5.247497e-02 0.000000e+00 -2.000000e-01 1.630363e-14 -4.063986e-15 3.387821e-13 1.680251e-14
-9.649660e-02 2.623749e-02 0.000000e+00 -1.000000e-01 8.210735e-15 -2.047688e-15 3.468671e-13 8.462221e-15
-9.909779e-16 2.694475e-16 0.000000e+00 -1.026956e-15 2.970403e-30 1.159182e-30 3.495894e-13 3.188573e-30
9.649660e-02 -2.623749e-02 0.000000e+00 1.000000e-01 -8.210735e-15 2.047688e-15 3.468671e-13 -8.462221e-15
1.929932e-01 -5.247497e-02 0.000000e+00 2.000000e-01 -1.630363e-14 4.063986e-15 3.387821e-13 -1.680251e-14
2.894898e-01 -7.871246e-02 0.000000e+00 3.000000e-01 -2.412848e-14 6.009785e-15 3.255818e-13 -2.486566e-14
3.859864e-01 -1.049499e-01 0.000000e+00 4.000000e-01 -3.148055e-14 7.833051e-15 3.076850e-13 -3.244043e-14
4.824830e-01 -1.311874e-01 0.000000e+00 5.000000e-01 -3.809643e-14 9.468001e-15 2.856854e-13 -3.925533e-14
5.789796e-01 -1.574249e-01 0.000000e+00 6.000000e-01 -4.367119e-14 1.083942e-14 2.603466e-13 -4.499629e-14
6.754762e-01 -1.836624e-01 0.000000e+00 7.000000e-01 -4.789582e-14 1.187203e-14 2.325803e-13 -4.934525e-14
7.719728e-01 -2.098999e-01 0.000000e+00 8.000000e-01 -5.050516e-14 1.250201e-14 2.034097e-13 -5.202952e-14
8.684694e-01 -2.361374e-01 0.000000e+00 9.000000e-01 -5.132919e-14 1.268947e-14 1.739090e-13 -5.287446e-14
9.649660e-01 -2.623749e-01 0.000000e+00 1.000000e+00 -5.033284e-14 1.242794e-14 1.451309e-13 -5.184446e-14
1.061463e+00 -2.886123e-01 0.000000e+00 1.100000e+00 -4.763553e-14 1.174879e-14 1.180292e-13 -4.906300e-14
1.157959e+00 -3.148498e-01 0.000000e+00 1.200000e+00 -4.350470e-14 1.071932e-14 9.338643e-14 -4.480583e-14
1.254456e+00 -3.410873e-01 0.000000e+00 1.300000e+00 -3.832373e-14 9.434770e-15 7.176040e-14 -3.946801e-14
1.350952e+00 -3.673248e-01 0.000000e+00 1.400000e+00 -3.254102e-14 8.005647e-15 5.345626e-14 -3.351132e-14
1.447449e+00 -3.935623e-01 0.000000e+00 1.500000e+00 -2.661044e-14 6.543255e-15 3.852898e-14 -2.740310e-14
1.543946e+00 -4.197998e-01 0.000000e+00 1.600000e+00 -2.093548e-14 5.146126e-15 2.681396e-14 -2.155868e-14
1.640442e+00 -4.460373e-01 0.000000e+00 1.700000e+00 -1.582714e-14 3.889900e-15 1.797880e-14 -1.629815e-14
1.736939e+00 -4.722747e-01 0.000000e+00 1.800000e+00 -1.148182e-14 2.822085e-15 1.158629e-14 -1.182355e-14
1.833435e+00 -4.985122e-01 0.000000e+00 1.900000e+00 -7.980439e-15 1.961992e-15 7.157513e-15 -8.218079e-15
1.929932e+00 -5.247497e-01 0.000000e+00 2.000000e+00 -5.304804e-15 1.304787e-15 4.226004e-15 -5.462913e-15
2.026429e+00 -5.509872e-01 0.000000e+00 2.100000e+00 -3.365510e-15 8.283453e-16 2.376769e-15 -3.465951e-15
2.122925e+00 -5.772247e-01 0.000000e+00 2.200000e+00 -2.033127e-15 5.008468e-16 1.268357e-15 -2.093909e-15
2.219422e+00 -6.034622e-01 0.000000e+00 2.300000e+00 -1.166419e-15 2.876510e-16 6.392836e-16 -1.201364e-15
2.315918e+00 -6.296996e-01 0.000000e+00 2.400000e+00 -6.335660e-16 1.564469e-16 3.026343e-16 -6.525960e-16
2.412415e+00 -6.559371e-01 0.000000e+00 2.500000e+00 -3.246675e-16 8.029198e-17 1.336240e-16 -3.344485e-16
2.508912e+00 -6.821746e-01 0.000000e+00 2.600000e+00 -1.563093e-16 3.872367e-17 5.453540e-17 -1.610346e-16
2.605408e+00 -7.084121e-01 0.000000e+00 2.700000e+00 -7.035501e-17 1.746432e-17 2.032414e-17 -7.249021e-17
2.701905e+00 -7.346496e-01 0.000000e+00 2.800000e+00 -2.943143e-17 7.322400e-18 6.797942e-18 -3.032865e-17
2.798401e+00 -7.608871e-01 0.000000e+00 2.900000e+00 -1.136274e-17 2.834331e-18 1.987979e-18 -1.171091e-17
2.894898e+00 -7.871246e-01 0.000000e+00 3.000000e+00 -4.015553e-18 1.004624e-18 4.870779e-19 -4.139316e-18
2.991395e+00 -8.133620e-01 0.000000e+00 3.100000e+00 -1.287655e-18 3.232487e-19 9.285056e-20 -1.327608e-18
3.087891e+00 -8.395995e-01 0.000000e+00 3.200000e+00 -3.723263e-19 9.382114e-20 1.241323e-20 -3.839652e-19
3.184388e+00 -8.658370e-01 0.000000e+00 3.300000e+00 -9.774102e-20 2.471672e-20 1.887886e-21 -1.008178e-19
3.280884e+00 -8.920745e-01 0.000000e+00 3.400000e+00 -2.446389e-20 6.192783e-21 1.330179e-21 -2.523554e-20
3.377381e+00 -9.183120e-01 0.000000e+00 3.500000e+00 -6.635283e-21 1.670482e-21 9.114916e-22 -6.842330e-21
3.473878e+00 -9.445495e-01 0.000000e+00 3.600000e+00 -2.210985e-21 5.510851e-22 4.077167e-22 -2.278628e-21
3.570374e+00 -9.707870e-01 0.000000e+00 3.700000e+00 -8.503827e-22 2.109329e-22 1.398310e-22 -8.761526e-22
3.666871e+00 -9.970244e-01 0.000000e+00 3.800000e+00 -3.305366e-22 8.247126e-23 6.177499e-23 -3.406699e-22
3.763368e+00 -1.023262e+00 0.000000e+00 3.900000e+00 -1.322271e-22 3.367356e-23 5.075731e-23 -1.364474e-22
3.859864e+00 -1.049499e+00 0.000000e+00 4.000000e+00 -6.518350e-23 1.707873e-23 4.486885e-23 -6.738376e-23
3.956361e+00 -1.075737e+00 0.000000e+00 4.100000e+00 -4.175836e-23 1.110812e-23 3.293048e-23 -4.321054e-23
4.052857e+00 -1.101974e+00 0.000000e+00 4.200000e+00 -2.879616e-23 7.675503e-24 2.000685e-23 -2.980155e-23
4.149354e+00 -1.128212e+00 0.000000e+00 4.300000e+00 -1.849986e-23 4.924819e-24 1.036365e-23 -1.914415e-23
4.245851e+00 -1.154449e+00 0.000000e+00 4.400000e+00 -1.062879e-23 2.827436e-24 4.687693e-24 -1.099844e-23
4.342347e+00 -1.180687e+00 0.000000e+00 4.500000e+00 -5.462158e-24 1.453693e-24 1.882037e-24 -5.652291e-24
4.438844e+00 -1.206924e+00 0.000000e+00 4.600000e+00 -2.535624e-24 6.758516e-25 6.780686e-25 -2.624150e-24
4.535340e+00 -1.233162e+00 0.000000e+00 4.700000e+00 -1.074402e-24 2.870480e-25 2.208237e-25 -1.112086e-24
4.631837e+00 -1.259399e+00 0.000000e+00 4.800000e+00 -4.192607e-25 1.123513e-25 6.530974e-26 -4.340534e-25
4.728334e+00 -1.285637e+00 0.000000e+00 4.900000e+00 -1.517732e-25 4.081524e-26 1.759096e-26 -1.571655e-25
4.824830e+00 -1.311874e+00 0.000000e+00 5.000000e+00 -5.126676e-26 1.384140e-26 4.321096e-27 -5.310240e-26
