0.000000e+00 4.263300e-23
1.000000e+00 4.771735e-23
2.000000e+00 5.276460e-23
3.000000e+00 5.776860e-23
4.000000e+00 6.272326e-23
5.000000e+00 6.762254e-23
6.000000e+00 7.246048e-23
7.000000e+00 7.723116e-23
8.000000e+00 8.192880e-23
9.000000e+00 8.654765e-23
1.000000e+01 9.108210e-23
1.100000e+01 9.552661e-23
1.200000e+01 9.987578e-23
1.300000e+01 1.041243e-22
1.400000e+01 1.082670e-22
1.500000e+01 1.122989e-22
1.600000e+01 1.162149e-22
1.700000e+01 1.200104e-22
1.800000e+01 1.236808e-22
1.900000e+01 1.272214e-22
2.000000e+01 1.306282e-22
2.100000e+01 1.338968e-22
2.200000e+01 1.370233e-22
2.300000e+01 1.400039e-22
2.400000e+01 1.428350e-22
2.500000e+01 1.455131e-22
2.600000e+01 1.480350e-22
2.700000e+01 1.503975e-22
2.800000e+01 1.525979e-22
2.900000e+01 1.546333e-22
3.000000e+01 1.565015e-22
3.100000e+01 1.581999e-22
3.200000e+01 1.597267e-22
3.300000e+01 1.610799e-22
3.400000e+01 1.622579e-22
3.500000e+01 1.632593e-22
3.600000e+01 1.640828e-22
3.700000e+01 1.647274e-22
3.800000e+01 1.651923e-22
3.900000e+01 1.654771e-22
4.000000e+01 1.655812e-22
4.100000e+01 1.655047e-22
4.200000e+01 1.652476e-22
4.300000e+01 1.648102e-22
4.400000e+01 1.641930e-22
4.500000e+01 1.633968e-22
4.600000e+01 1.624226e-22
4.700000e+01 1.612715e-22
4.800000e+01 1.599450e-22
4.900000e+01 1.584446e-22
5.000000e+01 1.567723e-22
5.100000e+01 1.549299e-22
5.200000e+01 1.529199e-22
5.300000e+01 1.507446e-22
5.400000e+01 1.484066e-22
5.500000e+01 1.459089e-22
5.600000e+01 1.432545e-22
5.700000e+01 1.404466e-22
5.800000e+01 1.374885e-22
5.900000e+01 1.343841e-22
6.000000e+01 1.311369e-22
6.100000e+01 1.277510e-22
6.200000e+01 1.242305e-22
6.300000e+01 1.205796e-22
6.400000e+01 1.168029e-22
6.500000e+01 1.129050e-22
6.600000e+01 1.088905e-22
6.700000e+01 1.047644e-22
6.800000e+01 1.005316e-22
6.900000e+01 9.619747e-23
7.000000e+01 9.176715e-23
7.100000e+01 8.724605e-23
7.200000e+01 8.263970e-23
7.300000e+01 7.795370e-23
7.400000e+01 7.319377e-23
7.500000e+01 6.836570e-23
7.600000e+01 6.347538e-23
7.700000e+01 5.852876e-23
7.800000e+01 5.353186e-23
7.900000e+01 4.849079e-23
8.000000e+01 4.341168e-23
8.100000e+01 3.830071e-23
8.200000e+01 3.316413e-23
8.300000e+01 2.800817e-23
8.400000e+01 2.283913e-23
8.500000e+01 1.766330e-23
8.600000e+01 1.248699e-23
8.700000e+01 7.316511e-24
8.800000e+01 2.158153e-24
8.900000e+01 -2.981796e-24
9.000000e+01 -8.097073e-24
9.100000e+01 -1.318145e-23
9.200000e+01 -1.822872e-23
9.300000e+01 -2.323275e-23
9.400000e+01 -2.818743e-23
9.500000e+01 -3.308673e-23
9.600000e+01 -3.792468e-23
9.700000e+01 -4.269539e-23
9.800000e+01 -4.739304e-23
9.900000e+01 -5.201191e-23
1.000000e+02 -5.654637e-23
1.010000e+02 -6.099090e-23
1.020000e+02 -6.534009e-23
1.030000e+02 -6.958862e-23
1.040000e+02 -7.373134e-23
1.050000e+02 -7.776319e-23
1.060000e+02 -8.167925e-23
1.070000e+02 -8.547477e-23
1.080000e+02 -8.914510e-23
1.090000e+02 -9.268579e-23
1.100000e+02 -9.609252e-23
1.110000e+02 -9.936113e-23
1.120000e+02 -1.024876e-22
1.130000e+02 -1.054683e-22
1.140000e+02 -1.082993e-22
1.150000e+02 -1.109774e-22
1.160000e+02 -1.134993e-22
1.170000e+02 -1.158618e-22
1.180000e+02 -1.180621e-22
1.190000e+02 -1.200976e-22
1.200000e+02 -1.219657e-22
1.210000e+02 -1.236641e-22
1.220000e+02 -1.251909e-22
1.230000e+02 -1.265441e-22
1.240000e+02 -1.277220e-22
1.250000e+02 -1.287234e-22
1.260000e+02 -1.295468e-22
1.270000e+02 -1.301914e-22
1.280000e+02 -1.306563e-22
1.290000e+02 -1.309438e-22
1.300000e+02 -1.310479e-22
1.310000e+02 -1.309713e-22
1.320000e+02 -1.307141e-22
1.330000e+02 -1.302766e-22
1.340000e+02 -1.296594e-22
1.350000e+02 -1.288631e-22
1.360000e+02 -1.278888e-22
1.370000e+02 -1.267377e-22
1.380000e+02 -1.254111e-22
1.390000e+02 -1.239107e-22
1.400000e+02 -1.222383e-22
1.410000e+02 -1.203959e-22
1.420000e+02 -1.183858e-22
1.430000e+02 -1.162104e-22
1.440000e+02 -1.138724e-22
1.450000e+02 -1.113747e-22
1.460000e+02 -1.087202e-22
1.470000e+02 -1.059122e-22
1.480000e+02 -1.029541e-22
1.490000e+02 -9.984959e-23
1.500000e+02 -9.660237e-23
1.510000e+02 -9.321641e-23
1.520000e+02 -8.969586e-23
1.530000e+02 -8.604499e-23
1.540000e+02 -8.226824e-23
1.550000e+02 -7.837024e-23
1.560000e+02 -7.435571e-23
1.570000e+02 -7.022956e-23
1.580000e+02 -6.599681e-23
1.590000e+02 -6.166261e-23
1.600000e+02 -5.723225e-23
1.610000e+02 -5.271113e-23
1.620000e+02 -4.810476e-23
1.630000e+02 -4.341873e-23
1.640000e+02 -3.865878e-23
1.650000e+02 -3.382943e-23
1.660000e+02 -2.893912e-23
1.670000e+02 -2.399253e-23
1.680000e+02 -1.899566e-23
1.690000e+02 -1.395461e-23
1.700000e+02 -8.875518e-24
1.710000e+02 -3.764577e-24
1.720000e+02 1.371988e-24
1.730000e+02 6.527920e-24
1.740000e+02 1.169694e-23
1.750000e+02 1.687274e-23
1.760000e+02 2.204902e-23
1.770000e+02 2.721948e-23
1.780000e+02 3.237782e-23
1.790000e+02 3.751774e-23
1.800000e+02 4.263300e-23
1.810000e+02 4.771735e-23
1.820000e+02 5.276460e-23
1.830000e+02 5.776860e-23
1.840000e+02 6.272326e-23
1.850000e+02 6.762254e-23
1.860000e+02 7.246048e-23
1.870000e+02 7.723116e-23
1.880000e+02 8.192880e-23
1.890000e+02 8.654765e-23
1.900000e+02 9.108210e-23
1.910000e+02 9.552661e-23
1.920000e+02 9.987578e-23
1.930000e+02 1.041243e-22
1.940000e+02 1.082670e-22
1.950000e+02 1.122989e-22
1.960000e+02 1.162149e-22
1.970000e+02 1.200104e-22
1.980000e+02 1.236808e-22
1.990000e+02 1.272214e-22
2.000000e+02 1.306282e-22
2.010000e+02 1.338968e-22
2.020000e+02 1.370233e-22
2.030000e+02 1.400039e-22
2.040000e+02 1.428350e-22
2.050000e+02 1.455131e-22
2.060000e+02 1.480350e-22
2.070000e+02 1.503975e-22
2.080000e+02 1.525979e-22
2.090000e+02 1.546333e-22
2.100000e+02 1.565015e-22
2.110000e+02 1.581999e-22
2.120000e+02 1.597267e-22
2.130000e+02 1.610799e-22
2.140000e+02 1.622579e-22
2.150000e+02 1.632593e-22
2.160000e+02 1.640828e-22
2.170000e+02 1.647274e-22
2.180000e+02 1.651923e-22
2.190000e+02 1.654771e-22
2.200000e+02 1.655812e-22
2.210000e+02 1.655047e-22
2.220000e+02 1.652476e-22
2.230000e+02 1.648102e-22
2.240000e+02 1.641930e-22
2.250000e+02 1.633968e-22
2.260000e+02 1.624226e-22
2.270000e+02 1.612715e-22
2.280000e+02 1.599450e-22
2.290000e+02 1.584446e-22
2.300000e+02 1.567723e-22
2.310000e+02 1.549299e-22
2.320000e+02 1.529199e-22
2.330000e+02 1.507446e-22
2.340000e+02 1.484066e-22
2.350000e+02 1.459089e-22
2.360000e+02 1.432545e-22
2.370000e+02 1.404466e-22
2.380000e+02 1.374885e-22
2.390000e+02 1.343841e-22
2.400000e+02 1.311369e-22
2.410000e+02 1.277510e-22
2.420000e+02 1.242305e-22
2.430000e+02 1.205796e-22
2.440000e+02 1.168029e-22
2.450000e+02 1.129050e-22
2.460000e+02 1.088905e-22
2.470000e+02 1.047644e-22
2.480000e+02 1.005316e-22
2.490000e+02 9.619747e-23
2.500000e+02 9.176715e-23
2.510000e+02 8.724605e-23
2.520000e+02 8.263970e-23
2.530000e+02 7.795370e-23
2.540000e+02 7.319377e-23
2.550000e+02 6.836570e-23
2.560000e+02 6.347538e-23
2.570000e+02 5.852876e-23
2.580000e+02 5.353186e-23
2.590000e+02 4.849079e-23
2.600000e+02 4.341168e-23
2.610000e+02 3.830071e-23
2.620000e+02 3.316413e-23
2.630000e+02 2.800817e-23
2.640000e+02 2.283913e-23
2.650000e+02 1.766330e-23
2.660000e+02 1.248699e-23
2.670000e+02 7.316511e-24
2.680000e+02 2.158153e-24
2.690000e+02 -2.981796e-24
2.700000e+02 -8.097073e-24
2.710000e+02 -1.318145e-23
2.720000e+02 -1.822872e-23
2.730000e+02 -2.323275e-23
2.740000e+02 -2.818743e-23
2.750000e+02 -3.308673e-23
2.760000e+02 -3.792468e-23
2.770000e+02 -4.269539e-23
2.780000e+02 -4.739304e-23
2.790000e+02 -5.201191e-23
2.800000e+02 -5.654637e-23
2.810000e+02 -6.099090e-23
2.820000e+02 -6.534009e-23
2.830000e+02 -6.958862e-23
2.840000e+02 -7.373134e-23
2.850000e+02 -7.776319e-23
2.860000e+02 -8.167925e-23
2.870000e+02 -8.547477e-23
2.880000e+02 -8.914510e-23
2.890000e+02 -9.268579e-23
2.900000e+02 -9.609252e-23
2.910000e+02 -9.936113e-23
2.920000e+02 -1.024876e-22
2.930000e+02 -1.054683e-22
2.940000e+02 -1.082993e-22
2.950000e+02 -1.109774e-22
2.960000e+02 -1.134993e-22
2.970000e+02 -1.158618e-22
2.980000e+02 -1.180621e-22
2.990000e+02 -1.200976e-22
3.000000e+02 -1.219657e-22
3.010000e+02 -1.236641e-22
3.020000e+02 -1.251909e-22
3.030000e+02 -1.265441e-22
3.040000e+02 -1.277220e-22
3.050000e+02 -1.287234e-22
3.060000e+02 -1.295468e-22
3.070000e+02 -1.301914e-22
3.080000e+02 -1.306563e-22
3.090000e+02 -1.309438e-22
3.100000e+02 -1.310479e-22
3.110000e+02 -1.309713e-22
3.120000e+02 -1.307141e-22
3.130000e+02 -1.302766e-22
3.140000e+02 -1.296594e-22
3.150000e+02 -1.288631e-22
3.160000e+02 -1.278888e-22
3.170000e+02 -1.267377e-22
3.180000e+02 -1.254111e-22
3.190000e+02 -1.239107e-22
3.200000e+02 -1.222383e-22
3.210000e+02 -1.203959e-22
3.220000e+02 -1.183858e-22
3.230000e+02 -1.162104e-22
3.240000e+02 -1.138724e-22
3.250000e+02 -1.113747e-22
3.260000e+02 -1.087202e-22
3.270000e+02 -1.059122e-22
3.280000e+02 -1.029541e-22
3.290000e+02 -9.984959e-23
3.300000e+02 -9.660237e-23
3.310000e+02 -9.321641e-23
3.320000e+02 -8.969586e-23
3.330000e+02 -8.604499e-23
3.340000e+02 -8.226824e-23
3.350000e+02 -7.837024e-23
3.360000e+02 -7.435571e-23
3.370000e+02 -7.022956e-23
3.380000e+02 -6.599681e-23
3.390000e+02 -6.166261e-23
3.400000e+02 -5.723225e-23
3.410000e+02 -5.271113e-23
3.420000e+02 -4.810476e-23
3.430000e+02 -4.341873e-23
3.440000e+02 -3.865878e-23
3.450000e+02 -3.382943e-23
3.460000e+02 -2.893912e-23
3.470000e+02 -2.399253e-23
3.480000e+02 -1.899566e-23
3.490000e+02 -1.395461e-23
3.500000e+02 -8.875518e-24
3.510000e+02 -3.764577e-24
3.520000e+02 1.371988e-24
3.530000e+02 6.527920e-24
3.540000e+02 1.169694e-23
3.550000e+02 1.687274e-23
3.560000e+02 2.204902e-23
3.570000e+02 2.721948e-23
3.580000e+02 3.237782e-23
3.590000e+02 3.751774e-23
3.600000e+02 4.263300e-23
