5.028820e-21 2.399642e-20 9.674389e-20 3.378399e-19 1.029601e-18 2.728858e-18 6.239149e-18 1.218253e-17 2.009474e-17 2.770915e-17 3.168043e-17 2.990737e-17 2.333522e-17 1.513717e-17 8.240180e-18 3.806244e-18 1.508834e-18 5.185513e-19 1.555377e-19 4.062596e-20 9.069759e-21
2.052327e-20 9.684958e-20 3.985783e-19 1.449173e-18 4.640478e-18 1.295224e-17 3.106842e-17 6.307100e-17 1.069166e-16 1.498220e-16 1.723717e-16 1.622663e-16 1.250321e-16 7.921000e-17 4.161552e-17 1.836513e-17 6.917316e-18 2.260298e-18 6.490947e-19 1.649115e-19 3.684092e-20
6.936423e-20 3.331884e-19 1.431170e-18 5.502391e-18 1.872212e-17 5.528371e-17 1.384239e-16 2.884471e-16 4.949689e-16 6.963247e-16 8.015949e-16 7.541867e-16 5.794802e-16 3.637559e-16 1.871481e-16 7.960955e-17 2.847649e-17 8.769745e-18 2.378519e-18 5.764652e-19 1.253431e-19
1.979941e-19 9.878189e-19 4.485322e-18 1.837917e-17 6.643065e-17 2.049042e-16 5.239045e-16 1.093909e-15 1.861315e-15 2.591843e-15 2.967289e-15 2.797684e-15 2.167771e-15 1.373845e-15 7.088331e-16 2.977452e-16 1.029196e-16 3.002264e-17 7.646409e-18 1.747977e-18 3.633732e-19
4.806571e-19 2.517406e-18 1.214432e-17 5.292074e-17 2.001691e-16 6.291674e-16 1.600107e-15 3.272843e-15 5.426643e-15 7.393427e-15 8.376059e-15 7.931346e-15 6.254942e-15 4.065089e-15 2.148460e-15 9.143369e-16 3.136107e-16 8.837234e-17 2.127243e-17 4.570088e-18 9.002050e-19
9.875451e-19 5.445928e-18 2.785470e-17 1.274899e-16 4.935013e-16 1.543621e-15 3.828001e-15 7.550724e-15 1.205025e-14 1.592131e-14 1.777619e-14 1.693467e-14 1.369104e-14 9.227642e-15 5.068839e-15 2.225870e-15 7.747263e-16 2.159139e-16 4.994707e-17 1.013532e-17 1.888439e-18
1.690799e-18 9.793810e-18 5.267071e-17 2.489000e-16 9.670862e-16 2.964565e-15 7.090867e-15 1.337122e-14 2.037337e-14 2.592016e-14 2.841507e-14 2.727799e-14 2.274398e-14 1.602239e-14 9.223419e-15 4.219213e-15 1.509613e-15 4.234852e-16 9.590664e-17 1.859865e-17 3.291469e-18
2.346236e-18 1.418356e-17 7.925158e-17 3.808396e-16 1.468315e-15 4.384556e-15 1.008626e-14 1.813868e-14 2.628321e-14 3.203241e-14 3.436417e-14 3.329194e-14 2.876688e-14 2.127629e-14 1.286795e-14 6.143463e-15 2.268317e-15 6.460120e-16 1.452105e-16 2.728226e-17 4.624801e-18
2.503029e-18 1.564428e-17 8.971078e-17 4.340388e-16 1.654328e-15 4.818996e-15 1.070473e-14 1.843592e-14 2.545699e-14 2.969174e-14 3.112158e-14 3.045277e-14 2.731483e-14 2.118948e-14 1.341111e-14 6.649447e-15 2.524884e-15 7.305469e-16 1.641227e-16 3.022541e-17 4.961166e-18
1.783108e-18 1.139459e-17 6.634959e-17 3.216441e-16 1.214353e-15 3.474584e-15 7.527650e-15 1.255736e-14 1.670031e-14 1.877741e-14 1.928388e-14 1.903971e-14 1.763347e-14 1.420965e-14 9.301242e-15 4.734805e-15 1.831790e-15 5.355487e-16 1.203290e-16 2.188928e-17 3.517703e-18
2.814375e-19 1.827381e-18 1.075073e-17 5.225351e-17 1.968150e-16 5.599187e-16 1.201528e-15 1.973320e-15 2.561621e-15 2.795298e-15 2.815863e-15 2.806714e-15 2.677491e-15 2.217473e-15 1.472988e-15 7.511094e-16 2.879113e-16 8.262217e-17 1.808649e-17 3.195335e-18 5.004397e-19
-1.354859e-18 -8.678532e-18 -5.060944e-17 -2.451411e-16 -9.226160e-16 -2.627063e-15 -5.658106e-15 -9.382785e-15 -1.242097e-14 -1.393516e-14 -1.430688e-14 -1.412603e-14 -1.309167e-14 -1.058232e-14 -6.968758e-15 -3.576847e-15 -1.397001e-15 -4.124316e-16 -9.346317e-17 -1.709369e-17 -2.751131e-18
-2.373816e-18 -1.496327e-17 -8.632430e-17 -4.178815e-16 -1.585883e-15 -4.584263e-15 -1.008137e-14 -1.716140e-14 -2.341383e-14 -2.703210e-14 -2.819143e-14 -2.764802e-14 -2.500312e-14 -1.960864e-14 -1.255007e-14 -6.285993e-15 -2.406741e-15 -7.002686e-16 -1.575911e-16 -2.893377e-17 -4.719675e-18
-2.476893e-18 -1.516831e-17 -8.564397e-17 -4.127819e-16 -1.584645e-15 -4.688012e-15 -1.064750e-14 -1.886057e-14 -2.689648e-14 -3.233033e-14 -3.443814e-14 -3.345760e-14 -2.923696e-14 -2.195168e-14 -1.347495e-14 -6.513302e-15 -2.425533e-15 -6.932253e-16 -1.553802e-16 -2.892586e-17 -4.846229e-18
-1.926460e-18 -1.133888e-17 -6.189541e-17 -2.946032e-16 -1.142351e-15 -3.470894e-15 -8.190610e-15 -1.519067e-14 -2.273725e-14 -2.848235e-14 -3.096675e-14 -2.980313e-14 -2.515633e-14 -1.802936e-14 -1.055839e-14 -4.896631e-15 -1.766231e-15 -4.957842e-16 -1.113702e-16 -2.127230e-17 -3.704070e-18
-1.196946e-18 -6.717670e-18 -3.500356e-17 -1.623004e-16 -6.302258e-16 -1.960211e-15 -4.803119e-15 -9.319912e-15 -1.460137e-14 -1.897510e-14 -2.098944e-14 -2.003228e-14 -1.639678e-14 -1.125398e-14 -6.295761e-15 -2.802947e-15 -9.815090e-16 -2.724559e-16 -6.212368e-17 -1.235039e-17 -2.256875e-18
-6.144986e-19 -3.275182e-18 -1.612568e-17 -7.158951e-17 -2.736969e-16 -8.608991e-16 -2.172025e-15 -4.378179e-15 -7.127497e-15 -9.543686e-15 -1.069991e-14 -1.013994e-14 -8.091546e-15 -5.354356e-15 -2.880624e-15 -1.240541e-15 -4.262804e-16 -1.188995e-16 -2.804222e-17 -5.882825e-18 -1.134863e-18
-2.657365e-19 -1.346469e-18 -6.236840e-18 -2.611313e-17 -9.609504e-17 -2.991185e-16 -7.636429e-16 -1.577086e-15 -2.637990e-15 -3.609188e-15 -4.084918e-15 -3.849341e-15 -3.013582e-15 -1.941209e-15 -1.016770e-15 -4.302686e-16 -1.480916e-16 -4.250488e-17 -1.057445e-17 -2.360488e-18 -4.810628e-19
-9.763037e-20 -4.741074e-19 -2.071914e-18 -8.131776e-18 -2.825300e-17 -8.475495e-17 -2.134372e-16 -4.422368e-16 -7.480690e-16 -1.034780e-15 -1.176879e-15 -1.104750e-15 -8.552813e-16 -5.435694e-16 -2.824351e-16 -1.202978e-16 -4.261851e-17 -1.288804e-17 -3.420877e-18 -8.123750e-19 -1.738871e-19
-3.038031e-20 -1.438617e-19 -5.992694e-19 -2.215559e-18 -7.225156e-18 -2.049619e-17 -4.962038e-17 -1.006095e-16 -1.687233e-16 -2.329144e-16 -2.647495e-16 -2.481839e-16 -1.919602e-16 -1.224872e-16 -6.463339e-17 -2.844789e-17 -1.060979e-17 -3.417086e-18 -9.658089e-19 -2.419220e-19 -5.361551e-20
-7.879505e-21 -3.737706e-20 -1.512530e-19 -5.336740e-19 -1.646885e-18 -4.413249e-18 -1.015273e-17 -1.979576e-17 -3.235594e-17 -4.403543e-17 -4.977680e-17 -4.673710e-17 -3.649679e-17 -2.376335e-17 -1.296721e-17 -5.981566e-18 -2.358662e-18 -8.041106e-19 -2.391327e-19 -6.214670e-20 -1.391508e-20
