-5.275838e-21 -2.275106e-20 -8.196750e-20 -2.522667e-19 -6.654071e-19 -1.489420e-18 -2.775931e-18 -4.176707e-18 -4.793144e-18 -3.639691e-18 -6.921369e-19 2.641422e-18 4.601931e-18 4.596963e-18 3.360294e-18 1.941940e-18 9.226157e-19 3.691582e-19 1.262410e-19 3.700715e-20 9.159177e-21
-2.400415e-20 -1.024629e-19 -3.771363e-19 -1.208791e-18 -3.349583e-18 -7.893986e-18 -1.543552e-17 -2.415580e-17 -2.851451e-17 -2.203306e-17 -4.230885e-18 1.605012e-17 2.761899e-17 2.692251e-17 1.897169e-17 1.046399e-17 4.720232e-18 1.794707e-18 5.872298e-19 1.672875e-19 4.138882e-20
-9.175815e-20 -3.990191e-19 -1.533071e-18 -5.193675e-18 -1.528270e-17 -3.807216e-17 -7.762485e-17 -1.245570e-16 -1.487289e-16 -1.153497e-16 -2.213724e-17 8.417222e-17 1.444585e-16 1.395522e-16 9.630456e-17 5.120159e-17 2.193539e-17 7.861407e-18 2.429964e-18 6.604434e-19 1.589795e-19
-3.012795e-19 -1.361048e-18 -5.524799e-18 -1.993321e-17 -6.224954e-17 -1.617556e-16 -3.361108e-16 -5.392362e-16 -6.372549e-16 -4.885347e-16 -9.284357e-17 3.560619e-16 6.163216e-16 6.016312e-16 4.168115e-16 2.190580e-16 9.077451e-17 3.084029e-17 8.959102e-18 2.298971e-18 5.294170e-19
-8.587320e-19 -4.070626e-18 -1.754172e-17 -6.724934e-17 -2.195073e-16 -5.801552e-16 -1.195932e-15 -1.873609e-15 -2.150948e-15 -1.609228e-15 -3.005623e-16 1.168657e-15 2.059733e-15 2.065662e-15 1.469321e-15 7.840741e-16 3.229683e-16 1.061405e-16 2.917467e-17 7.044126e-18 1.538946e-18
-2.127349e-18 -1.061070e-17 -4.844372e-17 -1.948818e-16 -6.500523e-16 -1.705777e-15 -3.416820e-15 -5.138860e-15 -5.650733e-15 -4.082109e-15 -7.438555e-16 2.948903e-15 5.334786e-15 5.567970e-15 4.133148e-15 2.284085e-15 9.573509e-16 3.117667e-16 8.246516e-17 1.882772e-17 3.895380e-18
-4.559856e-18 -2.387384e-17 -1.145203e-16 -4.751552e-16 -1.588179e-15 -4.072500e-15 -7.832437e-15 -1.119134e-14 -1.166397e-14 -8.057763e-15 -1.421520e-15 5.781438e-15 1.081890e-14 1.187347e-14 9.294833e-15 5.379132e-15 2.326557e-15 7.645553e-16 1.983137e-16 4.331935e-17 8.520328e-18
-8.397155e-18 -4.585589e-17 -2.283481e-16 -9.623042e-16 -3.185336e-15 -7.929799e-15 -1.458912e-14 -1.972445e-14 -1.935335e-14 -1.267176e-14 -2.145989e-15 9.015764e-15 1.758755e-14 2.045300e-14 1.696569e-14 1.031489e-14 4.625140e-15 1.547763e-15 3.992649e-16 8.460988e-17 1.595270e-17
-1.318630e-17 -7.439882e-17 -3.798655e-16 -1.609752e-15 -5.257093e-15 -1.272385e-14 -2.248194e-14 -2.886062e-14 -2.665212e-14 -1.645464e-14 -2.655384e-15 1.159428e-14 2.370397e-14 2.927049e-14 2.566048e-14 1.631607e-14 7.560276e-15 2.578877e-15 6.664354e-16 1.386603e-16 2.533754e-17
-1.754051e-17 -1.010878e-16 -5.235669e-16 -2.220621e-15 -7.171547e-15 -1.700342e-14 -2.917273e-14 -3.600953e-14 -3.165252e-14 -1.854142e-14 -2.853822e-15 1.294608e-14 2.763376e-14 3.588808e-14 3.283515e-14 2.157173e-14 1.023266e-14 3.540537e-15 9.179983e-16 1.891470e-16 3.389366e-17
-1.967062e-17 -1.143667e-16 -5.955984e-16 -2.525598e-15 -8.115182e-15 -1.906916e-14 -3.229789e-14 -3.916161e-14 -3.360910e-14 -1.915001e-14 -2.864987e-15 1.330842e-14 2.906381e-14 3.870428e-14 3.612088e-14 2.407263e-14 1.153177e-14 4.013167e-15 1.041888e-15 2.138262e-16 3.801130e-17
-1.855650e-17 -1.074643e-16 -5.582976e-16 -2.367904e-15 -7.627659e-15 -1.800248e-14 -3.067750e-14 -3.748918e-14 -3.248052e-14 -1.868791e-14 -2.808561e-15 1.302341e-14 2.817989e-14 3.716359e-14 3.439659e-14 2.276839e-14 1.084769e-14 3.759930e-15 9.740979e-16 2.000470e-16 3.568171e-17
-1.473661e-17 -8.393355e-17 -4.313577e-16 -1.829309e-15 -5.948326e-15 -1.427755e-14 -2.491066e-14 -3.139169e-14 -2.824896e-14 -1.691450e-14 -2.617638e-15 1.189251e-14 2.484674e-14 3.151637e-14 2.822534e-14 1.820591e-14 8.506262e-15 2.910422e-15 7.505026e-16 1.550594e-16 2.807233e-17
-9.887615e-18 -5.471967e-17 -2.753889e-16 -1.164002e-15 -3.835626e-15 -9.448365e-15 -1.709238e-14 -2.254063e-14 -2.138236e-14 -1.347747e-14 -2.158953e-15 9.582464e-15 1.915139e-14 2.303815e-14 1.966883e-14 1.219939e-14 5.532577e-15 1.857729e-15 4.770558e-16 9.994327e-17 1.858490e-17
-5.638469e-18 -3.000100e-17 -1.460736e-16 -6.104256e-16 -2.035521e-15 -5.163990e-15 -9.741887e-15 -1.351543e-14 -1.354242e-14 -8.961643e-15 -1.475444e-15 6.443051e-15 1.234765e-14 1.407389e-14 1.140136e-14 6.759905e-15 2.962336e-15 9.756823e-16 2.509702e-16 5.393028e-17 1.042069e-17
-2.752908e-18 -1.397314e-17 -6.498792e-17 -2.648352e-16 -8.857105e-16 -2.304933e-15 -4.526132e-15 -6.588099e-15 -6.932744e-15 -4.776093e-15 -7.995690e-16 3.470352e-15 6.419372e-15 6.974866e-15 5.377882e-15 3.052596e-15 1.296205e-15 4.217511e-16 1.100674e-16 2.461156e-17 4.989587e-18
-1.159391e-18 -5.591673e-18 -2.458952e-17 -9.602542e-17 -3.165172e-16 -8.338889e-16 -1.687598e-15 -2.553630e-15 -2.794425e-15 -1.984724e-15 -3.341955e-16 1.457046e-15 2.619878e-15 2.738231e-15 2.026717e-15 1.111127e-15 4.624742e-16 1.510994e-16 4.077624e-17 9.620182e-18 2.058349e-18
-4.236293e-19 -1.943173e-18 -8.043786e-18 -2.964085e-17 -9.409167e-17 -2.453829e-16 -5.023708e-16 -7.782106e-16 -8.740779e-16 -6.334327e-16 -1.060906e-16 4.698552e-16 8.269823e-16 8.407645e-16 6.055807e-16 3.260786e-16 1.358711e-16 4.566344e-17 1.299733e-17 3.262636e-18 7.372669e-19
-1.344466e-19 -5.909198e-19 -2.308548e-18 -7.974818e-18 -2.389614e-17 -6.003559e-17 -1.211418e-16 -1.880115e-16 -2.131709e-16 -1.558001e-16 -2.565609e-17 1.167436e-16 2.027053e-16 2.032824e-16 1.452599e-16 7.872370e-17 3.376186e-17 1.195591e-17 3.631365e-18 9.697199e-19 2.301779e-19
-3.679095e-20 -1.575010e-19 -5.862133e-19 -1.906651e-18 -5.356761e-18 -1.271027e-17 -2.462939e-17 -3.736956e-17 -4.195893e-17 -3.054145e-17 -4.908519e-18 2.306807e-17 3.989923e-17 4.014377e-17 2.912588e-17 1.631422e-17 7.369791e-18 2.781568e-18 9.000480e-19 2.536216e-19 6.239420e-20
-8.518506e-21 -3.647046e-20 -1.316465e-19 -4.080681e-19 -1.083112e-18 -2.422892e-18 -4.454958e-18 -6.498565e-18 -7.116492e-18 -5.108227e-18 -8.041289e-19 3.870375e-18 6.737573e-18 6.904944e-18 5.177258e-18 3.040975e-18 1.454352e-18 5.817674e-19 1.982796e-19 5.805138e-20 1.445372e-20
