0.000000e+00 6.549974e-21
1.000000e+00 9.239525e-21
2.000000e+00 1.192798e-20
3.000000e+00 1.461207e-20
4.000000e+00 1.728852e-20
5.000000e+00 1.995407e-20
6.000000e+00 2.260548e-20
7.000000e+00 2.523950e-20
8.000000e+00 2.785294e-20
9.000000e+00 3.044261e-20
1.000000e+01 3.300535e-20
1.100000e+01 3.553804e-20
1.200000e+01 3.803760e-20
1.300000e+01 4.050098e-20
1.400000e+01 4.292518e-20
1.500000e+01 4.530724e-20
1.600000e+01 4.764427e-20
1.700000e+01 4.993341e-20
1.800000e+01 5.217188e-20
1.900000e+01 5.435695e-20
2.000000e+01 5.648596e-20
2.100000e+01 5.855631e-20
2.200000e+01 6.056548e-20
2.300000e+01 6.251103e-20
2.400000e+01 6.439059e-20
2.500000e+01 6.620185e-20
2.600000e+01 6.794263e-20
2.700000e+01 6.961079e-20
2.800000e+01 7.120431e-20
2.900000e+01 7.272124e-20
3.000000e+01 7.415973e-20
3.100000e+01 7.551804e-20
3.200000e+01 7.679450e-20
3.300000e+01 7.798757e-20
3.400000e+01 7.909579e-20
3.500000e+01 8.011781e-20
3.600000e+01 8.105238e-20
3.700000e+01 8.189836e-20
3.800000e+01 8.265473e-20
3.900000e+01 8.332057e-20
4.000000e+01 8.389505e-20
4.100000e+01 8.437749e-20
4.200000e+01 8.476729e-20
4.300000e+01 8.506399e-20
4.400000e+01 8.526721e-20
4.500000e+01 8.537671e-20
4.600000e+01 8.539236e-20
4.700000e+01 8.531413e-20
4.800000e+01 8.514213e-20
4.900000e+01 8.487656e-20
5.000000e+01 8.451775e-20
5.100000e+01 8.406613e-20
5.200000e+01 8.352226e-20
5.300000e+01 8.288679e-20
5.400000e+01 8.216050e-20
5.500000e+01 8.134428e-20
5.600000e+01 8.043911e-20
5.700000e+01 7.944611e-20
5.800000e+01 7.836648e-20
5.900000e+01 7.720154e-20
6.000000e+01 7.595270e-20
6.100000e+01 7.462150e-20
6.200000e+01 7.320954e-20
6.300000e+01 7.171855e-20
6.400000e+01 7.015035e-20
6.500000e+01 6.850684e-20
6.600000e+01 6.679004e-20
6.700000e+01 6.500202e-20
6.800000e+01 6.314498e-20
6.900000e+01 6.122117e-20
7.000000e+01 5.923293e-20
7.100000e+01 5.718269e-20
7.200000e+01 5.507295e-20
7.300000e+01 5.290627e-20
7.400000e+01 5.068530e-20
7.500000e+01 4.841274e-20
7.600000e+01 4.609136e-20
7.700000e+01 4.372399e-20
7.800000e+01 4.131351e-20
7.900000e+01 3.886287e-20
8.000000e+01 3.637504e-20
8.100000e+01 3.385305e-20
8.200000e+01 3.129998e-20
8.300000e+01 2.871895e-20
8.400000e+01 2.611309e-20
8.500000e+01 2.348557e-20
8.600000e+01 2.083961e-20
8.700000e+01 1.817842e-20
8.800000e+01 1.550525e-20
8.900000e+01 1.282335e-20
9.000000e+01 1.013599e-20
9.100000e+01 7.446450e-21
9.200000e+01 4.757998e-21
9.300000e+01 2.073913e-21
9.400000e+01 -6.025352e-22
9.500000e+01 -3.268085e-21
9.600000e+01 -5.919490e-21
9.700000e+01 -8.553519e-21
9.800000e+01 -1.116696e-20
9.900000e+01 -1.375664e-20
1.000000e+02 -1.631939e-20
1.010000e+02 -1.885209e-20
1.020000e+02 -2.135166e-20
1.030000e+02 -2.381505e-20
1.040000e+02 -2.623927e-20
1.050000e+02 -2.862135e-20
1.060000e+02 -3.095840e-20
1.070000e+02 -3.324756e-20
1.080000e+02 -3.548605e-20
1.090000e+02 -3.767115e-20
1.100000e+02 -3.980018e-20
1.110000e+02 -4.187056e-20
1.120000e+02 -4.387976e-20
1.130000e+02 -4.582534e-20
1.140000e+02 -4.770492e-20
1.150000e+02 -4.951621e-20
1.160000e+02 -5.125701e-20
1.170000e+02 -5.292520e-20
1.180000e+02 -5.451875e-20
1.190000e+02 -5.603570e-20
1.200000e+02 -5.747422e-20
1.210000e+02 -5.883255e-20
1.220000e+02 -6.010904e-20
1.230000e+02 -6.130213e-20
1.240000e+02 -6.241037e-20
1.250000e+02 -6.343241e-20
1.260000e+02 -6.436699e-20
1.270000e+02 -6.521300e-20
1.280000e+02 -6.596938e-20
1.290000e+02 -6.663523e-20
1.300000e+02 -6.720973e-20
1.310000e+02 -6.769217e-20
1.320000e+02 -6.808198e-20
1.330000e+02 -6.837868e-20
1.340000e+02 -6.858190e-20
1.350000e+02 -6.869141e-20
1.360000e+02 -6.870705e-20
1.370000e+02 -6.862883e-20
1.380000e+02 -6.845682e-20
1.390000e+02 -6.819125e-20
1.400000e+02 -6.783243e-20
1.410000e+02 -6.738080e-20
1.420000e+02 -6.683692e-20
1.430000e+02 -6.620144e-20
1.440000e+02 -6.547514e-20
1.450000e+02 -6.465890e-20
1.460000e+02 -6.375372e-20
1.470000e+02 -6.276070e-20
1.480000e+02 -6.168106e-20
1.490000e+02 -6.051610e-20
1.500000e+02 -5.926725e-20
1.510000e+02 -5.793602e-20
1.520000e+02 -5.652404e-20
1.530000e+02 -5.503304e-20
1.540000e+02 -5.346482e-20
1.550000e+02 -5.182129e-20
1.560000e+02 -5.010447e-20
1.570000e+02 -4.831643e-20
1.580000e+02 -4.645937e-20
1.590000e+02 -4.453554e-20
1.600000e+02 -4.254728e-20
1.610000e+02 -4.049702e-20
1.620000e+02 -3.838726e-20
1.630000e+02 -3.622057e-20
1.640000e+02 -3.399958e-20
1.650000e+02 -3.172700e-20
1.660000e+02 -2.940560e-20
1.670000e+02 -2.703821e-20
1.680000e+02 -2.462772e-20
1.690000e+02 -2.217705e-20
1.700000e+02 -1.968920e-20
1.710000e+02 -1.716720e-20
1.720000e+02 -1.461412e-20
1.730000e+02 -1.203307e-20
1.740000e+02 -9.427191e-21
1.750000e+02 -6.799664e-21
1.760000e+02 -4.153688e-21
1.770000e+02 -1.492487e-21
1.780000e+02 1.180697e-21
1.790000e+02 3.862606e-21
1.800000e+02 6.549974e-21
1.810000e+02 9.239525e-21
1.820000e+02 1.192798e-20
1.830000e+02 1.461207e-20
1.840000e+02 1.728852e-20
1.850000e+02 1.995407e-20
1.860000e+02 2.260548e-20
1.870000e+02 2.523950e-20
1.880000e+02 2.785294e-20
1.890000e+02 3.044261e-20
1.900000e+02 3.300535e-20
1.910000e+02 3.553804e-20
1.920000e+02 3.803760e-20
1.930000e+02 4.050098e-20
1.940000e+02 4.292518e-20
1.950000e+02 4.530724e-20
1.960000e+02 4.764427e-20
1.970000e+02 4.993341e-20
1.980000e+02 5.217188e-20
1.990000e+02 5.435695e-20
2.000000e+02 5.648596e-20
2.010000e+02 5.855631e-20
2.020000e+02 6.056548e-20
2.030000e+02 6.251103e-20
2.040000e+02 6.439059e-20
2.050000e+02 6.620185e-20
2.060000e+02 6.794263e-20
2.070000e+02 6.961079e-20
2.080000e+02 7.120431e-20
2.090000e+02 7.272124e-20
2.100000e+02 7.415973e-20
2.110000e+02 7.551804e-20
2.120000e+02 7.679450e-20
2.130000e+02 7.798757e-20
2.140000e+02 7.909579e-20
2.150000e+02 8.011781e-20
2.160000e+02 8.105238e-20
2.170000e+02 8.189836e-20
2.180000e+02 8.265473e-20
2.190000e+02 8.332057e-20
2.200000e+02 8.389505e-20
2.210000e+02 8.437749e-20
2.220000e+02 8.476729e-20
2.230000e+02 8.506399e-20
2.240000e+02 8.526721e-20
2.250000e+02 8.537671e-20
2.260000e+02 8.539236e-20
2.270000e+02 8.531413e-20
2.280000e+02 8.514213e-20
2.290000e+02 8.487656e-20
2.300000e+02 8.451775e-20
2.310000e+02 8.406613e-20
2.320000e+02 8.352226e-20
2.330000e+02 8.288679e-20
2.340000e+02 8.216050e-20
2.350000e+02 8.134428e-20
2.360000e+02 8.043911e-20
2.370000e+02 7.944611e-20
2.380000e+02 7.836648e-20
2.390000e+02 7.720154e-20
2.400000e+02 7.595270e-20
2.410000e+02 7.462150e-20
2.420000e+02 7.320954e-20
2.430000e+02 7.171855e-20
2.440000e+02 7.015035e-20
2.450000e+02 6.850684e-20
2.460000e+02 6.679004e-20
2.470000e+02 6.500202e-20
2.480000e+02 6.314498e-20
2.490000e+02 6.122117e-20
2.500000e+02 5.923293e-20
2.510000e+02 5.718269e-20
2.520000e+02 5.507295e-20
2.530000e+02 5.290627e-20
2.540000e+02 5.068530e-20
2.550000e+02 4.841274e-20
2.560000e+02 4.609136e-20
2.570000e+02 4.372399e-20
2.580000e+02 4.131351e-20
2.590000e+02 3.886287e-20
2.600000e+02 3.637504e-20
2.610000e+02 3.385305e-20
2.620000e+02 3.129998e-20
2.630000e+02 2.871895e-20
2.640000e+02 2.611309e-20
2.650000e+02 2.348557e-20
2.660000e+02 2.083961e-20
2.670000e+02 1.817842e-20
2.680000e+02 1.550525e-20
2.690000e+02 1.282335e-20
2.700000e+02 1.013599e-20
2.710000e+02 7.446450e-21
2.720000e+02 4.757998e-21
2.730000e+02 2.073913e-21
2.740000e+02 -6.025352e-22
2.750000e+02 -3.268085e-21
2.760000e+02 -5.919490e-21
2.770000e+02 -8.553519e-21
2.780000e+02 -1.116696e-20
2.790000e+02 -1.375664e-20
2.800000e+02 -1.631939e-20
2.810000e+02 -1.885209e-20
2.820000e+02 -2.135166e-20
2.830000e+02 -2.381505e-20
2.840000e+02 -2.623927e-20
2.850000e+02 -2.862135e-20
2.860000e+02 -3.095840e-20
2.870000e+02 -3.324756e-20
2.880000e+02 -3.548605e-20
2.890000e+02 -3.767115e-20
2.900000e+02 -3.980018e-20
2.910000e+02 -4.187056e-20
2.920000e+02 -4.387976e-20
2.930000e+02 -4.582534e-20
2.940000e+02 -4.770492e-20
2.950000e+02 -4.951621e-20
2.960000e+02 -5.125701e-20
2.970000e+02 -5.292520e-20
2.980000e+02 -5.451875e-20
2.990000e+02 -5.603570e-20
3.000000e+02 -5.747422e-20
3.010000e+02 -5.883255e-20
3.020000e+02 -6.010904e-20
3.030000e+02 -6.130213e-20
3.040000e+02 -6.241037e-20
3.050000e+02 -6.343241e-20
3.060000e+02 -6.436699e-20
3.070000e+02 -6.521300e-20
3.080000e+02 -6.596938e-20
3.090000e+02 -6.663523e-20
3.100000e+02 -6.720973e-20
3.110000e+02 -6.769217e-20
3.120000e+02 -6.808198e-20
3.130000e+02 -6.837868e-20
3.140000e+02 -6.858190e-20
3.150000e+02 -6.869141e-20
3.160000e+02 -6.870705e-20
3.170000e+02 -6.862883e-20
3.180000e+02 -6.845682e-20
3.190000e+02 -6.819125e-20
3.200000e+02 -6.783243e-20
3.210000e+02 -6.738080e-20
3.220000e+02 -6.683692e-20
3.230000e+02 -6.620144e-20
3.240000e+02 -6.547514e-20
3.250000e+02 -6.465890e-20
3.260000e+02 -6.375372e-20
3.270000e+02 -6.276070e-20
3.280000e+02 -6.168106e-20
3.290000e+02 -6.051610e-20
3.300000e+02 -5.926725e-20
3.310000e+02 -5.793602e-20
3.320000e+02 -5.652404e-20
3.330000e+02 -5.503304e-20
3.340000e+02 -5.346482e-20
3.350000e+02 -5.182129e-20
3.360000e+02 -5.010447e-20
3.370000e+02 -4.831643e-20
3.380000e+02 -4.645937e-20
3.390000e+02 -4.453554e-20
3.400000e+02 -4.254728e-20
3.410000e+02 -4.049702e-20
3.420000e+02 -3.838726e-20
3.430000e+02 -3.622057e-20
3.440000e+02 -3.399958e-20
3.450000e+02 -3.172700e-20
3.460000e+02 -2.940560e-20
3.470000e+02 -2.703821e-20
3.480000e+02 -2.462772e-20
3.490000e+02 -2.217705e-20
3.500000e+02 -1.968920e-20
3.510000e+02 -1.716720e-20
3.520000e+02 -1.461412e-20
3.530000e+02 -1.203307e-20
3.540000e+02 -9.427191e-21
3.550000e+02 -6.799664e-21
3.560000e+02 -4.153688e-21
3.570000e+02 -1.492487e-21
3.580000e+02 1.180697e-21
3.590000e+02 3.862606e-21
3.600000e+02 6.549974e-21
