-2.500000e+00 -2.500000e+00 0.000000e+00 8.670994e-21 8.170649e-21 0.000000e+00
-2.500000e+00 -2.250000e+00 0.000000e+00 4.001110e-20 3.381114e-20 0.000000e+00
-2.500000e+00 -2.000000e+00 0.000000e+00 1.710017e-19 1.281679e-19 0.000000e+00
-2.500000e+00 -1.750000e+00 0.000000e+00 6.529394e-19 4.274639e-19 0.000000e+00
-2.500000e+00 -1.500000e+00 0.000000e+00 2.160540e-18 1.210629e-18 0.000000e+00
-2.500000e+00 -1.250000e+00 0.000000e+00 6.066651e-18 2.831551e-18 0.000000e+00
-2.500000e+00 -1.000000e+00 0.000000e+00 1.428361e-17 5.344639e-18 0.000000e+00
-2.500000e+00 -7.500000e-01 0.000000e+00 2.803988e-17 7.930231e-18 0.000000e+00
-2.500000e+00 -5.000000e-01 0.000000e+00 4.580165e-17 8.823150e-18 0.000000e+00
-2.500000e+00 -2.500000e-01 0.000000e+00 6.223178e-17 6.435322e-18 0.000000e+00
-2.500000e+00 0.000000e+00 0.000000e+00 7.034882e-17 1.035857e-18 0.000000e+00
-2.500000e+00 2.500000e-01 0.000000e+00 6.616708e-17 -4.891887e-18 0.000000e+00
-2.500000e+00 5.000000e-01 0.000000e+00 5.176571e-17 -8.442381e-18 0.000000e+00
-2.500000e+00 7.500000e-01 0.000000e+00 3.366906e-17 -8.524077e-18 0.000000e+00
-2.500000e+00 1.000000e+00 0.000000e+00 1.820106e-17 -6.269200e-18 0.000000e+00
-2.500000e+00 1.250000e+00 0.000000e+00 8.186244e-18 -3.576960e-18 0.000000e+00
-2.500000e+00 1.500000e+00 0.000000e+00 3.075645e-18 -1.631781e-18 0.000000e+00
-2.500000e+00 1.750000e+00 0.000000e+00 9.745681e-19 -6.090665e-19 0.000000e+00
-2.500000e+00 2.000000e+00 0.000000e+00 2.652269e-19 -1.909363e-19 0.000000e+00
-2.500000e+00 2.250000e+00 0.000000e+00 6.377400e-20 -5.200617e-20 0.000000e+00
-2.500000e+00 2.500000e+00 0.000000e+00 1.403727e-20 -1.281283e-20 0.000000e+00
-2.250000e+00 -2.500000e+00 0.000000e+00 3.856692e-20 4.005312e-20 0.000000e+00
-2.250000e+00 -2.250000e+00 0.000000e+00 1.984465e-19 1.851187e-19 0.000000e+00
-2.250000e+00 -2.000000e+00 0.000000e+00 9.216678e-19 7.630715e-19 0.000000e+00
-2.250000e+00 -1.750000e+00 0.000000e+00 3.712360e-18 2.685161e-18 0.000000e+00
-2.250000e+00 -1.500000e+00 0.000000e+00 1.262586e-17 7.817101e-18 0.000000e+00
-2.250000e+00 -1.250000e+00 0.000000e+00 3.577843e-17 1.845297e-17 0.000000e+00
-2.250000e+00 -1.000000e+00 0.000000e+00 8.410091e-17 3.477454e-17 0.000000e+00
-2.250000e+00 -7.500000e-01 0.000000e+00 1.640093e-16 5.125582e-17 0.000000e+00
-2.250000e+00 -5.000000e-01 0.000000e+00 2.658912e-16 5.659582e-17 0.000000e+00
-2.250000e+00 -2.500000e-01 0.000000e+00 3.591792e-16 4.103919e-17 0.000000e+00
-2.250000e+00 0.000000e+00 0.000000e+00 4.049840e-16 6.594312e-18 0.000000e+00
-2.250000e+00 2.500000e-01 0.000000e+00 3.813924e-16 -3.114260e-17 0.000000e+00
-2.250000e+00 5.000000e-01 0.000000e+00 2.998317e-16 -5.401405e-17 0.000000e+00
-2.250000e+00 7.500000e-01 0.000000e+00 1.964410e-16 -5.493884e-17 0.000000e+00
-2.250000e+00 1.000000e+00 0.000000e+00 1.069982e-16 -4.071187e-17 0.000000e+00
-2.250000e+00 1.250000e+00 0.000000e+00 4.833101e-17 -2.332646e-17 0.000000e+00
-2.250000e+00 1.500000e+00 0.000000e+00 1.808154e-17 -1.059491e-17 0.000000e+00
-2.250000e+00 1.750000e+00 0.000000e+00 5.615819e-18 -3.875829e-18 0.000000e+00
-2.250000e+00 2.000000e+00 0.000000e+00 1.462251e-18 -1.162530e-18 0.000000e+00
-2.250000e+00 2.250000e+00 0.000000e+00 3.264046e-19 -2.939265e-19 0.000000e+00
-2.250000e+00 2.500000e+00 0.000000e+00 6.481404e-20 -6.527401e-20 0.000000e+00
-2.000000e+00 -2.500000e+00 0.000000e+00 1.585639e-19 1.836997e-19 0.000000e+00
-2.000000e+00 -2.250000e+00 0.000000e+00 8.848965e-19 9.216337e-19 0.000000e+00
-2.000000e+00 -2.000000e+00 0.000000e+00 4.311852e-18 3.987789e-18 0.000000e+00
-2.000000e+00 -1.750000e+00 0.000000e+00 1.769468e-17 1.430231e-17 0.000000e+00
-2.000000e+00 -1.500000e+00 0.000000e+00 6.011754e-17 4.160376e-17 0.000000e+00
-2.000000e+00 -1.250000e+00 0.000000e+00 1.683510e-16 9.705597e-17 0.000000e+00
-2.000000e+00 -1.000000e+00 0.000000e+00 3.893291e-16 1.799168e-16 0.000000e+00
-2.000000e+00 -7.500000e-01 0.000000e+00 7.468259e-16 2.607767e-16 0.000000e+00
-2.000000e+00 -5.000000e-01 0.000000e+00 1.194046e-15 2.838870e-16 0.000000e+00
-2.000000e+00 -2.500000e-01 0.000000e+00 1.597764e-15 2.038608e-16 0.000000e+00
-2.000000e+00 0.000000e+00 0.000000e+00 1.794310e-15 3.260987e-17 0.000000e+00
-2.000000e+00 2.500000e-01 0.000000e+00 1.692961e-15 -1.543899e-16 0.000000e+00
-2.000000e+00 5.000000e-01 0.000000e+00 1.341060e-15 -2.698571e-16 0.000000e+00
-2.000000e+00 7.500000e-01 0.000000e+00 8.896854e-16 -2.780118e-16 0.000000e+00
-2.000000e+00 1.000000e+00 0.000000e+00 4.923891e-16 -2.093935e-16 0.000000e+00
-2.000000e+00 1.250000e+00 0.000000e+00 2.262266e-16 -1.220594e-16 0.000000e+00
-2.000000e+00 1.500000e+00 0.000000e+00 8.586072e-17 -5.624521e-17 0.000000e+00
-2.000000e+00 1.750000e+00 0.000000e+00 2.682895e-17 -2.069844e-17 0.000000e+00
-2.000000e+00 2.000000e+00 0.000000e+00 6.911682e-18 -6.141556e-18 0.000000e+00
-2.000000e+00 2.250000e+00 0.000000e+00 1.485546e-18 -1.495075e-18 0.000000e+00
-2.000000e+00 2.500000e+00 0.000000e+00 2.744123e-19 -3.088764e-19 0.000000e+00
-1.750000e+00 -2.500000e+00 0.000000e+00 5.747962e-19 7.534780e-19 0.000000e+00
-1.750000e+00 -2.250000e+00 0.000000e+00 3.365102e-18 3.968995e-18 0.000000e+00
-1.750000e+00 -2.000000e+00 0.000000e+00 1.665217e-17 1.745289e-17 0.000000e+00
-1.750000e+00 -1.750000e+00 0.000000e+00 6.790355e-17 6.223011e-17 0.000000e+00
-1.750000e+00 -1.500000e+00 0.000000e+00 2.265797e-16 1.778206e-16 0.000000e+00
-1.750000e+00 -1.250000e+00 0.000000e+00 6.201394e-16 4.053992e-16 0.000000e+00
-1.750000e+00 -1.000000e+00 0.000000e+00 1.400907e-15 7.338604e-16 0.000000e+00
-1.750000e+00 -7.500000e-01 0.000000e+00 2.631108e-15 1.041002e-15 0.000000e+00
-1.750000e+00 -5.000000e-01 0.000000e+00 4.136530e-15 1.113874e-15 0.000000e+00
-1.750000e+00 -2.500000e-01 0.000000e+00 5.473657e-15 7.906930e-16 0.000000e+00
-1.750000e+00 0.000000e+00 0.000000e+00 6.118160e-15 1.256851e-16 0.000000e+00
-1.750000e+00 2.500000e-01 0.000000e+00 5.784650e-15 -5.976925e-16 0.000000e+00
-1.750000e+00 5.000000e-01 0.000000e+00 4.622401e-15 -1.054090e-15 0.000000e+00
-1.750000e+00 7.500000e-01 0.000000e+00 3.112098e-15 -1.102655e-15 0.000000e+00
-1.750000e+00 1.000000e+00 0.000000e+00 1.756456e-15 -8.475007e-16 0.000000e+00
-1.750000e+00 1.250000e+00 0.000000e+00 8.255669e-16 -5.057229e-16 0.000000e+00
-1.750000e+00 1.500000e+00 0.000000e+00 3.207499e-16 -2.386819e-16 0.000000e+00
-1.750000e+00 1.750000e+00 0.000000e+00 1.022791e-16 -8.966394e-17 0.000000e+00
-1.750000e+00 2.000000e+00 0.000000e+00 2.664565e-17 -2.690606e-17 0.000000e+00
-1.750000e+00 2.250000e+00 0.000000e+00 5.685216e-18 -6.501702e-18 0.000000e+00
-1.750000e+00 2.500000e+00 0.000000e+00 1.011268e-18 -1.293487e-18 0.000000e+00
-1.500000e+00 -2.500000e+00 0.000000e+00 1.761226e-18 2.660972e-18 0.000000e+00
-1.500000e+00 -2.250000e+00 0.000000e+00 1.050062e-17 1.428955e-17 0.000000e+00
-1.500000e+00 -2.000000e+00 0.000000e+00 5.162036e-17 6.247407e-17 0.000000e+00
-1.500000e+00 -1.750000e+00 0.000000e+00 2.063006e-16 2.184259e-16 0.000000e+00
-1.500000e+00 -1.500000e+00 0.000000e+00 6.706128e-16 6.081199e-16 0.000000e+00
-1.500000e+00 -1.250000e+00 0.000000e+00 1.785301e-15 1.348325e-15 0.000000e+00
-1.500000e+00 -1.000000e+00 0.000000e+00 3.928005e-15 2.376350e-15 0.000000e+00
-1.500000e+00 -7.500000e-01 0.000000e+00 7.209586e-15 3.292751e-15 0.000000e+00
-1.500000e+00 -5.000000e-01 0.000000e+00 1.113191e-14 3.458632e-15 0.000000e+00
-1.500000e+00 -2.500000e-01 0.000000e+00 1.455554e-14 2.424885e-15 0.000000e+00
-1.500000e+00 0.000000e+00 0.000000e+00 1.618684e-14 3.822219e-16 0.000000e+00
-1.500000e+00 2.500000e-01 0.000000e+00 1.533579e-14 -1.830626e-15 0.000000e+00
-1.500000e+00 5.000000e-01 0.000000e+00 1.236547e-14 -3.258514e-15 0.000000e+00
-1.500000e+00 7.500000e-01 0.000000e+00 8.454219e-15 -3.464218e-15 0.000000e+00
-1.500000e+00 1.000000e+00 0.000000e+00 4.871365e-15 -2.721097e-15 0.000000e+00
-1.500000e+00 1.250000e+00 0.000000e+00 2.346664e-15 -1.666029e-15 0.000000e+00
-1.500000e+00 1.500000e+00 0.000000e+00 9.363189e-16 -8.083728e-16 0.000000e+00
-1.500000e+00 1.750000e+00 0.000000e+00 3.064603e-16 -3.119892e-16 0.000000e+00
-1.500000e+00 2.000000e+00 0.000000e+00 8.159140e-17 -9.574140e-17 0.000000e+00
-1.500000e+00 2.250000e+00 0.000000e+00 1.759921e-17 -2.339807e-17 0.000000e+00
-1.500000e+00 2.500000e+00 0.000000e+00 3.097858e-18 -4.607268e-18 0.000000e+00
-1.250000e+00 -2.500000e+00 0.000000e+00 4.415288e-18 7.886446e-18 0.000000e+00
-1.250000e+00 -2.250000e+00 0.000000e+00 2.627683e-17 4.232231e-17 0.000000e+00
-1.250000e+00 -2.000000e+00 0.000000e+00 1.268372e-16 1.818371e-16 0.000000e+00
-1.250000e+00 -1.750000e+00 0.000000e+00 4.938750e-16 6.197081e-16 0.000000e+00
-1.250000e+00 -1.500000e+00 0.000000e+00 1.559625e-15 1.676381e-15 0.000000e+00
-1.250000e+00 -1.250000e+00 0.000000e+00 4.033382e-15 3.610297e-15 0.000000e+00
-1.250000e+00 -1.000000e+00 0.000000e+00 8.637643e-15 6.191520e-15 0.000000e+00
-1.250000e+00 -7.500000e-01 0.000000e+00 1.548726e-14 8.377464e-15 0.000000e+00
-1.250000e+00 -5.000000e-01 0.000000e+00 2.347793e-14 8.635592e-15 0.000000e+00
-1.250000e+00 -2.500000e-01 0.000000e+00 3.032571e-14 5.977535e-15 0.000000e+00
-1.250000e+00 0.000000e+00 0.000000e+00 3.354446e-14 9.312817e-16 0.000000e+00
-1.250000e+00 2.500000e-01 0.000000e+00 3.183848e-14 -4.512069e-15 0.000000e+00
-1.250000e+00 5.000000e-01 0.000000e+00 2.589822e-14 -8.103552e-15 0.000000e+00
-1.250000e+00 7.500000e-01 0.000000e+00 1.797584e-14 -8.755179e-15 0.000000e+00
-1.250000e+00 1.000000e+00 0.000000e+00 1.057092e-14 -7.028132e-15 0.000000e+00
-1.250000e+00 1.250000e+00 0.000000e+00 5.217517e-15 -4.415542e-15 0.000000e+00
-1.250000e+00 1.500000e+00 0.000000e+00 2.137939e-15 -2.203665e-15 0.000000e+00
-1.250000e+00 1.750000e+00 0.000000e+00 7.189325e-16 -8.751250e-16 0.000000e+00
-1.250000e+00 2.000000e+00 0.000000e+00 1.962432e-16 -2.757174e-16 0.000000e+00
-1.250000e+00 2.250000e+00 0.000000e+00 4.313378e-17 -6.874091e-17 0.000000e+00
-1.250000e+00 2.500000e+00 0.000000e+00 7.633575e-18 -1.361979e-17 0.000000e+00
-1.000000e+00 -2.500000e+00 0.000000e+00 8.837005e-18 1.936379e-17 0.000000e+00
-1.000000e+00 -2.250000e+00 0.000000e+00 5.194325e-17 1.027477e-16 0.000000e+00
-1.000000e+00 -2.000000e+00 0.000000e+00 2.451132e-16 4.319197e-16 0.000000e+00
-1.000000e+00 -1.750000e+00 0.000000e+00 9.289170e-16 1.433404e-15 0.000000e+00
-1.000000e+00 -1.500000e+00 0.000000e+00 2.851048e-15 3.769487e-15 0.000000e+00
-1.000000e+00 -1.250000e+00 0.000000e+00 7.169324e-15 7.893700e-15 0.000000e+00
-1.000000e+00 -1.000000e+00 0.000000e+00 1.495857e-14 1.318693e-14 0.000000e+00
-1.000000e+00 -7.500000e-01 0.000000e+00 2.621985e-14 1.743745e-14 0.000000e+00
-1.000000e+00 -5.000000e-01 0.000000e+00 3.904097e-14 1.764756e-14 0.000000e+00
-1.000000e+00 -2.500000e-01 0.000000e+00 4.982050e-14 1.205934e-14 0.000000e+00
-1.000000e+00 0.000000e+00 0.000000e+00 5.480632e-14 1.848661e-15 0.000000e+00
-1.000000e+00 2.500000e-01 0.000000e+00 5.209429e-14 -9.117279e-15 0.000000e+00
-1.000000e+00 5.000000e-01 0.000000e+00 4.272194e-14 -1.650720e-14 0.000000e+00
-1.000000e+00 7.500000e-01 0.000000e+00 3.007525e-14 -1.811029e-14 0.000000e+00
-1.000000e+00 1.000000e+00 0.000000e+00 1.802557e-14 -1.484078e-14 0.000000e+00
-1.000000e+00 1.250000e+00 0.000000e+00 9.099899e-15 -9.553856e-15 0.000000e+00
-1.000000e+00 1.500000e+00 0.000000e+00 3.821871e-15 -4.896317e-15 0.000000e+00
-1.000000e+00 1.750000e+00 0.000000e+00 1.318017e-15 -1.997960e-15 0.000000e+00
-1.000000e+00 2.000000e+00 0.000000e+00 3.685210e-16 -6.460324e-16 0.000000e+00
-1.000000e+00 2.250000e+00 0.000000e+00 8.266274e-17 -1.646765e-16 0.000000e+00
-1.000000e+00 2.500000e+00 0.000000e+00 1.480653e-17 -3.307611e-17 0.000000e+00
-7.500000e-01 -2.500000e+00 0.000000e+00 1.376475e-17 3.922244e-17 0.000000e+00
-7.500000e-01 -2.250000e+00 0.000000e+00 7.961879e-17 2.050133e-16 0.000000e+00
-7.500000e-01 -2.000000e+00 0.000000e+00 3.674162e-16 8.434556e-16 0.000000e+00
-7.500000e-01 -1.750000e+00 0.000000e+00 1.358117e-15 2.731739e-15 0.000000e+00
-7.500000e-01 -1.500000e+00 0.000000e+00 4.062555e-15 7.003810e-15 0.000000e+00
-7.500000e-01 -1.250000e+00 0.000000e+00 9.961465e-15 1.430341e-14 0.000000e+00
-7.500000e-01 -1.000000e+00 0.000000e+00 2.030045e-14 2.333701e-14 0.000000e+00
-7.500000e-01 -7.500000e-01 0.000000e+00 3.485404e-14 3.021944e-14 0.000000e+00
-7.500000e-01 -5.000000e-01 0.000000e+00 5.104010e-14 3.006568e-14 0.000000e+00
-7.500000e-01 -2.500000e-01 0.000000e+00 6.439023e-14 2.029105e-14 0.000000e+00
-7.500000e-01 0.000000e+00 0.000000e+00 7.045186e-14 3.046225e-15 0.000000e+00
-7.500000e-01 2.500000e-01 0.000000e+00 6.703362e-14 -1.539359e-14 0.000000e+00
-7.500000e-01 5.000000e-01 0.000000e+00 5.536943e-14 -2.806009e-14 0.000000e+00
-7.500000e-01 7.500000e-01 0.000000e+00 3.947002e-14 -3.121265e-14 0.000000e+00
-7.500000e-01 1.000000e+00 0.000000e+00 2.405515e-14 -2.605381e-14 0.000000e+00
-7.500000e-01 1.250000e+00 0.000000e+00 1.238458e-14 -1.713750e-14 0.000000e+00
-7.500000e-01 1.500000e+00 0.000000e+00 5.313109e-15 -8.989660e-15 0.000000e+00
-7.500000e-01 1.750000e+00 0.000000e+00 1.872301e-15 -3.756348e-15 0.000000e+00
-7.500000e-01 2.000000e+00 0.000000e+00 5.344352e-16 -1.242746e-15 0.000000e+00
-7.500000e-01 2.250000e+00 0.000000e+00 1.220739e-16 -3.233280e-16 0.000000e+00
-7.500000e-01 2.500000e+00 0.000000e+00 2.214892e-17 -6.593121e-17 0.000000e+00
-5.000000e-01 -2.500000e+00 0.000000e+00 1.594613e-17 6.554424e-17 0.000000e+00
-5.000000e-01 -2.250000e+00 0.000000e+00 9.085217e-17 3.377722e-16 0.000000e+00
-5.000000e-01 -2.000000e+00 0.000000e+00 4.114012e-16 1.364728e-15 0.000000e+00
-5.000000e-01 -1.750000e+00 0.000000e+00 1.489850e-15 4.333148e-15 0.000000e+00
-5.000000e-01 -1.500000e+00 0.000000e+00 4.364191e-15 1.088422e-14 0.000000e+00
-5.000000e-01 -1.250000e+00 0.000000e+00 1.048301e-14 2.178069e-14 0.000000e+00
-5.000000e-01 -1.000000e+00 0.000000e+00 2.095324e-14 3.485595e-14 0.000000e+00
-5.000000e-01 -7.500000e-01 0.000000e+00 3.535927e-14 4.435522e-14 0.000000e+00
-5.000000e-01 -5.000000e-01 0.000000e+00 5.105415e-14 4.349209e-14 0.000000e+00
-5.000000e-01 -2.500000e-01 0.000000e+00 6.377205e-14 2.902939e-14 0.000000e+00
-5.000000e-01 0.000000e+00 0.000000e+00 6.943769e-14 4.257315e-15 0.000000e+00
-5.000000e-01 2.500000e-01 0.000000e+00 6.610874e-14 -2.212606e-14 0.000000e+00
-5.000000e-01 5.000000e-01 0.000000e+00 5.492306e-14 -4.053939e-14 0.000000e+00
-5.000000e-01 7.500000e-01 0.000000e+00 3.955152e-14 -4.560774e-14 0.000000e+00
-5.000000e-01 1.000000e+00 0.000000e+00 2.443014e-14 -3.864632e-14 0.000000e+00
-5.000000e-01 1.250000e+00 0.000000e+00 1.277423e-14 -2.586438e-14 0.000000e+00
-5.000000e-01 1.500000e+00 0.000000e+00 5.571680e-15 -1.382032e-14 0.000000e+00
-5.000000e-01 1.750000e+00 0.000000e+00 1.996262e-15 -5.883700e-15 0.000000e+00
-5.000000e-01 2.000000e+00 0.000000e+00 5.788415e-16 -1.981918e-15 0.000000e+00
-5.000000e-01 2.250000e+00 0.000000e+00 1.340546e-16 -5.241240e-16 0.000000e+00
-5.000000e-01 2.500000e+00 0.000000e+00 2.457417e-17 -1.082690e-16 0.000000e+00
-2.500000e-01 -2.500000e+00 0.000000e+00 1.208097e-17 9.048365e-17 0.000000e+00
-2.500000e-01 -2.250000e+00 0.000000e+00 6.804447e-17 4.614968e-16 0.000000e+00
-2.500000e-01 -2.000000e+00 0.000000e+00 3.039459e-16 1.841450e-15 0.000000e+00
-2.500000e-01 -1.750000e+00 0.000000e+00 1.084854e-15 5.768343e-15 0.000000e+00
-2.500000e-01 -1.500000e+00 0.000000e+00 3.131483e-15 1.428898e-14 0.000000e+00
-2.500000e-01 -1.250000e+00 0.000000e+00 7.414703e-15 2.820067e-14 0.000000e+00
-2.500000e-01 -1.000000e+00 0.000000e+00 1.462110e-14 4.453327e-14 0.000000e+00
-2.500000e-01 -7.500000e-01 0.000000e+00 2.437630e-14 5.598361e-14 0.000000e+00
-2.500000e-01 -5.000000e-01 0.000000e+00 3.484559e-14 5.432700e-14 0.000000e+00
-2.500000e-01 -2.500000e-01 0.000000e+00 4.321700e-14 3.596497e-14 0.000000e+00
-2.500000e-01 0.000000e+00 0.000000e+00 4.689012e-14 5.167405e-15 0.000000e+00
-2.500000e-01 2.500000e-01 0.000000e+00 4.465707e-14 -2.753431e-14 0.000000e+00
-2.500000e-01 5.000000e-01 0.000000e+00 3.724824e-14 -5.061180e-14 0.000000e+00
-2.500000e-01 7.500000e-01 0.000000e+00 2.700840e-14 -5.738524e-14 0.000000e+00
-2.500000e-01 1.000000e+00 0.000000e+00 1.683156e-14 -4.912822e-14 0.000000e+00
-2.500000e-01 1.250000e+00 0.000000e+00 8.889932e-15 -3.326500e-14 0.000000e+00
-2.500000e-01 1.500000e+00 0.000000e+00 3.918204e-15 -1.799424e-14 0.000000e+00
-2.500000e-01 1.750000e+00 0.000000e+00 1.418183e-15 -7.755301e-15 0.000000e+00
-2.500000e-01 2.000000e+00 0.000000e+00 4.150424e-16 -2.643233e-15 0.000000e+00
-2.500000e-01 2.250000e+00 0.000000e+00 9.686291e-17 -7.064883e-16 0.000000e+00
-2.500000e-01 2.500000e+00 0.000000e+00 1.785029e-17 -1.472047e-16 0.000000e+00
0.000000e+00 -2.500000e+00 0.000000e+00 2.295614e-18 1.033023e-16 0.000000e+00
0.000000e+00 -2.250000e+00 0.000000e+00 1.276874e-17 5.243850e-16 0.000000e+00
0.000000e+00 -2.000000e+00 0.000000e+00 5.624911e-17 2.080805e-15 0.000000e+00
0.000000e+00 -1.750000e+00 0.000000e+00 1.980686e-16 6.479711e-15 0.000000e+00
0.000000e+00 -1.500000e+00 0.000000e+00 5.648243e-16 1.595445e-14 0.000000e+00
0.000000e+00 -1.250000e+00 0.000000e+00 1.323663e-15 3.129915e-14 0.000000e+00
0.000000e+00 -1.000000e+00 0.000000e+00 2.588548e-15 4.914140e-14 0.000000e+00
0.000000e+00 -7.500000e-01 0.000000e+00 4.288561e-15 6.144778e-14 0.000000e+00
0.000000e+00 -5.000000e-01 0.000000e+00 6.104208e-15 5.935459e-14 0.000000e+00
0.000000e+00 -2.500000e-01 0.000000e+00 7.553316e-15 3.914629e-14 0.000000e+00
0.000000e+00 0.000000e+00 0.000000e+00 8.191516e-15 5.565001e-15 0.000000e+00
0.000000e+00 2.500000e-01 0.000000e+00 7.809104e-15 -3.004193e-14 0.000000e+00
0.000000e+00 5.000000e-01 0.000000e+00 6.525146e-15 -5.528931e-14 0.000000e+00
0.000000e+00 7.500000e-01 0.000000e+00 4.739887e-15 -6.289667e-14 0.000000e+00
0.000000e+00 1.000000e+00 0.000000e+00 2.957079e-15 -5.408008e-14 0.000000e+00
0.000000e+00 1.250000e+00 0.000000e+00 1.561358e-15 -3.679565e-14 0.000000e+00
0.000000e+00 1.500000e+00 0.000000e+00 6.865312e-16 -2.000411e-14 0.000000e+00
0.000000e+00 1.750000e+00 0.000000e+00 2.471952e-16 -8.664084e-15 0.000000e+00
0.000000e+00 2.000000e+00 0.000000e+00 7.169562e-17 -2.966620e-15 0.000000e+00
0.000000e+00 2.250000e+00 0.000000e+00 1.650343e-17 -7.961421e-16 0.000000e+00
0.000000e+00 2.500000e+00 0.000000e+00 2.983622e-18 -1.664075e-16 0.000000e+00
2.500000e-01 -2.500000e+00 0.000000e+00 -8.740156e-18 9.755257e-17 0.000000e+00
2.500000e-01 -2.250000e+00 0.000000e+00 -4.924195e-17 4.959880e-16 0.000000e+00
2.500000e-01 -2.000000e+00 0.000000e+00 -2.199481e-16 1.972099e-15 0.000000e+00
2.500000e-01 -1.750000e+00 0.000000e+00 -7.845940e-16 6.155189e-15 0.000000e+00
2.500000e-01 -1.500000e+00 0.000000e+00 -2.261970e-15 1.519236e-14 0.000000e+00
2.500000e-01 -1.250000e+00 0.000000e+00 -5.345831e-15 2.987894e-14 0.000000e+00
2.500000e-01 -1.000000e+00 0.000000e+00 -1.051656e-14 4.702785e-14 0.000000e+00
2.500000e-01 -7.500000e-01 0.000000e+00 -1.748733e-14 5.894165e-14 0.000000e+00
2.500000e-01 -5.000000e-01 0.000000e+00 -2.493352e-14 5.704880e-14 0.000000e+00
2.500000e-01 -2.500000e-01 0.000000e+00 -3.085607e-14 3.768533e-14 0.000000e+00
2.500000e-01 0.000000e+00 0.000000e+00 -3.343048e-14 5.376733e-15 0.000000e+00
2.500000e-01 2.500000e-01 0.000000e+00 -3.182582e-14 -2.889997e-14 0.000000e+00
2.500000e-01 5.000000e-01 0.000000e+00 -2.656692e-14 -5.314756e-14 0.000000e+00
2.500000e-01 7.500000e-01 0.000000e+00 -1.930175e-14 -6.035997e-14 0.000000e+00
2.500000e-01 1.000000e+00 0.000000e+00 -1.206595e-14 -5.178643e-14 0.000000e+00
2.500000e-01 1.250000e+00 0.000000e+00 -6.398941e-15 -3.514723e-14 0.000000e+00
2.500000e-01 1.500000e+00 0.000000e+00 -2.834545e-15 -1.905657e-14 0.000000e+00
2.500000e-01 1.750000e+00 0.000000e+00 -1.032143e-15 -8.230535e-15 0.000000e+00
2.500000e-01 2.000000e+00 0.000000e+00 -3.042110e-16 -2.810101e-15 0.000000e+00
2.500000e-01 2.250000e+00 0.000000e+00 -7.158194e-17 -7.519782e-16 0.000000e+00
2.500000e-01 2.500000e+00 0.000000e+00 -1.331213e-17 -1.567461e-16 0.000000e+00
5.000000e-01 -2.500000e+00 0.000000e+00 -1.528818e-17 7.613950e-17 0.000000e+00
5.000000e-01 -2.250000e+00 0.000000e+00 -8.670488e-17 3.901032e-16 0.000000e+00
5.000000e-01 -2.000000e+00 0.000000e+00 -3.904369e-16 1.565756e-15 0.000000e+00
5.000000e-01 -1.750000e+00 0.000000e+00 -1.405401e-15 4.937464e-15 0.000000e+00
5.000000e-01 -1.500000e+00 0.000000e+00 -4.091101e-15 1.231796e-14 0.000000e+00
5.000000e-01 -1.250000e+00 0.000000e+00 -9.765698e-15 2.448793e-14 0.000000e+00
5.000000e-01 -1.000000e+00 0.000000e+00 -1.940243e-14 3.894643e-14 0.000000e+00
5.000000e-01 -7.500000e-01 0.000000e+00 -3.256341e-14 4.928419e-14 0.000000e+00
5.000000e-01 -5.000000e-01 0.000000e+00 -4.680120e-14 4.809608e-14 0.000000e+00
5.000000e-01 -2.500000e-01 0.000000e+00 -5.826307e-14 3.197913e-14 0.000000e+00
5.000000e-01 0.000000e+00 0.000000e+00 -6.332504e-14 4.637009e-15 0.000000e+00
5.000000e-01 2.500000e-01 0.000000e+00 -6.028507e-14 -2.443989e-14 0.000000e+00
5.000000e-01 5.000000e-01 0.000000e+00 -5.016525e-14 -4.482560e-14 0.000000e+00
5.000000e-01 7.500000e-01 0.000000e+00 -3.623434e-14 -5.058851e-14 0.000000e+00
5.000000e-01 1.000000e+00 0.000000e+00 -2.247235e-14 -4.304347e-14 0.000000e+00
5.000000e-01 1.250000e+00 0.000000e+00 -1.180670e-14 -2.893770e-14 0.000000e+00
5.000000e-01 1.500000e+00 0.000000e+00 -5.176375e-15 -1.553228e-14 0.000000e+00
5.000000e-01 1.750000e+00 0.000000e+00 -1.864540e-15 -6.639886e-15 0.000000e+00
5.000000e-01 2.000000e+00 0.000000e+00 -5.435008e-16 -2.244250e-15 0.000000e+00
5.000000e-01 2.250000e+00 0.000000e+00 -1.264947e-16 -5.948537e-16 0.000000e+00
5.000000e-01 2.500000e+00 0.000000e+00 -2.328573e-17 -1.229630e-16 0.000000e+00
7.500000e-01 -2.500000e+00 0.000000e+00 -1.522052e-17 4.903783e-17 0.000000e+00
7.500000e-01 -2.250000e+00 0.000000e+00 -8.741006e-17 2.544131e-16 0.000000e+00
7.500000e-01 -2.000000e+00 0.000000e+00 -3.998212e-16 1.037447e-15 0.000000e+00
7.500000e-01 -1.750000e+00 0.000000e+00 -1.464039e-15 3.328884e-15 0.000000e+00
7.500000e-01 -1.500000e+00 0.000000e+00 -4.338114e-15 8.455787e-15 0.000000e+00
7.500000e-01 -1.250000e+00 0.000000e+00 -1.054025e-14 1.711406e-14 0.000000e+00
7.500000e-01 -1.000000e+00 0.000000e+00 -2.129858e-14 2.768896e-14 0.000000e+00
7.500000e-01 -7.500000e-01 0.000000e+00 -3.629669e-14 3.558665e-14 0.000000e+00
7.500000e-01 -5.000000e-01 0.000000e+00 -5.283431e-14 3.518453e-14 0.000000e+00
7.500000e-01 -2.500000e-01 0.000000e+00 -6.637529e-14 2.362989e-14 0.000000e+00
7.500000e-01 0.000000e+00 0.000000e+00 -7.247481e-14 3.503670e-15 0.000000e+00
7.500000e-01 2.500000e-01 0.000000e+00 -6.897181e-14 -1.797700e-14 0.000000e+00
7.500000e-01 5.000000e-01 0.000000e+00 -5.710128e-14 -3.282480e-14 0.000000e+00
7.500000e-01 7.500000e-01 0.000000e+00 -4.086862e-14 -3.667311e-14 0.000000e+00
7.500000e-01 1.000000e+00 0.000000e+00 -2.503885e-14 -3.078883e-14 0.000000e+00
7.500000e-01 1.250000e+00 0.000000e+00 -1.296840e-14 -2.038239e-14 0.000000e+00
7.500000e-01 1.500000e+00 0.000000e+00 -5.598334e-15 -1.076107e-14 0.000000e+00
7.500000e-01 1.750000e+00 0.000000e+00 -1.984728e-15 -4.523375e-15 0.000000e+00
7.500000e-01 2.000000e+00 0.000000e+00 -5.695761e-16 -1.503836e-15 0.000000e+00
7.500000e-01 2.250000e+00 0.000000e+00 -1.306490e-16 -3.925025e-16 0.000000e+00
7.500000e-01 2.500000e+00 0.000000e+00 -2.375955e-17 -8.008889e-17 0.000000e+00
1.000000e+00 -2.500000e+00 0.000000e+00 -1.086787e-17 2.601404e-17 0.000000e+00
1.000000e+00 -2.250000e+00 0.000000e+00 -6.337917e-17 1.369994e-16 0.000000e+00
1.000000e+00 -2.000000e+00 0.000000e+00 -2.959709e-16 5.702459e-16 0.000000e+00
1.000000e+00 -1.750000e+00 0.000000e+00 -1.109035e-15 1.872273e-15 0.000000e+00
1.000000e+00 -1.500000e+00 0.000000e+00 -3.365386e-15 4.870288e-15 0.000000e+00
1.000000e+00 -1.250000e+00 0.000000e+00 -8.370947e-15 1.009136e-14 0.000000e+00
1.000000e+00 -1.000000e+00 0.000000e+00 -1.729231e-14 1.669208e-14 0.000000e+00
1.000000e+00 -7.500000e-01 0.000000e+00 -3.005058e-14 2.187933e-14 0.000000e+00
1.000000e+00 -5.000000e-01 0.000000e+00 -4.444120e-14 2.198354e-14 0.000000e+00
1.000000e+00 -2.500000e-01 0.000000e+00 -5.645105e-14 1.494052e-14 0.000000e+00
1.000000e+00 0.000000e+00 0.000000e+00 -6.196921e-14 2.263810e-15 0.000000e+00
1.000000e+00 2.500000e-01 0.000000e+00 -5.893004e-14 -1.132231e-14 0.000000e+00
1.000000e+00 5.000000e-01 0.000000e+00 -4.846686e-14 -2.054702e-14 0.000000e+00
1.000000e+00 7.500000e-01 0.000000e+00 -3.428625e-14 -2.266353e-14 0.000000e+00
1.000000e+00 1.000000e+00 0.000000e+00 -2.067972e-14 -1.870425e-14 0.000000e+00
1.000000e+00 1.250000e+00 0.000000e+00 -1.051465e-14 -1.213762e-14 0.000000e+00
1.000000e+00 1.500000e+00 0.000000e+00 -4.448536e-15 -6.271237e-15 0.000000e+00
1.000000e+00 1.750000e+00 0.000000e+00 -1.544708e-15 -2.578276e-15 0.000000e+00
1.000000e+00 2.000000e+00 0.000000e+00 -4.343904e-16 -8.387606e-16 0.000000e+00
1.000000e+00 2.250000e+00 0.000000e+00 -9.780928e-17 -2.145960e-16 0.000000e+00
1.000000e+00 2.500000e+00 0.000000e+00 -1.753200e-17 -4.310293e-17 0.000000e+00
1.250000e+00 -2.500000e+00 0.000000e+00 -5.937618e-18 1.135718e-17 0.000000e+00
1.250000e+00 -2.250000e+00 0.000000e+00 -3.512060e-17 6.062696e-17 0.000000e+00
1.250000e+00 -2.000000e+00 0.000000e+00 -1.678205e-16 2.581081e-16 0.000000e+00
1.250000e+00 -1.750000e+00 0.000000e+00 -6.458901e-16 8.701464e-16 0.000000e+00
1.250000e+00 -1.500000e+00 0.000000e+00 -2.015396e-15 2.327009e-15 0.000000e+00
1.250000e+00 -1.250000e+00 0.000000e+00 -5.151986e-15 4.954684e-15 0.000000e+00
1.250000e+00 -1.000000e+00 0.000000e+00 -1.091642e-14 8.406083e-15 0.000000e+00
1.250000e+00 -7.500000e-01 0.000000e+00 -1.939468e-14 1.126549e-14 0.000000e+00
1.250000e+00 -5.000000e-01 0.000000e+00 -2.919090e-14 1.152179e-14 0.000000e+00
1.250000e+00 -2.500000e-01 0.000000e+00 -3.752476e-14 7.928879e-15 0.000000e+00
1.250000e+00 0.000000e+00 0.000000e+00 -4.142069e-14 1.221786e-15 0.000000e+00
1.250000e+00 2.500000e-01 0.000000e+00 -3.934113e-14 -5.996389e-15 0.000000e+00
1.250000e+00 5.000000e-01 0.000000e+00 -3.210733e-14 -1.079870e-14 0.000000e+00
1.250000e+00 7.500000e-01 0.000000e+00 -2.240946e-14 -1.173766e-14 0.000000e+00
1.250000e+00 1.000000e+00 0.000000e+00 -1.327319e-14 -9.498726e-15 0.000000e+00
1.250000e+00 1.250000e+00 0.000000e+00 -6.604644e-15 -6.022943e-15 0.000000e+00
1.250000e+00 1.500000e+00 0.000000e+00 -2.728758e-15 -3.034305e-15 0.000000e+00
1.250000e+00 1.750000e+00 0.000000e+00 -9.245632e-16 -1.215456e-15 0.000000e+00
1.250000e+00 2.000000e+00 0.000000e+00 -2.538659e-16 -3.855446e-16 0.000000e+00
1.250000e+00 2.250000e+00 0.000000e+00 -5.596812e-17 -9.645742e-17 0.000000e+00
1.250000e+00 2.500000e+00 0.000000e+00 -9.888724e-18 -1.907657e-17 0.000000e+00
1.500000e+00 -2.500000e+00 0.000000e+00 -2.559623e-18 4.090809e-18 0.000000e+00
1.500000e+00 -2.250000e+00 0.000000e+00 -1.524470e-17 2.197269e-17 0.000000e+00
1.500000e+00 -2.000000e+00 0.000000e+00 -7.440218e-17 9.548570e-17 0.000000e+00
1.500000e+00 -1.750000e+00 0.000000e+00 -2.943553e-16 3.307457e-16 0.000000e+00
1.500000e+00 -1.500000e+00 0.000000e+00 -9.461682e-16 9.108477e-16 0.000000e+00
1.500000e+00 -1.250000e+00 0.000000e+00 -2.490594e-15 1.996625e-15 0.000000e+00
1.500000e+00 -1.000000e+00 0.000000e+00 -5.422008e-15 3.480145e-15 0.000000e+00
1.500000e+00 -7.500000e-01 0.000000e+00 -9.860125e-15 4.774089e-15 0.000000e+00
1.500000e+00 -5.000000e-01 0.000000e+00 -1.511357e-14 4.973049e-15 0.000000e+00
1.500000e+00 -2.500000e-01 0.000000e+00 -1.966549e-14 3.464801e-15 0.000000e+00
1.500000e+00 0.000000e+00 0.000000e+00 -2.182323e-14 5.395368e-16 0.000000e+00
1.500000e+00 2.500000e-01 0.000000e+00 -2.069207e-14 -2.620702e-15 0.000000e+00
1.500000e+00 5.000000e-01 0.000000e+00 -1.674397e-14 -4.677434e-15 0.000000e+00
1.500000e+00 7.500000e-01 0.000000e+00 -1.151637e-14 -5.004349e-15 0.000000e+00
1.500000e+00 1.000000e+00 0.000000e+00 -6.687497e-15 -3.964991e-15 0.000000e+00
1.500000e+00 1.250000e+00 0.000000e+00 -3.249853e-15 -2.451882e-15 0.000000e+00
1.500000e+00 1.500000e+00 0.000000e+00 -1.308137e-15 -1.201809e-15 0.000000e+00
1.500000e+00 1.750000e+00 0.000000e+00 -4.314809e-16 -4.680744e-16 0.000000e+00
1.500000e+00 2.000000e+00 0.000000e+00 -1.154913e-16 -1.445794e-16 0.000000e+00
1.500000e+00 2.250000e+00 0.000000e+00 -2.493841e-17 -3.539855e-17 0.000000e+00
1.500000e+00 2.500000e+00 0.000000e+00 -4.364156e-18 -6.930214e-18 0.000000e+00
1.750000e+00 -2.500000e+00 0.000000e+00 -8.922558e-19 1.227642e-18 0.000000e+00
1.750000e+00 -2.250000e+00 0.000000e+00 -5.266219e-18 6.529749e-18 0.000000e+00
1.750000e+00 -2.000000e+00 0.000000e+00 -2.603801e-17 2.872678e-17 0.000000e+00
1.750000e+00 -1.750000e+00 0.000000e+00 -1.055328e-16 1.018761e-16 0.000000e+00
1.750000e+00 -1.500000e+00 0.000000e+00 -3.490561e-16 2.885609e-16 0.000000e+00
1.750000e+00 -1.250000e+00 0.000000e+00 -9.459359e-16 6.510300e-16 0.000000e+00
1.750000e+00 -1.000000e+00 0.000000e+00 -2.115863e-15 1.165805e-15 0.000000e+00
1.750000e+00 -7.500000e-01 0.000000e+00 -3.938444e-15 1.636965e-15 0.000000e+00
1.750000e+00 -5.000000e-01 0.000000e+00 -6.146977e-15 1.736344e-15 0.000000e+00
1.750000e+00 -2.500000e-01 0.000000e+00 -8.093578e-15 1.224025e-15 0.000000e+00
1.750000e+00 0.000000e+00 0.000000e+00 -9.026244e-15 1.913995e-16 0.000000e+00
1.750000e+00 2.500000e-01 0.000000e+00 -8.540044e-15 -9.278573e-16 0.000000e+00
1.750000e+00 5.000000e-01 0.000000e+00 -6.848416e-15 -1.639679e-15 0.000000e+00
1.750000e+00 7.500000e-01 0.000000e+00 -4.638731e-15 -1.725803e-15 0.000000e+00
1.750000e+00 1.000000e+00 0.000000e+00 -2.638797e-15 -1.337962e-15 0.000000e+00
1.750000e+00 1.250000e+00 0.000000e+00 -1.251254e-15 -8.063881e-16 0.000000e+00
1.750000e+00 1.500000e+00 0.000000e+00 -4.903174e-16 -3.843921e-16 0.000000e+00
1.750000e+00 1.750000e+00 0.000000e+00 -1.574253e-16 -1.456063e-16 0.000000e+00
1.750000e+00 2.000000e+00 0.000000e+00 -4.114350e-17 -4.388942e-17 0.000000e+00
1.750000e+00 2.250000e+00 0.000000e+00 -8.750465e-18 -1.058088e-17 0.000000e+00
1.750000e+00 2.500000e+00 0.000000e+00 -1.536208e-18 -2.078015e-18 0.000000e+00
2.000000e+00 -2.500000e+00 0.000000e+00 -2.592438e-19 3.136631e-19 0.000000e+00
2.000000e+00 -2.250000e+00 0.000000e+00 -1.476993e-18 1.609464e-18 0.000000e+00
2.000000e+00 -2.000000e+00 0.000000e+00 -7.268755e-18 7.042941e-18 0.000000e+00
2.000000e+00 -1.750000e+00 0.000000e+00 -2.987568e-17 2.531198e-17 0.000000e+00
2.000000e+00 -1.500000e+00 0.000000e+00 -1.011122e-16 7.332001e-17 0.000000e+00
2.000000e+00 -1.250000e+00 0.000000e+00 -2.811996e-16 1.696920e-16 0.000000e+00
2.000000e+00 -1.000000e+00 0.000000e+00 -6.449798e-16 3.115331e-16 0.000000e+00
2.000000e+00 -7.500000e-01 0.000000e+00 -1.227171e-15 4.471015e-16 0.000000e+00
2.000000e+00 -5.000000e-01 0.000000e+00 -1.948302e-15 4.823643e-16 0.000000e+00
2.000000e+00 -2.500000e-01 0.000000e+00 -2.593883e-15 3.436763e-16 0.000000e+00
2.000000e+00 0.000000e+00 0.000000e+00 -2.905633e-15 5.362973e-17 0.000000e+00
2.000000e+00 2.500000e-01 0.000000e+00 -2.742366e-15 -2.615593e-16 0.000000e+00
2.000000e+00 5.000000e-01 0.000000e+00 -2.179113e-15 -4.573935e-16 0.000000e+00
2.000000e+00 7.500000e-01 0.000000e+00 -1.453700e-15 -4.736912e-16 0.000000e+00
2.000000e+00 1.000000e+00 0.000000e+00 -8.103762e-16 -3.595521e-16 0.000000e+00
2.000000e+00 1.250000e+00 0.000000e+00 -3.752427e-16 -2.114449e-16 0.000000e+00
2.000000e+00 1.500000e+00 0.000000e+00 -1.433989e-16 -9.823242e-17 0.000000e+00
2.000000e+00 1.750000e+00 0.000000e+00 -4.498233e-17 -3.634067e-17 0.000000e+00
2.000000e+00 2.000000e+00 0.000000e+00 -1.156648e-17 -1.077591e-17 0.000000e+00
2.000000e+00 2.250000e+00 0.000000e+00 -2.458207e-18 -2.596161e-18 0.000000e+00
2.000000e+00 2.500000e+00 0.000000e+00 -4.434096e-19 -5.239063e-19 0.000000e+00
2.250000e+00 -2.500000e+00 0.000000e+00 -6.537998e-20 7.067090e-20 0.000000e+00
2.250000e+00 -2.250000e+00 0.000000e+00 -3.478153e-19 3.383958e-19 0.000000e+00
2.250000e+00 -2.000000e+00 0.000000e+00 -1.654687e-18 1.430821e-18 0.000000e+00
2.250000e+00 -1.750000e+00 0.000000e+00 -6.756510e-18 5.105848e-18 0.000000e+00
2.250000e+00 -1.500000e+00 0.000000e+00 -2.309274e-17 1.492682e-17 0.000000e+00
2.250000e+00 -1.250000e+00 0.000000e+00 -6.536328e-17 3.514135e-17 0.000000e+00
2.250000e+00 -1.000000e+00 0.000000e+00 -1.529163e-16 6.577737e-17 0.000000e+00
2.250000e+00 -7.500000e-01 0.000000e+00 -2.963458e-16 9.612568e-17 0.000000e+00
2.250000e+00 -5.000000e-01 0.000000e+00 -4.774679e-16 1.052094e-16 0.000000e+00
2.250000e+00 -2.500000e-01 0.000000e+00 -6.418142e-16 7.561427e-17 0.000000e+00
2.250000e+00 0.000000e+00 0.000000e+00 -7.215877e-16 1.169496e-17 0.000000e+00
2.250000e+00 2.500000e-01 0.000000e+00 -6.792828e-16 -5.787264e-17 0.000000e+00
2.250000e+00 5.000000e-01 0.000000e+00 -5.351286e-16 -1.001507e-16 0.000000e+00
2.250000e+00 7.500000e-01 0.000000e+00 -3.520441e-16 -1.021964e-16 0.000000e+00
2.250000e+00 1.000000e+00 0.000000e+00 -1.927558e-16 -7.614325e-17 0.000000e+00
2.250000e+00 1.250000e+00 0.000000e+00 -8.749352e-17 -4.387485e-17 0.000000e+00
2.250000e+00 1.500000e+00 0.000000e+00 -3.281429e-17 -1.999958e-17 0.000000e+00
2.250000e+00 1.750000e+00 0.000000e+00 -1.016415e-17 -7.305508e-18 0.000000e+00
2.250000e+00 2.000000e+00 0.000000e+00 -2.616797e-18 -2.169069e-18 0.000000e+00
2.250000e+00 2.250000e+00 0.000000e+00 -5.707913e-19 -5.363281e-19 0.000000e+00
2.250000e+00 2.500000e+00 0.000000e+00 -1.094114e-19 -1.149989e-19 0.000000e+00
2.500000e+00 -2.500000e+00 0.000000e+00 -1.500407e-20 1.467373e-20 0.000000e+00
2.500000e+00 -2.250000e+00 0.000000e+00 -7.227619e-20 6.354094e-20 0.000000e+00
2.500000e+00 -2.000000e+00 0.000000e+00 -3.206041e-19 2.504024e-19 0.000000e+00
2.500000e+00 -1.750000e+00 0.000000e+00 -1.259229e-18 8.593361e-19 0.000000e+00
2.500000e+00 -1.500000e+00 0.000000e+00 -4.241922e-18 2.475157e-18 0.000000e+00
2.500000e+00 -1.250000e+00 0.000000e+00 -1.201490e-17 5.827890e-18 0.000000e+00
2.500000e+00 -1.000000e+00 0.000000e+00 -2.834380e-17 1.099322e-17 0.000000e+00
2.500000e+00 -7.500000e-01 0.000000e+00 -5.552288e-17 1.622920e-17 0.000000e+00
2.500000e+00 -5.000000e-01 0.000000e+00 -9.033556e-17 1.792436e-17 0.000000e+00
2.500000e+00 -2.500000e-01 0.000000e+00 -1.222408e-16 1.294875e-17 0.000000e+00
2.500000e+00 0.000000e+00 0.000000e+00 -1.377602e-16 1.969073e-18 0.000000e+00
2.500000e+00 2.500000e-01 0.000000e+00 -1.293775e-16 -9.981266e-18 0.000000e+00
2.500000e+00 5.000000e-01 0.000000e+00 -1.012280e-16 -1.711524e-17 0.000000e+00
2.500000e+00 7.500000e-01 0.000000e+00 -6.591257e-17 -1.727329e-17 0.000000e+00
2.500000e+00 1.000000e+00 0.000000e+00 -3.566294e-17 -1.271341e-17 0.000000e+00
2.500000e+00 1.250000e+00 0.000000e+00 -1.601999e-17 -7.248727e-18 0.000000e+00
2.500000e+00 1.500000e+00 0.000000e+00 -5.983037e-18 -3.290192e-18 0.000000e+00
2.500000e+00 1.750000e+00 0.000000e+00 -1.869995e-18 -1.212628e-18 0.000000e+00
2.500000e+00 2.000000e+00 0.000000e+00 -4.967894e-19 -3.714292e-19 0.000000e+00
2.500000e+00 2.250000e+00 0.000000e+00 -1.153270e-19 -9.771358e-20 0.000000e+00
2.500000e+00 2.500000e+00 0.000000e+00 -2.429538e-20 -2.303260e-20 0.000000e+00
