-6.276298e-20 -3.339383e-19 -1.323660e-18 -4.018707e-18 -9.595014e-18 -1.840869e-17 -2.873433e-17 -3.635394e-17 -3.600833e-17 -2.464054e-17 -4.389136e-18 1.757454e-17 3.302897e-17 3.755523e-17 3.239823e-17 2.243112e-17 1.262153e-17 5.725594e-18 2.052940e-18 5.669493e-19 1.173547e-19
-3.356458e-19 -1.599010e-18 -5.723885e-18 -1.591446e-17 -3.540266e-17 -6.444891e-17 -9.711238e-17 -1.204038e-16 -1.182450e-16 -8.078959e-17 -1.439403e-17 5.766335e-17 1.083690e-16 1.237738e-16 1.083242e-16 7.719516e-17 4.550101e-17 2.204315e-17 8.602673e-18 2.628367e-18 6.086862e-19
-1.365421e-18 -5.876138e-18 -1.926040e-17 -4.996829e-17 -1.059133e-16 -1.873899e-16 -2.793946e-16 -3.477639e-16 -3.458821e-16 -2.397631e-16 -4.321092e-17 1.718128e-16 3.191134e-16 3.590968e-16 3.113337e-16 2.226321e-16 1.340791e-16 6.774582e-17 2.818585e-17 9.376239e-18 2.403454e-18
-4.356752e-18 -1.717054e-17 -5.249729e-17 -1.300317e-16 -2.696505e-16 -4.779082e-16 -7.271356e-16 -9.343137e-16 -9.632695e-16 -6.890572e-16 -1.270127e-16 4.976958e-16 9.020855e-16 9.789142e-16 8.184351e-16 5.697415e-16 3.397697e-16 1.740173e-16 7.527891e-17 2.669464e-17 7.452566e-18
-1.123730e-17 -4.126419e-17 -1.202185e-16 -2.914312e-16 -6.091037e-16 -1.116193e-15 -1.788266e-15 -2.435847e-15 -2.641469e-15 -1.956653e-15 -3.693874e-16 1.423861e-15 2.517193e-15 2.608117e-15 2.055433e-15 1.351498e-15 7.732468e-16 3.889938e-16 1.702173e-16 6.284192e-17 1.873142e-17
-2.408128e-17 -8.398204e-17 -2.382661e-16 -5.796902e-16 -1.253387e-15 -2.439742e-15 -4.204043e-15 -6.065481e-15 -6.762699e-15 -5.041544e-15 -9.547749e-16 3.670477e-15 6.479786e-15 6.587249e-15 4.949487e-15 3.032540e-15 1.621041e-15 7.798803e-16 3.360647e-16 1.261298e-16 3.929920e-17
-4.387810e-17 -1.480405e-16 -4.172772e-16 -1.039421e-15 -2.367944e-15 -4.959285e-15 -9.085375e-15 -1.339588e-14 -1.468255e-14 -1.057882e-14 -1.950247e-15 7.642532e-15 1.390320e-14 1.450173e-14 1.083565e-14 6.330160e-15 3.144467e-15 1.420705e-15 5.912782e-16 2.208658e-16 7.052916e-17
-6.920363e-17 -2.294092e-16 -6.519401e-16 -1.680817e-15 -4.063593e-15 -9.057983e-15 -1.711456e-14 -2.486917e-14 -2.578596e-14 -1.730688e-14 -3.025267e-15 1.229564e-14 2.376750e-14 2.644663e-14 2.040833e-14 1.175916e-14 5.536448e-15 2.343980e-15 9.330294e-16 3.421733e-16 1.102251e-16
-9.566253e-17 -3.150080e-16 -9.083765e-16 -2.426858e-15 -6.180029e-15 -1.435321e-14 -2.734613e-14 -3.835174e-14 -3.672259e-14 -2.232431e-14 -3.613866e-15 1.548695e-14 3.261547e-14 3.972793e-14 3.234238e-14 1.877203e-14 8.572803e-15 3.447768e-15 1.314310e-15 4.713436e-16 1.516750e-16
-1.167806e-16 -3.842025e-16 -1.122695e-15 -3.082695e-15 -8.127214e-15 -1.931132e-14 -3.672527e-14 -4.958183e-14 -4.389898e-14 -2.409515e-14 -3.569811e-15 1.629441e-14 3.758828e-14 5.006540e-14 4.298940e-14 2.530018e-14 1.137898e-14 4.431867e-15 1.637095e-15 5.766319e-16 1.847695e-16
-1.263621e-16 -4.159662e-16 -1.223333e-15 -3.400371e-15 -9.091999e-15 -2.178581e-14 -4.132368e-14 -5.468738e-14 -4.646559e-14 -2.405455e-14 -3.358041e-15 1.601323e-14 3.899081e-14 5.449528e-14 4.809796e-14 2.853095e-14 1.275932e-14 4.905527e-15 1.787710e-15 6.246366e-16 1.996477e-16
-1.213312e-16 -3.994022e-16 -1.171094e-15 -3.235854e-15 -8.591302e-15 -2.049612e-14 -3.893263e-14 -5.204213e-14 -4.504116e-14 -2.384025e-14 -3.363092e-15 1.597579e-14 3.807078e-14 5.216250e-14 4.544955e-14 2.683687e-14 1.202444e-14 4.648949e-15 1.705215e-15 5.982683e-16 1.914417e-16
-1.033097e-16 -3.402039e-16 -9.862315e-16 -2.663315e-15 -6.875601e-15 -1.611407e-14 -3.070115e-14 -4.242401e-14 -3.915700e-14 -2.245757e-14 -3.351440e-15 1.538970e-14 3.401752e-14 4.339309e-14 3.618119e-14 2.109067e-14 9.552141e-15 3.785324e-15 1.424366e-15 5.072520e-16 1.628953e-16
-7.778188e-17 -2.573033e-16 -7.347701e-16 -1.917518e-15 -4.721454e-15 -1.068784e-14 -2.028734e-14 -2.908779e-14 -2.894350e-14 -1.815456e-14 -2.870523e-15 1.274420e-14 2.594671e-14 3.045120e-14 2.413070e-14 1.392911e-14 6.465212e-15 2.679961e-15 1.049615e-15 3.817615e-16 1.228136e-16
-5.145716e-17 -1.726139e-16 -4.873637e-16 -1.226156e-15 -2.845170e-15 -6.089417e-15 -1.130252e-14 -1.654097e-14 -1.741909e-14 -1.170264e-14 -1.925975e-15 8.378877e-15 1.600345e-14 1.759733e-14 1.346338e-14 7.828276e-15 3.806091e-15 1.679672e-15 6.884006e-16 2.554379e-16 8.167469e-17
-2.957962e-17 -1.020810e-16 -2.884615e-16 -7.049188e-16 -1.544771e-15 -3.075238e-15 -5.413319e-15 -7.820279e-15 -8.423335e-15 -5.874881e-15 -9.875213e-16 4.260310e-15 7.842056e-15 8.347616e-15 6.370574e-15 3.852395e-15 2.009730e-15 9.480243e-16 4.041680e-16 1.514337e-16 4.745596e-17
-1.452701e-17 -5.251671e-17 -1.513752e-16 -3.656951e-16 -7.689329e-16 -1.431271e-15 -2.337247e-15 -3.199658e-15 -3.378199e-15 -2.365912e-15 -4.001071e-16 1.725539e-15 3.148534e-15 3.375543e-15 2.680693e-15 1.738790e-15 9.770134e-16 4.855784e-16 2.118105e-16 7.862152e-17 2.370684e-17
-5.959461e-18 -2.301597e-17 -6.918437e-17 -1.694424e-16 -3.504030e-16 -6.245164e-16 -9.570778e-16 -1.225061e-15 -1.230287e-15 -8.405406e-16 -1.400898e-16 6.138994e-16 1.136331e-15 1.265893e-15 1.069034e-15 7.413525e-16 4.387416e-16 2.240685e-16 9.748283e-17 3.501710e-17 9.950884e-18
-1.987220e-18 -8.352927e-18 -2.678147e-17 -6.825151e-17 -1.429966e-16 -2.514668e-16 -3.725696e-16 -4.565195e-16 -4.404433e-16 -2.930387e-16 -4.760416e-17 2.143758e-16 4.033786e-16 4.649497e-16 4.097318e-16 2.950072e-16 1.783024e-16 9.075164e-17 3.829101e-17 1.299606e-17 3.410067e-18
-5.225123e-19 -2.427142e-18 -8.469765e-18 -2.300262e-17 -5.017064e-17 -8.977754e-17 -1.327320e-16 -1.604291e-16 -1.524214e-16 -1.002650e-16 -1.584364e-17 7.384233e-17 1.393881e-16 1.625994e-16 1.452790e-16 1.052277e-16 6.291520e-17 3.099643e-17 1.236578e-17 3.878720e-18 9.235540e-19
-1.049976e-19 -5.445379e-19 -2.100047e-18 -6.200153e-18 -1.440466e-17 -2.689739e-17 -4.078138e-17 -4.992948e-17 -4.771942e-17 -3.144363e-17 -4.845663e-18 2.337777e-17 4.379373e-17 5.072709e-17 4.480828e-17 3.176427e-17 1.830042e-17 8.518684e-18 3.144263e-18 8.957227e-19 1.912020e-19
