Iteration# z ADDATime OurCalcTime
1.0000000000 -0.0500000000 0.0000000000 55.7200000000
2.0000000000 0.0000000000 0.0000000000 55.6600000000
3.0000000000 0.0500000000 0.0000000000 55.4900000000
4.0000000000 0.0250000000 0.0000000000 55.2500000000
5.0000000000 0.0125000000 0.0000000000 64.6200000000
6.0000000000 0.0062500000 0.0000000000 60.8700000000
7.0000000000 0.0031250000 0.0000000000 38.9100000000
8.0000000000 0.0015625000 0.0000000000 33.4000000000
9.0000000000 0.0007812500 0.0000000000 56.6900000000
10.0000000000 0.0003906250 0.0000000000 48.0300000000
11.0000000000 0.0001953125 0.0000000000 77.8000000000
12.0000000000 0.0003906250 0.0100000000 75.7500000000
13.0000000000 0.0002929688 0.0100000000 33.5000000000
14.0000000000 0.0002441406 0.0100000000 44.8300000000
15.0000000000 0.0002929688 0.0000000000 45.2300000000
16.0000000000 0.0002685547 0.0100000000 57.2500000000
17.0000000000 0.0002563477 0.0100000000 54.3600000000
18.0000000000 0.0002502441 0.0000000000 33.0000000000
19.0000000000 0.0002471924 0.0100000000 52.8500000000
20.0000000000 0.0002502441 0.0000000000 55.1700000000
21.0000000000 0.0002487183 0.0000000000 33.8000000000
22.0000000000 0.0002479553 0.0000000000 37.7100000000
23.0000000000 0.0002487183 0.0000000000 53.6000000000
24.0000000000 0.0002483368 0.0000000000 68.2700000000
25.0000000000 0.0002481461 0.0000000000 65.0500000000
26.0000000000 0.0002483368 0.0000000000 64.8400000000
27.0000000000 0.0002482414 0.0100000000 55.3400000000
28.0000000000 0.0002483368 0.0000000000 52.3300000000
29.0000000000 0.0002482891 0.0000000000 30.8400000000
30.0000000000 0.0002482653 0.0000000000 30.9600000000
31.0000000000 0.0002482891 0.0000000000 30.1400000000
32.0000000000 0.0002482772 0.0100000000 46.0400000000
33.0000000000 0.0002482891 0.0100000000 48.2000000000
34.0000000000 0.0002482831 0.0100000000 45.5000000000
35.0000000000 0.0002482891 0.0000000000 33.5900000000
36.0000000000 0.0002482861 0.0100000000 52.6400000000
37.0000000000 0.0002482891 0.0100000000 36.9800000000
38.0000000000 0.0002482876 0.0000000000 33.2600000000
39.0000000000 0.0002482869 0.0100000000 41.2500000000
40.0000000000 0.0002482865 0.0000000000 30.9800000000
41.0000000000 0.0002482863 0.0100000000 30.9600000000
42.0000000000 0.0002482862 0.0000000000 32.7900000000
43.0000000000 0.0002482862 0.0000000000 36.0500000000
44.0000000000 0.0002482862 0.0100000000 34.5900000000
45.0000000000 0.0002482862 0.0000000000 38.3300000000
46.0000000000 0.0002482862 0.0000000000 34.6800000000
47.0000000000 0.0002482862 0.0000000000 32.8700000000
48.0000000000 0.0002482862 0.0000000000 34.9800000000
49.0000000000 0.0002482862 0.0000000000 33.9600000000
50.0000000000 0.0002482862 0.0000000000 45.2900000000
51.0000000000 0.0002482862 0.0000000000 32.0300000000
52.0000000000 0.0002482862 0.0000000000 49.9900000000
53.0000000000 0.0002482862 0.0100000000 54.2400000000
54.0000000000 0.0002482862 0.0000000000 45.8000000000
55.0000000000 0.0002482862 0.0000000000 49.0600000000
56.0000000000 0.0002482862 0.0000000000 52.1200000000
57.0000000000 0.0002482862 0.0000000000 45.6100000000
58.0000000000 0.0002482862 0.0000000000 53.4600000000
59.0000000000 0.0002482862 0.0000000000 44.1200000000
60.0000000000 0.0002482862 0.0000000000 40.8100000000
61.0000000000 0.0002482862 0.0100000000 49.8200000000
62.0000000000 0.0002482862 0.0000000000 50.7500000000
63.0000000000 0.0002482862 0.0100000000 49.2000000000
64.0000000000 0.0002482862 0.0000000000 46.4100000000
65.0000000000 0.0002482862 0.0000000000 47.0900000000
66.0000000000 0.0002482862 0.0000000000 50.0700000000
67.0000000000 0.0002482862 0.0000000000 48.6900000000
68.0000000000 0.0002482862 0.0000000000 49.2200000000
69.0000000000 0.0002482862 0.0000000000 53.1200000000
70.0000000000 0.0002482862 0.0000000000 47.9300000000
71.0000000000 0.0002482862 0.0000000000 50.1100000000
72.0000000000 0.0002482862 0.0000000000 50.5300000000
73.0000000000 0.0002482862 0.0000000000 48.9400000000
74.0000000000 0.0002482862 0.0100000000 46.2200000000
75.0000000000 0.0002482862 0.0100000000 47.2500000000
76.0000000000 0.0002482862 0.0000000000 47.2300000000
77.0000000000 0.0002482862 0.0100000000 51.8200000000
78.0000000000 0.0002482862 0.0100000000 34.6600000000
79.0000000000 0.0002482862 0.0100000000 37.3000000000
80.0000000000 0.0002482862 0.0000000000 35.3700000000
81.0000000000 0.0002482862 0.0100000000 28.8500000000
82.0000000000 0.0002482862 0.0000000000 34.5200000000
83.0000000000 0.0002482862 0.0100000000 28.9900000000
84.0000000000 0.0002482862 0.0000000000 33.0200000000
85.0000000000 0.0002482862 0.0100000000 31.9200000000
86.0000000000 0.0002482862 0.0000000000 47.5400000000
87.0000000000 0.0002482862 0.0000000000 29.8800000000
88.0000000000 0.0002482862 0.0000000000 29.8400000000
89.0000000000 0.0002482862 0.0100000000 30.2800000000
90.0000000000 0.0002482862 0.0000000000 32.7500000000
91.0000000000 0.0002482862 0.0200000000 34.9300000000
92.0000000000 0.0002482862 0.0000000000 33.7200000000
93.0000000000 0.0002482862 0.0000000000 36.4300000000
94.0000000000 0.0002482862 0.0100000000 36.8400000000
95.0000000000 0.0002482862 0.0100000000 31.4000000000
96.0000000000 0.0002482862 0.0000000000 35.9700000000
97.0000000000 0.0002482862 0.0000000000 31.8500000000
98.0000000000 0.0002482862 0.0000000000 33.8900000000
99.0000000000 0.0002482862 0.0000000000 44.6800000000
100.0000000000 0.0002482862 0.0000000000 45.7900000000
