Iteration# z ADDATime OurCalcTime
1.0000000000 -0.0500000000 0.0000000000 41.2200000000
2.0000000000 0.0000000000 0.0000000000 41.3300000000
3.0000000000 0.0500000000 0.0000000000 41.2500000000
4.0000000000 0.1000000000 0.0000000000 41.5700000000
5.0000000000 0.1500000000 0.0000000000 41.1600000000
6.0000000000 0.2000000000 0.0000000000 41.0000000000
7.0000000000 0.2500000000 0.0000000000 40.8600000000
8.0000000000 0.3000000000 0.0000000000 40.7400000000
9.0000000000 0.3500000000 0.0000000000 41.5800000000
10.0000000000 0.4000000000 0.0100000000 40.8400000000
11.0000000000 0.4500000000 0.0000000000 40.8500000000
12.0000000000 0.5000000000 0.0000000000 41.1100000000
13.0000000000 0.4750000000 0.0000000000 41.0500000000
14.0000000000 0.4625000000 0.0000000000 40.7700000000
15.0000000000 0.4750000000 0.0000000000 40.6200000000
16.0000000000 0.4687500000 0.0000000000 40.9200000000
17.0000000000 0.4656250000 0.0000000000 40.4200000000
18.0000000000 0.4640625000 0.0000000000 40.5500000000
19.0000000000 0.4632812500 0.0100000000 40.9500000000
20.0000000000 0.4640625000 0.0100000000 40.7500000000
21.0000000000 0.4636718750 0.0000000000 40.9600000000
22.0000000000 0.4634765625 0.0000000000 40.7700000000
