7.244438e-24 -5.342042e-23 -7.255197e-22 -4.801256e-21 -2.309641e-20 -8.792344e-20 -2.683655e-19 -6.493117e-19 -1.224945e-18 -1.786149e-18 -2.036930e-18 -1.890353e-18 -1.505307e-18 -1.058298e-18 -6.503602e-19 -3.421969e-19 -1.526837e-19 -5.778530e-20 -1.856027e-20 -5.008276e-21 -1.108474e-21
1.251769e-22 2.429053e-22 -9.460204e-22 -1.212010e-20 -7.273104e-20 -3.192805e-19 -1.092747e-18 -2.905772e-18 -5.882272e-18 -8.930112e-18 -1.026876e-17 -9.390926e-18 -7.344173e-18 -5.110241e-18 -3.106630e-18 -1.604687e-18 -7.010513e-19 -2.612200e-19 -8.363926e-20 -2.297679e-20 -5.317333e-21
8.719862e-22 2.827765e-21 5.008856e-21 -1.222154e-20 -1.688936e-19 -9.648357e-19 -3.856881e-18 -1.146951e-17 -2.517372e-17 -4.015308e-17 -4.706093e-17 -4.290060e-17 -3.320909e-17 -2.290283e-17 -1.369877e-17 -6.854331e-18 -2.871653e-18 -1.028326e-18 -3.196442e-19 -8.661755e-20 -2.026496e-20
4.301091e-21 1.639760e-20 4.934854e-20 9.167041e-20 -1.204663e-19 -2.054660e-18 -1.083871e-17 -3.762932e-17 -9.130662e-17 -1.550466e-16 -1.886598e-16 -1.758971e-16 -1.377804e-16 -9.487827e-17 -5.567556e-17 -2.682518e-17 -1.065741e-17 -3.596750e-18 -1.059537e-18 -2.760308e-19 -6.345465e-20
1.683348e-20 7.115526e-20 2.608160e-19 7.765893e-19 1.513579e-18 -4.365978e-19 -1.942078e-17 -9.398182e-17 -2.638630e-16 -4.851048e-16 -6.249872e-16 -6.139180e-16 -5.010863e-16 -3.498681e-16 -2.019122e-16 -9.352126e-17 -3.518148e-17 -1.113315e-17 -3.065971e-18 -7.534309e-19 -1.667138e-19
5.403201e-20 2.477795e-19 1.026528e-18 3.689814e-18 1.061880e-17 2.038791e-17 2.389806e-18 -1.485730e-16 -5.592312e-16 -1.148927e-15 -1.595617e-15 -1.687117e-15 -1.470471e-15 -1.066061e-15 -6.171765e-16 -2.783295e-16 -9.974329e-17 -2.970974e-17 -7.656866e-18 -1.763531e-18 -3.713948e-19
1.432174e-19 7.016539e-19 3.169351e-18 1.268886e-17 4.226193e-17 1.058725e-16 1.547721e-16 -3.947830e-17 -7.761848e-16 -1.956573e-15 -3.002955e-15 -3.463322e-15 -3.266842e-15 -2.508184e-15 -1.495935e-15 -6.750007e-16 -2.349360e-16 -6.653368e-17 -1.617671e-17 -3.512929e-18 -7.039259e-19
3.133699e-19 1.613021e-18 7.730354e-18 3.306370e-17 1.180919e-16 3.213742e-16 5.831143e-16 4.967423e-16 -4.844614e-16 -2.285777e-15 -4.107457e-15 -5.253868e-15 -5.407739e-15 -4.445185e-15 -2.781590e-15 -1.287666e-15 -4.466697e-16 -1.224832e-16 -2.843747e-17 -5.896210e-18 -1.134755e-18
5.657077e-19 3.002765e-18 1.491000e-17 6.618900e-17 2.441984e-16 6.845096e-16 1.330887e-15 1.578600e-15 6.144256e-16 -1.548549e-15 -4.000581e-15 -5.921900e-15 -6.747056e-15 -5.983774e-15 -3.963239e-15 -1.908612e-15 -6.731304e-16 -1.825205e-16 -4.115504e-17 -8.281030e-18 -1.554702e-18
8.442024e-19 4.536073e-18 2.284523e-17 1.029958e-16 3.852286e-16 1.095591e-15 2.207314e-15 2.962853e-15 2.322529e-15 2.182921e-16 -2.426975e-15 -4.830215e-15 -6.354377e-15 -6.184777e-15 -4.370758e-15 -2.204295e-15 -7.994335e-16 -2.182306e-16 -4.875930e-17 -9.709020e-18 -1.811248e-18
1.045598e-18 5.595303e-18 2.806155e-17 1.263840e-16 4.749931e-16 1.369801e-15 2.846302e-15 4.107153e-15 3.984723e-15 2.339249e-15 5.596696e-17 -2.264560e-15 -4.188367e-15 -4.783190e-15 -3.705806e-15 -1.980170e-15 -7.456122e-16 -2.081714e-16 -4.710784e-17 -9.490381e-18 -1.793137e-18
1.080514e-18 5.686313e-18 2.798042e-17 1.242254e-16 4.664840e-16 1.368033e-15 2.939590e-15 4.486900e-15 4.884465e-15 3.977617e-15 2.554029e-15 8.808072e-16 -1.039327e-15 -2.339918e-15 -2.262516e-15 -1.342500e-15 -5.370762e-16 -1.566019e-16 -3.678564e-17 -7.678819e-18 -1.497831e-18
9.381475e-19 4.815836e-18 2.301425e-17 9.966856e-17 3.715729e-16 1.108090e-15 2.465202e-15 3.953186e-15 4.678900e-15 4.557878e-15 4.199653e-15 3.442049e-15 1.817256e-15 6.103888e-17 -7.366871e-16 -6.201220e-16 -2.852901e-16 -9.062551e-17 -2.282206e-17 -5.066781e-18 -1.040490e-18
6.897190e-19 3.439837e-18 1.588017e-17 6.664537e-17 2.447706e-16 7.374156e-16 1.689199e-15 2.823849e-15 3.579735e-15 3.981158e-15 4.417501e-15 4.400235e-15 3.202130e-15 1.420082e-15 2.307326e-16 -1.216375e-16 -9.918184e-17 -3.848721e-17 -1.096916e-17 -2.677436e-18 -5.910113e-19
4.317555e-19 2.089151e-18 9.291666e-18 3.765925e-17 1.351588e-16 4.059237e-16 9.438861e-16 1.622949e-15 2.171233e-15 2.678847e-15 3.349663e-15 3.641398e-15 2.884767e-15 1.517155e-15 4.882859e-16 7.283418e-17 -1.125704e-17 -1.045219e-17 -3.874143e-18 -1.102969e-18 -2.687833e-19
2.304607e-19 1.082388e-18 4.625639e-18 1.803089e-17 6.268625e-17 1.844636e-16 4.262419e-16 7.387002e-16 1.022153e-15 1.362417e-15 1.850162e-15 2.111410e-15 1.725999e-15 9.526786e-16 3.490440e-16 8.359136e-17 1.155750e-17 -3.026629e-19 -8.016548e-19 -3.256515e-19 -9.314984e-20
1.047099e-19 4.789560e-19 1.963902e-18 7.312459e-18 2.435982e-17 6.902894e-17 1.549302e-16 2.642680e-16 3.693037e-16 5.183457e-16 7.461654e-16 8.793165e-16 7.319578e-16 4.154529e-16 1.635469e-16 4.680350e-17 1.018005e-17 1.599216e-18 1.005481e-19 -4.180016e-20 -2.047304e-20
4.033276e-20 1.810892e-19 7.145534e-19 2.526187e-18 7.955371e-18 2.137217e-17 4.581223e-17 7.562782e-17 1.050311e-16 1.522300e-16 2.278269e-16 2.750189e-16 2.340017e-16 1.381717e-16 5.889319e-17 1.935934e-17 5.183846e-18 1.137006e-18 1.957109e-19 2.298610e-20 5.025442e-22
1.307271e-20 5.838065e-20 2.234705e-19 7.508502e-19 2.211788e-18 5.547285e-18 1.123763e-17 1.793481e-17 2.492550e-17 3.713527e-17 5.673623e-17 6.956875e-17 6.089874e-17 3.798300e-17 1.769751e-17 6.553703e-18 2.016020e-18 5.224408e-19 1.137515e-19 2.046090e-20 2.945534e-21
3.516211e-21 1.592713e-20 5.987769e-20 1.928014e-19 5.325763e-19 1.238495e-18 2.356055e-18 3.668539e-18 5.230958e-18 8.065392e-18 1.237426e-17 1.524080e-17 1.373391e-17 9.095946e-18 4.624342e-18 1.895750e-18 6.478866e-19 1.870976e-19 4.562694e-20 9.277703e-21 1.552831e-21
7.673019e-22 3.613382e-21 1.360105e-20 4.249629e-20 1.115471e-19 2.436256e-19 4.395907e-19 6.790876e-19 1.015125e-18 1.621590e-18 2.469884e-18 3.031832e-18 2.805068e-18 1.965995e-18 1.078062e-18 4.786896e-19 1.762896e-19 5.438376e-20 1.397948e-20 2.942625e-21 5.005071e-22
