-3.166596e+00 -3.869453e+00 0.000000e+00 -5.000000e+00 3.404191e-26 3.997168e-26 2.938751e-27 5.250321e-26
-3.103264e+00 -3.792064e+00 0.000000e+00 -4.900000e+00 9.483994e-26 1.117321e-25 1.182981e-26 1.465561e-25
-3.039932e+00 -3.714675e+00 0.000000e+00 -4.800000e+00 2.459084e-25 2.909618e-25 4.340209e-26 3.809589e-25
-2.976600e+00 -3.637286e+00 0.000000e+00 -4.700000e+00 5.902303e-25 7.023414e-25 1.447516e-25 9.174178e-25
-2.913268e+00 -3.559897e+00 0.000000e+00 -4.600000e+00 1.303704e-24 1.563066e-24 4.371931e-25 2.035391e-24
-2.849936e+00 -3.482508e+00 0.000000e+00 -4.500000e+00 2.636658e-24 3.192957e-24 1.188931e-24 4.140887e-24
-2.786604e+00 -3.405119e+00 0.000000e+00 -4.400000e+00 4.882193e-24 5.988491e-24 2.886880e-24 7.726437e-24
-2.723273e+00 -3.327730e+00 0.000000e+00 -4.300000e+00 8.410376e-24 1.046456e-23 6.183203e-24 1.342540e-23
-2.659941e+00 -3.250341e+00 0.000000e+00 -4.200000e+00 1.422894e-23 1.786656e-23 1.148800e-23 2.284024e-23
-2.596609e+00 -3.172952e+00 0.000000e+00 -4.100000e+00 2.619482e-23 3.260208e-23 1.816639e-23 4.182182e-23
-2.533277e+00 -3.095563e+00 0.000000e+00 -4.000000e+00 5.655541e-23 6.840730e-23 2.446924e-23 8.875851e-23
-2.469945e+00 -3.018174e+00 0.000000e+00 -3.900000e+00 1.365812e-22 1.604090e-22 3.192014e-23 2.106786e-22
-2.406613e+00 -2.940785e+00 0.000000e+00 -3.800000e+00 3.403876e-22 3.927225e-22 5.922813e-23 5.197063e-22
-2.343281e+00 -2.863396e+00 0.000000e+00 -3.700000e+00 8.871033e-22 1.015928e-21 1.603444e-22 1.348726e-21
-2.279949e+00 -2.786006e+00 0.000000e+00 -3.600000e+00 2.667972e-21 3.045348e-21 4.055158e-22 4.048730e-21
-2.216617e+00 -2.708617e+00 0.000000e+00 -3.500000e+00 9.561511e-21 1.087115e-20 7.652870e-22 1.447772e-20
-2.153285e+00 -2.631228e+00 0.000000e+00 -3.400000e+00 3.685891e-20 4.172446e-20 1.150465e-21 5.567324e-20
-2.089953e+00 -2.553839e+00 0.000000e+00 -3.300000e+00 1.373604e-19 1.549369e-19 3.638092e-21 2.070588e-19
-2.026621e+00 -2.476450e+00 0.000000e+00 -3.200000e+00 4.718287e-19 5.308178e-19 2.512115e-20 7.102041e-19
-1.963290e+00 -2.399061e+00 0.000000e+00 -3.100000e+00 1.477509e-18 1.659091e-18 1.454014e-19 2.221625e-18
-1.899958e+00 -2.321672e+00 0.000000e+00 -3.000000e+00 4.228989e-18 4.741944e-18 6.533893e-19 6.353769e-18
-1.836626e+00 -2.244283e+00 0.000000e+00 -2.900000e+00 1.113396e-17 1.247026e-17 2.425703e-18 1.671743e-17
-1.773294e+00 -2.166894e+00 0.000000e+00 -2.800000e+00 2.714332e-17 3.037204e-17 7.788004e-18 4.073353e-17
-1.709962e+00 -2.089505e+00 0.000000e+00 -2.700000e+00 6.164460e-17 6.891988e-17 2.226680e-17 9.246625e-17
-1.646630e+00 -2.012116e+00 0.000000e+00 -2.600000e+00 1.311022e-16 1.464662e-16 5.780491e-17 1.965710e-16
-1.583298e+00 -1.934727e+00 0.000000e+00 -2.500000e+00 2.622725e-16 2.928128e-16 1.381155e-16 3.930982e-16
-1.519966e+00 -1.857338e+00 0.000000e+00 -2.400000e+00 4.954448e-16 5.528048e-16 3.067718e-16 7.423333e-16
-1.456634e+00 -1.779949e+00 0.000000e+00 -2.300000e+00 8.867221e-16 9.888551e-16 6.382580e-16 1.328198e-15
-1.393302e+00 -1.702559e+00 0.000000e+00 -2.200000e+00 1.507974e-15 1.680886e-15 1.251435e-15 2.258177e-15
-1.329970e+00 -1.625170e+00 0.000000e+00 -2.100000e+00 2.442999e-15 2.722080e-15 2.323821e-15 3.657590e-15
-1.266638e+00 -1.547781e+00 0.000000e+00 -2.000000e+00 3.778917e-15 4.209339e-15 4.103740e-15 5.656744e-15
-1.203306e+00 -1.470392e+00 0.000000e+00 -1.900000e+00 5.592391e-15 6.228037e-15 6.916403e-15 8.370382e-15
-1.139975e+00 -1.393003e+00 0.000000e+00 -1.800000e+00 7.932104e-15 8.832615e-15 1.115933e-14 1.187154e-14
-1.076643e+00 -1.315614e+00 0.000000e+00 -1.700000e+00 1.080027e-14 1.202606e-14 1.728425e-14 1.616390e-14
-1.013311e+00 -1.238225e+00 0.000000e+00 -1.600000e+00 1.413650e-14 1.574199e-14 2.576218e-14 2.115776e-14
-9.499788e-01 -1.160836e+00 0.000000e+00 -1.500000e+00 1.780936e-14 1.983515e-14 3.703415e-14 2.665720e-14
-8.866469e-01 -1.083447e+00 0.000000e+00 -1.400000e+00 2.161793e-14 2.408290e-14 5.145220e-14 3.236234e-14
-8.233150e-01 -1.006058e+00 0.000000e+00 -1.300000e+00 2.530705e-14 2.820196e-14 6.921696e-14 3.789192e-14
-7.599830e-01 -9.286688e-01 0.000000e+00 -1.200000e+00 2.859278e-14 3.187645e-14 9.032445e-14 4.282120e-14
-6.966511e-01 -8.512797e-01 0.000000e+00 -1.100000e+00 3.119692e-14 3.479599e-14 1.145289e-13 4.673338e-14
-6.333192e-01 -7.738907e-01 0.000000e+00 -1.000000e+00 3.288233e-14 3.669509e-14 1.413315e-13 4.927248e-14
-5.699873e-01 -6.965016e-01 0.000000e+00 -9.000000e-01 3.348348e-14 3.738712e-14 1.699979e-13 5.018905e-14
-5.066554e-01 -6.191125e-01 0.000000e+00 -8.000000e-01 3.292545e-14 3.678590e-14 1.996021e-13 4.936890e-14
-4.433234e-01 -5.417235e-01 0.000000e+00 -7.000000e-01 3.122783e-14 3.491038e-14 2.290913e-13 4.683921e-14
-3.799915e-01 -4.643344e-01 0.000000e+00 -6.000000e-01 2.849316e-14 3.187229e-14 2.573620e-13 4.275164e-14
-3.166596e-01 -3.869453e-01 0.000000e+00 -5.000000e-01 2.488325e-14 2.785012e-14 2.833346e-13 3.734710e-14
-2.533277e-01 -3.095563e-01 0.000000e+00 -4.000000e-01 2.058922e-14 2.305604e-14 3.060198e-13 3.091111e-14
-1.899958e-01 -2.321672e-01 0.000000e+00 -3.000000e-01 1.580170e-14 1.770266e-14 3.245695e-13 2.372927e-14
-1.266638e-01 -1.547781e-01 0.000000e+00 -2.000000e-01 1.068930e-14 1.197923e-14 3.383068e-13 1.605501e-14
-6.333192e-02 -7.738907e-02 0.000000e+00 -1.000000e-01 5.387367e-15 6.038755e-15 3.467444e-13 8.092607e-15
-6.503911e-16 -7.947519e-16 0.000000e+00 -1.026956e-15 0.000000e+00 0.000000e+00 3.495894e-13 0.000000e+00
6.333192e-02 7.738907e-02 0.000000e+00 1.000000e-01 -5.387367e-15 -6.038755e-15 3.467444e-13 -8.092607e-15
1.266638e-01 1.547781e-01 0.000000e+00 2.000000e-01 -1.068930e-14 -1.197923e-14 3.383068e-13 -1.605501e-14
1.899958e-01 2.321672e-01 0.000000e+00 3.000000e-01 -1.580170e-14 -1.770266e-14 3.245695e-13 -2.372927e-14
2.533277e-01 3.095563e-01 0.000000e+00 4.000000e-01 -2.058922e-14 -2.305604e-14 3.060198e-13 -3.091111e-14
3.166596e-01 3.869453e-01 0.000000e+00 5.000000e-01 -2.488325e-14 -2.785012e-14 2.833346e-13 -3.734710e-14
3.799915e-01 4.643344e-01 0.000000e+00 6.000000e-01 -2.849316e-14 -3.187229e-14 2.573620e-13 -4.275164e-14
4.433234e-01 5.417235e-01 0.000000e+00 7.000000e-01 -3.122783e-14 -3.491038e-14 2.290913e-13 -4.683921e-14
5.066554e-01 6.191125e-01 0.000000e+00 8.000000e-01 -3.292545e-14 -3.678590e-14 1.996021e-13 -4.936890e-14
5.699873e-01 6.965016e-01 0.000000e+00 9.000000e-01 -3.348348e-14 -3.738712e-14 1.699979e-13 -5.018905e-14
6.333192e-01 7.738907e-01 0.000000e+00 1.000000e+00 -3.288233e-14 -3.669509e-14 1.413315e-13 -4.927248e-14
6.966511e-01 8.512797e-01 0.000000e+00 1.100000e+00 -3.119692e-14 -3.479599e-14 1.145289e-13 -4.673338e-14
7.599830e-01 9.286688e-01 0.000000e+00 1.200000e+00 -2.859278e-14 -3.187645e-14 9.032445e-14 -4.282120e-14
8.233150e-01 1.006058e+00 0.000000e+00 1.300000e+00 -2.530705e-14 -2.820196e-14 6.921696e-14 -3.789192e-14
8.866469e-01 1.083447e+00 0.000000e+00 1.400000e+00 -2.161793e-14 -2.408290e-14 5.145220e-14 -3.236234e-14
9.499788e-01 1.160836e+00 0.000000e+00 1.500000e+00 -1.780936e-14 -1.983515e-14 3.703415e-14 -2.665720e-14
1.013311e+00 1.238225e+00 0.000000e+00 1.600000e+00 -1.413650e-14 -1.574199e-14 2.576218e-14 -2.115776e-14
1.076643e+00 1.315614e+00 0.000000e+00 1.700000e+00 -1.080027e-14 -1.202606e-14 1.728425e-14 -1.616390e-14
1.139975e+00 1.393003e+00 0.000000e+00 1.800000e+00 -7.932104e-15 -8.832615e-15 1.115933e-14 -1.187154e-14
1.203306e+00 1.470392e+00 0.000000e+00 1.900000e+00 -5.592391e-15 -6.228037e-15 6.916403e-15 -8.370382e-15
1.266638e+00 1.547781e+00 0.000000e+00 2.000000e+00 -3.778917e-15 -4.209339e-15 4.103740e-15 -5.656744e-15
1.329970e+00 1.625170e+00 0.000000e+00 2.100000e+00 -2.442999e-15 -2.722080e-15 2.323821e-15 -3.657590e-15
1.393302e+00 1.702559e+00 0.000000e+00 2.200000e+00 -1.507974e-15 -1.680886e-15 1.251435e-15 -2.258177e-15
1.456634e+00 1.779949e+00 0.000000e+00 2.300000e+00 -8.867221e-16 -9.888551e-16 6.382580e-16 -1.328198e-15
1.519966e+00 1.857338e+00 0.000000e+00 2.400000e+00 -4.954448e-16 -5.528048e-16 3.067718e-16 -7.423333e-16
1.583298e+00 1.934727e+00 0.000000e+00 2.500000e+00 -2.622725e-16 -2.928128e-16 1.381155e-16 -3.930982e-16
1.646630e+00 2.012116e+00 0.000000e+00 2.600000e+00 -1.311022e-16 -1.464662e-16 5.780491e-17 -1.965710e-16
1.709962e+00 2.089505e+00 0.000000e+00 2.700000e+00 -6.164460e-17 -6.891988e-17 2.226680e-17 -9.246625e-17
1.773294e+00 2.166894e+00 0.000000e+00 2.800000e+00 -2.714332e-17 -3.037204e-17 7.788004e-18 -4.073353e-17
1.836626e+00 2.244283e+00 0.000000e+00 2.900000e+00 -1.113396e-17 -1.247026e-17 2.425703e-18 -1.671743e-17
1.899958e+00 2.321672e+00 0.000000e+00 3.000000e+00 -4.228989e-18 -4.741944e-18 6.533893e-19 -6.353769e-18
1.963290e+00 2.399061e+00 0.000000e+00 3.100000e+00 -1.477509e-18 -1.659091e-18 1.454014e-19 -2.221625e-18
2.026621e+00 2.476450e+00 0.000000e+00 3.200000e+00 -4.718287e-19 -5.308178e-19 2.512115e-20 -7.102041e-19
2.089953e+00 2.553839e+00 0.000000e+00 3.300000e+00 -1.373604e-19 -1.549369e-19 3.638092e-21 -2.070588e-19
2.153285e+00 2.631228e+00 0.000000e+00 3.400000e+00 -3.685891e-20 -4.172446e-20 1.150465e-21 -5.567324e-20
2.216617e+00 2.708617e+00 0.000000e+00 3.500000e+00 -9.561511e-21 -1.087115e-20 7.652870e-22 -1.447772e-20
2.279949e+00 2.786006e+00 0.000000e+00 3.600000e+00 -2.667972e-21 -3.045348e-21 4.055158e-22 -4.048730e-21
2.343281e+00 2.863396e+00 0.000000e+00 3.700000e+00 -8.871033e-22 -1.015928e-21 1.603444e-22 -1.348726e-21
2.406613e+00 2.940785e+00 0.000000e+00 3.800000e+00 -3.403876e-22 -3.927225e-22 5.922813e-23 -5.197063e-22
2.469945e+00 3.018174e+00 0.000000e+00 3.900000e+00 -1.365812e-22 -1.604090e-22 3.192014e-23 -2.106786e-22
2.533277e+00 3.095563e+00 0.000000e+00 4.000000e+00 -5.655541e-23 -6.840730e-23 2.446924e-23 -8.875851e-23
2.596609e+00 3.172952e+00 0.000000e+00 4.100000e+00 -2.619482e-23 -3.260208e-23 1.816639e-23 -4.182182e-23
2.659941e+00 3.250341e+00 0.000000e+00 4.200000e+00 -1.422894e-23 -1.786656e-23 1.148800e-23 -2.284024e-23
2.723273e+00 3.327730e+00 0.000000e+00 4.300000e+00 -8.410376e-24 -1.046456e-23 6.183203e-24 -1.342540e-23
2.786604e+00 3.405119e+00 0.000000e+00 4.400000e+00 -4.882193e-24 -5.988491e-24 2.886880e-24 -7.726437e-24
2.849936e+00 3.482508e+00 0.000000e+00 4.500000e+00 -2.636658e-24 -3.192957e-24 1.188931e-24 -4.140887e-24
2.913268e+00 3.559897e+00 0.000000e+00 4.600000e+00 -1.303704e-24 -1.563066e-24 4.371931e-25 -2.035391e-24
2.976600e+00 3.637286e+00 0.000000e+00 4.700000e+00 -5.902303e-25 -7.023414e-25 1.447516e-25 -9.174178e-25
3.039932e+00 3.714675e+00 0.000000e+00 4.800000e+00 -2.459084e-25 -2.909618e-25 4.340209e-26 -3.809589e-25
3.103264e+00 3.792064e+00 0.000000e+00 4.900000e+00 -9.483994e-26 -1.117321e-25 1.182981e-26 -1.465561e-25
3.166596e+00 3.869453e+00 0.000000e+00 5.000000e+00 -3.404191e-26 -3.997168e-26 2.938751e-27 -5.250321e-26
