Iteration# z ADDATime OurCalcTime
1.0000000000 -0.0500000000 0.0000000000 41.7100000000
2.0000000000 0.0000000000 0.0000000000 41.4600000000
3.0000000000 0.0500000000 0.0000000000 41.5800000000
4.0000000000 0.1000000000 0.0000000000 41.7300000000
5.0000000000 0.1500000000 0.0000000000 41.8700000000
6.0000000000 0.2000000000 0.0000000000 41.7300000000
7.0000000000 0.2500000000 0.0000000000 41.4500000000
8.0000000000 0.3000000000 0.0000000000 41.1700000000
9.0000000000 0.2750000000 0.0100000000 41.2700000000
10.0000000000 0.2625000000 0.0000000000 41.2800000000
11.0000000000 0.2562500000 0.0000000000 41.1900000000
12.0000000000 0.2531250000 0.0100000000 41.2500000000
13.0000000000 0.2562500000 0.0000000000 42.0300000000
14.0000000000 0.2546875000 0.0000000000 42.0600000000
1.0000000000 0.2562500000 0.0000000000 41.4800000000
2.0000000000 0.2578125000 0.0100000000 41.4000000000
3.0000000000 0.2593750000 0.0000000000 41.7700000000
4.0000000000 0.2609375000 0.0100000000 41.8400000000
5.0000000000 0.2625000000 0.0000000000 41.1900000000
6.0000000000 0.2640625000 0.0100000000 41.0700000000
7.0000000000 0.2656250000 0.0100000000 41.4600000000
8.0000000000 0.2671875000 0.0100000000 41.4800000000
9.0000000000 0.2664062500 0.0000000000 41.2600000000
10.0000000000 0.2660156250 0.0000000000 41.2100000000
11.0000000000 0.2664062500 0.0000000000 40.7700000000
12.0000000000 0.2662109375 0.0000000000 41.1200000000
1.0000000000 0.2664062500 0.0000000000 41.5100000000
2.0000000000 0.2666015625 0.0100000000 41.0000000000
3.0000000000 0.2667968750 0.0000000000 41.4500000000
4.0000000000 0.2669921875 0.0000000000 41.0300000000
5.0000000000 0.2671875000 0.0000000000 41.1100000000
6.0000000000 0.2673828125 0.0000000000 41.0800000000
7.0000000000 0.2675781250 0.0000000000 40.7400000000
8.0000000000 0.2677734375 0.0000000000 41.1000000000
9.0000000000 0.2679687500 0.0100000000 41.5800000000
10.0000000000 0.2681640625 0.0000000000 40.9300000000
11.0000000000 0.2683593750 0.0000000000 40.7400000000
12.0000000000 0.2685546875 0.0000000000 41.1600000000
13.0000000000 0.2687500000 0.0000000000 41.4300000000
14.0000000000 0.2689453125 0.0000000000 41.4400000000
15.0000000000 0.2691406250 0.0100000000 41.2300000000
16.0000000000 0.2693359375 0.0000000000 41.2600000000
17.0000000000 0.2695312500 0.0000000000 41.3400000000
18.0000000000 0.2697265625 0.0000000000 41.3200000000
19.0000000000 0.2699218750 0.0000000000 41.0000000000
20.0000000000 0.2701171875 0.0000000000 40.9700000000
21.0000000000 0.2703125000 0.0000000000 41.1700000000
22.0000000000 0.2705078125 0.0000000000 41.3800000000
23.0000000000 0.2707031250 0.0000000000 42.1800000000
24.0000000000 0.2708984375 0.0000000000 41.1100000000
25.0000000000 0.2710937500 0.0000000000 40.9800000000
26.0000000000 0.2712890625 0.0000000000 40.8600000000
27.0000000000 0.2714843750 0.0000000000 41.0500000000
28.0000000000 0.2716796875 0.0000000000 40.5600000000
29.0000000000 0.2718750000 0.0000000000 41.2300000000
30.0000000000 0.2720703125 0.0000000000 41.1300000000
31.0000000000 0.2722656250 0.0000000000 42.0900000000
32.0000000000 0.2724609375 0.0000000000 41.5400000000
33.0000000000 0.2726562500 0.0000000000 41.0400000000
34.0000000000 0.2728515625 0.0100000000 41.1800000000
35.0000000000 0.2730468750 0.0100000000 41.2300000000
36.0000000000 0.2732421875 0.0000000000 41.3000000000
37.0000000000 0.2734375000 0.0000000000 41.6800000000
38.0000000000 0.2736328125 0.0000000000 41.2600000000
39.0000000000 0.2738281250 0.0000000000 41.2600000000
40.0000000000 0.2740234375 0.0000000000 42.1600000000
41.0000000000 0.2742187500 0.0100000000 41.0100000000
42.0000000000 0.2744140625 0.0000000000 42.3400000000
43.0000000000 0.2746093750 0.0000000000 40.8400000000
44.0000000000 0.2748046875 0.0100000000 40.9200000000
45.0000000000 0.2750000000 0.0000000000 40.9700000000
46.0000000000 0.2751953125 0.0000000000 41.0300000000
47.0000000000 0.2753906250 0.0000000000 41.0400000000
48.0000000000 0.2755859375 0.0000000000 41.2400000000
49.0000000000 0.2757812500 0.0000000000 41.5200000000
50.0000000000 0.2759765625 0.0000000000 41.1100000000
51.0000000000 0.2761718750 0.0000000000 41.1400000000
52.0000000000 0.2763671875 0.0100000000 40.6700000000
53.0000000000 0.2762695312 0.0100000000 40.6300000000
