0.0000000000 -5.0000000000 0.0000000000 -0.0000000000 -0.0000000000 0.0000000000
0.0000000000 -4.9000000000 0.0000000000 -0.0000000000 -0.0000000000 0.0000000000
0.0000000000 -4.8000000000 0.0000000000 -0.0000000000 -0.0000000000 0.0000000000
0.0000000000 -4.7000000000 0.0000000000 -0.0000000000 -0.0000000000 0.0000000000
0.0000000000 -4.6000000000 0.0000000000 -0.0000000000 -0.0000000000 0.0000000000
0.0000000000 -4.5000000000 0.0000000000 0.0000000000 -0.0000000000 0.0000000000
0.0000000000 -4.4000000000 0.0000000000 0.0000000000 -0.0000000000 0.0000000000
0.0000000000 -4.3000000000 0.0000000000 0.0000000000 -0.0000000000 0.0000000000
0.0000000000 -4.2000000000 0.0000000000 0.0000000000 -0.0000000000 0.0000000000
0.0000000000 -4.1000000000 0.0000000000 0.0000000000 -0.0000000000 0.0000000000
0.0000000000 -4.0000000000 0.0000000000 0.0000000000 -0.0000000001 0.0000000000
0.0000000000 -3.9000000000 0.0000000000 0.0000000000 -0.0000000002 0.0000000000
0.0000000000 -3.8000000000 0.0000000000 0.0000000000 -0.0000000004 0.0000000001
0.0000000000 -3.7000000000 0.0000000000 0.0000000000 -0.0000000013 0.0000000002
0.0000000000 -3.6000000000 0.0000000000 0.0000000000 -0.0000000057 0.0000000000
0.0000000000 -3.5000000000 0.0000000000 -0.0000000000 -0.0000000265 0.0000000004
0.0000000000 -3.4000000000 0.0000000000 -0.0000000000 -0.0000001112 0.0000000085
0.0000000000 -3.3000000000 0.0000000000 -0.0000000000 -0.0000004114 0.0000000589
0.0000000000 -3.2000000000 0.0000000000 -0.0000000001 -0.0000013497 0.0000002772
0.0000000000 -3.1000000000 0.0000000000 0.0000000001 -0.0000039813 0.0000010392
0.0000000000 -3.0000000000 0.0000000000 0.0000000008 -0.0000106923 0.0000033187
0.0000000000 -2.9000000000 0.0000000000 0.0000000038 -0.0000264137 0.0000093492
0.0000000000 -2.8000000000 0.0000000000 0.0000000129 -0.0000605189 0.0000237314
0.0000000000 -2.7000000000 0.0000000000 0.0000000366 -0.0001294716 0.0000550444
0.0000000000 -2.6000000000 0.0000000000 0.0000000911 -0.0002600793 0.0001178323
0.0000000000 -2.5000000000 0.0000000000 0.0000002042 -0.0004928919 0.0002345394
0.0000000000 -2.4000000000 0.0000000000 0.0000004183 -0.0008849334 0.0004366210
0.0000000000 -2.3000000000 0.0000000000 0.0000007912 -0.0015106743 0.0007638711
0.0000000000 -2.2000000000 0.0000000000 0.0000013891 -0.0024601663 0.0012611070
0.0000000000 -2.1000000000 0.0000000000 0.0000022688 -0.0038334718 0.0019720536
0.0000000000 -2.0000000000 0.0000000000 0.0000034406 -0.0057311756 0.0029313402
0.0000000000 -1.9000000000 0.0000000000 0.0000048048 -0.0082416127 0.0041570473
0.0000000000 -1.8000000000 0.0000000000 0.0000060570 -0.0114260968 0.0056470611
0.0000000000 -1.7000000000 0.0000000000 0.0000065603 -0.0153045264 0.0073824355
0.0000000000 -1.6000000000 0.0000000000 0.0000051941 -0.0198423509 0.0093404448
0.0000000000 -1.5000000000 0.0000000000 0.0000002010 -0.0249418334 0.0115149989
0.0000000000 -1.4000000000 0.0000000000 -0.0000109247 -0.0304384406 0.0139416270
0.0000000000 -1.3000000000 0.0000000000 -0.0000314381 -0.0361023186 0.0167174519
0.0000000000 -1.2000000000 0.0000000000 -0.0000652448 -0.0416462477 0.0200085535
0.0000000000 -1.1000000000 0.0000000000 -0.0001164603 -0.0467357806 0.0240333031
0.0000000000 -1.0000000000 0.0000000000 -0.0001888817 -0.0510082549 0.0290219466
0.0000000000 -0.9000000000 0.0000000000 -0.0002852204 -0.0540939696 0.0351528882
0.0000000000 -0.8000000000 0.0000000000 -0.0004061409 -0.0556452047 0.0424815050
0.0000000000 -0.7000000000 0.0000000000 -0.0005496291 -0.0553659332 0.0508734018
0.0000000000 -0.6000000000 0.0000000000 -0.0007102616 -0.0530459754 0.0599670502
0.0000000000 -0.5000000000 0.0000000000 -0.0008794741 -0.0485913965 0.0691771439
0.0000000000 -0.4000000000 0.0000000000 -0.0010458824 -0.0420472405 0.0777519100
0.0000000000 -0.3000000000 0.0000000000 -0.0011965080 -0.0336091495 0.0848696864
0.0000000000 -0.2000000000 0.0000000000 -0.0013184803 -0.0236185610 0.0897678905
0.0000000000 -0.1000000000 0.0000000000 -0.0014006331 -0.0125415451 0.0918771522
0.0000000000 -0.0000000000 0.0000000000 -0.0014352896 -0.0009312979 0.0909187244
0.0000000000 0.1000000000 0.0000000000 -0.0014195359 0.0106201449 0.0869667664
0.0000000000 0.2000000000 0.0000000000 -0.0013551930 0.0215344787 0.0804290924
0.0000000000 0.3000000000 0.0000000000 -0.0012489517 0.0312961501 0.0719882947
0.0000000000 0.4000000000 0.0000000000 -0.0011111353 0.0394922516 0.0624863717
0.0000000000 0.5000000000 0.0000000000 -0.0009540316 0.0458375675 0.0527849416
0.0000000000 0.6000000000 0.0000000000 -0.0007902590 0.0501844026 0.0436428200
0.0000000000 0.7000000000 0.0000000000 -0.0006312732 0.0525168303 0.0356113414
0.0000000000 0.8000000000 0.0000000000 -0.0004859125 0.0529357447 0.0289885525
0.0000000000 0.9000000000 0.0000000000 -0.0003601904 0.0516367633 0.0238251113
0.0000000000 1.0000000000 0.0000000000 -0.0002568765 0.0488843051 0.0199657711
0.0000000000 1.1000000000 0.0000000000 -0.0001761024 0.0449869514 0.0171260046
0.0000000000 1.2000000000 0.0000000000 -0.0001158799 0.0402750551 0.0149754554
0.0000000000 1.3000000000 0.0000000000 -0.0000730985 0.0350794972 0.0132103570
0.0000000000 1.4000000000 0.0000000000 -0.0000441114 0.0297128859 0.0116020878
0.0000000000 1.5000000000 0.0000000000 -0.0000253933 0.0244530149 0.0100198009
0.0000000000 1.6000000000 0.0000000000 -0.0000138827 0.0195299688 0.0084238958
0.0000000000 1.7000000000 0.0000000000 -0.0000071522 0.0151152215 0.0068429623
0.0000000000 1.8000000000 0.0000000000 -0.0000034162 0.0113177030 0.0053418061
0.0000000000 1.9000000000 0.0000000000 -0.0000014613 0.0081829174 0.0039908881
0.0000000000 2.0000000000 0.0000000000 -0.0000005086 0.0057012094 0.0028443845
0.0000000000 2.1000000000 0.0000000000 -0.0000000888 0.0038190930 0.0019283856
0.0000000000 2.2000000000 0.0000000000 0.0000000654 0.0024537329 0.0012401613
0.0000000000 2.3000000000 0.0000000000 0.0000000986 0.0015080417 0.0007543451
0.0000000000 2.4000000000 0.0000000000 0.0000000848 0.0008840004 0.0004325608
0.0000000000 2.5000000000 0.0000000000 0.0000000590 0.0004926546 0.0002329430
0.0000000000 2.6000000000 0.0000000000 0.0000000358 0.0002600865 0.0001172662
0.0000000000 2.7000000000 0.0000000000 0.0000000194 0.0001295381 0.0000548708
0.0000000000 2.8000000000 0.0000000000 0.0000000094 0.0000605789 0.0000236883
0.0000000000 2.9000000000 0.0000000000 0.0000000041 0.0000264521 0.0000093427
0.0000000000 3.0000000000 0.0000000000 0.0000000016 0.0000107122 0.0000033196
0.0000000000 3.1000000000 0.0000000000 0.0000000005 0.0000039899 0.0000010405
0.0000000000 3.2000000000 0.0000000000 0.0000000001 0.0000013527 0.0000002779
0.0000000000 3.3000000000 0.0000000000 0.0000000000 0.0000004122 0.0000000593
0.0000000000 3.4000000000 0.0000000000 0.0000000000 0.0000001113 0.0000000087
0.0000000000 3.5000000000 0.0000000000 -0.0000000000 0.0000000264 0.0000000005
0.0000000000 3.6000000000 0.0000000000 -0.0000000000 0.0000000057 0.0000000000
0.0000000000 3.7000000000 0.0000000000 -0.0000000000 0.0000000013 0.0000000002
0.0000000000 3.8000000000 0.0000000000 0.0000000000 0.0000000004 0.0000000001
0.0000000000 3.9000000000 0.0000000000 -0.0000000000 0.0000000002 0.0000000000
0.0000000000 4.0000000000 0.0000000000 -0.0000000000 0.0000000001 0.0000000000
0.0000000000 4.1000000000 0.0000000000 -0.0000000000 0.0000000000 0.0000000000
0.0000000000 4.2000000000 0.0000000000 -0.0000000000 0.0000000000 0.0000000000
0.0000000000 4.3000000000 0.0000000000 0.0000000000 0.0000000000 0.0000000000
0.0000000000 4.4000000000 0.0000000000 0.0000000000 0.0000000000 0.0000000000
0.0000000000 4.5000000000 0.0000000000 0.0000000000 0.0000000000 0.0000000000
0.0000000000 4.6000000000 0.0000000000 0.0000000000 0.0000000000 0.0000000000
0.0000000000 4.7000000000 0.0000000000 0.0000000000 0.0000000000 0.0000000000
0.0000000000 4.8000000000 0.0000000000 0.0000000000 0.0000000000 0.0000000000
0.0000000000 4.9000000000 0.0000000000 0.0000000000 0.0000000000 0.0000000000
0.0000000000 5.0000000000 0.0000000000 0.0000000000 0.0000000000 0.0000000000
