0.0000000000 -5.0000000000 0.0000000000 -0.0000000000 -0.0000000000 0.0000000000
0.0000000000 -4.9000000000 0.0000000000 -0.0000000000 -0.0000000000 0.0000000000
0.0000000000 -4.8000000000 0.0000000000 -0.0000000000 -0.0000000000 0.0000000000
0.0000000000 -4.7000000000 0.0000000000 -0.0000000000 -0.0000000000 0.0000000000
0.0000000000 -4.6000000000 0.0000000000 -0.0000000000 -0.0000000000 0.0000000000
0.0000000000 -4.5000000000 0.0000000000 -0.0000000000 -0.0000000000 0.0000000000
0.0000000000 -4.4000000000 0.0000000000 0.0000000000 -0.0000000000 0.0000000000
0.0000000000 -4.3000000000 0.0000000000 0.0000000000 -0.0000000000 0.0000000000
0.0000000000 -4.2000000000 0.0000000000 0.0000000000 -0.0000000000 0.0000000000
0.0000000000 -4.1000000000 0.0000000000 0.0000000000 -0.0000000000 0.0000000000
0.0000000000 -4.0000000000 0.0000000000 0.0000000000 -0.0000000001 0.0000000000
0.0000000000 -3.9000000000 0.0000000000 0.0000000000 -0.0000000002 0.0000000000
0.0000000000 -3.8000000000 0.0000000000 0.0000000000 -0.0000000004 0.0000000001
0.0000000000 -3.7000000000 0.0000000000 0.0000000000 -0.0000000013 0.0000000001
0.0000000000 -3.6000000000 0.0000000000 0.0000000000 -0.0000000055 0.0000000000
0.0000000000 -3.5000000000 0.0000000000 -0.0000000000 -0.0000000255 0.0000000005
0.0000000000 -3.4000000000 0.0000000000 -0.0000000000 -0.0000001077 0.0000000090
0.0000000000 -3.3000000000 0.0000000000 -0.0000000001 -0.0000004000 0.0000000607
0.0000000000 -3.2000000000 0.0000000000 -0.0000000002 -0.0000013154 0.0000002831
0.0000000000 -3.1000000000 0.0000000000 -0.0000000004 -0.0000038872 0.0000010566
0.0000000000 -3.0000000000 0.0000000000 -0.0000000007 -0.0000104557 0.0000033654
0.0000000000 -2.9000000000 0.0000000000 -0.0000000005 -0.0000258665 0.0000094665
0.0000000000 -2.8000000000 0.0000000000 0.0000000019 -0.0000593482 0.0000240064
0.0000000000 -2.7000000000 0.0000000000 0.0000000110 -0.0001271488 0.0000556463
0.0000000000 -2.6000000000 0.0000000000 0.0000000364 -0.0002557956 0.0001190621
0.0000000000 -2.5000000000 0.0000000000 0.0000000964 -0.0004855431 0.0002368773
0.0000000000 -2.4000000000 0.0000000000 0.0000002233 -0.0008731945 0.0004407485
0.0000000000 -2.3000000000 0.0000000000 0.0000004705 -0.0014932467 0.0007705901
0.0000000000 -2.2000000000 0.0000000000 0.0000009215 -0.0024361736 0.0012710821
0.0000000000 -2.1000000000 0.0000000000 0.0000017013 -0.0038029678 0.0019852346
0.0000000000 -2.0000000000 0.0000000000 0.0000029898 -0.0056957179 0.0029460325
0.0000000000 -1.9000000000 0.0000000000 0.0000050326 -0.0082044556 0.0041684102
0.0000000000 -1.8000000000 0.0000000000 0.0000081428 -0.0113921523 0.0056453138
0.0000000000 -1.7000000000 0.0000000000 0.0000126835 -0.0152792663 0.0073509998
0.0000000000 -1.6000000000 0.0000000000 0.0000190113 -0.0198305179 0.0092542898
0.0000000000 -1.5000000000 0.0000000000 0.0000273723 -0.0249459225 0.0113407715
0.0000000000 -1.4000000000 0.0000000000 0.0000377438 -0.0304568865 0.0136399720
0.0000000000 -1.3000000000 0.0000000000 0.0000496355 -0.0361287064 0.0162484939
0.0000000000 -1.2000000000 0.0000000000 0.0000618990 -0.0416688469 0.0193413594
0.0000000000 -1.1000000000 0.0000000000 0.0000726067 -0.0467391154 0.0231607495
0.0000000000 -1.0000000000 0.0000000000 0.0000790440 -0.0509760811 0.0279764227
0.0000000000 -0.9000000000 0.0000000000 0.0000779661 -0.0540131292 0.0340226695
0.0000000000 -0.8000000000 0.0000000000 0.0000660671 -0.0555080174 0.0414234394
0.0000000000 -0.7000000000 0.0000000000 0.0000406391 -0.0551727549 0.0501154404
0.0000000000 -0.6000000000 0.0000000000 0.0000002615 -0.0528052353 0.0598002535
0.0000000000 -0.5000000000 0.0000000000 -0.0000546009 -0.0483169971 0.0699310130
0.0000000000 -0.4000000000 0.0000000000 -0.0001209447 -0.0417545635 0.0797593074
0.0000000000 -0.3000000000 0.0000000000 -0.0001936687 -0.0333117461 0.0884212238
0.0000000000 -0.2000000000 0.0000000000 -0.0002658665 -0.0233238886 0.0950660733
0.0000000000 -0.1000000000 0.0000000000 -0.0003299394 -0.0122486636 0.0989921859
0.0000000000 -0.0000000000 0.0000000000 -0.0003786546 -0.0006309236 0.0997676867
0.0000000000 0.1000000000 0.0000000000 -0.0004066606 0.0109432646 0.0973045467
0.0000000000 0.2000000000 0.0000000000 -0.0004111713 0.0218971939 0.0918749521
0.0000000000 0.3000000000 0.0000000000 -0.0003924566 0.0317117899 0.0840646868
0.0000000000 0.4000000000 0.0000000000 -0.0003537102 0.0399661994 0.0746733718
0.0000000000 0.5000000000 0.0000000000 -0.0003004601 0.0463647294 0.0645785107
0.0000000000 0.6000000000 0.0000000000 -0.0002392473 0.0507486605 0.0546072300
0.0000000000 0.7000000000 0.0000000000 -0.0001768907 0.0530943586 0.0454182129
0.0000000000 0.8000000000 0.0000000000 -0.0001191490 0.0534989887 0.0374392218
0.0000000000 0.9000000000 0.0000000000 -0.0000701285 0.0521577549 0.0308452424
0.0000000000 1.0000000000 0.0000000000 -0.0000320600 0.0493402390 0.0255916486
0.0000000000 1.1000000000 0.0000000000 -0.0000052794 0.0453629864 0.0214779829
0.0000000000 1.2000000000 0.0000000000 0.0000112670 0.0405653218 0.0182261956
0.0000000000 1.3000000000 0.0000000000 0.0000195430 0.0352863747 0.0155554372
0.0000000000 1.4000000000 0.0000000000 0.0000218682 0.0298460958 0.0132356188
0.0000000000 1.5000000000 0.0000000000 0.0000204582 0.0245267326 0.0111177612
0.0000000000 1.6000000000 0.0000000000 0.0000171366 0.0195595101 0.0091354510
0.0000000000 1.7000000000 0.0000000000 0.0000132247 0.0151154796 0.0072867056
0.0000000000 1.8000000000 0.0000000000 0.0000095415 0.0113006887 0.0056072783
0.0000000000 1.9000000000 0.0000000000 0.0000064886 0.0081581878 0.0041427041
0.0000000000 2.0000000000 0.0000000000 0.0000041805 0.0056752903 0.0029268183
0.0000000000 2.1000000000 0.0000000000 0.0000025592 0.0037958259 0.0019705733
0.0000000000 2.2000000000 0.0000000000 0.0000014907 0.0024349111 0.0012602894
0.0000000000 2.3000000000 0.0000000000 0.0000008263 0.0014939905 0.0007631485
0.0000000000 2.4000000000 0.0000000000 0.0000004352 0.0008742412 0.0004360007
0.0000000000 2.5000000000 0.0000000000 0.0000002172 0.0004863228 0.0002340883
0.0000000000 2.6000000000 0.0000000000 0.0000001023 0.0002562476 0.0001175571
0.0000000000 2.7000000000 0.0000000000 0.0000000451 0.0001273668 0.0000549029
0.0000000000 2.8000000000 0.0000000000 0.0000000185 0.0000594374 0.0000236718
0.0000000000 2.9000000000 0.0000000000 0.0000000069 0.0000258971 0.0000093306
0.0000000000 3.0000000000 0.0000000000 0.0000000023 0.0000104642 0.0000033164
0.0000000000 3.1000000000 0.0000000000 0.0000000007 0.0000038890 0.0000010413
0.0000000000 3.2000000000 0.0000000000 0.0000000002 0.0000013156 0.0000002793
0.0000000000 3.3000000000 0.0000000000 0.0000000000 0.0000004000 0.0000000601
0.0000000000 3.4000000000 0.0000000000 0.0000000000 0.0000001078 0.0000000090
0.0000000000 3.5000000000 0.0000000000 -0.0000000000 0.0000000255 0.0000000006
0.0000000000 3.6000000000 0.0000000000 -0.0000000000 0.0000000055 0.0000000000
0.0000000000 3.7000000000 0.0000000000 -0.0000000000 0.0000000013 0.0000000001
0.0000000000 3.8000000000 0.0000000000 -0.0000000000 0.0000000004 0.0000000001
0.0000000000 3.9000000000 0.0000000000 -0.0000000000 0.0000000002 0.0000000000
0.0000000000 4.0000000000 0.0000000000 -0.0000000000 0.0000000001 0.0000000000
0.0000000000 4.1000000000 0.0000000000 -0.0000000000 0.0000000000 0.0000000000
0.0000000000 4.2000000000 0.0000000000 0.0000000000 0.0000000000 0.0000000000
0.0000000000 4.3000000000 0.0000000000 0.0000000000 0.0000000000 0.0000000000
0.0000000000 4.4000000000 0.0000000000 0.0000000000 0.0000000000 0.0000000000
0.0000000000 4.5000000000 0.0000000000 0.0000000000 0.0000000000 0.0000000000
0.0000000000 4.6000000000 0.0000000000 0.0000000000 0.0000000000 0.0000000000
0.0000000000 4.7000000000 0.0000000000 0.0000000000 0.0000000000 0.0000000000
0.0000000000 4.8000000000 0.0000000000 0.0000000000 0.0000000000 0.0000000000
0.0000000000 4.9000000000 0.0000000000 0.0000000000 0.0000000000 0.0000000000
0.0000000000 5.0000000000 0.0000000000 0.0000000000 0.0000000000 0.0000000000
