0.0000000000 -5.0000000000 0.0000000000 -0.0000000000 -0.0000000000 0.0000000000
0.0000000000 -4.9000000000 0.0000000000 -0.0000000000 -0.0000000000 0.0000000000
0.0000000000 -4.8000000000 0.0000000000 -0.0000000000 -0.0000000000 0.0000000000
0.0000000000 -4.7000000000 0.0000000000 -0.0000000000 -0.0000000000 0.0000000000
0.0000000000 -4.6000000000 0.0000000000 0.0000000000 -0.0000000000 0.0000000000
0.0000000000 -4.5000000000 0.0000000000 0.0000000000 -0.0000000000 0.0000000000
0.0000000000 -4.4000000000 0.0000000000 0.0000000000 -0.0000000000 0.0000000000
0.0000000000 -4.3000000000 0.0000000000 0.0000000000 -0.0000000000 0.0000000000
0.0000000000 -4.2000000000 0.0000000000 0.0000000000 -0.0000000000 0.0000000000
0.0000000000 -4.1000000000 0.0000000000 0.0000000000 -0.0000000000 0.0000000000
0.0000000000 -4.0000000000 0.0000000000 0.0000000000 -0.0000000001 0.0000000000
0.0000000000 -3.9000000000 0.0000000000 0.0000000000 -0.0000000002 0.0000000000
0.0000000000 -3.8000000000 0.0000000000 0.0000000000 -0.0000000004 0.0000000001
0.0000000000 -3.7000000000 0.0000000000 0.0000000000 -0.0000000012 0.0000000001
0.0000000000 -3.6000000000 0.0000000000 -0.0000000000 -0.0000000052 0.0000000000
0.0000000000 -3.5000000000 0.0000000000 -0.0000000000 -0.0000000245 0.0000000006
0.0000000000 -3.4000000000 0.0000000000 -0.0000000000 -0.0000001042 0.0000000096
0.0000000000 -3.3000000000 0.0000000000 -0.0000000000 -0.0000003892 0.0000000634
0.0000000000 -3.2000000000 0.0000000000 -0.0000000001 -0.0000012864 0.0000002921
0.0000000000 -3.1000000000 0.0000000000 -0.0000000001 -0.0000038180 0.0000010817
0.0000000000 -3.0000000000 0.0000000000 -0.0000000000 -0.0000103072 0.0000034243
0.0000000000 -2.9000000000 0.0000000000 0.0000000008 -0.0000255782 0.0000095810
0.0000000000 -2.8000000000 0.0000000000 0.0000000039 -0.0000588416 0.0000241782
0.0000000000 -2.7000000000 0.0000000000 0.0000000133 -0.0001263426 0.0000557781
0.0000000000 -2.6000000000 0.0000000000 0.0000000373 -0.0002546418 0.0001187660
0.0000000000 -2.5000000000 0.0000000000 0.0000000925 -0.0004840707 0.0002350812
0.0000000000 -2.4000000000 0.0000000000 0.0000002067 -0.0008715665 0.0004349715
0.0000000000 -2.3000000000 0.0000000000 0.0000004223 -0.0014917594 0.0007557643
0.0000000000 -2.2000000000 0.0000000000 0.0000007926 -0.0024352166 0.0012378277
0.0000000000 -2.1000000000 0.0000000000 0.0000013656 -0.0038028575 0.0019175096
0.0000000000 -2.0000000000 0.0000000000 0.0000021432 -0.0056962815 0.0028182508
0.0000000000 -1.9000000000 0.0000000000 0.0000030071 -0.0082045331 0.0039423055
0.0000000000 -1.8000000000 0.0000000000 0.0000035965 -0.0113886693 0.0052667520
0.0000000000 -1.7000000000 0.0000000000 0.0000031462 -0.0152663704 0.0067471403
0.0000000000 -1.6000000000 0.0000000000 0.0000003007 -0.0197984804 0.0083313501
0.0000000000 -1.5000000000 0.0000000000 -0.0000070548 -0.0248799675 0.0099822510
0.0000000000 -1.4000000000 0.0000000000 -0.0000218803 -0.0303368737 0.0117049013
0.0000000000 -1.3000000000 0.0000000000 -0.0000479135 -0.0359297515 0.0135705841
0.0000000000 -1.2000000000 0.0000000000 -0.0000893703 -0.0413622837 0.0157265554
0.0000000000 -1.1000000000 0.0000000000 -0.0001504151 -0.0462970131 0.0183848498
0.0000000000 -1.0000000000 0.0000000000 -0.0002343120 -0.0503756087 0.0217859041
0.0000000000 -0.9000000000 0.0000000000 -0.0003425719 -0.0532417210 0.0261383859
0.0000000000 -0.8000000000 0.0000000000 -0.0004740136 -0.0545703848 0.0315487715
0.0000000000 -0.7000000000 0.0000000000 -0.0006242394 -0.0540947327 0.0379568251
0.0000000000 -0.6000000000 0.0000000000 -0.0007853041 -0.0516356382 0.0450952968
0.0000000000 -0.5000000000 0.0000000000 -0.0009465430 -0.0471259440 0.0524890166
0.0000000000 -0.4000000000 0.0000000000 -0.0010953332 -0.0406283973 0.0594998881
0.0000000000 -0.3000000000 0.0000000000 -0.0012189674 -0.0323427415 0.0654151428
0.0000000000 -0.2000000000 0.0000000000 -0.0013063739 -0.0225986835 0.0695629432
0.0000000000 -0.1000000000 0.0000000000 -0.0013497496 -0.0118368392 0.0714285224
0.0000000000 -0.0000000000 0.0000000000 -0.0013458181 -0.0005740198 0.0707487019
0.0000000000 0.1000000000 0.0000000000 -0.0012961709 0.0106374506 0.0675689597
0.0000000000 0.2000000000 0.0000000000 -0.0012067901 0.0212560700 0.0622313130
0.0000000000 0.3000000000 0.0000000000 -0.0010870777 0.0307944618 0.0553241410
0.0000000000 0.4000000000 0.0000000000 -0.0009483189 0.0388541451 0.0475755587
0.0000000000 0.5000000000 0.0000000000 -0.0008019035 0.0451505278 0.0397352807
0.0000000000 0.6000000000 0.0000000000 -0.0006579815 0.0495238230 0.0324572703
0.0000000000 0.7000000000 0.0000000000 -0.0005245616 0.0519371835 0.0262130637
0.0000000000 0.8000000000 0.0000000000 -0.0004067251 0.0524678028 0.0212437517
0.0000000000 0.9000000000 0.0000000000 -0.0003071438 0.0512872666 0.0175629477
0.0000000000 1.0000000000 0.0000000000 -0.0002261265 0.0486416598 0.0150012759
0.0000000000 1.1000000000 0.0000000000 -0.0001624212 0.0448280131 0.0132729313
0.0000000000 1.2000000000 0.0000000000 -0.0001138664 0.0401726683 0.0120541333
0.0000000000 1.3000000000 0.0000000000 -0.0000778721 0.0350084390 0.0110534429
0.0000000000 1.4000000000 0.0000000000 -0.0000518859 0.0296541420 0.0100573717
0.0000000000 1.5000000000 0.0000000000 -0.0000336027 0.0243955557 0.0089517284
0.0000000000 1.6000000000 0.0000000000 -0.0000210771 0.0194692495 0.0077148791
0.0000000000 1.7000000000 0.0000000000 -0.0000127449 0.0150520538 0.0063940327
0.0000000000 1.8000000000 0.0000000000 -0.0000073842 0.0112550133 0.0050728522
0.0000000000 1.9000000000 0.0000000000 -0.0000040676 0.0081247733 0.0038401696
0.0000000000 2.0000000000 0.0000000000 -0.0000021087 0.0056508536 0.0027666214
0.0000000000 2.1000000000 0.0000000000 -0.0000010138 0.0037782847 0.0018925140
0.0000000000 2.2000000000 0.0000000000 -0.0000004417 0.0024227145 0.0012262705
0.0000000000 2.3000000000 0.0000000000 -0.0000001667 0.0014858810 0.0007506957
0.0000000000 2.4000000000 0.0000000000 -0.0000000483 0.0008691006 0.0004328761
0.0000000000 2.5000000000 0.0000000000 -0.0000000052 0.0004832189 0.0002342702
0.0000000000 2.6000000000 0.0000000000 0.0000000061 0.0002544619 0.0001184734
0.0000000000 2.7000000000 0.0000000000 0.0000000063 0.0001263873 0.0000556773
0.0000000000 2.8000000000 0.0000000000 0.0000000040 0.0000589241 0.0000241434
0.0000000000 2.9000000000 0.0000000000 0.0000000020 0.0000256398 0.0000095683
0.0000000000 3.0000000000 0.0000000000 0.0000000009 0.0000103412 0.0000034194
0.0000000000 3.1000000000 0.0000000000 0.0000000003 0.0000038332 0.0000010799
0.0000000000 3.2000000000 0.0000000000 0.0000000001 0.0000012919 0.0000002917
0.0000000000 3.3000000000 0.0000000000 0.0000000000 0.0000003907 0.0000000634
0.0000000000 3.4000000000 0.0000000000 0.0000000000 0.0000001044 0.0000000097
0.0000000000 3.5000000000 0.0000000000 -0.0000000000 0.0000000245 0.0000000007
0.0000000000 3.6000000000 0.0000000000 -0.0000000000 0.0000000052 0.0000000000
0.0000000000 3.7000000000 0.0000000000 -0.0000000000 0.0000000012 0.0000000001
0.0000000000 3.8000000000 0.0000000000 -0.0000000000 0.0000000004 0.0000000001
0.0000000000 3.9000000000 0.0000000000 -0.0000000000 0.0000000002 0.0000000000
0.0000000000 4.0000000000 0.0000000000 -0.0000000000 0.0000000001 0.0000000000
0.0000000000 4.1000000000 0.0000000000 -0.0000000000 0.0000000000 0.0000000000
0.0000000000 4.2000000000 0.0000000000 -0.0000000000 0.0000000000 0.0000000000
0.0000000000 4.3000000000 0.0000000000 0.0000000000 0.0000000000 0.0000000000
0.0000000000 4.4000000000 0.0000000000 0.0000000000 0.0000000000 0.0000000000
0.0000000000 4.5000000000 0.0000000000 0.0000000000 0.0000000000 0.0000000000
0.0000000000 4.6000000000 0.0000000000 0.0000000000 0.0000000000 0.0000000000
0.0000000000 4.7000000000 0.0000000000 0.0000000000 0.0000000000 0.0000000000
0.0000000000 4.8000000000 0.0000000000 0.0000000000 0.0000000000 0.0000000000
0.0000000000 4.9000000000 0.0000000000 0.0000000000 0.0000000000 0.0000000000
0.0000000000 5.0000000000 0.0000000000 0.0000000000 0.0000000000 0.0000000000
