0.0000000000 -5.0000000000 0.0000000000 0.0000000000 -0.0000000000 0.0000000000
0.0000000000 -4.9000000000 0.0000000000 0.0000000000 -0.0000000000 0.0000000000
0.0000000000 -4.8000000000 0.0000000000 -0.0000000000 -0.0000000000 0.0000000000
0.0000000000 -4.7000000000 0.0000000000 -0.0000000000 -0.0000000000 0.0000000000
0.0000000000 -4.6000000000 0.0000000000 -0.0000000000 -0.0000000000 0.0000000000
0.0000000000 -4.5000000000 0.0000000000 -0.0000000000 -0.0000000000 0.0000000000
0.0000000000 -4.4000000000 0.0000000000 -0.0000000000 -0.0000000000 0.0000000000
0.0000000000 -4.3000000000 0.0000000000 -0.0000000000 -0.0000000000 -0.0000000000
0.0000000000 -4.2000000000 0.0000000000 0.0000000000 -0.0000000000 0.0000000000
0.0000000000 -4.1000000000 0.0000000000 0.0000000000 -0.0000000000 0.0000000000
0.0000000000 -4.0000000000 0.0000000000 0.0000000000 -0.0000000000 0.0000000000
0.0000000000 -3.9000000000 0.0000000000 0.0000000000 -0.0000000000 -0.0000000000
0.0000000000 -3.8000000000 0.0000000000 0.0000000000 -0.0000000000 -0.0000000000
0.0000000000 -3.7000000000 0.0000000000 -0.0000000000 -0.0000000000 -0.0000000000
0.0000000000 -3.6000000000 0.0000000000 0.0000000000 -0.0000000003 0.0000000000
0.0000000000 -3.5000000000 0.0000000000 0.0000000001 -0.0000000014 0.0000000008
0.0000000000 -3.4000000000 0.0000000000 0.0000000003 -0.0000000060 0.0000000042
0.0000000000 -3.3000000000 0.0000000000 0.0000000010 -0.0000000232 0.0000000171
0.0000000000 -3.2000000000 0.0000000000 0.0000000019 -0.0000000788 0.0000000581
0.0000000000 -3.1000000000 0.0000000000 0.0000000005 -0.0000002409 0.0000001734
0.0000000000 -3.0000000000 0.0000000000 -0.0000000136 -0.0000006707 0.0000004677
0.0000000000 -2.9000000000 0.0000000000 -0.0000000714 -0.0000017160 0.0000011576
0.0000000000 -2.8000000000 0.0000000000 -0.0000002496 -0.0000040623 0.0000026558
0.0000000000 -2.7000000000 0.0000000000 -0.0000007088 -0.0000089477 0.0000056829
0.0000000000 -2.6000000000 0.0000000000 -0.0000017443 -0.0000184198 0.0000113886
0.0000000000 -2.5000000000 0.0000000000 -0.0000038314 -0.0000355730 0.0000214287
0.0000000000 -2.4000000000 0.0000000000 -0.0000076355 -0.0000646566 0.0000379045
0.0000000000 -2.3000000000 0.0000000000 -0.0000139427 -0.0001109169 0.0000630327
0.0000000000 -2.2000000000 0.0000000000 -0.0000234735 -0.0001800504 0.0000983986
0.0000000000 -2.1000000000 0.0000000000 -0.0000365710 -0.0002772307 0.0001436860
0.0000000000 -2.0000000000 0.0000000000 -0.0000528179 -0.0004058231 0.0001948704
0.0000000000 -1.9000000000 0.0000000000 -0.0000707063 -0.0005660672 0.0002420499
0.0000000000 -1.8000000000 0.0000000000 -0.0000875462 -0.0007541312 0.0002672646
0.0000000000 -1.7000000000 0.0000000000 -0.0000997877 -0.0009619381 0.0002428837
0.0000000000 -1.6000000000 0.0000000000 -0.0001038424 -0.0011780075 0.0001312143
0.0000000000 -1.5000000000 0.0000000000 -0.0000973033 -0.0013892229 -0.0001140305
0.0000000000 -1.4000000000 0.0000000000 -0.0000802782 -0.0015831530 -0.0005439484
0.0000000000 -1.3000000000 0.0000000000 -0.0000563090 -0.0017502051 -0.0012083396
0.0000000000 -1.2000000000 0.0000000000 -0.0000324341 -0.0018849111 -0.0021476935
0.0000000000 -1.1000000000 0.0000000000 -0.0000180012 -0.0019858638 -0.0033843046
0.0000000000 -1.0000000000 0.0000000000 -0.0000223478 -0.0020541560 -0.0049139486
0.0000000000 -0.9000000000 0.0000000000 -0.0000515589 -0.0020908037 -0.0066998970
0.0000000000 -0.8000000000 0.0000000000 -0.0001060398 -0.0020940418 -0.0086708169
0.0000000000 -0.7000000000 0.0000000000 -0.0001783388 -0.0020574308 -0.0107237127
0.0000000000 -0.6000000000 0.0000000000 -0.0002541432 -0.0019698520 -0.0127322497
0.0000000000 -0.5000000000 0.0000000000 -0.0003144353 -0.0018176675 -0.0145595566
0.0000000000 -0.4000000000 0.0000000000 -0.0003411200 -0.0015886704 -0.0160737717
0.0000000000 -0.3000000000 0.0000000000 -0.0003206895 -0.0012770292 -0.0171640528
0.0000000000 -0.2000000000 0.0000000000 -0.0002500204 -0.0008873017 -0.0177540091
0.0000000000 -0.1000000000 0.0000000000 -0.0001370649 -0.0004363333 -0.0178104552
0.0000000000 -0.0000000000 0.0000000000 -0.0000000000 0.0000480478 -0.0173462098
0.0000000000 0.1000000000 0.0000000000 0.0001370638 0.0005314989 -0.0164163761
0.0000000000 0.2000000000 0.0000000000 0.0002501104 0.0009796464 -0.0151093313
0.0000000000 0.3000000000 0.0000000000 0.0003207784 0.0013648077 -0.0135340804
0.0000000000 0.4000000000 0.0000000000 0.0003410448 0.0016709218 -0.0118063728
0.0000000000 0.5000000000 0.0000000000 0.0003144900 0.0018953379 -0.0100359399
0.0000000000 0.6000000000 0.0000000000 0.0002540943 0.0020470238 -0.0083164694
0.0000000000 0.7000000000 0.0000000000 0.0001783563 0.0021418487 -0.0067195617
0.0000000000 0.8000000000 0.0000000000 0.0001060718 0.0021966575 -0.0052926932
0.0000000000 0.9000000000 0.0000000000 0.0000516035 0.0022238338 -0.0040606259
0.0000000000 1.0000000000 0.0000000000 0.0000223189 0.0022282894 -0.0030291913
0.0000000000 1.1000000000 0.0000000000 0.0000180128 0.0022071925 -0.0021902496
0.0000000000 1.2000000000 0.0000000000 0.0000324316 0.0021526628 -0.0015266873
0.0000000000 1.3000000000 0.0000000000 0.0000563089 0.0020560292 -0.0010167154
0.0000000000 1.4000000000 0.0000000000 0.0000802783 0.0019122914 -0.0006370373
0.0000000000 1.5000000000 0.0000000000 0.0000973044 0.0017230886 -0.0003648397
0.0000000000 1.6000000000 0.0000000000 0.0001038397 0.0014975721 -0.0001788646
0.0000000000 1.7000000000 0.0000000000 0.0000997877 0.0012508983 -0.0000598831
0.0000000000 1.8000000000 0.0000000000 0.0000875462 0.0010011927 0.0000091444
0.0000000000 1.9000000000 0.0000000000 0.0000707065 0.0007658932 0.0000429076
0.0000000000 2.0000000000 0.0000000000 0.0000528181 0.0005587012 0.0000536195
0.0000000000 2.1000000000 0.0000000000 0.0000365712 0.0003877950 0.0000509044
0.0000000000 2.2000000000 0.0000000000 0.0000234735 0.0002555483 0.0000418049
0.0000000000 2.3000000000 0.0000000000 0.0000139427 0.0001595035 0.0000309790
0.0000000000 2.4000000000 0.0000000000 0.0000076355 0.0000940512 0.0000210867
0.0000000000 2.5000000000 0.0000000000 0.0000038314 0.0000522364 0.0000132908
0.0000000000 2.6000000000 0.0000000000 0.0000017443 0.0000272334 0.0000077818
0.0000000000 2.7000000000 0.0000000000 0.0000007088 0.0000132731 0.0000042334
0.0000000000 2.8000000000 0.0000000000 0.0000002496 0.0000060173 0.0000021352
0.0000000000 2.9000000000 0.0000000000 0.0000000714 0.0000025216 0.0000009942
0.0000000000 3.0000000000 0.0000000000 0.0000000136 0.0000009689 0.0000004243
0.0000000000 3.1000000000 0.0000000000 -0.0000000005 0.0000003377 0.0000001641
0.0000000000 3.2000000000 0.0000000000 -0.0000000019 0.0000001052 0.0000000565
0.0000000000 3.3000000000 0.0000000000 -0.0000000010 0.0000000287 0.0000000168
0.0000000000 3.4000000000 0.0000000000 -0.0000000003 0.0000000067 0.0000000040
0.0000000000 3.5000000000 0.0000000000 -0.0000000001 0.0000000013 0.0000000007
0.0000000000 3.6000000000 0.0000000000 -0.0000000000 0.0000000002 0.0000000000
0.0000000000 3.7000000000 0.0000000000 0.0000000000 0.0000000000 -0.0000000000
0.0000000000 3.8000000000 0.0000000000 -0.0000000000 0.0000000000 -0.0000000000
0.0000000000 3.9000000000 0.0000000000 -0.0000000000 0.0000000000 -0.0000000000
0.0000000000 4.0000000000 0.0000000000 -0.0000000000 0.0000000000 0.0000000000
0.0000000000 4.1000000000 0.0000000000 -0.0000000000 0.0000000000 0.0000000000
0.0000000000 4.2000000000 0.0000000000 -0.0000000000 0.0000000000 -0.0000000000
0.0000000000 4.3000000000 0.0000000000 0.0000000000 0.0000000000 -0.0000000000
0.0000000000 4.4000000000 0.0000000000 0.0000000000 0.0000000000 -0.0000000000
0.0000000000 4.5000000000 0.0000000000 0.0000000000 0.0000000000 0.0000000000
0.0000000000 4.6000000000 0.0000000000 0.0000000000 0.0000000000 0.0000000000
0.0000000000 4.7000000000 0.0000000000 0.0000000000 0.0000000000 0.0000000000
0.0000000000 4.8000000000 0.0000000000 0.0000000000 0.0000000000 0.0000000000
0.0000000000 4.9000000000 0.0000000000 -0.0000000000 0.0000000000 0.0000000000
0.0000000000 5.0000000000 0.0000000000 -0.0000000000 0.0000000000 0.0000000000
