0.0000000000 -5.0000000000 0.0000000000 0.0000000000 -0.0000000000 0.0000000000
0.0000000000 -4.9000000000 0.0000000000 0.0000000000 -0.0000000000 0.0000000000
0.0000000000 -4.8000000000 0.0000000000 0.0000000000 -0.0000000000 0.0000000000
0.0000000000 -4.7000000000 0.0000000000 0.0000000000 -0.0000000000 0.0000000000
0.0000000000 -4.6000000000 0.0000000000 0.0000000000 -0.0000000000 0.0000000000
0.0000000000 -4.5000000000 0.0000000000 0.0000000000 -0.0000000000 0.0000000000
0.0000000000 -4.4000000000 0.0000000000 0.0000000000 -0.0000000000 0.0000000000
0.0000000000 -4.3000000000 0.0000000000 0.0000000000 -0.0000000000 0.0000000000
0.0000000000 -4.2000000000 0.0000000000 0.0000000000 -0.0000000000 0.0000000000
0.0000000000 -4.1000000000 0.0000000000 0.0000000000 -0.0000000000 0.0000000000
0.0000000000 -4.0000000000 0.0000000000 0.0000000000 -0.0000000001 0.0000000000
0.0000000000 -3.9000000000 0.0000000000 0.0000000000 -0.0000000001 0.0000000000
0.0000000000 -3.8000000000 0.0000000000 -0.0000000000 -0.0000000003 0.0000000001
0.0000000000 -3.7000000000 0.0000000000 0.0000000000 -0.0000000010 0.0000000001
0.0000000000 -3.6000000000 0.0000000000 0.0000000000 -0.0000000045 0.0000000001
0.0000000000 -3.5000000000 0.0000000000 0.0000000001 -0.0000000216 0.0000000011
0.0000000000 -3.4000000000 0.0000000000 0.0000000002 -0.0000000942 0.0000000120
0.0000000000 -3.3000000000 0.0000000000 0.0000000006 -0.0000003577 0.0000000722
0.0000000000 -3.2000000000 0.0000000000 0.0000000011 -0.0000011962 0.0000003188
0.0000000000 -3.1000000000 0.0000000000 0.0000000015 -0.0000035817 0.0000011513
0.0000000000 -3.0000000000 0.0000000000 -0.0000000001 -0.0000097361 0.0000035848
0.0000000000 -2.9000000000 0.0000000000 -0.0000000086 -0.0000242970 0.0000099096
0.0000000000 -2.8000000000 0.0000000000 -0.0000000356 -0.0000561585 0.0000247684
0.0000000000 -2.7000000000 0.0000000000 -0.0000001052 -0.0001210739 0.0000566654
0.0000000000 -2.6000000000 0.0000000000 -0.0000002628 -0.0002449026 0.0001197022
0.0000000000 -2.5000000000 0.0000000000 -0.0000005897 -0.0004670660 0.0002349862
0.0000000000 -2.4000000000 0.0000000000 -0.0000012255 -0.0008434220 0.0004307763
0.0000000000 -2.3000000000 0.0000000000 -0.0000024059 -0.0014474249 0.0007401951
0.0000000000 -2.2000000000 0.0000000000 -0.0000045246 -0.0023683994 0.0011954884
0.0000000000 -2.1000000000 0.0000000000 -0.0000082347 -0.0037058778 0.0018186519
0.0000000000 -2.0000000000 0.0000000000 -0.0000145988 -0.0055595893 0.0026094608
0.0000000000 -1.9000000000 0.0000000000 -0.0000252950 -0.0080155524 0.0035337640
0.0000000000 -1.8000000000 0.0000000000 -0.0000428607 -0.0111297627 0.0045161487
0.0000000000 -1.7000000000 0.0000000000 -0.0000709269 -0.0149116746 0.0054413819
0.0000000000 -1.6000000000 0.0000000000 -0.0001143629 -0.0193104672 0.0061681259
0.0000000000 -1.5000000000 0.0000000000 -0.0001792220 -0.0242067223 0.0065546069
0.0000000000 -1.4000000000 0.0000000000 -0.0002723748 -0.0294115053 0.0064930554
0.0000000000 -1.3000000000 0.0000000000 -0.0004007493 -0.0346736129 0.0059450511
0.0000000000 -1.2000000000 0.0000000000 -0.0005701737 -0.0396941445 0.0049663900
0.0000000000 -1.1000000000 0.0000000000 -0.0007838623 -0.0441478789 0.0037164403
0.0000000000 -1.0000000000 0.0000000000 -0.0010410028 -0.0477068172 0.0024386692
0.0000000000 -0.9000000000 0.0000000000 -0.0013357267 -0.0500644483 0.0014108058
0.0000000000 -0.8000000000 0.0000000000 -0.0016561407 -0.0509597994 0.0008961721
0.0000000000 -0.7000000000 0.0000000000 -0.0019850639 -0.0501966677 0.0010701546
0.0000000000 -0.6000000000 0.0000000000 -0.0023013026 -0.0476598497 0.0019708918
0.0000000000 -0.5000000000 0.0000000000 -0.0025819579 -0.0433253747 0.0034786199
0.0000000000 -0.4000000000 0.0000000000 -0.0028055274 -0.0372680061 0.0053248435
0.0000000000 -0.3000000000 0.0000000000 -0.0029545464 -0.0296607207 0.0071429558
0.0000000000 -0.2000000000 0.0000000000 -0.0030183751 -0.0207700191 0.0085441738
0.0000000000 -0.1000000000 0.0000000000 -0.0029936411 -0.0109448576 0.0092040725
0.0000000000 -0.0000000000 0.0000000000 -0.0028855744 -0.0005978946 0.0089224017
0.0000000000 0.1000000000 0.0000000000 -0.0027053798 0.0098195747 0.0076973870
0.0000000000 0.2000000000 0.0000000000 -0.0024702630 0.0198441448 0.0056852820
0.0000000000 0.3000000000 0.0000000000 -0.0021986120 0.0290340708 0.0032149776
0.0000000000 0.4000000000 0.0000000000 -0.0019098325 0.0369984194 0.0006894791
0.0000000000 0.5000000000 0.0000000000 -0.0016206189 0.0434234548 -0.0014837792
0.0000000000 0.6000000000 0.0000000000 -0.0013449074 0.0480938851 -0.0029749288
0.0000000000 0.7000000000 0.0000000000 -0.0010926309 0.0509034149 -0.0035904537
0.0000000000 0.8000000000 0.0000000000 -0.0008698381 0.0518579189 -0.0033033922
0.0000000000 0.9000000000 0.0000000000 -0.0006792439 0.0510692374 -0.0022445378
0.0000000000 1.0000000000 0.0000000000 -0.0005207337 0.0487409717 -0.0006623179
0.0000000000 1.1000000000 0.0000000000 -0.0003922942 0.0451488584 0.0011332943
0.0000000000 1.2000000000 0.0000000000 -0.0002906360 0.0406161629 0.0028388490
0.0000000000 1.3000000000 0.0000000000 -0.0002118427 0.0354892849 0.0042088965
0.0000000000 1.4000000000 0.0000000000 -0.0001520058 0.0301075102 0.0050901711
0.0000000000 1.5000000000 0.0000000000 -0.0001073536 0.0247811491 0.0054373615
0.0000000000 1.6000000000 0.0000000000 -0.0000745750 0.0197693782 0.0052969258
0.0000000000 1.7000000000 0.0000000000 -0.0000508833 0.0152663424 0.0047812773
0.0000000000 1.8000000000 0.0000000000 -0.0000340240 0.0113944192 0.0040337704
0.0000000000 1.9000000000 0.0000000000 -0.0000222314 0.0082057515 0.0031959139
0.0000000000 2.0000000000 0.0000000000 -0.0000141404 0.0056907945 0.0023840522
0.0000000000 2.1000000000 0.0000000000 -0.0000087192 0.0037924650 0.0016760643
0.0000000000 2.2000000000 0.0000000000 -0.0000051886 0.0024228717 0.0011103481
0.0000000000 2.3000000000 0.0000000000 -0.0000029658 0.0014799736 0.0006924003
0.0000000000 2.4000000000 0.0000000000 -0.0000016205 0.0008618325 0.0004056598
0.0000000000 2.5000000000 0.0000000000 -0.0000008421 0.0004768851 0.0002226808
0.0000000000 2.6000000000 0.0000000000 -0.0000004140 0.0002498209 0.0001141100
0.0000000000 2.7000000000 0.0000000000 -0.0000001913 0.0001233769 0.0000543221
0.0000000000 2.8000000000 0.0000000000 -0.0000000825 0.0000571608 0.0000238698
0.0000000000 2.9000000000 0.0000000000 -0.0000000329 0.0000246994 0.0000095975
0.0000000000 3.0000000000 0.0000000000 -0.0000000119 0.0000098836 0.0000034881
0.0000000000 3.1000000000 0.0000000000 -0.0000000039 0.0000036303 0.0000011252
0.0000000000 3.2000000000 0.0000000000 -0.0000000011 0.0000012103 0.0000003129
0.0000000000 3.3000000000 0.0000000000 -0.0000000002 0.0000003611 0.0000000712
0.0000000000 3.4000000000 0.0000000000 -0.0000000000 0.0000000949 0.0000000119
0.0000000000 3.5000000000 0.0000000000 0.0000000000 0.0000000217 0.0000000010
0.0000000000 3.6000000000 0.0000000000 0.0000000000 0.0000000045 0.0000000000
0.0000000000 3.7000000000 0.0000000000 0.0000000000 0.0000000010 0.0000000001
0.0000000000 3.8000000000 0.0000000000 0.0000000000 0.0000000004 0.0000000001
0.0000000000 3.9000000000 0.0000000000 -0.0000000000 0.0000000001 0.0000000000
0.0000000000 4.0000000000 0.0000000000 -0.0000000000 0.0000000001 0.0000000000
0.0000000000 4.1000000000 0.0000000000 -0.0000000000 0.0000000000 0.0000000000
0.0000000000 4.2000000000 0.0000000000 0.0000000000 0.0000000000 0.0000000000
0.0000000000 4.3000000000 0.0000000000 0.0000000000 0.0000000000 0.0000000000
0.0000000000 4.4000000000 0.0000000000 0.0000000000 0.0000000000 0.0000000000
0.0000000000 4.5000000000 0.0000000000 0.0000000000 0.0000000000 0.0000000000
0.0000000000 4.6000000000 0.0000000000 0.0000000000 0.0000000000 0.0000000000
0.0000000000 4.7000000000 0.0000000000 0.0000000000 0.0000000000 0.0000000000
0.0000000000 4.8000000000 0.0000000000 -0.0000000000 0.0000000000 0.0000000000
0.0000000000 4.9000000000 0.0000000000 -0.0000000000 0.0000000000 0.0000000000
0.0000000000 5.0000000000 0.0000000000 -0.0000000000 0.0000000000 0.0000000000
