0.0000000000 -5.0000000000 0.0000000000 -0.0000000000 -0.0000000000 0.0000000000
0.0000000000 -4.9000000000 0.0000000000 -0.0000000000 -0.0000000000 0.0000000000
0.0000000000 -4.8000000000 0.0000000000 -0.0000000000 -0.0000000000 0.0000000000
0.0000000000 -4.7000000000 0.0000000000 -0.0000000000 -0.0000000000 0.0000000000
0.0000000000 -4.6000000000 0.0000000000 -0.0000000000 -0.0000000000 0.0000000000
0.0000000000 -4.5000000000 0.0000000000 0.0000000000 -0.0000000000 0.0000000000
0.0000000000 -4.4000000000 0.0000000000 0.0000000000 -0.0000000000 0.0000000000
0.0000000000 -4.3000000000 0.0000000000 0.0000000000 -0.0000000000 0.0000000000
0.0000000000 -4.2000000000 0.0000000000 0.0000000000 -0.0000000000 0.0000000000
0.0000000000 -4.1000000000 0.0000000000 0.0000000000 -0.0000000000 0.0000000000
0.0000000000 -4.0000000000 0.0000000000 0.0000000000 -0.0000000001 0.0000000000
0.0000000000 -3.9000000000 0.0000000000 0.0000000000 -0.0000000002 0.0000000000
0.0000000000 -3.8000000000 0.0000000000 0.0000000000 -0.0000000004 0.0000000001
0.0000000000 -3.7000000000 0.0000000000 0.0000000000 -0.0000000014 0.0000000001
0.0000000000 -3.6000000000 0.0000000000 -0.0000000000 -0.0000000059 0.0000000000
0.0000000000 -3.5000000000 0.0000000000 -0.0000000000 -0.0000000270 0.0000000005
0.0000000000 -3.4000000000 0.0000000000 0.0000000000 -0.0000001128 0.0000000085
0.0000000000 -3.3000000000 0.0000000000 0.0000000000 -0.0000004155 0.0000000584
0.0000000000 -3.2000000000 0.0000000000 0.0000000001 -0.0000013578 0.0000002738
0.0000000000 -3.1000000000 0.0000000000 0.0000000003 -0.0000039931 0.0000010249
0.0000000000 -3.0000000000 0.0000000000 0.0000000010 -0.0000106985 0.0000032698
0.0000000000 -2.9000000000 0.0000000000 0.0000000029 -0.0000263822 0.0000092055
0.0000000000 -2.8000000000 0.0000000000 0.0000000074 -0.0000603705 0.0000233561
0.0000000000 -2.7000000000 0.0000000000 0.0000000168 -0.0001290501 0.0000541563
0.0000000000 -2.6000000000 0.0000000000 0.0000000350 -0.0002591321 0.0001159095
0.0000000000 -2.5000000000 0.0000000000 0.0000000679 -0.0004910934 0.0002307023
0.0000000000 -2.4000000000 0.0000000000 0.0000001248 -0.0008819976 0.0004295594
0.0000000000 -2.3000000000 0.0000000000 0.0000002215 -0.0015066346 0.0007518852
0.0000000000 -2.2000000000 0.0000000000 0.0000003872 -0.0024558279 0.0012424877
0.0000000000 -2.1000000000 0.0000000000 0.0000006763 -0.0038311029 0.0019459653
0.0000000000 -2.0000000000 0.0000000000 0.0000011854 -0.0057352936 0.0028996721
0.0000000000 -1.9000000000 0.0000000000 0.0000020700 -0.0082597673 0.0041272563
0.0000000000 -1.8000000000 0.0000000000 0.0000035527 -0.0114695405 0.0056364910
0.0000000000 -1.7000000000 0.0000000000 0.0000059017 -0.0153880350 0.0074240497
0.0000000000 -1.6000000000 0.0000000000 0.0000093621 -0.0199838786 0.0094892709
0.0000000000 -1.5000000000 0.0000000000 0.0000140199 -0.0251616453 0.0118553588
0.0000000000 -1.4000000000 0.0000000000 0.0000195980 -0.0307568016 0.0145931365
0.0000000000 -1.3000000000 0.0000000000 0.0000252019 -0.0365375436 0.0178390116
0.0000000000 -1.2000000000 0.0000000000 0.0000291055 -0.0422106310 0.0217979644
0.0000000000 -1.1000000000 0.0000000000 0.0000285735 -0.0474344058 0.0267219067
0.0000000000 -1.0000000000 0.0000000000 0.0000199640 -0.0518354184 0.0328634914
0.0000000000 -0.9000000000 0.0000000000 -0.0000009389 -0.0550329563 0.0404045311
0.0000000000 -0.8000000000 0.0000000000 -0.0000382254 -0.0566660749 0.0493808727
0.0000000000 -0.7000000000 0.0000000000 -0.0000950053 -0.0564279834 0.0596094270
0.0000000000 -0.6000000000 0.0000000000 -0.0001724693 -0.0540989773 0.0706511990
0.0000000000 -0.5000000000 0.0000000000 -0.0002689411 -0.0495792725 0.0818215465
0.0000000000 -0.4000000000 0.0000000000 -0.0003796530 -0.0429132356 0.0922506448
0.0000000000 -0.3000000000 0.0000000000 -0.0004966009 -0.0343010891 0.1009983811
0.0000000000 -0.2000000000 0.0000000000 -0.0006096035 -0.0240949966 0.1071919762
0.0000000000 -0.1000000000 0.0000000000 -0.0007076135 -0.0127760477 0.1101704485
0.0000000000 -0.0000000000 0.0000000000 -0.0007803912 -0.0009153896 0.1095997766
0.0000000000 0.1000000000 0.0000000000 -0.0008206196 0.0108752457 0.1055287324
0.0000000000 0.2000000000 0.0000000000 -0.0008240789 0.0219998838 0.0983928793
0.0000000000 0.3000000000 0.0000000000 -0.0007912822 0.0319282089 0.0889314715
0.0000000000 0.4000000000 0.0000000000 -0.0007269175 0.0402380910 0.0780695321
0.0000000000 0.5000000000 0.0000000000 -0.0006389249 0.0466399671 0.0667679087
0.0000000000 0.6000000000 0.0000000000 -0.0005368473 0.0509890048 0.0558894679
0.0000000000 0.7000000000 0.0000000000 -0.0004306458 0.0532773238 0.0460830141
0.0000000000 0.8000000000 0.0000000000 -0.0003290827 0.0536173110 0.0377340733
0.0000000000 0.9000000000 0.0000000000 -0.0002387202 0.0522175203 0.0309561280
0.0000000000 1.0000000000 0.0000000000 -0.0001635197 0.0493551810 0.0256399364
0.0000000000 1.1000000000 0.0000000000 -0.0001049071 0.0453500737 0.0215282146
0.0000000000 1.2000000000 0.0000000000 -0.0000621530 0.0405407208 0.0183008611
0.0000000000 1.3000000000 0.0000000000 -0.0000331127 0.0352627197 0.0156511738
0.0000000000 1.4000000000 0.0000000000 -0.0000149271 0.0298308859 0.0133385624
0.0000000000 1.5000000000 0.0000000000 -0.0000046197 0.0245230398 0.0112131408
0.0000000000 1.6000000000 0.0000000000 0.0000004510 0.0195668173 0.0092129915
0.0000000000 1.7000000000 0.0000000000 0.0000023784 0.0151311191 0.0073424873
0.0000000000 1.8000000000 0.0000000000 0.0000026486 0.0113211126 0.0056425794
0.0000000000 1.9000000000 0.0000000000 0.0000022077 0.0081800155 0.0041617893
0.0000000000 2.0000000000 0.0000000000 0.0000015847 0.0056959437 0.0029349082
0.0000000000 2.1000000000 0.0000000000 0.0000010260 0.0038136847 0.0019722970
0.0000000000 2.2000000000 0.0000000000 0.0000006117 0.0024492137 0.0012590469
0.0000000000 2.3000000000 0.0000000000 0.0000003394 0.0015047441 0.0007610335
0.0000000000 2.4000000000 0.0000000000 0.0000001761 0.0008818318 0.0004340499
0.0000000000 2.5000000000 0.0000000000 0.0000000857 0.0004913701 0.0002326542
0.0000000000 2.6000000000 0.0000000000 0.0000000390 0.0002594037 0.0001166445
0.0000000000 2.7000000000 0.0000000000 0.0000000166 0.0001292203 0.0000543826
0.0000000000 2.8000000000 0.0000000000 0.0000000065 0.0000604560 0.0000234026
0.0000000000 2.9000000000 0.0000000000 0.0000000024 0.0000264187 0.0000092034
0.0000000000 3.0000000000 0.0000000000 0.0000000008 0.0000107118 0.0000032617
0.0000000000 3.1000000000 0.0000000000 0.0000000002 0.0000039971 0.0000010200
0.0000000000 3.2000000000 0.0000000000 0.0000000001 0.0000013588 0.0000002719
0.0000000000 3.3000000000 0.0000000000 0.0000000000 0.0000004156 0.0000000579
0.0000000000 3.4000000000 0.0000000000 0.0000000000 0.0000001128 0.0000000085
0.0000000000 3.5000000000 0.0000000000 0.0000000000 0.0000000270 0.0000000005
0.0000000000 3.6000000000 0.0000000000 0.0000000000 0.0000000059 0.0000000001
0.0000000000 3.7000000000 0.0000000000 0.0000000000 0.0000000014 0.0000000002
0.0000000000 3.8000000000 0.0000000000 -0.0000000000 0.0000000004 0.0000000001
0.0000000000 3.9000000000 0.0000000000 -0.0000000000 0.0000000002 0.0000000000
0.0000000000 4.0000000000 0.0000000000 -0.0000000000 0.0000000001 0.0000000000
0.0000000000 4.1000000000 0.0000000000 0.0000000000 0.0000000000 0.0000000000
0.0000000000 4.2000000000 0.0000000000 0.0000000000 0.0000000000 0.0000000000
0.0000000000 4.3000000000 0.0000000000 0.0000000000 0.0000000000 0.0000000000
0.0000000000 4.4000000000 0.0000000000 0.0000000000 0.0000000000 0.0000000000
0.0000000000 4.5000000000 0.0000000000 0.0000000000 0.0000000000 0.0000000000
0.0000000000 4.6000000000 0.0000000000 0.0000000000 0.0000000000 0.0000000000
0.0000000000 4.7000000000 0.0000000000 0.0000000000 0.0000000000 0.0000000000
0.0000000000 4.8000000000 0.0000000000 0.0000000000 0.0000000000 0.0000000000
0.0000000000 4.9000000000 0.0000000000 0.0000000000 0.0000000000 0.0000000000
0.0000000000 5.0000000000 0.0000000000 0.0000000000 0.0000000000 0.0000000000
