0.0000000000 -5.0000000000 0.0000000000 -0.0000000000 -0.0000000000 0.0000000000
0.0000000000 -4.9000000000 0.0000000000 -0.0000000000 -0.0000000000 0.0000000000
0.0000000000 -4.8000000000 0.0000000000 -0.0000000000 -0.0000000000 0.0000000000
0.0000000000 -4.7000000000 0.0000000000 -0.0000000000 -0.0000000000 0.0000000000
0.0000000000 -4.6000000000 0.0000000000 0.0000000000 -0.0000000000 0.0000000000
0.0000000000 -4.5000000000 0.0000000000 0.0000000000 -0.0000000000 0.0000000000
0.0000000000 -4.4000000000 0.0000000000 0.0000000000 -0.0000000000 0.0000000000
0.0000000000 -4.3000000000 0.0000000000 0.0000000000 -0.0000000000 0.0000000000
0.0000000000 -4.2000000000 0.0000000000 0.0000000000 -0.0000000000 0.0000000000
0.0000000000 -4.1000000000 0.0000000000 0.0000000000 -0.0000000000 0.0000000000
0.0000000000 -4.0000000000 0.0000000000 0.0000000000 -0.0000000001 0.0000000000
0.0000000000 -3.9000000000 0.0000000000 -0.0000000000 -0.0000000002 0.0000000000
0.0000000000 -3.8000000000 0.0000000000 -0.0000000000 -0.0000000004 0.0000000001
0.0000000000 -3.7000000000 0.0000000000 0.0000000000 -0.0000000012 0.0000000001
0.0000000000 -3.6000000000 0.0000000000 -0.0000000000 -0.0000000051 0.0000000000
0.0000000000 -3.5000000000 0.0000000000 -0.0000000000 -0.0000000240 0.0000000007
0.0000000000 -3.4000000000 0.0000000000 -0.0000000000 -0.0000001026 0.0000000103
0.0000000000 -3.3000000000 0.0000000000 -0.0000000001 -0.0000003838 0.0000000655
0.0000000000 -3.2000000000 0.0000000000 -0.0000000002 -0.0000012689 0.0000002959
0.0000000000 -3.1000000000 0.0000000000 -0.0000000003 -0.0000037651 0.0000010836
0.0000000000 -3.0000000000 0.0000000000 0.0000000000 -0.0000101617 0.0000034059
0.0000000000 -2.9000000000 0.0000000000 0.0000000016 -0.0000252107 0.0000094841
0.0000000000 -2.8000000000 0.0000000000 0.0000000070 -0.0000579824 0.0000238584
0.0000000000 -2.7000000000 0.0000000000 0.0000000212 -0.0001244662 0.0000549379
0.0000000000 -2.6000000000 0.0000000000 0.0000000537 -0.0002507782 0.0001168929
0.0000000000 -2.5000000000 0.0000000000 0.0000001206 -0.0004765183 0.0002314755
0.0000000000 -2.4000000000 0.0000000000 0.0000002471 -0.0008574546 0.0004290541
0.0000000000 -2.3000000000 0.0000000000 0.0000004697 -0.0014664249 0.0007479900
0.0000000000 -2.2000000000 0.0000000000 0.0000008347 -0.0023913377 0.0012316616
0.0000000000 -2.1000000000 0.0000000000 0.0000013864 -0.0037294106 0.0019231927
0.0000000000 -2.0000000000 0.0000000000 0.0000021389 -0.0055773263 0.0028588047
0.0000000000 -1.9000000000 0.0000000000 0.0000030100 -0.0080180870 0.0040623819
0.0000000000 -1.8000000000 0.0000000000 0.0000037060 -0.0111060384 0.0055438586
0.0000000000 -1.7000000000 0.0000000000 0.0000035411 -0.0148519902 0.0073046176
0.0000000000 -1.6000000000 0.0000000000 0.0000012027 -0.0192111581 0.0093504832
0.0000000000 -1.5000000000 0.0000000000 -0.0000055328 -0.0240755601 0.0117107981
0.0000000000 -1.4000000000 0.0000000000 -0.0000200380 -0.0292724411 0.0144578316
0.0000000000 -1.3000000000 0.0000000000 -0.0000469574 -0.0345683256 0.0177192681
0.0000000000 -1.2000000000 0.0000000000 -0.0000921127 -0.0396801858 0.0216745327
0.0000000000 -1.1000000000 0.0000000000 -0.0001620112 -0.0442894817 0.0265287497
0.0000000000 -1.0000000000 0.0000000000 -0.0002630540 -0.0480619845 0.0324652008
0.0000000000 -0.9000000000 0.0000000000 -0.0004002848 -0.0506696803 0.0395815009
0.0000000000 -0.8000000000 0.0000000000 -0.0005760399 -0.0518159191 0.0478209556
0.0000000000 -0.7000000000 0.0000000000 -0.0007884736 -0.0512599544 0.0569271858
0.0000000000 -0.6000000000 0.0000000000 -0.0010307518 -0.0488433251 0.0664173323
0.0000000000 -0.5000000000 0.0000000000 -0.0012906069 -0.0445106855 0.0756197437
0.0000000000 -0.4000000000 0.0000000000 -0.0015510880 -0.0383260190 0.0837428528
0.0000000000 -0.3000000000 0.0000000000 -0.0017922314 -0.0304780136 0.0899886302
0.0000000000 -0.2000000000 0.0000000000 -0.0019933890 -0.0212743587 0.0936779591
0.0000000000 -0.1000000000 0.0000000000 -0.0021361675 -0.0111229723 0.0943706777
0.0000000000 -0.0000000000 0.0000000000 -0.0022070156 -0.0005020598 0.0919468871
0.0000000000 0.1000000000 0.0000000000 -0.0021993135 0.0100776543 0.0866344249
0.0000000000 0.2000000000 0.0000000000 -0.0021143218 0.0201153380 0.0789765721
0.0000000000 0.3000000000 0.0000000000 -0.0019609286 0.0291575497 0.0697441756
0.0000000000 0.4000000000 0.0000000000 -0.0017540243 0.0368320593 0.0598129304
0.0000000000 0.5000000000 0.0000000000 -0.0015124378 0.0428690060 0.0500269336
0.0000000000 0.6000000000 0.0000000000 -0.0012560643 0.0471117547 0.0410837029
0.0000000000 0.7000000000 0.0000000000 -0.0010034769 0.0495164740 0.0334513360
0.0000000000 0.8000000000 0.0000000000 -0.0007698175 0.0501434136 0.0273373917
0.0000000000 0.9000000000 0.0000000000 -0.0005656297 0.0491419304 0.0227073301
0.0000000000 1.0000000000 0.0000000000 -0.0003966253 0.0467322472 0.0193386690
0.0000000000 1.1000000000 0.0000000000 -0.0002639649 0.0431861024 0.0169034842
0.0000000000 1.2000000000 0.0000000000 -0.0001653548 0.0388061753 0.0150518427
0.0000000000 1.3000000000 0.0000000000 -0.0000961394 0.0339065472 0.0134786788
0.0000000000 1.4000000000 0.0000000000 -0.0000505487 0.0287922281 0.0119696147
0.0000000000 1.5000000000 0.0000000000 -0.0000226551 0.0237409859 0.0104138574
0.0000000000 1.6000000000 0.0000000000 -0.0000071105 0.0189863833 0.0087950651
0.0000000000 1.7000000000 0.0000000000 0.0000004639 0.0147057855 0.0071627077
0.0000000000 1.8000000000 0.0000000000 0.0000033493 0.0110136155 0.0055984735
0.0000000000 1.9000000000 0.0000000000 0.0000037878 0.0079611711 0.0041848410
0.0000000000 2.0000000000 0.0000000000 0.0000031771 0.0055432102 0.0029829790
0.0000000000 2.1000000000 0.0000000000 0.0000022892 0.0037096155 0.0020223598
0.0000000000 2.2000000000 0.0000000000 0.0000014856 0.0023803711 0.0013006496
0.0000000000 2.3000000000 0.0000000000 0.0000008855 0.0014607306 0.0007913017
0.0000000000 2.4000000000 0.0000000000 0.0000004895 0.0008547762 0.0004539597
0.0000000000 2.5000000000 0.0000000000 0.0000002520 0.0004754437 0.0002446624
0.0000000000 2.6000000000 0.0000000000 0.0000001208 0.0002504627 0.0001233205
0.0000000000 2.7000000000 0.0000000000 0.0000000538 0.0001244494 0.0000578085
0.0000000000 2.8000000000 0.0000000000 0.0000000222 0.0000580457 0.0000250219
0.0000000000 2.9000000000 0.0000000000 0.0000000084 0.0000252699 0.0000099051
0.0000000000 3.0000000000 0.0000000000 0.0000000029 0.0000101974 0.0000035382
0.0000000000 3.1000000000 0.0000000000 0.0000000009 0.0000037818 0.0000011178
0.0000000000 3.2000000000 0.0000000000 0.0000000002 0.0000012750 0.0000003023
0.0000000000 3.3000000000 0.0000000000 0.0000000000 0.0000003855 0.0000000659
0.0000000000 3.4000000000 0.0000000000 0.0000000000 0.0000001029 0.0000000101
0.0000000000 3.5000000000 0.0000000000 -0.0000000000 0.0000000240 0.0000000007
0.0000000000 3.6000000000 0.0000000000 -0.0000000000 0.0000000050 0.0000000000
0.0000000000 3.7000000000 0.0000000000 -0.0000000000 0.0000000011 0.0000000001
0.0000000000 3.8000000000 0.0000000000 -0.0000000000 0.0000000004 0.0000000001
0.0000000000 3.9000000000 0.0000000000 -0.0000000000 0.0000000002 0.0000000000
0.0000000000 4.0000000000 0.0000000000 -0.0000000000 0.0000000001 0.0000000000
0.0000000000 4.1000000000 0.0000000000 -0.0000000000 0.0000000000 0.0000000000
0.0000000000 4.2000000000 0.0000000000 -0.0000000000 0.0000000000 0.0000000000
0.0000000000 4.3000000000 0.0000000000 0.0000000000 0.0000000000 0.0000000000
0.0000000000 4.4000000000 0.0000000000 0.0000000000 0.0000000000 0.0000000000
0.0000000000 4.5000000000 0.0000000000 0.0000000000 0.0000000000 0.0000000000
0.0000000000 4.6000000000 0.0000000000 0.0000000000 0.0000000000 0.0000000000
0.0000000000 4.7000000000 0.0000000000 0.0000000000 0.0000000000 0.0000000000
0.0000000000 4.8000000000 0.0000000000 0.0000000000 0.0000000000 0.0000000000
0.0000000000 4.9000000000 0.0000000000 0.0000000000 0.0000000000 0.0000000000
0.0000000000 5.0000000000 0.0000000000 0.0000000000 0.0000000000 0.0000000000
