-2.723365e-27 -3.250184e-26 -2.776736e-25 -1.609827e-24 -6.591352e-24 -1.980375e-23 -4.488130e-23 -7.817319e-23 -1.059025e-22 -1.123055e-22 -9.338908e-23 -6.076812e-23 -3.081263e-23 -1.215869e-23 -3.787754e-24 -9.819443e-25 -2.308207e-25 -4.945911e-26 -8.031865e-27 -6.181963e-28 6.212937e-29
-1.930684e-26 -1.978726e-25 -1.409869e-24 -7.083779e-24 -2.601954e-23 -7.195217e-23 -1.529985e-22 -2.538111e-22 -3.314570e-22 -3.422454e-22 -2.795508e-22 -1.802777e-22 -9.172240e-23 -3.720890e-23 -1.255669e-23 -3.837379e-24 -1.113709e-24 -2.711842e-25 -3.915142e-26 1.481578e-27 2.011435e-27
-1.137186e-25 -9.353867e-25 -5.552052e-24 -2.428468e-23 -8.027964e-23 -2.047318e-22 -4.089218e-22 -6.462853e-22 -8.130284e-22 -8.157898e-22 -6.523274e-22 -4.151549e-22 -2.114209e-22 -8.869414e-23 -3.300413e-23 -1.179848e-23 -3.814692e-24 -8.288379e-25 3.642497e-27 7.823929e-26 2.920363e-26
-5.393085e-25 -3.582160e-24 -1.783214e-23 -6.789858e-23 -2.013522e-22 -4.716025e-22 -8.811737e-22 -1.321544e-21 -1.594832e-21 -1.547598e-21 -1.204678e-21 -7.525812e-22 -3.833183e-22 -1.681549e-22 -6.970597e-23 -2.754020e-23 -8.142466e-24 -3.152389e-25 1.256834e-24 7.525050e-25 2.379549e-25
-2.063114e-24 -1.142545e-23 -4.843625e-23 -1.608437e-22 -4.255325e-22 -9.075314e-22 -1.571517e-21 -2.216173e-21 -2.542997e-21 -2.365499e-21 -1.776978e-21 -1.082778e-21 -5.529957e-22 -2.570933e-22 -1.160407e-22 -4.306620e-23 -3.771588e-24 1.008207e-23 8.883806e-24 4.169207e-24 1.262238e-24
-6.370639e-24 -3.058509e-23 -1.131421e-22 -3.309077e-22 -7.799083e-22 -1.501137e-21 -2.378077e-21 -3.107777e-21 -3.340905e-21 -2.936346e-21 -2.101585e-21 -1.240790e-21 -6.398817e-22 -3.145246e-22 -1.359492e-22 -1.797117e-23 4.667455e-23 5.654526e-23 3.673285e-23 1.584459e-23 4.734646e-24
-1.586304e-23 -6.841869e-23 -2.271563e-22 -5.957902e-22 -1.259650e-21 -2.180055e-21 -3.120444e-21 -3.710056e-21 -3.656858e-21 -2.970783e-21 -1.989382e-21 -1.131877e-21 -5.915180e-22 -2.799123e-22 -4.577061e-23 1.377749e-22 2.164311e-22 1.851102e-22 1.074310e-22 4.445147e-23 1.320724e-23
-3.185725e-23 -1.269854e-22 -3.882661e-22 -9.327698e-22 -1.794112e-21 -2.804137e-21 -3.601007e-21 -3.823889e-21 -3.361611e-21 -2.445631e-21 -1.494753e-21 -8.145235e-22 -4.050711e-22 -7.430570e-23 2.746227e-22 5.369689e-22 5.828987e-22 4.368457e-22 2.383093e-22 9.590170e-23 2.831430e-23
-5.167932e-23 -1.944433e-22 -5.588114e-22 -1.253283e-21 -2.228361e-21 -3.177174e-21 -3.660587e-21 -3.421710e-21 -2.599299e-21 -1.620167e-21 -8.703951e-22 -4.292199e-22 -8.337173e-23 3.830387e-22 9.107348e-22 1.223263e-21 1.148487e-21 7.966807e-22 4.156739e-22 1.632257e-22 4.769311e-23
-6.782946e-23 -2.446747e-22 -6.709012e-22 -1.425029e-21 -2.373388e-21 -3.119049e-21 -3.235404e-21 -2.633216e-21 -1.665830e-21 -8.263046e-22 -3.410024e-22 -3.918559e-23 4.111187e-22 1.119742e-21 1.810536e-21 2.074273e-21 1.776691e-21 1.161608e-21 5.825512e-22 2.228229e-22 6.404575e-23
-7.204760e-23 -2.520907e-22 -6.664792e-22 -1.353337e-21 -2.128270e-21 -2.591980e-21 -2.418649e-21 -1.683141e-21 -8.246894e-22 -2.372710e-22 7.474650e-23 4.356776e-22 1.125758e-21 2.048412e-21 2.751332e-21 2.815580e-21 2.233721e-21 1.382075e-21 6.652008e-22 2.465881e-22 6.918205e-23
-6.178657e-23 -2.115966e-22 -5.431658e-22 -1.059288e-21 -1.575010e-21 -1.769584e-21 -1.458083e-21 -8.097744e-22 -1.980336e-22 1.891462e-22 5.232329e-22 1.110041e-21 2.026181e-21 2.966529e-21 3.442362e-21 3.176760e-21 2.334663e-21 1.361661e-21 6.249962e-22 2.227049e-22 6.038738e-23
-4.252303e-23 -1.435421e-22 -3.591469e-22 -6.722814e-22 -9.373309e-22 -9.476009e-22 -6.369417e-22 -1.755524e-22 2.243396e-22 5.778158e-22 1.108661e-21 1.952575e-21 2.931881e-21 3.629957e-21 3.685128e-21 3.060450e-21 2.067380e-21 1.125232e-21 4.870811e-22 1.648482e-22 4.264670e-23
-2.323395e-23 -7.771661e-23 -1.895484e-22 -3.376381e-22 -4.294140e-22 -3.580099e-22 -1.193276e-22 1.809646e-22 4.965765e-22 9.596089e-22 1.726990e-21 2.712939e-21 3.550651e-21 3.843674e-21 3.451885e-21 2.571332e-21 1.579010e-21 7.903387e-22 3.174722e-22 1.003496e-22 2.434277e-23
-9.908579e-24 -3.293803e-23 -7.781026e-23 -1.284919e-22 -1.365853e-22 -5.680108e-23 1.030850e-22 3.147401e-22 6.380454e-22 1.223202e-21 2.111307e-21 3.054010e-21 3.623059e-21 3.533871e-21 2.852080e-21 1.909313e-21 1.056421e-21 4.784929e-22 1.747754e-22 5.044943e-23 1.120853e-23
-3.215390e-24 -1.060304e-23 -2.374462e-23 -3.354006e-23 -1.867242e-23 3.846600e-23 1.399432e-22 3.082013e-22 6.369680e-22 1.236398e-21 2.057734e-21 2.803459e-21 3.100272e-21 2.795105e-21 2.065571e-21 1.254036e-21 6.240191e-22 2.526354e-22 8.216636e-23 2.107586e-23 4.157237e-24
-7.641966e-25 -2.466109e-24 -4.890412e-24 -3.973627e-24 8.510078e-24 4.052626e-23 1.026246e-22 2.325511e-22 5.101554e-22 9.954711e-22 1.607888e-21 2.097101e-21 2.203572e-21 1.871806e-21 1.288690e-21 7.188464e-22 3.235777e-22 1.166073e-22 3.323529e-23 7.366641e-24 1.242196e-24
-1.252912e-25 -3.759661e-25 -4.819759e-25 1.003231e-24 6.985238e-24 2.184397e-23 5.652812e-23 1.414868e-22 3.268587e-22 6.379239e-22 1.006924e-21 1.271524e-21 1.285179e-21 1.041600e-21 6.766365e-22 3.509643e-22 1.442419e-22 4.642340e-23 1.151432e-23 2.157298e-24 2.992405e-25
-1.278949e-26 -2.817488e-26 5.435957e-26 6.421696e-25 2.684487e-24 8.454986e-24 2.488431e-23 6.913724e-23 1.659834e-22 3.237441e-22 5.024618e-22 6.189554e-22 6.061469e-22 4.720425e-22 2.914401e-22 1.416340e-22 5.353846e-23 1.547032e-23 3.337175e-24 5.220108e-25 5.803916e-26
-6.701287e-28 9.302638e-28 2.672051e-26 1.654524e-25 6.909583e-25 2.536674e-24 8.781804e-24 2.667598e-23 6.596696e-23 1.288075e-22 1.975503e-22 2.385102e-22 2.271418e-22 1.704458e-22 1.002517e-22 4.574891e-23 1.593830e-23 4.140088e-24 7.758374e-25 1.008685e-25 9.107385e-27
-1.456593e-29 3.517043e-28 4.040530e-27 2.559357e-26 1.297287e-25 6.010514e-25 2.433669e-24 7.945655e-24 2.016142e-23 3.952674e-23 6.013732e-23 7.135427e-23 6.615601e-23 4.781807e-23 2.674969e-23 1.142941e-23 3.654117e-24 8.481778e-25 1.371978e-25 1.495732e-26 1.243095e-27
