-1.238665e-20 -5.892712e-20 -2.490019e-19 -8.891393e-19 -2.597945e-18 -6.105918e-18 -1.141581e-17 -1.670764e-17 -1.840812e-17 -1.347805e-17 -2.506610e-18 9.697862e-18 1.738102e-17 1.806842e-17 1.367252e-17 7.989708e-18 3.686633e-18 1.359631e-18 4.066316e-19 1.013186e-19 2.200949e-20
-6.078354e-20 -3.112384e-19 -1.356896e-18 -4.835169e-18 -1.382614e-17 -3.153141e-17 -5.711642e-17 -8.121872e-17 -8.743094e-17 -6.299812e-17 -1.156113e-17 4.528703e-17 8.201712e-17 8.692664e-17 6.752160e-17 4.068225e-17 1.937071e-17 7.335263e-18 2.220106e-18 5.442866e-19 1.116884e-19
-2.674550e-19 -1.417216e-18 -6.163161e-18 -2.143505e-17 -5.923816e-17 -1.302250e-16 -2.277434e-16 -3.140049e-16 -3.298192e-16 -2.336672e-16 -4.227578e-17 1.678282e-16 3.073306e-16 3.324964e-16 2.656163e-16 1.655067e-16 8.176153e-17 3.211379e-17 1.001911e-17 2.490510e-18 5.020800e-19
-1.015254e-18 -5.399888e-18 -2.297593e-17 -7.723576e-17 -2.054335e-16 -4.346331e-16 -7.333210e-16 -9.797286e-16 -1.003366e-15 -6.984557e-16 -1.244655e-16 5.012833e-16 9.286760e-16 1.026406e-15 8.439165e-16 5.442340e-16 2.792776e-16 1.141109e-16 3.696127e-17 9.458859e-18 1.924276e-18
-3.249090e-18 -1.703696e-17 -7.034244e-17 -2.279887e-16 -5.836890e-16 -1.189388e-15 -1.936997e-15 -2.507299e-15 -2.501984e-15 -1.709873e-15 -2.997442e-16 1.226478e-15 2.300108e-15 2.599050e-15 2.200303e-15 1.468213e-15 7.820308e-16 3.321879e-16 1.118148e-16 2.961533e-17 6.163587e-18
-8.686350e-18 -4.454707e-17 -1.782020e-16 -5.576941e-16 -1.377531e-15 -2.709260e-15 -4.264293e-15 -5.349308e-15 -5.198000e-15 -3.484151e-15 -5.999250e-16 2.498174e-15 4.745998e-15 5.487080e-15 4.783492e-15 3.299662e-15 1.820714e-15 8.019624e-16 2.798714e-16 7.669131e-17 1.640438e-17
-1.938395e-17 -9.707430e-17 -3.771037e-16 -1.143783e-15 -2.736234e-15 -5.210989e-15 -7.944566e-15 -9.667467e-15 -9.146048e-15 -6.007984e-15 -1.014566e-15 4.306794e-15 8.293545e-15 9.815025e-15 8.806480e-15 6.268356e-15 3.572265e-15 1.625207e-15 5.855717e-16 1.654401e-16 3.634410e-17
-3.620956e-17 -1.774871e-16 -6.725874e-16 -1.987381e-15 -4.628038e-15 -8.573090e-15 -1.270544e-14 -1.503250e-14 -1.385994e-14 -8.922515e-15 -1.476459e-15 6.395419e-15 1.248452e-14 1.511515e-14 1.393272e-14 1.020064e-14 5.977994e-15 2.794822e-15 1.033984e-15 2.996282e-16 6.734808e-17
-5.683694e-17 -2.739269e-16 -1.018581e-15 -2.950489e-15 -6.729955e-15 -1.219812e-14 -1.766715e-14 -2.041370e-14 -1.839997e-14 -1.162870e-14 -1.887261e-15 8.335238e-15 1.647574e-14 2.035544e-14 1.920025e-14 1.438583e-14 8.619225e-15 4.115043e-15 1.553158e-15 4.587241e-16 1.049239e-16
-7.521515e-17 -3.585161e-16 -1.316960e-15 -3.766171e-15 -8.475150e-15 -1.514032e-14 -2.158689e-14 -2.452875e-14 -2.174494e-14 -1.355123e-14 -2.165202e-15 9.714825e-15 1.938477e-14 2.431081e-14 2.331146e-14 1.774652e-14 1.079092e-14 5.222644e-15 1.996527e-15 5.968076e-16 1.380235e-16
-8.410088e-17 -3.990619e-16 -1.458626e-15 -4.149429e-15 -9.285351e-15 -1.648611e-14 -2.334524e-14 -2.632734e-14 -2.315891e-14 -1.433423e-14 -2.270516e-15 1.027990e-14 2.060191e-14 2.601792e-14 2.513504e-14 1.926881e-14 1.178994e-14 5.738025e-15 2.204640e-15 6.620665e-16 1.537507e-16
-7.951814e-17 -3.781732e-16 -1.385664e-15 -3.951819e-15 -8.865978e-15 -1.578309e-14 -2.240985e-14 -2.534002e-14 -2.234503e-14 -1.385550e-14 -2.194409e-15 9.943179e-15 1.989072e-14 2.505927e-14 2.414461e-14 1.845921e-14 1.126367e-14 5.466692e-15 2.094420e-15 6.271300e-16 1.452100e-16
-6.353722e-17 -3.048898e-16 -1.128116e-15 -3.250211e-15 -7.369365e-15 -1.326520e-14 -1.905703e-14 -2.181319e-14 -1.946355e-14 -1.218510e-14 -1.943842e-15 8.753549e-15 1.738035e-14 2.165680e-14 2.061645e-14 1.557613e-14 9.397524e-15 4.511798e-15 1.710447e-15 5.068954e-16 1.162151e-16
-4.281606e-17 -2.085900e-16 -7.848117e-16 -2.300782e-15 -5.310971e-15 -9.739169e-15 -1.426408e-14 -1.665088e-14 -1.513598e-14 -9.617104e-15 -1.551655e-15 6.918978e-15 1.358238e-14 1.663640e-14 1.553553e-14 1.151276e-14 6.817047e-15 3.214065e-15 1.197067e-15 3.486599e-16 7.863747e-17
-2.425450e-17 -1.205836e-16 -4.642286e-16 -1.393842e-15 -3.296600e-15 -6.196189e-15 -9.303867e-15 -1.112998e-14 -1.034585e-14 -6.687239e-15 -1.091958e-15 4.820746e-15 9.338217e-15 1.120590e-14 1.021879e-14 7.388180e-15 4.268378e-15 1.964009e-15 7.140587e-16 2.031177e-16 4.481331e-17
-1.150436e-17 -5.856031e-17 -2.318628e-16 -7.169307e-16 -1.746495e-15 -3.380243e-15 -5.222994e-15 -6.419539e-15 -6.110084e-15 -4.018652e-15 -6.629216e-16 2.904667e-15 5.549101e-15 6.516356e-15 5.789812e-15 4.070194e-15 2.284369e-15 1.020669e-15 3.602881e-16 9.956159e-17 2.139823e-17
-4.552604e-18 -2.372939e-17 -9.693956e-17 -3.099790e-16 -7.809372e-16 -1.561538e-15 -2.488400e-15 -3.145448e-15 -3.064990e-15 -2.049425e-15 -3.404501e-16 1.486419e-15 2.800926e-15 3.219029e-15 2.784555e-15 1.899690e-15 1.032636e-15 4.463029e-16 1.523110e-16 4.073540e-17 8.515384e-18
-1.501682e-18 -7.971542e-18 -3.360158e-17 -1.113684e-16 -2.909351e-16 -6.023004e-16 -9.910077e-16 -1.288377e-15 -1.284190e-15 -8.718431e-16 -1.452853e-16 6.351204e-16 1.180824e-15 1.328954e-15 1.119211e-15 7.402685e-16 3.889655e-16 1.621828e-16 5.337067e-17 1.379848e-17 2.813849e-18
-4.152783e-19 -2.213114e-18 -9.571708e-18 -3.284997e-17 -8.905073e-17 -1.910390e-16 -3.246572e-16 -4.339136e-16 -4.419464e-16 -3.042307e-16 -5.064274e-17 2.228489e-16 4.088907e-16 4.509523e-16 3.698718e-16 2.370999e-16 1.203066e-16 4.834155e-17 1.533949e-17 3.847036e-18 7.736205e-19
-9.805623e-20 -5.107043e-19 -2.231802e-18 -7.876012e-18 -2.209559e-17 -4.906956e-17 -8.606977e-17 -1.181531e-16 -1.228238e-16 -8.562055e-17 -1.417365e-17 6.313910e-17 1.143419e-16 1.236579e-16 9.884023e-17 6.143280e-17 3.011805e-17 1.168206e-17 3.592056e-18 8.842992e-19 1.794423e-19
-2.046478e-20 -1.002293e-19 -4.296306e-19 -1.531441e-18 -4.404371e-18 -1.007568e-17 -1.818953e-17 -2.559618e-17 -2.711327e-17 -1.911271e-17 -3.131876e-18 1.420552e-17 2.539471e-17 2.695704e-17 2.102769e-17 1.269870e-17 6.037649e-18 2.277201e-18 6.883354e-19 1.706508e-19 3.626384e-20
