x y z |F|^2 Fx Fy Fz 
-2.538728e-01 -2.538728e-01 -7.616185e-01 6.708074e-04 -2.957945e-04 -5.103548e-04 3.194154e-04
2.538728e-01 -2.538728e-01 -7.616185e-01 6.708074e-04 2.957945e-04 -5.103548e-04 3.194154e-04
-2.538728e-01 2.538728e-01 -7.616185e-01 6.708074e-04 -2.957945e-04 5.103548e-04 3.194154e-04
2.538728e-01 2.538728e-01 -7.616185e-01 6.708074e-04 2.957945e-04 5.103548e-04 3.194154e-04
-2.538728e-01 -7.616185e-01 -2.538728e-01 1.714822e-03 -1.567158e-04 -1.057010e-03 -1.341188e-03
2.538728e-01 -7.616185e-01 -2.538728e-01 1.714822e-03 1.567158e-04 -1.057010e-03 -1.341188e-03
-7.616185e-01 -2.538728e-01 -2.538728e-01 1.969546e-03 -5.848706e-04 -6.421411e-05 -1.879605e-03
-2.538728e-01 -2.538728e-01 -2.538728e-01 3.027851e-04 -6.269974e-06 -1.091840e-04 -2.823443e-04
2.538728e-01 -2.538728e-01 -2.538728e-01 3.027851e-04 6.269974e-06 -1.091840e-04 -2.823443e-04
7.616185e-01 -2.538728e-01 -2.538728e-01 1.969546e-03 5.848706e-04 -6.421411e-05 -1.879605e-03
-7.616185e-01 2.538728e-01 -2.538728e-01 1.969546e-03 -5.848706e-04 6.421411e-05 -1.879605e-03
-2.538728e-01 2.538728e-01 -2.538728e-01 3.027851e-04 -6.269974e-06 1.091840e-04 -2.823443e-04
2.538728e-01 2.538728e-01 -2.538728e-01 3.027851e-04 6.269974e-06 1.091840e-04 -2.823443e-04
7.616185e-01 2.538728e-01 -2.538728e-01 1.969546e-03 5.848706e-04 6.421411e-05 -1.879605e-03
-2.538728e-01 7.616185e-01 -2.538728e-01 1.714822e-03 -1.567158e-04 1.057010e-03 -1.341188e-03
2.538728e-01 7.616185e-01 -2.538728e-01 1.714822e-03 1.567158e-04 1.057010e-03 -1.341188e-03
-2.538728e-01 -7.616185e-01 2.538728e-01 1.880824e-03 -1.606509e-04 -1.029863e-03 1.565589e-03
2.538728e-01 -7.616185e-01 2.538728e-01 1.880824e-03 1.606509e-04 -1.029863e-03 1.565589e-03
-7.616185e-01 -2.538728e-01 2.538728e-01 2.068579e-03 -7.798489e-04 -2.026550e-05 1.915840e-03
-2.538728e-01 -2.538728e-01 2.538728e-01 3.502789e-04 -3.820482e-05 -2.878470e-04 1.959076e-04
2.538728e-01 -2.538728e-01 2.538728e-01 3.502789e-04 3.820482e-05 -2.878470e-04 1.959076e-04
7.616185e-01 -2.538728e-01 2.538728e-01 2.068579e-03 7.798489e-04 -2.026550e-05 1.915840e-03
-7.616185e-01 2.538728e-01 2.538728e-01 2.068579e-03 -7.798489e-04 2.026550e-05 1.915840e-03
-2.538728e-01 2.538728e-01 2.538728e-01 3.502789e-04 -3.820482e-05 2.878470e-04 1.959076e-04
2.538728e-01 2.538728e-01 2.538728e-01 3.502789e-04 3.820482e-05 2.878470e-04 1.959076e-04
7.616185e-01 2.538728e-01 2.538728e-01 2.068579e-03 7.798489e-04 2.026550e-05 1.915840e-03
-2.538728e-01 7.616185e-01 2.538728e-01 1.880824e-03 -1.606509e-04 1.029863e-03 1.565589e-03
2.538728e-01 7.616185e-01 2.538728e-01 1.880824e-03 1.606509e-04 1.029863e-03 1.565589e-03
-2.538728e-01 -2.538728e-01 7.616185e-01 1.110889e-03 -4.590013e-04 -6.973934e-04 -7.328261e-04
2.538728e-01 -2.538728e-01 7.616185e-01 1.110889e-03 4.590013e-04 -6.973934e-04 -7.328261e-04
-2.538728e-01 2.538728e-01 7.616185e-01 1.110889e-03 -4.590013e-04 6.973934e-04 -7.328261e-04
2.538728e-01 2.538728e-01 7.616185e-01 1.110889e-03 4.590013e-04 6.973934e-04 -7.328261e-04
