x y z |P|^2 Px.r Px.i Py.r Py.i Pz.r Pz.i
-0.2538728244 -0.2538728244 -0.7616184732 5.583001114e-06 0.0009027775907 0.001067974799 -0.001461179905 -0.0002717726268 0.0009151736996 0.0007622162341
0.2538728244 -0.2538728244 -0.7616184732 5.583001113e-06 -0.0009027775905 -0.001067974799 -0.001461179905 -0.0002717726269 0.0009151736996 0.0007622162341
-0.2538728244 0.2538728244 -0.7616184732 5.583001114e-06 -0.0009027775907 -0.001067974799 -0.001461179905 -0.0002717726269 -0.0009151736996 -0.0007622162341
0.2538728244 0.2538728244 -0.7616184732 5.583001113e-06 0.0009027775905 0.001067974799 -0.001461179905 -0.0002717726269 -0.0009151736996 -0.0007622162341
-0.2538728244 -0.7616184732 -0.2538728244 1.675301241e-05 0.0007247460544 0.0007147264125 0.003887093372 0.0006304728483 -0.0002336881866 0.0003941074173
0.2538728244 -0.7616184732 -0.2538728244 1.675301241e-05 -0.0007247460547 -0.0007147264125 0.003887093372 0.0006304728483 -0.0002336881868 0.0003941074173
-0.7616184732 -0.2538728244 -0.2538728244 9.489405104e-06 3.553833103e-05 0.0001933193622 0.003005471947 -0.0001789037505 0.0004331247619 0.0004453139535
-0.2538728244 -0.2538728244 -0.2538728244 7.677748293e-06 0.001460732702 0.0009539784473 0.000584752653 -0.001855147872 -0.0007083048437 -0.0005905322573
0.2538728244 -0.2538728244 -0.2538728244 7.677748293e-06 -0.001460732702 -0.0009539784473 0.000584752653 -0.001855147872 -0.0007083048437 -0.0005905322573
0.7616184732 -0.2538728244 -0.2538728244 9.489405102e-06 -3.553833105e-05 -0.0001933193621 0.003005471947 -0.0001789037504 0.0004331247622 0.0004453139534
-0.7616184732 0.2538728244 -0.2538728244 9.489405104e-06 -3.553833105e-05 -0.0001933193622 0.003005471947 -0.0001789037505 -0.0004331247619 -0.0004453139535
-0.2538728244 0.2538728244 -0.2538728244 7.677748293e-06 -0.001460732702 -0.0009539784473 0.000584752653 -0.001855147872 0.0007083048437 0.0005905322573
0.2538728244 0.2538728244 -0.2538728244 7.677748293e-06 0.001460732702 0.0009539784473 0.000584752653 -0.001855147872 0.0007083048437 0.0005905322573
0.7616184732 0.2538728244 -0.2538728244 9.489405102e-06 3.553833103e-05 0.0001933193621 0.003005471947 -0.0001789037504 -0.0004331247622 -0.0004453139534
-0.2538728244 0.7616184732 -0.2538728244 1.675301241e-05 -0.0007247460544 -0.0007147264125 0.003887093372 0.0006304728483 0.0002336881865 -0.0003941074173
0.2538728244 0.7616184732 -0.2538728244 1.675301241e-05 0.0007247460547 0.0007147264124 0.003887093372 0.0006304728483 0.0002336881868 -0.0003941074173
-0.2538728244 -0.7616184732 0.2538728244 1.913313523e-05 -0.0008058041502 -0.0006424847617 -0.004151015009 -0.0006079241657 -0.0006857216951 1.779305833e-05
0.2538728244 -0.7616184732 0.2538728244 1.913313523e-05 0.0008058041505 0.0006424847616 -0.004151015009 -0.0006079241657 -0.0006857216953 1.77930584e-05
-0.7616184732 -0.2538728244 0.2538728244 1.333402525e-05 -3.194166379e-05 -9.759293068e-06 -0.003632847556 4.963033904e-05 0.0002886793005 0.0002225521494
-0.2538728244 -0.2538728244 0.2538728244 9.605891189e-06 -0.001610421032 -0.001097011729 -0.0009340563781 0.001697726476 -0.001000823631 -0.001025970813
0.2538728244 -0.2538728244 0.2538728244 9.605891189e-06 0.001610421032 0.001097011729 -0.0009340563781 0.001697726476 -0.001000823631 -0.001025970813
0.7616184732 -0.2538728244 0.2538728244 1.333402524e-05 3.19416638e-05 9.759293095e-06 -0.003632847556 4.963033898e-05 0.0002886793007 0.0002225521494
-0.7616184732 0.2538728244 0.2538728244 1.333402525e-05 3.19416638e-05 9.759293069e-06 -0.003632847556 4.963033905e-05 -0.0002886793004 -0.0002225521494
-0.2538728244 0.2538728244 0.2538728244 9.605891189e-06 0.001610421032 0.001097011729 -0.0009340563781 0.001697726476 0.001000823631 0.001025970813
0.2538728244 0.2538728244 0.2538728244 9.605891189e-06 -0.001610421032 -0.001097011729 -0.0009340563781 0.001697726476 0.001000823631 0.001025970813
0.7616184732 0.2538728244 0.2538728244 1.333402524e-05 -3.194166379e-05 -9.759293095e-06 -0.003632847556 4.963033898e-05 -0.0002886793007 -0.0002225521493
-0.2538728244 0.7616184732 0.2538728244 1.913313523e-05 0.0008058041502 0.0006424847617 -0.004151015009 -0.0006079241657 0.0006857216951 -1.779305833e-05
0.2538728244 0.7616184732 0.2538728244 1.913313523e-05 -0.0008058041504 -0.0006424847616 -0.004151015009 -0.0006079241657 0.0006857216954 -1.77930584e-05
-0.2538728244 -0.2538728244 0.7616184732 1.147787991e-05 -0.0008838058906 -0.001501156082 0.002456261801 0.0009132365085 0.0008095178398 0.0009595599979
0.2538728244 -0.2538728244 0.7616184732 1.147787991e-05 0.0008838058903 0.001501156082 0.002456261801 0.0009132365086 0.0008095178398 0.0009595599979
-0.2538728244 0.2538728244 0.7616184732 1.147787991e-05 0.0008838058906 0.001501156082 0.002456261801 0.0009132365085 -0.0008095178398 -0.0009595599979
0.2538728244 0.2538728244 0.7616184732 1.147787991e-05 -0.0008838058904 -0.001501156082 0.002456261801 0.0009132365086 -0.0008095178398 -0.0009595599979
