0.0000000000 0.0000000000 0.0000000000 -0.0000000000 0.0000000000 0.0000000133
0.0000000000 0.0000000000 0.0500000000 0.0000000000 -0.0000000000 0.0000000133
0.0000000000 0.0000000000 0.1000000000 0.0000000000 0.0000000000 0.0000000133
0.0000000000 0.0000000000 0.1500000000 0.0000000000 0.0000000000 0.0000000133
0.0000000000 0.0000000000 0.2000000000 -0.0000000000 -0.0000000000 0.0000000133
0.0000000000 0.0000000000 0.2500000000 -0.0000000000 -0.0000000000 0.0000000133
0.0000000000 0.0000000000 0.3000000000 -0.0000000000 0.0000000000 0.0000000132
0.0000000000 0.0000000000 0.3500000000 -0.0000000000 0.0000000000 0.0000000132
0.0000000000 0.0000000000 0.4000000000 0.0000000000 0.0000000000 0.0000000132
0.0000000000 0.0000000000 0.4500000000 -0.0000000000 -0.0000000000 0.0000000132
0.0000000000 0.0000000000 0.5000000000 -0.0000000000 0.0000000000 0.0000000131
0.0000000000 0.0000000000 0.5500000000 -0.0000000000 0.0000000000 0.0000000131
0.0000000000 0.0000000000 0.6000000000 0.0000000000 0.0000000000 0.0000000131
0.0000000000 0.0000000000 0.6500000000 -0.0000000000 0.0000000000 0.0000000131
0.0000000000 0.0000000000 0.7000000000 0.0000000000 0.0000000000 0.0000000130
0.0000000000 0.0000000000 0.7500000000 -0.0000000000 -0.0000000000 0.0000000130
0.0000000000 0.0000000000 0.8000000000 -0.0000000000 0.0000000000 0.0000000129
0.0000000000 0.0000000000 0.8500000000 0.0000000000 0.0000000000 0.0000000129
0.0000000000 0.0000000000 0.9000000000 -0.0000000000 0.0000000000 0.0000000129
0.0000000000 0.0000000000 0.9500000000 -0.0000000000 -0.0000000000 0.0000000128
0.0000000000 0.0000000000 1.0000000000 0.0000000000 -0.0000000000 0.0000000128
0.0000000000 0.0000000000 1.0500000000 0.0000000000 0.0000000000 0.0000000127
0.0000000000 0.0000000000 1.1000000000 -0.0000000000 0.0000000000 0.0000000127
0.0000000000 0.0000000000 1.1500000000 -0.0000000000 -0.0000000000 0.0000000126
0.0000000000 0.0000000000 1.2000000000 -0.0000000000 0.0000000000 0.0000000126
0.0000000000 0.0000000000 1.2500000000 -0.0000000000 -0.0000000000 0.0000000125
0.0000000000 0.0000000000 1.3000000000 -0.0000000000 -0.0000000000 0.0000000125
0.0000000000 0.0000000000 1.3500000000 -0.0000000000 0.0000000000 0.0000000124
0.0000000000 0.0000000000 1.4000000000 0.0000000000 0.0000000000 0.0000000124
0.0000000000 0.0000000000 1.4500000000 0.0000000000 0.0000000000 0.0000000123
0.0000000000 0.0000000000 1.5000000000 0.0000000000 0.0000000000 0.0000000122
0.0000000000 0.0000000000 1.5500000000 -0.0000000000 -0.0000000000 0.0000000122
0.0000000000 0.0000000000 1.6000000000 -0.0000000000 -0.0000000000 0.0000000121
0.0000000000 0.0000000000 1.6500000000 0.0000000000 -0.0000000000 0.0000000120
0.0000000000 0.0000000000 1.7000000000 0.0000000000 -0.0000000000 0.0000000120
0.0000000000 0.0000000000 1.7500000000 0.0000000000 -0.0000000000 0.0000000119
0.0000000000 0.0000000000 1.8000000000 -0.0000000000 -0.0000000000 0.0000000118
0.0000000000 0.0000000000 1.8500000000 -0.0000000000 -0.0000000000 0.0000000118
0.0000000000 0.0000000000 1.9000000000 0.0000000000 -0.0000000000 0.0000000117
0.0000000000 0.0000000000 1.9500000000 0.0000000000 0.0000000000 0.0000000116
0.0000000000 0.0000000000 2.0000000000 0.0000000000 -0.0000000000 0.0000000115
0.0000000000 0.0000000000 2.0500000000 -0.0000000000 0.0000000000 0.0000000115
0.0000000000 0.0000000000 2.1000000000 -0.0000000000 -0.0000000000 0.0000000114
0.0000000000 0.0000000000 2.1500000000 -0.0000000000 -0.0000000000 0.0000000113
0.0000000000 0.0000000000 2.2000000000 0.0000000000 0.0000000000 0.0000000112
0.0000000000 0.0000000000 2.2500000000 -0.0000000000 0.0000000000 0.0000000111
0.0000000000 0.0000000000 2.3000000000 -0.0000000000 0.0000000000 0.0000000111
0.0000000000 0.0000000000 2.3500000000 -0.0000000000 0.0000000000 0.0000000110
0.0000000000 0.0000000000 2.4000000000 0.0000000000 -0.0000000000 0.0000000109
0.0000000000 0.0000000000 2.4500000000 -0.0000000000 -0.0000000000 0.0000000108
0.0000000000 0.0000000000 2.5000000000 0.0000000000 -0.0000000000 0.0000000107
0.0000000000 0.0000000000 2.5500000000 0.0000000000 0.0000000000 0.0000000107
0.0000000000 0.0000000000 2.6000000000 -0.0000000000 0.0000000000 0.0000000106
0.0000000000 0.0000000000 2.6500000000 0.0000000000 0.0000000000 0.0000000105
0.0000000000 0.0000000000 2.7000000000 -0.0000000000 0.0000000000 0.0000000104
0.0000000000 0.0000000000 2.7500000000 0.0000000000 -0.0000000000 0.0000000103
0.0000000000 0.0000000000 2.8000000000 0.0000000000 0.0000000000 0.0000000102
0.0000000000 0.0000000000 2.8500000000 -0.0000000000 -0.0000000000 0.0000000101
0.0000000000 0.0000000000 2.9000000000 -0.0000000000 -0.0000000000 0.0000000101
0.0000000000 0.0000000000 2.9500000000 0.0000000000 0.0000000000 0.0000000100
0.0000000000 0.0000000000 3.0000000000 0.0000000000 -0.0000000000 0.0000000099
0.0000000000 0.0000000000 3.0500000000 0.0000000000 0.0000000000 0.0000000098
0.0000000000 0.0000000000 3.1000000000 -0.0000000000 -0.0000000000 0.0000000097
0.0000000000 0.0000000000 3.1500000000 0.0000000000 -0.0000000000 0.0000000096
0.0000000000 0.0000000000 3.2000000000 -0.0000000000 0.0000000000 0.0000000095
0.0000000000 0.0000000000 3.2500000000 -0.0000000000 0.0000000000 0.0000000095
0.0000000000 0.0000000000 3.3000000000 -0.0000000000 -0.0000000000 0.0000000094
0.0000000000 0.0000000000 3.3500000000 -0.0000000000 -0.0000000000 0.0000000093
0.0000000000 0.0000000000 3.4000000000 -0.0000000000 -0.0000000000 0.0000000092
0.0000000000 0.0000000000 3.4500000000 -0.0000000000 -0.0000000000 0.0000000091
0.0000000000 0.0000000000 3.5000000000 -0.0000000000 0.0000000000 0.0000000090
0.0000000000 0.0000000000 3.5500000000 -0.0000000000 -0.0000000000 0.0000000090
0.0000000000 0.0000000000 3.6000000000 0.0000000000 0.0000000000 0.0000000089
0.0000000000 0.0000000000 3.6500000000 0.0000000000 0.0000000000 0.0000000088
0.0000000000 0.0000000000 3.7000000000 0.0000000000 -0.0000000000 0.0000000087
0.0000000000 0.0000000000 3.7500000000 0.0000000000 0.0000000000 0.0000000086
0.0000000000 0.0000000000 3.8000000000 -0.0000000000 0.0000000000 0.0000000085
0.0000000000 0.0000000000 3.8500000000 0.0000000000 0.0000000000 0.0000000085
0.0000000000 0.0000000000 3.9000000000 0.0000000000 -0.0000000000 0.0000000084
0.0000000000 0.0000000000 3.9500000000 0.0000000000 0.0000000000 0.0000000083
0.0000000000 0.0000000000 4.0000000000 -0.0000000000 0.0000000000 0.0000000082
0.0000000000 0.0000000000 4.0500000000 0.0000000000 -0.0000000000 0.0000000081
0.0000000000 0.0000000000 4.1000000000 -0.0000000000 0.0000000000 0.0000000081
0.0000000000 0.0000000000 4.1500000000 -0.0000000000 0.0000000000 0.0000000080
0.0000000000 0.0000000000 4.2000000000 0.0000000000 -0.0000000000 0.0000000079
0.0000000000 0.0000000000 4.2500000000 0.0000000000 -0.0000000000 0.0000000078
0.0000000000 0.0000000000 4.3000000000 0.0000000000 0.0000000000 0.0000000077
0.0000000000 0.0000000000 4.3500000000 -0.0000000000 -0.0000000000 0.0000000077
0.0000000000 0.0000000000 4.4000000000 -0.0000000000 0.0000000000 0.0000000076
0.0000000000 0.0000000000 4.4500000000 0.0000000000 0.0000000000 0.0000000075
0.0000000000 0.0000000000 4.5000000000 -0.0000000000 0.0000000000 0.0000000074
0.0000000000 0.0000000000 4.5500000000 -0.0000000000 0.0000000000 0.0000000074
0.0000000000 0.0000000000 4.6000000000 0.0000000000 -0.0000000000 0.0000000073
0.0000000000 0.0000000000 4.6500000000 0.0000000000 -0.0000000000 0.0000000072
0.0000000000 0.0000000000 4.7000000000 0.0000000000 -0.0000000000 0.0000000071
0.0000000000 0.0000000000 4.7500000000 -0.0000000000 0.0000000000 0.0000000071
0.0000000000 0.0000000000 4.8000000000 0.0000000000 -0.0000000000 0.0000000070
0.0000000000 0.0000000000 4.8500000000 0.0000000000 0.0000000000 0.0000000069
0.0000000000 0.0000000000 4.9000000000 -0.0000000000 0.0000000000 0.0000000069
0.0000000000 0.0000000000 4.9500000000 0.0000000000 0.0000000000 0.0000000068
0.0000000000 0.0000000000 5.0000000000 0.0000000000 0.0000000000 0.0000000067
