-2.414670e-10 -2.023380e-10 -1.488921e-10 -8.980231e-11 -3.421795e-11 1.003549e-11 3.823625e-11 4.903663e-11 4.420980e-11 2.755289e-11 4.207522e-12 -2.006096e-11 -3.961021e-11 -4.904762e-11 -4.398263e-11 -2.200231e-11 1.673777e-11 6.850542e-11 1.267274e-10 1.830180e-10 2.280912e-10
-2.075229e-10 -1.546158e-10 -9.099707e-11 -2.695012e-11 2.787083e-11 6.600167e-11 8.459606e-11 8.414816e-11 6.776607e-11 4.006788e-11 6.161270e-12 -2.861332e-11 -5.912052e-11 -8.013316e-11 -8.664282e-11 -7.477854e-11 -4.322704e-11 5.940297e-12 6.713640e-11 1.315026e-10 1.889342e-10
-1.606381e-10 -9.787661e-11 -2.929264e-11 3.382566e-11 8.218087e-11 1.104047e-10 1.175194e-10 1.060131e-10 8.060356e-11 4.617653e-11 7.188677e-12 -3.249174e-11 -6.908097e-11 -9.842299e-11 -1.155374e-10 -1.152956e-10 -9.438108e-11 -5.277892e-11 5.708189e-12 7.299002e-11 1.385049e-10
-1.083101e-10 -4.096586e-11 2.640531e-11 8.262802e-11 1.201607e-10 1.357312e-10 1.309701e-10 1.108312e-10 8.064628e-11 4.495238e-11 6.946975e-12 -3.142109e-11 -6.823159e-11 -1.008603e-10 -1.253656e-10 -1.362722e-10 -1.282210e-10 -9.816090e-11 -4.788268e-11 1.635267e-11 8.448355e-11
-5.801822e-11 8.182762e-12 6.865030e-11 1.136136e-10 1.374528e-10 1.399183e-10 1.254761e-10 1.004132e-10 7.004507e-11 3.788495e-11 5.736489e-12 -2.641322e-11 -5.855951e-11 -8.989134e-11 -1.174661e-10 -1.363748e-10 -1.406455e-10 -1.245292e-10 -8.648666e-11 -3.072909e-11 3.426524e-11
-1.549236e-11 4.457423e-11 9.426066e-11 1.254728e-10 1.353971e-10 1.270624e-10 1.065509e-10 8.029177e-11 5.341498e-11 2.801986e-11 4.300149e-12 -1.924624e-11 -4.398658e-11 -7.054370e-11 -9.749773e-11 -1.207066e-10 -1.342098e-10 -1.313202e-10 -1.075323e-10 -6.376055e-11 -6.544081e-12
1.628917e-11 6.714577e-11 1.043140e-10 1.218259e-10 1.200950e-10 1.044370e-10 8.143702e-11 5.738467e-11 3.629906e-11 1.848940e-11 2.988567e-12 -1.222138e-11 -2.914428e-11 -4.932206e-11 -7.284907e-11 -9.691138e-11 -1.159610e-10 -1.232028e-10 -1.127136e-10 -8.213945e-11 -3.543175e-11
3.717969e-11 7.795304e-11 1.030331e-10 1.091906e-10 9.934544e-11 7.981574e-11 5.741260e-11 3.754200e-11 2.220718e-11 1.071561e-11 1.674223e-12 -6.985171e-12 -1.735014e-11 -3.107680e-11 -4.970902e-11 -7.197437e-11 -9.341994e-11 -1.073369e-10 -1.072532e-10 -8.876536e-11 -5.295817e-11
4.908551e-11 8.091624e-11 9.627111e-11 9.428531e-11 7.962249e-11 5.898922e-11 3.871382e-11 2.296525e-11 1.228578e-11 5.445091e-12 7.448299e-13 -3.589216e-12 -9.380199e-12 -1.827619e-11 -3.216388e-11 -5.142601e-11 -7.300473e-11 -9.061929e-11 -9.748925e-11 -8.828049e-11 -6.185319e-11
5.478051e-11 8.038584e-11 8.943228e-11 8.273922e-11 6.585150e-11 4.533381e-11 2.707713e-11 1.425746e-11 6.576436e-12 2.567421e-12 3.215674e-13 -1.615138e-12 -4.793276e-12 -1.073185e-11 -2.126374e-11 -3.780561e-11 -5.857459e-11 -7.791240e-11 -8.884933e-11 -8.551155e-11 -6.544348e-11
5.661829e-11 7.967566e-11 8.626029e-11 7.779986e-11 6.011192e-11 3.967009e-11 2.231412e-11 1.085162e-11 4.518822e-12 1.518446e-12 1.639994e-13 -8.821376e-13 -2.982099e-12 -7.773688e-12 -1.707894e-11 -3.240405e-11 -5.254603e-11 -7.232853e-11 -8.484318e-11 -8.388546e-11 -6.647749e-11
5.566196e-11 8.022340e-11 8.820724e-11 8.064232e-11 6.323964e-11 4.260181e-11 2.469051e-11 1.256744e-11 5.596575e-12 2.071254e-12 2.545400e-13 -1.246962e-12 -3.922016e-12 -9.303021e-12 -1.928689e-11 -3.525613e-11 -5.565321e-11 -7.518298e-11 -8.696089e-11 -8.489091e-11 -6.618164e-11
5.131911e-11 8.119395e-11 9.442072e-11 9.061360e-11 7.483363e-11 5.389939e-11 3.408594e-11 1.937888e-11 1.005529e-11 4.308727e-12 6.363818e-13 -2.794832e-12 -7.547159e-12 -1.538695e-11 -2.814605e-11 -4.637625e-11 -6.755355e-11 -8.580711e-11 -9.446608e-11 -8.777839e-11 -6.394467e-11
4.155611e-11 7.971402e-11 1.017872e-10 1.051771e-10 9.327196e-11 7.287462e-11 5.076195e-11 3.203721e-11 1.841678e-11 8.762037e-12 1.366950e-12 -5.748421e-12 -1.435234e-11 -2.664608e-11 -4.361480e-11 -6.478062e-11 -8.624547e-11 -1.017004e-10 -1.045559e-10 -8.976068e-11 -5.736028e-11
2.355189e-11 7.166635e-11 1.052857e-10 1.192819e-10 1.146041e-10 9.706289e-11 7.377792e-11 5.062965e-11 3.108630e-11 1.558199e-11 2.424387e-12 -1.052501e-11 -2.511799e-11 -4.340305e-11 -6.516823e-11 -8.858077e-11 -1.086620e-10 -1.188296e-10 -1.124520e-10 -8.630165e-11 -4.304897e-11
-4.923903e-12 5.284296e-11 9.914714e-11 1.263762e-10 1.325239e-10 1.212425e-10 9.940689e-11 7.339418e-11 4.768539e-11 2.473581e-11 3.689300e-12 -1.714600e-11 -3.934528e-11 -6.386849e-11 -8.972764e-11 -1.134237e-10 -1.292631e-10 -1.304816e-10 -1.117331e-10 -7.237993e-11 -1.781084e-11
-4.449035e-11 2.047029e-11 7.841483e-11 1.196719e-10 1.393647e-10 1.382601e-10 1.213097e-10 9.513609e-11 6.522272e-11 3.498262e-11 5.218127e-12 -2.424783e-11 -5.408986e-11 -8.418777e-11 -1.118671e-10 -1.328256e-10 -1.407245e-10 -1.294601e-10 -9.644409e-11 -4.400073e-11 1.982514e-11
-9.311482e-11 -2.542729e-11 4.073089e-11 9.455698e-11 1.283777e-10 1.400303e-10 1.319295e-10 1.095548e-10 7.852042e-11 4.335503e-11 6.690317e-12 -2.996233e-11 -6.561371e-11 -9.841448e-11 -1.245567e-10 -1.388544e-10 -1.353860e-10 -1.100950e-10 -6.329316e-11 -4.155807e-13 6.844264e-11
-1.458862e-10 -8.103197e-11 -1.193246e-11 5.028602e-11 9.642896e-11 1.213904e-10 1.247967e-10 1.102227e-10 8.264339e-11 4.699914e-11 7.566102e-12 -3.235021e-11 -6.969923e-11 -1.008357e-10 -1.210693e-10 -1.251272e-10 -1.087421e-10 -7.038417e-11 -1.322871e-11 5.498376e-11 1.232548e-10
-1.957072e-10 -1.393011e-10 -7.331232e-11 -8.317264e-12 4.572521e-11 8.197028e-11 9.751091e-11 9.359791e-11 7.400441e-11 4.348694e-11 7.205622e-12 -2.997426e-11 -6.325138e-11 -8.771383e-11 -9.832480e-11 -9.046000e-11 -6.197967e-11 -1.399133e-11 4.806207e-11 1.152515e-10 1.767187e-10
-2.346915e-10 -1.910738e-10 -1.339740e-10 -7.228974e-11 -1.582793e-11 2.770895e-11 5.378474e-11 6.150269e-11 5.311573e-11 3.262129e-11 5.366104e-12 -2.296050e-11 -4.666850e-11 -6.027867e-11 -5.907088e-11 -3.988193e-11 -2.466862e-12 5.003339e-11 1.108909e-10 1.709965e-10 2.206767e-10
