Iteration# z ADDATime OurCalcTime
1.0000000000 -0.0500000000 0.0000000000 40.6200000000
2.0000000000 0.0000000000 0.0000000000 41.0100000000
3.0000000000 0.0500000000 0.0100000000 40.8400000000
4.0000000000 0.1000000000 0.0000000000 40.2300000000
5.0000000000 0.1500000000 0.0000000000 41.8700000000
6.0000000000 0.1250000000 0.0100000000 40.7700000000
7.0000000000 0.1125000000 0.0000000000 40.9400000000
8.0000000000 0.1250000000 0.0000000000 40.3600000000
9.0000000000 0.1187500000 0.0000000000 40.0000000000
10.0000000000 0.1250000000 0.0000000000 40.0300000000
11.0000000000 0.1218750000 0.0000000000 40.4600000000
12.0000000000 0.1250000000 0.0000000000 40.3200000000
13.0000000000 0.1234375000 0.0100000000 39.9500000000
14.0000000000 0.1250000000 0.0000000000 40.2300000000
15.0000000000 0.1242187500 0.0000000000 40.5200000000
16.0000000000 0.1238281250 0.0000000000 40.1400000000
17.0000000000 0.1242187500 0.0000000000 40.0800000000
18.0000000000 0.1240234375 0.0000000000 40.3800000000
19.0000000000 0.1242187500 0.0000000000 40.9100000000
20.0000000000 0.1241210938 0.0000000000 40.3000000000
21.0000000000 0.1240722656 0.0000000000 40.1400000000
22.0000000000 0.1240478516 0.0000000000 39.9800000000
23.0000000000 0.1240356445 0.0000000000 35.8200000000
24.0000000000 0.1240295410 0.0000000000 34.8700000000
