Iteration# z ADDATime OurCalcTime
1.0000000000 -0.0500000000 0.0000000000 41.2900000000
2.0000000000 0.0000000000 0.0000000000 41.7200000000
3.0000000000 0.0500000000 0.0000000000 41.8200000000
4.0000000000 0.1000000000 0.0000000000 41.9800000000
5.0000000000 0.1500000000 0.0000000000 42.0700000000
6.0000000000 0.1250000000 0.0100000000 41.7200000000
7.0000000000 0.1125000000 0.0000000000 41.9800000000
8.0000000000 0.1250000000 0.0000000000 42.4700000000
9.0000000000 0.1187500000 0.0000000000 41.5000000000
10.0000000000 0.1250000000 0.0000000000 41.2700000000
11.0000000000 0.1218750000 0.0000000000 41.4000000000
12.0000000000 0.1250000000 0.0000000000 41.0700000000
13.0000000000 0.1234375000 0.0000000000 41.2900000000
14.0000000000 0.1250000000 0.0100000000 41.9500000000
15.0000000000 0.1242187500 0.0100000000 42.0700000000
16.0000000000 0.1238281250 0.0000000000 41.2000000000
17.0000000000 0.1242187500 0.0000000000 40.8400000000
18.0000000000 0.1240234375 0.0000000000 41.2700000000
1.0000000000 0.1242187500 0.0000000000 41.6800000000
2.0000000000 0.1244140625 0.0000000000 41.1900000000
3.0000000000 0.1246093750 0.0000000000 40.8500000000
4.0000000000 0.1248046875 0.0000000000 41.6600000000
5.0000000000 0.1250000000 0.0000000000 40.9000000000
6.0000000000 0.1251953125 0.0000000000 41.2100000000
7.0000000000 0.1253906250 0.0100000000 41.0400000000
8.0000000000 0.1255859375 0.0000000000 41.3400000000
9.0000000000 0.1257812500 0.0100000000 41.0900000000
10.0000000000 0.1259765625 0.0000000000 41.5700000000
11.0000000000 0.1261718750 0.0000000000 41.1900000000
12.0000000000 0.1263671875 0.0000000000 41.5200000000
13.0000000000 0.1265625000 0.0000000000 41.0500000000
14.0000000000 0.1267578125 0.0000000000 40.9900000000
15.0000000000 0.1269531250 0.0000000000 41.0300000000
16.0000000000 0.1271484375 0.0000000000 41.8000000000
17.0000000000 0.1273437500 0.0000000000 41.5800000000
18.0000000000 0.1275390625 0.0000000000 41.5700000000
19.0000000000 0.1277343750 0.0000000000 41.4900000000
20.0000000000 0.1279296875 0.0000000000 41.6000000000
21.0000000000 0.1281250000 0.0000000000 42.3600000000
22.0000000000 0.1283203125 0.0000000000 41.7200000000
23.0000000000 0.1285156250 0.0000000000 41.8300000000
24.0000000000 0.1287109375 0.0100000000 41.6800000000
25.0000000000 0.1289062500 0.0000000000 41.5400000000
26.0000000000 0.1291015625 0.0000000000 40.8300000000
27.0000000000 0.1292968750 0.0000000000 40.8000000000
28.0000000000 0.1294921875 0.0000000000 41.1700000000
29.0000000000 0.1296875000 0.0000000000 41.3300000000
30.0000000000 0.1298828125 0.0000000000 41.0200000000
31.0000000000 0.1300781250 0.0000000000 41.9300000000
32.0000000000 0.1302734375 0.0000000000 41.5400000000
33.0000000000 0.1304687500 0.0000000000 41.5700000000
34.0000000000 0.1303710937 0.0000000000 41.1400000000
35.0000000000 0.1303222656 0.0000000000 41.4800000000
1.0000000000 0.1303710937 0.0100000000 41.3200000000
2.0000000000 0.1304199219 0.0100000000 41.0600000000
3.0000000000 0.1304687500 0.0000000000 41.2400000000
4.0000000000 0.1305175781 0.0000000000 41.2600000000
5.0000000000 0.1305664062 0.0100000000 40.9200000000
6.0000000000 0.1306152344 0.0000000000 40.9100000000
7.0000000000 0.1306640625 0.0000000000 41.0400000000
8.0000000000 0.1307128906 0.0000000000 41.7200000000
9.0000000000 0.1307617187 0.0000000000 40.8100000000
10.0000000000 0.1308105469 0.0000000000 42.0500000000
11.0000000000 0.1308593750 0.0000000000 41.6200000000
12.0000000000 0.1309082031 0.0100000000 40.9600000000
13.0000000000 0.1309570312 0.0000000000 41.6200000000
14.0000000000 0.1310058594 0.0000000000 41.1200000000
15.0000000000 0.1310546875 0.0000000000 40.9800000000
16.0000000000 0.1311035156 0.0000000000 41.2000000000
17.0000000000 0.1311523437 0.0000000000 41.3900000000
18.0000000000 0.1312011719 0.0000000000 41.6600000000
19.0000000000 0.1312500000 0.0000000000 40.8700000000
20.0000000000 0.1312988281 0.0000000000 41.1000000000
21.0000000000 0.1313476562 0.0000000000 41.5900000000
22.0000000000 0.1313964844 0.0000000000 41.4700000000
23.0000000000 0.1314453125 0.0000000000 41.3700000000
24.0000000000 0.1314941406 0.0000000000 41.0700000000
25.0000000000 0.1315429688 0.0000000000 41.2700000000
26.0000000000 0.1315917969 0.0000000000 41.4800000000
27.0000000000 0.1316406250 0.0000000000 41.2800000000
28.0000000000 0.1316894531 0.0000000000 41.1100000000
29.0000000000 0.1317382813 0.0100000000 41.5700000000
30.0000000000 0.1317871094 0.0000000000 41.6800000000
31.0000000000 0.1318359375 0.0000000000 41.3000000000
32.0000000000 0.1318847656 0.0000000000 40.9900000000
33.0000000000 0.1319335938 0.0000000000 41.1900000000
34.0000000000 0.1319824219 0.0000000000 41.4200000000
35.0000000000 0.1320312500 0.0000000000 41.5900000000
36.0000000000 0.1320800781 0.0000000000 41.5500000000
37.0000000000 0.1321289063 0.0000000000 41.6200000000
38.0000000000 0.1321777344 0.0000000000 41.2000000000
39.0000000000 0.1322265625 0.0100000000 41.2500000000
40.0000000000 0.1322753906 0.0100000000 40.4900000000
41.0000000000 0.1323242188 0.0000000000 41.5100000000
42.0000000000 0.1323730469 0.0100000000 41.3100000000
43.0000000000 0.1324218750 0.0000000000 40.8500000000
44.0000000000 0.1324707031 0.0000000000 40.9100000000
45.0000000000 0.1325195313 0.0100000000 42.5800000000
46.0000000000 0.1325683594 0.0000000000 40.9000000000
47.0000000000 0.1326171875 0.0000000000 41.2700000000
48.0000000000 0.1326660156 0.0000000000 41.3400000000
49.0000000000 0.1327148438 0.0000000000 41.0500000000
50.0000000000 0.1327636719 0.0000000000 40.4900000000
51.0000000000 0.1328125000 0.0000000000 40.8600000000
52.0000000000 0.1328613281 0.0000000000 40.9000000000
53.0000000000 0.1329101563 0.0000000000 41.3200000000
54.0000000000 0.1329589844 0.0000000000 40.4600000000
55.0000000000 0.1330078125 0.0000000000 41.1100000000
56.0000000000 0.1330566406 0.0100000000 41.5400000000
57.0000000000 0.1331054688 0.0000000000 40.7900000000
58.0000000000 0.1331542969 0.0000000000 41.1600000000
59.0000000000 0.1332031250 0.0100000000 40.9100000000
60.0000000000 0.1332519531 0.0100000000 41.1300000000
61.0000000000 0.1333007813 0.0000000000 40.8900000000
62.0000000000 0.1333496094 0.0000000000 40.6400000000
63.0000000000 0.1333984375 0.0000000000 41.0600000000
64.0000000000 0.1334472656 0.0000000000 41.2100000000
65.0000000000 0.1334960938 0.0000000000 41.7700000000
66.0000000000 0.1335449219 0.0100000000 41.2800000000
67.0000000000 0.1335937500 0.0000000000 41.5200000000
68.0000000000 0.1336425781 0.0000000000 41.4300000000
69.0000000000 0.1336914063 0.0100000000 41.4000000000
70.0000000000 0.1337402344 0.0000000000 41.3800000000
71.0000000000 0.1337890625 0.0000000000 41.2800000000
72.0000000000 0.1338378906 0.0000000000 41.5700000000
73.0000000000 0.1338867188 0.0100000000 41.8500000000
74.0000000000 0.1339355469 0.0100000000 41.5500000000
75.0000000000 0.1339843750 0.0000000000 41.5300000000
76.0000000000 0.1340332031 0.0100000000 41.0900000000
77.0000000000 0.1340820313 0.0000000000 41.1500000000
78.0000000000 0.1341308594 0.0000000000 41.0600000000
79.0000000000 0.1341796875 0.0000000000 41.9100000000
80.0000000000 0.1342285156 0.0000000000 41.1400000000
81.0000000000 0.1342773438 0.0000000000 41.4800000000
82.0000000000 0.1343261719 0.0000000000 41.1000000000
83.0000000000 0.1343750000 0.0000000000 41.5100000000
84.0000000000 0.1344238281 0.0000000000 41.3900000000
85.0000000000 0.1344726563 0.0000000000 40.9100000000
86.0000000000 0.1345214844 0.0000000000 41.5800000000
87.0000000000 0.1345703125 0.0000000000 41.4500000000
88.0000000000 0.1346191406 0.0000000000 41.1800000000
89.0000000000 0.1346679688 0.0000000000 41.0300000000
90.0000000000 0.1347167969 0.0000000000 41.5600000000
91.0000000000 0.1347656250 0.0000000000 41.5600000000
92.0000000000 0.1348144531 0.0100000000 41.3600000000
93.0000000000 0.1348632813 0.0100000000 41.2600000000
94.0000000000 0.1349121094 0.0000000000 41.1000000000
95.0000000000 0.1349609375 0.0000000000 41.5700000000
96.0000000000 0.1350097656 0.0000000000 41.4000000000
97.0000000000 0.1350585938 0.0000000000 40.9400000000
98.0000000000 0.1351074219 0.0000000000 41.2500000000
99.0000000000 0.1351562500 0.0000000000 41.6900000000
100.0000000000 0.1352050781 0.0000000000 41.1500000000
101.0000000000 0.1352539063 0.0100000000 40.8400000000
102.0000000000 0.1353027344 0.0000000000 41.5300000000
103.0000000000 0.1353515625 0.0100000000 40.9500000000
104.0000000000 0.1354003906 0.0000000000 40.8900000000
105.0000000000 0.1354492188 0.0000000000 41.4700000000
106.0000000000 0.1354980469 0.0000000000 41.6000000000
107.0000000000 0.1355468750 0.0000000000 41.1400000000
108.0000000000 0.1355957031 0.0000000000 41.4200000000
109.0000000000 0.1356445313 0.0000000000 41.6000000000
110.0000000000 0.1356933594 0.0100000000 41.7000000000
111.0000000000 0.1357421875 0.0000000000 41.2300000000
112.0000000000 0.1357910156 0.0000000000 41.2500000000
113.0000000000 0.1358398438 0.0100000000 41.6500000000
114.0000000000 0.1358886719 0.0000000000 41.6900000000
115.0000000000 0.1359375000 0.0000000000 40.7800000000
116.0000000000 0.1359863281 0.0000000000 41.4400000000
117.0000000000 0.1360351563 0.0000000000 41.2800000000
118.0000000000 0.1360839844 0.0100000000 41.2800000000
119.0000000000 0.1361328125 0.0000000000 41.2000000000
120.0000000000 0.1361816406 0.0000000000 41.2000000000
121.0000000000 0.1362304688 0.0000000000 41.1900000000
122.0000000000 0.1362792969 0.0000000000 41.3600000000
123.0000000000 0.1363281250 0.0000000000 41.0500000000
124.0000000000 0.1363769531 0.0000000000 41.0400000000
125.0000000000 0.1364257813 0.0000000000 41.3100000000
126.0000000000 0.1364746094 0.0000000000 42.6500000000
127.0000000000 0.1365234375 0.0000000000 40.9100000000
128.0000000000 0.1365722656 0.0000000000 41.1300000000
129.0000000000 0.1366210938 0.0100000000 41.5200000000
130.0000000000 0.1366699219 0.0000000000 41.2100000000
131.0000000000 0.1367187500 0.0000000000 41.2200000000
132.0000000000 0.1367675781 0.0100000000 41.1800000000
133.0000000000 0.1368164063 0.0000000000 41.2100000000
134.0000000000 0.1368652344 0.0000000000 41.1500000000
135.0000000000 0.1369140625 0.0100000000 41.2400000000
136.0000000000 0.1369628906 0.0000000000 41.3300000000
137.0000000000 0.1370117188 0.0100000000 41.4200000000
138.0000000000 0.1370605469 0.0000000000 41.4600000000
139.0000000000 0.1371093750 0.0000000000 40.7900000000
140.0000000000 0.1371582031 0.0000000000 41.4300000000
141.0000000000 0.1372070313 0.0000000000 41.1900000000
142.0000000000 0.1372558594 0.0100000000 41.3000000000
143.0000000000 0.1373046875 0.0000000000 41.6500000000
144.0000000000 0.1373535156 0.0000000000 41.2000000000
145.0000000000 0.1374023438 0.0000000000 40.7100000000
146.0000000000 0.1374511719 0.0000000000 41.1700000000
147.0000000000 0.1375000000 0.0000000000 40.7400000000
1.0000000000 0.1375488281 0.0000000000 40.7900000000
2.0000000000 0.1375976563 0.0000000000 41.0200000000
3.0000000000 0.1376464844 0.0100000000 41.3900000000
4.0000000000 0.1376953125 0.0000000000 41.4500000000
5.0000000000 0.1377441406 0.0100000000 41.0500000000
6.0000000000 0.1377929688 0.0000000000 41.0600000000
7.0000000000 0.1378417969 0.0100000000 41.0200000000
8.0000000000 0.1378906250 0.0100000000 40.4900000000
9.0000000000 0.1379394531 0.0000000000 40.8800000000
10.0000000000 0.1379882813 0.0000000000 41.2500000000
11.0000000000 0.1380371094 0.0000000000 41.1600000000
12.0000000000 0.1380859375 0.0000000000 41.2300000000
13.0000000000 0.1381347656 0.0100000000 41.1700000000
14.0000000000 0.1381835938 0.0000000000 41.4700000000
15.0000000000 0.1382324219 0.0000000000 41.1900000000
16.0000000000 0.1382812500 0.0000000000 41.3500000000
17.0000000000 0.1383300781 0.0000000000 41.7300000000
18.0000000000 0.1383789063 0.0000000000 41.0600000000
19.0000000000 0.1384277344 0.0000000000 41.2500000000
20.0000000000 0.1384765625 0.0000000000 41.0100000000
21.0000000000 0.1385253906 0.0000000000 41.3200000000
22.0000000000 0.1385742188 0.0000000000 40.6400000000
23.0000000000 0.1386230469 0.0000000000 41.2600000000
24.0000000000 0.1386718750 0.0000000000 41.0100000000
25.0000000000 0.1387207031 0.0000000000 41.6200000000
26.0000000000 0.1387695313 0.0100000000 41.4300000000
27.0000000000 0.1388183594 0.0000000000 41.0400000000
28.0000000000 0.1388671875 0.0000000000 41.1600000000
29.0000000000 0.1389160156 0.0000000000 40.8200000000
30.0000000000 0.1389648438 0.0000000000 40.9400000000
31.0000000000 0.1390136719 0.0000000000 40.9900000000
32.0000000000 0.1390625000 0.0000000000 40.8600000000
33.0000000000 0.1391113281 0.0000000000 40.9500000000
34.0000000000 0.1391601563 0.0000000000 41.2800000000
35.0000000000 0.1392089844 0.0100000000 40.8900000000
36.0000000000 0.1392578125 0.0000000000 40.8100000000
37.0000000000 0.1393066406 0.0000000000 41.1500000000
38.0000000000 0.1393554688 0.0000000000 41.0100000000
39.0000000000 0.1394042969 0.0100000000 40.7700000000
40.0000000000 0.1394531250 0.0000000000 41.4600000000
41.0000000000 0.1395019531 0.0100000000 41.6000000000
42.0000000000 0.1395507813 0.0000000000 41.3800000000
43.0000000000 0.1395996094 0.0000000000 40.8800000000
44.0000000000 0.1396484375 0.0100000000 41.5200000000
45.0000000000 0.1396972656 0.0000000000 41.3500000000
46.0000000000 0.1397460938 0.0000000000 41.3200000000
47.0000000000 0.1397949219 0.0000000000 40.9800000000
48.0000000000 0.1398437500 0.0100000000 41.1900000000
49.0000000000 0.1398925781 0.0000000000 41.1600000000
50.0000000000 0.1399414063 0.0000000000 41.4100000000
51.0000000000 0.1399902344 0.0000000000 41.5000000000
52.0000000000 0.1400390625 0.0000000000 41.2200000000
53.0000000000 0.1400878906 0.0000000000 41.1800000000
54.0000000000 0.1401367188 0.0000000000 41.4800000000
55.0000000000 0.1401855469 0.0000000000 41.1600000000
56.0000000000 0.1402343750 0.0100000000 41.2800000000
57.0000000000 0.1402832031 0.0000000000 41.0800000000
58.0000000000 0.1403320313 0.0000000000 41.7800000000
59.0000000000 0.1403808594 0.0000000000 41.9400000000
60.0000000000 0.1404296875 0.0000000000 41.6400000000
61.0000000000 0.1404785156 0.0000000000 41.7200000000
62.0000000000 0.1405273438 0.0000000000 41.2200000000
63.0000000000 0.1405761719 0.0000000000 41.0400000000
64.0000000000 0.1406250000 0.0000000000 41.3600000000
65.0000000000 0.1406738281 0.0100000000 41.4500000000
66.0000000000 0.1407226563 0.0000000000 41.5500000000
67.0000000000 0.1407714844 0.0000000000 41.3800000000
68.0000000000 0.1408203125 0.0000000000 41.2400000000
69.0000000000 0.1408691406 0.0000000000 41.8700000000
70.0000000000 0.1409179688 0.0000000000 41.1400000000
71.0000000000 0.1409667969 0.0100000000 41.3700000000
72.0000000000 0.1410156250 0.0000000000 41.4400000000
73.0000000000 0.1410644531 0.0000000000 41.4600000000
74.0000000000 0.1411132813 0.0000000000 41.5000000000
75.0000000000 0.1411621094 0.0000000000 41.3000000000
76.0000000000 0.1412109375 0.0000000000 40.9600000000
77.0000000000 0.1412597656 0.0100000000 41.0600000000
78.0000000000 0.1413085938 0.0100000000 41.1300000000
79.0000000000 0.1413574219 0.0000000000 41.0900000000
80.0000000000 0.1414062500 0.0000000000 41.0500000000
81.0000000000 0.1414550781 0.0000000000 41.3600000000
82.0000000000 0.1415039063 0.0000000000 41.5500000000
83.0000000000 0.1415527344 0.0000000000 41.4100000000
84.0000000000 0.1416015625 0.0000000000 41.3400000000
85.0000000000 0.1416503906 0.0000000000 41.2700000000
86.0000000000 0.1416992188 0.0000000000 41.4900000000
87.0000000000 0.1417480469 0.0000000000 41.3600000000
88.0000000000 0.1417968750 0.0000000000 41.0500000000
89.0000000000 0.1418457031 0.0100000000 41.3900000000
90.0000000000 0.1418945313 0.0000000000 41.3200000000
91.0000000000 0.1419433594 0.0000000000 41.2700000000
92.0000000000 0.1419921875 0.0100000000 41.1300000000
93.0000000000 0.1420410156 0.0000000000 41.5000000000
94.0000000000 0.1420898438 0.0100000000 41.5500000000
95.0000000000 0.1421386719 0.0000000000 41.5400000000
96.0000000000 0.1421875000 0.0000000000 41.5900000000
97.0000000000 0.1422363281 0.0000000000 41.1600000000
98.0000000000 0.1422851563 0.0000000000 41.5700000000
99.0000000000 0.1423339844 0.0000000000 41.3600000000
100.0000000000 0.1423828125 0.0100000000 41.3600000000
101.0000000000 0.1424316406 0.0000000000 41.6700000000
102.0000000000 0.1424804688 0.0000000000 41.0400000000
103.0000000000 0.1425292969 0.0000000000 41.4000000000
104.0000000000 0.1425781250 0.0000000000 41.2000000000
105.0000000000 0.1426269531 0.0100000000 41.4000000000
106.0000000000 0.1426757813 0.0000000000 41.1200000000
107.0000000000 0.1427246094 0.0100000000 41.2300000000
108.0000000000 0.1427734375 0.0000000000 40.6700000000
109.0000000000 0.1428222656 0.0000000000 40.7800000000
110.0000000000 0.1428710938 0.0000000000 41.1900000000
111.0000000000 0.1429199219 0.0100000000 41.4500000000
112.0000000000 0.1429687500 0.0000000000 41.0800000000
113.0000000000 0.1430175781 0.0000000000 41.0000000000
114.0000000000 0.1430664063 0.0100000000 41.1600000000
115.0000000000 0.1431152344 0.0000000000 41.1800000000
116.0000000000 0.1431640625 0.0000000000 40.9700000000
117.0000000000 0.1432128906 0.0000000000 40.7600000000
118.0000000000 0.1432617188 0.0000000000 41.4600000000
119.0000000000 0.1433105469 0.0100000000 41.2300000000
120.0000000000 0.1433593750 0.0000000000 41.7300000000
121.0000000000 0.1434082031 0.0000000000 41.3900000000
122.0000000000 0.1434570313 0.0000000000 40.9500000000
123.0000000000 0.1435058594 0.0000000000 41.6200000000
124.0000000000 0.1435546875 0.0000000000 41.0100000000
125.0000000000 0.1436035156 0.0100000000 40.7600000000
126.0000000000 0.1436523438 0.0100000000 40.8400000000
127.0000000000 0.1437011719 0.0100000000 41.2800000000
128.0000000000 0.1437500000 0.0000000000 41.4800000000
129.0000000000 0.1437988281 0.0000000000 40.4600000000
130.0000000000 0.1438476563 0.0000000000 40.7600000000
131.0000000000 0.1438964844 0.0100000000 41.4700000000
132.0000000000 0.1439453125 0.0000000000 41.3000000000
133.0000000000 0.1439941406 0.0100000000 41.2400000000
134.0000000000 0.1440429688 0.0000000000 41.6100000000
135.0000000000 0.1440917969 0.0000000000 41.2600000000
136.0000000000 0.1441406250 0.0000000000 40.9900000000
137.0000000000 0.1441894531 0.0000000000 41.5000000000
138.0000000000 0.1442382813 0.0100000000 41.3400000000
139.0000000000 0.1442871094 0.0100000000 41.0600000000
140.0000000000 0.1443359375 0.0000000000 41.1700000000
141.0000000000 0.1443847656 0.0000000000 41.0200000000
142.0000000000 0.1444335938 0.0000000000 41.2400000000
143.0000000000 0.1444824219 0.0000000000 41.4300000000
144.0000000000 0.1445312500 0.0000000000 41.3900000000
145.0000000000 0.1445800781 0.0000000000 41.9100000000
146.0000000000 0.1446289063 0.0000000000 41.2900000000
147.0000000000 0.1446777344 0.0000000000 41.0100000000
148.0000000000 0.1447265625 0.0000000000 40.8800000000
149.0000000000 0.1447753906 0.0100000000 40.8700000000
150.0000000000 0.1448242188 0.0000000000 41.0400000000
151.0000000000 0.1448730469 0.0000000000 40.9300000000
152.0000000000 0.1449218750 0.0000000000 40.8000000000
153.0000000000 0.1449707031 0.0000000000 41.0400000000
154.0000000000 0.1450195313 0.0100000000 41.1200000000
155.0000000000 0.1450683594 0.0000000000 41.0300000000
156.0000000000 0.1451171875 0.0000000000 40.7400000000
157.0000000000 0.1451660156 0.0000000000 40.8500000000
158.0000000000 0.1452148438 0.0000000000 40.8900000000
159.0000000000 0.1452636719 0.0000000000 41.2200000000
160.0000000000 0.1453125000 0.0100000000 40.6900000000
161.0000000000 0.1453613281 0.0000000000 40.8000000000
162.0000000000 0.1454101563 0.0000000000 41.1800000000
163.0000000000 0.1454589844 0.0000000000 41.1100000000
164.0000000000 0.1455078125 0.0100000000 41.2500000000
165.0000000000 0.1455566406 0.0000000000 40.5500000000
166.0000000000 0.1456054688 0.0000000000 41.0800000000
167.0000000000 0.1456542969 0.0000000000 40.4100000000
168.0000000000 0.1457031250 0.0000000000 40.8400000000
169.0000000000 0.1457519531 0.0000000000 41.5500000000
170.0000000000 0.1458007813 0.0000000000 41.1500000000
171.0000000000 0.1458496094 0.0000000000 41.0800000000
172.0000000000 0.1458984375 0.0000000000 41.3200000000
1.0000000000 0.1459472656 0.0000000000 41.6900000000
2.0000000000 0.1459960938 0.0000000000 41.5700000000
3.0000000000 0.1460449219 0.0000000000 41.3700000000
4.0000000000 0.1460937500 0.0000000000 41.6300000000
5.0000000000 0.1461425781 0.0000000000 41.2600000000
6.0000000000 0.1461914063 0.0100000000 41.1800000000
7.0000000000 0.1462402344 0.0000000000 40.5000000000
8.0000000000 0.1462890625 0.0000000000 41.0300000000
9.0000000000 0.1463378906 0.0000000000 40.9700000000
10.0000000000 0.1463867188 0.0000000000 41.3700000000
11.0000000000 0.1464355469 0.0000000000 41.6700000000
12.0000000000 0.1464843750 0.0000000000 41.2200000000
13.0000000000 0.1465332031 0.0000000000 41.3200000000
14.0000000000 0.1465820313 0.0000000000 41.1000000000
15.0000000000 0.1466308594 0.0000000000 41.1100000000
16.0000000000 0.1466796875 0.0000000000 41.3800000000
17.0000000000 0.1467285156 0.0000000000 41.5300000000
18.0000000000 0.1467773438 0.0000000000 41.3000000000
19.0000000000 0.1468261719 0.0000000000 41.0600000000
20.0000000000 0.1468750000 0.0000000000 41.0800000000
21.0000000000 0.1469238281 0.0000000000 41.0200000000
22.0000000000 0.1469726563 0.0100000000 40.9600000000
23.0000000000 0.1470214844 0.0000000000 40.8400000000
24.0000000000 0.1470703125 0.0000000000 41.0000000000
25.0000000000 0.1471191406 0.0000000000 41.1000000000
26.0000000000 0.1471679688 0.0000000000 41.0100000000
27.0000000000 0.1472167969 0.0000000000 40.8500000000
28.0000000000 0.1472656250 0.0000000000 41.2200000000
29.0000000000 0.1473144531 0.0100000000 41.5300000000
30.0000000000 0.1473632813 0.0000000000 41.7600000000
31.0000000000 0.1474121094 0.0000000000 41.8400000000
32.0000000000 0.1474609375 0.0000000000 41.5200000000
33.0000000000 0.1475097656 0.0000000000 41.8300000000
34.0000000000 0.1475585938 0.0100000000 41.4700000000
35.0000000000 0.1476074219 0.0100000000 41.4700000000
36.0000000000 0.1476562500 0.0000000000 41.1600000000
37.0000000000 0.1477050781 0.0000000000 41.8200000000
38.0000000000 0.1477539063 0.0000000000 42.5000000000
39.0000000000 0.1478027344 0.0100000000 41.6500000000
40.0000000000 0.1478515625 0.0100000000 41.1100000000
41.0000000000 0.1479003906 0.0000000000 41.4900000000
42.0000000000 0.1479492188 0.0100000000 41.3500000000
43.0000000000 0.1479980469 0.0000000000 41.5100000000
44.0000000000 0.1480468750 0.0000000000 40.9700000000
45.0000000000 0.1480957031 0.0000000000 42.7700000000
46.0000000000 0.1481445313 0.0000000000 41.7500000000
47.0000000000 0.1481933594 0.0000000000 41.5300000000
48.0000000000 0.1482421875 0.0000000000 40.8400000000
49.0000000000 0.1482910156 0.0100000000 41.1600000000
50.0000000000 0.1483398438 0.0000000000 41.4700000000
51.0000000000 0.1483886719 0.0000000000 41.3500000000
52.0000000000 0.1484375000 0.0000000000 41.0800000000
53.0000000000 0.1484863281 0.0000000000 41.0200000000
54.0000000000 0.1485351563 0.0000000000 41.6400000000
55.0000000000 0.1485839844 0.0000000000 41.5700000000
56.0000000000 0.1486328125 0.0000000000 41.3300000000
57.0000000000 0.1486816406 0.0100000000 41.2500000000
58.0000000000 0.1487304688 0.0000000000 41.6600000000
59.0000000000 0.1487792969 0.0000000000 41.6300000000
60.0000000000 0.1488281250 0.0000000000 41.6800000000
61.0000000000 0.1488769531 0.0000000000 41.5900000000
62.0000000000 0.1489257813 0.0000000000 41.3600000000
63.0000000000 0.1489746094 0.0100000000 41.5900000000
64.0000000000 0.1490234375 0.0100000000 41.1700000000
65.0000000000 0.1490722656 0.0000000000 41.0300000000
66.0000000000 0.1491210938 0.0000000000 41.4000000000
67.0000000000 0.1491699219 0.0100000000 41.3600000000
68.0000000000 0.1492187500 0.0100000000 41.2700000000
69.0000000000 0.1492675781 0.0000000000 41.5600000000
70.0000000000 0.1493164063 0.0000000000 41.4500000000
71.0000000000 0.1493652344 0.0100000000 41.4800000000
72.0000000000 0.1494140625 0.0000000000 41.5600000000
73.0000000000 0.1494628906 0.0100000000 41.6800000000
74.0000000000 0.1495117188 0.0100000000 41.4500000000
75.0000000000 0.1495605469 0.0000000000 40.5900000000
76.0000000000 0.1496093750 0.0000000000 41.8700000000
77.0000000000 0.1496582031 0.0000000000 41.3300000000
78.0000000000 0.1497070313 0.0000000000 40.8400000000
79.0000000000 0.1497558594 0.0000000000 41.5000000000
80.0000000000 0.1498046875 0.0000000000 41.1800000000
81.0000000000 0.1498535156 0.0000000000 41.1400000000
82.0000000000 0.1499023438 0.0100000000 40.8800000000
83.0000000000 0.1499511719 0.0000000000 41.3400000000
84.0000000000 0.1500000000 0.0000000000 41.6600000000
85.0000000000 0.1500488281 0.0000000000 41.1200000000
86.0000000000 0.1500976563 0.0100000000 41.2100000000
87.0000000000 0.1501464844 0.0100000000 41.3500000000
88.0000000000 0.1501953125 0.0000000000 41.5800000000
89.0000000000 0.1502441406 0.0000000000 41.3800000000
90.0000000000 0.1502929688 0.0000000000 41.8800000000
91.0000000000 0.1503417969 0.0000000000 41.0400000000
92.0000000000 0.1503906250 0.0000000000 41.0900000000
93.0000000000 0.1504394531 0.0000000000 41.7600000000
94.0000000000 0.1504882813 0.0000000000 41.1300000000
95.0000000000 0.1505371094 0.0000000000 41.0400000000
96.0000000000 0.1505859375 0.0000000000 41.0400000000
97.0000000000 0.1506347656 0.0000000000 41.6200000000
98.0000000000 0.1506835938 0.0000000000 41.2900000000
99.0000000000 0.1507324219 0.0000000000 41.0800000000
100.0000000000 0.1507812500 0.0000000000 41.4400000000
101.0000000000 0.1508300781 0.0100000000 41.1400000000
102.0000000000 0.1508789063 0.0000000000 40.9100000000
103.0000000000 0.1509277344 0.0000000000 40.9200000000
104.0000000000 0.1509765625 0.0100000000 41.4300000000
105.0000000000 0.1510253906 0.0000000000 41.1300000000
106.0000000000 0.1510742188 0.0000000000 41.4000000000
107.0000000000 0.1511230469 0.0100000000 41.1100000000
108.0000000000 0.1511718750 0.0000000000 40.9800000000
109.0000000000 0.1512207031 0.0000000000 41.2800000000
110.0000000000 0.1512695313 0.0000000000 41.3400000000
111.0000000000 0.1513183594 0.0000000000 40.9700000000
112.0000000000 0.1513671875 0.0100000000 41.4700000000
113.0000000000 0.1514160156 0.0000000000 41.1600000000
114.0000000000 0.1514648438 0.0100000000 41.2100000000
115.0000000000 0.1515136719 0.0000000000 40.8600000000
116.0000000000 0.1515625000 0.0000000000 41.5100000000
117.0000000000 0.1516113281 0.0100000000 41.4300000000
118.0000000000 0.1516601563 0.0000000000 42.1800000000
119.0000000000 0.1517089844 0.0000000000 41.2500000000
120.0000000000 0.1517578125 0.0000000000 40.9800000000
121.0000000000 0.1518066406 0.0000000000 41.2300000000
122.0000000000 0.1518554688 0.0000000000 41.1400000000
123.0000000000 0.1519042969 0.0000000000 40.8900000000
124.0000000000 0.1519531250 0.0000000000 41.0200000000
125.0000000000 0.1520019531 0.0000000000 41.2200000000
126.0000000000 0.1520507813 0.0000000000 40.7100000000
127.0000000000 0.1520996094 0.0000000000 41.2400000000
128.0000000000 0.1521484375 0.0000000000 41.3100000000
129.0000000000 0.1521972656 0.0000000000 41.5700000000
130.0000000000 0.1522460938 0.0000000000 40.9600000000
131.0000000000 0.1522949219 0.0100000000 41.1100000000
132.0000000000 0.1523437500 0.0000000000 41.1800000000
133.0000000000 0.1523925781 0.0100000000 41.2800000000
134.0000000000 0.1524414063 0.0100000000 41.2600000000
135.0000000000 0.1524902344 0.0000000000 40.9000000000
136.0000000000 0.1525390625 0.0000000000 41.2100000000
137.0000000000 0.1525878906 0.0100000000 41.3300000000
138.0000000000 0.1526367188 0.0000000000 40.7500000000
139.0000000000 0.1526855469 0.0000000000 41.3800000000
140.0000000000 0.1527343750 0.0000000000 41.0700000000
141.0000000000 0.1527832031 0.0000000000 41.4800000000
142.0000000000 0.1528320313 0.0000000000 41.6000000000
143.0000000000 0.1528808594 0.0100000000 41.0100000000
144.0000000000 0.1529296875 0.0000000000 40.9600000000
145.0000000000 0.1529785156 0.0000000000 41.0900000000
146.0000000000 0.1530273438 0.0000000000 40.9900000000
147.0000000000 0.1530761719 0.0000000000 41.0800000000
148.0000000000 0.1531250000 0.0000000000 40.6900000000
149.0000000000 0.1531738281 0.0000000000 41.3000000000
150.0000000000 0.1532226563 0.0000000000 40.8700000000
151.0000000000 0.1532714844 0.0000000000 40.6900000000
152.0000000000 0.1533203125 0.0000000000 41.2000000000
153.0000000000 0.1533691406 0.0000000000 41.0700000000
154.0000000000 0.1534179688 0.0000000000 40.9000000000
155.0000000000 0.1534667969 0.0000000000 41.0500000000
156.0000000000 0.1535156250 0.0100000000 40.8800000000
157.0000000000 0.1535644531 0.0000000000 41.1400000000
158.0000000000 0.1536132813 0.0000000000 40.9200000000
159.0000000000 0.1536621094 0.0000000000 41.4000000000
160.0000000000 0.1537109375 0.0100000000 41.8100000000
161.0000000000 0.1537597656 0.0000000000 40.7500000000
162.0000000000 0.1538085938 0.0000000000 41.0100000000
163.0000000000 0.1538574219 0.0000000000 41.3800000000
164.0000000000 0.1539062500 0.0000000000 40.9900000000
165.0000000000 0.1539550781 0.0000000000 40.9700000000
166.0000000000 0.1540039063 0.0000000000 41.2500000000
167.0000000000 0.1540527344 0.0000000000 41.1700000000
168.0000000000 0.1541015625 0.0000000000 40.6400000000
169.0000000000 0.1541503906 0.0000000000 41.2800000000
170.0000000000 0.1541992188 0.0000000000 41.5300000000
171.0000000000 0.1542480469 0.0000000000 41.8300000000
172.0000000000 0.1542968750 0.0000000000 41.2500000000
173.0000000000 0.1543457031 0.0000000000 40.9400000000
174.0000000000 0.1543945313 0.0000000000 41.3600000000
175.0000000000 0.1544433594 0.0100000000 41.2100000000
176.0000000000 0.1544921875 0.0000000000 40.8900000000
177.0000000000 0.1545410156 0.0000000000 40.7700000000
178.0000000000 0.1545898438 0.0000000000 41.2400000000
179.0000000000 0.1546386719 0.0000000000 41.1200000000
180.0000000000 0.1546875000 0.0000000000 41.2200000000
181.0000000000 0.1547363281 0.0000000000 41.5200000000
182.0000000000 0.1547851563 0.0000000000 41.0400000000
183.0000000000 0.1548339844 0.0000000000 41.0300000000
184.0000000000 0.1548828125 0.0000000000 41.1600000000
185.0000000000 0.1549316406 0.0000000000 41.5800000000
186.0000000000 0.1549804688 0.0000000000 41.1800000000
187.0000000000 0.1550292969 0.0000000000 41.1000000000
188.0000000000 0.1550781250 0.0000000000 40.9900000000
189.0000000000 0.1551269531 0.0000000000 41.3000000000
190.0000000000 0.1551757813 0.0100000000 41.1900000000
191.0000000000 0.1552246094 0.0000000000 41.3300000000
192.0000000000 0.1552734375 0.0000000000 41.4900000000
193.0000000000 0.1553222656 0.0000000000 41.3400000000
194.0000000000 0.1553710938 0.0000000000 41.0800000000
195.0000000000 0.1554199219 0.0000000000 40.8900000000
196.0000000000 0.1554687500 0.0100000000 40.9600000000
197.0000000000 0.1555175781 0.0000000000 41.0300000000
198.0000000000 0.1555664063 0.0000000000 40.9600000000
199.0000000000 0.1556152344 0.0000000000 41.1500000000
200.0000000000 0.1556640625 0.0100000000 41.1200000000
201.0000000000 0.1557128906 0.0000000000 40.9200000000
202.0000000000 0.1557617188 0.0000000000 41.1600000000
203.0000000000 0.1558105469 0.0000000000 42.3100000000
204.0000000000 0.1558593750 0.0000000000 41.2500000000
205.0000000000 0.1559082031 0.0000000000 40.7900000000
206.0000000000 0.1559570313 0.0000000000 40.9300000000
207.0000000000 0.1560058594 0.0000000000 41.2500000000
1.0000000000 0.1560546875 0.0000000000 40.6800000000
2.0000000000 0.1561035156 0.0000000000 40.8800000000
3.0000000000 0.1561523438 0.0000000000 41.1600000000
4.0000000000 0.1562011719 0.0000000000 41.7300000000
5.0000000000 0.1562500000 0.0000000000 41.1600000000
6.0000000000 0.1562988281 0.0000000000 40.7500000000
7.0000000000 0.1563476563 0.0100000000 41.0900000000
8.0000000000 0.1563964844 0.0100000000 40.9500000000
9.0000000000 0.1564453125 0.0000000000 40.8000000000
10.0000000000 0.1564941406 0.0000000000 41.3600000000
11.0000000000 0.1565429688 0.0000000000 41.8900000000
12.0000000000 0.1565917969 0.0000000000 40.6400000000
13.0000000000 0.1566406250 0.0000000000 40.6700000000
14.0000000000 0.1566894531 0.0000000000 41.3500000000
15.0000000000 0.1567382813 0.0100000000 41.4000000000
16.0000000000 0.1567871094 0.0100000000 40.8500000000
17.0000000000 0.1568359375 0.0000000000 40.6200000000
18.0000000000 0.1568847656 0.0000000000 41.3300000000
19.0000000000 0.1569335938 0.0000000000 41.2000000000
20.0000000000 0.1569824219 0.0000000000 41.2800000000
21.0000000000 0.1570312500 0.0000000000 41.1900000000
22.0000000000 0.1570800781 0.0000000000 41.1600000000
23.0000000000 0.1571289063 0.0000000000 41.4700000000
24.0000000000 0.1571777344 0.0000000000 41.1500000000
25.0000000000 0.1572265625 0.0000000000 41.2400000000
26.0000000000 0.1572753906 0.0100000000 41.2800000000
27.0000000000 0.1573242188 0.0000000000 41.5500000000
28.0000000000 0.1573730469 0.0000000000 40.6100000000
29.0000000000 0.1574218750 0.0000000000 40.6300000000
30.0000000000 0.1574707031 0.0000000000 40.6600000000
31.0000000000 0.1575195313 0.0000000000 41.3400000000
32.0000000000 0.1575683594 0.0000000000 41.0300000000
33.0000000000 0.1576171875 0.0000000000 40.4400000000
34.0000000000 0.1576660156 0.0000000000 41.2200000000
35.0000000000 0.1577148438 0.0000000000 41.5000000000
36.0000000000 0.1577636719 0.0000000000 41.1000000000
37.0000000000 0.1578125000 0.0100000000 40.9000000000
38.0000000000 0.1578613281 0.0100000000 41.2800000000
39.0000000000 0.1579101563 0.0000000000 41.5100000000
40.0000000000 0.1579589844 0.0000000000 40.8500000000
41.0000000000 0.1580078125 0.0000000000 40.9300000000
42.0000000000 0.1580566406 0.0000000000 41.1300000000
43.0000000000 0.1581054688 0.0000000000 40.7800000000
44.0000000000 0.1581542969 0.0000000000 41.3100000000
45.0000000000 0.1582031250 0.0100000000 41.4600000000
46.0000000000 0.1582519531 0.0100000000 40.6800000000
47.0000000000 0.1583007813 0.0000000000 41.0800000000
48.0000000000 0.1583496094 0.0000000000 41.1700000000
49.0000000000 0.1583984375 0.0000000000 40.8100000000
50.0000000000 0.1584472656 0.0100000000 40.4600000000
51.0000000000 0.1584960938 0.0000000000 40.4400000000
52.0000000000 0.1585449219 0.0000000000 40.8700000000
53.0000000000 0.1585937500 0.0000000000 41.3500000000
54.0000000000 0.1586425781 0.0000000000 40.7800000000
55.0000000000 0.1586914063 0.0100000000 40.4900000000
56.0000000000 0.1587402344 0.0000000000 40.8700000000
57.0000000000 0.1587890625 0.0100000000 40.8300000000
58.0000000000 0.1588378906 0.0000000000 40.6700000000
59.0000000000 0.1588867188 0.0000000000 40.5200000000
60.0000000000 0.1589355469 0.0000000000 40.7700000000
61.0000000000 0.1589843750 0.0000000000 41.0200000000
62.0000000000 0.1590332031 0.0000000000 41.0700000000
63.0000000000 0.1590820313 0.0000000000 40.7300000000
64.0000000000 0.1591308594 0.0100000000 40.6600000000
65.0000000000 0.1591796875 0.0000000000 41.0400000000
66.0000000000 0.1592285156 0.0100000000 41.1800000000
67.0000000000 0.1592773438 0.0000000000 41.0300000000
68.0000000000 0.1593261719 0.0100000000 41.6200000000
69.0000000000 0.1593750000 0.0000000000 40.7100000000
70.0000000000 0.1594238281 0.0000000000 41.8200000000
71.0000000000 0.1594726563 0.0000000000 40.9400000000
72.0000000000 0.1595214844 0.0000000000 40.6800000000
73.0000000000 0.1595703125 0.0000000000 41.0200000000
74.0000000000 0.1596191406 0.0000000000 41.0600000000
75.0000000000 0.1596679688 0.0000000000 40.9900000000
76.0000000000 0.1597167969 0.0000000000 41.9400000000
77.0000000000 0.1597656250 0.0000000000 40.7000000000
78.0000000000 0.1598144531 0.0100000000 40.9400000000
79.0000000000 0.1598632813 0.0000000000 42.2700000000
80.0000000000 0.1599121094 0.0000000000 41.3700000000
81.0000000000 0.1599609375 0.0000000000 41.4200000000
82.0000000000 0.1600097656 0.0000000000 41.0400000000
83.0000000000 0.1600585938 0.0000000000 41.3900000000
84.0000000000 0.1601074219 0.0000000000 41.3500000000
85.0000000000 0.1601562500 0.0000000000 41.0900000000
86.0000000000 0.1602050781 0.0000000000 41.3700000000
87.0000000000 0.1602539063 0.0000000000 41.7100000000
88.0000000000 0.1603027344 0.0000000000 41.5400000000
89.0000000000 0.1603515625 0.0100000000 41.4800000000
90.0000000000 0.1604003906 0.0000000000 41.2400000000
91.0000000000 0.1604492188 0.0000000000 41.3200000000
92.0000000000 0.1604980469 0.0100000000 41.0700000000
93.0000000000 0.1605468750 0.0000000000 41.3800000000
94.0000000000 0.1605957031 0.0000000000 41.1000000000
95.0000000000 0.1606445313 0.0100000000 41.6600000000
96.0000000000 0.1606933594 0.0100000000 41.0800000000
97.0000000000 0.1607421875 0.0100000000 41.4800000000
98.0000000000 0.1607910156 0.0000000000 41.5100000000
99.0000000000 0.1608398438 0.0000000000 41.1800000000
100.0000000000 0.1608886719 0.0000000000 40.8300000000
101.0000000000 0.1609375000 0.0000000000 41.5300000000
102.0000000000 0.1609863281 0.0000000000 43.6700000000
103.0000000000 0.1610351563 0.0000000000 42.9800000000
104.0000000000 0.1610839844 0.0000000000 41.5500000000
105.0000000000 0.1611328125 0.0100000000 41.5500000000
106.0000000000 0.1611816406 0.0100000000 40.6300000000
107.0000000000 0.1612304688 0.0000000000 40.9700000000
108.0000000000 0.1612792969 0.0100000000 41.1100000000
109.0000000000 0.1613281250 0.0100000000 41.5300000000
110.0000000000 0.1613769531 0.0100000000 40.8300000000
111.0000000000 0.1614257813 0.0000000000 41.1200000000
112.0000000000 0.1614746094 0.0000000000 42.0100000000
113.0000000000 0.1615234375 0.0000000000 41.6800000000
114.0000000000 0.1615722656 0.0000000000 41.0800000000
115.0000000000 0.1616210938 0.0100000000 40.6600000000
116.0000000000 0.1616699219 0.0000000000 40.9400000000
117.0000000000 0.1617187500 0.0000000000 41.0600000000
118.0000000000 0.1617675781 0.0000000000 41.0700000000
119.0000000000 0.1618164063 0.0000000000 40.9000000000
120.0000000000 0.1618652344 0.0000000000 41.0500000000
121.0000000000 0.1619140625 0.0000000000 41.1000000000
122.0000000000 0.1619628906 0.0100000000 40.6400000000
123.0000000000 0.1620117188 0.0000000000 40.7400000000
124.0000000000 0.1620605469 0.0100000000 40.8700000000
125.0000000000 0.1621093750 0.0100000000 41.2300000000
126.0000000000 0.1621582031 0.0000000000 41.2400000000
127.0000000000 0.1622070313 0.0100000000 41.1500000000
128.0000000000 0.1622558594 0.0000000000 41.3900000000
129.0000000000 0.1623046875 0.0000000000 41.0300000000
130.0000000000 0.1623535156 0.0000000000 41.2600000000
131.0000000000 0.1624023438 0.0000000000 41.1400000000
132.0000000000 0.1624511719 0.0000000000 41.1800000000
133.0000000000 0.1625000000 0.0000000000 41.1100000000
134.0000000000 0.1625488281 0.0000000000 40.8000000000
135.0000000000 0.1625976563 0.0000000000 41.1600000000
136.0000000000 0.1626464844 0.0100000000 40.9600000000
137.0000000000 0.1626953125 0.0000000000 41.2900000000
138.0000000000 0.1627441406 0.0000000000 41.4200000000
139.0000000000 0.1627929688 0.0100000000 41.3000000000
140.0000000000 0.1628417969 0.0000000000 41.1900000000
141.0000000000 0.1628906250 0.0000000000 40.9200000000
142.0000000000 0.1629394531 0.0100000000 40.9100000000
143.0000000000 0.1629882813 0.0100000000 41.2400000000
144.0000000000 0.1630371094 0.0000000000 40.8100000000
145.0000000000 0.1630859375 0.0000000000 41.2200000000
146.0000000000 0.1631347656 0.0000000000 41.2300000000
147.0000000000 0.1631835938 0.0100000000 41.1500000000
148.0000000000 0.1632324219 0.0000000000 41.0100000000
149.0000000000 0.1632812500 0.0000000000 41.3500000000
150.0000000000 0.1633300781 0.0000000000 40.8600000000
151.0000000000 0.1633789063 0.0000000000 41.0700000000
152.0000000000 0.1634277344 0.0000000000 41.7900000000
153.0000000000 0.1634765625 0.0000000000 41.0100000000
154.0000000000 0.1635253906 0.0100000000 41.0200000000
155.0000000000 0.1635742188 0.0100000000 41.0400000000
156.0000000000 0.1636230469 0.0100000000 41.3200000000
157.0000000000 0.1636718750 0.0000000000 41.2700000000
158.0000000000 0.1637207031 0.0000000000 41.3300000000
159.0000000000 0.1637695313 0.0000000000 41.1700000000
160.0000000000 0.1638183594 0.0000000000 41.4500000000
161.0000000000 0.1638671875 0.0000000000 41.8500000000
162.0000000000 0.1639160156 0.0000000000 41.3300000000
163.0000000000 0.1639648438 0.0000000000 41.1100000000
164.0000000000 0.1640136719 0.0100000000 41.8200000000
165.0000000000 0.1640625000 0.0100000000 41.2900000000
166.0000000000 0.1641113281 0.0000000000 41.1500000000
167.0000000000 0.1641601563 0.0100000000 41.2300000000
168.0000000000 0.1642089844 0.0000000000 41.0600000000
169.0000000000 0.1642578125 0.0000000000 41.4900000000
170.0000000000 0.1643066406 0.0100000000 41.3100000000
171.0000000000 0.1643554688 0.0000000000 40.9900000000
172.0000000000 0.1644042969 0.0100000000 40.8300000000
173.0000000000 0.1644531250 0.0000000000 41.3100000000
174.0000000000 0.1645019531 0.0100000000 40.9900000000
175.0000000000 0.1645507813 0.0100000000 40.9900000000
176.0000000000 0.1645996094 0.0100000000 41.1900000000
177.0000000000 0.1646484375 0.0000000000 41.6900000000
178.0000000000 0.1646972656 0.0000000000 41.4400000000
179.0000000000 0.1647460938 0.0000000000 40.6900000000
180.0000000000 0.1647949219 0.0000000000 40.9100000000
181.0000000000 0.1648437500 0.0000000000 41.2600000000
182.0000000000 0.1648925781 0.0000000000 41.1300000000
183.0000000000 0.1649414063 0.0000000000 40.8000000000
184.0000000000 0.1649902344 0.0000000000 40.6100000000
185.0000000000 0.1650390625 0.0000000000 40.8900000000
186.0000000000 0.1650878906 0.0000000000 41.2700000000
187.0000000000 0.1651367188 0.0000000000 41.2900000000
188.0000000000 0.1651855469 0.0000000000 40.9200000000
189.0000000000 0.1652343750 0.0000000000 40.4000000000
190.0000000000 0.1652832031 0.0000000000 41.1600000000
191.0000000000 0.1653320313 0.0000000000 40.8500000000
192.0000000000 0.1653808594 0.0100000000 40.5700000000
193.0000000000 0.1654296875 0.0000000000 40.6000000000
194.0000000000 0.1654785156 0.0000000000 41.3100000000
195.0000000000 0.1655273438 0.0000000000 41.7700000000
196.0000000000 0.1655761719 0.0000000000 40.6800000000
197.0000000000 0.1656250000 0.0100000000 41.3600000000
198.0000000000 0.1656738281 0.0000000000 41.4700000000
199.0000000000 0.1657226563 0.0000000000 40.7500000000
200.0000000000 0.1657714844 0.0000000000 40.9900000000
201.0000000000 0.1658203125 0.0100000000 40.6700000000
202.0000000000 0.1658691406 0.0000000000 41.5700000000
203.0000000000 0.1659179688 0.0000000000 40.9100000000
204.0000000000 0.1659667969 0.0000000000 40.6700000000
205.0000000000 0.1660156250 0.0000000000 40.7900000000
206.0000000000 0.1660644531 0.0000000000 40.7500000000
207.0000000000 0.1661132813 0.0000000000 41.3300000000
208.0000000000 0.1661621094 0.0000000000 41.1500000000
209.0000000000 0.1662109375 0.0000000000 41.1300000000
210.0000000000 0.1662597656 0.0000000000 41.1300000000
211.0000000000 0.1663085938 0.0100000000 41.6100000000
212.0000000000 0.1663574219 0.0100000000 41.6200000000
213.0000000000 0.1664062500 0.0000000000 41.4100000000
214.0000000000 0.1664550781 0.0000000000 41.1900000000
215.0000000000 0.1665039063 0.0000000000 41.2900000000
216.0000000000 0.1665527344 0.0000000000 41.6300000000
217.0000000000 0.1666015625 0.0000000000 40.8700000000
218.0000000000 0.1666503906 0.0000000000 41.0800000000
219.0000000000 0.1666992188 0.0000000000 41.1300000000
220.0000000000 0.1667480469 0.0000000000 41.1400000000
221.0000000000 0.1667968750 0.0000000000 41.5500000000
222.0000000000 0.1668457031 0.0000000000 41.0900000000
223.0000000000 0.1668945313 0.0000000000 40.6900000000
224.0000000000 0.1669433594 0.0000000000 41.4700000000
225.0000000000 0.1669921875 0.0000000000 41.3700000000
226.0000000000 0.1670410156 0.0000000000 40.9900000000
227.0000000000 0.1670898438 0.0000000000 40.9200000000
228.0000000000 0.1671386719 0.0000000000 41.2800000000
229.0000000000 0.1671875000 0.0000000000 41.4100000000
230.0000000000 0.1672363281 0.0000000000 40.7200000000
231.0000000000 0.1672851563 0.0000000000 40.5700000000
232.0000000000 0.1673339844 0.0100000000 40.7100000000
233.0000000000 0.1673828125 0.0000000000 40.9700000000
234.0000000000 0.1674316406 0.0000000000 41.1900000000
235.0000000000 0.1674804688 0.0100000000 40.5500000000
236.0000000000 0.1675292969 0.0000000000 40.9300000000
237.0000000000 0.1675781250 0.0000000000 41.4100000000
238.0000000000 0.1676269531 0.0000000000 41.1200000000
239.0000000000 0.1676757813 0.0000000000 40.5800000000
240.0000000000 0.1677246094 0.0000000000 40.6000000000
241.0000000000 0.1677734375 0.0000000000 41.2800000000
242.0000000000 0.1678222656 0.0000000000 40.9600000000
243.0000000000 0.1678710938 0.0000000000 41.0800000000
244.0000000000 0.1679199219 0.0000000000 41.4400000000
245.0000000000 0.1679687500 0.0000000000 41.4400000000
246.0000000000 0.1680175781 0.0000000000 40.7700000000
247.0000000000 0.1680664063 0.0000000000 41.3800000000
248.0000000000 0.1681152344 0.0000000000 41.7700000000
249.0000000000 0.1681640625 0.0000000000 40.8500000000
250.0000000000 0.1682128906 0.0000000000 40.7800000000
251.0000000000 0.1682617188 0.0100000000 41.0300000000
252.0000000000 0.1683105469 0.0000000000 40.9900000000
253.0000000000 0.1683593750 0.0100000000 42.1200000000
254.0000000000 0.1684082031 0.0000000000 40.7200000000
255.0000000000 0.1684570313 0.0000000000 41.1700000000
256.0000000000 0.1685058594 0.0000000000 41.3100000000
257.0000000000 0.1685546875 0.0000000000 40.8900000000
258.0000000000 0.1686035156 0.0000000000 40.8300000000
259.0000000000 0.1686523438 0.0000000000 40.9800000000
260.0000000000 0.1687011719 0.0100000000 41.0000000000
