x y z |F|^2 Fx Fy Fz 
-0.1232008007 -0.3696024021 -0.8624056048 0.0029977492 -0.0002548181 0.0013562567 -0.0026612283
0.1232008007 -0.3696024021 -0.8624056048 0.0029977508 0.0002548208 0.0013562599 -0.0026612282
-0.3696024021 -0.1232008007 -0.8624056048 0.0057950267 -0.0044775163 -0.0002753891 -0.0036685614
-0.1232008007 -0.1232008007 -0.8624056048 0.0079831803 0.0043367093 0.0009783972 -0.0066307510
0.1232008007 -0.1232008007 -0.8624056048 0.0079831851 -0.0043367060 0.0009784000 -0.0066307585
0.3696024021 -0.1232008007 -0.8624056048 0.0057950121 0.0044775001 -0.0002753877 -0.0036685583
-0.3696024021 0.1232008007 -0.8624056048 0.0057950264 -0.0044775162 0.0002753888 -0.0036685611
-0.1232008007 0.1232008007 -0.8624056048 0.0079831799 0.0043367093 -0.0009783975 -0.0066307504
0.1232008007 0.1232008007 -0.8624056048 0.0079831846 -0.0043367060 -0.0009784002 -0.0066307579
0.3696024021 0.1232008007 -0.8624056048 0.0057950118 0.0044775000 0.0002753873 -0.0036685580
-0.1232008007 0.3696024021 -0.8624056048 0.0029977484 -0.0002548179 -0.0013562567 -0.0026612273
0.1232008007 0.3696024021 -0.8624056048 0.0029977500 0.0002548206 -0.0013562599 -0.0026612272
-0.3696024021 -0.6160040034 -0.6160040034 0.0059028971 0.0002797020 -0.0002306248 -0.0058917546
-0.1232008007 -0.6160040034 -0.6160040034 0.0086464225 0.0003614565 -0.0000475056 -0.0086387333
0.1232008007 -0.6160040034 -0.6160040034 0.0086464266 -0.0003614552 -0.0000475062 -0.0086387376
0.3696024021 -0.6160040034 -0.6160040034 0.0059029035 -0.0002797023 -0.0002306258 -0.0058917611
-0.6160040034 -0.3696024021 -0.6160040034 0.0156907109 -0.0048128215 0.0020902041 -0.0147873663
-0.3696024021 -0.3696024021 -0.6160040034 0.0041576714 0.0003395744 0.0009074264 -0.0040432039
-0.1232008007 -0.3696024021 -0.6160040034 0.0013376201 0.0004395987 -0.0001455817 -0.0012549049
0.1232008007 -0.3696024021 -0.6160040034 0.0013376240 -0.0004395991 -0.0001455833 -0.0012549089
0.3696024021 -0.3696024021 -0.6160040034 0.0041576749 -0.0003395720 0.0009074223 -0.0040432086
0.6160040034 -0.3696024021 -0.6160040034 0.0156907120 0.0048128176 0.0020902034 -0.0147873689
-0.6160040034 -0.1232008007 -0.6160040034 0.0256881919 -0.0106006858 0.0015442767 -0.0233478880
-0.3696024021 -0.1232008007 -0.6160040034 0.0030181514 0.0006467636 0.0005633372 0.0028937149
-0.1232008007 -0.1232008007 -0.6160040034 0.0007880074 -0.0000392590 -0.0002026658 -0.0007604873
0.1232008007 -0.1232008007 -0.6160040034 0.0007880125 0.0000392561 -0.0002026661 -0.0007604927
0.3696024021 -0.1232008007 -0.6160040034 0.0030181475 -0.0006467595 0.0005633352 0.0028937121
0.6160040034 -0.1232008007 -0.6160040034 0.0256881925 0.0106006816 0.0015442762 -0.0233478906
-0.6160040034 0.1232008007 -0.6160040034 0.0256881922 -0.0106006859 -0.0015442766 -0.0233478883
-0.3696024021 0.1232008007 -0.6160040034 0.0030181515 0.0006467637 -0.0005633373 0.0028937150
-0.1232008007 0.1232008007 -0.6160040034 0.0007880074 -0.0000392589 0.0002026660 -0.0007604873
0.1232008007 0.1232008007 -0.6160040034 0.0007880125 0.0000392561 0.0002026663 -0.0007604927
0.3696024021 0.1232008007 -0.6160040034 0.0030181475 -0.0006467597 -0.0005633353 0.0028937121
0.6160040034 0.1232008007 -0.6160040034 0.0256881927 0.0106006817 -0.0015442760 -0.0233478908
-0.6160040034 0.3696024021 -0.6160040034 0.0156907115 -0.0048128219 -0.0020902038 -0.0147873670
-0.3696024021 0.3696024021 -0.6160040034 0.0041576717 0.0003395745 -0.0009074262 -0.0040432043
-0.1232008007 0.3696024021 -0.6160040034 0.0013376201 0.0004395989 0.0001455818 -0.0012549049
0.1232008007 0.3696024021 -0.6160040034 0.0013376241 -0.0004395993 0.0001455833 -0.0012549088
0.3696024021 0.3696024021 -0.6160040034 0.0041576752 -0.0003395721 -0.0009074221 -0.0040432090
0.6160040034 0.3696024021 -0.6160040034 0.0156907127 0.0048128181 -0.0020902031 -0.0147873696
-0.3696024021 0.6160040034 -0.6160040034 0.0059028972 0.0002797021 0.0002306247 -0.0058917548
-0.1232008007 0.6160040034 -0.6160040034 0.0086464225 0.0003614566 0.0000475055 -0.0086387334
0.1232008007 0.6160040034 -0.6160040034 0.0086464267 -0.0003614553 0.0000475061 -0.0086387376
0.3696024021 0.6160040034 -0.6160040034 0.0059029037 -0.0002797024 0.0002306258 -0.0058917612
-0.1232008007 -0.8624056048 -0.3696024021 0.0014810719 -0.0000098257 0.0004932440 -0.0013964913
0.1232008007 -0.8624056048 -0.3696024021 0.0014810721 0.0000098257 0.0004932432 -0.0013964918
-0.6160040034 -0.6160040034 -0.3696024021 0.0006964648 0.0006411966 0.0002170586 -0.0001637551
-0.3696024021 -0.6160040034 -0.3696024021 0.0047954308 0.0010513635 0.0015997548 0.0043967688
-0.1232008007 -0.6160040034 -0.3696024021 0.0038817631 0.0000092963 0.0012918509 0.0036604807
0.1232008007 -0.6160040034 -0.3696024021 0.0038817625 -0.0000092977 0.0012918503 0.0036604803
0.3696024021 -0.6160040034 -0.3696024021 0.0047954299 -0.0010513619 0.0015997552 0.0043967680
0.6160040034 -0.6160040034 -0.3696024021 0.0006964648 -0.0006411957 0.0002170597 -0.0001637567
-0.6160040034 -0.3696024021 -0.3696024021 0.0046689843 0.0017663500 0.0005039472 0.0042924887
-0.3696024021 -0.3696024021 -0.3696024021 0.0044487523 0.0015472372 0.0015310406 0.0038798672
-0.1232008007 -0.3696024021 -0.3696024021 0.0037541609 -0.0004700361 0.0010703434 0.0035675138
0.1232008007 -0.3696024021 -0.3696024021 0.0037541614 0.0004700351 0.0010703444 0.0035675143
0.3696024021 -0.3696024021 -0.3696024021 0.0044487529 -0.0015472349 0.0015310419 0.0038798682
0.6160040034 -0.3696024021 -0.3696024021 0.0046689865 -0.0017663497 0.0005039473 0.0042924912
-0.8624056048 -0.1232008007 -0.3696024021 0.0023638550 0.0002606184 -0.0003325663 0.0023257877
-0.6160040034 -0.1232008007 -0.3696024021 0.0054970167 0.0017764355 0.0001538541 0.0051997883
-0.3696024021 -0.1232008007 -0.3696024021 0.0031516056 0.0017069617 0.0003063702 0.0026315466
-0.1232008007 -0.1232008007 -0.3696024021 0.0026502467 -0.0004019915 0.0003800091 0.0025918726
0.1232008007 -0.1232008007 -0.3696024021 0.0026502472 0.0004019917 0.0003800097 0.0025918730
0.3696024021 -0.1232008007 -0.3696024021 0.0031516059 -0.0017069599 0.0003063711 0.0026315479
0.6160040034 -0.1232008007 -0.3696024021 0.0054970192 -0.0017764344 0.0001538539 0.0051997914
0.8624056048 -0.1232008007 -0.3696024021 0.0023638607 -0.0002606172 -0.0003325664 0.0023257935
-0.8624056048 0.1232008007 -0.3696024021 0.0023638550 0.0002606186 0.0003325659 0.0023257877
-0.6160040034 0.1232008007 -0.3696024021 0.0054970171 0.0017764357 -0.0001538539 0.0051997887
-0.3696024021 0.1232008007 -0.3696024021 0.0031516058 0.0017069616 -0.0003063702 0.0026315468
-0.1232008007 0.1232008007 -0.3696024021 0.0026502468 -0.0004019916 -0.0003800094 0.0025918727
0.1232008007 0.1232008007 -0.3696024021 0.0026502473 0.0004019918 -0.0003800100 0.0025918730
0.3696024021 0.1232008007 -0.3696024021 0.0031516060 -0.0017069598 -0.0003063711 0.0026315481
0.6160040034 0.1232008007 -0.3696024021 0.0054970196 -0.0017764345 -0.0001538537 0.0051997918
0.8624056048 0.1232008007 -0.3696024021 0.0023638606 -0.0002606175 0.0003325661 0.0023257935
-0.6160040034 0.3696024021 -0.3696024021 0.0046689845 0.0017663497 -0.0005039474 0.0042924890
-0.3696024021 0.3696024021 -0.3696024021 0.0044487527 0.0015472370 -0.0015310407 0.0038798677
-0.1232008007 0.3696024021 -0.3696024021 0.0037541610 -0.0004700363 -0.0010703434 0.0035675139
0.1232008007 0.3696024021 -0.3696024021 0.0037541615 0.0004700353 -0.0010703444 0.0035675144
0.3696024021 0.3696024021 -0.3696024021 0.0044487533 -0.0015472348 -0.0015310420 0.0038798687
0.6160040034 0.3696024021 -0.3696024021 0.0046689866 -0.0017663494 -0.0005039475 0.0042924914
-0.6160040034 0.6160040034 -0.3696024021 0.0006964647 0.0006411965 -0.0002170586 -0.0001637550
-0.3696024021 0.6160040034 -0.3696024021 0.0047954308 0.0010513635 -0.0015997550 0.0043967688
-0.1232008007 0.6160040034 -0.3696024021 0.0038817629 0.0000092963 -0.0012918507 0.0036604806
0.1232008007 0.6160040034 -0.3696024021 0.0038817623 -0.0000092977 -0.0012918500 0.0036604802
0.3696024021 0.6160040034 -0.3696024021 0.0047954299 -0.0010513619 -0.0015997554 0.0043967681
0.6160040034 0.6160040034 -0.3696024021 0.0006964646 -0.0006411956 -0.0002170597 -0.0001637567
-0.1232008007 0.8624056048 -0.3696024021 0.0014810721 -0.0000098257 -0.0004932440 -0.0013964914
0.1232008007 0.8624056048 -0.3696024021 0.0014810723 0.0000098256 -0.0004932432 -0.0013964920
-0.3696024021 -0.8624056048 -0.1232008007 0.0036869380 -0.0015583636 -0.0011881657 -0.0031230237
-0.1232008007 -0.8624056048 -0.1232008007 0.0007122928 -0.0002078926 -0.0003222202 0.0006002632
0.1232008007 -0.8624056048 -0.1232008007 0.0007122925 0.0002078926 -0.0003222199 0.0006002629
0.3696024021 -0.8624056048 -0.1232008007 0.0036869372 0.0015583626 -0.0011881652 -0.0031230234
-0.6160040034 -0.6160040034 -0.1232008007 0.0007653673 -0.0005068114 -0.0005202249 -0.0002414441
-0.3696024021 -0.6160040034 -0.1232008007 0.0014008247 0.0002674562 0.0000408508 0.0013744484
-0.1232008007 -0.6160040034 -0.1232008007 0.0030224089 0.0004778923 0.0015538064 0.0025479914
0.1232008007 -0.6160040034 -0.1232008007 0.0030224090 -0.0004778921 0.0015538066 0.0025479914
0.3696024021 -0.6160040034 -0.1232008007 0.0014008256 -0.0002674568 0.0000408508 0.0013744492
0.6160040034 -0.6160040034 -0.1232008007 0.0007653688 0.0005068125 -0.0005202252 -0.0002414461
-0.8624056048 -0.3696024021 -0.1232008007 0.0117140571 -0.0042838127 0.0008886782 -0.0108663855
-0.6160040034 -0.3696024021 -0.1232008007 0.0009854688 0.0003808741 0.0001951192 0.0008877005
-0.3696024021 -0.3696024021 -0.1232008007 0.0047315523 0.0019241303 0.0017216363 0.0039650066
-0.1232008007 -0.3696024021 -0.1232008007 0.0041555704 0.0010488351 0.0025492981 0.0031096285
0.1232008007 -0.3696024021 -0.1232008007 0.0041555700 -0.0010488351 0.0025492980 0.0031096280
0.3696024021 -0.3696024021 -0.1232008007 0.0047315524 -0.0019241316 0.0017216360 0.0039650063
0.6160040034 -0.3696024021 -0.1232008007 0.0009854659 -0.0003808724 0.0001951179 0.0008876983
0.8624056048 -0.3696024021 -0.1232008007 0.0117140732 0.0042838198 0.0008886782 -0.0108664001
-0.8624056048 -0.1232008007 -0.1232008007 0.0092180765 -0.0076822094 0.0003038265 -0.0050856940
-0.6160040034 -0.1232008007 -0.1232008007 0.0025236050 0.0017225660 0.0001334028 0.0018394435
-0.3696024021 -0.1232008007 -0.1232008007 0.0058794170 0.0031280139 0.0010625136 0.0048635520
-0.1232008007 -0.1232008007 -0.1232008007 0.0027706877 0.0012077687 0.0012292732 0.0021695374
0.1232008007 -0.1232008007 -0.1232008007 0.0027706875 -0.0012077690 0.0012292730 0.0021695371
0.3696024021 -0.1232008007 -0.1232008007 0.0058794178 -0.0031280157 0.0010625135 0.0048635519
0.6160040034 -0.1232008007 -0.1232008007 0.0025236030 -0.0017225641 0.0001334025 0.0018394425
0.8624056048 -0.1232008007 -0.1232008007 0.0092180912 0.0076822186 0.0003038267 -0.0050857067
-0.8624056048 0.1232008007 -0.1232008007 0.0092180757 -0.0076822087 -0.0003038268 -0.0050856935
-0.6160040034 0.1232008007 -0.1232008007 0.0025236047 0.0017225657 -0.0001334026 0.0018394434
-0.3696024021 0.1232008007 -0.1232008007 0.0058794168 0.0031280138 -0.0010625140 0.0048635518
-0.1232008007 0.1232008007 -0.1232008007 0.0027706877 0.0012077689 -0.0012292733 0.0021695372
0.1232008007 0.1232008007 -0.1232008007 0.0027706875 -0.0012077691 -0.0012292731 0.0021695370
0.3696024021 0.1232008007 -0.1232008007 0.0058794176 -0.0031280156 -0.0010625138 0.0048635516
0.6160040034 0.1232008007 -0.1232008007 0.0025236027 -0.0017225639 -0.0001334023 0.0018394423
0.8624056048 0.1232008007 -0.1232008007 0.0092180904 0.0076822179 -0.0003038270 -0.0050857063
-0.8624056048 0.3696024021 -0.1232008007 0.0117140555 -0.0042838116 -0.0008886784 -0.0108663842
-0.6160040034 0.3696024021 -0.1232008007 0.0009854688 0.0003808740 -0.0001951192 0.0008877006
-0.3696024021 0.3696024021 -0.1232008007 0.0047315517 0.0019241300 -0.0017216360 0.0039650063
-0.1232008007 0.3696024021 -0.1232008007 0.0041555702 0.0010488353 -0.0025492981 0.0031096282
0.1232008007 0.3696024021 -0.1232008007 0.0041555697 -0.0010488353 -0.0025492979 0.0031096277
0.3696024021 0.3696024021 -0.1232008007 0.0047315518 -0.0019241313 -0.0017216357 0.0039650060
0.6160040034 0.3696024021 -0.1232008007 0.0009854659 -0.0003808723 -0.0001951179 0.0008876984
0.8624056048 0.3696024021 -0.1232008007 0.0117140716 0.0042838187 -0.0008886783 -0.0108663987
-0.6160040034 0.6160040034 -0.1232008007 0.0007653667 -0.0005068113 0.0005202246 -0.0002414435
-0.3696024021 0.6160040034 -0.1232008007 0.0014008249 0.0002674560 -0.0000408507 0.0013744486
-0.1232008007 0.6160040034 -0.1232008007 0.0030224087 0.0004778923 -0.0015538063 0.0025479912
0.1232008007 0.6160040034 -0.1232008007 0.0030224088 -0.0004778921 -0.0015538065 0.0025479912
0.3696024021 0.6160040034 -0.1232008007 0.0014008258 -0.0002674566 -0.0000408508 0.0013744494
0.6160040034 0.6160040034 -0.1232008007 0.0007653683 0.0005068124 0.0005202249 -0.0002414454
-0.3696024021 0.8624056048 -0.1232008007 0.0036869374 -0.0015583635 0.0011881653 -0.0031230232
-0.1232008007 0.8624056048 -0.1232008007 0.0007122929 -0.0002078925 0.0003222202 0.0006002633
0.1232008007 0.8624056048 -0.1232008007 0.0007122926 0.0002078925 0.0003222199 0.0006002630
0.3696024021 0.8624056048 -0.1232008007 0.0036869366 0.0015583624 0.0011881648 -0.0031230229
-0.3696024021 -0.8624056048 0.1232008007 0.0041448196 -0.0009517595 -0.0000805531 0.0040332611
-0.1232008007 -0.8624056048 0.1232008007 0.0016461501 0.0003542822 -0.0001238289 0.0016027978
0.1232008007 -0.8624056048 0.1232008007 0.0016461500 -0.0003542817 -0.0001238291 0.0016027978
0.3696024021 -0.8624056048 0.1232008007 0.0041448212 0.0009517593 -0.0000805526 0.0040332627
-0.6160040034 -0.6160040034 0.1232008007 0.0030943934 -0.0006542781 0.0010647129 0.0028308263
-0.3696024021 -0.6160040034 0.1232008007 0.0018585952 -0.0003731934 0.0003841505 0.0017797559
-0.1232008007 -0.6160040034 0.1232008007 0.0002211803 0.0000101379 -0.0000278625 0.0002191840
0.1232008007 -0.6160040034 0.1232008007 0.0002211798 -0.0000101379 -0.0000278627 0.0002191835
0.3696024021 -0.6160040034 0.1232008007 0.0018585940 0.0003731934 0.0003841493 0.0017797549
0.6160040034 -0.6160040034 0.1232008007 0.0030943948 0.0006542788 0.0010647129 0.0028308275
-0.8624056048 -0.3696024021 0.1232008007 0.0109621608 -0.0004601522 0.0013237491 0.0108722085
-0.6160040034 -0.3696024021 0.1232008007 0.0017719988 -0.0000854815 0.0007142787 0.0016194069
-0.3696024021 -0.3696024021 0.1232008007 0.0008413776 -0.0008131108 0.0001332116 -0.0001703577
-0.1232008007 -0.3696024021 0.1232008007 0.0013721575 0.0004748446 0.0012655382 -0.0002361179
0.1232008007 -0.3696024021 0.1232008007 0.0013721577 -0.0004748451 0.0012655384 -0.0002361175
0.3696024021 -0.3696024021 0.1232008007 0.0008413771 0.0008131102 0.0001332113 -0.0001703584
0.6160040034 -0.3696024021 0.1232008007 0.0017719996 0.0000854840 0.0007142785 0.0016194077
0.8624056048 -0.3696024021 0.1232008007 0.0109621752 0.0004601571 0.0013237498 0.0108722228
-0.8624056048 -0.1232008007 0.1232008007 0.0085131677 -0.0017410786 0.0009819714 0.0082751678
-0.6160040034 -0.1232008007 0.1232008007 0.0018034081 -0.0017881608 0.0001614640 -0.0001693848
-0.3696024021 -0.1232008007 0.1232008007 0.0006439911 0.0004374081 0.0002851692 -0.0003769312
-0.1232008007 -0.1232008007 0.1232008007 0.0019401200 0.0015305633 0.0011877962 0.0001028670
0.1232008007 -0.1232008007 0.1232008007 0.0019401205 -0.0015305639 0.0011877963 0.0001028678
0.3696024021 -0.1232008007 0.1232008007 0.0006439920 -0.0004374092 0.0002851691 -0.0003769317
0.6160040034 -0.1232008007 0.1232008007 0.0018034120 0.0017881647 0.0001614640 -0.0001693850
0.8624056048 -0.1232008007 0.1232008007 0.0085131811 0.0017410841 0.0009819719 0.0082751803
-0.8624056048 0.1232008007 0.1232008007 0.0085131680 -0.0017410792 -0.0009819711 0.0082751680
-0.6160040034 0.1232008007 0.1232008007 0.0018034083 -0.0017881609 -0.0001614646 -0.0001693848
-0.3696024021 0.1232008007 0.1232008007 0.0006439912 0.0004374084 -0.0002851693 -0.0003769311
-0.1232008007 0.1232008007 0.1232008007 0.0019401198 0.0015305633 -0.0011877960 0.0001028670
0.1232008007 0.1232008007 0.1232008007 0.0019401203 -0.0015305639 -0.0011877960 0.0001028677
0.3696024021 0.1232008007 0.1232008007 0.0006439921 -0.0004374095 -0.0002851692 -0.0003769315
0.6160040034 0.1232008007 0.1232008007 0.0018034121 0.0017881648 -0.0001614646 -0.0001693851
0.8624056048 0.1232008007 0.1232008007 0.0085131813 0.0017410847 -0.0009819716 0.0082751805
-0.8624056048 0.3696024021 0.1232008007 0.0109621620 -0.0004601529 -0.0013237490 0.0108722097
-0.6160040034 0.3696024021 0.1232008007 0.0017719984 -0.0000854821 -0.0007142785 0.0016194065
-0.3696024021 0.3696024021 0.1232008007 0.0008413770 -0.0008131101 -0.0001332119 -0.0001703575
-0.1232008007 0.3696024021 0.1232008007 0.0013721576 0.0004748448 -0.0012655384 -0.0002361178
0.1232008007 0.3696024021 0.1232008007 0.0013721579 -0.0004748452 -0.0012655385 -0.0002361175
0.3696024021 0.3696024021 0.1232008007 0.0008413765 0.0008131096 -0.0001332116 -0.0001703582
0.6160040034 0.3696024021 0.1232008007 0.0017719992 0.0000854845 -0.0007142782 0.0016194073
0.8624056048 0.3696024021 0.1232008007 0.0109621765 0.0004601578 -0.0013237497 0.0108722240
-0.6160040034 0.6160040034 0.1232008007 0.0030943931 -0.0006542783 -0.0010647123 0.0028308261
-0.3696024021 0.6160040034 0.1232008007 0.0018585950 -0.0003731934 -0.0003841501 0.0017797558
-0.1232008007 0.6160040034 0.1232008007 0.0002211803 0.0000101380 0.0000278624 0.0002191840
0.1232008007 0.6160040034 0.1232008007 0.0002211798 -0.0000101381 0.0000278625 0.0002191835
0.3696024021 0.6160040034 0.1232008007 0.0018585938 0.0003731934 -0.0003841490 0.0017797548
0.6160040034 0.6160040034 0.1232008007 0.0030943944 0.0006542790 -0.0010647124 0.0028308273
-0.3696024021 0.8624056048 0.1232008007 0.0041448201 -0.0009517597 0.0000805533 0.0040332615
-0.1232008007 0.8624056048 0.1232008007 0.0016461499 0.0003542821 0.0001238288 0.0016027976
0.1232008007 0.8624056048 0.1232008007 0.0016461498 -0.0003542816 0.0001238291 0.0016027976
0.3696024021 0.8624056048 0.1232008007 0.0041448216 0.0009517595 0.0000805528 0.0040332631
-0.1232008007 -0.8624056048 0.3696024021 0.0010820254 -0.0000266445 -0.0007364230 0.0007923069
0.1232008007 -0.8624056048 0.3696024021 0.0010820258 0.0000266452 -0.0007364239 0.0007923066
-0.6160040034 -0.6160040034 0.3696024021 0.0021260435 -0.0013772797 0.0004849321 0.0015453164
-0.3696024021 -0.6160040034 0.3696024021 0.0020309783 0.0007125629 0.0017224292 0.0008064517
-0.1232008007 -0.6160040034 0.3696024021 0.0022873190 0.0004596784 0.0022339455 -0.0001732383
0.1232008007 -0.6160040034 0.3696024021 0.0022873193 -0.0004596781 0.0022339458 -0.0001732382
0.3696024021 -0.6160040034 0.3696024021 0.0020309783 -0.0007125634 0.0017224296 0.0008064506
0.6160040034 -0.6160040034 0.3696024021 0.0021260404 0.0013772785 0.0004849303 0.0015453136
-0.6160040034 -0.3696024021 0.3696024021 0.0044508986 -0.0000969888 0.0027574235 0.0034925216
-0.3696024021 -0.3696024021 0.3696024021 0.0042739558 0.0010751414 0.0034401621 -0.0022969662
-0.1232008007 -0.3696024021 0.3696024021 0.0066341924 0.0003214876 0.0022367670 -0.0062374697
0.1232008007 -0.3696024021 0.3696024021 0.0066341923 -0.0003214870 0.0022367662 -0.0062374698
0.3696024021 -0.3696024021 0.3696024021 0.0042739560 -0.0010751424 0.0034401623 -0.0022969659
0.6160040034 -0.3696024021 0.3696024021 0.0044508944 0.0000969840 0.0027574213 0.0034925181
-0.8624056048 -0.1232008007 0.3696024021 0.0015242658 -0.0015072784 -0.0000424704 -0.0002229219
-0.6160040034 -0.1232008007 0.3696024021 0.0089965801 0.0066967054 0.0020235588 0.0056566599
-0.3696024021 -0.1232008007 0.3696024021 0.0081138096 -0.0006043845 0.0014585797 -0.0079587167
-0.1232008007 -0.1232008007 0.3696024021 0.0108287145 -0.0001080774 0.0005550046 -0.0108139423
0.1232008007 -0.1232008007 0.3696024021 0.0108287154 0.0001080769 0.0005550038 -0.0108139432
0.3696024021 -0.1232008007 0.3696024021 0.0081138091 0.0006043835 0.0014585788 -0.0079587164
0.6160040034 -0.1232008007 0.3696024021 0.0089965803 -0.0066967097 0.0020235573 0.0056566556
0.8624056048 -0.1232008007 0.3696024021 0.0015242808 0.0015072929 -0.0000424706 -0.0002229272
-0.8624056048 0.1232008007 0.3696024021 0.0015242660 -0.0015072787 0.0000424706 -0.0002229221
-0.6160040034 0.1232008007 0.3696024021 0.0089965804 0.0066967057 -0.0020235588 0.0056566599
-0.3696024021 0.1232008007 0.3696024021 0.0081138098 -0.0006043849 -0.0014585794 -0.0079587169
-0.1232008007 0.1232008007 0.3696024021 0.0108287142 -0.0001080775 -0.0005550050 -0.0108139419
0.1232008007 0.1232008007 0.3696024021 0.0108287151 0.0001080770 -0.0005550042 -0.0108139428
0.3696024021 0.1232008007 0.3696024021 0.0081138093 0.0006043839 -0.0014585785 -0.0079587166
0.6160040034 0.1232008007 0.3696024021 0.0089965806 -0.0066967101 -0.0020235573 0.0056566556
0.8624056048 0.1232008007 0.3696024021 0.0015242811 0.0015072931 0.0000424708 -0.0002229274
-0.6160040034 0.3696024021 0.3696024021 0.0044508987 -0.0000969878 -0.0027574239 0.0034925215
-0.3696024021 0.3696024021 0.3696024021 0.0042739558 0.0010751411 -0.0034401621 -0.0022969663
-0.1232008007 0.3696024021 0.3696024021 0.0066341922 0.0003214872 -0.0022367668 -0.0062374696
0.1232008007 0.3696024021 0.3696024021 0.0066341920 -0.0003214866 -0.0022367659 -0.0062374697
0.3696024021 0.3696024021 0.3696024021 0.0042739560 -0.0010751421 -0.0034401623 -0.0022969660
0.6160040034 0.3696024021 0.3696024021 0.0044508945 0.0000969831 -0.0027574217 0.0034925180
-0.6160040034 0.6160040034 0.3696024021 0.0021260428 -0.0013772792 -0.0004849319 0.0015453159
-0.3696024021 0.6160040034 0.3696024021 0.0020309785 0.0007125632 -0.0017224293 0.0008064517
-0.1232008007 0.6160040034 0.3696024021 0.0022873188 0.0004596783 -0.0022339454 -0.0001732381
0.1232008007 0.6160040034 0.3696024021 0.0022873191 -0.0004596780 -0.0022339457 -0.0001732380
0.3696024021 0.6160040034 0.3696024021 0.0020309785 -0.0007125636 -0.0017224297 0.0008064507
0.6160040034 0.6160040034 0.3696024021 0.0021260397 0.0013772781 -0.0004849301 0.0015453131
-0.1232008007 0.8624056048 0.3696024021 0.0010820252 -0.0000266446 0.0007364227 0.0007923069
0.1232008007 0.8624056048 0.3696024021 0.0010820256 0.0000266452 0.0007364236 0.0007923065
-0.3696024021 -0.6160040034 0.6160040034 0.0021651838 -0.0002662763 0.0020526938 0.0006352686
-0.1232008007 -0.6160040034 0.6160040034 0.0015780405 -0.0000866392 0.0014370289 0.0006462610
0.1232008007 -0.6160040034 0.6160040034 0.0015780392 0.0000866380 0.0014370278 0.0006462605
0.3696024021 -0.6160040034 0.6160040034 0.0021651812 0.0002662751 0.0020526918 0.0006352668
-0.6160040034 -0.3696024021 0.6160040034 0.0030023944 -0.0029678093 -0.0000434899 0.0004523148
-0.3696024021 -0.3696024021 0.6160040034 0.0130612676 0.0058053157 0.0050848079 0.0105375399
-0.1232008007 -0.3696024021 0.6160040034 0.0106725889 0.0012706316 0.0084857715 -0.0063467575
0.1232008007 -0.3696024021 0.6160040034 0.0106725875 -0.0012706350 0.0084857705 -0.0063467559
0.3696024021 -0.3696024021 0.6160040034 0.0130612595 -0.0058053119 0.0050848050 0.0105375334
0.6160040034 -0.3696024021 0.6160040034 0.0030023935 0.0029678083 -0.0000434901 0.0004523152
-0.6160040034 -0.1232008007 0.6160040034 0.0050952842 -0.0049782701 -0.0000858342 -0.0010823036
-0.3696024021 -0.1232008007 0.6160040034 0.0153732986 0.0145893296 0.0035137322 0.0033381819
-0.1232008007 -0.1232008007 0.6160040034 0.0176186808 0.0037568036 0.0060575282 -0.0161124391
0.1232008007 -0.1232008007 0.6160040034 0.0176186793 -0.0037568076 0.0060575287 -0.0161124363
0.3696024021 -0.1232008007 0.6160040034 0.0153732929 -0.0145893252 0.0035137317 0.0033381755
0.6160040034 -0.1232008007 0.6160040034 0.0050952824 0.0049782684 -0.0000858343 -0.0010823026
-0.6160040034 0.1232008007 0.6160040034 0.0050952843 -0.0049782701 0.0000858344 -0.0010823035
-0.3696024021 0.1232008007 0.6160040034 0.0153732984 0.0145893295 -0.0035137319 0.0033381818
-0.1232008007 0.1232008007 0.6160040034 0.0176186811 0.0037568043 -0.0060575276 -0.0161124395
0.1232008007 0.1232008007 0.6160040034 0.0176186796 -0.0037568082 -0.0060575282 -0.0161124367
0.3696024021 0.1232008007 0.6160040034 0.0153732927 -0.0145893251 -0.0035137314 0.0033381754
0.6160040034 0.1232008007 0.6160040034 0.0050952824 0.0049782684 0.0000858345 -0.0010823025
-0.6160040034 0.3696024021 0.6160040034 0.0030023938 -0.0029678087 0.0000434897 0.0004523148
-0.3696024021 0.3696024021 0.6160040034 0.0130612681 0.0058053156 -0.0050848080 0.0105375407
-0.1232008007 0.3696024021 0.6160040034 0.0106725897 0.0012706318 -0.0084857721 -0.0063467580
0.1232008007 0.3696024021 0.6160040034 0.0106725883 -0.0012706353 -0.0084857710 -0.0063467565
0.3696024021 0.3696024021 0.6160040034 0.0130612600 -0.0058053117 -0.0050848050 0.0105375342
0.6160040034 0.3696024021 0.6160040034 0.0030023929 0.0029678078 0.0000434899 0.0004523152
-0.3696024021 0.6160040034 0.6160040034 0.0021651840 -0.0002662763 -0.0020526939 0.0006352688
-0.1232008007 0.6160040034 0.6160040034 0.0015780404 -0.0000866393 -0.0014370286 0.0006462615
0.1232008007 0.6160040034 0.6160040034 0.0015780390 0.0000866381 -0.0014370274 0.0006462609
0.3696024021 0.6160040034 0.6160040034 0.0021651814 0.0002662752 -0.0020526919 0.0006352670
-0.1232008007 -0.3696024021 0.8624056048 0.0273402969 -0.0009427531 0.0075305379 0.0262658343
0.1232008007 -0.3696024021 0.8624056048 0.0273403070 0.0009427607 0.0075305440 0.0262658427
-0.3696024021 -0.1232008007 0.8624056048 0.0133843819 -0.0109304202 -0.0011819478 -0.0076335178
-0.1232008007 -0.1232008007 0.8624056048 0.0708832441 0.0210227880 0.0051912268 0.0674946505
0.1232008007 -0.1232008007 0.8624056048 0.0708832613 -0.0210227780 0.0051912319 0.0674946713
0.3696024021 -0.1232008007 0.8624056048 0.0133843537 0.0109303918 -0.0011819457 -0.0076335094
-0.3696024021 0.1232008007 0.8624056048 0.0133843821 -0.0109304206 0.0011819481 -0.0076335174
-0.1232008007 0.1232008007 0.8624056048 0.0708832440 0.0210227881 -0.0051912266 0.0674946503
0.1232008007 0.1232008007 0.8624056048 0.0708832612 -0.0210227781 -0.0051912317 0.0674946712
0.3696024021 0.1232008007 0.8624056048 0.0133843539 0.0109303922 0.0011819460 -0.0076335090
-0.1232008007 0.3696024021 0.8624056048 0.0273402975 -0.0009427534 -0.0075305381 0.0262658348
0.1232008007 0.3696024021 0.8624056048 0.0273403075 0.0009427609 -0.0075305442 0.0262658432
