x y z |P|^2 Px.r Px.i Py.r Py.i Pz.r Pz.i
-0.1232008007 -0.3696024021 -0.8624056048 2.035303703e-06 3.980808407e-05 0.0003030684656 0.0001278854882 0.001371894361 9.578041787e-05 -0.000185056207
0.1232008007 -0.3696024021 -0.8624056048 2.03530566e-06 -3.980704589e-05 -0.0003030660644 0.0001278853321 0.001371895606 9.578064052e-05 -0.0001850564127
-0.3696024021 -0.1232008007 -0.8624056048 1.435440409e-06 0.0001170777035 0.0002708432317 0.0006712460146 -0.0009401555429 -0.0001127686135 -3.459402615e-05
-0.1232008007 -0.1232008007 -0.8624056048 4.606248197e-06 3.670087894e-05 0.0002134281154 0.0001290330015 0.002125775105 3.082419747e-05 -0.0001510967862
0.1232008007 -0.1232008007 -0.8624056048 4.606255538e-06 -3.669996801e-05 -0.0002134269668 0.0001290333275 0.002125776936 3.082427493e-05 -0.0001510968728
0.3696024021 -0.1232008007 -0.8624056048 1.435433376e-06 -0.0001170772798 -0.0002708424709 0.0006712457824 -0.000940152258 -0.0001127684324 -3.459413907e-05
-0.3696024021 0.1232008007 -0.8624056048 1.435440154e-06 -0.0001170773799 -0.0002708429512 0.0006712459917 -0.0009401555756 0.0001127683447 3.459407043e-05
-0.1232008007 0.1232008007 -0.8624056048 4.606247986e-06 -3.670070218e-05 -0.0002134280374 0.0001290329505 0.002125775053 -3.08243191e-05 0.0001510969859
0.1232008007 0.1232008007 -0.8624056048 4.606255327e-06 3.669979126e-05 0.0002134268888 0.0001290332765 0.002125776884 -3.082439656e-05 0.0001510970725
0.3696024021 0.1232008007 -0.8624056048 1.435433121e-06 0.0001170769562 0.0002708421904 0.0006712457594 -0.0009401522907 0.0001127681637 3.459418336e-05
-0.1232008007 0.3696024021 -0.8624056048 2.035303311e-06 -3.980798515e-05 -0.0003030683451 0.0001278854081 0.001371894225 -9.578062454e-05 0.0001850563256
0.1232008007 0.3696024021 -0.8624056048 2.035305269e-06 3.980694698e-05 0.0003030659439 0.0001278852519 0.00137189547 -9.578084717e-05 0.0001850565312
-0.3696024021 -0.6160040034 -0.6160040034 1.559721705e-06 -9.462721955e-05 -6.70388037e-05 -0.001138058327 0.000476073778 -1.778300865e-05 0.0001553510896
-0.1232008007 -0.6160040034 -0.6160040034 2.310895097e-06 -1.083770944e-05 8.855363134e-05 -0.001216381515 0.0008201165188 0.0003880863918 1.223734749e-05
0.1232008007 -0.6160040034 -0.6160040034 2.310896683e-06 1.08377917e-05 -8.855332601e-05 -0.001216381753 0.0008201170352 0.0003880866827 1.223685699e-05
0.3696024021 -0.6160040034 -0.6160040034 1.559723486e-06 9.462725438e-05 6.703874213e-05 -0.001138058965 0.0004760743727 -1.778230575e-05 0.0001553504083
-0.6160040034 -0.3696024021 -0.6160040034 4.816676345e-06 1.424013667e-05 -0.0003390879692 -0.001436002523 0.001601308303 0.0002573750084 -9.465459705e-05
-0.3696024021 -0.3696024021 -0.6160040034 2.281874878e-06 0.0002313933763 -0.0001911487586 -0.001386171012 -0.0004546150744 -8.08366451e-05 0.0002389866793
-0.1232008007 -0.3696024021 -0.6160040034 2.467332754e-06 0.0001177998696 6.904357906e-05 -0.00146630525 0.0004847698283 0.0002349707058 -9.17868396e-05
0.1232008007 -0.3696024021 -0.6160040034 2.467332554e-06 -0.0001177983914 -6.904243514e-05 -0.001466304932 0.0004847709459 0.0002349708641 -9.178728268e-05
0.3696024021 -0.3696024021 -0.6160040034 2.281872341e-06 -0.0002313925928 0.0001911493747 -0.001386170823 -0.0004546133688 -8.083623581e-05 0.0002389861119
0.6160040034 -0.3696024021 -0.6160040034 4.81667639e-06 -1.423996017e-05 0.0003390879955 -0.001436002568 0.001601308241 0.0002573752475 -9.465446965e-05
-0.6160040034 -0.1232008007 -0.6160040034 8.660767003e-06 0.0001003754474 -4.097789023e-05 -0.002032744733 0.002122630584 2.459747341e-05 -0.000103902849
-0.3696024021 -0.1232008007 -0.6160040034 3.660641466e-06 0.000173916122 1.744483484e-05 -0.001561343306 -0.001079996589 -0.0001427247183 7.439375548e-05
-0.1232008007 -0.1232008007 -0.6160040034 1.800703389e-06 8.113467557e-05 6.944151482e-05 -0.001318298527 0.0002123351011 2.225130631e-05 -7.619782164e-05
0.1232008007 -0.1232008007 -0.6160040034 1.800701364e-06 -8.113361802e-05 -6.944093066e-05 -0.001318297619 0.0002123365008 2.225135031e-05 -7.619798902e-05
0.3696024021 -0.1232008007 -0.6160040034 3.66063284e-06 -0.0001739155317 -1.744448615e-05 -0.001561342154 -0.001079994393 -0.0001427245949 7.439353107e-05
0.6160040034 -0.1232008007 -0.6160040034 8.660765605e-06 -0.0001003753062 4.097795266e-05 -0.002032744374 0.002122630608 2.459756566e-05 -0.0001039027396
-0.6160040034 0.1232008007 -0.6160040034 8.660766994e-06 -0.0001003749906 4.097797949e-05 -0.00203274473 0.002122630605 -2.459790788e-05 0.0001039027602
-0.3696024021 0.1232008007 -0.6160040034 3.660641345e-06 -0.0001739156895 -1.744497802e-05 -0.001561343344 -0.001079996578 0.0001427245868 -7.439352411e-05
-0.1232008007 0.1232008007 -0.6160040034 1.800703637e-06 -8.113451347e-05 -6.944161135e-05 -0.001318298616 0.00021233511 -2.225094685e-05 7.619806625e-05
0.1232008007 0.1232008007 -0.6160040034 1.800701611e-06 8.11334559e-05 6.944102719e-05 -0.001318297708 0.0002123365097 -2.225099084e-05 7.61982336e-05
0.3696024021 0.1232008007 -0.6160040034 3.660632719e-06 0.0001739150993 1.744462935e-05 -0.001561342192 -0.001079994382 0.0001427244634 -7.439329973e-05
0.6160040034 0.1232008007 -0.6160040034 8.660765596e-06 0.0001003748494 -4.097804191e-05 -0.002032744371 0.002122630629 -2.459800012e-05 0.0001039026509
-0.6160040034 0.3696024021 -0.6160040034 4.816676793e-06 -1.423977662e-05 0.0003390881873 -0.00143600253 0.001601308348 -0.0002573753567 9.465441027e-05
-0.3696024021 0.3696024021 -0.6160040034 2.281874801e-06 -0.0002313929508 0.0001911487552 -0.00138617109 -0.0004546150772 8.08363932e-05 -0.0002389865584
-0.1232008007 0.3696024021 -0.6160040034 2.467333301e-06 -0.0001177996981 -6.904362242e-05 -0.001466305445 0.0004847698172 -0.0002349706494 9.178709422e-05
0.1232008007 0.3696024021 -0.6160040034 2.467333101e-06 0.0001177982199 6.904247847e-05 -0.001466305127 0.0004847709348 -0.0002349708077 9.178753729e-05
0.3696024021 0.3696024021 -0.6160040034 2.281872264e-06 0.0002313921674 -0.0001911493713 -0.001386170902 -0.0004546133716 8.083598394e-05 -0.000238985991
0.6160040034 0.3696024021 -0.6160040034 4.816676839e-06 1.42396001e-05 -0.0003390882136 -0.001436002575 0.001601308287 -0.0002573755959 9.465428289e-05
-0.3696024021 0.6160040034 -0.6160040034 1.559721852e-06 9.462747284e-05 6.703899918e-05 -0.001138058373 0.0004760737341 1.778273233e-05 -0.0001553511503
-0.1232008007 0.6160040034 -0.6160040034 2.310895428e-06 1.083784636e-05 -8.855358287e-05 -0.001216381646 0.0008201164328 -0.0003880866013 -1.22372607e-05
0.1232008007 0.6160040034 -0.6160040034 2.310897014e-06 -1.083792863e-05 8.855327752e-05 -0.001216381883 0.0008201169493 -0.0003880868922 -1.22367702e-05
0.3696024021 0.6160040034 -0.6160040034 1.559723632e-06 -9.462750767e-05 -6.703893763e-05 -0.001138059011 0.0004760743288 1.778202944e-05 -0.000155350469
-0.1232008007 -0.8624056048 -0.3696024021 1.07971053e-06 3.892852771e-05 4.568620574e-05 6.877673859e-05 -0.001024788815 -5.106524029e-05 0.0001363006125
0.1232008007 -0.8624056048 -0.3696024021 1.079710473e-06 -3.892939427e-05 -4.568807099e-05 6.877649922e-05 -0.00102478879 -5.106493921e-05 0.0001362999533
-0.6160040034 -0.6160040034 -0.3696024021 7.153293479e-07 -3.886212414e-05 -0.0002314385111 0.0001573991888 -0.0007836151115 0.0001155874917 8.982028157e-05
-0.3696024021 -0.6160040034 -0.3696024021 3.091566545e-06 -8.510132026e-05 -8.390260953e-05 0.001004099021 -0.00129215659 -0.0004283745537 0.0004646465401
-0.1232008007 -0.6160040034 -0.3696024021 2.751456414e-06 -3.399089709e-05 6.307582218e-05 0.0009733657272 -0.00131543709 0.0001256706914 0.0002295948077
0.1232008007 -0.6160040034 -0.3696024021 2.751454826e-06 3.39896513e-05 -6.307655714e-05 0.0009733654712 -0.00131543681 0.0001256706754 0.0002295940256
0.3696024021 -0.6160040034 -0.3696024021 3.091563592e-06 8.510038108e-05 8.390163764e-05 0.001004098383 -0.001292156551 -0.0004283743778 0.0004646453589
0.6160040034 -0.6160040034 -0.3696024021 7.153303066e-07 3.88619538e-05 0.0002314375837 0.0001573988913 -0.0007836160535 0.0001155875717 8.98202812e-05
-0.6160040034 -0.3696024021 -0.3696024021 1.608014e-06 -7.304118208e-05 -2.386021293e-05 0.0008187340008 -0.0009205167236 0.0002513115878 -0.000145862126
-0.3696024021 -0.3696024021 -0.3696024021 6.196997504e-06 -0.0001166479503 -0.0001293764635 0.001724051239 -0.001732590703 -0.0002452132387 0.0003637303098
-0.1232008007 -0.3696024021 -0.3696024021 4.489063095e-06 -5.382125817e-05 -3.027517334e-06 0.001698614622 -0.00125698714 -3.560719113e-05 0.0001399322149
0.1232008007 -0.3696024021 -0.3696024021 4.489062157e-06 5.382128312e-05 3.02763032e-06 0.001698614709 -0.001256986694 -3.560725644e-05 0.0001399317852
0.3696024021 -0.3696024021 -0.3696024021 6.196995408e-06 0.0001166477128 0.0001293762381 0.001724050916 -0.001732590545 -0.0002452131533 0.0003637299261
0.6160040034 -0.3696024021 -0.3696024021 1.608015855e-06 7.304095312e-05 2.385968424e-05 0.0008187333902 -0.0009205184087 0.0002513116786 -0.0001458613211
-0.8624056048 -0.1232008007 -0.3696024021 7.728509979e-07 -3.350899674e-05 0.0002576295702 0.0003389870229 -0.0007321181789 -0.0002095438849 -0.0001026512556
-0.6160040034 -0.1232008007 -0.3696024021 1.967819758e-06 -3.530981245e-05 0.0002047248085 0.00121309419 -0.0006572339549 -1.336128031e-05 -0.0001446658874
-0.3696024021 -0.1232008007 -0.3696024021 7.031447348e-06 -4.24567445e-05 5.922691005e-05 0.002003348318 -0.001726883423 -0.0001558587859 7.946158864e-05
-0.1232008007 -0.1232008007 -0.3696024021 5.485749946e-06 -1.902557626e-05 2.854466152e-05 0.002050547729 -0.001126855779 -9.909080441e-05 1.429173822e-05
0.1232008007 -0.1232008007 -0.3696024021 5.485750638e-06 1.902593643e-05 -2.85445288e-05 0.002050548142 -0.001126855331 -9.909081188e-05 1.429163175e-05
0.3696024021 -0.1232008007 -0.3696024021 7.031447829e-06 4.245686039e-05 -5.922691472e-05 0.002003348449 -0.001726883415 -0.0001558586957 7.946160308e-05
0.6160040034 -0.1232008007 -0.3696024021 1.967821174e-06 3.530972811e-05 -0.0002047249935 0.001213093565 -0.0006572362538 -1.336115778e-05 -0.0001446653462
0.8624056048 -0.1232008007 -0.3696024021 7.728564115e-07 3.350898287e-05 -0.0002576297336 0.0003389878924 -0.0007321214427 -0.0002095441326 -0.000102650564
-0.8624056048 0.1232008007 -0.3696024021 7.728507587e-07 3.350929257e-05 -0.000257629598 0.0003389870316 -0.0007321181142 0.0002095435785 0.0001026509824
-0.6160040034 0.1232008007 -0.3696024021 1.967820038e-06 3.530996047e-05 -0.0002047250743 0.001213094257 -0.0006572339361 1.336085716e-05 0.0001446660065
-0.3696024021 0.1232008007 -0.3696024021 7.031447426e-06 4.245664327e-05 -5.922718472e-05 0.00200334833 -0.001726883427 0.0001558588709 -7.946137535e-05
-0.1232008007 0.1232008007 -0.3696024021 5.485749804e-06 1.902548581e-05 -2.854476653e-05 0.002050547666 -0.001126855775 9.90914224e-05 -1.429170418e-05
0.1232008007 0.1232008007 -0.3696024021 5.485750496e-06 -1.902584598e-05 2.854463385e-05 0.00205054808 -0.001126855327 9.909142987e-05 -1.429159774e-05
0.3696024021 0.1232008007 -0.3696024021 7.031447908e-06 -4.245675918e-05 5.922718943e-05 0.002003348461 -0.001726883419 0.0001558587806 -7.946138983e-05
0.6160040034 0.1232008007 -0.3696024021 1.967821454e-06 -3.530987615e-05 0.0002047252593 0.001213093632 -0.000657236235 1.336073465e-05 0.0001446654653
0.8624056048 0.1232008007 -0.3696024021 7.728561722e-07 -3.350927872e-05 0.0002576297614 0.0003389879011 -0.000732121378 0.0002095438262 0.0001026502908
-0.6160040034 0.3696024021 -0.3696024021 1.608014289e-06 7.304146046e-05 2.386012298e-05 0.0008187341294 -0.0009205166323 -0.0002513119927 0.000145862146
-0.3696024021 0.3696024021 -0.3696024021 6.196997382e-06 0.000116648078 0.0001293762585 0.001724051271 -0.0017325907 0.0002452131429 -0.0003637301017
-0.1232008007 0.3696024021 -0.3696024021 4.489062629e-06 5.382127607e-05 3.027421534e-06 0.00169861449 -0.001256987144 3.5607487e-05 -0.0001399320471
0.1232008007 0.3696024021 -0.3696024021 4.489061691e-06 -5.382130103e-05 -3.027534508e-06 0.001698614576 -0.001256986698 3.560755232e-05 -0.0001399316173
0.3696024021 0.3696024021 -0.3696024021 6.196995285e-06 -0.0001166478405 -0.0001293760331 0.001724050948 -0.001732590542 0.0002452130574 -0.000363729718
0.6160040034 0.3696024021 -0.3696024021 1.608016143e-06 -7.304123151e-05 -2.38595943e-05 0.0008187335188 -0.0009205183174 -0.0002513120835 0.0001458613412
-0.6160040034 0.6160040034 -0.3696024021 7.153292989e-07 3.886238406e-05 0.000231438644 0.0001573992302 -0.0007836149641 -0.0001155877524 -8.982043164e-05
-0.3696024021 0.6160040034 -0.3696024021 3.091566276e-06 8.510159872e-05 8.390260027e-05 0.001004099048 -0.001292156559 0.0004283743049 -0.0004646464591
-0.1232008007 0.6160040034 -0.3696024021 2.751456245e-06 3.399100311e-05 -6.307584911e-05 0.0009733656306 -0.001315437114 -0.0001256707733 -0.000229594641
0.1232008007 0.6160040034 -0.3696024021 2.751454657e-06 -3.398975734e-05 6.307658407e-05 0.0009733653747 -0.001315436835 -0.0001256707573 -0.0002295938588
0.3696024021 0.6160040034 -0.3696024021 3.091563323e-06 -8.510065955e-05 -8.390162839e-05 0.00100409841 -0.00129215652 0.0004283741291 -0.0004646452778
0.6160040034 0.6160040034 -0.3696024021 7.153302574e-07 -3.886221371e-05 -0.0002314377166 0.0001573989327 -0.0007836159061 -0.0001155878323 -8.982043124e-05
-0.1232008007 0.8624056048 -0.3696024021 1.079710558e-06 -3.892847456e-05 -4.568613459e-05 6.877671916e-05 -0.001024788838 5.106505877e-05 -0.0001363006528
0.1232008007 0.8624056048 -0.3696024021 1.0797105e-06 3.892934111e-05 4.568799984e-05 6.877647979e-05 -0.001024788813 5.10647577e-05 -0.0001362999936
-0.3696024021 -0.8624056048 -0.1232008007 1.629457218e-06 0.0002083239264 0.0002574656355 0.0008487898808 -0.0002230201725 -0.0008639815032 5.58883598e-05
-0.1232008007 -0.8624056048 -0.1232008007 2.431554401e-07 0.0001129335846 0.0001339932139 0.0004151293492 0.0001000185522 -0.0001051628386 0.0001380288166
0.1232008007 -0.8624056048 -0.1232008007 2.431555092e-07 -0.0001129343491 -0.0001339941554 0.0004151292432 0.0001000185478 -0.0001051627826 0.000138027892
0.3696024021 -0.8624056048 -0.1232008007 1.629456445e-06 -0.0002083243036 -0.0002574664224 0.0008487896613 -0.0002230202979 -0.0008639810096 5.588687971e-05
-0.6160040034 -0.6160040034 -0.1232008007 5.085078355e-07 0.0001149913846 7.350356448e-05 0.0006107371953 -0.0002675522042 1.131818902e-05 0.0002125319689
-0.3696024021 -0.6160040034 -0.1232008007 9.071727736e-07 -1.179763139e-05 3.011942315e-05 0.0004593029639 0.0006007185156 -0.0005683028385 0.0001064722776
-0.1232008007 -0.6160040034 -0.1232008007 1.232395115e-06 -1.617006821e-06 3.436256319e-05 -0.0001720444306 0.001072748984 2.369963282e-05 -0.0002241882553
0.1232008007 -0.6160040034 -0.1232008007 1.232395683e-06 1.616046565e-06 -3.436300859e-05 -0.0001720445744 0.001072749049 2.369933562e-05 -0.0002241890674
0.3696024021 -0.6160040034 -0.1232008007 9.071724484e-07 1.179691446e-05 -3.011995174e-05 0.0004593025847 0.0006007184237 -0.0005683031509 0.0001064711672
0.6160040034 -0.6160040034 -0.1232008007 5.085080724e-07 -0.0001149916336 -7.35040587e-05 0.0006107369418 -0.0002675527714 1.131791236e-05 0.0002125322499
-0.8624056048 -0.3696024021 -0.1232008007 2.956349575e-06 0.000138997559 0.0003671483972 0.000894666369 -0.001294018585 -0.0005164534931 0.0002461606931
-0.6160040034 -0.3696024021 -0.1232008007 3.812546752e-07 -6.645451845e-05 0.0002108292141 0.0003786745399 0.0003351230731 0.0002500652932 -0.0001189747133
-0.3696024021 -0.3696024021 -0.1232008007 2.377714835e-06 -0.0001796279708 -4.881542797e-05 -0.0002945556591 0.001495705074 -0.0001108843315 -8.290741947e-05
-0.1232008007 -0.3696024021 -0.1232008007 4.750503233e-06 -8.603689254e-05 -3.029607752e-05 -0.00100449259 0.00190898863 -2.552711386e-05 -0.0002971337197
0.1232008007 -0.3696024021 -0.1232008007 4.750503735e-06 8.603650263e-05 3.0296018e-05 -0.001004492661 0.001908988697 -2.552731064e-05 -0.0002971339982
0.3696024021 -0.3696024021 -0.1232008007 2.377714239e-06 0.0001796275697 4.881523787e-05 -0.0002945560559 0.001495704849 -0.0001108844375 -8.290731451e-05
0.6160040034 -0.3696024021 -0.1232008007 3.812532607e-07 6.645424938e-05 -0.0002108295091 0.0003786739887 0.0003351220164 0.0002500653107 -0.0001189730906
0.8624056048 -0.3696024021 -0.1232008007 2.956355388e-06 -0.0001389976003 -0.0003671486523 0.0008946665184 -0.001294019889 -0.0005164544522 0.000246162688
-0.8624056048 -0.1232008007 -0.1232008007 4.603494164e-06 3.096523312e-06 0.0002698662025 0.001226417113 -0.001680619331 -0.0004491420028 1.865477738e-05
-0.6160040034 -0.1232008007 -0.1232008007 7.61988772e-07 -6.725929596e-05 0.0002170415811 0.0002082396139 0.000801281425 -1.26254162e-05 -0.0001574257008
-0.3696024021 -0.1232008007 -0.1232008007 4.951264368e-06 -0.0001045423894 6.079010791e-05 -0.0008579591818 0.002047018303 -5.024649288e-05 -8.796147615e-05
-0.1232008007 -0.1232008007 -0.1232008007 7.860024949e-06 -4.653810161e-05 1.04963173e-05 -0.001619839404 0.002284731505 -5.417936633e-05 -0.0001045745327
0.1232008007 -0.1232008007 -0.1232008007 7.860025047e-06 4.653808105e-05 -1.049630455e-05 -0.001619839398 0.00228473153 -5.417939267e-05 -0.0001045745448
0.3696024021 -0.1232008007 -0.1232008007 4.951263266e-06 0.0001045423105 -6.079014783e-05 -0.0008579595283 0.002047017906 -5.024639303e-05 -8.796117604e-05
0.6160040034 -0.1232008007 -0.1232008007 7.619858469e-07 6.725919614e-05 -0.0002170416826 0.0002082388915 0.0008012799694 -1.262520737e-05 -0.0001574246941
0.8624056048 -0.1232008007 -0.1232008007 4.603500713e-06 -3.096551874e-06 -0.0002698662935 0.001226417062 -0.001680621238 -0.0004491421883 1.865598564e-05
-0.8624056048 0.1232008007 -0.1232008007 4.603493947e-06 -3.096373394e-06 -0.0002698663922 0.001226417168 -0.001680619239 0.0004491418354 -1.865485514e-05
-0.6160040034 0.1232008007 -0.1232008007 7.619889385e-07 6.725894046e-05 -0.0002170418862 0.0002082397343 0.0008012814311 1.262525451e-05 0.0001574257832
-0.3696024021 0.1232008007 -0.1232008007 4.951263985e-06 0.0001045417306 -6.079022695e-05 -0.0008579591214 0.002047018259 5.024656872e-05 8.796155169e-05
-0.1232008007 0.1232008007 -0.1232008007 7.860024855e-06 4.653777173e-05 -1.049631714e-05 -0.001619839431 0.002284731466 5.417966898e-05 0.0001045744939
0.1232008007 0.1232008007 -0.1232008007 7.860024953e-06 -4.653775117e-05 1.04963044e-05 -0.001619839426 0.002284731491 5.417969531e-05 0.000104574506
0.3696024021 0.1232008007 -0.1232008007 4.951262883e-06 -0.0001045416517 6.079026688e-05 -0.0008579594679 0.002047017863 5.024646887e-05 8.796125154e-05
0.6160040034 0.1232008007 -0.1232008007 7.619860134e-07 -6.725884063e-05 0.0002170419876 0.0002082390119 0.0008012799755 1.262504571e-05 0.0001574247766
0.8624056048 0.1232008007 -0.1232008007 4.603500496e-06 3.096401954e-06 0.0002698664832 0.001226417118 -0.001680621147 0.000449142021 -1.865606337e-05
-0.8624056048 0.3696024021 -0.1232008007 2.956349052e-06 -0.0001389973371 -0.000367148469 0.0008946664304 -0.001294018362 0.0005164533947 -0.0002461608068
-0.6160040034 0.3696024021 -0.1232008007 3.81255108e-07 6.645450574e-05 -0.0002108294453 0.0003786748013 0.0003351231416 -0.0002500654574 0.0001189747599
-0.3696024021 0.3696024021 -0.1232008007 2.377714448e-06 0.0001796277115 4.88152507e-05 -0.0002945555061 0.001495705007 0.0001108843257 8.290751124e-05
-0.1232008007 0.3696024021 -0.1232008007 4.750502994e-06 8.603673803e-05 3.029602541e-05 -0.001004492631 0.001908988545 2.552728079e-05 0.0002971337621
0.1232008007 0.3696024021 -0.1232008007 4.750503496e-06 -8.603634811e-05 -3.029596589e-05 -0.001004492702 0.001908988612 2.552747758e-05 0.0002971340407
0.3696024021 0.3696024021 -0.1232008007 2.377713852e-06 -0.0001796273104 -4.88150606e-05 -0.0002945559029 0.001495704782 0.0001108844318 8.290740628e-05
0.6160040034 0.3696024021 -0.1232008007 3.812536936e-07 -6.645423666e-05 0.0002108297403 0.0003786742501 0.000335122085 -0.0002500654749 0.0001189731372
0.8624056048 0.3696024021 -0.1232008007 2.956354866e-06 0.0001389973784 0.0003671487241 0.0008946665797 -0.001294019666 0.0005164543538 -0.0002461628016
-0.6160040034 0.6160040034 -0.1232008007 5.085078989e-07 -0.0001149911679 -7.350355798e-05 0.0006107373554 -0.0002675520244 -1.131832223e-05 -0.0002125319967
-0.3696024021 0.6160040034 -0.1232008007 9.071728341e-07 1.179777031e-05 -3.011950845e-05 0.0004593031206 0.0006007185292 0.0005683027534 -0.0001064722243
-0.1232008007 0.6160040034 -0.1232008007 1.232395022e-06 1.617043e-06 -3.436261063e-05 -0.0001720444266 0.001072748923 -2.36996382e-05 0.0002241883319
0.1232008007 0.6160040034 -0.1232008007 1.23239559e-06 -1.61608274e-06 3.436305603e-05 -0.0001720445705 0.001072748989 -2.369934099e-05 0.000224189144
0.3696024021 0.6160040034 -0.1232008007 9.071725089e-07 -1.179705336e-05 3.012003703e-05 0.0004593027414 0.0006007184372 0.0005683030658 -0.0001064711139
0.6160040034 0.6160040034 -0.1232008007 5.085081358e-07 0.0001149914169 7.350405219e-05 0.0006107371019 -0.0002675525916 -1.131804557e-05 -0.0002125322777
-0.3696024021 0.8624056048 -0.1232008007 1.629457049e-06 -0.0002083237809 -0.0002574655156 0.0008487899425 -0.0002230200859 0.0008639814353 -5.588840576e-05
-0.1232008007 0.8624056048 -0.1232008007 2.431554199e-07 -0.0001129335068 -0.0001339931837 0.0004151293775 0.0001000185622 0.000105162756 -0.0001380288072
0.1232008007 0.8624056048 -0.1232008007 2.43155489e-07 0.0001129342713 0.0001339941252 0.0004151292715 0.0001000185578 0.0001051627 -0.0001380278825
0.3696024021 0.8624056048 -0.1232008007 1.629456276e-06 0.0002083241581 0.0002574663024 0.0008487897231 -0.0002230202112 0.0008639809417 -5.588692564e-05
-0.3696024021 -0.8624056048 0.1232008007 1.046938806e-06 3.919638822e-05 1.018823812e-05 -0.0003659245916 0.0008238344647 -0.0003531693815 -0.0003285818087
-0.1232008007 -0.8624056048 0.1232008007 8.688187274e-07 9.800940779e-06 -4.012285567e-06 -0.0004444962796 0.0004395813427 0.000667188371 -0.0001809904657
0.1232008007 -0.8624056048 0.1232008007 8.68819039e-07 -9.800176267e-06 4.013227144e-06 -0.0004444961735 0.0004395813471 0.0006671884271 -0.0001809913904
0.3696024021 -0.8624056048 0.1232008007 1.04693943e-06 -3.919601107e-05 -1.018745128e-05 -0.0003659243722 0.0008238345901 -0.0003531688879 -0.0003285832888
-0.6160040034 -0.6160040034 0.1232008007 2.157085983e-06 0.0001145970745 -0.0004250234634 -0.000771358116 0.0008851270709 0.0007488168928 -0.0001553658123
-0.3696024021 -0.6160040034 0.1232008007 1.828097355e-06 8.634569004e-05 -0.0003117240484 -0.001098248253 0.0006221343254 0.0001118682157 -0.0003431545614
-0.1232008007 -0.6160040034 0.1232008007 1.157684096e-06 4.305305345e-05 -6.776059913e-05 -0.0008722702313 -4.554357244e-05 0.0005213506336 -0.0003413253218
0.1232008007 -0.6160040034 0.1232008007 1.157684073e-06 -4.305209322e-05 6.776104454e-05 -0.0008722700875 -4.554363835e-05 0.0005213503364 -0.0003413261339
0.3696024021 -0.6160040034 0.1232008007 1.828097534e-06 -8.634497313e-05 0.000311724577 -0.001098247874 0.0006221344173 0.0001118679034 -0.0003431556718
0.6160040034 -0.6160040034 0.1232008007 2.157086458e-06 -0.0001145968255 0.0004250239576 -0.0007713578625 0.0008851276381 0.0007488166162 -0.0001553655313
-0.8624056048 -0.3696024021 0.1232008007 2.729070366e-06 9.438067025e-05 -0.0003007816362 -0.000701699716 0.001405310454 -0.0003100266102 0.0002574812613
-0.6160040034 -0.3696024021 0.1232008007 4.319342434e-06 0.0001372049933 -0.0004801184379 -0.001524861018 0.001041106423 0.0007833925334 -0.0002172462704
-0.3696024021 -0.3696024021 0.1232008007 1.944684431e-06 0.0001414925952 -0.0002711151203 -0.001320226389 -0.0001275013096 0.0002569623699 -0.0001608630026
-0.1232008007 -0.3696024021 0.1232008007 1.787058258e-06 7.680168842e-05 -5.068889238e-05 -0.0006383704195 -0.001153243621 0.0001943087455 -5.785208533e-05
0.1232008007 -0.3696024021 0.1232008007 1.787058223e-06 -7.680129852e-05 5.068895191e-05 -0.0006383703481 -0.001153243688 0.0001943085487 -5.785236388e-05
0.3696024021 -0.3696024021 0.1232008007 1.944683227e-06 -0.0001414921941 0.0002711153105 -0.001320225993 -0.0001275010844 0.0002569622639 -0.0001608628977
0.6160040034 -0.3696024021 0.1232008007 4.319342485e-06 -0.0001372047242 0.0004801187329 -0.001524860466 0.001041107479 0.0007833925509 -0.0002172446477
0.8624056048 -0.3696024021 0.1232008007 2.729076008e-06 -9.438062897e-05 0.0003007818913 -0.0007016998653 0.001405311758 -0.0003100275694 0.0002574832562
-0.8624056048 -0.1232008007 0.1232008007 5.38271577e-06 2.144105891e-05 -3.960876175e-05 -0.001301626536 0.001888691685 -0.0003420866942 4.770712495e-05
-0.6160040034 -0.1232008007 0.1232008007 4.328118294e-06 5.721214672e-05 -9.170596461e-05 -0.001846751875 0.0009299045531 0.0001541173021 -0.0001321664515
-0.3696024021 -0.1232008007 0.1232008007 2.18656214e-06 8.150878327e-05 -2.93163711e-05 -0.001214771677 -0.0008367023472 5.552455166e-05 -1.532930804e-05
-0.1232008007 -0.1232008007 0.1232008007 4.374285566e-06 4.724134264e-05 9.529672672e-06 -0.0003249961731 -0.002061362749 6.214610573e-05 0.0001151606334
0.1232008007 -0.1232008007 0.1232008007 4.374285664e-06 -4.724132209e-05 -9.529685413e-06 -0.0003249961788 -0.002061362774 6.214607939e-05 0.0001151606214
0.3696024021 -0.1232008007 0.1232008007 2.186560626e-06 -8.150870441e-05 2.931641103e-05 -0.00121477133 -0.0008367019508 5.552465151e-05 -1.532900792e-05
0.6160040034 -0.1232008007 0.1232008007 4.328118139e-06 -5.72120469e-05 9.170606606e-05 -0.001846751153 0.0009299060087 0.0001541175109 -0.0001321654448
0.8624056048 -0.1232008007 0.1232008007 5.382723092e-06 -2.144103035e-05 3.960885275e-05 -0.001301626486 0.001888693593 -0.0003420868798 4.77083332e-05
-0.8624056048 0.1232008007 0.1232008007 5.382716057e-06 -2.1440909e-05 3.960857209e-05 -0.00130162648 0.001888691777 0.0003420868616 -4.770704713e-05
-0.6160040034 0.1232008007 0.1232008007 4.328117774e-06 -5.721250224e-05 9.170565958e-05 -0.001846751755 0.0009299045592 -0.0001541171404 0.000132166369
-0.3696024021 0.1232008007 0.1232008007 2.186562172e-06 -8.15094421e-05 2.93162521e-05 -0.001214771616 -0.0008367023903 -5.552462749e-05 1.532923248e-05
-0.1232008007 0.1232008007 0.1232008007 4.374285803e-06 -4.724167252e-05 -9.529672501e-06 -0.0003249962003 -0.002061362788 -6.214640836e-05 -0.0001151605946
0.1232008007 0.1232008007 0.1232008007 4.374285901e-06 4.724165196e-05 9.529685228e-06 -0.0003249962061 -0.002061362813 -6.214638203e-05 -0.0001151605826
0.3696024021 0.1232008007 0.1232008007 2.186560658e-06 8.150936324e-05 -2.931629203e-05 -0.00121477127 -0.000836701994 -5.552472735e-05 1.532893234e-05
0.6160040034 0.1232008007 0.1232008007 4.328117619e-06 5.721240241e-05 -9.170576104e-05 -0.001846751033 0.0009299060148 -0.0001541173492 0.0001321653623
0.8624056048 0.1232008007 0.1232008007 5.38272338e-06 2.144088045e-05 -3.960866309e-05 -0.00130162643 0.001888693684 0.0003420870472 -4.770825538e-05
-0.8624056048 0.3696024021 0.1232008007 2.729070825e-06 -9.438044838e-05 0.0003007815643 -0.0007016996547 0.001405310677 0.0003100267086 -0.0002574811476
-0.6160040034 0.3696024021 0.1232008007 4.319341284e-06 -0.000137205006 0.0004801182068 -0.001524860756 0.001041106491 -0.0007833923692 0.0002172462238
-0.3696024021 0.3696024021 0.1232008007 1.944683989e-06 -0.0001414928545 0.0002711149431 -0.001320226236 -0.0001275013766 -0.0002569623641 0.0001608629109
-0.1232008007 0.3696024021 0.1232008007 1.787058585e-06 -7.680184294e-05 5.068884026e-05 -0.0006383704603 -0.001153243706 -0.0001943089124 5.785204294e-05
0.1232008007 0.3696024021 0.1232008007 1.787058549e-06 7.680145305e-05 -5.068889981e-05 -0.000638370389 -0.001153243773 -0.0001943087156 5.785232147e-05
0.3696024021 0.3696024021 0.1232008007 1.944682785e-06 0.0001414924534 -0.0002711151332 -0.00132022584 -0.0001275011515 -0.0002569622581 0.0001608628059
0.6160040034 0.3696024021 0.1232008007 4.319341335e-06 0.0001372047369 -0.0004801185018 -0.001524860205 0.001041107548 -0.0007833923867 0.0002172446011
0.8624056048 0.3696024021 0.1232008007 2.729076467e-06 9.438040711e-05 -0.0003007818195 -0.000701699804 0.001405311981 0.0003100276678 -0.0002574831425
-0.6160040034 0.6160040034 0.1232008007 2.157085819e-06 -0.0001145968578 0.0004250234699 -0.0007713579559 0.0008851272507 -0.0007488167596 0.0001553658401
-0.3696024021 0.6160040034 0.1232008007 1.828096895e-06 -8.634555114e-05 0.0003117239631 -0.001098248096 0.0006221343389 -0.0001118681307 0.000343154508
-0.1232008007 0.6160040034 0.1232008007 1.157684027e-06 -4.305301727e-05 6.776055168e-05 -0.0008722702274 -4.554363288e-05 -0.0005213506283 0.0003413252452
0.1232008007 0.6160040034 0.1232008007 1.157684005e-06 4.305205705e-05 -6.776099708e-05 -0.0008722700836 -4.55436988e-05 -0.0005213503311 0.0003413260573
0.3696024021 0.6160040034 0.1232008007 1.828097074e-06 8.634483424e-05 -0.0003117244917 -0.001098247717 0.0006221344308 -0.0001118678183 0.0003431556185
0.6160040034 0.6160040034 0.1232008007 2.157086294e-06 0.0001145966088 -0.0004250239641 -0.0007713577024 0.0008851278179 -0.0007488164829 0.0001553655591
-0.3696024021 0.8624056048 0.1232008007 1.046938968e-06 -3.919624271e-05 -1.018811818e-05 -0.0003659245299 0.0008238345514 0.0003531694495 0.0003285818545
-0.1232008007 0.8624056048 0.1232008007 8.68818596e-07 -9.800863012e-06 4.012315757e-06 -0.0004444962513 0.0004395813527 -0.0006671882884 0.0001809904562
0.1232008007 0.8624056048 0.1232008007 8.688189077e-07 9.80009849e-06 -4.013257311e-06 -0.0004444961453 0.0004395813571 -0.0006671883444 0.0001809913808
0.3696024021 0.8624056048 0.1232008007 1.046939592e-06 3.919586555e-05 1.018733136e-05 -0.0003659243105 0.0008238346767 0.0003531689558 0.0003285833347
-0.1232008007 -0.8624056048 0.3696024021 6.96679094e-07 -9.611689562e-05 -2.304909345e-05 -7.778994906e-05 -0.000459641966 0.0006720584824 0.0001338833779
0.1232008007 -0.8624056048 0.3696024021 6.966795609e-07 9.611776217e-05 2.305095868e-05 -7.778970968e-05 -0.0004596419913 0.0006720587835 0.0001338827187
-0.6160040034 -0.6160040034 0.3696024021 1.385028186e-06 -0.0002523351923 -2.41938122e-06 0.0001465302741 -0.0007070849458 0.000889559847 -9.269476899e-05
-0.3696024021 -0.6160040034 0.3696024021 1.096614063e-06 -0.0002002764307 0.0002799538678 0.0005259399385 -0.0007645161371 -0.0003148603339 0.0001337702263
-0.1232008007 -0.6160040034 0.3696024021 2.158224425e-06 -5.835519102e-05 0.0001689659414 0.001086068381 -0.0008439528372 -0.000297147116 0.0003823248334
0.1232008007 -0.6160040034 0.3696024021 2.15822476e-06 5.835643677e-05 -0.0001689652064 0.001086068637 -0.0008439531166 -0.000297147132 0.0003823240512
0.3696024021 -0.6160040034 0.3696024021 1.096614199e-06 0.0002002773698 -0.0002799528959 0.0005259405767 -0.0007645161757 -0.000314860158 0.0001337690451
0.6160040034 -0.6160040034 0.3696024021 1.385027174e-06 0.0002523353626 2.420308556e-06 0.0001465305716 -0.0007070840037 0.0008895599269 -9.269476936e-05
-0.6160040034 -0.3696024021 0.3696024021 4.111853873e-06 -9.869828674e-05 0.0001858637065 0.001163239782 -0.001575169881 0.000479995753 -5.370600882e-05
-0.3696024021 -0.3696024021 0.3696024021 5.817660388e-06 -1.358207242e-05 0.0004924042623 0.001807176221 -0.001359387632 -0.0005754417675 0.0003606384663
-0.1232008007 -0.3696024021 0.3696024021 6.215717858e-06 4.021029416e-05 0.0002483476894 0.002282660629 -0.0006951288487 -0.0003951579026 0.0005500281675
0.1232008007 -0.3696024021 0.3696024021 6.215717719e-06 -4.021031913e-05 -0.0002483478024 0.002282660542 -0.0006951292943 -0.000395157968 0.0005500277377
0.3696024021 -0.3696024021 0.3696024021 5.817661395e-06 1.358230996e-05 -0.0004924040369 0.001807176544 -0.00135938779 -0.0005754416821 0.0003606380826
0.6160040034 -0.3696024021 0.3696024021 4.111849834e-06 9.869851569e-05 -0.0001858631778 0.001163240393 -0.001575168196 0.0004799958439 -5.370520402e-05
-0.8624056048 -0.1232008007 0.3696024021 1.26042854e-07 -7.351810293e-05 -1.475741769e-05 -0.0002326495741 0.0002373698641 -9.878705342e-05 1.382036749e-05
-0.6160040034 -0.1232008007 0.3696024021 8.793431885e-06 -3.178830331e-05 0.0001310334458 0.001970623417 -0.002211280036 -4.015589486e-05 -2.287102634e-05
-0.3696024021 -0.1232008007 0.3696024021 9.977183836e-06 4.024373496e-05 0.0002613206459 0.00269695188 -0.001577131896 -0.0003121831014 0.0002211855521
-0.1232008007 -0.1232008007 0.3696024021 7.83324709e-06 4.551608784e-05 0.0001254132506 0.002760208551 -0.0002484718444 -1.388597007e-05 0.0003671029456
0.1232008007 -0.1232008007 0.3696024021 7.833245017e-06 -4.551644802e-05 -0.0001254133833 0.002760208137 -0.0002484722923 -1.388597754e-05 0.0003671028391
0.3696024021 -0.1232008007 0.3696024021 9.977183112e-06 -4.024385086e-05 -0.0002613206412 0.002696951749 -0.001577131904 -0.0003121830111 0.0002211855666
0.6160040034 -0.1232008007 0.3696024021 8.793424103e-06 3.178838764e-05 -0.0001310332608 0.001970624041 -0.002211277737 -4.015577235e-05 -2.287048512e-05
0.8624056048 -0.1232008007 0.3696024021 1.26044883e-07 7.351811679e-05 1.475758108e-05 -0.0002326504436 0.0002373731279 -9.878730117e-05 1.382105908e-05
-0.8624056048 0.1232008007 0.3696024021 1.260429764e-07 7.351839873e-05 1.47573898e-05 -0.0002326495654 0.0002373699289 9.878735987e-05 -1.382009423e-05
-0.6160040034 0.1232008007 0.3696024021 8.793432173e-06 3.17884513e-05 -0.0001310337116 0.001970623483 -0.002211280017 4.015631805e-05 2.287090718e-05
-0.3696024021 0.1232008007 0.3696024021 9.977184107e-06 -4.024383621e-05 -0.0002613209205 0.002696951892 -0.0015771319 0.0003121830165 -0.0002211857655
-0.1232008007 0.1232008007 0.3696024021 7.833246785e-06 -4.551617831e-05 -0.0001254133556 0.002760208488 -0.0002484718404 1.388535209e-05 -0.0003671029796
0.1232008007 0.1232008007 0.3696024021 7.833244712e-06 4.551653847e-05 0.0001254134883 0.002760208074 -0.0002484722882 1.388535955e-05 -0.0003671028731
0.3696024021 0.1232008007 0.3696024021 9.977183383e-06 4.02439521e-05 0.0002613209158 0.002696951761 -0.001577131908 0.0003121829262 -0.0002211857799
0.6160040034 0.1232008007 0.3696024021 8.793424391e-06 -3.178853562e-05 0.0001310335266 0.001970624108 -0.002211277718 4.015619553e-05 2.287036597e-05
0.8624056048 0.1232008007 0.3696024021 1.260450054e-07 -7.351841259e-05 -1.475755319e-05 -0.0002326504349 0.0002373731927 9.878760763e-05 -1.382078581e-05
-0.6160040034 0.3696024021 0.3696024021 4.111853582e-06 9.86985651e-05 -0.0001858637964 0.001163239911 -0.00157516979 -0.0004799953481 5.370598876e-05
-0.3696024021 0.3696024021 0.3696024021 5.81766096e-06 1.358220008e-05 -0.0004924044673 0.001807176252 -0.001359387629 0.0005754418634 -0.0003606386744
-0.1232008007 0.3696024021 0.3696024021 6.215717254e-06 -4.021027627e-05 -0.0002483477853 0.002282660496 -0.0006951288524 0.0003951576068 -0.0005500283353
0.1232008007 0.3696024021 0.3696024021 6.215717115e-06 4.021030125e-05 0.0002483478982 0.002282660409 -0.000695129298 0.0003951576721 -0.0005500279056
0.3696024021 0.3696024021 0.3696024021 5.817661967e-06 -1.358243761e-05 0.0004924042418 0.001807176575 -0.001359387787 0.0005754417779 -0.0003606382907
0.6160040034 0.3696024021 0.3696024021 4.111849543e-06 -9.869879404e-05 0.0001858632677 0.001163240522 -0.001575168105 -0.0004799954389 5.370518396e-05
-0.6160040034 0.6160040034 0.3696024021 1.385027686e-06 0.0002523354522 2.419514077e-06 0.0001465303155 -0.0007070847984 -0.0008895595863 9.269491904e-05
-0.3696024021 0.6160040034 0.3696024021 1.096614339e-06 0.0002002767091 -0.0002799538771 0.000525939965 -0.0007645161062 0.0003148605826 -0.0001337703074
-0.1232008007 0.6160040034 0.3696024021 2.158224454e-06 5.835529705e-05 -0.0001689659683 0.001086068285 -0.0008439528617 0.0002971471979 -0.0003823250001
0.1232008007 0.6160040034 0.3696024021 2.15822479e-06 -5.835654279e-05 0.0001689652334 0.001086068541 -0.0008439531411 0.0002971472139 -0.000382324218
0.3696024021 0.6160040034 0.3696024021 1.096614474e-06 -0.0002002776483 0.0002799529052 0.0005259406032 -0.0007645161448 0.0003148604068 -0.0001337691262
0.6160040034 0.6160040034 0.3696024021 1.385026673e-06 -0.0002523356225 -2.420441398e-06 0.0001465306131 -0.0007070838564 -0.0008895596662 9.269491942e-05
-0.1232008007 0.8624056048 0.3696024021 6.966788775e-07 9.611694878e-05 2.30491646e-05 -7.778996853e-05 -0.0004596419895 -0.0006720583009 -0.0001338833377
0.1232008007 0.8624056048 0.3696024021 6.966793443e-07 -9.611781534e-05 -2.305102981e-05 -7.778972915e-05 -0.0004596420149 -0.000672058602 -0.0001338826786
-0.3696024021 -0.6160040034 0.6160040034 1.378959468e-06 -3.934460028e-05 0.0001658164438 -0.0004893916647 0.0006855406269 -0.0007962206547 8.049157887e-05
-0.1232008007 -0.6160040034 0.6160040034 1.0571059e-06 -6.050445623e-07 -1.560993848e-05 -0.000395348623 0.0006908747018 -0.0006503766067 1.624024913e-05
0.1232008007 -0.6160040034 0.6160040034 1.057104594e-06 6.049622899e-07 1.560963312e-05 -0.0003953483856 0.0006908741853 -0.0006503763157 1.623975863e-05
0.3696024021 -0.6160040034 0.6160040034 1.378956776e-06 3.934456545e-05 -0.0001658163823 -0.0004893910264 0.0006855400321 -0.0007962199518 8.049089759e-05
-0.6160040034 -0.3696024021 0.6160040034 7.566274846e-07 -0.0001729161765 0.0003902440406 0.0005458898211 -0.0004566916521 -0.0002571377072 -4.188444762e-05
-0.3696024021 -0.3696024021 0.6160040034 7.249856712e-06 -4.99705399e-05 0.0001470418148 -0.001375676633 0.002120317235 -0.0009143408994 3.857079417e-05
-0.1232008007 -0.3696024021 0.6160040034 8.972158014e-06 3.786651186e-05 -7.397737827e-05 -0.001972227654 0.002202210571 0.000284739577 -0.000380475423
0.1232008007 -0.3696024021 0.6160040034 8.972154716e-06 -3.786799009e-05 7.397623433e-05 -0.001972227972 0.002202209453 0.0002847397354 -0.0003804758661
0.3696024021 -0.3696024021 0.6160040034 7.249849307e-06 4.996975644e-05 -0.0001470424309 -0.001375676821 0.002120315529 -0.0009143404901 3.85702268e-05
0.6160040034 -0.3696024021 0.6160040034 7.566273037e-07 0.000172916 -0.0003902440669 0.0005458898661 -0.0004566915909 -0.0002571374681 -4.188432023e-05
-0.6160040034 -0.1232008007 0.6160040034 8.156902169e-07 -8.936680212e-05 0.0001173697675 0.0007384824915 -0.0004023812047 -0.0002876050691 -6.280469203e-05
-0.3696024021 -0.1232008007 0.6160040034 1.578380001e-05 -2.591755861e-05 -1.497255659e-06 -0.002197721627 0.00328781017 -0.0003787346056 3.17441049e-06
-0.1232008007 -0.1232008007 0.6160040034 2.408533398e-05 3.219705227e-05 -7.241308949e-05 -0.003559563517 0.003330585117 0.0005530576032 -9.94550802e-05
0.1232008007 -0.1232008007 0.6160040034 2.408533119e-05 -3.219810983e-05 7.241250532e-05 -0.003559564425 0.003330583717 0.0005530576472 -9.945524757e-05
0.3696024021 -0.1232008007 0.6160040034 1.578379051e-05 2.591696835e-05 1.496906976e-06 -0.00219772278 0.003287807975 -0.0003787344823 3.174186094e-06
0.6160040034 -0.1232008007 0.6160040034 8.156896289e-07 8.93666609e-05 -0.00011736983 0.0007384821325 -0.000402381229 -0.0002876049769 -6.280458265e-05
-0.6160040034 0.1232008007 0.6160040034 8.156905276e-07 8.936725891e-05 -0.0001173696783 0.0007384824952 -0.0004023811841 0.0002876055036 6.280478077e-05
-0.3696024021 0.1232008007 0.6160040034 1.578380037e-05 2.591799102e-05 1.497112465e-06 -0.002197721666 0.003287810181 0.0003787347372 -3.174641887e-06
-0.1232008007 0.1232008007 0.6160040034 2.4085335e-05 -3.219689018e-05 7.241299295e-05 -0.003559563606 0.003330585125 -0.0005530579627 9.945483562e-05
0.1232008007 0.1232008007 0.6160040034 2.408533221e-05 3.219794774e-05 -7.24124088e-05 -0.003559564514 0.003330583726 -0.0005530580067 9.945500298e-05
0.3696024021 0.1232008007 0.6160040034 1.578379087e-05 -2.591740076e-05 -1.49676379e-06 -0.002197722818 0.003287807986 0.0003787346138 -3.174417495e-06
0.6160040034 0.1232008007 0.6160040034 8.156899396e-07 -8.936711769e-05 0.0001173697407 0.0007384821362 -0.0004023812084 0.0002876054114 6.280467139e-05
-0.6160040034 0.3696024021 0.6160040034 7.566275843e-07 0.0001729165365 -0.0003902438226 0.0005458898137 -0.0004566916067 0.0002571380556 4.188463439e-05
-0.3696024021 0.3696024021 0.6160040034 7.249857429e-06 4.997096535e-05 -0.0001470418182 -0.001375676712 0.002120317232 0.0009143411513 -3.857091504e-05
-0.1232008007 0.3696024021 0.6160040034 8.972158554e-06 -3.78663403e-05 7.39773349e-05 -0.001972227849 0.002202210559 -0.0002847396334 0.0003804751685
0.1232008007 0.3696024021 0.6160040034 8.972155256e-06 3.786781855e-05 -7.397619096e-05 -0.001972228167 0.002202209442 -0.0002847397918 0.0003804756115
0.3696024021 0.3696024021 0.6160040034 7.249850025e-06 -4.997018187e-05 0.0001470424343 -0.0013756769 0.002120315526 0.000914340742 -3.857034769e-05
0.6160040034 0.3696024021 0.6160040034 7.566274034e-07 -0.00017291636 0.0003902438489 0.0005458898588 -0.0004566915455 0.0002571378165 4.1884507e-05
-0.3696024021 0.6160040034 0.6160040034 1.378959838e-06 3.934485361e-05 -0.0001658162484 -0.0004893917108 0.0006855405829 0.000796220931 -8.049151815e-05
-0.1232008007 0.6160040034 0.6160040034 1.057106161e-06 6.05181503e-07 1.560998694e-05 -0.0003953487535 0.0006908746158 0.0006503768161 -1.624033591e-05
0.1232008007 0.6160040034 0.6160040034 1.057104856e-06 -6.050992167e-07 -1.560968155e-05 -0.0003953485161 0.0006908740993 0.0006503765252 -1.623984542e-05
0.3696024021 0.6160040034 0.6160040034 1.378957146e-06 -3.934481877e-05 0.0001658161869 -0.0004893910725 0.0006855399881 0.0007962202281 -8.049083687e-05
-0.1232008007 -0.3696024021 0.8624056048 1.040415841e-05 0.0001842486875 -0.0005583308574 0.0007659158342 -0.002721673344 0.0013492726 -0.0004937692593
0.1232008007 -0.3696024021 0.8624056048 1.040416393e-05 -0.0001842497257 0.0005583284562 0.0007659159903 -0.002721674589 0.001349272823 -0.000493769465
-0.3696024021 -0.1232008007 0.8624056048 3.146790382e-06 0.0001217542427 -0.0006214021489 -0.001489615564 0.0007031729709 7.774082786e-05 -0.0001624046343
-0.1232008007 -0.1232008007 0.8624056048 2.633739158e-05 0.0001086345556 -0.0004177785767 0.001246278201 -0.004835876862 0.001084414806 -0.0001902138896
0.1232008007 -0.1232008007 0.8624056048 2.633740791e-05 -0.0001086354665 0.0004177774281 0.001246277875 -0.004835878692 0.001084414883 -0.0001902139762
0.3696024021 -0.1232008007 0.8624056048 3.146784293e-06 -0.0001217546663 0.0006214013881 -0.001489615331 0.000703169686 7.774100887e-05 -0.0001624047472
-0.3696024021 0.1232008007 0.8624056048 3.146790618e-06 -0.0001217539191 0.0006214024293 -0.001489615587 0.0007031729381 -7.774055905e-05 0.00016240459
-0.1232008007 0.1232008007 0.8624056048 2.633739164e-05 -0.0001086343789 0.0004177786547 0.00124627815 -0.004835876913 -0.001084414684 0.0001902136899
0.1232008007 0.1232008007 0.8624056048 2.633740797e-05 0.0001086352898 -0.0004177775061 0.001246277824 -0.004835878744 -0.001084414762 0.0001902137765
0.3696024021 0.1232008007 0.8624056048 3.146784529e-06 0.0001217543427 -0.0006214016685 -0.001489615354 0.0007031696532 -7.774074006e-05 0.0001624047029
-0.1232008007 0.3696024021 0.8624056048 1.040415845e-05 -0.0001842485886 0.0005583309779 0.000765915754 -0.00272167348 -0.001349272393 0.0004937691408
0.1232008007 0.3696024021 0.8624056048 1.040416397e-05 0.0001842496267 -0.0005583285766 0.0007659159101 -0.002721674725 -0.001349272616 0.0004937693464
