x y z |F|^2 Fx Fy Fz
-0.1232008007 -0.3696024021 -0.8624056048 2.606984607e-05 0.001676786678 0.004268489387 0.002244600379
0.1232008007 -0.3696024021 -0.8624056048 2.606999444e-05 -0.001676791992 0.004268501591 0.00224460625
-0.3696024021 -0.1232008007 -0.8624056048 1.91922866e-05 -0.001019499725 0.001642924326 -0.003931120268
-0.1232008007 -0.1232008007 -0.8624056048 4.178461931e-05 0.005299687415 0.003282103591 0.001710476141
0.1232008007 -0.1232008007 -0.8624056048 4.178468688e-05 -0.005299684411 0.003282113905 0.00171048541
0.3696024021 -0.1232008007 -0.8624056048 1.919227099e-05 0.001019502129 0.001642913225 -0.0039311223
-0.3696024021 0.1232008007 -0.8624056048 1.919229456e-05 -0.001019500112 -0.001642924371 -0.003931121162
-0.1232008007 0.1232008007 -0.8624056048 4.178462775e-05 0.00529968763 -0.003282104605 0.001710475998
0.1232008007 0.1232008007 -0.8624056048 4.178469532e-05 -0.005299684627 -0.003282114918 0.001710485266
0.3696024021 0.1232008007 -0.8624056048 1.919227896e-05 0.001019502517 -0.00164291327 -0.003931123193
-0.1232008007 0.3696024021 -0.8624056048 2.606984138e-05 0.001676787106 -0.004268488974 0.002244599799
0.1232008007 0.3696024021 -0.8624056048 2.606998974e-05 -0.00167679242 -0.004268501179 0.002244605669
-0.3696024021 -0.6160040034 -0.6160040034 2.22145206e-06 -0.0006715577487 0.0008767863906 -0.001000853573
-0.1232008007 -0.6160040034 -0.6160040034 1.006794767e-05 0.0006244943556 0.002243479212 -0.002155169483
0.1232008007 -0.6160040034 -0.6160040034 1.006796714e-05 -0.0006244897023 0.002243483984 -0.00215517038
0.3696024021 -0.6160040034 -0.6160040034 2.221465089e-06 0.0006715554017 0.0008767918252 -0.001000856896
-0.6160040034 -0.3696024021 -0.6160040034 8.599379725e-05 -0.003190393287 0.008507111908 -0.001855865002
-0.3696024021 -0.3696024021 -0.6160040034 6.136686742e-06 -2.544328966e-05 0.002452895265 -0.0003454622993
-0.1232008007 -0.3696024021 -0.6160040034 1.74176437e-05 0.0007675126314 -0.001254782563 -0.003905648317
0.1232008007 -0.3696024021 -0.6160040034 1.741768275e-05 -0.0007675030053 -0.001254784224 -0.003905654675
0.3696024021 -0.3696024021 -0.6160040034 6.13664024e-06 2.544283962e-05 0.002452884118 -0.000345474173
0.6160040034 -0.3696024021 -0.6160040034 8.599379804e-05 0.003190381443 0.008507113679 -0.001855877459
-0.6160040034 -0.1232008007 -0.6160040034 6.973375233e-05 -0.006218604553 0.003765750796 -0.004108750501
-0.3696024021 -0.1232008007 -0.6160040034 2.770271418e-06 8.185235431e-05 0.001491029418 -0.0007351210013
-0.1232008007 -0.1232008007 -0.6160040034 1.318092158e-05 0.000221876671 -0.0009503434864 -0.003496932882
0.1232008007 -0.1232008007 -0.6160040034 1.318096823e-05 -0.000221869321 -0.0009503437693 -0.003496939942
0.3696024021 -0.1232008007 -0.6160040034 2.770262614e-06 -8.185112594e-05 0.001491020787 -0.0007351326546
0.6160040034 -0.1232008007 -0.6160040034 6.973367576e-05 0.006218580958 0.003765750158 -0.00410877748
-0.6160040034 0.1232008007 -0.6160040034 6.973375243e-05 -0.006218605411 -0.003765750021 -0.004108749926
-0.3696024021 0.1232008007 -0.6160040034 2.77027058e-06 8.185237904e-05 -0.001491028904 -0.0007351214694
-0.1232008007 0.1232008007 -0.6160040034 1.318092427e-05 0.0002218769324 0.0009503440024 -0.003496933109
0.1232008007 0.1232008007 -0.6160040034 1.318097092e-05 -0.0002218695825 0.0009503442852 -0.003496940169
0.3696024021 0.1232008007 -0.6160040034 2.770261776e-06 -8.185115066e-05 -0.001491020274 -0.0007351331226
0.6160040034 0.1232008007 -0.6160040034 6.973367586e-05 0.006218581816 -0.003765749383 -0.004108776904
-0.6160040034 0.3696024021 -0.6160040034 8.599379241e-05 -0.003190393443 -0.008507111973 -0.001855863133
-0.3696024021 0.3696024021 -0.6160040034 6.136686715e-06 -2.544393866e-05 -0.002452895191 -0.0003454627395
-0.1232008007 0.3696024021 -0.6160040034 1.741764847e-05 0.0007675129417 0.001254782174 -0.003905648992
0.1232008007 0.3696024021 -0.6160040034 1.741768753e-05 -0.0007675033156 0.001254783836 -0.00390565535
0.3696024021 0.3696024021 -0.6160040034 6.136640213e-06 2.544348873e-05 -0.002452884044 -0.0003454746132
0.6160040034 0.3696024021 -0.6160040034 8.599379321e-05 0.0031903816 -0.008507113744 -0.00185587559
-0.3696024021 0.6160040034 -0.6160040034 2.221451671e-06 -0.0006715586293 -0.0008767867731 -0.001000852453
-0.1232008007 0.6160040034 -0.6160040034 1.006794732e-05 0.0006244943131 -0.002243480174 -0.00215516841
0.1232008007 0.6160040034 -0.6160040034 1.006796678e-05 -0.0006244896597 -0.002243484946 -0.002155169308
0.3696024021 0.6160040034 -0.6160040034 2.2214647e-06 0.0006715562823 -0.0008767922077 -0.001000855776
-0.1232008007 -0.8624056048 -0.3696024021 7.544894885e-06 -0.0002302859028 0.001930185075 0.001940682577
0.1232008007 -0.8624056048 -0.3696024021 7.544887039e-06 0.0002302873466 0.001930185625 0.001940679838
-0.6160040034 -0.6160040034 -0.3696024021 4.222025804e-06 0.0004103511546 0.001167459373 0.001640328121
-0.3696024021 -0.6160040034 -0.3696024021 6.229125966e-05 0.0004594397763 0.006787561211 0.00400114828
-0.1232008007 -0.6160040034 -0.3696024021 1.024148155e-05 -0.0003663946703 0.003113180167 0.0006444732277
0.1232008007 -0.6160040034 -0.3696024021 1.024145612e-05 0.0003663954454 0.003113175858 0.000644473871
0.3696024021 -0.6160040034 -0.3696024021 6.229117528e-05 -0.0004594344173 0.006787556263 0.004001146745
0.6160040034 -0.6160040034 -0.3696024021 4.222039006e-06 -0.000410351692 0.001167462705 0.00164032964
-0.6160040034 -0.3696024021 -0.3696024021 6.276746604e-06 0.001188754383 0.0008150891278 0.002049204561
-0.3696024021 -0.3696024021 -0.3696024021 1.13918953e-05 0.0008559653044 0.003263835049 8.123710775e-05
-0.1232008007 -0.3696024021 -0.3696024021 8.247855716e-06 -0.001093678526 0.002501691861 -0.0008906519129
0.1232008007 -0.3696024021 -0.3696024021 8.24783617e-06 0.001093672904 0.002501692792 -0.0008906452292
0.3696024021 -0.3696024021 -0.3696024021 1.139188944e-05 -0.0008559510124 0.003263837583 8.124981736e-05
0.6160040034 -0.3696024021 -0.3696024021 6.276757017e-06 -0.001188749276 0.0008150923149 0.002049208797
-0.8624056048 -0.1232008007 -0.3696024021 1.437209449e-05 -0.0001442194894 0.00100271136 0.003653199304
-0.6160040034 -0.1232008007 -0.3696024021 1.174452365e-05 0.0008678303505 0.0002842109816 0.0033031225
-0.3696024021 -0.1232008007 -0.3696024021 6.493451601e-06 0.00132101782 5.457313033e-05 -0.002178390528
-0.1232008007 -0.1232008007 -0.3696024021 1.000834968e-05 -0.001109788974 0.0007053958207 -0.002877348579
0.1232008007 -0.1232008007 -0.3696024021 1.000828494e-05 0.001109782423 0.0007053975378 -0.002877339437
0.3696024021 -0.1232008007 -0.3696024021 6.49331841e-06 -0.001320999017 5.457569032e-05 -0.002178371295
0.6160040034 -0.1232008007 -0.3696024021 1.174455377e-05 -0.0008678197706 0.0002842115963 0.003303129786
0.8624056048 -0.1232008007 -0.3696024021 1.437224492e-05 0.000144214825 0.001002720042 0.003653217695
-0.8624056048 0.1232008007 -0.3696024021 1.437209107e-05 -0.0001442198717 -0.001002711801 0.0036531987
-0.6160040034 0.1232008007 -0.3696024021 1.174452704e-05 0.0008678307792 -0.0002842110969 0.00330312289
-0.3696024021 0.1232008007 -0.3696024021 6.493451302e-06 0.001321018153 -5.457328128e-05 -0.002178390254
-0.1232008007 0.1232008007 -0.3696024021 1.000834493e-05 -0.001109788939 -0.0007053957965 -0.002877347774
0.1232008007 0.1232008007 -0.3696024021 1.00082802e-05 0.001109782388 -0.0007053975135 -0.002877338632
0.3696024021 0.1232008007 -0.3696024021 6.493318111e-06 -0.00132099935 -5.457584144e-05 -0.002178371021
0.6160040034 0.1232008007 -0.3696024021 1.174455716e-05 -0.0008678201993 -0.0002842117119 0.003303130176
0.8624056048 0.1232008007 -0.3696024021 1.437224151e-05 0.0001442152072 -0.001002720482 0.003653217091
-0.6160040034 0.3696024021 -0.3696024021 6.276746253e-06 0.001188755115 -0.0008150899354 0.00204920373
-0.3696024021 0.3696024021 -0.3696024021 1.139189712e-05 0.0008559660134 -0.003263835162 8.123633335e-05
-0.1232008007 0.3696024021 -0.3696024021 8.247851009e-06 -0.001093678297 -0.002501691319 -0.0008906510743
0.1232008007 0.3696024021 -0.3696024021 8.247831463e-06 0.001093672675 -0.00250169225 -0.0008906443906
0.3696024021 0.3696024021 -0.3696024021 1.139189126e-05 -0.0008559517215 -0.003263837696 8.124904312e-05
0.6160040034 0.3696024021 -0.3696024021 6.276756665e-06 -0.001188750008 -0.0008150931226 0.002049207965
-0.6160040034 0.6160040034 -0.3696024021 4.222023229e-06 0.00041035138 -0.001167459277 0.001640327348
-0.3696024021 0.6160040034 -0.3696024021 6.229124271e-05 0.0004594401843 -0.006787561076 0.004001146344
-0.1232008007 0.6160040034 -0.3696024021 1.024147722e-05 -0.0003663940694 -0.003113179746 0.0006444722491
0.1232008007 0.6160040034 -0.3696024021 1.024145179e-05 0.0003663948444 -0.003113175437 0.0006444728925
0.3696024021 0.6160040034 -0.3696024021 6.229115833e-05 -0.0004594348254 -0.006787556128 0.004001144809
0.6160040034 0.6160040034 -0.3696024021 4.222036429e-06 -0.0004103519172 -0.001167462609 0.001640328866
-0.1232008007 0.8624056048 -0.3696024021 7.544893629e-06 -0.0002302856679 -0.001930185359 0.001940681998
0.1232008007 0.8624056048 -0.3696024021 7.544885782e-06 0.0002302871118 -0.001930185909 0.001940679259
-0.3696024021 -0.8624056048 -0.1232008007 6.256626791e-07 -0.0007007707802 -0.000172020435 -0.0003240246328
-0.1232008007 -0.8624056048 -0.1232008007 4.742285312e-07 -0.0003687073512 -0.0002806982494 -0.0005094034876
0.1232008007 -0.8624056048 -0.1232008007 4.742270687e-07 0.0003687078156 -0.0002806976103 -0.000509402068
0.3696024021 -0.8624056048 -0.1232008007 6.256633714e-07 0.0007007710472 -0.0001720220609 -0.0003240242603
-0.6160040034 -0.6160040034 -0.1232008007 2.455420991e-06 -0.0006082055336 -0.0007241242511 -0.001249460319
-0.3696024021 -0.6160040034 -0.1232008007 2.385691329e-06 0.0003028999732 0.0002884441797 -0.001486856715
-0.1232008007 -0.6160040034 -0.1232008007 2.758736065e-05 0.0003243962696 0.004396622373 0.002855142626
0.1232008007 -0.6160040034 -0.1232008007 2.758738421e-05 -0.0003243966224 0.004396623398 0.002855145133
0.3696024021 -0.6160040034 -0.1232008007 2.38567547e-06 -0.0003028983849 0.000288447113 -0.001486851136
0.6160040034 -0.6160040034 -0.1232008007 2.455431135e-06 0.0006082065398 -0.0007241242852 -0.001249463869
-0.8624056048 -0.3696024021 -0.1232008007 2.785469454e-05 -0.001973641861 0.004229039898 -0.002464681295
-0.6160040034 -0.3696024021 -0.1232008007 2.991028387e-07 1.274281491e-05 0.0005011584423 0.0002185879116
-0.3696024021 -0.3696024021 -0.1232008007 3.299830908e-05 0.0009311126866 0.004687601434 0.003187119553
-0.1232008007 -0.3696024021 -0.1232008007 6.187291018e-05 0.0006568225561 0.006579911458 0.004259842664
0.1232008007 -0.3696024021 -0.1232008007 6.187290682e-05 -0.000656823367 0.006579911312 0.00425984237
0.3696024021 -0.3696024021 -0.1232008007 3.299833301e-05 -0.0009311160872 0.004687600725 0.003187123355
0.6160040034 -0.3696024021 -0.1232008007 2.990966212e-07 -1.274122146e-05 0.000501153982 0.0002185840088
0.8624056048 -0.3696024021 -0.1232008007 2.78548055e-05 0.001973635968 0.004229052558 -0.002464686801
-0.8624056048 -0.1232008007 -0.1232008007 5.415627253e-05 -0.003692622647 0.001441538617 -0.006200223942
-0.6160040034 -0.1232008007 -0.1232008007 1.940901257e-06 0.001022589203 0.0004407843378 0.0008372106942
-0.3696024021 -0.1232008007 -0.1232008007 3.139773935e-05 0.001187587646 0.002970890484 0.004600128766
-0.1232008007 -0.1232008007 -0.1232008007 2.25402308e-05 0.0007137530691 0.003253397754 0.003383221898
0.1232008007 -0.1232008007 -0.1232008007 2.254021799e-05 -0.0007137538644 0.003253397305 0.003383220269
0.3696024021 -0.1232008007 -0.1232008007 3.139781159e-05 -0.00118759553 0.002970889377 0.004600135299
0.6160040034 -0.1232008007 -0.1232008007 1.940900151e-06 -0.001022587186 0.0004407825061 0.0008372134618
0.8624056048 -0.1232008007 -0.1232008007 5.415653887e-05 0.003692618322 0.001441539154 -0.006200247871
-0.8624056048 0.1232008007 -0.1232008007 5.415627782e-05 -0.003692622377 -0.00144154043 -0.006200224108
-0.6160040034 0.1232008007 -0.1232008007 1.940901101e-06 0.00102258922 -0.0004407836395 0.0008372109478
-0.3696024021 0.1232008007 -0.1232008007 3.139773751e-05 0.001187586927 -0.002970890656 0.004600128641
-0.1232008007 0.1232008007 -0.1232008007 2.254023427e-05 0.0007137529541 -0.003253398906 0.003383221327
0.1232008007 0.1232008007 -0.1232008007 2.254022146e-05 -0.0007137537494 -0.003253398457 0.003383219697
0.3696024021 0.1232008007 -0.1232008007 3.139780976e-05 -0.001187594811 -0.002970889549 0.004600135174
0.6160040034 0.1232008007 -0.1232008007 1.940899995e-06 -0.001022587203 -0.0004407818077 0.0008372137154
0.8624056048 0.1232008007 -0.1232008007 5.415654415e-05 0.003692618052 -0.001441540967 -0.006200248036
-0.8624056048 0.3696024021 -0.1232008007 2.785469525e-05 -0.00197364238 -0.004229039521 -0.002464681669
-0.6160040034 0.3696024021 -0.1232008007 2.991031525e-07 1.274309834e-05 -0.0005011587797 0.0002185878394
-0.3696024021 0.3696024021 -0.1232008007 3.299829688e-05 0.0009311113542 -0.004687600382 0.003187119575
-0.1232008007 0.3696024021 -0.1232008007 6.187290576e-05 0.0006568220347 -0.006579911542 0.004259842096
0.1232008007 0.3696024021 -0.1232008007 6.18729024e-05 -0.0006568228455 -0.006579911396 0.004259841801
0.3696024021 0.3696024021 -0.1232008007 3.29983208e-05 -0.0009311147548 -0.004687599672 0.003187123377
0.6160040034 0.3696024021 -0.1232008007 2.990969351e-07 -1.274150492e-05 -0.0005011543193 0.0002185839366
0.8624056048 0.3696024021 -0.1232008007 2.78548062e-05 0.001973636486 -0.004229052181 -0.002464687175
-0.6160040034 0.6160040034 -0.1232008007 2.455419883e-06 -0.0006082050412 0.0007241236035 -0.001249460491
-0.3696024021 0.6160040034 -0.1232008007 2.38568887e-06 0.0003028996987 -0.0002884439943 -0.00148685598
-0.1232008007 0.6160040034 -0.1232008007 2.758735804e-05 0.000324395833 -0.004396621905 0.002855142941
0.1232008007 0.6160040034 -0.1232008007 2.75873816e-05 -0.0003243961857 -0.00439662293 0.002855145448
0.3696024021 0.6160040034 -0.1232008007 2.38567301e-06 -0.0003028981105 -0.0002884469277 -0.001486850401
0.6160040034 0.6160040034 -0.1232008007 2.455430027e-06 0.0006082060474 0.0007241236376 -0.001249464041
-0.3696024021 0.8624056048 -0.1232008007 6.256627131e-07 -0.0007007706851 0.0001720204986 -0.0003240248571
-0.1232008007 0.8624056048 -0.1232008007 4.742281399e-07 -0.000368707056 0.0002806982019 -0.0005094033434
0.1232008007 0.8624056048 -0.1232008007 4.742266773e-07 0.0003687075204 0.0002806975627 -0.0005094019238
0.3696024021 0.8624056048 -0.1232008007 6.256634052e-07 0.0007007709521 0.0001720221245 -0.0003240244845
-0.3696024021 -0.8624056048 0.1232008007 2.650142234e-06 -0.0003209680838 0.001548718787 -0.0003854761232
-0.1232008007 -0.8624056048 0.1232008007 6.614426359e-06 0.0004457101583 0.001608458176 0.001956688812
0.1232008007 -0.8624056048 0.1232008007 6.614425967e-06 -0.0004457059084 0.001608458437 0.001956689466
0.3696024021 -0.8624056048 0.1232008007 2.65014463e-06 0.0003209682229 0.001548720372 -0.0003854727503
-0.6160040034 -0.6160040034 0.1232008007 3.070022065e-05 0.0006084773417 0.004788311314 0.002720671007
-0.3696024021 -0.6160040034 0.1232008007 2.345690497e-06 -0.0005356189754 0.0007570444618 -0.0012188874
-0.1232008007 -0.6160040034 0.1232008007 3.324923522e-06 0.000103074172 -0.0002830216031 -0.001798387614
0.1232008007 -0.6160040034 0.1232008007 3.324929815e-06 -0.0001030714355 -0.0002830228458 -0.001798389325
0.3696024021 -0.6160040034 0.1232008007 2.345685798e-06 0.0005356204424 0.0007570422751 -0.001218886186
0.6160040034 -0.6160040034 0.1232008007 3.070024074e-05 -0.0006084817566 0.004788309966 0.002720676085
-0.8624056048 -0.3696024021 0.1232008007 3.709566888e-05 0.0009869183823 0.00589980523 0.001146280609
-0.6160040034 -0.3696024021 0.1232008007 5.859989788e-06 -0.0002746767943 0.00162994258 -0.001768567113
-0.3696024021 -0.3696024021 0.1232008007 1.106718682e-05 -0.0009441054235 -0.0003856936244 -0.003166558415
-0.1232008007 -0.3696024021 0.1232008007 1.374841664e-05 0.0002379864227 0.003586898103 0.0009088130172
0.1232008007 -0.3696024021 0.1232008007 1.374841907e-05 -0.0002379874586 0.003586898502 0.0009088125068
0.3696024021 -0.3696024021 0.1232008007 1.106717643e-05 0.0009441067124 -0.0003856947562 -0.003166556252
0.6160040034 -0.3696024021 0.1232008007 5.859940645e-06 0.0002746784385 0.001629943967 -0.001768551685
0.8624056048 -0.3696024021 0.1232008007 3.709585031e-05 -0.0009869256144 0.005899818876 0.001146283284
-0.8624056048 -0.1232008007 0.1232008007 1.658160425e-05 0.0007485285047 0.0025375818 0.003095478627
-0.6160040034 -0.1232008007 0.1232008007 3.406739076e-05 -0.001633039234 0.0002398612001 -0.005598485529
-0.3696024021 -0.1232008007 0.1232008007 2.958283822e-06 8.695072489e-05 0.0007089628204 -0.001564638972
-0.1232008007 -0.1232008007 0.1232008007 4.033577877e-05 0.0008205667268 0.003574583924 0.005185055332
0.1232008007 -0.1232008007 0.1232008007 4.033579194e-05 -0.0008205673414 0.003574584228 0.005185056294
0.3696024021 -0.1232008007 0.1232008007 2.958282524e-06 -8.695001508e-05 0.0007089629762 -0.001564638526
0.6160040034 -0.1232008007 0.1232008007 3.40672045e-05 0.001633048317 0.0002398639955 -0.005598466125
0.8624056048 -0.1232008007 0.1232008007 1.65817689e-05 -0.0007485368939 0.002537583527 0.003095501778
-0.8624056048 0.1232008007 0.1232008007 1.658159077e-05 0.00074852881 -0.002537579678 0.003095478116
-0.6160040034 0.1232008007 0.1232008007 3.406739157e-05 -0.001633039799 -0.0002398614696 -0.005598485425
-0.3696024021 0.1232008007 0.1232008007 2.958282823e-06 8.695128061e-05 -0.0007089636658 -0.001564638239
-0.1232008007 0.1232008007 0.1232008007 4.033577616e-05 0.0008205670263 -0.003574582931 0.005185055717
0.1232008007 0.1232008007 0.1232008007 4.033578932e-05 -0.0008205676409 -0.003574583235 0.005185056679
0.3696024021 0.1232008007 0.1232008007 2.958281526e-06 -8.695057082e-05 -0.0007089638216 -0.001564637793
0.6160040034 0.1232008007 0.1232008007 3.406720531e-05 0.001633048882 -0.0002398642653 -0.005598466021
0.8624056048 0.1232008007 0.1232008007 1.658175542e-05 -0.0007485371992 -0.002537581405 0.003095501267
-0.8624056048 0.3696024021 0.1232008007 3.709567469e-05 0.0009869188805 -0.005899805717 0.001146280205
-0.6160040034 0.3696024021 0.1232008007 5.85998582e-06 -0.0002746786111 -0.001629940475 -0.001768567649
-0.3696024021 0.3696024021 0.1232008007 1.106717904e-05 -0.0009441051533 0.0003856937384 -0.003166557253
-0.1232008007 0.3696024021 0.1232008007 1.374842012e-05 0.0002379870324 -0.003586898406 0.0009088135741
0.1232008007 0.3696024021 0.1232008007 1.374842254e-05 -0.0002379880684 -0.003586898805 0.0009088130639
0.3696024021 0.3696024021 0.1232008007 1.106716864e-05 0.0009441064421 0.0003856948701 -0.00316655509
0.6160040034 0.3696024021 0.1232008007 5.859936677e-06 0.0002746802554 -0.001629941863 -0.001768552221
0.8624056048 0.3696024021 0.1232008007 3.709585611e-05 -0.0009869261125 -0.005899819363 0.001146282881
-0.6160040034 0.6160040034 0.1232008007 3.07002098e-05 0.0006084766527 -0.004788310675 0.002720670294
-0.3696024021 0.6160040034 0.1232008007 2.345689278e-06 -0.0005356199658 -0.0007570430055 -0.001218887369
-0.1232008007 0.6160040034 0.1232008007 3.324923279e-06 0.0001030741092 0.0002830217077 -0.001798387533
0.1232008007 0.6160040034 0.1232008007 3.324929573e-06 -0.0001030713727 0.0002830229503 -0.001798389244
0.3696024021 0.6160040034 0.1232008007 2.345684579e-06 0.0005356214328 -0.0007570408187 -0.001218886155
0.6160040034 0.6160040034 0.1232008007 3.070022989e-05 -0.0006084810675 -0.004788309326 0.002720675371
-0.3696024021 0.8624056048 0.1232008007 2.650143366e-06 -0.000320968197 -0.001548719086 -0.0003854762967
-0.1232008007 0.8624056048 0.1232008007 6.614422401e-06 0.0004457098729 -0.001608457631 0.001956688314
0.1232008007 0.8624056048 0.1232008007 6.614422009e-06 -0.000445705623 -0.001608457892 0.001956688968
0.3696024021 0.8624056048 0.1232008007 2.650145761e-06 0.0003209683361 -0.00154872067 -0.0003854729238
-0.1232008007 -0.8624056048 0.3696024021 1.851043521e-06 0.0003812597566 0.0001843732317 -0.001292938912
0.1232008007 -0.8624056048 0.3696024021 1.851046315e-06 -0.0003812565875 0.0001843732184 -0.001292940929
-0.6160040034 -0.6160040034 0.3696024021 7.343170005e-06 -0.000103121862 0.002318430947 -0.001399076064
-0.3696024021 -0.6160040034 0.3696024021 2.454804806e-05 0.0006094683317 0.004490603494 0.002002767254
-0.1232008007 -0.6160040034 0.3696024021 4.502910683e-05 0.0003485413907 0.006339937851 0.002170901603
0.1232008007 -0.6160040034 0.3696024021 4.50291634e-05 -0.0003485430532 0.006339941786 0.002170902875
0.3696024021 -0.6160040034 0.3696024021 2.454809086e-05 -0.0006094693586 0.00449060879 0.002002765754
0.6160040034 -0.6160040034 0.3696024021 7.343132189e-06 0.0001031207434 0.002318423295 -0.001399075311
-0.6160040034 -0.3696024021 0.3696024021 8.130422071e-05 0.002532815654 0.00846937732 0.001777276959
-0.3696024021 -0.3696024021 0.3696024021 8.993989119e-05 9.131131234e-05 0.009442750566 0.0008752229374
-0.1232008007 -0.3696024021 0.3696024021 4.14095792e-05 5.808501142e-05 0.004751133638 -0.004339692902
0.1232008007 -0.3696024021 0.3696024021 4.140952779e-05 -5.808003072e-05 0.004751132901 -0.004339687852
0.3696024021 -0.3696024021 0.3696024021 8.993997288e-05 -9.132222818e-05 0.009442753864 0.0008752328871
0.6160040034 -0.3696024021 0.3696024021 8.130409568e-05 -0.002532824169 0.008469365359 0.001777286647
-0.8624056048 -0.1232008007 0.3696024021 1.772178565e-06 -0.0008942868515 0.0001754743403 -0.0009703805171
-0.6160040034 -0.1232008007 0.3696024021 7.879819697e-05 0.004454336147 0.005678455838 0.005168387152
-0.3696024021 -0.1232008007 0.3696024021 7.932538295e-05 -0.002278382437 0.003939567751 -0.007655988659
-0.1232008007 -0.1232008007 0.3696024021 0.0001010394402 -7.973952227e-05 0.0001425332944 -0.01005051074
0.1232008007 -0.1232008007 0.3696024021 0.0001010393303 7.974491279e-05 0.0001425304021 -0.01005050527
0.3696024021 -0.1232008007 0.3696024021 7.932494275e-05 0.002278361425 0.003939563885 -0.007655968153
0.6160040034 -0.1232008007 0.3696024021 7.879843498e-05 -0.004454354929 0.005678447497 0.005168403156
0.8624056048 -0.1232008007 0.3696024021 1.772212106e-06 0.0008942930742 0.0001754770164 -0.0009703915811
-0.8624056048 0.1232008007 0.3696024021 1.772179265e-06 -0.0008942867857 -0.0001754742823 -0.0009703809492
-0.6160040034 0.1232008007 0.3696024021 7.879823364e-05 0.004454337034 -0.005678457349 0.005168388274
-0.3696024021 0.1232008007 0.3696024021 7.932538667e-05 -0.002278381378 -0.003939567428 -0.007655989384
-0.1232008007 0.1232008007 0.3696024021 0.0001010394458 -7.973924203e-05 -0.0001425348103 -0.010050511
0.1232008007 0.1232008007 0.3696024021 0.0001010393359 7.97446326e-05 -0.000142531918 -0.01005050552
0.3696024021 0.1232008007 0.3696024021 7.932494647e-05 0.002278360366 -0.003939563562 -0.007655968878
0.6160040034 0.1232008007 0.3696024021 7.879847164e-05 -0.004454355816 -0.005678449008 0.005168404277
0.8624056048 0.1232008007 0.3696024021 1.772212807e-06 0.0008942930083 -0.0001754769583 -0.0009703920132
-0.6160040034 0.3696024021 0.3696024021 8.130425697e-05 0.002532816271 -0.008469378702 0.001777279695
-0.3696024021 0.3696024021 0.3696024021 8.993991317e-05 9.131362377e-05 -0.009442751677 0.0008752232681
-0.1232008007 0.3696024021 0.3696024021 4.140959092e-05 5.808555585e-05 -0.004751133935 -0.00433969392
0.1232008007 0.3696024021 0.3696024021 4.140953951e-05 -5.8080575e-05 -0.004751133198 -0.00433968887
0.3696024021 0.3696024021 0.3696024021 8.993999487e-05 -9.13245396e-05 -0.009442754975 0.0008752332176
0.6160040034 0.3696024021 0.3696024021 8.130413194e-05 -0.002532824785 -0.008469366741 0.001777289382
-0.6160040034 0.6160040034 0.3696024021 7.343163204e-06 -0.0001031225225 -0.002318430166 -0.001399074878
-0.3696024021 0.6160040034 0.3696024021 2.454806141e-05 0.0006094694853 -0.004490604208 0.002002768634
-0.1232008007 0.6160040034 0.3696024021 4.502911296e-05 0.0003485420381 -0.006339938051 0.002170902328
0.1232008007 0.6160040034 0.3696024021 4.502916953e-05 -0.0003485437005 -0.006339941985 0.0021709036
0.3696024021 0.6160040034 0.3696024021 2.454810422e-05 -0.0006094705123 -0.004490609504 0.002002767133
0.6160040034 0.6160040034 0.3696024021 7.343125388e-06 0.0001031214039 -0.002318422514 -0.001399074126
-0.1232008007 0.8624056048 0.3696024021 1.851041247e-06 0.0003812595724 -0.0001843729627 -0.001292938125
0.1232008007 0.8624056048 0.3696024021 1.851044041e-06 -0.0003812564033 -0.0001843729493 -0.001292940142
-0.3696024021 -0.6160040034 0.6160040034 1.538337964e-05 0.000727737438 0.003711997153 -0.001036752142
-0.1232008007 -0.6160040034 0.6160040034 1.959428446e-05 -0.0004758396917 0.003849639721 -0.002132635708
0.1232008007 -0.6160040034 0.6160040034 1.959422305e-05 0.0004758365012 0.003849634031 -0.002132632295
0.3696024021 -0.6160040034 0.6160040034 1.538330114e-05 -0.0007277339874 0.003711988647 -0.00103674716
-0.6160040034 -0.3696024021 0.6160040034 2.680884584e-06 -0.0006536396781 0.0006364541676 -0.001359619744
-0.3696024021 -0.3696024021 0.6160040034 0.0002653346497 0.003815506884 0.01537104303 0.003808883444
-0.1232008007 -0.3696024021 0.6160040034 0.0006512569003 -0.000995853979 0.02498065908 0.00512170352
0.1232008007 -0.3696024021 0.6160040034 0.0006512562616 0.0009958335951 0.02498064735 0.00512170238
0.3696024021 -0.3696024021 0.6160040034 0.0002653338362 -0.003815493974 0.01537102217 0.003808873779
0.6160040034 -0.3696024021 0.6160040034 2.680867222e-06 0.0006536355758 0.0006364552144 -0.001359614841
-0.6160040034 -0.1232008007 0.6160040034 1.36739783e-05 -0.002156356249 -0.0004420747825 -0.002971308789
-0.3696024021 -0.1232008007 0.6160040034 0.000383697392 0.01028816124 0.01199743496 0.01157206484
-0.1232008007 -0.1232008007 0.6160040034 0.0003841975373 -0.002152542611 0.0194623211 -0.0008843952059
0.1232008007 -0.1232008007 0.6160040034 0.0003841972532 0.002152492447 0.01946231895 -0.0008844041459
0.3696024021 -0.1232008007 0.6160040034 0.0003836961955 -0.01028814068 0.01199742616 0.01157204054
0.6160040034 -0.1232008007 0.6160040034 1.367388786e-05 0.002156348371 -0.0004420754628 -0.002971299185
-0.6160040034 0.1232008007 0.6160040034 1.367397747e-05 -0.00215635527 0.0004420750859 -0.002971309315
-0.3696024021 0.1232008007 0.6160040034 0.0003836973488 0.01028816038 -0.01199743462 0.0115720641
-0.1232008007 0.1232008007 0.6160040034 0.000384197571 -0.002152542894 -0.01946232193 -0.0008843953241
0.1232008007 0.1232008007 0.6160040034 0.0003841972869 0.00215249273 -0.01946231978 -0.000884404264
0.3696024021 0.1232008007 0.6160040034 0.0003836961523 -0.01028813982 -0.01199742582 0.0115720398
0.6160040034 0.1232008007 0.6160040034 1.367388703e-05 0.002156347391 0.0004420757662 -0.002971299711
-0.6160040034 0.3696024021 0.6160040034 2.680882568e-06 -0.0006536388774 -0.0006364542148 -0.001359619365
-0.3696024021 0.3696024021 0.6160040034 0.0002653346545 0.003815506202 -0.01537104395 0.003808881041
-0.1232008007 0.3696024021 0.6160040034 0.0006512569813 -0.0009958550772 -0.02498066074 0.005121703108
0.1232008007 0.3696024021 0.6160040034 0.0006512563425 0.0009958346933 -0.02498064901 0.005121701969
0.3696024021 0.3696024021 0.6160040034 0.0002653338411 -0.003815493292 -0.01537102309 0.003808871376
0.6160040034 0.3696024021 0.6160040034 2.680865207e-06 0.0006536347751 -0.0006364552616 -0.001359614463
-0.3696024021 0.6160040034 0.6160040034 1.538338672e-05 0.0007277380184 -0.003711997617 -0.001036753482
-0.1232008007 0.6160040034 0.6160040034 1.959429371e-05 -0.0004758398001 -0.003849640176 -0.00213263703
0.1232008007 0.6160040034 0.6160040034 1.95942323e-05 0.0004758366097 -0.003849634486 -0.002132633618
0.3696024021 0.6160040034 0.6160040034 1.538330822e-05 -0.0007277345679 -0.003711989112 -0.0010367485
-0.1232008007 -0.3696024021 0.8624056048 0.000716811635 0.007191451587 0.02465128066 0.007576874083
0.1232008007 -0.3696024021 0.8624056048 0.0007168128904 -0.007191449409 0.02465130899 0.007576866822
-0.3696024021 -0.1232008007 0.8624056048 6.788079273e-05 -0.003193258872 0.002682794069 -0.007105385739
-0.1232008007 -0.1232008007 0.8624056048 0.002056075609 0.02261187514 0.01970797907 0.03400550357
0.1232008007 -0.1232008007 0.8624056048 0.002056074277 -0.02261184671 0.01970800167 0.03400548979
0.3696024021 -0.1232008007 0.8624056048 6.788052094e-05 0.003193255506 0.002682787302 -0.00710537068
-0.3696024021 0.1232008007 0.8624056048 6.788081558e-05 -0.003193259429 -0.00268279439 -0.007105386975
-0.1232008007 0.1232008007 0.8624056048 0.002056075482 0.02261187455 -0.01970797681 0.0340055034
0.1232008007 0.1232008007 0.8624056048 0.00205607415 -0.02261184613 -0.01970799941 0.03400548962
0.3696024021 0.1232008007 0.8624056048 6.788054379e-05 0.003193256063 -0.002682787623 -0.007105371916
-0.1232008007 0.3696024021 0.8624056048 0.0007168116364 0.007191450273 -0.02465128079 0.007576875014
0.1232008007 0.3696024021 0.8624056048 0.0007168128919 -0.007191448095 -0.02465130912 0.007576867752
