0.000000e+00 0.000000e+00 -1.000000e+00 -2.033184e-31 -1.762093e-30 5.577500e-13
0.000000e+00 0.000000e+00 -9.500000e-01 1.355456e-31 1.457115e-30 5.328124e-13
0.000000e+00 0.000000e+00 -9.000000e-01 7.370292e-31 -5.760688e-30 5.014166e-13
0.000000e+00 0.000000e+00 -8.500000e-01 -4.744096e-31 -4.235800e-30 4.788562e-13
0.000000e+00 0.000000e+00 -8.000000e-01 -3.490299e-30 5.591256e-31 4.639145e-13
0.000000e+00 0.000000e+00 -7.500000e-01 3.200571e-29 5.983237e-27 4.537388e-13
0.000000e+00 0.000000e+00 -7.000000e-01 -2.117900e-30 7.395707e-30 4.524681e-13
0.000000e+00 0.000000e+00 -6.500000e-01 1.836219e-30 1.416028e-29 4.521480e-13
0.000000e+00 0.000000e+00 -6.000000e-01 -7.370292e-31 1.111898e-29 4.507341e-13
0.000000e+00 0.000000e+00 -5.500000e-01 -2.859165e-30 5.879291e-30 4.457531e-13
0.000000e+00 0.000000e+00 -5.000000e-01 1.537595e-30 -1.051326e-29 4.377292e-13
0.000000e+00 0.000000e+00 -4.500000e-01 -4.854227e-30 -6.989070e-30 4.299132e-13
0.000000e+00 0.000000e+00 -4.000000e-01 8.238631e-31 -3.623727e-30 4.223883e-13
0.000000e+00 0.000000e+00 -3.500000e-01 3.102724e-31 -1.207203e-31 4.135885e-13
0.000000e+00 0.000000e+00 -3.000000e-01 -2.288391e-30 -3.115007e-29 4.058105e-13
0.000000e+00 0.000000e+00 -2.500000e-01 -3.981652e-31 1.955775e-29 4.010067e-13
0.000000e+00 0.000000e+00 -2.000000e-01 4.531676e-28 -5.151695e-27 3.948283e-13
0.000000e+00 0.000000e+00 -1.500000e-01 -1.090719e-30 -2.621960e-30 3.850857e-13
0.000000e+00 0.000000e+00 -1.000000e-01 1.202385e-29 2.791339e-29 3.751223e-13
0.000000e+00 0.000000e+00 -5.000000e-02 -4.458180e-31 -1.657998e-29 3.665085e-13
0.000000e+00 0.000000e+00 3.191891e-16 6.353700e-33 1.801274e-30 3.584234e-13
0.000000e+00 0.000000e+00 5.000000e-02 -1.100249e-30 4.088606e-30 3.497710e-13
0.000000e+00 0.000000e+00 1.000000e-01 1.782213e-30 -8.216129e-30 3.372862e-13
0.000000e+00 0.000000e+00 1.500000e-01 -4.611039e-29 -1.798891e-30 3.203893e-13
0.000000e+00 0.000000e+00 2.000000e-01 -2.813630e-30 -1.736810e-30 3.052163e-13
0.000000e+00 0.000000e+00 2.500000e-01 5.736862e-31 7.409209e-30 2.934102e-13
0.000000e+00 0.000000e+00 3.000000e-01 -3.756625e-31 -2.979091e-30 2.799289e-13
0.000000e+00 0.000000e+00 3.500000e-01 1.084365e-30 -2.345177e-30 2.611653e-13
0.000000e+00 0.000000e+00 4.000000e-01 -1.473000e-30 5.160925e-30 2.387089e-13
0.000000e+00 0.000000e+00 4.500000e-01 1.175382e-29 -9.448416e-29 2.175428e-13
0.000000e+00 0.000000e+00 5.000000e-01 3.122314e-30 3.196573e-30 1.983173e-13
0.000000e+00 0.000000e+00 5.500000e-01 2.529832e-30 3.436161e-30 1.778598e-13
0.000000e+00 0.000000e+00 6.000000e-01 -5.486685e-31 4.064449e-30 1.548313e-13
0.000000e+00 0.000000e+00 6.500000e-01 1.290728e-30 4.506296e-30 1.298056e-13
0.000000e+00 0.000000e+00 7.000000e-01 2.470687e-28 -6.962067e-30 1.021074e-13
0.000000e+00 0.000000e+00 7.500000e-01 1.482398e-30 5.536985e-31 6.881001e-14
0.000000e+00 0.000000e+00 8.000000e-01 -1.071054e-26 -1.844956e-30 3.626296e-14
0.000000e+00 0.000000e+00 8.500000e-01 1.186951e-30 2.899776e-29 2.938014e-15
0.000000e+00 0.000000e+00 9.000000e-01 -7.316815e-28 -6.920202e-28 -4.870544e-14
0.000000e+00 0.000000e+00 9.500000e-01 2.028948e-30 5.451475e-30 -1.134616e-13
0.000000e+00 0.000000e+00 1.000000e+00 2.217706e-30 -4.174646e-30 -1.516693e-13
0.000000e+00 0.000000e+00 1.050000e+00 -6.540340e-31 -1.061068e-30 -1.295671e-13
0.000000e+00 0.000000e+00 1.100000e+00 2.080837e-31 -1.366575e-30 -6.568392e-14
0.000000e+00 0.000000e+00 1.150000e+00 1.597691e-31 -7.342495e-31 -1.957481e-16
0.000000e+00 0.000000e+00 1.200000e+00 -3.885023e-31 -4.462151e-31 4.709619e-14
0.000000e+00 0.000000e+00 1.250000e+00 1.550051e-29 -2.947852e-31 7.555629e-14
0.000000e+00 0.000000e+00 1.300000e+00 -7.134941e-30 -1.469095e-30 9.061072e-14
0.000000e+00 0.000000e+00 1.350000e+00 -3.057718e-32 -2.801585e-31 9.738432e-14
0.000000e+00 0.000000e+00 1.400000e+00 -4.513775e-32 6.658148e-32 9.936407e-14
0.000000e+00 0.000000e+00 1.450000e+00 2.647375e-34 2.845928e-31 9.866697e-14
0.000000e+00 0.000000e+00 1.500000e+00 -5.916883e-32 -1.253532e-31 9.652133e-14
0.000000e+00 0.000000e+00 1.550000e+00 1.389872e-32 -4.990302e-32 9.362778e-14
0.000000e+00 0.000000e+00 1.600000e+00 1.074570e-30 1.120502e-30 9.038392e-14
0.000000e+00 0.000000e+00 1.650000e+00 8.273047e-32 6.618438e-32 8.701497e-14
0.000000e+00 0.000000e+00 1.700000e+00 3.477989e-31 -6.765897e-30 8.364792e-14
0.000000e+00 0.000000e+00 1.750000e+00 -1.906110e-32 -3.205971e-31 8.035341e-14
0.000000e+00 0.000000e+00 1.800000e+00 5.638909e-32 1.238972e-31 7.716947e-14
0.000000e+00 0.000000e+00 1.850000e+00 -6.468596e-30 -6.287516e-32 7.411515e-14
0.000000e+00 0.000000e+00 1.900000e+00 -3.653378e-32 1.569893e-31 7.119839e-14
0.000000e+00 0.000000e+00 1.950000e+00 1.058950e-32 -5.850699e-32 6.842059e-14
