-5.000000e+00 0.000000e+00 0.000000e+00 1.640702e-26 9.936769e-29 4.754423e-28
-4.900000e+00 0.000000e+00 0.000000e+00 5.194621e-26 3.202775e-28 2.786380e-27
-4.800000e+00 0.000000e+00 0.000000e+00 1.539907e-25 9.673402e-28 1.295308e-26
-4.700000e+00 0.000000e+00 0.000000e+00 4.253478e-25 2.724780e-27 5.163377e-26
-4.600000e+00 0.000000e+00 0.000000e+00 1.088127e-24 7.115470e-27 1.814678e-25
-4.500000e+00 0.000000e+00 0.000000e+00 2.558636e-24 1.709863e-26 5.682092e-25
-4.400000e+00 0.000000e+00 0.000000e+00 5.478096e-24 3.746012e-26 1.587830e-24
-4.300000e+00 0.000000e+00 0.000000e+00 1.055822e-23 7.398259e-26 3.941448e-24
-4.200000e+00 0.000000e+00 0.000000e+00 1.810439e-23 1.301576e-25 8.591323e-24
-4.100000e+00 0.000000e+00 0.000000e+00 2.752282e-23 2.029784e-25 1.609348e-23
-4.000000e+00 0.000000e+00 0.000000e+00 3.854141e-23 2.898043e-25 2.488470e-23
-3.900000e+00 0.000000e+00 0.000000e+00 5.813838e-23 4.375257e-25 2.918369e-23
-3.800000e+00 0.000000e+00 0.000000e+00 1.174063e-22 8.740428e-25 2.041504e-23
-3.700000e+00 0.000000e+00 0.000000e+00 2.956473e-22 2.216226e-24 -6.433999e-25
-3.600000e+00 0.000000e+00 0.000000e+00 7.481972e-22 5.727144e-24 -3.304189e-24
-3.500000e+00 0.000000e+00 0.000000e+00 1.862965e-21 1.456258e-23 4.949016e-23
-3.400000e+00 0.000000e+00 0.000000e+00 5.418701e-21 4.315173e-23 -1.365437e-23
-3.300000e+00 0.000000e+00 0.000000e+00 2.037833e-20 1.664984e-22 -1.056314e-21
-3.200000e+00 0.000000e+00 0.000000e+00 8.482495e-20 7.166992e-22 -4.283799e-21
-3.100000e+00 0.000000e+00 0.000000e+00 3.340456e-19 2.925626e-21 -3.916044e-21
-3.000000e+00 0.000000e+00 0.000000e+00 1.181321e-18 1.072720e-20 4.821747e-20
-2.900000e+00 0.000000e+00 0.000000e+00 3.738627e-18 3.520391e-20 3.628013e-19
-2.800000e+00 0.000000e+00 0.000000e+00 1.068653e-17 1.043911e-19 1.644887e-18
-2.700000e+00 0.000000e+00 0.000000e+00 2.788258e-17 2.827701e-19 5.882265e-18
-2.600000e+00 0.000000e+00 0.000000e+00 6.702497e-17 7.064120e-19 1.799809e-17
-2.500000e+00 0.000000e+00 0.000000e+00 1.495851e-16 1.640502e-18 4.895179e-17
-2.400000e+00 0.000000e+00 0.000000e+00 3.118953e-16 3.564532e-18 1.209811e-16
-2.300000e+00 0.000000e+00 0.000000e+00 6.107168e-16 7.285574e-18 2.756008e-16
-2.200000e+00 0.000000e+00 0.000000e+00 1.127861e-15 1.407083e-17 5.845671e-16
-2.100000e+00 0.000000e+00 0.000000e+00 1.971645e-15 2.577710e-17 1.163213e-15
-2.000000e+00 0.000000e+00 0.000000e+00 3.272760e-15 4.494232e-17 2.184352e-15
-1.900000e+00 0.000000e+00 0.000000e+00 5.172155e-15 7.479108e-17 3.889689e-15
-1.800000e+00 0.000000e+00 0.000000e+00 7.800455e-15 1.191108e-16 6.594489e-15
-1.700000e+00 0.000000e+00 0.000000e+00 1.124966e-14 1.819593e-16 1.068119e-14
-1.600000e+00 0.000000e+00 0.000000e+00 1.554183e-14 2.672062e-16 1.657842e-14
-1.500000e+00 0.000000e+00 0.000000e+00 2.060074e-14 3.779425e-16 2.472368e-14
-1.400000e+00 0.000000e+00 0.000000e+00 2.623388e-14 5.158366e-16 3.551288e-14
-1.300000e+00 0.000000e+00 0.000000e+00 3.213248e-14 6.805708e-16 4.924063e-14
-1.200000e+00 0.000000e+00 0.000000e+00 3.789169e-14 8.694663e-16 6.604163e-14
-1.100000e+00 0.000000e+00 0.000000e+00 4.305176e-14 1.077432e-15 8.584227e-14
-1.000000e+00 0.000000e+00 0.000000e+00 4.715313e-14 1.297283e-15 1.083323e-13
-9.000000e-01 0.000000e+00 0.000000e+00 4.979592e-14 1.520420e-15 1.329627e-13
-8.000000e-01 0.000000e+00 0.000000e+00 5.069153e-14 1.737773e-15 1.589724e-13
-7.000000e-01 0.000000e+00 0.000000e+00 4.969604e-14 1.940827e-15 1.854383e-13
-6.000000e-01 0.000000e+00 0.000000e+00 4.681875e-14 2.122561e-15 2.113437e-13
-5.000000e-01 0.000000e+00 0.000000e+00 4.220565e-14 2.278082e-15 2.356523e-13
-4.000000e-01 0.000000e+00 0.000000e+00 3.610327e-14 2.404854e-15 2.573780e-13
-3.000000e-01 0.000000e+00 0.000000e+00 2.881339e-14 2.502482e-15 2.756444e-13
-2.000000e-01 0.000000e+00 0.000000e+00 2.065001e-14 2.572114e-15 2.897262e-13
-1.000000e-01 0.000000e+00 0.000000e+00 1.190889e-14 2.615613e-15 2.990760e-13
-1.026956e-15 0.000000e+00 0.000000e+00 2.855092e-15 2.634709e-15 3.033375e-13
1.000000e-01 0.000000e+00 0.000000e+00 -6.271292e-15 2.630326e-15 3.023502e-13
2.000000e-01 0.000000e+00 0.000000e+00 -1.523701e-14 2.602241e-15 2.961512e-13
3.000000e-01 0.000000e+00 0.000000e+00 -2.379424e-14 2.549170e-15 2.849747e-13
4.000000e-01 0.000000e+00 0.000000e+00 -3.166617e-14 2.469239e-15 2.692496e-13
5.000000e-01 0.000000e+00 0.000000e+00 -3.854771e-14 2.360749e-15 2.495921e-13
6.000000e-01 0.000000e+00 0.000000e+00 -4.412502e-14 2.223045e-15 2.267881e-13
7.000000e-01 0.000000e+00 0.000000e+00 -4.811163e-14 2.057271e-15 2.017611e-13
8.000000e-01 0.000000e+00 0.000000e+00 -5.029363e-14 1.866845e-15 1.755234e-13
9.000000e-01 0.000000e+00 0.000000e+00 -5.057293e-14 1.657508e-15 1.491129e-13
1.000000e+00 0.000000e+00 0.000000e+00 -4.899704e-14 1.436936e-15 1.235196e-13
1.100000e+00 0.000000e+00 0.000000e+00 -4.576652e-14 1.213971e-15 9.961316e-14
1.200000e+00 0.000000e+00 0.000000e+00 -4.121681e-14 9.976267e-16 7.807989e-14
1.300000e+00 0.000000e+00 0.000000e+00 -3.577690e-14 7.960715e-16 5.938080e-14
1.400000e+00 0.000000e+00 0.000000e+00 -2.991340e-14 6.157665e-16 4.373569e-14
1.500000e+00 0.000000e+00 0.000000e+00 -2.407135e-14 4.609150e-16 3.113548e-14
1.600000e+00 0.000000e+00 0.000000e+00 -1.862341e-14 3.332857e-16 2.137905e-14
1.700000e+00 0.000000e+00 0.000000e+00 -1.383595e-14 2.323940e-16 1.412671e-14
1.800000e+00 0.000000e+00 0.000000e+00 -9.856726e-15 1.559637e-16 8.960190e-15
1.900000e+00 0.000000e+00 0.000000e+00 -6.722389e-15 1.005389e-16 5.440085e-15
2.000000e+00 0.000000e+00 0.000000e+00 -4.380981e-15 6.211537e-17 3.151580e-15
2.100000e+00 0.000000e+00 0.000000e+00 -2.722325e-15 3.669081e-17 1.735826e-15
2.200000e+00 0.000000e+00 0.000000e+00 -1.609041e-15 2.066490e-17 9.050534e-16
2.300000e+00 0.000000e+00 0.000000e+00 -9.020333e-16 1.106359e-17 4.444099e-16
2.400000e+00 0.000000e+00 0.000000e+00 -4.780536e-16 5.610783e-18 2.041894e-16
2.500000e+00 0.000000e+00 0.000000e+00 -2.385875e-16 2.684396e-18 8.705458e-17
2.600000e+00 0.000000e+00 0.000000e+00 -1.116193e-16 1.205820e-18 3.404913e-17
2.700000e+00 0.000000e+00 0.000000e+00 -4.867891e-17 5.056305e-19 1.201613e-17
2.800000e+00 0.000000e+00 0.000000e+00 -1.965706e-17 1.965486e-19 3.725849e-18
2.900000e+00 0.000000e+00 0.000000e+00 -7.289089e-18 7.022446e-20 9.663496e-19
3.000000e+00 0.000000e+00 0.000000e+00 -2.457637e-18 2.282821e-20 1.862940e-19
3.100000e+00 0.000000e+00 0.000000e+00 -7.454831e-19 6.678304e-21 1.518521e-20
3.200000e+00 0.000000e+00 0.000000e+00 -2.020956e-19 1.746180e-21 -5.822683e-21
3.300000e+00 0.000000e+00 0.000000e+00 -4.972614e-20 4.146760e-22 -2.837125e-21
3.400000e+00 0.000000e+00 0.000000e+00 -1.211215e-20 9.789400e-23 -4.564043e-22
3.500000e+00 0.000000e+00 0.000000e+00 -3.520463e-21 2.783320e-23 5.735219e-23
3.600000e+00 0.000000e+00 0.000000e+00 -1.314772e-21 1.020196e-23 2.483899e-23
3.700000e+00 0.000000e+00 0.000000e+00 -5.313874e-22 4.033383e-24 -7.798127e-24
3.800000e+00 0.000000e+00 0.000000e+00 -2.071298e-22 1.544771e-24 7.572344e-24
3.900000e+00 0.000000e+00 0.000000e+00 -8.682469e-23 6.484097e-25 2.563030e-23
4.000000e+00 0.000000e+00 0.000000e+00 -4.860323e-23 3.666557e-25 2.865469e-23
4.100000e+00 0.000000e+00 0.000000e+00 -3.408002e-23 2.547681e-25 2.169679e-23
4.200000e+00 0.000000e+00 0.000000e+00 -2.383697e-23 1.741647e-25 1.297186e-23
4.300000e+00 0.000000e+00 0.000000e+00 -1.500281e-23 1.068149e-25 6.519968e-24
4.400000e+00 0.000000e+00 0.000000e+00 -8.364141e-24 5.806473e-26 2.843533e-24
4.500000e+00 0.000000e+00 0.000000e+00 -4.165955e-24 2.823837e-26 1.094724e-24
4.600000e+00 0.000000e+00 0.000000e+00 -1.876251e-24 1.243501e-26 3.753044e-25
4.700000e+00 0.000000e+00 0.000000e+00 -7.723244e-25 5.010929e-27 1.148463e-25
4.800000e+00 0.000000e+00 0.000000e+00 -2.931068e-25 1.863702e-27 3.122845e-26
4.900000e+00 0.000000e+00 0.000000e+00 -1.032738e-25 6.441532e-28 7.430406e-27
5.000000e+00 0.000000e+00 0.000000e+00 -3.397094e-26 2.080326e-28 1.486459e-27
