-2.500000e+00 -2.500000e+00 0.000000e+00 4.716373e-20 -5.021998e-20 0.000000e+00
-2.500000e+00 -2.250000e+00 0.000000e+00 2.881351e-19 -3.535877e-19 0.000000e+00
-2.500000e+00 -2.000000e+00 0.000000e+00 1.269391e-18 -1.821652e-18 0.000000e+00
-2.500000e+00 -1.750000e+00 0.000000e+00 4.166761e-18 -7.111531e-18 0.000000e+00
-2.500000e+00 -1.500000e+00 0.000000e+00 1.045950e-17 -2.171465e-17 0.000000e+00
-2.500000e+00 -1.250000e+00 0.000000e+00 2.033694e-17 -5.311009e-17 0.000000e+00
-2.500000e+00 -1.000000e+00 0.000000e+00 3.050457e-17 -1.057977e-16 0.000000e+00
-2.500000e+00 -7.500000e-01 0.000000e+00 3.422171e-17 -1.736352e-16 0.000000e+00
-2.500000e+00 -5.000000e-01 0.000000e+00 2.587563e-17 -2.368168e-16 0.000000e+00
-2.500000e+00 -2.500000e-01 0.000000e+00 7.027367e-18 -2.706260e-16 0.000000e+00
-2.500000e+00 0.000000e+00 0.000000e+00 -1.323700e-17 -2.618441e-16 0.000000e+00
-2.500000e+00 2.500000e-01 0.000000e+00 -2.551857e-17 -2.178409e-16 0.000000e+00
-2.500000e+00 5.000000e-01 0.000000e+00 -2.728989e-17 -1.592851e-16 0.000000e+00
-2.500000e+00 7.500000e-01 0.000000e+00 -2.256958e-17 -1.048903e-16 0.000000e+00
-2.500000e+00 1.000000e+00 0.000000e+00 -1.630033e-17 -6.307583e-17 0.000000e+00
-2.500000e+00 1.250000e+00 0.000000e+00 -1.076602e-17 -3.426538e-17 0.000000e+00
-2.500000e+00 1.500000e+00 0.000000e+00 -6.327810e-18 -1.622601e-17 0.000000e+00
-2.500000e+00 1.750000e+00 0.000000e+00 -3.101148e-18 -6.389492e-18 0.000000e+00
-2.500000e+00 2.000000e+00 0.000000e+00 -1.189975e-18 -1.995343e-18 0.000000e+00
-2.500000e+00 2.250000e+00 0.000000e+00 -3.395802e-19 -4.720705e-19 0.000000e+00
-2.500000e+00 2.500000e+00 0.000000e+00 -6.887324e-20 -8.088092e-20 0.000000e+00
-2.250000e+00 -2.500000e+00 0.000000e+00 3.184279e-19 -2.940277e-19 0.000000e+00
-2.250000e+00 -2.250000e+00 0.000000e+00 1.822437e-18 -1.934636e-18 0.000000e+00
-2.250000e+00 -2.000000e+00 0.000000e+00 7.586411e-18 -9.391855e-18 0.000000e+00
-2.250000e+00 -1.750000e+00 0.000000e+00 2.380760e-17 -3.496087e-17 0.000000e+00
-2.250000e+00 -1.500000e+00 0.000000e+00 5.770850e-17 -1.028416e-16 0.000000e+00
-2.250000e+00 -1.250000e+00 0.000000e+00 1.092589e-16 -2.443926e-16 0.000000e+00
-2.250000e+00 -1.000000e+00 0.000000e+00 1.608659e-16 -4.765892e-16 0.000000e+00
-2.250000e+00 -7.500000e-01 0.000000e+00 1.788975e-16 -7.713422e-16 0.000000e+00
-2.250000e+00 -5.000000e-01 0.000000e+00 1.365281e-16 -1.045517e-15 0.000000e+00
-2.250000e+00 -2.500000e-01 0.000000e+00 4.188914e-17 -1.197562e-15 0.000000e+00
-2.250000e+00 0.000000e+00 0.000000e+00 -6.124777e-17 -1.172218e-15 0.000000e+00
-2.250000e+00 2.500000e-01 0.000000e+00 -1.272982e-16 -9.958632e-16 0.000000e+00
-2.250000e+00 5.000000e-01 0.000000e+00 -1.422795e-16 -7.492606e-16 0.000000e+00
-2.250000e+00 7.500000e-01 0.000000e+00 -1.231936e-16 -5.093705e-16 0.000000e+00
-2.250000e+00 1.000000e+00 0.000000e+00 -9.294348e-17 -3.156979e-16 0.000000e+00
-2.250000e+00 1.250000e+00 0.000000e+00 -6.351270e-17 -1.761759e-16 0.000000e+00
-2.250000e+00 1.500000e+00 0.000000e+00 -3.833768e-17 -8.569935e-17 0.000000e+00
-2.250000e+00 1.750000e+00 0.000000e+00 -1.933087e-17 -3.485105e-17 0.000000e+00
-2.250000e+00 2.000000e+00 0.000000e+00 -7.704629e-18 -1.135160e-17 0.000000e+00
-2.250000e+00 2.250000e+00 0.000000e+00 -2.314631e-18 -2.837278e-18 0.000000e+00
-2.250000e+00 2.500000e+00 0.000000e+00 -5.005164e-19 -5.196031e-19 0.000000e+00
-2.000000e+00 -2.500000e+00 0.000000e+00 1.512540e-18 -1.181391e-18 0.000000e+00
-2.000000e+00 -2.250000e+00 0.000000e+00 8.175097e-18 -7.333290e-18 0.000000e+00
-2.000000e+00 -2.000000e+00 0.000000e+00 3.251277e-17 -3.396669e-17 0.000000e+00
-2.000000e+00 -1.750000e+00 0.000000e+00 9.845600e-17 -1.218300e-16 0.000000e+00
-2.000000e+00 -1.500000e+00 0.000000e+00 2.321334e-16 -3.480441e-16 0.000000e+00
-2.000000e+00 -1.250000e+00 0.000000e+00 4.304327e-16 -8.085681e-16 0.000000e+00
-2.000000e+00 -1.000000e+00 0.000000e+00 6.250876e-16 -1.550937e-15 0.000000e+00
-2.000000e+00 -7.500000e-01 0.000000e+00 6.921598e-16 -2.484552e-15 0.000000e+00
-2.000000e+00 -5.000000e-01 0.000000e+00 5.358796e-16 -3.356524e-15 0.000000e+00
-2.000000e+00 -2.500000e-01 0.000000e+00 1.862299e-16 -3.862009e-15 0.000000e+00
-2.000000e+00 0.000000e+00 0.000000e+00 -2.013398e-16 -3.830474e-15 0.000000e+00
-2.000000e+00 2.500000e-01 0.000000e+00 -4.635221e-16 -3.326664e-15 0.000000e+00
-2.000000e+00 5.000000e-01 0.000000e+00 -5.442107e-16 -2.577108e-15 0.000000e+00
-2.000000e+00 7.500000e-01 0.000000e+00 -4.946620e-16 -1.809615e-15 0.000000e+00
-2.000000e+00 1.000000e+00 0.000000e+00 -3.909141e-16 -1.156478e-15 0.000000e+00
-2.000000e+00 1.250000e+00 0.000000e+00 -2.772367e-16 -6.629475e-16 0.000000e+00
-2.000000e+00 1.500000e+00 0.000000e+00 -1.721521e-16 -3.306996e-16 0.000000e+00
-2.000000e+00 1.750000e+00 0.000000e+00 -8.914862e-17 -1.382589e-16 0.000000e+00
-2.000000e+00 2.000000e+00 0.000000e+00 -3.668873e-17 -4.660586e-17 0.000000e+00
-2.000000e+00 2.250000e+00 0.000000e+00 -1.149585e-17 -1.217639e-17 0.000000e+00
-2.000000e+00 2.500000e+00 0.000000e+00 -2.626131e-18 -2.359828e-18 0.000000e+00
-1.750000e+00 -2.500000e+00 0.000000e+00 5.272744e-18 -3.387840e-18 0.000000e+00
-1.750000e+00 -2.250000e+00 0.000000e+00 2.726525e-17 -2.013457e-17 0.000000e+00
-1.750000e+00 -2.000000e+00 0.000000e+00 1.046883e-16 -9.003125e-17 0.000000e+00
-1.750000e+00 -1.750000e+00 0.000000e+00 3.083010e-16 -3.138122e-16 0.000000e+00
-1.750000e+00 -1.500000e+00 0.000000e+00 7.111568e-16 -8.759974e-16 0.000000e+00
-1.750000e+00 -1.250000e+00 0.000000e+00 1.297397e-15 -1.998482e-15 0.000000e+00
-1.750000e+00 -1.000000e+00 0.000000e+00 1.865693e-15 -3.783550e-15 0.000000e+00
-1.750000e+00 -7.500000e-01 0.000000e+00 2.064924e-15 -6.016326e-15 0.000000e+00
-1.750000e+00 -5.000000e-01 0.000000e+00 1.629579e-15 -8.120804e-15 0.000000e+00
-1.750000e+00 -2.500000e-01 0.000000e+00 6.411526e-16 -9.407113e-15 0.000000e+00
-1.750000e+00 0.000000e+00 0.000000e+00 -4.781785e-16 -9.473775e-15 0.000000e+00
-1.750000e+00 2.500000e-01 0.000000e+00 -1.279721e-15 -8.425674e-15 0.000000e+00
-1.750000e+00 5.000000e-01 0.000000e+00 -1.592031e-15 -6.728355e-15 0.000000e+00
-1.750000e+00 7.500000e-01 0.000000e+00 -1.525644e-15 -4.881511e-15 0.000000e+00
-1.750000e+00 1.000000e+00 0.000000e+00 -1.265902e-15 -3.215488e-15 0.000000e+00
-1.750000e+00 1.250000e+00 0.000000e+00 -9.328839e-16 -1.891344e-15 0.000000e+00
-1.750000e+00 1.500000e+00 0.000000e+00 -5.958541e-16 -9.652315e-16 0.000000e+00
-1.750000e+00 1.750000e+00 0.000000e+00 -3.161319e-16 -4.130988e-16 0.000000e+00
-1.750000e+00 2.000000e+00 0.000000e+00 -1.336122e-16 -1.431372e-16 0.000000e+00
-1.750000e+00 2.250000e+00 0.000000e+00 -4.328734e-17 -3.871176e-17 0.000000e+00
-1.750000e+00 2.500000e+00 0.000000e+00 -1.032586e-17 -7.841218e-18 0.000000e+00
-1.500000e+00 -2.500000e+00 0.000000e+00 1.411830e-17 -7.273764e-18 0.000000e+00
-1.500000e+00 -2.250000e+00 0.000000e+00 7.063843e-17 -4.193348e-17 0.000000e+00
-1.500000e+00 -2.000000e+00 0.000000e+00 2.639211e-16 -1.825500e-16 0.000000e+00
-1.500000e+00 -1.750000e+00 0.000000e+00 7.599133e-16 -6.215242e-16 0.000000e+00
-1.500000e+00 -1.500000e+00 0.000000e+00 1.721376e-15 -1.700262e-15 0.000000e+00
-1.500000e+00 -1.250000e+00 0.000000e+00 3.098614e-15 -3.815504e-15 0.000000e+00
-1.500000e+00 -1.000000e+00 0.000000e+00 4.423644e-15 -7.137587e-15 0.000000e+00
-1.500000e+00 -7.500000e-01 0.000000e+00 4.907406e-15 -1.127749e-14 0.000000e+00
-1.500000e+00 -5.000000e-01 0.000000e+00 3.961985e-15 -1.522891e-14 0.000000e+00
-1.500000e+00 -2.500000e-01 0.000000e+00 1.756073e-15 -1.779093e-14 0.000000e+00
-1.500000e+00 0.000000e+00 0.000000e+00 -8.086466e-16 -1.822858e-14 0.000000e+00
-1.500000e+00 2.500000e-01 0.000000e+00 -2.759679e-15 -1.663142e-14 0.000000e+00
-1.500000e+00 5.000000e-01 0.000000e+00 -3.683679e-15 -1.370194e-14 0.000000e+00
-1.500000e+00 7.500000e-01 0.000000e+00 -3.741520e-15 -1.026600e-14 0.000000e+00
-1.500000e+00 1.000000e+00 0.000000e+00 -3.264895e-15 -6.958826e-15 0.000000e+00
-1.500000e+00 1.250000e+00 0.000000e+00 -2.498952e-15 -4.190106e-15 0.000000e+00
-1.500000e+00 1.500000e+00 0.000000e+00 -1.639230e-15 -2.180988e-15 0.000000e+00
-1.500000e+00 1.750000e+00 0.000000e+00 -8.884205e-16 -9.514757e-16 0.000000e+00
-1.500000e+00 2.000000e+00 0.000000e+00 -3.837404e-16 -3.368912e-16 0.000000e+00
-1.500000e+00 2.250000e+00 0.000000e+00 -1.276120e-16 -9.356252e-17 0.000000e+00
-1.500000e+00 2.500000e+00 0.000000e+00 -3.146795e-17 -1.959738e-17 0.000000e+00
-1.250000e+00 -2.500000e+00 0.000000e+00 3.051416e-17 -1.251074e-17 0.000000e+00
-1.250000e+00 -2.250000e+00 0.000000e+00 1.487693e-16 -7.042333e-17 0.000000e+00
-1.250000e+00 -2.000000e+00 0.000000e+00 5.429669e-16 -2.989958e-16 0.000000e+00
-1.250000e+00 -1.750000e+00 0.000000e+00 1.531333e-15 -9.930548e-16 0.000000e+00
-1.250000e+00 -1.500000e+00 0.000000e+00 3.408815e-15 -2.654218e-15 0.000000e+00
-1.250000e+00 -1.250000e+00 0.000000e+00 6.056011e-15 -5.836963e-15 0.000000e+00
-1.250000e+00 -1.000000e+00 0.000000e+00 8.585813e-15 -1.075027e-14 0.000000e+00
-1.250000e+00 -7.500000e-01 0.000000e+00 9.554218e-15 -1.682978e-14 0.000000e+00
-1.250000e+00 -5.000000e-01 0.000000e+00 7.900747e-15 -2.269932e-14 0.000000e+00
-1.250000e+00 -2.500000e-01 0.000000e+00 3.901436e-15 -2.673370e-14 0.000000e+00
-1.250000e+00 0.000000e+00 0.000000e+00 -8.926039e-16 -2.788133e-14 0.000000e+00
-1.250000e+00 2.500000e-01 0.000000e+00 -4.780123e-15 -2.610579e-14 0.000000e+00
-1.250000e+00 5.000000e-01 0.000000e+00 -6.952163e-15 -2.216914e-14 0.000000e+00
-1.250000e+00 7.500000e-01 0.000000e+00 -7.518953e-15 -1.710846e-14 0.000000e+00
-1.250000e+00 1.000000e+00 0.000000e+00 -6.896589e-15 -1.188869e-14 0.000000e+00
-1.250000e+00 1.250000e+00 0.000000e+00 -5.467579e-15 -7.297082e-15 0.000000e+00
-1.250000e+00 1.500000e+00 0.000000e+00 -3.671425e-15 -3.856848e-15 0.000000e+00
-1.250000e+00 1.750000e+00 0.000000e+00 -2.025140e-15 -1.706918e-15 0.000000e+00
-1.250000e+00 2.000000e+00 0.000000e+00 -8.897437e-16 -6.141217e-16 0.000000e+00
-1.250000e+00 2.250000e+00 0.000000e+00 -3.018084e-16 -1.739335e-16 0.000000e+00
-1.250000e+00 2.500000e+00 0.000000e+00 -7.629409e-17 -3.734707e-17 0.000000e+00
-1.000000e+00 -2.500000e+00 0.000000e+00 5.627601e-17 -1.893405e-17 0.000000e+00
-1.000000e+00 -2.250000e+00 0.000000e+00 2.675596e-16 -1.034478e-16 0.000000e+00
-1.000000e+00 -2.000000e+00 0.000000e+00 9.525567e-16 -4.246448e-16 0.000000e+00
-1.000000e+00 -1.750000e+00 0.000000e+00 2.624375e-15 -1.361540e-15 0.000000e+00
-1.000000e+00 -1.500000e+00 0.000000e+00 5.722212e-15 -3.514870e-15 0.000000e+00
-1.000000e+00 -1.250000e+00 0.000000e+00 1.000019e-14 -7.486057e-15 0.000000e+00
-1.000000e+00 -1.000000e+00 0.000000e+00 1.403828e-14 -1.342289e-14 0.000000e+00
-1.000000e+00 -7.500000e-01 0.000000e+00 1.563236e-14 -2.061913e-14 0.000000e+00
-1.000000e+00 -5.000000e-01 0.000000e+00 1.320372e-14 -2.756778e-14 0.000000e+00
-1.000000e+00 -2.500000e-01 0.000000e+00 7.132675e-15 -3.256053e-14 0.000000e+00
-1.000000e+00 0.000000e+00 0.000000e+00 -3.797295e-16 -3.443933e-14 0.000000e+00
-1.000000e+00 2.500000e-01 0.000000e+00 -6.879634e-15 -3.297273e-14 0.000000e+00
-1.000000e+00 5.000000e-01 0.000000e+00 -1.104836e-14 -2.871769e-14 0.000000e+00
-1.000000e+00 7.500000e-01 0.000000e+00 -1.273069e-14 -2.267477e-14 0.000000e+00
-1.000000e+00 1.000000e+00 0.000000e+00 -1.221872e-14 -1.603118e-14 0.000000e+00
-1.000000e+00 1.250000e+00 0.000000e+00 -9.975370e-15 -9.955708e-15 0.000000e+00
-1.000000e+00 1.500000e+00 0.000000e+00 -6.820671e-15 -5.306441e-15 0.000000e+00
-1.000000e+00 1.750000e+00 0.000000e+00 -3.810590e-15 -2.366868e-15 0.000000e+00
-1.000000e+00 2.000000e+00 0.000000e+00 -1.694327e-15 -8.596414e-16 0.000000e+00
-1.000000e+00 2.250000e+00 0.000000e+00 -5.827920e-16 -2.465664e-16 0.000000e+00
-1.000000e+00 2.500000e+00 0.000000e+00 -1.499350e-16 -5.384888e-17 0.000000e+00
-7.500000e-01 -2.500000e+00 0.000000e+00 9.316865e-17 -2.701687e-17 0.000000e+00
-7.500000e-01 -2.250000e+00 0.000000e+00 4.298744e-16 -1.412739e-16 0.000000e+00
-7.500000e-01 -2.000000e+00 0.000000e+00 1.484600e-15 -5.533398e-16 0.000000e+00
-7.500000e-01 -1.750000e+00 0.000000e+00 3.971304e-15 -1.689321e-15 0.000000e+00
-7.500000e-01 -1.500000e+00 0.000000e+00 8.427158e-15 -4.148595e-15 0.000000e+00
-7.500000e-01 -1.250000e+00 0.000000e+00 1.439367e-14 -8.414153e-15 0.000000e+00
-7.500000e-01 -1.000000e+00 0.000000e+00 1.988196e-14 -1.442571e-14 0.000000e+00
-7.500000e-01 -7.500000e-01 0.000000e+00 2.201888e-14 -2.135738e-14 0.000000e+00
-7.500000e-01 -5.000000e-01 0.000000e+00 1.884944e-14 -2.784964e-14 0.000000e+00
-7.500000e-01 -2.500000e-01 0.000000e+00 1.086143e-14 -3.254065e-14 0.000000e+00
-7.500000e-01 0.000000e+00 0.000000e+00 7.045558e-16 -3.450512e-14 0.000000e+00
-7.500000e-01 2.500000e-01 0.000000e+00 -8.631697e-15 -3.340363e-14 0.000000e+00
-7.500000e-01 5.000000e-01 0.000000e+00 -1.530677e-14 -2.946843e-14 0.000000e+00
-7.500000e-01 7.500000e-01 0.000000e+00 -1.864400e-14 -2.347578e-14 0.000000e+00
-7.500000e-01 1.000000e+00 0.000000e+00 -1.853463e-14 -1.664421e-14 0.000000e+00
-7.500000e-01 1.250000e+00 0.000000e+00 -1.543652e-14 -1.031412e-14 0.000000e+00
-7.500000e-01 1.500000e+00 0.000000e+00 -1.066643e-14 -5.473678e-15 0.000000e+00
-7.500000e-01 1.750000e+00 0.000000e+00 -5.997786e-15 -2.432382e-15 0.000000e+00
-7.500000e-01 2.000000e+00 0.000000e+00 -2.683051e-15 -8.824950e-16 0.000000e+00
-7.500000e-01 2.250000e+00 0.000000e+00 -9.300425e-16 -2.538377e-16 0.000000e+00
-7.500000e-01 2.500000e+00 0.000000e+00 -2.418051e-16 -5.585296e-17 0.000000e+00
-5.000000e-01 -2.500000e+00 0.000000e+00 1.416466e-16 -3.495916e-17 0.000000e+00
-5.000000e-01 -2.250000e+00 0.000000e+00 6.314155e-16 -1.742100e-16 0.000000e+00
-5.000000e-01 -2.000000e+00 0.000000e+00 2.106044e-15 -6.491453e-16 0.000000e+00
-5.000000e-01 -1.750000e+00 0.000000e+00 5.442800e-15 -1.879566e-15 0.000000e+00
-5.000000e-01 -1.500000e+00 0.000000e+00 1.117508e-14 -4.360692e-15 0.000000e+00
-5.000000e-01 -1.250000e+00 0.000000e+00 1.852967e-14 -8.325662e-15 0.000000e+00
-5.000000e-01 -1.000000e+00 0.000000e+00 2.499600e-14 -1.341723e-14 0.000000e+00
-5.000000e-01 -7.500000e-01 0.000000e+00 2.729795e-14 -1.872849e-14 0.000000e+00
-5.000000e-01 -5.000000e-01 0.000000e+00 2.340970e-14 -2.323761e-14 0.000000e+00
-5.000000e-01 -2.500000e-01 0.000000e+00 1.396493e-14 -2.620779e-14 0.000000e+00
-5.000000e-01 0.000000e+00 0.000000e+00 1.760669e-15 -2.721445e-14 0.000000e+00
-5.000000e-01 2.500000e-01 0.000000e+00 -1.003065e-14 -2.601448e-14 0.000000e+00
-5.000000e-01 5.000000e-01 0.000000e+00 -1.913280e-14 -2.264327e-14 0.000000e+00
-5.000000e-01 7.500000e-01 0.000000e+00 -2.418246e-14 -1.766488e-14 0.000000e+00
-5.000000e-01 1.000000e+00 0.000000e+00 -2.451119e-14 -1.215287e-14 0.000000e+00
-5.000000e-01 1.250000e+00 0.000000e+00 -2.056484e-14 -7.259537e-15 0.000000e+00
-5.000000e-01 1.500000e+00 0.000000e+00 -1.422098e-14 -3.705981e-15 0.000000e+00
-5.000000e-01 1.750000e+00 0.000000e+00 -7.984466e-15 -1.587877e-15 0.000000e+00
-5.000000e-01 2.000000e+00 0.000000e+00 -3.567689e-15 -5.585994e-16 0.000000e+00
-5.000000e-01 2.250000e+00 0.000000e+00 -1.237389e-15 -1.569747e-16 0.000000e+00
-5.000000e-01 2.500000e+00 0.000000e+00 -3.226381e-16 -3.403521e-17 0.000000e+00
-2.500000e-01 -2.500000e+00 0.000000e+00 1.949233e-16 -3.574481e-17 0.000000e+00
-2.500000e-01 -2.250000e+00 0.000000e+00 8.412411e-16 -1.710421e-16 0.000000e+00
-2.500000e-01 -2.000000e+00 0.000000e+00 2.714991e-15 -6.103452e-16 0.000000e+00
-2.500000e-01 -1.750000e+00 0.000000e+00 6.784910e-15 -1.683184e-15 0.000000e+00
-2.500000e-01 -1.500000e+00 0.000000e+00 1.347052e-14 -3.688967e-15 0.000000e+00
-2.500000e-01 -1.250000e+00 0.000000e+00 2.162929e-14 -6.582298e-15 0.000000e+00
-2.500000e-01 -1.000000e+00 0.000000e+00 2.836589e-14 -9.796150e-15 0.000000e+00
-2.500000e-01 -7.500000e-01 0.000000e+00 3.033916e-14 -1.250511e-14 0.000000e+00
-2.500000e-01 -5.000000e-01 0.000000e+00 2.577275e-14 -1.415349e-14 0.000000e+00
-2.500000e-01 -2.500000e-01 0.000000e+00 1.547222e-14 -1.466806e-14 0.000000e+00
-2.500000e-01 0.000000e+00 0.000000e+00 2.101727e-15 -1.414881e-14 0.000000e+00
-2.500000e-01 2.500000e-01 0.000000e+00 -1.129071e-14 -1.256457e-14 0.000000e+00
-2.500000e-01 5.000000e-01 0.000000e+00 -2.210609e-14 -9.941446e-15 0.000000e+00
-2.500000e-01 7.500000e-01 0.000000e+00 -2.829720e-14 -6.732239e-15 0.000000e+00
-2.500000e-01 1.000000e+00 0.000000e+00 -2.871683e-14 -3.742835e-15 0.000000e+00
-2.500000e-01 1.250000e+00 0.000000e+00 -2.393172e-14 -1.622624e-15 0.000000e+00
-2.500000e-01 1.500000e+00 0.000000e+00 -1.637702e-14 -4.978467e-16 0.000000e+00
-2.500000e-01 1.750000e+00 0.000000e+00 -9.093985e-15 -7.539409e-17 0.000000e+00
-2.500000e-01 2.000000e+00 0.000000e+00 -4.023492e-15 1.744255e-17 0.000000e+00
-2.500000e-01 2.250000e+00 0.000000e+00 -1.384329e-15 1.535847e-17 0.000000e+00
-2.500000e-01 2.500000e+00 0.000000e+00 -3.587667e-16 5.106777e-18 0.000000e+00
0.000000e+00 -2.500000e+00 0.000000e+00 2.350446e-16 -2.214066e-17 0.000000e+00
0.000000e+00 -2.250000e+00 0.000000e+00 9.903593e-16 -1.016576e-16 0.000000e+00
0.000000e+00 -2.000000e+00 0.000000e+00 3.117056e-15 -3.440111e-16 0.000000e+00
0.000000e+00 -1.750000e+00 0.000000e+00 7.585374e-15 -8.830778e-16 0.000000e+00
0.000000e+00 -1.500000e+00 0.000000e+00 1.464571e-14 -1.748555e-15 0.000000e+00
0.000000e+00 -1.250000e+00 0.000000e+00 2.286465e-14 -2.684073e-15 0.000000e+00
0.000000e+00 -1.000000e+00 0.000000e+00 2.921243e-14 -3.160146e-15 0.000000e+00
0.000000e+00 -7.500000e-01 0.000000e+00 3.059409e-14 -2.728930e-15 0.000000e+00
0.000000e+00 -5.000000e-01 0.000000e+00 2.564560e-14 -1.431630e-15 0.000000e+00
0.000000e+00 -2.500000e-01 0.000000e+00 1.525248e-14 2.458578e-16 0.000000e+00
0.000000e+00 0.000000e+00 0.000000e+00 1.712015e-15 1.863407e-15 0.000000e+00
0.000000e+00 2.500000e-01 0.000000e+00 -1.222755e-14 3.324088e-15 0.000000e+00
0.000000e+00 5.000000e-01 0.000000e+00 -2.372469e-14 4.600954e-15 0.000000e+00
0.000000e+00 7.500000e-01 0.000000e+00 -3.017958e-14 5.384198e-15 0.000000e+00
0.000000e+00 1.000000e+00 0.000000e+00 -3.021369e-14 5.260066e-15 0.000000e+00
0.000000e+00 1.250000e+00 0.000000e+00 -2.470081e-14 4.205867e-15 0.000000e+00
0.000000e+00 1.500000e+00 0.000000e+00 -1.654432e-14 2.713898e-15 0.000000e+00
0.000000e+00 1.750000e+00 0.000000e+00 -8.993651e-15 1.396163e-15 0.000000e+00
0.000000e+00 2.000000e+00 0.000000e+00 -3.901218e-15 5.642996e-16 0.000000e+00
0.000000e+00 2.250000e+00 0.000000e+00 -1.318408e-15 1.755697e-16 0.000000e+00
0.000000e+00 2.500000e+00 0.000000e+00 -3.361482e-16 4.084227e-17 0.000000e+00
2.500000e-01 -2.500000e+00 0.000000e+00 2.414640e-16 3.265503e-18 0.000000e+00
2.500000e-01 -2.250000e+00 0.000000e+00 1.003941e-15 2.013258e-17 0.000000e+00
2.500000e-01 -2.000000e+00 0.000000e+00 3.113016e-15 9.581922e-17 0.000000e+00
2.500000e-01 -1.750000e+00 0.000000e+00 7.449396e-15 3.582708e-16 0.000000e+00
2.500000e-01 -1.500000e+00 0.000000e+00 1.412025e-14 1.071385e-15 0.000000e+00
2.500000e-01 -1.250000e+00 0.000000e+00 2.162866e-14 2.604720e-15 0.000000e+00
2.500000e-01 -1.000000e+00 0.000000e+00 2.715793e-14 5.225920e-15 0.000000e+00
2.500000e-01 -7.500000e-01 0.000000e+00 2.809411e-14 8.783610e-15 0.000000e+00
2.500000e-01 -5.000000e-01 0.000000e+00 2.344355e-14 1.258499e-14 0.000000e+00
2.500000e-01 -2.500000e-01 0.000000e+00 1.393543e-14 1.571521e-14 0.000000e+00
2.500000e-01 0.000000e+00 0.000000e+00 1.290281e-15 1.756903e-14 0.000000e+00
2.500000e-01 2.500000e-01 0.000000e+00 -1.213408e-14 1.803948e-14 0.000000e+00
2.500000e-01 5.000000e-01 0.000000e+00 -2.333524e-14 1.721778e-14 0.000000e+00
2.500000e-01 7.500000e-01 0.000000e+00 -2.935261e-14 1.512656e-14 0.000000e+00
2.500000e-01 1.000000e+00 0.000000e+00 -2.880629e-14 1.190894e-14 0.000000e+00
2.500000e-01 1.250000e+00 0.000000e+00 -2.293931e-14 8.139781e-15 0.000000e+00
2.500000e-01 1.500000e+00 0.000000e+00 -1.491992e-14 4.692332e-15 0.000000e+00
2.500000e-01 1.750000e+00 0.000000e+00 -7.871571e-15 2.223973e-15 0.000000e+00
2.500000e-01 2.000000e+00 0.000000e+00 -3.316714e-15 8.454072e-16 0.000000e+00
2.500000e-01 2.250000e+00 0.000000e+00 -1.090215e-15 2.507404e-16 0.000000e+00
2.500000e-01 2.500000e+00 0.000000e+00 -2.706620e-16 5.607603e-17 0.000000e+00
5.000000e-01 -2.500000e+00 0.000000e+00 2.077679e-16 2.722721e-17 0.000000e+00
5.000000e-01 -2.250000e+00 0.000000e+00 8.610885e-16 1.338888e-16 0.000000e+00
5.000000e-01 -2.000000e+00 0.000000e+00 2.656141e-15 5.012821e-16 0.000000e+00
5.000000e-01 -1.750000e+00 0.000000e+00 6.310828e-15 1.483323e-15 0.000000e+00
5.000000e-01 -1.500000e+00 0.000000e+00 1.186171e-14 3.573767e-15 0.000000e+00
5.000000e-01 -1.250000e+00 0.000000e+00 1.802281e-14 7.183233e-15 0.000000e+00
5.000000e-01 -1.000000e+00 0.000000e+00 2.252396e-14 1.229312e-14 0.000000e+00
5.000000e-01 -7.500000e-01 0.000000e+00 2.337099e-14 1.823328e-14 0.000000e+00
5.000000e-01 -5.000000e-01 0.000000e+00 1.980023e-14 2.382787e-14 0.000000e+00
5.000000e-01 -2.500000e-01 0.000000e+00 1.214802e-14 2.787656e-14 0.000000e+00
5.000000e-01 0.000000e+00 0.000000e+00 1.422757e-15 2.962529e-14 0.000000e+00
5.000000e-01 2.500000e-01 0.000000e+00 -1.048443e-14 2.889011e-14 0.000000e+00
5.000000e-01 5.000000e-01 0.000000e+00 -2.058633e-14 2.588460e-14 0.000000e+00
5.000000e-01 7.500000e-01 0.000000e+00 -2.581587e-14 2.109704e-14 0.000000e+00
5.000000e-01 1.000000e+00 0.000000e+00 -2.491055e-14 1.534589e-14 0.000000e+00
5.000000e-01 1.250000e+00 0.000000e+00 -1.932867e-14 9.728972e-15 0.000000e+00
5.000000e-01 1.500000e+00 0.000000e+00 -1.218463e-14 5.244416e-15 0.000000e+00
5.000000e-01 1.750000e+00 0.000000e+00 -6.215050e-15 2.344648e-15 0.000000e+00
5.000000e-01 2.000000e+00 0.000000e+00 -2.530047e-15 8.469214e-16 0.000000e+00
5.000000e-01 2.250000e+00 0.000000e+00 -8.036736e-16 2.399246e-16 0.000000e+00
5.000000e-01 2.500000e+00 0.000000e+00 -1.929123e-16 5.139311e-17 0.000000e+00
7.500000e-01 -2.500000e+00 0.000000e+00 1.483593e-16 3.750943e-17 0.000000e+00
7.500000e-01 -2.250000e+00 0.000000e+00 6.182989e-16 1.836911e-16 0.000000e+00
7.500000e-01 -2.000000e+00 0.000000e+00 1.913009e-15 6.801630e-16 0.000000e+00
7.500000e-01 -1.750000e+00 0.000000e+00 4.550269e-15 1.977961e-15 0.000000e+00
7.500000e-01 -1.500000e+00 0.000000e+00 8.556656e-15 4.659633e-15 0.000000e+00
7.500000e-01 -1.250000e+00 0.000000e+00 1.303149e-14 9.132125e-15 0.000000e+00
7.500000e-01 -1.000000e+00 0.000000e+00 1.642322e-14 1.524814e-14 0.000000e+00
7.500000e-01 -7.500000e-01 0.000000e+00 1.738438e-14 2.216670e-14 0.000000e+00
7.500000e-01 -5.000000e-01 0.000000e+00 1.528574e-14 2.860203e-14 0.000000e+00
7.500000e-01 -2.500000e-01 0.000000e+00 1.002208e-14 3.326468e-14 0.000000e+00
7.500000e-01 0.000000e+00 0.000000e+00 1.931276e-15 3.520142e-14 0.000000e+00
7.500000e-01 2.500000e-01 0.000000e+00 -7.619621e-15 3.395965e-14 0.000000e+00
7.500000e-01 5.000000e-01 0.000000e+00 -1.594988e-14 2.969956e-14 0.000000e+00
7.500000e-01 7.500000e-01 0.000000e+00 -2.022275e-14 2.327189e-14 0.000000e+00
7.500000e-01 1.000000e+00 0.000000e+00 -1.934913e-14 1.608336e-14 0.000000e+00
7.500000e-01 1.250000e+00 0.000000e+00 -1.471915e-14 9.627604e-15 0.000000e+00
7.500000e-01 1.500000e+00 0.000000e+00 -9.032579e-15 4.893886e-15 0.000000e+00
7.500000e-01 1.750000e+00 0.000000e+00 -4.466001e-15 2.066791e-15 0.000000e+00
7.500000e-01 2.000000e+00 0.000000e+00 -1.758429e-15 7.073066e-16 0.000000e+00
7.500000e-01 2.250000e+00 0.000000e+00 -5.398272e-16 1.903911e-16 0.000000e+00
7.500000e-01 2.500000e+00 0.000000e+00 -1.252511e-16 3.883404e-17 0.000000e+00
1.000000e+00 -2.500000e+00 0.000000e+00 8.731423e-17 3.289420e-17 0.000000e+00
1.000000e+00 -2.250000e+00 0.000000e+00 3.687263e-16 1.629521e-16 0.000000e+00
1.000000e+00 -2.000000e+00 0.000000e+00 1.152297e-15 6.075445e-16 0.000000e+00
1.000000e+00 -1.750000e+00 0.000000e+00 2.762610e-15 1.772239e-15 0.000000e+00
1.000000e+00 -1.500000e+00 0.000000e+00 5.235495e-15 4.176762e-15 0.000000e+00
1.000000e+00 -1.250000e+00 0.000000e+00 8.062117e-15 8.182557e-15 0.000000e+00
1.000000e+00 -1.000000e+00 0.000000e+00 1.036114e-14 1.368163e-14 0.000000e+00
1.000000e+00 -7.500000e-01 0.000000e+00 1.134604e-14 2.000796e-14 0.000000e+00
1.000000e+00 -5.000000e-01 0.000000e+00 1.051774e-14 2.612675e-14 0.000000e+00
1.000000e+00 -2.500000e-01 0.000000e+00 7.500244e-15 3.088910e-14 0.000000e+00
1.000000e+00 0.000000e+00 0.000000e+00 2.188814e-15 3.321304e-14 0.000000e+00
1.000000e+00 2.500000e-01 0.000000e+00 -4.558798e-15 3.233101e-14 0.000000e+00
1.000000e+00 5.000000e-01 0.000000e+00 -1.065775e-14 2.819035e-14 0.000000e+00
1.000000e+00 7.500000e-01 0.000000e+00 -1.383778e-14 2.172207e-14 0.000000e+00
1.000000e+00 1.000000e+00 0.000000e+00 -1.324113e-14 1.458115e-14 0.000000e+00
1.000000e+00 1.250000e+00 0.000000e+00 -9.951310e-15 8.400324e-15 0.000000e+00
1.000000e+00 1.500000e+00 0.000000e+00 -5.987673e-15 4.086762e-15 0.000000e+00
1.000000e+00 1.750000e+00 0.000000e+00 -2.888788e-15 1.647879e-15 0.000000e+00
1.000000e+00 2.000000e+00 0.000000e+00 -1.106691e-15 5.384252e-16 0.000000e+00
1.000000e+00 2.250000e+00 0.000000e+00 -3.301256e-16 1.385980e-16 0.000000e+00
1.000000e+00 2.500000e+00 0.000000e+00 -7.442636e-17 2.711657e-17 0.000000e+00
1.250000e+00 -2.500000e+00 0.000000e+00 4.197891e-17 2.110774e-17 0.000000e+00
1.250000e+00 -2.250000e+00 0.000000e+00 1.809535e-16 1.067037e-16 0.000000e+00
1.250000e+00 -2.000000e+00 0.000000e+00 5.747540e-16 4.040388e-16 0.000000e+00
1.250000e+00 -1.750000e+00 0.000000e+00 1.396830e-15 1.192768e-15 0.000000e+00
1.250000e+00 -1.500000e+00 0.000000e+00 2.683222e-15 2.839100e-15 0.000000e+00
1.250000e+00 -1.250000e+00 0.000000e+00 4.205693e-15 5.618100e-15 0.000000e+00
1.250000e+00 -1.000000e+00 0.000000e+00 5.556872e-15 9.515402e-15 0.000000e+00
1.250000e+00 -7.500000e-01 0.000000e+00 6.351338e-15 1.416986e-14 0.000000e+00
1.250000e+00 -5.000000e-01 0.000000e+00 6.248328e-15 1.895101e-14 0.000000e+00
1.250000e+00 -2.500000e-01 0.000000e+00 4.842931e-15 2.301970e-14 0.000000e+00
1.250000e+00 0.000000e+00 0.000000e+00 1.873023e-15 2.538061e-14 0.000000e+00
1.250000e+00 2.500000e-01 0.000000e+00 -2.208918e-15 2.515412e-14 0.000000e+00
1.250000e+00 5.000000e-01 0.000000e+00 -6.039372e-15 2.210021e-14 0.000000e+00
1.250000e+00 7.500000e-01 0.000000e+00 -8.092553e-15 1.697031e-14 0.000000e+00
1.250000e+00 1.000000e+00 0.000000e+00 -7.785330e-15 1.123864e-14 0.000000e+00
1.250000e+00 1.250000e+00 0.000000e+00 -5.812047e-15 6.336613e-15 0.000000e+00
1.250000e+00 1.500000e+00 0.000000e+00 -3.448830e-15 2.999873e-15 0.000000e+00
1.250000e+00 1.750000e+00 0.000000e+00 -1.633220e-15 1.173132e-15 0.000000e+00
1.250000e+00 2.000000e+00 0.000000e+00 -6.122410e-16 3.712877e-16 0.000000e+00
1.250000e+00 2.250000e+00 0.000000e+00 -1.783620e-16 9.264623e-17 0.000000e+00
1.250000e+00 2.500000e+00 0.000000e+00 -3.923396e-17 1.762164e-17 0.000000e+00
1.500000e+00 -2.500000e+00 0.000000e+00 1.625860e-17 1.027294e-17 0.000000e+00
1.500000e+00 -2.250000e+00 0.000000e+00 7.210684e-17 5.343296e-17 0.000000e+00
1.500000e+00 -2.000000e+00 0.000000e+00 2.342426e-16 2.069354e-16 0.000000e+00
1.500000e+00 -1.750000e+00 0.000000e+00 5.800414e-16 6.221330e-16 0.000000e+00
1.500000e+00 -1.500000e+00 0.000000e+00 1.134554e-15 1.504535e-15 0.000000e+00
1.500000e+00 -1.250000e+00 0.000000e+00 1.818500e-15 3.025488e-15 0.000000e+00
1.500000e+00 -1.000000e+00 0.000000e+00 2.482664e-15 5.223920e-15 0.000000e+00
1.500000e+00 -7.500000e-01 0.000000e+00 2.973737e-15 7.973274e-15 0.000000e+00
1.500000e+00 -5.000000e-01 0.000000e+00 3.103884e-15 1.098507e-14 0.000000e+00
1.500000e+00 -2.500000e-01 0.000000e+00 2.589358e-15 1.376665e-14 0.000000e+00
1.500000e+00 0.000000e+00 0.000000e+00 1.205996e-15 1.560423e-14 0.000000e+00
1.500000e+00 2.500000e-01 0.000000e+00 -8.515057e-16 1.577914e-14 0.000000e+00
1.500000e+00 5.000000e-01 0.000000e+00 -2.850683e-15 1.401472e-14 0.000000e+00
1.500000e+00 7.500000e-01 0.000000e+00 -3.951348e-15 1.078048e-14 0.000000e+00
1.500000e+00 1.000000e+00 0.000000e+00 -3.827206e-15 7.095155e-15 0.000000e+00
1.500000e+00 1.250000e+00 0.000000e+00 -2.843572e-15 3.949969e-15 0.000000e+00
1.500000e+00 1.500000e+00 0.000000e+00 -1.667931e-15 1.837346e-15 0.000000e+00
1.500000e+00 1.750000e+00 0.000000e+00 -7.770998e-16 7.035301e-16 0.000000e+00
1.500000e+00 2.000000e+00 0.000000e+00 -2.855578e-16 2.175398e-16 0.000000e+00
1.500000e+00 2.250000e+00 0.000000e+00 -8.128721e-17 5.297203e-17 0.000000e+00
1.500000e+00 2.500000e+00 0.000000e+00 -1.741602e-17 9.830061e-18 0.000000e+00
1.750000e+00 -2.500000e+00 0.000000e+00 4.967854e-18 3.795462e-18 0.000000e+00
1.750000e+00 -2.250000e+00 0.000000e+00 2.288183e-17 2.051008e-17 0.000000e+00
1.750000e+00 -2.000000e+00 0.000000e+00 7.655873e-17 8.185826e-17 0.000000e+00
1.750000e+00 -1.750000e+00 0.000000e+00 1.941507e-16 2.521189e-16 0.000000e+00
1.750000e+00 -1.500000e+00 0.000000e+00 3.881340e-16 6.224479e-16 0.000000e+00
1.750000e+00 -1.250000e+00 0.000000e+00 6.380383e-16 1.277210e-15 0.000000e+00
1.750000e+00 -1.000000e+00 0.000000e+00 9.021574e-16 2.256592e-15 0.000000e+00
1.750000e+00 -7.500000e-01 0.000000e+00 1.133143e-15 3.541935e-15 0.000000e+00
1.750000e+00 -5.000000e-01 0.000000e+00 1.250353e-15 5.038489e-15 0.000000e+00
1.750000e+00 -2.500000e-01 0.000000e+00 1.110138e-15 6.518964e-15 0.000000e+00
1.750000e+00 0.000000e+00 0.000000e+00 5.864105e-16 7.591096e-15 0.000000e+00
1.750000e+00 2.500000e-01 0.000000e+00 -2.548606e-16 7.823407e-15 0.000000e+00
1.750000e+00 5.000000e-01 0.000000e+00 -1.097461e-15 7.020269e-15 0.000000e+00
1.750000e+00 7.500000e-01 0.000000e+00 -1.570678e-15 5.411799e-15 0.000000e+00
1.750000e+00 1.000000e+00 0.000000e+00 -1.529318e-15 3.544619e-15 0.000000e+00
1.750000e+00 1.250000e+00 0.000000e+00 -1.129694e-15 1.952467e-15 0.000000e+00
1.750000e+00 1.500000e+00 0.000000e+00 -6.543832e-16 8.942787e-16 0.000000e+00
1.750000e+00 1.750000e+00 0.000000e+00 -2.995464e-16 3.357945e-16 0.000000e+00
1.750000e+00 2.000000e+00 0.000000e+00 -1.076377e-16 1.014349e-16 0.000000e+00
1.750000e+00 2.250000e+00 0.000000e+00 -2.980851e-17 2.403346e-17 0.000000e+00
1.750000e+00 2.500000e+00 0.000000e+00 -6.174809e-18 4.319385e-18 0.000000e+00
2.000000e+00 -2.500000e+00 0.000000e+00 1.163832e-18 1.045275e-18 0.000000e+00
2.000000e+00 -2.250000e+00 0.000000e+00 5.630283e-18 5.938437e-18 0.000000e+00
2.000000e+00 -2.000000e+00 0.000000e+00 1.956454e-17 2.464820e-17 0.000000e+00
2.000000e+00 -1.750000e+00 0.000000e+00 5.109771e-17 7.828829e-17 0.000000e+00
2.000000e+00 -1.500000e+00 0.000000e+00 1.047482e-16 1.982350e-16 0.000000e+00
2.000000e+00 -1.250000e+00 0.000000e+00 1.768713e-16 4.163639e-16 0.000000e+00
2.000000e+00 -1.000000e+00 0.000000e+00 2.590949e-16 7.543958e-16 0.000000e+00
2.000000e+00 -7.500000e-01 0.000000e+00 3.408100e-16 1.219435e-15 0.000000e+00
2.000000e+00 -5.000000e-01 0.000000e+00 3.958954e-16 1.791957e-15 0.000000e+00
2.000000e+00 -2.500000e-01 0.000000e+00 3.706651e-16 2.391885e-15 0.000000e+00
2.000000e+00 0.000000e+00 0.000000e+00 2.140966e-16 2.856500e-15 0.000000e+00
2.000000e+00 2.500000e-01 0.000000e+00 -5.706818e-17 2.994133e-15 0.000000e+00
2.000000e+00 5.000000e-01 0.000000e+00 -3.357648e-16 2.709071e-15 0.000000e+00
2.000000e+00 7.500000e-01 0.000000e+00 -4.940417e-16 2.089202e-15 0.000000e+00
2.000000e+00 1.000000e+00 0.000000e+00 -4.819803e-16 1.359589e-15 0.000000e+00
2.000000e+00 1.250000e+00 0.000000e+00 -3.529300e-16 7.396693e-16 0.000000e+00
2.000000e+00 1.500000e+00 0.000000e+00 -2.012435e-16 3.328189e-16 0.000000e+00
2.000000e+00 1.750000e+00 0.000000e+00 -9.014364e-17 1.221220e-16 0.000000e+00
2.000000e+00 2.000000e+00 0.000000e+00 -3.150013e-17 3.583986e-17 0.000000e+00
2.000000e+00 2.250000e+00 0.000000e+00 -8.419857e-18 8.192098e-18 0.000000e+00
2.000000e+00 2.500000e+00 0.000000e+00 -1.667691e-18 1.407908e-18 0.000000e+00
2.250000e+00 -2.500000e+00 0.000000e+00 2.018268e-19 2.081957e-19 0.000000e+00
2.250000e+00 -2.250000e+00 0.000000e+00 1.037784e-18 1.259435e-18 0.000000e+00
2.250000e+00 -2.000000e+00 0.000000e+00 3.782191e-18 5.495724e-18 0.000000e+00
2.250000e+00 -1.750000e+00 0.000000e+00 1.023916e-17 1.814275e-17 0.000000e+00
2.250000e+00 -1.500000e+00 0.000000e+00 2.159002e-17 4.735188e-17 0.000000e+00
2.250000e+00 -1.250000e+00 0.000000e+00 3.745618e-17 1.020754e-16 0.000000e+00
2.250000e+00 -1.000000e+00 0.000000e+00 5.676567e-17 1.898754e-16 0.000000e+00
2.250000e+00 -7.500000e-01 0.000000e+00 7.802375e-17 3.161823e-16 0.000000e+00
2.250000e+00 -5.000000e-01 0.000000e+00 9.508583e-17 4.798552e-16 0.000000e+00
2.250000e+00 -2.500000e-01 0.000000e+00 9.329631e-17 6.601912e-16 0.000000e+00
2.250000e+00 0.000000e+00 0.000000e+00 5.763795e-17 8.073842e-16 0.000000e+00
2.250000e+00 2.500000e-01 0.000000e+00 -8.981222e-18 8.590802e-16 0.000000e+00
2.250000e+00 5.000000e-01 0.000000e+00 -7.898861e-17 7.820256e-16 0.000000e+00
2.250000e+00 7.500000e-01 0.000000e+00 -1.188454e-16 6.018165e-16 0.000000e+00
2.250000e+00 1.000000e+00 0.000000e+00 -1.156960e-16 3.879791e-16 0.000000e+00
2.250000e+00 1.250000e+00 0.000000e+00 -8.363800e-17 2.077219e-16 0.000000e+00
2.250000e+00 1.500000e+00 0.000000e+00 -4.672671e-17 9.139396e-17 0.000000e+00
2.250000e+00 1.750000e+00 0.000000e+00 -2.036226e-17 3.256873e-17 0.000000e+00
2.250000e+00 2.000000e+00 0.000000e+00 -6.866616e-18 9.207998e-18 0.000000e+00
2.250000e+00 2.250000e+00 0.000000e+00 -1.753527e-18 2.007412e-18 0.000000e+00
2.250000e+00 2.500000e+00 0.000000e+00 -3.279309e-19 3.252504e-19 0.000000e+00
2.500000e+00 -2.500000e+00 0.000000e+00 2.508545e-20 2.912067e-20 0.000000e+00
2.500000e+00 -2.250000e+00 0.000000e+00 1.375977e-19 1.883068e-19 0.000000e+00
2.500000e+00 -2.000000e+00 0.000000e+00 5.307777e-19 8.728654e-19 0.000000e+00
2.500000e+00 -1.750000e+00 0.000000e+00 1.499620e-18 3.020969e-18 0.000000e+00
2.500000e+00 -1.500000e+00 0.000000e+00 3.260979e-18 8.170623e-18 0.000000e+00
2.500000e+00 -1.250000e+00 0.000000e+00 5.803795e-18 1.811641e-17 0.000000e+00
2.500000e+00 -1.000000e+00 0.000000e+00 9.066346e-18 3.459687e-17 0.000000e+00
2.500000e+00 -7.500000e-01 0.000000e+00 1.297961e-17 5.930560e-17 0.000000e+00
2.500000e+00 -5.000000e-01 0.000000e+00 1.655643e-17 9.290127e-17 0.000000e+00
2.500000e+00 -2.500000e-01 0.000000e+00 1.696745e-17 1.316799e-16 0.000000e+00
2.500000e+00 0.000000e+00 0.000000e+00 1.106665e-17 1.647847e-16 0.000000e+00
2.500000e+00 2.500000e-01 0.000000e+00 -8.756680e-19 1.777589e-16 0.000000e+00
2.500000e+00 5.000000e-01 0.000000e+00 -1.367831e-17 1.624847e-16 0.000000e+00
2.500000e+00 7.500000e-01 0.000000e+00 -2.092563e-17 1.244385e-16 0.000000e+00
2.500000e+00 1.000000e+00 0.000000e+00 -2.023549e-17 7.918442e-17 0.000000e+00
2.500000e+00 1.250000e+00 0.000000e+00 -1.437197e-17 4.152531e-17 0.000000e+00
2.500000e+00 1.500000e+00 0.000000e+00 -7.822062e-18 1.775729e-17 0.000000e+00
2.500000e+00 1.750000e+00 0.000000e+00 -3.292670e-18 6.097277e-18 0.000000e+00
2.500000e+00 2.000000e+00 0.000000e+00 -1.062040e-18 1.644032e-18 0.000000e+00
2.500000e+00 2.250000e+00 0.000000e+00 -2.564473e-19 3.378278e-19 0.000000e+00
2.500000e+00 2.500000e+00 0.000000e+00 -4.496638e-20 5.117201e-20 0.000000e+00
