1.836457e+00 4.650530e+00 0.000000e+00 -5.000000e+00 -2.032833e-26 -4.776054e-26 2.358725e-27 5.190674e-26
1.799728e+00 4.557519e+00 0.000000e+00 -4.900000e+00 -5.478803e-26 -1.298742e-25 9.312065e-27 1.409575e-25
1.762998e+00 4.464509e+00 0.000000e+00 -4.800000e+00 -1.367910e-25 -3.276606e-25 3.352259e-26 3.550680e-25
1.726269e+00 4.371498e+00 0.000000e+00 -4.700000e+00 -3.145117e-25 -7.628605e-25 1.095989e-25 8.251507e-25
1.689540e+00 4.278487e+00 0.000000e+00 -4.600000e+00 -6.620653e-25 -1.630734e-24 3.236981e-25 1.760007e-24
1.652811e+00 4.185477e+00 0.000000e+00 -4.500000e+00 -1.272730e-24 -3.194466e-24 8.572246e-25 3.438671e-24
1.616082e+00 4.092466e+00 0.000000e+00 -4.400000e+00 -2.256488e-24 -5.786774e-24 2.013995e-24 6.211159e-24
1.579353e+00 3.999456e+00 0.000000e+00 -4.300000e+00 -3.855472e-24 -1.006675e-23 4.135312e-24 1.077980e-23
1.542624e+00 3.906445e+00 0.000000e+00 -4.200000e+00 -7.023385e-24 -1.831676e-23 7.277992e-24 1.961712e-23
1.505894e+00 3.813434e+00 0.000000e+00 -4.100000e+00 -1.511294e-23 -3.829341e-23 1.081470e-23 4.116778e-23
1.469165e+00 3.720424e+00 0.000000e+00 -4.000000e+00 -3.732147e-23 -9.125937e-23 1.423598e-23 9.859597e-23
1.432436e+00 3.627413e+00 0.000000e+00 -3.900000e+00 -9.446909e-23 -2.255637e-22 2.234249e-23 2.445473e-22
1.395707e+00 3.534403e+00 0.000000e+00 -3.800000e+00 -2.344826e-22 -5.512974e-22 5.747863e-23 5.990917e-22
1.358978e+00 3.441392e+00 0.000000e+00 -3.700000e+00 -6.154866e-22 -1.421026e-21 1.688435e-22 1.548593e-21
1.322249e+00 3.348381e+00 0.000000e+00 -3.600000e+00 -1.938173e-21 -4.374912e-21 3.978300e-22 4.785015e-21
1.285520e+00 3.255371e+00 0.000000e+00 -3.500000e+00 -7.260646e-21 -1.614286e-20 6.727713e-22 1.770054e-20
1.248791e+00 3.162360e+00 0.000000e+00 -3.400000e+00 -2.829865e-20 -6.264162e-20 1.025538e-21 6.873708e-20
1.212061e+00 3.069350e+00 0.000000e+00 -3.300000e+00 -1.041447e-19 -2.308083e-19 4.533835e-21 2.532165e-19
1.175332e+00 2.976339e+00 0.000000e+00 -3.200000e+00 -3.500147e-19 -7.780509e-19 3.197459e-20 8.531551e-19
1.138603e+00 2.883328e+00 0.000000e+00 -3.100000e+00 -1.070186e-18 -2.386812e-18 1.742746e-19 2.615754e-18
1.101874e+00 2.790318e+00 0.000000e+00 -3.000000e+00 -2.992988e-18 -6.695961e-18 7.462119e-19 7.334431e-18
1.065145e+00 2.697307e+00 0.000000e+00 -2.900000e+00 -7.711899e-18 -1.730116e-17 2.674539e-18 1.894211e-17
1.028416e+00 2.604297e+00 0.000000e+00 -2.800000e+00 -1.843340e-17 -4.145549e-17 8.364402e-18 4.536902e-17
9.916866e-01 2.511286e+00 0.000000e+00 -2.700000e+00 -4.111731e-17 -9.267000e-17 2.343681e-17 1.013823e-16
9.549575e-01 2.418275e+00 0.000000e+00 -2.600000e+00 -8.602499e-17 -1.942559e-16 5.988254e-17 2.124515e-16
9.182283e-01 2.325265e+00 0.000000e+00 -2.500000e+00 -1.695440e-16 -3.835185e-16 1.412714e-16 4.193228e-16
8.814992e-01 2.232254e+00 0.000000e+00 -2.400000e+00 -3.159408e-16 -7.158189e-16 3.105786e-16 7.824419e-16
8.447701e-01 2.139244e+00 0.000000e+00 -2.300000e+00 -5.584619e-16 -1.267189e-15 6.408494e-16 1.384791e-15
8.080409e-01 2.046233e+00 0.000000e+00 -2.200000e+00 -9.390024e-16 -2.133717e-15 1.248189e-15 2.331195e-15
7.713118e-01 1.953222e+00 0.000000e+00 -2.100000e+00 -1.505579e-15 -3.425948e-15 2.305597e-15 3.742177e-15
7.345827e-01 1.860212e+00 0.000000e+00 -2.000000e+00 -2.307070e-15 -5.257026e-15 4.054895e-15 5.740984e-15
6.978535e-01 1.767201e+00 0.000000e+00 -1.900000e+00 -3.385223e-15 -7.724529e-15 6.813064e-15 8.433746e-15
6.611244e-01 1.674191e+00 0.000000e+00 -1.800000e+00 -4.764754e-15 -1.088776e-14 1.096886e-14 1.188470e-14
6.243953e-01 1.581180e+00 0.000000e+00 -1.700000e+00 -6.443121e-15 -1.474405e-14 1.696603e-14 1.609040e-14
5.876661e-01 1.488170e+00 0.000000e+00 -1.600000e+00 -8.381899e-15 -1.920864e-14 2.527093e-14 2.095776e-14
5.509370e-01 1.395159e+00 0.000000e+00 -1.500000e+00 -1.050299e-14 -2.410496e-14 3.632596e-14 2.629377e-14
5.142079e-01 1.302148e+00 0.000000e+00 -1.400000e+00 -1.268983e-14 -2.916686e-14 5.049205e-14 3.180782e-14
4.774787e-01 1.209138e+00 0.000000e+00 -1.300000e+00 -1.479659e-14 -3.405880e-14 6.798761e-14 3.713409e-14
4.407496e-01 1.116127e+00 0.000000e+00 -1.200000e+00 -1.666293e-14 -3.840928e-14 8.883337e-14 4.186796e-14
4.040205e-01 1.023117e+00 0.000000e+00 -1.100000e+00 -1.813271e-14 -4.185403e-14 1.128140e-13 4.561310e-14
3.672913e-01 9.301060e-01 0.000000e+00 -1.000000e+00 -1.907394e-14 -4.408247e-14 1.394606e-13 4.803206e-14
3.305622e-01 8.370954e-01 0.000000e+00 -9.000000e-01 -1.939503e-14 -4.487632e-14 1.680639e-13 4.888816e-14
2.938331e-01 7.440848e-01 0.000000e+00 -8.000000e-01 -1.905502e-14 -4.413445e-14 1.977124e-13 4.807227e-14
2.571039e-01 6.510742e-01 0.000000e+00 -7.000000e-01 -1.806539e-14 -4.187837e-14 2.273547e-13 4.560873e-14
2.203748e-01 5.580636e-01 0.000000e+00 -6.000000e-01 -1.648355e-14 -3.823810e-14 2.558727e-13 4.163965e-14
1.836457e-01 4.650530e-01 0.000000e+00 -5.000000e-01 -1.439983e-14 -3.342222e-14 2.821590e-13 3.639231e-14
1.469165e-01 3.720424e-01 0.000000e+00 -4.000000e-01 -1.192110e-14 -2.767971e-14 3.051858e-13 3.013766e-14
1.101874e-01 2.790318e-01 0.000000e+00 -3.000000e-01 -9.154563e-15 -2.126149e-14 3.240619e-13 2.314858e-14
7.345827e-02 1.860212e-01 0.000000e+00 -2.000000e-01 -6.196078e-15 -1.439260e-14 3.380683e-13 1.566967e-14
3.672913e-02 9.301060e-02 0.000000e+00 -1.000000e-01 -3.123968e-15 -7.257098e-15 3.466828e-13 7.900927e-15
3.771921e-16 9.551782e-16 0.000000e+00 -1.026956e-15 0.000000e+00 0.000000e+00 3.495894e-13 0.000000e+00
-3.672913e-02 -9.301060e-02 0.000000e+00 1.000000e-01 3.123968e-15 7.257098e-15 3.466828e-13 -7.900927e-15
-7.345827e-02 -1.860212e-01 0.000000e+00 2.000000e-01 6.196078e-15 1.439260e-14 3.380683e-13 -1.566967e-14
-1.101874e-01 -2.790318e-01 0.000000e+00 3.000000e-01 9.154563e-15 2.126149e-14 3.240619e-13 -2.314858e-14
-1.469165e-01 -3.720424e-01 0.000000e+00 4.000000e-01 1.192110e-14 2.767971e-14 3.051858e-13 -3.013766e-14
-1.836457e-01 -4.650530e-01 0.000000e+00 5.000000e-01 1.439983e-14 3.342222e-14 2.821590e-13 -3.639231e-14
-2.203748e-01 -5.580636e-01 0.000000e+00 6.000000e-01 1.648355e-14 3.823810e-14 2.558727e-13 -4.163965e-14
-2.571039e-01 -6.510742e-01 0.000000e+00 7.000000e-01 1.806539e-14 4.187837e-14 2.273547e-13 -4.560873e-14
-2.938331e-01 -7.440848e-01 0.000000e+00 8.000000e-01 1.905502e-14 4.413445e-14 1.977124e-13 -4.807227e-14
-3.305622e-01 -8.370954e-01 0.000000e+00 9.000000e-01 1.939503e-14 4.487632e-14 1.680639e-13 -4.888816e-14
-3.672913e-01 -9.301060e-01 0.000000e+00 1.000000e+00 1.907394e-14 4.408247e-14 1.394606e-13 -4.803206e-14
-4.040205e-01 -1.023117e+00 0.000000e+00 1.100000e+00 1.813271e-14 4.185403e-14 1.128140e-13 -4.561310e-14
-4.407496e-01 -1.116127e+00 0.000000e+00 1.200000e+00 1.666293e-14 3.840928e-14 8.883337e-14 -4.186796e-14
-4.774787e-01 -1.209138e+00 0.000000e+00 1.300000e+00 1.479659e-14 3.405880e-14 6.798761e-14 -3.713409e-14
-5.142079e-01 -1.302148e+00 0.000000e+00 1.400000e+00 1.268983e-14 2.916686e-14 5.049205e-14 -3.180782e-14
-5.509370e-01 -1.395159e+00 0.000000e+00 1.500000e+00 1.050299e-14 2.410496e-14 3.632596e-14 -2.629377e-14
-5.876661e-01 -1.488170e+00 0.000000e+00 1.600000e+00 8.381899e-15 1.920864e-14 2.527093e-14 -2.095776e-14
-6.243953e-01 -1.581180e+00 0.000000e+00 1.700000e+00 6.443121e-15 1.474405e-14 1.696603e-14 -1.609040e-14
-6.611244e-01 -1.674191e+00 0.000000e+00 1.800000e+00 4.764754e-15 1.088776e-14 1.096886e-14 -1.188470e-14
-6.978535e-01 -1.767201e+00 0.000000e+00 1.900000e+00 3.385223e-15 7.724529e-15 6.813064e-15 -8.433746e-15
-7.345827e-01 -1.860212e+00 0.000000e+00 2.000000e+00 2.307070e-15 5.257026e-15 4.054895e-15 -5.740984e-15
-7.713118e-01 -1.953222e+00 0.000000e+00 2.100000e+00 1.505579e-15 3.425948e-15 2.305597e-15 -3.742177e-15
-8.080409e-01 -2.046233e+00 0.000000e+00 2.200000e+00 9.390024e-16 2.133717e-15 1.248189e-15 -2.331195e-15
-8.447701e-01 -2.139244e+00 0.000000e+00 2.300000e+00 5.584619e-16 1.267189e-15 6.408494e-16 -1.384791e-15
-8.814992e-01 -2.232254e+00 0.000000e+00 2.400000e+00 3.159408e-16 7.158189e-16 3.105786e-16 -7.824419e-16
-9.182283e-01 -2.325265e+00 0.000000e+00 2.500000e+00 1.695440e-16 3.835185e-16 1.412714e-16 -4.193228e-16
-9.549575e-01 -2.418275e+00 0.000000e+00 2.600000e+00 8.602499e-17 1.942559e-16 5.988254e-17 -2.124515e-16
-9.916866e-01 -2.511286e+00 0.000000e+00 2.700000e+00 4.111731e-17 9.267000e-17 2.343681e-17 -1.013823e-16
-1.028416e+00 -2.604297e+00 0.000000e+00 2.800000e+00 1.843340e-17 4.145549e-17 8.364402e-18 -4.536902e-17
-1.065145e+00 -2.697307e+00 0.000000e+00 2.900000e+00 7.711899e-18 1.730116e-17 2.674539e-18 -1.894211e-17
-1.101874e+00 -2.790318e+00 0.000000e+00 3.000000e+00 2.992988e-18 6.695961e-18 7.462119e-19 -7.334431e-18
-1.138603e+00 -2.883328e+00 0.000000e+00 3.100000e+00 1.070186e-18 2.386812e-18 1.742746e-19 -2.615754e-18
-1.175332e+00 -2.976339e+00 0.000000e+00 3.200000e+00 3.500147e-19 7.780509e-19 3.197459e-20 -8.531551e-19
-1.212061e+00 -3.069350e+00 0.000000e+00 3.300000e+00 1.041447e-19 2.308083e-19 4.533835e-21 -2.532165e-19
-1.248791e+00 -3.162360e+00 0.000000e+00 3.400000e+00 2.829865e-20 6.264162e-20 1.025538e-21 -6.873708e-20
-1.285520e+00 -3.255371e+00 0.000000e+00 3.500000e+00 7.260646e-21 1.614286e-20 6.727713e-22 -1.770054e-20
-1.322249e+00 -3.348381e+00 0.000000e+00 3.600000e+00 1.938173e-21 4.374912e-21 3.978300e-22 -4.785015e-21
-1.358978e+00 -3.441392e+00 0.000000e+00 3.700000e+00 6.154866e-22 1.421026e-21 1.688435e-22 -1.548593e-21
-1.395707e+00 -3.534403e+00 0.000000e+00 3.800000e+00 2.344826e-22 5.512974e-22 5.747863e-23 -5.990917e-22
-1.432436e+00 -3.627413e+00 0.000000e+00 3.900000e+00 9.446909e-23 2.255637e-22 2.234249e-23 -2.445473e-22
-1.469165e+00 -3.720424e+00 0.000000e+00 4.000000e+00 3.732147e-23 9.125937e-23 1.423598e-23 -9.859597e-23
-1.505894e+00 -3.813434e+00 0.000000e+00 4.100000e+00 1.511294e-23 3.829341e-23 1.081470e-23 -4.116778e-23
-1.542624e+00 -3.906445e+00 0.000000e+00 4.200000e+00 7.023385e-24 1.831676e-23 7.277992e-24 -1.961712e-23
-1.579353e+00 -3.999456e+00 0.000000e+00 4.300000e+00 3.855472e-24 1.006675e-23 4.135312e-24 -1.077980e-23
-1.616082e+00 -4.092466e+00 0.000000e+00 4.400000e+00 2.256488e-24 5.786774e-24 2.013995e-24 -6.211159e-24
-1.652811e+00 -4.185477e+00 0.000000e+00 4.500000e+00 1.272730e-24 3.194466e-24 8.572246e-25 -3.438671e-24
-1.689540e+00 -4.278487e+00 0.000000e+00 4.600000e+00 6.620653e-25 1.630734e-24 3.236981e-25 -1.760007e-24
-1.726269e+00 -4.371498e+00 0.000000e+00 4.700000e+00 3.145117e-25 7.628605e-25 1.095989e-25 -8.251507e-25
-1.762998e+00 -4.464509e+00 0.000000e+00 4.800000e+00 1.367910e-25 3.276606e-25 3.352259e-26 -3.550680e-25
-1.799728e+00 -4.557519e+00 0.000000e+00 4.900000e+00 5.478803e-26 1.298742e-25 9.312065e-27 -1.409575e-25
-1.836457e+00 -4.650530e+00 0.000000e+00 5.000000e+00 2.032833e-26 4.776054e-26 2.358725e-27 -5.190674e-26
