Iteration# z ADDATime OurCalcTime
1.0000000000 -0.0500000000 0.0000000000 46.2700000000
2.0000000000 0.0000000000 0.0000000000 44.9600000000
3.0000000000 0.0500000000 0.0000000000 47.5400000000
4.0000000000 0.1000000000 0.0100000000 46.9300000000
5.0000000000 0.1500000000 0.0000000000 46.5700000000
6.0000000000 0.2000000000 0.0000000000 45.9700000000
7.0000000000 0.2500000000 0.0000000000 46.3700000000
8.0000000000 0.3000000000 0.0000000000 47.7100000000
9.0000000000 0.3500000000 0.0000000000 45.9200000000
10.0000000000 0.3250000000 0.0000000000 46.2700000000
11.0000000000 0.3500000000 0.0000000000 46.8400000000
12.0000000000 0.3375000000 0.0000000000 46.1300000000
13.0000000000 0.3500000000 0.0000000000 45.4200000000
14.0000000000 0.3437500000 0.0000000000 46.0800000000
15.0000000000 0.3406250000 0.0100000000 46.3700000000
16.0000000000 0.3390625000 0.0000000000 45.0100000000
17.0000000000 0.3406250000 0.0000000000 45.2300000000
18.0000000000 0.3398437500 0.0100000000 45.5800000000
19.0000000000 0.3394531250 0.0000000000 45.2600000000
20.0000000000 0.3398437500 0.0100000000 46.2200000000
21.0000000000 0.3396484375 0.0000000000 46.4900000000
22.0000000000 0.3398437500 0.0000000000 45.5100000000
23.0000000000 0.3397460938 0.0000000000 45.3700000000
24.0000000000 0.3396972656 0.0000000000 46.6200000000
1.0000000000 0.3397460938 0.0000000000 45.4400000000
2.0000000000 0.3397949219 0.0000000000 46.0500000000
3.0000000000 0.3398437500 0.0000000000 46.2900000000
4.0000000000 0.3398925781 0.0100000000 46.7600000000
5.0000000000 0.3399414063 0.0000000000 46.0800000000
6.0000000000 0.3399902344 0.0000000000 44.8600000000
7.0000000000 0.3400390625 0.0100000000 46.1800000000
8.0000000000 0.3400878906 0.0000000000 45.8200000000
9.0000000000 0.3401367188 0.0100000000 45.7000000000
10.0000000000 0.3401855469 0.0000000000 45.8300000000
11.0000000000 0.3402343750 0.0000000000 46.8200000000
12.0000000000 0.3402832031 0.0100000000 46.7100000000
13.0000000000 0.3403320313 0.0000000000 46.6800000000
14.0000000000 0.3403808594 0.0100000000 46.3300000000
15.0000000000 0.3404296875 0.0000000000 47.0800000000
16.0000000000 0.3404785156 0.0100000000 46.7500000000
17.0000000000 0.3405273438 0.0000000000 46.1700000000
18.0000000000 0.3405761719 0.0000000000 46.0600000000
19.0000000000 0.3406250000 0.0100000000 45.8900000000
20.0000000000 0.3406738281 0.0000000000 46.9200000000
21.0000000000 0.3407226563 0.0000000000 45.6100000000
22.0000000000 0.3407714844 0.0000000000 47.2400000000
23.0000000000 0.3408203125 0.0000000000 46.8800000000
24.0000000000 0.3408691406 0.0000000000 46.0000000000
25.0000000000 0.3409179688 0.0000000000 45.9800000000
26.0000000000 0.3409667969 0.0100000000 46.9300000000
27.0000000000 0.3410156250 0.0000000000 46.0800000000
28.0000000000 0.3410644531 0.0000000000 45.9200000000
29.0000000000 0.3411132813 0.0000000000 46.7400000000
30.0000000000 0.3411621094 0.0000000000 45.9800000000
31.0000000000 0.3412109375 0.0100000000 46.0600000000
32.0000000000 0.3412597656 0.0100000000 45.8100000000
33.0000000000 0.3413085938 0.0000000000 46.8900000000
34.0000000000 0.3413574219 0.0000000000 46.3000000000
35.0000000000 0.3414062500 0.0100000000 43.4400000000
36.0000000000 0.3414550781 0.0000000000 45.2800000000
37.0000000000 0.3415039063 0.0000000000 45.9600000000
38.0000000000 0.3415527344 0.0000000000 45.8900000000
39.0000000000 0.3416015625 0.0100000000 44.9900000000
40.0000000000 0.3416503906 0.0000000000 44.9700000000
41.0000000000 0.3416992188 0.0000000000 45.7000000000
42.0000000000 0.3417480469 0.0100000000 46.8800000000
43.0000000000 0.3417968750 0.0000000000 44.7100000000
44.0000000000 0.3418457031 0.0000000000 44.8200000000
45.0000000000 0.3418945313 0.0100000000 46.1300000000
46.0000000000 0.3419433594 0.0000000000 46.2100000000
47.0000000000 0.3419921875 0.0000000000 45.1600000000
48.0000000000 0.3420410156 0.0100000000 45.2500000000
49.0000000000 0.3420898438 0.0000000000 45.0000000000
50.0000000000 0.3421386719 0.0100000000 46.2900000000
51.0000000000 0.3421875000 0.0000000000 46.3000000000
52.0000000000 0.3422363281 0.0000000000 45.0600000000
53.0000000000 0.3422851563 0.0100000000 44.9600000000
54.0000000000 0.3423339844 0.0000000000 46.6400000000
55.0000000000 0.3423828125 0.0000000000 46.1500000000
56.0000000000 0.3424316406 0.0000000000 45.2400000000
57.0000000000 0.3424804688 0.0000000000 45.1700000000
58.0000000000 0.3425292969 0.0000000000 46.3600000000
59.0000000000 0.3425781250 0.0000000000 45.8500000000
60.0000000000 0.3426269531 0.0000000000 44.7600000000
61.0000000000 0.3426757813 0.0000000000 43.7500000000
62.0000000000 0.3427246094 0.0000000000 45.4600000000
63.0000000000 0.3427734375 0.0000000000 46.4500000000
64.0000000000 0.3428222656 0.0000000000 45.4800000000
65.0000000000 0.3428710938 0.0000000000 45.1200000000
66.0000000000 0.3429199219 0.0100000000 45.9800000000
67.0000000000 0.3429687500 0.0100000000 46.8400000000
68.0000000000 0.3430175781 0.0000000000 46.2000000000
69.0000000000 0.3430664063 0.0000000000 45.2000000000
70.0000000000 0.3431152344 0.0000000000 45.6600000000
71.0000000000 0.3431640625 0.0000000000 46.7000000000
72.0000000000 0.3432128906 0.0000000000 45.9200000000
73.0000000000 0.3432617188 0.0000000000 44.6700000000
74.0000000000 0.3433105469 0.0000000000 46.4700000000
75.0000000000 0.3433593750 0.0100000000 46.4800000000
76.0000000000 0.3434082031 0.0000000000 45.2900000000
77.0000000000 0.3434570313 0.0000000000 46.5200000000
78.0000000000 0.3435058594 0.0000000000 46.6800000000
79.0000000000 0.3435546875 0.0000000000 45.3400000000
80.0000000000 0.3436035156 0.0000000000 45.6600000000
81.0000000000 0.3436523438 0.0000000000 46.5900000000
82.0000000000 0.3437011719 0.0100000000 45.3200000000
83.0000000000 0.3437500000 0.0000000000 45.5200000000
84.0000000000 0.3437988281 0.0000000000 45.7500000000
85.0000000000 0.3438476563 0.0000000000 46.1900000000
86.0000000000 0.3438964844 0.0100000000 46.3100000000
87.0000000000 0.3439453125 0.0000000000 45.9700000000
88.0000000000 0.3439941406 0.0000000000 43.9900000000
89.0000000000 0.3440429688 0.0100000000 46.4800000000
90.0000000000 0.3440917969 0.0000000000 46.6100000000
91.0000000000 0.3441406250 0.0000000000 44.9800000000
92.0000000000 0.3441894531 0.0000000000 45.9300000000
93.0000000000 0.3442382813 0.0000000000 46.0900000000
94.0000000000 0.3442871094 0.0000000000 46.5000000000
95.0000000000 0.3443359375 0.0000000000 45.3100000000
96.0000000000 0.3443847656 0.0100000000 45.2700000000
97.0000000000 0.3444335938 0.0000000000 46.1500000000
98.0000000000 0.3444824219 0.0000000000 46.1100000000
99.0000000000 0.3445312500 0.0000000000 45.3600000000
100.0000000000 0.3445800781 0.0000000000 45.6400000000
101.0000000000 0.3446289063 0.0000000000 46.0500000000
102.0000000000 0.3446777344 0.0100000000 45.9400000000
103.0000000000 0.3447265625 0.0000000000 45.2700000000
104.0000000000 0.3447753906 0.0000000000 46.1000000000
105.0000000000 0.3448242188 0.0000000000 48.1000000000
106.0000000000 0.3448730469 0.0100000000 46.3000000000
107.0000000000 0.3449218750 0.0000000000 45.7300000000
108.0000000000 0.3449707031 0.0000000000 45.8400000000
109.0000000000 0.3450195313 0.0000000000 46.5300000000
110.0000000000 0.3450683594 0.0100000000 46.7500000000
111.0000000000 0.3451171875 0.0000000000 46.4000000000
112.0000000000 0.3451660156 0.0000000000 46.1400000000
113.0000000000 0.3452148438 0.0000000000 45.4300000000
114.0000000000 0.3452636719 0.0000000000 43.3900000000
115.0000000000 0.3453125000 0.0100000000 47.0600000000
116.0000000000 0.3453613281 0.0100000000 46.2300000000
117.0000000000 0.3454101563 0.0000000000 45.8100000000
118.0000000000 0.3454589844 0.0000000000 45.9900000000
119.0000000000 0.3455078125 0.0000000000 46.5500000000
120.0000000000 0.3455566406 0.0000000000 47.3200000000
121.0000000000 0.3456054688 0.0000000000 45.8300000000
122.0000000000 0.3456542969 0.0000000000 45.8200000000
123.0000000000 0.3457031250 0.0100000000 46.9000000000
124.0000000000 0.3457519531 0.0000000000 47.0100000000
125.0000000000 0.3458007813 0.0000000000 45.9500000000
126.0000000000 0.3458496094 0.0000000000 45.8900000000
127.0000000000 0.3458984375 0.0000000000 46.8300000000
128.0000000000 0.3459472656 0.0100000000 46.8300000000
129.0000000000 0.3459960938 0.0000000000 45.6700000000
130.0000000000 0.3460449219 0.0000000000 45.6900000000
131.0000000000 0.3460937500 0.0000000000 45.9800000000
132.0000000000 0.3461425781 0.0100000000 46.7100000000
133.0000000000 0.3461914063 0.0000000000 46.3500000000
134.0000000000 0.3462402344 0.0000000000 45.9000000000
135.0000000000 0.3462890625 0.0100000000 45.7000000000
136.0000000000 0.3463378906 0.0000000000 46.4800000000
137.0000000000 0.3463867188 0.0000000000 46.4800000000
138.0000000000 0.3464355469 0.0000000000 45.3600000000
139.0000000000 0.3464843750 0.0000000000 45.4400000000
140.0000000000 0.3465332031 0.0000000000 44.1300000000
141.0000000000 0.3465820313 0.0000000000 45.6900000000
142.0000000000 0.3466308594 0.0000000000 46.5500000000
143.0000000000 0.3466796875 0.0000000000 46.0800000000
144.0000000000 0.3467285156 0.0000000000 45.7500000000
145.0000000000 0.3467773438 0.0000000000 46.4100000000
146.0000000000 0.3468261719 0.0000000000 45.5300000000
147.0000000000 0.3468750000 0.0000000000 45.9400000000
148.0000000000 0.3469238281 0.0000000000 46.8200000000
149.0000000000 0.3469726563 0.0100000000 46.2800000000
150.0000000000 0.3470214844 0.0000000000 45.7300000000
151.0000000000 0.3470703125 0.0000000000 46.8400000000
152.0000000000 0.3471191406 0.0000000000 46.7200000000
153.0000000000 0.3471679688 0.0100000000 45.6600000000
154.0000000000 0.3472167969 0.0000000000 45.7600000000
155.0000000000 0.3472656250 0.0100000000 46.0400000000
156.0000000000 0.3473144531 0.0100000000 46.0200000000
157.0000000000 0.3473632813 0.0100000000 45.7500000000
158.0000000000 0.3474121094 0.0000000000 46.3100000000
159.0000000000 0.3474609375 0.0100000000 46.6500000000
160.0000000000 0.3475097656 0.0000000000 46.6700000000
161.0000000000 0.3475585938 0.0100000000 46.0500000000
162.0000000000 0.3476074219 0.0000000000 46.7500000000
163.0000000000 0.3476562500 0.0000000000 46.5100000000
1.0000000000 0.3477050781 0.0100000000 46.4000000000
2.0000000000 0.3477539063 0.0000000000 47.3300000000
3.0000000000 0.3478027344 0.0000000000 47.0600000000
4.0000000000 0.3478515625 0.0000000000 44.2200000000
5.0000000000 0.3479003906 0.0000000000 46.1600000000
6.0000000000 0.3479492188 0.0000000000 45.7000000000
7.0000000000 0.3479980469 0.0100000000 46.9900000000
8.0000000000 0.3480468750 0.0000000000 47.3500000000
9.0000000000 0.3480957031 0.0000000000 45.7700000000
10.0000000000 0.3481445313 0.0000000000 45.1300000000
11.0000000000 0.3481933594 0.0100000000 46.6700000000
12.0000000000 0.3482421875 0.0200000000 46.3200000000
13.0000000000 0.3482910156 0.0000000000 45.8600000000
14.0000000000 0.3483398438 0.0000000000 45.8000000000
15.0000000000 0.3483886719 0.0100000000 46.5700000000
16.0000000000 0.3484375000 0.0100000000 46.3500000000
17.0000000000 0.3484863281 0.0000000000 45.4900000000
18.0000000000 0.3485351563 0.0000000000 45.9900000000
19.0000000000 0.3485839844 0.0000000000 46.1000000000
20.0000000000 0.3486328125 0.0000000000 45.6000000000
21.0000000000 0.3486816406 0.0100000000 45.9900000000
22.0000000000 0.3487304688 0.0000000000 47.0000000000
23.0000000000 0.3487792969 0.0000000000 45.8100000000
24.0000000000 0.3488281250 0.0000000000 46.0900000000
25.0000000000 0.3488769531 0.0000000000 46.0400000000
26.0000000000 0.3489257813 0.0100000000 45.1000000000
27.0000000000 0.3489746094 0.0000000000 45.3800000000
28.0000000000 0.3490234375 0.0000000000 45.9000000000
29.0000000000 0.3490722656 0.0000000000 45.7600000000
30.0000000000 0.3491210938 0.0000000000 43.3100000000
31.0000000000 0.3491699219 0.0100000000 47.5000000000
32.0000000000 0.3492187500 0.0000000000 46.2200000000
33.0000000000 0.3492675781 0.0000000000 46.7100000000
34.0000000000 0.3493164063 0.0000000000 46.8500000000
35.0000000000 0.3493652344 0.0000000000 46.3100000000
36.0000000000 0.3494140625 0.0000000000 45.8300000000
37.0000000000 0.3494628906 0.0000000000 45.5200000000
38.0000000000 0.3495117188 0.0000000000 45.5400000000
39.0000000000 0.3495605469 0.0000000000 46.5400000000
40.0000000000 0.3496093750 0.0000000000 46.2900000000
41.0000000000 0.3496582031 0.0000000000 45.4600000000
42.0000000000 0.3497070313 0.0000000000 45.2700000000
43.0000000000 0.3497558594 0.0100000000 46.1200000000
44.0000000000 0.3498046875 0.0100000000 45.4900000000
45.0000000000 0.3498535156 0.0000000000 46.4700000000
46.0000000000 0.3499023438 0.0000000000 46.3200000000
47.0000000000 0.3499511719 0.0100000000 46.5400000000
48.0000000000 0.3500000000 0.0000000000 45.5000000000
49.0000000000 0.3500488281 0.0000000000 46.1100000000
50.0000000000 0.3500976563 0.0000000000 46.4700000000
51.0000000000 0.3501464844 0.0000000000 45.9000000000
52.0000000000 0.3501953125 0.0000000000 45.5700000000
53.0000000000 0.3502441406 0.0100000000 45.3300000000
54.0000000000 0.3502929688 0.0100000000 46.3800000000
55.0000000000 0.3503417969 0.0000000000 45.9000000000
56.0000000000 0.3503906250 0.0000000000 44.5600000000
57.0000000000 0.3504394531 0.0100000000 43.7800000000
58.0000000000 0.3504882813 0.0000000000 46.2500000000
59.0000000000 0.3505371094 0.0000000000 46.3300000000
60.0000000000 0.3505859375 0.0000000000 45.7100000000
61.0000000000 0.3506347656 0.0000000000 46.3300000000
62.0000000000 0.3506835938 0.0100000000 46.5600000000
63.0000000000 0.3507324219 0.0000000000 45.5600000000
64.0000000000 0.3507812500 0.0000000000 45.3500000000
65.0000000000 0.3508300781 0.0100000000 45.2600000000
66.0000000000 0.3508789063 0.0100000000 46.2900000000
67.0000000000 0.3509277344 0.0100000000 45.5700000000
68.0000000000 0.3509765625 0.0000000000 45.5200000000
69.0000000000 0.3510253906 0.0100000000 46.3400000000
70.0000000000 0.3510742188 0.0000000000 46.3200000000
71.0000000000 0.3511230469 0.0000000000 45.3700000000
72.0000000000 0.3511718750 0.0000000000 46.2800000000
73.0000000000 0.3512207031 0.0000000000 46.0300000000
74.0000000000 0.3512695313 0.0100000000 45.4800000000
75.0000000000 0.3513183594 0.0000000000 45.7700000000
76.0000000000 0.3513671875 0.0000000000 45.4200000000
77.0000000000 0.3514160156 0.0000000000 46.4100000000
78.0000000000 0.3514648438 0.0100000000 46.2200000000
79.0000000000 0.3515136719 0.0000000000 45.9400000000
80.0000000000 0.3515625000 0.0000000000 45.4700000000
81.0000000000 0.3516113281 0.0000000000 45.8500000000
82.0000000000 0.3516601563 0.0000000000 45.9600000000
83.0000000000 0.3517089844 0.0000000000 43.5600000000
84.0000000000 0.3517578125 0.0000000000 46.0400000000
85.0000000000 0.3518066406 0.0100000000 46.1600000000
86.0000000000 0.3518554688 0.0100000000 45.7300000000
87.0000000000 0.3519042969 0.0000000000 45.4100000000
88.0000000000 0.3519531250 0.0000000000 45.9700000000
89.0000000000 0.3520019531 0.0100000000 45.7400000000
90.0000000000 0.3520507813 0.0000000000 46.4900000000
91.0000000000 0.3520996094 0.0000000000 45.4300000000
92.0000000000 0.3521484375 0.0000000000 45.0300000000
93.0000000000 0.3521972656 0.0000000000 45.9400000000
94.0000000000 0.3522460938 0.0100000000 45.5900000000
95.0000000000 0.3522949219 0.0000000000 44.4500000000
96.0000000000 0.3523437500 0.0000000000 45.4200000000
97.0000000000 0.3523925781 0.0000000000 46.2200000000
98.0000000000 0.3524414063 0.0000000000 47.1300000000
99.0000000000 0.3524902344 0.0000000000 45.1900000000
100.0000000000 0.3525390625 0.0000000000 46.1200000000
101.0000000000 0.3525878906 0.0100000000 46.4000000000
102.0000000000 0.3526367188 0.0000000000 45.2400000000
103.0000000000 0.3526855469 0.0000000000 45.3600000000
104.0000000000 0.3527343750 0.0000000000 46.3400000000
105.0000000000 0.3527832031 0.0000000000 45.4100000000
106.0000000000 0.3528320313 0.0000000000 45.6600000000
107.0000000000 0.3528808594 0.0000000000 45.3800000000
108.0000000000 0.3529296875 0.0000000000 45.5800000000
109.0000000000 0.3529785156 0.0100000000 45.3100000000
110.0000000000 0.3530273438 0.0000000000 43.8400000000
111.0000000000 0.3530761719 0.0100000000 45.0800000000
112.0000000000 0.3531250000 0.0000000000 45.1500000000
113.0000000000 0.3531738281 0.0000000000 45.0700000000
114.0000000000 0.3532226563 0.0000000000 45.4800000000
115.0000000000 0.3532714844 0.0000000000 45.3000000000
116.0000000000 0.3533203125 0.0100000000 45.0400000000
117.0000000000 0.3533691406 0.0100000000 45.9200000000
118.0000000000 0.3534179688 0.0000000000 46.0700000000
119.0000000000 0.3534667969 0.0000000000 45.8400000000
120.0000000000 0.3535156250 0.0000000000 45.5600000000
121.0000000000 0.3535644531 0.0000000000 46.2700000000
122.0000000000 0.3536132813 0.0000000000 45.6400000000
123.0000000000 0.3536621094 0.0100000000 45.5100000000
124.0000000000 0.3537109375 0.0000000000 46.6800000000
125.0000000000 0.3537597656 0.0100000000 46.4900000000
126.0000000000 0.3538085938 0.0000000000 45.4400000000
127.0000000000 0.3538574219 0.0000000000 46.1700000000
128.0000000000 0.3539062500 0.0000000000 46.7900000000
129.0000000000 0.3539550781 0.0000000000 46.9500000000
130.0000000000 0.3540039063 0.0000000000 46.4300000000
131.0000000000 0.3540527344 0.0100000000 46.6100000000
132.0000000000 0.3541015625 0.0000000000 45.9100000000
133.0000000000 0.3541503906 0.0000000000 46.0800000000
134.0000000000 0.3541992188 0.0100000000 46.0400000000
135.0000000000 0.3542480469 0.0000000000 45.7600000000
136.0000000000 0.3542968750 0.0100000000 45.6000000000
137.0000000000 0.3543457031 0.0000000000 45.5100000000
138.0000000000 0.3543945313 0.0100000000 46.2700000000
139.0000000000 0.3544433594 0.0100000000 45.8300000000
140.0000000000 0.3544921875 0.0000000000 47.2900000000
141.0000000000 0.3545410156 0.0000000000 46.1500000000
142.0000000000 0.3545898438 0.0100000000 46.1000000000
143.0000000000 0.3546386719 0.0000000000 45.4100000000
144.0000000000 0.3546875000 0.0000000000 46.0500000000
145.0000000000 0.3547363281 0.0000000000 46.1600000000
146.0000000000 0.3547851563 0.0100000000 45.8800000000
147.0000000000 0.3548339844 0.0000000000 46.7600000000
148.0000000000 0.3548828125 0.0000000000 46.4900000000
149.0000000000 0.3549316406 0.0000000000 45.8700000000
150.0000000000 0.3549804688 0.0000000000 45.8600000000
151.0000000000 0.3550292969 0.0000000000 46.7700000000
152.0000000000 0.3550781250 0.0000000000 45.9100000000
153.0000000000 0.3551269531 0.0000000000 46.5400000000
154.0000000000 0.3551757813 0.0100000000 46.7500000000
155.0000000000 0.3552246094 0.0000000000 45.7800000000
156.0000000000 0.3552734375 0.0000000000 46.6100000000
157.0000000000 0.3553222656 0.0000000000 45.6300000000
158.0000000000 0.3553710938 0.0000000000 45.9900000000
159.0000000000 0.3554199219 0.0100000000 46.7300000000
160.0000000000 0.3554687500 0.0100000000 46.2100000000
161.0000000000 0.3555175781 0.0100000000 45.9100000000
162.0000000000 0.3555664063 0.0000000000 46.1600000000
163.0000000000 0.3556152344 0.0000000000 43.4700000000
164.0000000000 0.3556640625 0.0000000000 45.3500000000
165.0000000000 0.3557128906 0.0100000000 46.0400000000
166.0000000000 0.3557617188 0.0000000000 46.1800000000
167.0000000000 0.3558105469 0.0000000000 45.4500000000
168.0000000000 0.3558593750 0.0000000000 45.5200000000
169.0000000000 0.3559082031 0.0000000000 45.1900000000
170.0000000000 0.3559570313 0.0100000000 45.8000000000
171.0000000000 0.3560058594 0.0100000000 45.5800000000
172.0000000000 0.3560546875 0.0000000000 44.6100000000
1.0000000000 0.3561035156 0.0000000000 45.0500000000
2.0000000000 0.3561523438 0.0100000000 46.3600000000
3.0000000000 0.3562011719 0.0100000000 45.0400000000
4.0000000000 0.3562500000 0.0000000000 45.8500000000
5.0000000000 0.3562988281 0.0100000000 46.1500000000
6.0000000000 0.3563476563 0.0100000000 45.0500000000
7.0000000000 0.3563964844 0.0000000000 45.2800000000
8.0000000000 0.3564453125 0.0000000000 44.9000000000
9.0000000000 0.3564941406 0.0000000000 46.4200000000
10.0000000000 0.3565429688 0.0000000000 46.0300000000
11.0000000000 0.3565917969 0.0000000000 46.5100000000
12.0000000000 0.3566406250 0.0100000000 46.3100000000
13.0000000000 0.3566894531 0.0100000000 45.1000000000
14.0000000000 0.3567382813 0.0000000000 45.1800000000
15.0000000000 0.3567871094 0.0000000000 45.1500000000
16.0000000000 0.3568359375 0.0000000000 46.0100000000
17.0000000000 0.3568847656 0.0100000000 45.6600000000
18.0000000000 0.3569335938 0.0000000000 45.7000000000
19.0000000000 0.3569824219 0.0000000000 45.9100000000
20.0000000000 0.3570312500 0.0100000000 45.7200000000
21.0000000000 0.3570800781 0.0100000000 47.1400000000
22.0000000000 0.3571289063 0.0000000000 46.4900000000
23.0000000000 0.3571777344 0.0000000000 45.0100000000
24.0000000000 0.3572265625 0.0100000000 45.0900000000
25.0000000000 0.3572753906 0.0100000000 46.4400000000
26.0000000000 0.3573242188 0.0000000000 46.0400000000
27.0000000000 0.3573730469 0.0000000000 46.7000000000
28.0000000000 0.3574218750 0.0000000000 45.5500000000
29.0000000000 0.3574707031 0.0100000000 45.8300000000
30.0000000000 0.3575195313 0.0000000000 46.0300000000
31.0000000000 0.3575683594 0.0100000000 45.2200000000
32.0000000000 0.3576171875 0.0000000000 45.1700000000
33.0000000000 0.3576660156 0.0100000000 46.2500000000
34.0000000000 0.3577148438 0.0000000000 46.2000000000
35.0000000000 0.3577636719 0.0000000000 44.9600000000
36.0000000000 0.3578125000 0.0000000000 45.2900000000
37.0000000000 0.3578613281 0.0100000000 46.0500000000
38.0000000000 0.3579101563 0.0100000000 46.2600000000
39.0000000000 0.3579589844 0.0000000000 45.4800000000
40.0000000000 0.3580078125 0.0100000000 45.3900000000
41.0000000000 0.3580566406 0.0100000000 45.8000000000
42.0000000000 0.3581054688 0.0100000000 46.0400000000
43.0000000000 0.3581542969 0.0000000000 46.6800000000
44.0000000000 0.3582031250 0.0000000000 43.5500000000
45.0000000000 0.3582519531 0.0000000000 45.6700000000
46.0000000000 0.3583007813 0.0100000000 46.2700000000
47.0000000000 0.3583496094 0.0000000000 46.3700000000
48.0000000000 0.3583984375 0.0000000000 45.5700000000
49.0000000000 0.3584472656 0.0100000000 45.4300000000
50.0000000000 0.3584960938 0.0100000000 45.8500000000
51.0000000000 0.3585449219 0.0000000000 46.6800000000
52.0000000000 0.3585937500 0.0000000000 46.5000000000
53.0000000000 0.3586425781 0.0000000000 45.6100000000
54.0000000000 0.3586914063 0.0000000000 46.7900000000
55.0000000000 0.3587402344 0.0000000000 46.2100000000
56.0000000000 0.3587890625 0.0100000000 45.9000000000
57.0000000000 0.3588378906 0.0000000000 46.0200000000
58.0000000000 0.3588867188 0.0000000000 46.1100000000
59.0000000000 0.3589355469 0.0000000000 45.9800000000
60.0000000000 0.3589843750 0.0100000000 47.0600000000
61.0000000000 0.3590332031 0.0000000000 46.5200000000
62.0000000000 0.3590820313 0.0100000000 46.0800000000
63.0000000000 0.3591308594 0.0100000000 46.0200000000
64.0000000000 0.3591796875 0.0000000000 45.9700000000
65.0000000000 0.3592285156 0.0000000000 46.5500000000
66.0000000000 0.3592773438 0.0000000000 46.1700000000
67.0000000000 0.3593261719 0.0100000000 45.8500000000
68.0000000000 0.3593750000 0.0000000000 46.3500000000
69.0000000000 0.3594238281 0.0000000000 44.9300000000
70.0000000000 0.3594726563 0.0000000000 45.1000000000
71.0000000000 0.3595214844 0.0000000000 43.7100000000
72.0000000000 0.3595703125 0.0000000000 47.8300000000
73.0000000000 0.3596191406 0.0000000000 45.9600000000
74.0000000000 0.3596679688 0.0000000000 45.3300000000
75.0000000000 0.3597167969 0.0000000000 47.0600000000
76.0000000000 0.3597656250 0.0100000000 46.8500000000
77.0000000000 0.3598144531 0.0000000000 45.4700000000
78.0000000000 0.3598632813 0.0000000000 46.1100000000
79.0000000000 0.3599121094 0.0100000000 46.7900000000
80.0000000000 0.3599609375 0.0000000000 46.7700000000
81.0000000000 0.3600097656 0.0000000000 46.0800000000
82.0000000000 0.3600585938 0.0100000000 45.2200000000
83.0000000000 0.3601074219 0.0000000000 46.3900000000
84.0000000000 0.3601562500 0.0000000000 46.2100000000
85.0000000000 0.3602050781 0.0000000000 46.8600000000
86.0000000000 0.3602539063 0.0000000000 46.7300000000
87.0000000000 0.3603027344 0.0000000000 45.7000000000
88.0000000000 0.3603515625 0.0000000000 45.6100000000
89.0000000000 0.3604003906 0.0000000000 46.4000000000
90.0000000000 0.3604492188 0.0000000000 46.5900000000
91.0000000000 0.3604980469 0.0000000000 45.3000000000
92.0000000000 0.3605468750 0.0000000000 45.7300000000
93.0000000000 0.3605957031 0.0000000000 47.2100000000
94.0000000000 0.3606445313 0.0000000000 46.5500000000
95.0000000000 0.3606933594 0.0100000000 45.7100000000
96.0000000000 0.3607421875 0.0100000000 45.1800000000
97.0000000000 0.3607910156 0.0100000000 45.2900000000
98.0000000000 0.3608398438 0.0000000000 43.9600000000
99.0000000000 0.3608886719 0.0000000000 45.9200000000
100.0000000000 0.3609375000 0.0100000000 44.9500000000
101.0000000000 0.3609863281 0.0000000000 46.1800000000
102.0000000000 0.3610351563 0.0200000000 44.6300000000
103.0000000000 0.3610839844 0.0100000000 44.8400000000
104.0000000000 0.3611328125 0.0000000000 44.7100000000
105.0000000000 0.3611816406 0.0100000000 44.9700000000
106.0000000000 0.3612304688 0.0000000000 45.4500000000
107.0000000000 0.3612792969 0.0000000000 45.8000000000
108.0000000000 0.3613281250 0.0000000000 45.5900000000
109.0000000000 0.3613769531 0.0000000000 45.6200000000
110.0000000000 0.3614257813 0.0000000000 44.7300000000
111.0000000000 0.3614746094 0.0000000000 45.0500000000
112.0000000000 0.3615234375 0.0100000000 46.0300000000
113.0000000000 0.3615722656 0.0000000000 45.5400000000
114.0000000000 0.3616210938 0.0000000000 45.2100000000
115.0000000000 0.3616699219 0.0000000000 45.4500000000
116.0000000000 0.3617187500 0.0100000000 45.8600000000
117.0000000000 0.3617675781 0.0000000000 45.5900000000
118.0000000000 0.3618164063 0.0000000000 45.0800000000
119.0000000000 0.3618652344 0.0100000000 45.7900000000
120.0000000000 0.3619140625 0.0100000000 44.9700000000
121.0000000000 0.3619628906 0.0000000000 46.0200000000
122.0000000000 0.3620117188 0.0000000000 46.1000000000
123.0000000000 0.3620605469 0.0000000000 44.3400000000
124.0000000000 0.3621093750 0.0000000000 43.4400000000
125.0000000000 0.3621582031 0.0100000000 44.5000000000
126.0000000000 0.3622070313 0.0000000000 45.5300000000
127.0000000000 0.3622558594 0.0100000000 45.7600000000
128.0000000000 0.3623046875 0.0000000000 45.4400000000
129.0000000000 0.3623535156 0.0100000000 45.2700000000
130.0000000000 0.3624023438 0.0000000000 45.7300000000
131.0000000000 0.3624511719 0.0000000000 45.5500000000
132.0000000000 0.3625000000 0.0000000000 44.6400000000
133.0000000000 0.3625488281 0.0000000000 44.9000000000
134.0000000000 0.3625976563 0.0000000000 45.6900000000
135.0000000000 0.3626464844 0.0000000000 45.3400000000
136.0000000000 0.3626953125 0.0000000000 46.2500000000
137.0000000000 0.3627441406 0.0100000000 46.4600000000
138.0000000000 0.3627929688 0.0000000000 45.7200000000
139.0000000000 0.3628417969 0.0000000000 46.1800000000
140.0000000000 0.3628906250 0.0000000000 46.4900000000
141.0000000000 0.3629394531 0.0000000000 46.6900000000
142.0000000000 0.3629882813 0.0100000000 46.3100000000
143.0000000000 0.3630371094 0.0100000000 46.2200000000
144.0000000000 0.3630859375 0.0000000000 45.7200000000
145.0000000000 0.3631347656 0.0000000000 46.3800000000
146.0000000000 0.3631835938 0.0000000000 46.5700000000
147.0000000000 0.3632324219 0.0100000000 46.1000000000
148.0000000000 0.3632812500 0.0000000000 46.9100000000
149.0000000000 0.3633300781 0.0000000000 47.1000000000
150.0000000000 0.3633789063 0.0000000000 44.1200000000
151.0000000000 0.3634277344 0.0000000000 45.9700000000
152.0000000000 0.3634765625 0.0000000000 46.3500000000
153.0000000000 0.3635253906 0.0000000000 47.8700000000
154.0000000000 0.3635742188 0.0000000000 46.6100000000
155.0000000000 0.3636230469 0.0000000000 46.4200000000
156.0000000000 0.3636718750 0.0000000000 46.4500000000
157.0000000000 0.3637207031 0.0000000000 46.6700000000
158.0000000000 0.3637695313 0.0000000000 46.4900000000
159.0000000000 0.3638183594 0.0000000000 46.4100000000
160.0000000000 0.3638671875 0.0000000000 47.4100000000
161.0000000000 0.3639160156 0.0000000000 46.5100000000
162.0000000000 0.3639648438 0.0000000000 46.4700000000
163.0000000000 0.3640136719 0.0000000000 46.4800000000
164.0000000000 0.3640625000 0.0100000000 46.9400000000
165.0000000000 0.3641113281 0.0000000000 46.9900000000
166.0000000000 0.3641601563 0.0100000000 46.7800000000
167.0000000000 0.3642089844 0.0000000000 46.3300000000
168.0000000000 0.3642578125 0.0000000000 46.4700000000
169.0000000000 0.3643066406 0.0100000000 46.5800000000
170.0000000000 0.3643554688 0.0000000000 46.6300000000
171.0000000000 0.3644042969 0.0100000000 46.5300000000
172.0000000000 0.3644531250 0.0000000000 46.9500000000
173.0000000000 0.3645019531 0.0100000000 46.3800000000
174.0000000000 0.3645507813 0.0200000000 45.7000000000
175.0000000000 0.3645996094 0.0000000000 45.8200000000
176.0000000000 0.3646484375 0.0000000000 45.8000000000
177.0000000000 0.3646972656 0.0100000000 44.0800000000
178.0000000000 0.3647460938 0.0000000000 45.6100000000
179.0000000000 0.3647949219 0.0000000000 46.1500000000
180.0000000000 0.3648437500 0.0100000000 45.1900000000
181.0000000000 0.3648925781 0.0100000000 46.5100000000
182.0000000000 0.3649414063 0.0000000000 46.4100000000
1.0000000000 0.3649902344 0.0000000000 45.4400000000
2.0000000000 0.3650390625 0.0000000000 46.5400000000
3.0000000000 0.3650878906 0.0000000000 46.5800000000
4.0000000000 0.3651367188 0.0100000000 46.1400000000
5.0000000000 0.3651855469 0.0000000000 46.4300000000
6.0000000000 0.3652343750 0.0000000000 47.1400000000
7.0000000000 0.3652832031 0.0100000000 46.9200000000
8.0000000000 0.3653320313 0.0000000000 46.1200000000
9.0000000000 0.3653808594 0.0000000000 45.9800000000
10.0000000000 0.3654296875 0.0000000000 46.4000000000
11.0000000000 0.3654785156 0.0000000000 45.3400000000
12.0000000000 0.3655273438 0.0100000000 45.5600000000
13.0000000000 0.3655761719 0.0000000000 45.6700000000
14.0000000000 0.3656250000 0.0000000000 45.1000000000
15.0000000000 0.3656738281 0.0100000000 45.3800000000
16.0000000000 0.3657226563 0.0000000000 46.4200000000
17.0000000000 0.3657714844 0.0000000000 45.4800000000
18.0000000000 0.3658203125 0.0000000000 46.7200000000
19.0000000000 0.3658691406 0.0100000000 45.4300000000
20.0000000000 0.3659179688 0.0000000000 46.0100000000
21.0000000000 0.3659667969 0.0000000000 45.2900000000
22.0000000000 0.3660156250 0.0000000000 44.2000000000
23.0000000000 0.3660644531 0.0000000000 46.6700000000
24.0000000000 0.3661132813 0.0000000000 45.3200000000
25.0000000000 0.3661621094 0.0000000000 46.5500000000
26.0000000000 0.3662109375 0.0000000000 46.8500000000
27.0000000000 0.3662597656 0.0100000000 45.9400000000
28.0000000000 0.3663085938 0.0100000000 46.8500000000
29.0000000000 0.3663574219 0.0000000000 46.7800000000
30.0000000000 0.3664062500 0.0000000000 45.8000000000
31.0000000000 0.3664550781 0.0000000000 46.6800000000
32.0000000000 0.3665039063 0.0000000000 47.5300000000
33.0000000000 0.3665527344 0.0000000000 46.0200000000
34.0000000000 0.3666015625 0.0000000000 45.7600000000
35.0000000000 0.3666503906 0.0000000000 47.2600000000
36.0000000000 0.3666992188 0.0000000000 46.0800000000
37.0000000000 0.3667480469 0.0000000000 46.7500000000
38.0000000000 0.3667968750 0.0000000000 45.5700000000
39.0000000000 0.3668457031 0.0000000000 45.9300000000
40.0000000000 0.3668945313 0.0000000000 46.6300000000
41.0000000000 0.3669433594 0.0100000000 46.1200000000
42.0000000000 0.3669921875 0.0000000000 46.1000000000
43.0000000000 0.3670410156 0.0000000000 46.3700000000
44.0000000000 0.3670898438 0.0100000000 46.4400000000
45.0000000000 0.3671386719 0.0000000000 45.2400000000
46.0000000000 0.3671875000 0.0000000000 46.1400000000
47.0000000000 0.3672363281 0.0000000000 46.5100000000
48.0000000000 0.3672851563 0.0000000000 45.3600000000
49.0000000000 0.3673339844 0.0100000000 43.8800000000
50.0000000000 0.3673828125 0.0000000000 46.2000000000
51.0000000000 0.3674316406 0.0000000000 46.8500000000
52.0000000000 0.3674804688 0.0000000000 45.5000000000
53.0000000000 0.3675292969 0.0100000000 45.5200000000
54.0000000000 0.3675781250 0.0000000000 46.6500000000
55.0000000000 0.3676269531 0.0100000000 46.1500000000
56.0000000000 0.3676757813 0.0000000000 45.7900000000
57.0000000000 0.3677246094 0.0000000000 45.5600000000
58.0000000000 0.3677734375 0.0100000000 46.8500000000
59.0000000000 0.3678222656 0.0000000000 46.5300000000
60.0000000000 0.3678710938 0.0100000000 45.7500000000
61.0000000000 0.3679199219 0.0000000000 46.7700000000
62.0000000000 0.3679687500 0.0000000000 46.9500000000
63.0000000000 0.3680175781 0.0000000000 46.1600000000
64.0000000000 0.3680664063 0.0100000000 45.7500000000
65.0000000000 0.3681152344 0.0000000000 46.8600000000
66.0000000000 0.3681640625 0.0000000000 46.4800000000
67.0000000000 0.3682128906 0.0100000000 45.9800000000
68.0000000000 0.3682617188 0.0000000000 45.9800000000
69.0000000000 0.3683105469 0.0000000000 46.7300000000
70.0000000000 0.3683593750 0.0000000000 46.7800000000
71.0000000000 0.3684082031 0.0000000000 45.7100000000
72.0000000000 0.3684570313 0.0000000000 46.2300000000
73.0000000000 0.3685058594 0.0000000000 45.3900000000
74.0000000000 0.3685546875 0.0000000000 46.9600000000
75.0000000000 0.3686035156 0.0100000000 44.6300000000
76.0000000000 0.3686523438 0.0000000000 44.8000000000
77.0000000000 0.3687011719 0.0100000000 44.8500000000
78.0000000000 0.3687500000 0.0000000000 45.9800000000
79.0000000000 0.3687988281 0.0200000000 45.9500000000
80.0000000000 0.3688476563 0.0000000000 46.0100000000
81.0000000000 0.3688964844 0.0000000000 44.8900000000
82.0000000000 0.3689453125 0.0000000000 46.4900000000
83.0000000000 0.3689941406 0.0000000000 46.9900000000
84.0000000000 0.3690429688 0.0000000000 44.9200000000
85.0000000000 0.3690917969 0.0000000000 45.1000000000
86.0000000000 0.3691406250 0.0000000000 46.1500000000
87.0000000000 0.3691894531 0.0100000000 46.4100000000
88.0000000000 0.3692382813 0.0000000000 45.1300000000
89.0000000000 0.3692871094 0.0000000000 45.9800000000
90.0000000000 0.3693359375 0.0000000000 45.0200000000
91.0000000000 0.3693847656 0.0000000000 45.3900000000
92.0000000000 0.3694335938 0.0000000000 45.0500000000
93.0000000000 0.3694824219 0.0000000000 45.6600000000
94.0000000000 0.3695312500 0.0000000000 45.3000000000
95.0000000000 0.3695800781 0.0100000000 46.5500000000
96.0000000000 0.3696289063 0.0200000000 46.2100000000
97.0000000000 0.3696777344 0.0100000000 46.7500000000
98.0000000000 0.3697265625 0.0100000000 46.9500000000
99.0000000000 0.3697753906 0.0100000000 45.2700000000
100.0000000000 0.3698242188 0.0100000000 45.1900000000
101.0000000000 0.3698730469 0.0000000000 45.2400000000
102.0000000000 0.3699218750 0.0100000000 44.4900000000
103.0000000000 0.3699707031 0.0100000000 45.6800000000
104.0000000000 0.3700195313 0.0000000000 46.1700000000
105.0000000000 0.3700683594 0.0000000000 45.8500000000
106.0000000000 0.3701171875 0.0100000000 46.1500000000
107.0000000000 0.3701660156 0.0100000000 46.3000000000
108.0000000000 0.3702148438 0.0000000000 45.9600000000
109.0000000000 0.3702636719 0.0000000000 46.3400000000
110.0000000000 0.3703125000 0.0000000000 46.5100000000
111.0000000000 0.3703613281 0.0000000000 46.4000000000
112.0000000000 0.3704101563 0.0000000000 46.0500000000
113.0000000000 0.3704589844 0.0000000000 46.4000000000
114.0000000000 0.3705078125 0.0000000000 46.9900000000
115.0000000000 0.3705566406 0.0000000000 46.6100000000
116.0000000000 0.3706054688 0.0000000000 45.4500000000
117.0000000000 0.3706542969 0.0100000000 45.9600000000
118.0000000000 0.3707031250 0.0000000000 46.0400000000
119.0000000000 0.3707519531 0.0000000000 46.3000000000
120.0000000000 0.3708007813 0.0100000000 46.0400000000
121.0000000000 0.3708496094 0.0000000000 46.2600000000
122.0000000000 0.3708984375 0.0000000000 46.1800000000
123.0000000000 0.3709472656 0.0000000000 46.6900000000
124.0000000000 0.3709960938 0.0000000000 45.5100000000
125.0000000000 0.3710449219 0.0000000000 46.0200000000
126.0000000000 0.3710937500 0.0100000000 47.0400000000
127.0000000000 0.3711425781 0.0000000000 46.2200000000
128.0000000000 0.3711914063 0.0000000000 45.5300000000
129.0000000000 0.3712402344 0.0100000000 44.2800000000
130.0000000000 0.3712890625 0.0000000000 47.6100000000
131.0000000000 0.3713378906 0.0100000000 45.1400000000
132.0000000000 0.3713867188 0.0000000000 45.5600000000
133.0000000000 0.3714355469 0.0100000000 46.4400000000
134.0000000000 0.3714843750 0.0100000000 46.1800000000
135.0000000000 0.3715332031 0.0100000000 45.4100000000
136.0000000000 0.3715820313 0.0100000000 46.1000000000
137.0000000000 0.3716308594 0.0100000000 46.5400000000
138.0000000000 0.3716796875 0.0000000000 45.1600000000
139.0000000000 0.3717285156 0.0100000000 46.4400000000
140.0000000000 0.3717773438 0.0000000000 46.4700000000
141.0000000000 0.3718261719 0.0000000000 44.9700000000
142.0000000000 0.3718750000 0.0000000000 45.5200000000
143.0000000000 0.3719238281 0.0000000000 46.2000000000
144.0000000000 0.3719726563 0.0000000000 45.5200000000
145.0000000000 0.3720214844 0.0000000000 45.1000000000
146.0000000000 0.3720703125 0.0100000000 46.0700000000
147.0000000000 0.3721191406 0.0000000000 46.4900000000
148.0000000000 0.3721679688 0.0000000000 46.2100000000
149.0000000000 0.3722167969 0.0100000000 45.6700000000
150.0000000000 0.3722656250 0.0000000000 45.3800000000
151.0000000000 0.3723144531 0.0100000000 45.7500000000
152.0000000000 0.3723632813 0.0000000000 45.5700000000
153.0000000000 0.3724121094 0.0000000000 45.3900000000
154.0000000000 0.3724609375 0.0000000000 45.0100000000
155.0000000000 0.3725097656 0.0000000000 44.1000000000
156.0000000000 0.3725585938 0.0000000000 46.8500000000
157.0000000000 0.3726074219 0.0000000000 46.8100000000
158.0000000000 0.3726562500 0.0000000000 45.4700000000
159.0000000000 0.3727050781 0.0000000000 45.9500000000
160.0000000000 0.3727539063 0.0000000000 47.3200000000
161.0000000000 0.3728027344 0.0100000000 46.6300000000
162.0000000000 0.3728515625 0.0100000000 45.9400000000
163.0000000000 0.3729003906 0.0000000000 46.1200000000
164.0000000000 0.3729492188 0.0000000000 47.0200000000
165.0000000000 0.3729980469 0.0000000000 46.3200000000
166.0000000000 0.3730468750 0.0100000000 46.2200000000
167.0000000000 0.3730957031 0.0000000000 46.4600000000
168.0000000000 0.3731445313 0.0000000000 46.2700000000
169.0000000000 0.3731933594 0.0100000000 47.1600000000
170.0000000000 0.3732421875 0.0000000000 46.4400000000
171.0000000000 0.3732910156 0.0100000000 45.6400000000
172.0000000000 0.3733398438 0.0000000000 46.4700000000
173.0000000000 0.3733886719 0.0000000000 45.9900000000
174.0000000000 0.3734375000 0.0100000000 46.4900000000
175.0000000000 0.3734863281 0.0000000000 45.7500000000
176.0000000000 0.3735351563 0.0100000000 45.9200000000
177.0000000000 0.3735839844 0.0000000000 46.4000000000
178.0000000000 0.3736328125 0.0000000000 46.5900000000
179.0000000000 0.3736816406 0.0000000000 46.0400000000
180.0000000000 0.3737304688 0.0000000000 45.6600000000
181.0000000000 0.3737792969 0.0000000000 47.6000000000
182.0000000000 0.3738281250 0.0100000000 44.0200000000
183.0000000000 0.3738769531 0.0000000000 46.6900000000
184.0000000000 0.3739257813 0.0000000000 45.2900000000
185.0000000000 0.3739746094 0.0000000000 45.5800000000
186.0000000000 0.3740234375 0.0000000000 46.6300000000
187.0000000000 0.3740722656 0.0000000000 45.1100000000
188.0000000000 0.3741210938 0.0100000000 44.6000000000
189.0000000000 0.3741699219 0.0000000000 45.4100000000
190.0000000000 0.3742187500 0.0000000000 44.9800000000
191.0000000000 0.3742675781 0.0000000000 45.9700000000
192.0000000000 0.3743164063 0.0000000000 46.3400000000
193.0000000000 0.3743652344 0.0000000000 44.9200000000
194.0000000000 0.3744140625 0.0100000000 45.2300000000
195.0000000000 0.3744628906 0.0000000000 45.5100000000
196.0000000000 0.3745117188 0.0000000000 46.1800000000
197.0000000000 0.3745605469 0.0000000000 46.2200000000
198.0000000000 0.3746093750 0.0000000000 46.5700000000
199.0000000000 0.3746582031 0.0000000000 45.4700000000
1.0000000000 0.3747070313 0.0000000000 45.9500000000
2.0000000000 0.3747558594 0.0100000000 45.8400000000
3.0000000000 0.3748046875 0.0000000000 46.1400000000
4.0000000000 0.3748535156 0.0100000000 46.5500000000
5.0000000000 0.3749023438 0.0100000000 45.2000000000
6.0000000000 0.3749511719 0.0000000000 45.1700000000
7.0000000000 0.3750000000 0.0100000000 46.3100000000
8.0000000000 0.3750488281 0.0100000000 46.1400000000
9.0000000000 0.3750976563 0.0000000000 43.6900000000
10.0000000000 0.3751464844 0.0000000000 44.9000000000
11.0000000000 0.3751953125 0.0000000000 45.3500000000
12.0000000000 0.3752441406 0.0000000000 45.8600000000
13.0000000000 0.3752929688 0.0100000000 45.2500000000
14.0000000000 0.3753417969 0.0000000000 45.3200000000
15.0000000000 0.3753906250 0.0100000000 44.8400000000
16.0000000000 0.3754394531 0.0000000000 45.7700000000
17.0000000000 0.3754882813 0.0100000000 45.7500000000
18.0000000000 0.3755371094 0.0100000000 36.2700000000
19.0000000000 0.3755859375 0.0100000000 35.7100000000
20.0000000000 0.3756347656 0.0000000000 35.4000000000
21.0000000000 0.3756835938 0.0100000000 36.0600000000
22.0000000000 0.3757324219 0.0000000000 35.6800000000
23.0000000000 0.3757812500 0.0000000000 35.6900000000
24.0000000000 0.3758300781 0.0000000000 35.5600000000
25.0000000000 0.3758789063 0.0000000000 35.7900000000
26.0000000000 0.3759277344 0.0000000000 35.8600000000
27.0000000000 0.3759765625 0.0100000000 35.4000000000
28.0000000000 0.3760253906 0.0000000000 35.4000000000
29.0000000000 0.3760742188 0.0000000000 35.9500000000
30.0000000000 0.3761230469 0.0000000000 35.7400000000
31.0000000000 0.3761718750 0.0000000000 35.8400000000
32.0000000000 0.3762207031 0.0000000000 35.8200000000
33.0000000000 0.3762695313 0.0000000000 35.7700000000
34.0000000000 0.3763183594 0.0000000000 35.9000000000
35.0000000000 0.3763671875 0.0000000000 36.0700000000
36.0000000000 0.3764160156 0.0000000000 35.9500000000
37.0000000000 0.3764648438 0.0100000000 35.7800000000
38.0000000000 0.3765136719 0.0000000000 35.5000000000
39.0000000000 0.3765625000 0.0000000000 35.3800000000
40.0000000000 0.3766113281 0.0000000000 36.0500000000
41.0000000000 0.3766601563 0.0000000000 36.0100000000
42.0000000000 0.3767089844 0.0000000000 35.6000000000
43.0000000000 0.3767578125 0.0000000000 35.6700000000
44.0000000000 0.3768066406 0.0000000000 36.3000000000
45.0000000000 0.3768554688 0.0100000000 35.5900000000
46.0000000000 0.3769042969 0.0000000000 35.7300000000
47.0000000000 0.3769531250 0.0000000000 36.0900000000
48.0000000000 0.3770019531 0.0000000000 35.7000000000
49.0000000000 0.3770507813 0.0000000000 35.7700000000
50.0000000000 0.3770996094 0.0000000000 35.8200000000
51.0000000000 0.3771484375 0.0000000000 35.6800000000
52.0000000000 0.3771972656 0.0000000000 35.8800000000
53.0000000000 0.3772460938 0.0000000000 35.9000000000
54.0000000000 0.3772949219 0.0000000000 35.6700000000
55.0000000000 0.3773437500 0.0000000000 35.8400000000
56.0000000000 0.3773925781 0.0000000000 35.9300000000
57.0000000000 0.3774414063 0.0000000000 35.3500000000
58.0000000000 0.3774902344 0.0000000000 35.5700000000
59.0000000000 0.3775390625 0.0100000000 36.3200000000
60.0000000000 0.3775878906 0.0000000000 36.2800000000
61.0000000000 0.3776367188 0.0000000000 35.4600000000
62.0000000000 0.3776855469 0.0000000000 35.5100000000
63.0000000000 0.3777343750 0.0000000000 36.2300000000
64.0000000000 0.3777832031 0.0100000000 36.2800000000
65.0000000000 0.3778320313 0.0000000000 35.6000000000
66.0000000000 0.3778808594 0.0000000000 35.6100000000
67.0000000000 0.3779296875 0.0000000000 36.3900000000
68.0000000000 0.3779785156 0.0000000000 36.4500000000
69.0000000000 0.3780273438 0.0000000000 35.4100000000
70.0000000000 0.3780761719 0.0000000000 36.0900000000
71.0000000000 0.3781250000 0.0000000000 35.7600000000
72.0000000000 0.3781738281 0.0100000000 35.8500000000
73.0000000000 0.3782226563 0.0000000000 36.7500000000
74.0000000000 0.3782714844 0.0100000000 36.3100000000
75.0000000000 0.3783203125 0.0100000000 35.2900000000
76.0000000000 0.3783691406 0.0000000000 35.7400000000
77.0000000000 0.3784179688 0.0000000000 35.6300000000
78.0000000000 0.3784667969 0.0100000000 35.5000000000
79.0000000000 0.3785156250 0.0000000000 35.5300000000
80.0000000000 0.3785644531 0.0000000000 35.3000000000
81.0000000000 0.3786132813 0.0100000000 35.8900000000
82.0000000000 0.3786621094 0.0100000000 35.5000000000
83.0000000000 0.3787109375 0.0100000000 35.7000000000
84.0000000000 0.3787597656 0.0100000000 36.4200000000
85.0000000000 0.3788085938 0.0100000000 35.5500000000
86.0000000000 0.3788574219 0.0000000000 35.9100000000
87.0000000000 0.3789062500 0.0100000000 35.8500000000
88.0000000000 0.3789550781 0.0100000000 36.3900000000
89.0000000000 0.3790039063 0.0000000000 36.0100000000
90.0000000000 0.3790527344 0.0000000000 36.0500000000
91.0000000000 0.3791015625 0.0000000000 35.5800000000
92.0000000000 0.3791503906 0.0000000000 36.2000000000
93.0000000000 0.3791992188 0.0000000000 36.1700000000
94.0000000000 0.3792480469 0.0000000000 35.8100000000
95.0000000000 0.3792968750 0.0000000000 35.6800000000
96.0000000000 0.3793457031 0.0000000000 36.7400000000
97.0000000000 0.3793945313 0.0000000000 36.5400000000
98.0000000000 0.3794433594 0.0000000000 36.4000000000
99.0000000000 0.3794921875 0.0100000000 36.2400000000
100.0000000000 0.3795410156 0.0000000000 36.5200000000
101.0000000000 0.3795898438 0.0100000000 36.3900000000
102.0000000000 0.3796386719 0.0000000000 35.6900000000
103.0000000000 0.3796875000 0.0000000000 35.9600000000
104.0000000000 0.3797363281 0.0000000000 35.9400000000
105.0000000000 0.3797851563 0.0000000000 35.8100000000
106.0000000000 0.3798339844 0.0000000000 36.0500000000
107.0000000000 0.3798828125 0.0100000000 36.5900000000
108.0000000000 0.3799316406 0.0100000000 36.0600000000
109.0000000000 0.3799804688 0.0100000000 36.0700000000
110.0000000000 0.3800292969 0.0200000000 36.2900000000
111.0000000000 0.3800781250 0.0000000000 36.0200000000
112.0000000000 0.3801269531 0.0000000000 35.4500000000
113.0000000000 0.3801757813 0.0100000000 36.0400000000
114.0000000000 0.3802246094 0.0000000000 36.5000000000
115.0000000000 0.3802734375 0.0100000000 36.4900000000
116.0000000000 0.3803222656 0.0100000000 35.7800000000
117.0000000000 0.3803710938 0.0000000000 35.7600000000
118.0000000000 0.3804199219 0.0100000000 35.8300000000
119.0000000000 0.3804687500 0.0000000000 35.7400000000
120.0000000000 0.3805175781 0.0000000000 35.8200000000
121.0000000000 0.3805664063 0.0000000000 35.6600000000
122.0000000000 0.3806152344 0.0100000000 35.7600000000
123.0000000000 0.3806640625 0.0000000000 35.8600000000
124.0000000000 0.3807128906 0.0000000000 35.8200000000
125.0000000000 0.3807617188 0.0000000000 36.1800000000
126.0000000000 0.3808105469 0.0100000000 36.2000000000
127.0000000000 0.3808593750 0.0100000000 35.7400000000
128.0000000000 0.3809082031 0.0000000000 35.7900000000
129.0000000000 0.3809570313 0.0000000000 35.8000000000
130.0000000000 0.3810058594 0.0000000000 35.6100000000
131.0000000000 0.3810546875 0.0000000000 35.9000000000
132.0000000000 0.3811035156 0.0100000000 36.2400000000
133.0000000000 0.3811523438 0.0000000000 36.1500000000
134.0000000000 0.3812011719 0.0000000000 35.7600000000
135.0000000000 0.3812500000 0.0100000000 35.9700000000
136.0000000000 0.3812988281 0.0100000000 36.4000000000
137.0000000000 0.3813476563 0.0100000000 35.9400000000
138.0000000000 0.3813964844 0.0000000000 36.0400000000
139.0000000000 0.3814453125 0.0000000000 35.5900000000
140.0000000000 0.3814941406 0.0000000000 35.8100000000
141.0000000000 0.3815429688 0.0000000000 35.8800000000
142.0000000000 0.3815917969 0.0000000000 36.6400000000
143.0000000000 0.3816406250 0.0000000000 35.8500000000
144.0000000000 0.3816894531 0.0000000000 35.4600000000
145.0000000000 0.3817382813 0.0000000000 36.0600000000
146.0000000000 0.3817871094 0.0000000000 36.0500000000
147.0000000000 0.3818359375 0.0000000000 36.1700000000
148.0000000000 0.3818847656 0.0000000000 35.8700000000
149.0000000000 0.3819335938 0.0100000000 36.0500000000
150.0000000000 0.3819824219 0.0000000000 35.9800000000
151.0000000000 0.3820312500 0.0000000000 35.4000000000
152.0000000000 0.3820800781 0.0000000000 35.7900000000
153.0000000000 0.3821289063 0.0000000000 35.8800000000
154.0000000000 0.3821777344 0.0000000000 37.0800000000
155.0000000000 0.3822265625 0.0000000000 35.9500000000
156.0000000000 0.3822753906 0.0000000000 35.9000000000
157.0000000000 0.3823242188 0.0100000000 36.3400000000
158.0000000000 0.3823730469 0.0000000000 36.5700000000
159.0000000000 0.3824218750 0.0000000000 36.1700000000
160.0000000000 0.3824707031 0.0000000000 35.5300000000
161.0000000000 0.3825195313 0.0100000000 35.9300000000
162.0000000000 0.3825683594 0.0000000000 35.9700000000
163.0000000000 0.3826171875 0.0000000000 36.1800000000
164.0000000000 0.3826660156 0.0000000000 36.4800000000
165.0000000000 0.3827148438 0.0000000000 36.0600000000
166.0000000000 0.3827636719 0.0000000000 35.7800000000
167.0000000000 0.3828125000 0.0000000000 35.4100000000
168.0000000000 0.3828613281 0.0000000000 35.7800000000
169.0000000000 0.3829101563 0.0100000000 36.1400000000
170.0000000000 0.3829589844 0.0000000000 37.1800000000
171.0000000000 0.3830078125 0.0000000000 35.4300000000
172.0000000000 0.3830566406 0.0000000000 36.3200000000
173.0000000000 0.3831054688 0.0000000000 36.6800000000
174.0000000000 0.3831542969 0.0000000000 36.6400000000
175.0000000000 0.3832031250 0.0000000000 36.0900000000
176.0000000000 0.3832519531 0.0100000000 36.1100000000
177.0000000000 0.3833007813 0.0000000000 35.7800000000
178.0000000000 0.3833496094 0.0000000000 35.7700000000
179.0000000000 0.3833984375 0.0000000000 36.1000000000
180.0000000000 0.3834472656 0.0000000000 36.2700000000
181.0000000000 0.3834960938 0.0000000000 35.6500000000
182.0000000000 0.3835449219 0.0000000000 35.6500000000
183.0000000000 0.3835937500 0.0000000000 36.4200000000
184.0000000000 0.3836425781 0.0000000000 36.3300000000
185.0000000000 0.3836914063 0.0000000000 36.4900000000
186.0000000000 0.3837402344 0.0000000000 35.8200000000
187.0000000000 0.3837890625 0.0000000000 35.8300000000
188.0000000000 0.3838378906 0.0100000000 35.8700000000
189.0000000000 0.3838867188 0.0100000000 35.4600000000
190.0000000000 0.3839355469 0.0000000000 35.6800000000
191.0000000000 0.3839843750 0.0000000000 35.7900000000
192.0000000000 0.3840332031 0.0000000000 36.1100000000
193.0000000000 0.3840820313 0.0000000000 35.5200000000
194.0000000000 0.3841308594 0.0000000000 36.3600000000
195.0000000000 0.3841796875 0.0100000000 36.4200000000
196.0000000000 0.3842285156 0.0000000000 36.1600000000
197.0000000000 0.3842773438 0.0000000000 35.8200000000
198.0000000000 0.3843261719 0.0000000000 35.7200000000
199.0000000000 0.3843750000 0.0000000000 35.7700000000
200.0000000000 0.3844238281 0.0100000000 35.6300000000
201.0000000000 0.3844726563 0.0100000000 35.2800000000
202.0000000000 0.3845214844 0.0000000000 36.0800000000
203.0000000000 0.3845703125 0.0000000000 35.5200000000
204.0000000000 0.3846191406 0.0000000000 35.8200000000
205.0000000000 0.3846679688 0.0000000000 36.2500000000
206.0000000000 0.3847167969 0.0000000000 36.4700000000
207.0000000000 0.3847656250 0.0000000000 36.4300000000
208.0000000000 0.3848144531 0.0000000000 36.1700000000
209.0000000000 0.3848632813 0.0000000000 36.0500000000
210.0000000000 0.3849121094 0.0000000000 36.2200000000
211.0000000000 0.3849609375 0.0100000000 35.9700000000
212.0000000000 0.3850097656 0.0000000000 37.1200000000
213.0000000000 0.3850585938 0.0000000000 37.2100000000
214.0000000000 0.3851074219 0.0000000000 36.4300000000
215.0000000000 0.3851562500 0.0100000000 35.6000000000
216.0000000000 0.3852050781 0.0000000000 36.0400000000
217.0000000000 0.3852539063 0.0000000000 35.7900000000
218.0000000000 0.3853027344 0.0000000000 36.3800000000
219.0000000000 0.3853515625 0.0000000000 35.9800000000
220.0000000000 0.3854003906 0.0000000000 36.1400000000
