-2.500000e+00 -2.500000e+00 0.000000e+00 5.751298e-21 5.483859e-21 0.000000e+00
-2.500000e+00 -2.250000e+00 0.000000e+00 2.636680e-20 2.255197e-20 0.000000e+00
-2.500000e+00 -2.000000e+00 0.000000e+00 1.014801e-19 7.674515e-20 0.000000e+00
-2.500000e+00 -1.750000e+00 0.000000e+00 3.352064e-19 2.203814e-19 0.000000e+00
-2.500000e+00 -1.500000e+00 0.000000e+00 9.606287e-19 5.379056e-19 0.000000e+00
-2.500000e+00 -1.250000e+00 0.000000e+00 2.393012e-18 1.111317e-18 0.000000e+00
-2.500000e+00 -1.000000e+00 0.000000e+00 5.160426e-18 1.914305e-18 0.000000e+00
-2.500000e+00 -7.500000e-01 0.000000e+00 9.560728e-18 2.672432e-18 0.000000e+00
-2.500000e+00 -5.000000e-01 0.000000e+00 1.509037e-17 2.865459e-18 0.000000e+00
-2.500000e+00 -2.500000e-01 0.000000e+00 2.014353e-17 2.048751e-18 0.000000e+00
-2.500000e+00 0.000000e+00 0.000000e+00 2.262523e-17 3.255019e-19 0.000000e+00
-2.500000e+00 2.500000e-01 0.000000e+00 2.133460e-17 -1.555135e-18 0.000000e+00
-2.500000e+00 5.000000e-01 0.000000e+00 1.690238e-17 -2.720439e-18 0.000000e+00
-2.500000e+00 7.500000e-01 0.000000e+00 1.129385e-17 -2.827929e-18 0.000000e+00
-2.500000e+00 1.000000e+00 0.000000e+00 6.405941e-18 -2.188186e-18 0.000000e+00
-2.500000e+00 1.250000e+00 0.000000e+00 3.109827e-18 -1.351962e-18 0.000000e+00
-2.500000e+00 1.500000e+00 0.000000e+00 1.302776e-18 -6.904662e-19 0.000000e+00
-2.500000e+00 1.750000e+00 0.000000e+00 4.736560e-19 -2.971337e-19 0.000000e+00
-2.500000e+00 2.000000e+00 0.000000e+00 1.495245e-19 -1.085903e-19 0.000000e+00
-2.500000e+00 2.250000e+00 0.000000e+00 4.066807e-20 -3.358464e-20 0.000000e+00
-2.500000e+00 2.500000e+00 0.000000e+00 9.351568e-21 -8.650385e-21 0.000000e+00
-2.250000e+00 -2.500000e+00 0.000000e+00 2.497781e-20 2.634837e-20 0.000000e+00
-2.250000e+00 -2.250000e+00 0.000000e+00 1.133242e-19 1.071288e-19 0.000000e+00
-2.250000e+00 -2.000000e+00 0.000000e+00 4.442972e-19 3.710428e-19 0.000000e+00
-2.250000e+00 -1.750000e+00 0.000000e+00 1.525676e-18 1.107511e-18 0.000000e+00
-2.250000e+00 -1.500000e+00 0.000000e+00 4.599330e-18 2.845445e-18 0.000000e+00
-2.250000e+00 -1.250000e+00 0.000000e+00 1.210280e-17 6.215383e-18 0.000000e+00
-2.250000e+00 -1.000000e+00 0.000000e+00 2.749623e-17 1.128650e-17 0.000000e+00
-2.250000e+00 -7.500000e-01 0.000000e+00 5.326859e-17 1.648170e-17 0.000000e+00
-2.250000e+00 -5.000000e-01 0.000000e+00 8.701898e-17 1.829654e-17 0.000000e+00
-2.250000e+00 -2.500000e-01 0.000000e+00 1.187929e-16 1.338651e-17 0.000000e+00
-2.250000e+00 0.000000e+00 0.000000e+00 1.346821e-16 2.159104e-18 0.000000e+00
-2.250000e+00 2.500000e-01 0.000000e+00 1.264605e-16 -1.019226e-17 0.000000e+00
-2.250000e+00 5.000000e-01 0.000000e+00 9.843124e-17 -1.752834e-17 0.000000e+00
-2.250000e+00 7.500000e-01 0.000000e+00 6.380617e-17 -1.767896e-17 0.000000e+00
-2.250000e+00 1.000000e+00 0.000000e+00 3.471948e-17 -1.312230e-17 0.000000e+00
-2.250000e+00 1.250000e+00 0.000000e+00 1.602695e-17 -7.706299e-18 0.000000e+00
-2.250000e+00 1.500000e+00 0.000000e+00 6.354590e-18 -3.722176e-18 0.000000e+00
-2.250000e+00 1.750000e+00 0.000000e+00 2.190566e-18 -1.517686e-18 0.000000e+00
-2.250000e+00 2.000000e+00 0.000000e+00 6.618004e-19 -5.308762e-19 0.000000e+00
-2.250000e+00 2.250000e+00 0.000000e+00 1.753110e-19 -1.600969e-19 0.000000e+00
-2.250000e+00 2.500000e+00 0.000000e+00 4.032554e-20 -4.131784e-20 0.000000e+00
-2.000000e+00 -2.500000e+00 0.000000e+00 9.054754e-20 1.068602e-19 0.000000e+00
-2.000000e+00 -2.250000e+00 0.000000e+00 4.197528e-19 4.435552e-19 0.000000e+00
-2.000000e+00 -2.000000e+00 0.000000e+00 1.719767e-18 1.605318e-18 0.000000e+00
-2.000000e+00 -1.750000e+00 0.000000e+00 6.259704e-18 5.082810e-18 0.000000e+00
-2.000000e+00 -1.500000e+00 0.000000e+00 2.012366e-17 1.393834e-17 0.000000e+00
-2.000000e+00 -1.250000e+00 0.000000e+00 5.631933e-17 3.240018e-17 0.000000e+00
-2.000000e+00 -1.000000e+00 0.000000e+00 1.349668e-16 6.209482e-17 0.000000e+00
-2.000000e+00 -7.500000e-01 0.000000e+00 2.729740e-16 9.473740e-17 0.000000e+00
-2.000000e+00 -5.000000e-01 0.000000e+00 4.603490e-16 1.086671e-16 0.000000e+00
-2.000000e+00 -2.500000e-01 0.000000e+00 6.411624e-16 8.118917e-17 0.000000e+00
-2.000000e+00 0.000000e+00 0.000000e+00 7.328303e-16 1.326039e-17 0.000000e+00
-2.000000e+00 2.500000e-01 0.000000e+00 6.854759e-16 -6.198893e-17 0.000000e+00
-2.000000e+00 5.000000e-01 0.000000e+00 5.252072e-16 -1.049519e-16 0.000000e+00
-2.000000e+00 7.500000e-01 0.000000e+00 3.311590e-16 -1.029094e-16 0.000000e+00
-2.000000e+00 1.000000e+00 0.000000e+00 1.732573e-16 -7.339647e-17 0.000000e+00
-2.000000e+00 1.250000e+00 0.000000e+00 7.606344e-17 -4.097380e-17 0.000000e+00
-2.000000e+00 1.500000e+00 0.000000e+00 2.841321e-17 -1.863687e-17 0.000000e+00
-2.000000e+00 1.750000e+00 0.000000e+00 9.180724e-18 -7.117812e-18 0.000000e+00
-2.000000e+00 2.000000e+00 0.000000e+00 2.607628e-18 -2.339349e-18 0.000000e+00
-2.000000e+00 2.250000e+00 0.000000e+00 6.569290e-19 -6.711968e-19 0.000000e+00
-2.000000e+00 2.500000e+00 0.000000e+00 1.464972e-19 -1.682224e-19 0.000000e+00
-1.750000e+00 -2.500000e+00 0.000000e+00 2.802490e-19 3.752047e-19 0.000000e+00
-1.750000e+00 -2.250000e+00 0.000000e+00 1.354507e-18 1.623342e-18 0.000000e+00
-1.750000e+00 -2.000000e+00 0.000000e+00 5.884983e-18 6.233904e-18 0.000000e+00
-1.750000e+00 -1.750000e+00 0.000000e+00 2.291910e-17 2.113526e-17 0.000000e+00
-1.750000e+00 -1.500000e+00 0.000000e+00 7.864681e-17 6.190538e-17 0.000000e+00
-1.750000e+00 -1.250000e+00 0.000000e+00 2.326816e-16 1.522564e-16 0.000000e+00
-1.750000e+00 -1.000000e+00 0.000000e+00 5.827591e-16 3.053205e-16 0.000000e+00
-1.750000e+00 -7.500000e-01 0.000000e+00 1.217413e-15 4.816484e-16 0.000000e+00
-1.750000e+00 -5.000000e-01 0.000000e+00 2.096682e-15 5.645246e-16 0.000000e+00
-1.750000e+00 -2.500000e-01 0.000000e+00 2.953792e-15 4.267222e-16 0.000000e+00
-1.750000e+00 0.000000e+00 0.000000e+00 3.389916e-15 7.006671e-17 0.000000e+00
-1.750000e+00 2.500000e-01 0.000000e+00 3.164352e-15 -3.262926e-16 0.000000e+00
-1.750000e+00 5.000000e-01 0.000000e+00 2.403358e-15 -5.476579e-16 0.000000e+00
-1.750000e+00 7.500000e-01 0.000000e+00 1.489217e-15 -5.275246e-16 0.000000e+00
-1.750000e+00 1.000000e+00 0.000000e+00 7.574949e-16 -3.654479e-16 0.000000e+00
-1.750000e+00 1.250000e+00 0.000000e+00 3.195439e-16 -1.957940e-16 0.000000e+00
-1.750000e+00 1.500000e+00 0.000000e+00 1.133396e-16 -8.448973e-17 0.000000e+00
-1.750000e+00 1.750000e+00 0.000000e+00 3.438661e-17 -3.029065e-17 0.000000e+00
-1.750000e+00 2.000000e+00 0.000000e+00 9.115470e-18 -9.290573e-18 0.000000e+00
-1.750000e+00 2.250000e+00 0.000000e+00 2.153769e-18 -2.500653e-18 0.000000e+00
-1.750000e+00 2.500000e+00 0.000000e+00 4.569312e-19 -5.970549e-19 0.000000e+00
-1.500000e+00 -2.500000e+00 0.000000e+00 7.433736e-19 1.149760e-18 0.000000e+00
-1.500000e+00 -2.250000e+00 0.000000e+00 3.784550e-18 5.241092e-18 0.000000e+00
-1.500000e+00 -2.000000e+00 0.000000e+00 1.753934e-17 2.148267e-17 0.000000e+00
-1.500000e+00 -1.750000e+00 0.000000e+00 7.285175e-17 7.773636e-17 0.000000e+00
-1.500000e+00 -1.500000e+00 0.000000e+00 2.638341e-16 2.405715e-16 0.000000e+00
-1.500000e+00 -1.250000e+00 0.000000e+00 8.130942e-16 6.172332e-16 0.000000e+00
-1.500000e+00 -1.000000e+00 0.000000e+00 2.092277e-15 1.272894e-15 0.000000e+00
-1.500000e+00 -7.500000e-01 0.000000e+00 4.430882e-15 2.035537e-15 0.000000e+00
-1.500000e+00 -5.000000e-01 0.000000e+00 7.658758e-15 2.392801e-15 0.000000e+00
-1.500000e+00 -2.500000e-01 0.000000e+00 1.077784e-14 1.805293e-15 0.000000e+00
-1.500000e+00 0.000000e+00 0.000000e+00 1.235306e-14 2.955899e-16 0.000000e+00
-1.500000e+00 2.500000e-01 0.000000e+00 1.153706e-14 -1.379701e-15 0.000000e+00
-1.500000e+00 5.000000e-01 0.000000e+00 8.774585e-15 -2.319961e-15 0.000000e+00
-1.500000e+00 7.500000e-01 0.000000e+00 5.429063e-15 -2.232897e-15 0.000000e+00
-1.500000e+00 1.000000e+00 0.000000e+00 2.735207e-15 -1.532524e-15 0.000000e+00
-1.500000e+00 1.250000e+00 0.000000e+00 1.128648e-15 -8.026616e-16 0.000000e+00
-1.500000e+00 1.500000e+00 0.000000e+00 3.860951e-16 -3.336874e-16 0.000000e+00
-1.500000e+00 1.750000e+00 0.000000e+00 1.113919e-16 -1.137029e-16 0.000000e+00
-1.500000e+00 2.000000e+00 0.000000e+00 2.771268e-17 -3.274768e-17 0.000000e+00
-1.500000e+00 2.250000e+00 0.000000e+00 6.111944e-18 -8.236440e-18 0.000000e+00
-1.500000e+00 2.500000e+00 0.000000e+00 1.220903e-18 -1.854346e-18 0.000000e+00
-1.250000e+00 -2.500000e+00 0.000000e+00 1.673999e-18 3.065592e-18 0.000000e+00
-1.250000e+00 -2.250000e+00 0.000000e+00 9.006580e-18 1.477222e-17 0.000000e+00
-1.250000e+00 -2.000000e+00 0.000000e+00 4.432300e-17 6.433742e-17 0.000000e+00
-1.250000e+00 -1.750000e+00 0.000000e+00 1.937252e-16 2.452775e-16 0.000000e+00
-1.250000e+00 -1.500000e+00 0.000000e+00 7.281163e-16 7.891245e-16 0.000000e+00
-1.250000e+00 -1.250000e+00 0.000000e+00 2.293530e-15 2.071901e-15 0.000000e+00
-1.250000e+00 -1.000000e+00 0.000000e+00 5.933726e-15 4.295786e-15 0.000000e+00
-1.250000e+00 -7.500000e-01 0.000000e+00 1.246711e-14 6.808836e-15 0.000000e+00
-1.250000e+00 -5.000000e-01 0.000000e+00 2.124958e-14 7.883066e-15 0.000000e+00
-1.250000e+00 -2.500000e-01 0.000000e+00 2.952847e-14 5.867146e-15 0.000000e+00
-1.250000e+00 0.000000e+00 0.000000e+00 3.364046e-14 9.523682e-16 0.000000e+00
-1.250000e+00 2.500000e-01 0.000000e+00 3.150196e-14 -4.473610e-15 0.000000e+00
-1.250000e+00 5.000000e-01 0.000000e+00 2.420695e-14 -7.605551e-15 0.000000e+00
-1.250000e+00 7.500000e-01 0.000000e+00 1.518464e-14 -7.432337e-15 0.000000e+00
-1.250000e+00 1.000000e+00 0.000000e+00 7.729373e-15 -5.162573e-15 0.000000e+00
-1.250000e+00 1.250000e+00 0.000000e+00 3.186713e-15 -2.704631e-15 0.000000e+00
-1.250000e+00 1.500000e+00 0.000000e+00 1.071679e-15 -1.105429e-15 0.000000e+00
-1.250000e+00 1.750000e+00 0.000000e+00 2.989298e-16 -3.640414e-16 0.000000e+00
-1.250000e+00 2.000000e+00 0.000000e+00 7.078613e-17 -9.984993e-17 0.000000e+00
-1.250000e+00 2.250000e+00 0.000000e+00 1.466795e-17 -2.363422e-17 0.000000e+00
-1.250000e+00 2.500000e+00 0.000000e+00 2.751285e-18 -5.005998e-18 0.000000e+00
-1.000000e+00 -2.500000e+00 0.000000e+00 3.140154e-18 7.054227e-18 0.000000e+00
-1.000000e+00 -2.250000e+00 0.000000e+00 1.779135e-17 3.579439e-17 0.000000e+00
-1.000000e+00 -2.000000e+00 0.000000e+00 9.183006e-17 1.636329e-16 0.000000e+00
-1.000000e+00 -1.750000e+00 0.000000e+00 4.155366e-16 6.469174e-16 0.000000e+00
-1.000000e+00 -1.500000e+00 0.000000e+00 1.593043e-15 2.126594e-15 0.000000e+00
-1.000000e+00 -1.250000e+00 0.000000e+00 5.028549e-15 5.599248e-15 0.000000e+00
-1.000000e+00 -1.000000e+00 0.000000e+00 1.281508e-14 1.143175e-14 0.000000e+00
-1.000000e+00 -7.500000e-01 0.000000e+00 2.624572e-14 1.764884e-14 0.000000e+00
-1.000000e+00 -5.000000e-01 0.000000e+00 4.354261e-14 1.987604e-14 0.000000e+00
-1.000000e+00 -2.500000e-01 0.000000e+00 5.926507e-14 1.448250e-14 0.000000e+00
-1.000000e+00 0.000000e+00 0.000000e+00 6.687922e-14 2.317805e-15 0.000000e+00
-1.000000e+00 2.500000e-01 0.000000e+00 6.285758e-14 -1.101294e-14 0.000000e+00
-1.000000e+00 5.000000e-01 0.000000e+00 4.906754e-14 -1.903486e-14 0.000000e+00
-1.000000e+00 7.500000e-01 0.000000e+00 3.151795e-14 -1.908405e-14 0.000000e+00
-1.000000e+00 1.000000e+00 0.000000e+00 1.644569e-14 -1.362343e-14 0.000000e+00
-1.000000e+00 1.250000e+00 0.000000e+00 6.896153e-15 -7.278698e-15 0.000000e+00
-1.000000e+00 1.500000e+00 0.000000e+00 2.321819e-15 -2.984173e-15 0.000000e+00
-1.000000e+00 1.750000e+00 0.000000e+00 6.364140e-16 -9.665327e-16 0.000000e+00
-1.000000e+00 2.000000e+00 0.000000e+00 1.456649e-16 -2.563983e-16 0.000000e+00
-1.000000e+00 2.250000e+00 0.000000e+00 2.875477e-17 -5.789263e-17 0.000000e+00
-1.000000e+00 2.500000e+00 0.000000e+00 5.097552e-18 -1.160808e-17 0.000000e+00
-7.500000e-01 -2.500000e+00 0.000000e+00 4.754787e-18 1.386008e-17 0.000000e+00
-7.500000e-01 -2.250000e+00 0.000000e+00 2.811771e-17 7.336068e-17 0.000000e+00
-7.500000e-01 -2.000000e+00 0.000000e+00 1.500925e-16 3.470502e-16 0.000000e+00
-7.500000e-01 -1.750000e+00 0.000000e+00 6.931356e-16 1.402456e-15 0.000000e+00
-7.500000e-01 -1.500000e+00 0.000000e+00 2.669528e-15 4.638411e-15 0.000000e+00
-7.500000e-01 -1.250000e+00 0.000000e+00 8.311161e-15 1.205460e-14 0.000000e+00
-7.500000e-01 -1.000000e+00 0.000000e+00 2.057820e-14 2.391754e-14 0.000000e+00
-7.500000e-01 -7.500000e-01 0.000000e+00 4.066255e-14 3.563436e-14 0.000000e+00
-7.500000e-01 -5.000000e-01 0.000000e+00 6.519710e-14 3.879781e-14 0.000000e+00
-7.500000e-01 -2.500000e-01 0.000000e+00 8.650927e-14 2.756108e-14 0.000000e+00
-7.500000e-01 0.000000e+00 0.000000e+00 9.646306e-14 4.312760e-15 0.000000e+00
-7.500000e-01 2.500000e-01 0.000000e+00 9.098458e-14 -2.094033e-14 0.000000e+00
-7.500000e-01 5.000000e-01 0.000000e+00 7.229933e-14 -3.686656e-14 0.000000e+00
-7.500000e-01 7.500000e-01 0.000000e+00 4.775233e-14 -3.808962e-14 0.000000e+00
-7.500000e-01 1.000000e+00 0.000000e+00 2.571213e-14 -2.814461e-14 0.000000e+00
-7.500000e-01 1.250000e+00 0.000000e+00 1.107439e-14 -1.550068e-14 0.000000e+00
-7.500000e-01 1.500000e+00 0.000000e+00 3.779722e-15 -6.464572e-15 0.000000e+00
-7.500000e-01 1.750000e+00 0.000000e+00 1.031428e-15 -2.089555e-15 0.000000e+00
-7.500000e-01 2.000000e+00 0.000000e+00 2.311789e-16 -5.434940e-16 0.000000e+00
-7.500000e-01 2.250000e+00 0.000000e+00 4.411772e-17 -1.187300e-16 0.000000e+00
-7.500000e-01 2.500000e+00 0.000000e+00 7.488954e-18 -2.280477e-17 0.000000e+00
-5.000000e-01 -2.500000e+00 0.000000e+00 5.487156e-18 2.298215e-17 0.000000e+00
-5.000000e-01 -2.250000e+00 0.000000e+00 3.349448e-17 1.254081e-16 0.000000e+00
-5.000000e-01 -2.000000e+00 0.000000e+00 1.827080e-16 6.063579e-16 0.000000e+00
-5.000000e-01 -1.750000e+00 0.000000e+00 8.517809e-16 2.476718e-15 0.000000e+00
-5.000000e-01 -1.500000e+00 0.000000e+00 3.261840e-15 8.156559e-15 0.000000e+00
-5.000000e-01 -1.250000e+00 0.000000e+00 9.936415e-15 2.076624e-14 0.000000e+00
-5.000000e-01 -1.000000e+00 0.000000e+00 2.379877e-14 3.990008e-14 0.000000e+00
-5.000000e-01 -7.500000e-01 0.000000e+00 4.529376e-14 5.732171e-14 0.000000e+00
-5.000000e-01 -5.000000e-01 0.000000e+00 7.011762e-14 6.032301e-14 0.000000e+00
-5.000000e-01 -2.500000e-01 0.000000e+00 9.059182e-14 4.173524e-14 0.000000e+00
-5.000000e-01 0.000000e+00 0.000000e+00 9.969126e-14 6.319073e-15 0.000000e+00
-5.000000e-01 2.500000e-01 0.000000e+00 9.428412e-14 -3.179104e-14 0.000000e+00
-5.000000e-01 5.000000e-01 0.000000e+00 7.621553e-14 -5.694545e-14 0.000000e+00
-5.000000e-01 7.500000e-01 0.000000e+00 5.171410e-14 -6.057770e-14 0.000000e+00
-5.000000e-01 1.000000e+00 0.000000e+00 2.871582e-14 -4.630013e-14 0.000000e+00
-5.000000e-01 1.250000e+00 0.000000e+00 1.271808e-14 -2.631893e-14 0.000000e+00
-5.000000e-01 1.500000e+00 0.000000e+00 4.419477e-15 -1.122099e-14 0.000000e+00
-5.000000e-01 1.750000e+00 0.000000e+00 1.209556e-15 -3.650646e-15 0.000000e+00
-5.000000e-01 2.000000e+00 0.000000e+00 2.679525e-16 -9.405990e-16 0.000000e+00
-5.000000e-01 2.250000e+00 0.000000e+00 5.003027e-17 -2.011909e-16 0.000000e+00
-5.000000e-01 2.500000e+00 0.000000e+00 8.249478e-18 -3.750882e-17 0.000000e+00
-2.500000e-01 -2.500000e+00 0.000000e+00 4.185257e-18 3.180735e-17 0.000000e+00
-2.500000e-01 -2.250000e+00 0.000000e+00 2.607655e-17 1.768556e-16 0.000000e+00
-2.500000e-01 -2.000000e+00 0.000000e+00 1.440101e-16 8.654986e-16 0.000000e+00
-2.500000e-01 -1.750000e+00 0.000000e+00 6.730633e-16 3.548100e-15 0.000000e+00
-2.500000e-01 -1.500000e+00 0.000000e+00 2.553182e-15 1.159621e-14 0.000000e+00
-2.500000e-01 -1.250000e+00 0.000000e+00 7.618255e-15 2.897419e-14 0.000000e+00
-2.500000e-01 -1.000000e+00 0.000000e+00 1.774472e-14 5.423664e-14 0.000000e+00
-2.500000e-01 -7.500000e-01 0.000000e+00 3.276009e-14 7.570660e-14 0.000000e+00
-2.500000e-01 -5.000000e-01 0.000000e+00 4.927971e-14 7.751520e-14 0.000000e+00
-2.500000e-01 -2.500000e-01 0.000000e+00 6.225145e-14 5.243828e-14 0.000000e+00
-2.500000e-01 0.000000e+00 0.000000e+00 6.770642e-14 7.651556e-15 0.000000e+00
-2.500000e-01 2.500000e-01 0.000000e+00 6.413897e-14 -4.014587e-14 0.000000e+00
-2.500000e-01 5.000000e-01 0.000000e+00 5.255135e-14 -7.286043e-14 0.000000e+00
-2.500000e-01 7.500000e-01 0.000000e+00 3.640979e-14 -7.929330e-14 0.000000e+00
-2.500000e-01 1.000000e+00 0.000000e+00 2.069474e-14 -6.219461e-14 0.000000e+00
-2.500000e-01 1.250000e+00 0.000000e+00 9.361075e-15 -3.622806e-14 0.000000e+00
-2.500000e-01 1.500000e+00 0.000000e+00 3.299609e-15 -1.573093e-14 0.000000e+00
-2.500000e-01 1.750000e+00 0.000000e+00 9.063778e-16 -5.158658e-15 0.000000e+00
-2.500000e-01 2.000000e+00 0.000000e+00 1.993747e-16 -1.324486e-15 0.000000e+00
-2.500000e-01 2.250000e+00 0.000000e+00 3.671122e-17 -2.799372e-16 0.000000e+00
-2.500000e-01 2.500000e+00 0.000000e+00 5.948788e-18 -5.127197e-17 0.000000e+00
0.000000e+00 -2.500000e+00 0.000000e+00 8.010670e-19 3.642582e-17 0.000000e+00
0.000000e+00 -2.250000e+00 0.000000e+00 5.048574e-18 2.040883e-16 0.000000e+00
0.000000e+00 -2.000000e+00 0.000000e+00 2.799748e-17 1.003266e-15 0.000000e+00
0.000000e+00 -1.750000e+00 0.000000e+00 1.301424e-16 4.114875e-15 0.000000e+00
0.000000e+00 -1.500000e+00 0.000000e+00 4.862676e-16 1.338597e-14 0.000000e+00
0.000000e+00 -1.250000e+00 0.000000e+00 1.421480e-15 3.313369e-14 0.000000e+00
0.000000e+00 -1.000000e+00 0.000000e+00 3.242070e-15 6.126275e-14 0.000000e+00
0.000000e+00 -7.500000e-01 0.000000e+00 5.873313e-15 8.436945e-14 0.000000e+00
0.000000e+00 -5.000000e-01 0.000000e+00 8.698636e-15 8.526078e-14 0.000000e+00
0.000000e+00 -2.500000e-01 0.000000e+00 1.086994e-14 5.703542e-14 0.000000e+00
0.000000e+00 0.000000e+00 0.000000e+00 1.176781e-14 8.139533e-15 0.000000e+00
0.000000e+00 2.500000e-01 0.000000e+00 1.116686e-14 -4.382456e-14 0.000000e+00
0.000000e+00 5.000000e-01 0.000000e+00 9.203117e-15 -8.000619e-14 0.000000e+00
0.000000e+00 7.500000e-01 0.000000e+00 6.419456e-15 -8.798724e-14 0.000000e+00
0.000000e+00 1.000000e+00 0.000000e+00 3.666346e-15 -6.982087e-14 0.000000e+00
0.000000e+00 1.250000e+00 0.000000e+00 1.659179e-15 -4.111231e-14 0.000000e+00
0.000000e+00 1.500000e+00 0.000000e+00 5.809663e-16 -1.799763e-14 0.000000e+00
0.000000e+00 1.750000e+00 0.000000e+00 1.570138e-16 -5.923861e-15 0.000000e+00
0.000000e+00 2.000000e+00 0.000000e+00 3.364076e-17 -1.518899e-15 0.000000e+00
0.000000e+00 2.250000e+00 0.000000e+00 6.005341e-18 -3.193976e-16 0.000000e+00
0.000000e+00 2.500000e+00 0.000000e+00 9.486286e-19 -5.807395e-17 0.000000e+00
2.500000e-01 -2.500000e+00 0.000000e+00 -3.035748e-18 3.436409e-17 0.000000e+00
2.500000e-01 -2.250000e+00 0.000000e+00 -1.900410e-17 1.918889e-16 0.000000e+00
2.500000e-01 -2.000000e+00 0.000000e+00 -1.053447e-16 9.412476e-16 0.000000e+00
2.500000e-01 -1.750000e+00 0.000000e+00 -4.935815e-16 3.858092e-15 0.000000e+00
2.500000e-01 -1.500000e+00 0.000000e+00 -1.873501e-15 1.256947e-14 0.000000e+00
2.500000e-01 -1.250000e+00 0.000000e+00 -5.578926e-15 3.122777e-14 0.000000e+00
2.500000e-01 -1.000000e+00 0.000000e+00 -1.293516e-14 5.804309e-14 0.000000e+00
2.500000e-01 -7.500000e-01 0.000000e+00 -2.373055e-14 8.041568e-14 0.000000e+00
2.500000e-01 -5.000000e-01 0.000000e+00 -3.545095e-14 8.175020e-14 0.000000e+00
2.500000e-01 -2.500000e-01 0.000000e+00 -4.450692e-14 5.496564e-14 0.000000e+00
2.500000e-01 0.000000e+00 0.000000e+00 -4.822141e-14 7.914714e-15 0.000000e+00
2.500000e-01 2.500000e-01 0.000000e+00 -4.566665e-14 -4.218503e-14 0.000000e+00
2.500000e-01 5.000000e-01 0.000000e+00 -3.754086e-14 -7.678437e-14 0.000000e+00
2.500000e-01 7.500000e-01 0.000000e+00 -2.616791e-14 -8.401005e-14 0.000000e+00
2.500000e-01 1.000000e+00 0.000000e+00 -1.498815e-14 -6.627562e-14 0.000000e+00
2.500000e-01 1.250000e+00 0.000000e+00 -6.837182e-15 -3.880233e-14 0.000000e+00
2.500000e-01 1.500000e+00 0.000000e+00 -2.430553e-15 -1.690568e-14 0.000000e+00
2.500000e-01 1.750000e+00 0.000000e+00 -6.730577e-16 -5.547662e-15 0.000000e+00
2.500000e-01 2.000000e+00 0.000000e+00 -1.491653e-16 -1.421061e-15 0.000000e+00
2.500000e-01 2.250000e+00 0.000000e+00 -2.764252e-17 -2.990372e-16 0.000000e+00
2.500000e-01 2.500000e+00 0.000000e+00 -4.494740e-18 -5.449752e-17 0.000000e+00
5.000000e-01 -2.500000e+00 0.000000e+00 -5.277286e-18 2.673386e-17 0.000000e+00
5.000000e-01 -2.250000e+00 0.000000e+00 -3.254784e-17 1.470899e-16 0.000000e+00
5.000000e-01 -2.000000e+00 0.000000e+00 -1.787241e-16 7.147125e-16 0.000000e+00
5.000000e-01 -1.750000e+00 0.000000e+00 -8.347666e-16 2.922085e-15 0.000000e+00
5.000000e-01 -1.500000e+00 0.000000e+00 -3.184662e-15 9.582129e-15 0.000000e+00
5.000000e-01 -1.250000e+00 0.000000e+00 -9.614867e-15 2.417456e-14 0.000000e+00
5.000000e-01 -1.000000e+00 0.000000e+00 -2.274940e-14 4.589806e-14 0.000000e+00
5.000000e-01 -7.500000e-01 0.000000e+00 -4.272697e-14 6.510480e-14 0.000000e+00
5.000000e-01 -5.000000e-01 0.000000e+00 -6.533214e-14 6.770399e-14 0.000000e+00
5.000000e-01 -2.500000e-01 0.000000e+00 -8.360328e-14 4.639063e-14 0.000000e+00
5.000000e-01 0.000000e+00 0.000000e+00 -9.153824e-14 6.904941e-15 0.000000e+00
5.000000e-01 2.500000e-01 0.000000e+00 -8.661401e-14 -3.543631e-14 0.000000e+00
5.000000e-01 5.000000e-01 0.000000e+00 -7.039509e-14 -6.381236e-14 0.000000e+00
5.000000e-01 7.500000e-01 0.000000e+00 -4.817835e-14 -6.851589e-14 0.000000e+00
5.000000e-01 1.000000e+00 0.000000e+00 -2.701721e-14 -5.290594e-14 0.000000e+00
5.000000e-01 1.250000e+00 0.000000e+00 -1.207596e-14 -3.034598e-14 0.000000e+00
5.000000e-01 1.500000e+00 0.000000e+00 -4.224113e-15 -1.301035e-14 0.000000e+00
5.000000e-01 1.750000e+00 0.000000e+00 -1.159059e-15 -4.233840e-15 0.000000e+00
5.000000e-01 2.000000e+00 0.000000e+00 -2.563949e-16 -1.084944e-15 0.000000e+00
5.000000e-01 2.250000e+00 0.000000e+00 -4.767877e-17 -2.299418e-16 0.000000e+00
5.000000e-01 2.500000e+00 0.000000e+00 -7.817679e-18 -4.242712e-17 0.000000e+00
7.500000e-01 -2.500000e+00 0.000000e+00 -5.246217e-18 1.725906e-17 0.000000e+00
7.500000e-01 -2.250000e+00 0.000000e+00 -3.146204e-17 9.244819e-17 0.000000e+00
7.500000e-01 -2.000000e+00 0.000000e+00 -1.695418e-16 4.409392e-16 0.000000e+00
7.500000e-01 -1.750000e+00 0.000000e+00 -7.859909e-16 1.788755e-15 0.000000e+00
7.500000e-01 -1.500000e+00 0.000000e+00 -3.018425e-15 5.903185e-15 0.000000e+00
7.500000e-01 -1.250000e+00 0.000000e+00 -9.306766e-15 1.520816e-14 0.000000e+00
7.500000e-01 -1.000000e+00 0.000000e+00 -2.271916e-14 2.977826e-14 0.000000e+00
7.500000e-01 -7.500000e-01 0.000000e+00 -4.420332e-14 4.371492e-14 0.000000e+00
7.500000e-01 -5.000000e-01 0.000000e+00 -6.988765e-14 4.694547e-14 0.000000e+00
7.500000e-01 -2.500000e-01 0.000000e+00 -9.178252e-14 3.299433e-14 0.000000e+00
7.500000e-01 0.000000e+00 0.000000e+00 -1.018427e-13 5.091559e-15 0.000000e+00
7.500000e-01 2.500000e-01 0.000000e+00 -9.617375e-14 -2.510323e-14 0.000000e+00
7.500000e-01 5.000000e-01 0.000000e+00 -7.692743e-14 -4.450034e-14 0.000000e+00
7.500000e-01 7.500000e-01 0.000000e+00 -5.132503e-14 -4.650819e-14 0.000000e+00
7.500000e-01 1.000000e+00 0.000000e+00 -2.794622e-14 -3.480711e-14 0.000000e+00
7.500000e-01 1.250000e+00 0.000000e+00 -1.215066e-14 -1.937996e-14 0.000000e+00
7.500000e-01 1.500000e+00 0.000000e+00 -4.166953e-15 -8.128236e-15 0.000000e+00
7.500000e-01 1.750000e+00 0.000000e+00 -1.135054e-15 -2.621788e-15 0.000000e+00
7.500000e-01 2.000000e+00 0.000000e+00 -2.524124e-16 -6.753246e-16 0.000000e+00
7.500000e-01 2.250000e+00 0.000000e+00 -4.762010e-17 -1.453984e-16 0.000000e+00
7.500000e-01 2.500000e+00 0.000000e+00 -7.980088e-18 -2.748053e-17 0.000000e+00
1.000000e+00 -2.500000e+00 0.000000e+00 -3.811114e-18 9.339642e-18 0.000000e+00
1.000000e+00 -2.250000e+00 0.000000e+00 -2.195205e-17 4.812294e-17 0.000000e+00
1.000000e+00 -2.000000e+00 0.000000e+00 -1.147435e-16 2.227301e-16 0.000000e+00
1.000000e+00 -1.750000e+00 0.000000e+00 -5.231585e-16 8.880090e-16 0.000000e+00
1.000000e+00 -1.500000e+00 0.000000e+00 -2.009073e-15 2.927800e-15 0.000000e+00
1.000000e+00 -1.250000e+00 0.000000e+00 -6.308169e-15 7.675589e-15 0.000000e+00
1.000000e+00 -1.000000e+00 0.000000e+00 -1.589891e-14 1.550605e-14 0.000000e+00
1.000000e+00 -7.500000e-01 0.000000e+00 -3.212052e-14 2.361342e-14 0.000000e+00
1.000000e+00 -5.000000e-01 0.000000e+00 -5.261038e-14 2.623911e-14 0.000000e+00
1.000000e+00 -2.500000e-01 0.000000e+00 -7.094097e-14 1.892062e-14 0.000000e+00
1.000000e+00 0.000000e+00 0.000000e+00 -7.972483e-14 2.995420e-15 0.000000e+00
1.000000e+00 2.500000e-01 0.000000e+00 -7.506016e-14 -1.438869e-14 0.000000e+00
1.000000e+00 5.000000e-01 0.000000e+00 -5.900090e-14 -2.505140e-14 0.000000e+00
1.000000e+00 7.500000e-01 0.000000e+00 -3.828982e-14 -2.541780e-14 0.000000e+00
1.000000e+00 1.000000e+00 0.000000e+00 -2.019461e-14 -1.838262e-14 0.000000e+00
1.000000e+00 1.250000e+00 0.000000e+00 -8.532635e-15 -9.920223e-15 0.000000e+00
1.000000e+00 1.500000e+00 0.000000e+00 -2.875507e-15 -4.078881e-15 0.000000e+00
1.000000e+00 1.750000e+00 0.000000e+00 -7.824115e-16 -1.312457e-15 0.000000e+00
1.000000e+00 2.000000e+00 0.000000e+00 -1.765424e-16 -3.430093e-16 0.000000e+00
1.000000e+00 2.250000e+00 0.000000e+00 -3.421326e-17 -7.590402e-17 0.000000e+00
1.000000e+00 2.500000e+00 0.000000e+00 -5.947627e-18 -1.489326e-17 0.000000e+00
1.250000e+00 -2.500000e+00 0.000000e+00 -2.188034e-18 4.287165e-18 0.000000e+00
1.250000e+00 -2.250000e+00 0.000000e+00 -1.198471e-17 2.103060e-17 0.000000e+00
1.250000e+00 -2.000000e+00 0.000000e+00 -5.996266e-17 9.320573e-17 0.000000e+00
1.250000e+00 -1.750000e+00 0.000000e+00 -2.654125e-16 3.604561e-16 0.000000e+00
1.250000e+00 -1.500000e+00 0.000000e+00 -1.005891e-15 1.171182e-15 0.000000e+00
1.250000e+00 -1.250000e+00 0.000000e+00 -3.176239e-15 3.084478e-15 0.000000e+00
1.250000e+00 -1.000000e+00 0.000000e+00 -8.184500e-15 6.367047e-15 0.000000e+00
1.250000e+00 -7.500000e-01 0.000000e+00 -1.705246e-14 9.995285e-15 0.000000e+00
1.250000e+00 -5.000000e-01 0.000000e+00 -2.879293e-14 1.144382e-14 0.000000e+00
1.250000e+00 -2.500000e-01 0.000000e+00 -3.971708e-14 8.436622e-15 0.000000e+00
1.250000e+00 0.000000e+00 0.000000e+00 -4.510122e-14 1.352566e-15 0.000000e+00
1.250000e+00 2.500000e-01 0.000000e+00 -4.230691e-14 -6.434582e-15 0.000000e+00
1.250000e+00 5.000000e-01 0.000000e+00 -3.271058e-14 -1.100432e-14 0.000000e+00
1.250000e+00 7.500000e-01 0.000000e+00 -2.069641e-14 -1.086343e-14 0.000000e+00
1.250000e+00 1.000000e+00 0.000000e+00 -1.061729e-14 -7.623582e-15 0.000000e+00
1.250000e+00 1.250000e+00 0.000000e+00 -4.390244e-15 -4.016756e-15 0.000000e+00
1.250000e+00 1.500000e+00 0.000000e+00 -1.468900e-15 -1.637133e-15 0.000000e+00
1.250000e+00 1.750000e+00 0.000000e+00 -4.041425e-16 -5.324951e-16 0.000000e+00
1.250000e+00 2.000000e+00 0.000000e+00 -9.375788e-17 -1.431239e-16 0.000000e+00
1.250000e+00 2.250000e+00 0.000000e+00 -1.895366e-17 -3.302896e-17 0.000000e+00
1.250000e+00 2.500000e+00 0.000000e+00 -3.468734e-18 -6.817804e-18 0.000000e+00
1.500000e+00 -2.500000e+00 0.000000e+00 -1.033210e-18 1.689563e-18 0.000000e+00
1.500000e+00 -2.250000e+00 0.000000e+00 -5.353522e-18 7.845369e-18 0.000000e+00
1.500000e+00 -2.000000e+00 0.000000e+00 -2.531690e-17 3.286878e-17 0.000000e+00
1.500000e+00 -1.750000e+00 0.000000e+00 -1.071497e-16 1.214503e-16 0.000000e+00
1.500000e+00 -1.500000e+00 0.000000e+00 -3.941374e-16 3.823780e-16 0.000000e+00
1.500000e+00 -1.250000e+00 0.000000e+00 -1.228187e-15 9.923060e-16 0.000000e+00
1.500000e+00 -1.000000e+00 0.000000e+00 -3.176233e-15 2.054331e-15 0.000000e+00
1.500000e+00 -7.500000e-01 0.000000e+00 -6.721168e-15 3.275368e-15 0.000000e+00
1.500000e+00 -5.000000e-01 0.000000e+00 -1.156965e-14 3.823530e-15 0.000000e+00
1.500000e+00 -2.500000e-01 0.000000e+00 -1.620956e-14 2.861994e-15 0.000000e+00
1.500000e+00 0.000000e+00 0.000000e+00 -1.853546e-14 4.591268e-16 0.000000e+00
1.500000e+00 2.500000e-01 0.000000e+00 -1.732667e-14 -2.193283e-15 0.000000e+00
1.500000e+00 5.000000e-01 0.000000e+00 -1.322696e-14 -3.695722e-15 0.000000e+00
1.500000e+00 7.500000e-01 0.000000e+00 -8.220667e-15 -3.576542e-15 0.000000e+00
1.500000e+00 1.000000e+00 0.000000e+00 -4.149591e-15 -2.464594e-15 0.000000e+00
1.500000e+00 1.250000e+00 0.000000e+00 -1.705175e-15 -1.288576e-15 0.000000e+00
1.500000e+00 1.500000e+00 0.000000e+00 -5.762694e-16 -5.303252e-16 0.000000e+00
1.500000e+00 1.750000e+00 0.000000e+00 -1.630039e-16 -1.774348e-16 0.000000e+00
1.500000e+00 2.000000e+00 0.000000e+00 -3.951558e-17 -4.983779e-17 0.000000e+00
1.500000e+00 2.250000e+00 0.000000e+00 -8.465753e-18 -1.217692e-17 0.000000e+00
1.500000e+00 2.500000e+00 0.000000e+00 -1.647035e-18 -2.668569e-18 0.000000e+00
1.750000e+00 -2.500000e+00 0.000000e+00 -4.111863e-19 5.776378e-19 0.000000e+00
1.750000e+00 -2.250000e+00 0.000000e+00 -2.018306e-18 2.541871e-18 0.000000e+00
1.750000e+00 -2.000000e+00 0.000000e+00 -8.956877e-18 9.991678e-18 0.000000e+00
1.750000e+00 -1.750000e+00 0.000000e+00 -3.572454e-17 3.477127e-17 0.000000e+00
1.750000e+00 -1.500000e+00 0.000000e+00 -1.253834e-16 1.043192e-16 0.000000e+00
1.750000e+00 -1.250000e+00 0.000000e+00 -3.779879e-16 2.614392e-16 0.000000e+00
1.750000e+00 -1.000000e+00 0.000000e+00 -9.594607e-16 5.305282e-16 0.000000e+00
1.750000e+00 -7.500000e-01 0.000000e+00 -2.019035e-15 8.407319e-16 0.000000e+00
1.750000e+00 -5.000000e-01 0.000000e+00 -3.484809e-15 9.839733e-16 0.000000e+00
1.750000e+00 -2.500000e-01 0.000000e+00 -4.905831e-15 7.395253e-16 0.000000e+00
1.750000e+00 0.000000e+00 0.000000e+00 -5.622445e-15 1.171311e-16 0.000000e+00
1.750000e+00 2.500000e-01 0.000000e+00 -5.244267e-15 -5.698927e-16 0.000000e+00
1.750000e+00 5.000000e-01 0.000000e+00 -3.981451e-15 -9.523571e-16 0.000000e+00
1.750000e+00 7.500000e-01 0.000000e+00 -2.462699e-15 -9.156607e-16 0.000000e+00
1.750000e+00 1.000000e+00 0.000000e+00 -1.245557e-15 -6.314813e-16 0.000000e+00
1.750000e+00 1.250000e+00 0.000000e+00 -5.193342e-16 -3.349247e-16 0.000000e+00
1.750000e+00 1.500000e+00 0.000000e+00 -1.808576e-16 -1.421286e-16 0.000000e+00
1.750000e+00 1.750000e+00 0.000000e+00 -5.353635e-17 -4.978732e-17 0.000000e+00
1.750000e+00 2.000000e+00 0.000000e+00 -1.378199e-17 -1.484374e-17 0.000000e+00
1.750000e+00 2.250000e+00 0.000000e+00 -3.161866e-18 -3.880380e-18 0.000000e+00
1.750000e+00 2.500000e+00 0.000000e+00 -6.545008e-19 -9.038222e-19 0.000000e+00
2.000000e+00 -2.500000e+00 0.000000e+00 -1.398949e-19 1.723914e-19 0.000000e+00
2.000000e+00 -2.250000e+00 0.000000e+00 -6.559250e-19 7.250028e-19 0.000000e+00
2.000000e+00 -2.000000e+00 0.000000e+00 -2.738857e-18 2.680218e-18 0.000000e+00
2.000000e+00 -1.750000e+00 0.000000e+00 -1.021805e-17 8.717597e-18 0.000000e+00
2.000000e+00 -1.500000e+00 0.000000e+00 -3.373921e-17 2.458501e-17 0.000000e+00
2.000000e+00 -1.250000e+00 0.000000e+00 -9.676788e-17 5.854512e-17 0.000000e+00
2.000000e+00 -1.000000e+00 0.000000e+00 -2.364875e-16 1.141940e-16 0.000000e+00
2.000000e+00 -7.500000e-01 0.000000e+00 -4.848281e-16 1.760353e-16 0.000000e+00
2.000000e+00 -5.000000e-01 0.000000e+00 -8.238586e-16 2.025874e-16 0.000000e+00
2.000000e+00 -2.500000e-01 0.000000e+00 -1.150610e-15 1.507485e-16 0.000000e+00
2.000000e+00 0.000000e+00 0.000000e+00 -1.314357e-15 2.320789e-17 0.000000e+00
2.000000e+00 2.500000e-01 0.000000e+00 -1.225962e-15 -1.168580e-16 0.000000e+00
2.000000e+00 5.000000e-01 0.000000e+00 -9.346596e-16 -1.954759e-16 0.000000e+00
2.000000e+00 7.500000e-01 0.000000e+00 -5.846309e-16 -1.898797e-16 0.000000e+00
2.000000e+00 1.000000e+00 0.000000e+00 -3.021413e-16 -1.338015e-16 0.000000e+00
2.000000e+00 1.250000e+00 0.000000e+00 -1.303618e-16 -7.347154e-17 0.000000e+00
2.000000e+00 1.500000e+00 0.000000e+00 -4.760295e-17 -3.270436e-17 0.000000e+00
2.000000e+00 1.750000e+00 0.000000e+00 -1.496821e-17 -1.216702e-17 0.000000e+00
2.000000e+00 2.000000e+00 0.000000e+00 -4.131312e-18 -3.887945e-18 0.000000e+00
2.000000e+00 2.250000e+00 0.000000e+00 -1.014314e-18 -1.087409e-18 0.000000e+00
2.000000e+00 2.500000e+00 0.000000e+00 -2.217176e-19 -2.672061e-19 0.000000e+00
2.250000e+00 -2.500000e+00 0.000000e+00 -4.078490e-20 4.478370e-20 0.000000e+00
2.250000e+00 -2.250000e+00 0.000000e+00 -1.857456e-19 1.831060e-19 0.000000e+00
2.250000e+00 -2.000000e+00 0.000000e+00 -7.384668e-19 6.443559e-19 0.000000e+00
2.250000e+00 -1.750000e+00 0.000000e+00 -2.590017e-18 1.968038e-18 0.000000e+00
2.250000e+00 -1.500000e+00 0.000000e+00 -8.009792e-18 5.192535e-18 0.000000e+00
2.250000e+00 -1.250000e+00 0.000000e+00 -2.163237e-17 1.163480e-17 0.000000e+00
2.250000e+00 -1.000000e+00 0.000000e+00 -5.026913e-17 2.155983e-17 0.000000e+00
2.250000e+00 -7.500000e-01 0.000000e+00 -9.905193e-17 3.190094e-17 0.000000e+00
2.250000e+00 -5.000000e-01 0.000000e+00 -1.635544e-16 3.561190e-17 0.000000e+00
2.250000e+00 -2.500000e-01 0.000000e+00 -2.243634e-16 2.595644e-17 0.000000e+00
2.250000e+00 0.000000e+00 0.000000e+00 -2.543381e-16 3.852824e-18 0.000000e+00
2.250000e+00 2.500000e-01 0.000000e+00 -2.377851e-16 -2.021589e-17 0.000000e+00
2.250000e+00 5.000000e-01 0.000000e+00 -1.835962e-16 -3.415096e-17 0.000000e+00
2.250000e+00 7.500000e-01 0.000000e+00 -1.176020e-16 -3.396115e-17 0.000000e+00
2.250000e+00 1.000000e+00 0.000000e+00 -6.296781e-17 -2.479827e-17 0.000000e+00
2.250000e+00 1.250000e+00 0.000000e+00 -2.847729e-17 -1.427346e-17 0.000000e+00
2.250000e+00 1.500000e+00 0.000000e+00 -1.102162e-17 -6.732479e-18 0.000000e+00
2.250000e+00 1.750000e+00 0.000000e+00 -3.703200e-18 -2.676265e-18 0.000000e+00
2.250000e+00 2.000000e+00 0.000000e+00 -1.092331e-18 -9.141977e-19 0.000000e+00
2.250000e+00 2.250000e+00 0.000000e+00 -2.838123e-19 -2.705187e-19 0.000000e+00
2.250000e+00 2.500000e+00 0.000000e+00 -6.451859e-20 -6.903200e-20 0.000000e+00
2.500000e+00 -2.500000e+00 0.000000e+00 -1.003018e-20 9.935050e-21 0.000000e+00
2.500000e+00 -2.250000e+00 0.000000e+00 -4.566560e-20 4.064962e-20 0.000000e+00
2.500000e+00 -2.000000e+00 0.000000e+00 -1.765774e-19 1.391829e-19 0.000000e+00
2.500000e+00 -1.750000e+00 0.000000e+00 -5.914494e-19 4.057109e-19 0.000000e+00
2.500000e+00 -1.500000e+00 0.000000e+00 -1.728837e-18 1.010396e-18 0.000000e+00
2.500000e+00 -1.250000e+00 0.000000e+00 -4.403051e-18 2.132466e-18 0.000000e+00
2.500000e+00 -1.000000e+00 0.000000e+00 -9.695864e-18 3.742268e-18 0.000000e+00
2.500000e+00 -7.500000e-01 0.000000e+00 -1.826977e-17 5.292865e-18 0.000000e+00
2.500000e+00 -5.000000e-01 0.000000e+00 -2.916652e-17 5.708615e-18 0.000000e+00
2.500000e+00 -2.500000e-01 0.000000e+00 -3.914974e-17 4.064779e-18 0.000000e+00
2.500000e+00 0.000000e+00 0.000000e+00 -4.397703e-17 5.861491e-19 0.000000e+00
2.500000e+00 2.500000e-01 0.000000e+00 -4.127198e-17 -3.170721e-18 0.000000e+00
2.500000e+00 5.000000e-01 0.000000e+00 -3.240223e-17 -5.435896e-18 0.000000e+00
2.500000e+00 7.500000e-01 0.000000e+00 -2.136765e-17 -5.562755e-18 0.000000e+00
2.500000e+00 1.000000e+00 0.000000e+00 -1.191589e-17 -4.229548e-18 0.000000e+00
2.500000e+00 1.250000e+00 0.000000e+00 -5.670104e-18 -2.561224e-18 0.000000e+00
2.500000e+00 1.500000e+00 0.000000e+00 -2.325228e-18 -1.280393e-18 0.000000e+00
2.500000e+00 1.750000e+00 0.000000e+00 -8.285220e-19 -5.400427e-19 0.000000e+00
2.500000e+00 2.000000e+00 0.000000e+00 -2.573354e-19 -1.942508e-19 0.000000e+00
2.500000e+00 2.250000e+00 0.000000e+00 -6.934627e-20 -5.955527e-20 0.000000e+00
2.500000e+00 2.500000e+00 0.000000e+00 -1.595554e-20 -1.535489e-20 0.000000e+00
