Iteration# z ADDATime OurCalcTime
1.0000000000 -0.0500000000 0.0000000000 42.2500000000
2.0000000000 0.0000000000 0.0000000000 41.9400000000
3.0000000000 0.0500000000 0.0000000000 41.0900000000
4.0000000000 0.0250000000 0.0000000000 41.0600000000
5.0000000000 0.0125000000 0.0000000000 40.8400000000
6.0000000000 0.0062500000 0.0000000000 41.6600000000
7.0000000000 0.0031250000 0.0000000000 41.3200000000
8.0000000000 0.0015625000 0.0100000000 41.2000000000
9.0000000000 0.0007812500 0.0100000000 40.4600000000
10.0000000000 0.0015625000 0.0000000000 40.8800000000
11.0000000000 0.0011718750 0.0000000000 41.3000000000
12.0000000000 0.0009765625 0.0000000000 42.5300000000
13.0000000000 0.0008789063 0.0000000000 40.6900000000
14.0000000000 0.0008300781 0.0000000000 40.7000000000
15.0000000000 0.0008789063 0.0000000000 41.0400000000
16.0000000000 0.0008544922 0.0000000000 41.8100000000
17.0000000000 0.0008789063 0.0000000000 41.2000000000
18.0000000000 0.0008666992 0.0000000000 40.9500000000
19.0000000000 0.0008789063 0.0000000000 40.8800000000
20.0000000000 0.0008728027 0.0000000000 41.3300000000
