0.000000e+00 0.000000e+00 0.000000e+00 0.000000e+00 0.000000e+00 0.000000e+00 0.000000e+00 0.000000e+00 0.000000e+00 0.000000e+00
1.000000e-04 1.625654e-02 -1.476321e-03 0.000000e+00 2.724456e-12 -2.474187e-13 0.000000e+00 2.724456e-12 -2.478654e-13 0.000000e+00
2.000000e-04 4.695448e-03 -6.268082e-03 0.000000e+00 -1.937540e-12 -8.030580e-13 0.000000e+00 -1.934967e-12 -8.037157e-13 0.000000e+00
3.000000e-04 1.919234e-02 -7.670757e-03 0.000000e+00 2.429554e-12 -2.350763e-13 0.000000e+00 2.430297e-12 -2.364194e-13 0.000000e+00
4.000000e-04 2.697669e-02 6.901734e-03 0.000000e+00 1.304591e-12 2.442224e-12 0.000000e+00 1.307629e-12 2.440681e-12 0.000000e+00
5.000000e-04 2.893154e-02 1.329494e-02 0.000000e+00 3.276157e-13 1.071447e-12 0.000000e+00 3.318855e-13 1.071987e-12 0.000000e+00
6.000000e-04 2.369564e-02 1.939020e-02 0.000000e+00 -8.774920e-13 1.021512e-12 0.000000e+00 -8.729128e-13 1.022966e-12 0.000000e+00
7.000000e-04 2.854145e-02 1.783855e-02 0.000000e+00 8.121157e-13 -2.600426e-13 0.000000e+00 8.158664e-13 -2.577184e-13 0.000000e+00
8.000000e-04 1.482770e-02 1.558827e-02 0.000000e+00 -2.298305e-12 -3.771283e-13 0.000000e+00 -2.293788e-12 -3.750256e-13 0.000000e+00
9.000000e-04 1.466798e-02 1.290195e-02 0.000000e+00 -2.676865e-14 -4.502033e-13 0.000000e+00 -2.442140e-14 -4.484220e-13 0.000000e+00
1.000000e-03 1.643816e-02 8.758566e-03 0.000000e+00 2.966664e-13 -6.943958e-13 0.000000e+00 2.989883e-13 -6.929983e-13 0.000000e+00
1.100000e-03 9.188241e-03 1.420081e-02 0.000000e+00 -1.215023e-12 9.120736e-13 0.000000e+00 -1.212421e-12 9.128791e-13 0.000000e+00
1.200000e-03 1.041591e-02 1.852010e-02 0.000000e+00 2.057472e-13 7.238751e-13 0.000000e+00 2.072018e-13 7.254581e-13 0.000000e+00
1.300000e-03 -1.873589e-03 1.197666e-02 0.000000e+00 -2.059615e-12 -1.096623e-12 0.000000e+00 -2.057966e-12 -1.094423e-12 0.000000e+00
1.400000e-03 -9.075010e-03 8.471504e-03 0.000000e+00 -1.206896e-12 -5.874344e-13 0.000000e+00 -1.207193e-12 -5.861691e-13 0.000000e+00
1.500000e-03 -4.268047e-03 1.205641e-02 0.000000e+00 8.056057e-13 6.008002e-13 0.000000e+00 8.041691e-13 6.015646e-13 0.000000e+00
1.600000e-03 2.757412e-03 2.702491e-03 0.000000e+00 1.177407e-12 -1.567637e-12 0.000000e+00 1.176731e-12 -1.566360e-12 0.000000e+00
1.700000e-03 1.204506e-02 1.417677e-02 0.000000e+00 1.556529e-12 1.922991e-12 0.000000e+00 1.556966e-12 1.922931e-12 0.000000e+00
1.800000e-03 1.370463e-02 1.477406e-02 0.000000e+00 2.781306e-13 1.001008e-13 0.000000e+00 2.800374e-13 1.016804e-13 0.000000e+00
1.900000e-03 2.260821e-02 1.849231e-02 0.000000e+00 1.492164e-12 6.231455e-13 0.000000e+00 1.494333e-12 6.248105e-13 0.000000e+00
2.000000e-03 2.317300e-02 2.018683e-02 0.000000e+00 9.465259e-14 2.839868e-13 0.000000e+00 9.823118e-14 2.861828e-13 0.000000e+00
2.100000e-03 2.467217e-02 3.330628e-02 0.000000e+00 2.512480e-13 2.198708e-12 0.000000e+00 2.549159e-13 2.201146e-12 0.000000e+00
2.200000e-03 3.474225e-02 4.789404e-02 0.000000e+00 1.687660e-12 2.444783e-12 0.000000e+00 1.691565e-12 2.449093e-12 0.000000e+00
2.300000e-03 2.330047e-02 4.409464e-02 0.000000e+00 -1.917545e-12 -6.367457e-13 0.000000e+00 -1.912048e-12 -6.303570e-13 0.000000e+00
2.400000e-03 1.765908e-02 4.984739e-02 0.000000e+00 -9.454478e-13 9.641107e-13 0.000000e+00 -9.417602e-13 9.699589e-13 0.000000e+00
2.500000e-03 1.104969e-02 5.507504e-02 0.000000e+00 -1.107677e-12 8.761084e-13 0.000000e+00 -1.104883e-12 8.827759e-13 0.000000e+00
2.600000e-03 -9.714063e-03 5.714293e-02 0.000000e+00 -3.479826e-12 3.465621e-13 0.000000e+00 -3.478077e-12 3.539739e-13 0.000000e+00
2.700000e-03 -1.588974e-02 7.185260e-02 0.000000e+00 -1.034991e-12 2.465214e-12 0.000000e+00 -1.036528e-12 2.472920e-12 0.000000e+00
2.800000e-03 -2.192677e-02 6.356000e-02 0.000000e+00 -1.011754e-12 -1.389770e-12 0.000000e+00 -1.014267e-12 -1.379974e-12 0.000000e+00
2.900000e-03 -2.372551e-02 6.495373e-02 0.000000e+00 -3.014533e-13 2.335779e-13 0.000000e+00 -3.049224e-13 2.421957e-13 0.000000e+00
3.000000e-03 -5.258054e-03 6.209868e-02 0.000000e+00 3.094987e-12 -4.784811e-13 0.000000e+00 3.091233e-12 -4.696655e-13 0.000000e+00
3.100000e-03 -1.649569e-03 5.971619e-02 0.000000e+00 6.047510e-13 -3.992856e-13 0.000000e+00 6.039190e-13 -3.908748e-13 0.000000e+00
3.200000e-03 -4.036825e-03 4.598320e-02 0.000000e+00 -4.000835e-13 -2.301531e-12 0.000000e+00 -4.003445e-13 -2.293458e-12 0.000000e+00
3.300000e-03 -1.478466e-03 5.146041e-02 0.000000e+00 4.287589e-13 9.179334e-13 0.000000e+00 4.281200e-13 9.240511e-13 0.000000e+00
3.400000e-03 -5.474374e-03 5.329984e-02 0.000000e+00 -6.696798e-13 3.082719e-13 0.000000e+00 -6.699138e-13 3.151696e-13 0.000000e+00
3.500000e-03 -7.922993e-03 4.504311e-02 0.000000e+00 -4.103675e-13 -1.383756e-12 0.000000e+00 -4.112339e-13 -1.376597e-12 0.000000e+00
3.600000e-03 -1.235393e-03 5.029767e-02 0.000000e+00 1.120784e-12 8.806180e-13 0.000000e+00 1.119530e-12 8.866017e-13 0.000000e+00
3.700000e-03 -5.015083e-03 5.116760e-02 0.000000e+00 -6.334435e-13 1.457943e-13 0.000000e+00 -6.336391e-13 1.525264e-13 0.000000e+00
3.800000e-03 2.861388e-03 5.398697e-02 0.000000e+00 1.320029e-12 4.725014e-13 0.000000e+00 1.319235e-12 4.793573e-13 0.000000e+00
3.900000e-03 6.943748e-03 6.184581e-02 0.000000e+00 6.841684e-13 1.317073e-12 0.000000e+00 6.846212e-13 1.324331e-12 0.000000e+00
4.000000e-03 1.168511e-02 6.193799e-02 0.000000e+00 7.946116e-13 1.544974e-14 0.000000e+00 7.957103e-13 2.382458e-14 0.000000e+00
4.100000e-03 2.853047e-02 5.648496e-02 0.000000e+00 2.823138e-12 -9.138819e-13 0.000000e+00 2.824987e-12 -9.054941e-13 0.000000e+00
4.200000e-03 1.528520e-02 5.242949e-02 0.000000e+00 -2.219794e-12 -6.796619e-13 0.000000e+00 -2.215280e-12 -6.720503e-13 0.000000e+00
4.300000e-03 2.506320e-02 5.894372e-02 0.000000e+00 1.638709e-12 1.091729e-12 0.000000e+00 1.641128e-12 1.098765e-12 0.000000e+00
4.400000e-03 2.956765e-02 6.059083e-02 0.000000e+00 7.549077e-13 2.760422e-13 0.000000e+00 7.588733e-13 2.840037e-13 0.000000e+00
4.500000e-03 2.079208e-02 6.146939e-02 0.000000e+00 -1.470710e-12 1.472382e-13 0.000000e+00 -1.466032e-12 1.554335e-13 0.000000e+00
4.600000e-03 1.973682e-02 6.311289e-02 0.000000e+00 -1.768530e-13 2.754360e-13 0.000000e+00 -1.735633e-13 2.837567e-13 0.000000e+00
4.700000e-03 2.985723e-02 6.157636e-02 0.000000e+00 1.696093e-12 -2.575081e-13 0.000000e+00 1.699216e-12 -2.489537e-13 0.000000e+00
4.800000e-03 2.922681e-02 5.022623e-02 0.000000e+00 -1.056520e-13 -1.902185e-12 0.000000e+00 -1.009285e-13 -1.893849e-12 0.000000e+00
4.900000e-03 4.607889e-02 4.697960e-02 0.000000e+00 2.824263e-12 -5.441069e-13 0.000000e+00 2.828888e-12 -5.373859e-13 0.000000e+00
5.000000e-03 5.187001e-02 5.798425e-02 0.000000e+00 9.705413e-13 1.844285e-12 0.000000e+00 9.778312e-13 1.850543e-12 0.000000e+00
5.100000e-03 6.115066e-02 6.342184e-02 0.000000e+00 1.555358e-12 9.112926e-13 0.000000e+00 1.563562e-12 9.191151e-13 0.000000e+00
5.200000e-03 5.517105e-02 6.487973e-02 0.000000e+00 -1.002131e-12 2.443304e-13 0.000000e+00 -9.924629e-13 2.529241e-13 0.000000e+00
5.300000e-03 6.019035e-02 6.565118e-02 0.000000e+00 8.411916e-13 1.292883e-13 0.000000e+00 8.499154e-13 1.380899e-13 0.000000e+00
5.400000e-03 5.796193e-02 5.955241e-02 0.000000e+00 -3.734636e-13 -1.022102e-12 0.000000e+00 -3.639475e-13 -1.013192e-12 0.000000e+00
5.500000e-03 5.749830e-02 5.464084e-02 0.000000e+00 -7.770112e-14 -8.231360e-13 0.000000e+00 -6.853555e-14 -8.150915e-13 0.000000e+00
5.600000e-03 4.683123e-02 5.218260e-02 0.000000e+00 -1.787709e-12 -4.119806e-13 0.000000e+00 -1.778616e-12 -4.046341e-13 0.000000e+00
5.700000e-03 5.041818e-02 5.514890e-02 0.000000e+00 6.011412e-13 4.971264e-13 0.000000e+00 6.085495e-13 5.041245e-13 0.000000e+00
5.800000e-03 5.453737e-02 6.281293e-02 0.000000e+00 6.903419e-13 1.284425e-12 0.000000e+00 6.983167e-13 1.291845e-12 0.000000e+00
5.900000e-03 5.982739e-02 5.690979e-02 0.000000e+00 8.865613e-13 -9.893148e-13 0.000000e+00 8.951854e-13 -9.808066e-13 0.000000e+00
6.000000e-03 5.869089e-02 5.575217e-02 0.000000e+00 -1.904685e-13 -1.940076e-13 0.000000e+00 -1.810079e-13 -1.863388e-13 0.000000e+00
6.100000e-03 5.992099e-02 5.159995e-02 0.000000e+00 2.061556e-13 -6.958761e-13 0.000000e+00 2.154370e-13 -6.883718e-13 0.000000e+00
6.200000e-03 5.950268e-02 5.523767e-02 0.000000e+00 -7.010586e-14 6.096512e-13 0.000000e+00 -6.062958e-14 6.165650e-13 0.000000e+00
6.300000e-03 4.681087e-02 5.149077e-02 0.000000e+00 -2.127039e-12 -6.279488e-13 0.000000e+00 -2.117629e-12 -6.205177e-13 0.000000e+00
6.400000e-03 4.996905e-02 5.520153e-02 0.000000e+00 5.292847e-13 6.218920e-13 0.000000e+00 5.366899e-13 6.287917e-13 0.000000e+00
6.500000e-03 4.855527e-02 5.694070e-02 0.000000e+00 -2.369383e-13 2.914692e-13 0.000000e+00 -2.290346e-13 2.988963e-13 0.000000e+00
6.600000e-03 3.843695e-02 5.945864e-02 0.000000e+00 -1.695744e-12 4.219849e-13 0.000000e+00 -1.688064e-12 4.296595e-13 0.000000e+00
6.700000e-03 3.848987e-02 5.639019e-02 0.000000e+00 8.868968e-15 -5.142460e-13 0.000000e+00 1.494944e-14 -5.062123e-13 0.000000e+00
6.800000e-03 4.476882e-02 6.361289e-02 0.000000e+00 1.052298e-12 1.210462e-12 0.000000e+00 1.058388e-12 1.218060e-12 0.000000e+00
6.900000e-03 3.812445e-02 6.522636e-02 0.000000e+00 -1.113539e-12 2.704049e-13 0.000000e+00 -1.106459e-12 2.790281e-13 0.000000e+00
7.000000e-03 3.379753e-02 5.547001e-02 0.000000e+00 -7.251534e-13 -1.635082e-12 0.000000e+00 -7.191231e-13 -1.626229e-12 0.000000e+00
7.100000e-03 3.565882e-02 5.038699e-02 0.000000e+00 3.119355e-13 -8.518693e-13 0.000000e+00 3.172828e-13 -8.444024e-13 0.000000e+00
7.200000e-03 3.684607e-02 5.048480e-02 0.000000e+00 1.989735e-13 1.639145e-14 0.000000e+00 2.046157e-13 2.313498e-14 0.000000e+00
7.300000e-03 4.079039e-02 5.012909e-02 0.000000e+00 6.610331e-13 -5.961420e-14 0.000000e+00 6.668630e-13 -5.285683e-14 0.000000e+00
7.400000e-03 4.313629e-02 4.753584e-02 0.000000e+00 3.931523e-13 -4.346067e-13 0.000000e+00 3.996059e-13 -4.279002e-13 0.000000e+00
7.500000e-03 4.628297e-02 4.016693e-02 0.000000e+00 5.273576e-13 -1.234965e-12 0.000000e+00 5.341824e-13 -1.228628e-12 0.000000e+00
7.600000e-03 5.551350e-02 3.722382e-02 0.000000e+00 1.546958e-12 -4.932411e-13 0.000000e+00 1.554281e-12 -4.879536e-13 0.000000e+00
7.700000e-03 7.353385e-02 3.094050e-02 0.000000e+00 3.020056e-12 -1.053030e-12 0.000000e+00 3.028837e-12 -1.048163e-12 0.000000e+00
7.800000e-03 8.119734e-02 2.983904e-02 0.000000e+00 1.284335e-12 -1.845942e-13 0.000000e+00 1.295963e-12 -1.806231e-13 0.000000e+00
7.900000e-03 8.356443e-02 3.696899e-02 0.000000e+00 3.967035e-13 1.194918e-12 0.000000e+00 4.095397e-13 1.198732e-12 0.000000e+00
8.000000e-03 7.765913e-02 3.333896e-02 0.000000e+00 -9.896772e-13 -6.083621e-13 0.000000e+00 -9.764687e-13 -6.035331e-13 0.000000e+00
8.100000e-03 7.963021e-02 2.637515e-02 0.000000e+00 3.303354e-13 -1.167075e-12 0.000000e+00 3.426133e-13 -1.162762e-12 0.000000e+00
8.200000e-03 7.759948e-02 3.111656e-02 0.000000e+00 -3.403328e-13 7.946200e-13 0.000000e+00 -3.277435e-13 7.979401e-13 0.000000e+00
8.300000e-03 8.483837e-02 4.681873e-02 0.000000e+00 1.213176e-12 2.631548e-12 0.000000e+00 1.225445e-12 2.635544e-12 0.000000e+00
8.400000e-03 7.471794e-02 5.744218e-02 0.000000e+00 -1.696098e-12 1.780399e-12 0.000000e+00 -1.682690e-12 1.786629e-12 0.000000e+00
8.500000e-03 6.640635e-02 5.891203e-02 0.000000e+00 -1.392950e-12 2.463336e-13 0.000000e+00 -1.381140e-12 2.540755e-13 0.000000e+00
8.600000e-03 7.478263e-02 5.730475e-02 0.000000e+00 1.403793e-12 -2.693659e-13 0.000000e+00 1.414291e-12 -2.614137e-13 0.000000e+00
8.700000e-03 7.274498e-02 4.952404e-02 0.000000e+00 -3.414929e-13 -1.303979e-12 0.000000e+00 -3.296725e-13 -1.296257e-12 0.000000e+00
8.800000e-03 7.306327e-02 5.201287e-02 0.000000e+00 5.334202e-14 4.171056e-13 0.000000e+00 6.484265e-14 4.237224e-13 0.000000e+00
8.900000e-03 6.706722e-02 4.888507e-02 0.000000e+00 -1.004886e-12 -5.241924e-13 0.000000e+00 -9.933359e-13 -5.172218e-13 0.000000e+00
9.000000e-03 6.512640e-02 3.804036e-02 0.000000e+00 -3.252639e-13 -1.817479e-12 0.000000e+00 -3.146590e-13 -1.810953e-12 0.000000e+00
9.100000e-03 6.752329e-02 5.870999e-02 0.000000e+00 4.016979e-13 3.464053e-12 0.000000e+00 4.119978e-13 3.469036e-12 0.000000e+00
9.200000e-03 6.796045e-02 6.313216e-02 0.000000e+00 7.326393e-14 7.411171e-13 0.000000e+00 8.393893e-14 7.490404e-13 0.000000e+00
9.300000e-03 7.428939e-02 5.757533e-02 0.000000e+00 1.060675e-12 -9.312766e-13 0.000000e+00 1.071418e-12 -9.227253e-13 0.000000e+00
9.400000e-03 6.783237e-02 6.773964e-02 0.000000e+00 -1.082140e-12 1.703451e-12 0.000000e+00 -1.070398e-12 1.711212e-12 0.000000e+00
9.500000e-03 6.512821e-02 6.978861e-02 0.000000e+00 -4.531948e-13 3.433897e-13 0.000000e+00 -4.424732e-13 3.525948e-13 0.000000e+00
9.600000e-03 6.581738e-02 6.398378e-02 0.000000e+00 1.154996e-13 -9.728399e-13 0.000000e+00 1.257941e-13 -9.633435e-13 0.000000e+00
9.700000e-03 6.905543e-02 6.414448e-02 0.000000e+00 5.426692e-13 2.693102e-14 0.000000e+00 5.530738e-13 3.560356e-14 0.000000e+00
9.800000e-03 7.696406e-02 6.479309e-02 0.000000e+00 1.325419e-12 1.087016e-13 0.000000e+00 1.336334e-12 1.173963e-13 0.000000e+00
9.900000e-03 6.972797e-02 6.778683e-02 0.000000e+00 -1.212707e-12 5.017251e-13 0.000000e+00 -1.200545e-12 5.105102e-13 0.000000e+00
1.000000e-02 7.708102e-02 6.603389e-02 0.000000e+00 1.232309e-12 -2.937773e-13 0.000000e+00 1.243330e-12 -2.845659e-13 0.000000e+00
1.010000e-02 7.289763e-02 5.850860e-02 0.000000e+00 -7.011002e-13 -1.261174e-12 0.000000e+00 -6.889197e-13 -1.252213e-12 0.000000e+00
1.020000e-02 6.911593e-02 6.613441e-02 0.000000e+00 -6.337809e-13 1.278021e-12 0.000000e+00 -6.222581e-13 1.285914e-12 0.000000e+00
1.030000e-02 5.764530e-02 6.238670e-02 0.000000e+00 -1.922379e-12 -6.280833e-13 0.000000e+00 -1.911455e-12 -6.191062e-13 0.000000e+00
1.040000e-02 5.161930e-02 6.043175e-02 0.000000e+00 -1.009905e-12 -3.276328e-13 0.000000e+00 -1.000790e-12 -3.191856e-13 0.000000e+00
1.050000e-02 5.670892e-02 6.687053e-02 0.000000e+00 8.529750e-13 1.079084e-12 0.000000e+00 8.611387e-13 1.087254e-12 0.000000e+00
1.060000e-02 5.817523e-02 7.749720e-02 0.000000e+00 2.457416e-13 1.780938e-12 0.000000e+00 2.547079e-13 1.790022e-12 0.000000e+00
1.070000e-02 5.394419e-02 7.520872e-02 0.000000e+00 -7.090850e-13 -3.835289e-13 0.000000e+00 -6.998899e-13 -3.729383e-13 0.000000e+00
1.080000e-02 5.522402e-02 6.929437e-02 0.000000e+00 2.144873e-13 -9.911947e-13 0.000000e+00 2.230151e-13 -9.809276e-13 0.000000e+00
1.090000e-02 5.299616e-02 7.909023e-02 0.000000e+00 -3.733689e-13 1.641701e-12 0.000000e+00 -3.646377e-13 1.651129e-12 0.000000e+00
1.100000e-02 5.018364e-02 8.003056e-02 0.000000e+00 -4.713546e-13 1.575919e-13 0.000000e+00 -4.629774e-13 1.684093e-13 0.000000e+00
1.110000e-02 5.999686e-02 9.392680e-02 0.000000e+00 1.644611e-12 2.328891e-12 0.000000e+00 1.652544e-12 2.339842e-12 0.000000e+00
1.120000e-02 7.022738e-02 8.048970e-02 0.000000e+00 1.714547e-12 -2.251943e-12 0.000000e+00 1.724024e-12 -2.239029e-12 0.000000e+00
1.130000e-02 6.739366e-02 8.197219e-02 0.000000e+00 -4.749063e-13 2.484533e-13 0.000000e+00 -4.638108e-13 2.594646e-13 0.000000e+00
1.140000e-02 7.011814e-02 8.888714e-02 0.000000e+00 4.565991e-13 1.158886e-12 0.000000e+00 4.672473e-13 1.170108e-12 0.000000e+00
1.150000e-02 6.258957e-02 8.274883e-02 0.000000e+00 -1.261723e-12 -1.028729e-12 0.000000e+00 -1.250648e-12 -1.016530e-12 0.000000e+00
1.160000e-02 5.715443e-02 8.760642e-02 0.000000e+00 -9.108832e-13 8.140905e-13 0.000000e+00 -9.009930e-13 8.254236e-13 0.000000e+00
1.170000e-02 5.501710e-02 8.886358e-02 0.000000e+00 -3.581989e-13 2.106891e-13 0.000000e+00 -3.491678e-13 2.227108e-13 0.000000e+00
1.180000e-02 4.408979e-02 9.112604e-02 0.000000e+00 -1.831322e-12 3.791687e-13 0.000000e+00 -1.822628e-12 3.913687e-13 0.000000e+00
1.190000e-02 5.375915e-02 9.152005e-02 0.000000e+00 1.620501e-12 6.603375e-14 0.000000e+00 1.627469e-12 7.855605e-14 0.000000e+00
1.200000e-02 4.872575e-02 8.863096e-02 0.000000e+00 -8.435547e-13 -4.841876e-13 0.000000e+00 -8.350605e-13 -4.716118e-13 0.000000e+00
1.210000e-02 6.205480e-02 1.026099e-01 0.000000e+00 2.233834e-12 2.342755e-12 0.000000e+00 2.241535e-12 2.354923e-12 0.000000e+00
1.220000e-02 5.740642e-02 1.022988e-01 0.000000e+00 -7.790274e-13 -5.214620e-14 0.000000e+00 -7.692287e-13 -3.800765e-14 0.000000e+00
1.230000e-02 5.262974e-02 1.078319e-01 0.000000e+00 -8.005316e-13 9.272968e-13 0.000000e+00 -7.914657e-13 9.413929e-13 0.000000e+00
1.240000e-02 5.017845e-02 1.068773e-01 0.000000e+00 -4.108142e-13 -1.599830e-13 0.000000e+00 -4.025037e-13 -1.451057e-13 0.000000e+00
1.250000e-02 4.823001e-02 1.055506e-01 0.000000e+00 -3.265418e-13 -2.223328e-13 0.000000e+00 -3.186176e-13 -2.075892e-13 0.000000e+00
1.260000e-02 4.625543e-02 1.133365e-01 0.000000e+00 -3.309224e-13 1.304851e-12 0.000000e+00 -3.233052e-13 1.319408e-12 0.000000e+00
1.270000e-02 4.674920e-02 1.169009e-01 0.000000e+00 8.275092e-14 5.973549e-13 0.000000e+00 9.005407e-14 6.130088e-13 0.000000e+00
1.280000e-02 4.964214e-02 1.152501e-01 0.000000e+00 4.848321e-13 -2.766512e-13 0.000000e+00 4.922118e-13 -2.604963e-13 0.000000e+00
1.290000e-02 5.200209e-02 1.154455e-01 0.000000e+00 3.955067e-13 3.274130e-14 0.000000e+00 4.033433e-13 4.866322e-14 0.000000e+00
1.300000e-02 6.150228e-02 1.164672e-01 0.000000e+00 1.592151e-12 1.712232e-13 0.000000e+00 1.600359e-12 1.871718e-13 0.000000e+00
1.310000e-02 7.068560e-02 1.130780e-01 0.000000e+00 1.539046e-12 -5.679960e-13 0.000000e+00 1.548751e-12 -5.519072e-13 0.000000e+00
1.320000e-02 8.593972e-02 1.223592e-01 0.000000e+00 2.556460e-12 1.555447e-12 0.000000e+00 2.567613e-12 1.571056e-12 0.000000e+00
1.330000e-02 8.193320e-02 1.185890e-01 0.000000e+00 -6.714597e-13 -6.318446e-13 0.000000e+00 -6.579127e-13 -6.149409e-13 0.000000e+00
1.340000e-02 7.114280e-02 1.266990e-01 0.000000e+00 -1.808377e-12 1.359159e-12 0.000000e+00 -1.795457e-12 1.375536e-12 0.000000e+00
1.350000e-02 7.202677e-02 1.166604e-01 0.000000e+00 1.481454e-13 -1.682380e-12 0.000000e+00 1.593631e-13 -1.664860e-12 0.000000e+00
1.360000e-02 7.596963e-02 1.267815e-01 0.000000e+00 6.607884e-13 1.696217e-12 0.000000e+00 6.721510e-13 1.712328e-12 0.000000e+00
1.370000e-02 7.175689e-02 1.366215e-01 0.000000e+00 -7.060181e-13 1.649093e-12 0.000000e+00 -6.940413e-13 1.666621e-12 0.000000e+00
1.380000e-02 6.539008e-02 1.268549e-01 0.000000e+00 -1.067023e-12 -1.636797e-12 0.000000e+00 -1.055715e-12 -1.617890e-12 0.000000e+00
1.390000e-02 6.285372e-02 1.187743e-01 0.000000e+00 -4.250726e-13 -1.354241e-12 0.000000e+00 -4.147603e-13 -1.336697e-12 0.000000e+00
1.400000e-02 7.793068e-02 1.270051e-01 0.000000e+00 2.526770e-12 1.379414e-12 0.000000e+00 2.536687e-12 1.395827e-12 0.000000e+00
1.410000e-02 8.208880e-02 1.287162e-01 0.000000e+00 6.968649e-13 2.867590e-13 0.000000e+00 7.091499e-13 3.043181e-13 0.000000e+00
1.420000e-02 8.256179e-02 1.200459e-01 0.000000e+00 7.926917e-14 -1.453068e-12 0.000000e+00 9.220649e-14 -1.435272e-12 0.000000e+00
1.430000e-02 8.953451e-02 1.204099e-01 0.000000e+00 1.168568e-12 6.101405e-14 0.000000e+00 1.181586e-12 7.759532e-14 0.000000e+00
1.440000e-02 7.943113e-02 1.190795e-01 0.000000e+00 -1.693240e-12 -2.229672e-13 0.000000e+00 -1.679127e-12 -2.063390e-13 0.000000e+00
1.450000e-02 8.481965e-02 1.198869e-01 0.000000e+00 9.030692e-13 1.353075e-13 0.000000e+00 9.155953e-13 1.517549e-13 0.000000e+00
1.460000e-02 7.244085e-02 1.149419e-01 0.000000e+00 -2.074581e-12 -8.287403e-13 0.000000e+00 -2.061208e-12 -8.121826e-13 0.000000e+00
1.470000e-02 6.763343e-02 1.246201e-01 0.000000e+00 -8.056821e-13 1.621986e-12 0.000000e+00 -7.942533e-13 1.637856e-12 0.000000e+00
1.480000e-02 7.273863e-02 1.326011e-01 0.000000e+00 8.555880e-13 1.337540e-12 0.000000e+00 8.662547e-13 1.354771e-12 0.000000e+00
1.490000e-02 7.278565e-02 1.332763e-01 0.000000e+00 7.880707e-15 1.131711e-13 0.000000e+00 1.934560e-14 1.315162e-13 0.000000e+00
1.500000e-02 7.894624e-02 1.398931e-01 0.000000e+00 1.032461e-12 1.108915e-12 0.000000e+00 1.043933e-12 1.127355e-12 0.000000e+00
1.510000e-02 7.976398e-02 1.360113e-01 0.000000e+00 1.370470e-13 -6.505523e-13 0.000000e+00 1.494823e-13 -6.311924e-13 0.000000e+00
1.520000e-02 8.355209e-02 1.439008e-01 0.000000e+00 6.348544e-13 1.322200e-12 0.000000e+00 6.474211e-13 1.341017e-12 0.000000e+00
1.530000e-02 8.313965e-02 1.421535e-01 0.000000e+00 -6.912222e-14 -2.928209e-13 0.000000e+00 -5.596703e-14 -2.729054e-13 0.000000e+00
1.540000e-02 8.544477e-02 1.417942e-01 0.000000e+00 3.863188e-13 -6.021543e-14 0.000000e+00 3.994107e-13 -4.054310e-14 0.000000e+00
1.550000e-02 8.937646e-02 1.437927e-01 0.000000e+00 6.589170e-13 3.349228e-13 0.000000e+00 6.723710e-13 3.545435e-13 0.000000e+00
1.560000e-02 9.591778e-02 1.375221e-01 0.000000e+00 1.096269e-12 -1.050895e-12 0.000000e+00 1.110338e-12 -1.030998e-12 0.000000e+00
1.570000e-02 1.024251e-01 1.386698e-01 0.000000e+00 1.090571e-12 1.923358e-13 0.000000e+00 1.105672e-12 2.113529e-13 0.000000e+00
1.580000e-02 1.050719e-01 1.268424e-01 0.000000e+00 4.435804e-13 -1.982166e-12 0.000000e+00 4.596997e-13 -1.962994e-12 0.000000e+00
1.590000e-02 1.025650e-01 1.190252e-01 0.000000e+00 -4.201400e-13 -1.310086e-12 0.000000e+00 -4.035947e-13 -1.292568e-12 0.000000e+00
1.600000e-02 1.073927e-01 1.151438e-01 0.000000e+00 8.090949e-13 -6.505007e-13 0.000000e+00 8.252542e-13 -6.340751e-13 0.000000e+00
1.610000e-02 1.122925e-01 9.962832e-02 0.000000e+00 8.211488e-13 -2.600255e-12 0.000000e+00 8.380682e-13 -2.584377e-12 0.000000e+00
1.620000e-02 1.049083e-01 1.035123e-01 0.000000e+00 -1.237525e-12 6.509182e-13 0.000000e+00 -1.219825e-12 6.646129e-13 0.000000e+00
1.630000e-02 9.980715e-02 1.066743e-01 0.000000e+00 -8.549053e-13 5.299317e-13 0.000000e+00 -8.383664e-13 5.441774e-13 0.000000e+00
1.640000e-02 1.087418e-01 1.089372e-01 0.000000e+00 1.497374e-12 3.792407e-13 0.000000e+00 1.513110e-12 3.939342e-13 0.000000e+00
1.650000e-02 1.168461e-01 1.018903e-01 0.000000e+00 1.358216e-12 -1.181004e-12 0.000000e+00 1.375352e-12 -1.165998e-12 0.000000e+00
1.660000e-02 1.181662e-01 1.049869e-01 0.000000e+00 2.212282e-13 5.189576e-13 0.000000e+00 2.396395e-13 5.329677e-13 0.000000e+00
1.670000e-02 1.168460e-01 9.720084e-02 0.000000e+00 -2.212526e-13 -1.304869e-12 0.000000e+00 -2.026371e-13 -1.290425e-12 0.000000e+00
1.680000e-02 1.131745e-01 1.073624e-01 0.000000e+00 -6.153043e-13 1.702993e-12 0.000000e+00 -5.968893e-13 1.716343e-12 0.000000e+00
1.690000e-02 1.173609e-01 9.230857e-02 0.000000e+00 7.015950e-13 -2.522896e-12 0.000000e+00 7.194268e-13 -2.508114e-12 0.000000e+00
1.700000e-02 1.313331e-01 9.729622e-02 0.000000e+00 2.341623e-12 8.358878e-13 0.000000e+00 2.360122e-12 8.485487e-13 0.000000e+00
1.710000e-02 1.338583e-01 9.512720e-02 0.000000e+00 4.231950e-13 -3.635086e-13 0.000000e+00 4.438764e-13 -3.501544e-13 0.000000e+00
1.720000e-02 1.423211e-01 9.755969e-02 0.000000e+00 1.418302e-12 4.076640e-13 0.000000e+00 1.439379e-12 4.207113e-13 0.000000e+00
1.730000e-02 1.409694e-01 1.138101e-01 0.000000e+00 -2.265343e-13 2.723424e-12 0.000000e+00 -2.041381e-13 2.736807e-12 0.000000e+00
