0.000000e+00 0.000000e+00 0.000000e+00 0.000000e+00
1.000000e-04 7.383138e-11 -6.361910e-11 1.234800e-01
2.000000e-04 1.122928e-10 1.413578e-11 1.234800e-01
3.000000e-04 1.978621e-10 -3.016298e-11 1.234800e-01
4.000000e-04 2.152109e-10 -8.383963e-11 1.234800e-01
5.000000e-04 6.631364e-11 -1.026683e-10 1.234800e-01
6.000000e-04 1.159059e-10 -1.825038e-10 1.234800e-01
7.000000e-04 1.122411e-10 -2.014477e-10 1.234800e-01
8.000000e-04 1.306839e-10 -1.477565e-10 1.234800e-01
9.000000e-04 1.081473e-10 -2.161079e-10 1.234800e-01
1.000000e-03 4.507476e-11 -3.760700e-10 1.234800e-01
1.100000e-03 -7.462812e-12 -2.993828e-10 1.234800e-01
1.200000e-03 -1.337941e-10 -3.383982e-10 1.234800e-01
1.300000e-03 -1.905595e-10 -3.967124e-10 1.234800e-01
1.400000e-03 -9.409442e-11 -3.232958e-10 1.234800e-01
1.500000e-03 -1.510408e-10 -3.114008e-10 1.234800e-01
1.600000e-03 -1.438981e-10 -3.222673e-10 1.234800e-01
1.700000e-03 -2.033317e-10 -3.052378e-10 1.234800e-01
1.800000e-03 -1.812145e-10 -2.565286e-10 1.234800e-01
1.900000e-03 -1.252018e-10 -2.381354e-10 1.234800e-01
2.000000e-03 -1.241175e-10 -3.236317e-10 1.234800e-01
2.100000e-03 -9.188552e-11 -2.746566e-10 1.234800e-01
2.200000e-03 -1.216204e-10 -2.262886e-10 1.234800e-01
2.300000e-03 -1.855067e-10 -1.434851e-10 1.234800e-01
2.400000e-03 -2.694885e-10 -1.595778e-10 1.234800e-01
2.500000e-03 -2.807997e-10 -1.485614e-10 1.234800e-01
2.600000e-03 -1.461031e-10 -2.310336e-10 1.234800e-01
2.700000e-03 -1.741862e-10 -3.057711e-10 1.234800e-01
2.800000e-03 -4.567987e-11 -2.271692e-10 1.234800e-01
2.900000e-03 -2.522697e-11 -3.113766e-10 1.234800e-01
3.000000e-03 1.345810e-10 -2.839344e-10 1.234800e-01
3.100000e-03 1.795050e-11 -3.956067e-10 1.234800e-01
3.200000e-03 -6.788562e-11 -4.767401e-10 1.234800e-01
3.300000e-03 -3.583571e-12 -4.722110e-10 1.234800e-01
3.400000e-03 4.273221e-11 -4.755282e-10 1.234800e-01
3.500000e-03 1.263891e-10 -3.124818e-10 1.234800e-01
3.600000e-03 -3.061142e-11 -3.335086e-10 1.234800e-01
3.700000e-03 -1.403745e-10 -3.732928e-10 1.234800e-01
3.800000e-03 -9.207786e-11 -3.464266e-10 1.234800e-01
3.900000e-03 -7.301300e-11 -2.272989e-10 1.234800e-01
4.000000e-03 -1.099333e-10 -2.364868e-10 1.234800e-01
4.100000e-03 -2.017415e-10 -1.611401e-10 1.234800e-01
4.200000e-03 -2.959679e-10 -2.006884e-10 1.234800e-01
4.300000e-03 -3.724530e-10 -2.349413e-10 1.234800e-01
4.400000e-03 -3.446103e-10 -3.559686e-10 1.234800e-01
4.500000e-03 -2.728642e-10 -3.081926e-10 1.234800e-01
4.600000e-03 -1.976607e-10 -2.603196e-10 1.234800e-01
4.700000e-03 -3.087572e-10 -2.774805e-10 1.234800e-01
4.800000e-03 -2.289968e-10 -3.104232e-10 1.234800e-01
4.900000e-03 -1.905065e-10 -1.999020e-10 1.234800e-01
5.000000e-03 -2.787259e-10 -2.941228e-10 1.234800e-01
5.100000e-03 -4.053697e-10 -2.974862e-10 1.234800e-01
5.200000e-03 -4.124347e-10 -3.055420e-10 1.234800e-01
5.300000e-03 -3.932111e-10 -2.310397e-10 1.234800e-01
5.400000e-03 -4.221685e-10 -1.968401e-10 1.234800e-01
5.500000e-03 -4.483381e-10 -2.490508e-10 1.234800e-01
5.600000e-03 -4.478997e-10 -1.851896e-10 1.234800e-01
5.700000e-03 -4.610658e-10 -1.647938e-10 1.234800e-01
5.800000e-03 -6.594517e-10 -1.793835e-10 1.234800e-01
5.900000e-03 -6.862873e-10 -1.093216e-10 1.234800e-01
6.000000e-03 -7.090657e-10 -1.109316e-10 1.234800e-01
6.100000e-03 -9.135920e-10 -1.688420e-10 1.234800e-01
6.200000e-03 -9.252364e-10 -3.027254e-10 1.234800e-01
6.300000e-03 -8.823299e-10 -3.837550e-10 1.234800e-01
6.400000e-03 -9.084515e-10 -3.766993e-10 1.234800e-01
6.500000e-03 -9.192144e-10 -4.910928e-10 1.234800e-01
6.600000e-03 -8.270901e-10 -5.961798e-10 1.234800e-01
6.700000e-03 -7.815195e-10 -5.640247e-10 1.234800e-01
6.800000e-03 -7.808499e-10 -4.534684e-10 1.234800e-01
6.900000e-03 -8.319486e-10 -3.697791e-10 1.234800e-01
7.000000e-03 -7.844164e-10 -3.883980e-10 1.234800e-01
7.100000e-03 -6.504500e-10 -2.088136e-10 1.234800e-01
7.200000e-03 -6.282928e-10 -1.557656e-10 1.234800e-01
7.300000e-03 -6.966263e-10 -1.687860e-10 1.234800e-01
7.400000e-03 -7.656581e-10 -1.118253e-10 1.234800e-01
7.500000e-03 -7.005352e-10 -1.222384e-10 1.234800e-01
7.600000e-03 -7.338294e-10 -1.394052e-10 1.234800e-01
7.700000e-03 -6.142667e-10 -8.911070e-11 1.234800e-01
7.800000e-03 -6.703799e-10 -3.695390e-11 1.234800e-01
7.900000e-03 -6.515200e-10 1.282899e-10 1.234800e-01
8.000000e-03 -6.548908e-10 1.783592e-10 1.234800e-01
8.100000e-03 -5.497789e-10 2.976340e-10 1.234800e-01
8.200000e-03 -7.115264e-10 2.957578e-10 1.234800e-01
8.300000e-03 -6.357673e-10 3.010108e-10 1.234800e-01
8.400000e-03 -5.046851e-10 3.507627e-10 1.234800e-01
8.500000e-03 -5.921166e-10 4.825260e-10 1.234800e-01
8.600000e-03 -5.885432e-10 5.103977e-10 1.234800e-01
8.700000e-03 -5.188029e-10 4.500977e-10 1.234800e-01
8.800000e-03 -4.583232e-10 3.639016e-10 1.234800e-01
8.900000e-03 -5.416712e-10 4.621968e-10 1.234800e-01
9.000000e-03 -5.496841e-10 3.771558e-10 1.234800e-01
9.100000e-03 -4.976557e-10 2.762557e-10 1.234800e-01
9.200000e-03 -5.312665e-10 2.388815e-10 1.234800e-01
9.300000e-03 -5.968708e-10 1.536795e-10 1.234800e-01
9.400000e-03 -6.388672e-10 1.693030e-10 1.234800e-01
9.500000e-03 -6.518003e-10 2.539922e-10 1.234800e-01
9.600000e-03 -6.620373e-10 1.556989e-10 1.234800e-01
9.700000e-03 -6.961660e-10 1.274673e-10 1.234800e-01
9.800000e-03 -5.938296e-10 1.974504e-10 1.234800e-01
9.900000e-03 -5.270373e-10 2.236173e-10 1.234800e-01
1.000000e-02 -5.178371e-10 1.931680e-10 1.234800e-01
1.010000e-02 -5.809407e-10 2.497526e-10 1.234800e-01
