-3.392257e-26 -1.910022e-25 -7.415885e-25 -2.053981e-24 -4.169990e-24 -6.331510e-24 -7.334598e-24 -6.757534e-24 -5.527555e-24 -4.670753e-24 -3.652365e-24 -8.462362e-25 3.975212e-24 8.473513e-24 9.902550e-24 7.934302e-24 4.598295e-24 1.949108e-24 5.989060e-25 1.304588e-25 1.959722e-26
-2.086956e-25 -1.096337e-24 -4.018226e-24 -1.065152e-23 -2.095147e-23 -3.112911e-23 -3.548647e-23 -3.201142e-23 -2.496712e-23 -1.949705e-23 -1.413345e-23 -2.166723e-24 1.797699e-23 3.715119e-23 4.377429e-23 3.581066e-23 2.138735e-23 9.432892e-24 3.049795e-24 7.077176e-25 1.141159e-25
-9.360087e-25 -4.637993e-24 -1.623105e-23 -4.153809e-23 -7.961166e-23 -1.160573e-22 -1.301601e-22 -1.146477e-22 -8.491992e-23 -6.085174e-23 -4.036890e-23 -1.832088e-24 6.225743e-23 1.246533e-22 1.477735e-22 1.229809e-22 7.526493e-23 3.426288e-23 1.152990e-23 2.812776e-24 4.817851e-25
-3.166441e-24 -1.497756e-23 -5.052874e-23 -1.256996e-22 -2.357755e-22 -3.379701e-22 -3.729843e-22 -3.204769e-22 -2.250666e-22 -1.469488e-22 -8.756302e-23 9.400241e-24 1.700550e-22 3.304299e-22 3.935845e-22 3.322729e-22 2.074555e-22 9.685869e-23 3.363171e-23 8.527991e-24 1.531265e-24
-8.322710e-24 -3.796834e-23 -1.244444e-22 -3.025984e-22 -5.574699e-22 -7.872258e-22 -8.553357e-22 -7.168384e-22 -4.771747e-22 -2.819787e-22 -1.471517e-22 4.854625e-23 3.748438e-22 7.097985e-22 8.491563e-22 7.257133e-22 4.606486e-22 2.194905e-22 7.810752e-23 2.040049e-23 3.795609e-24
-1.741223e-23 -7.728744e-23 -2.477401e-22 -5.916507e-22 -1.073980e-21 -1.496715e-21 -1.602064e-21 -1.309892e-21 -8.266365e-22 -4.392567e-22 -1.940999e-22 1.295936e-22 6.798737e-22 1.262766e-21 1.518292e-21 1.312000e-21 8.446339e-22 4.092550e-22 1.485175e-22 3.968405e-23 7.580561e-24
-2.959794e-23 -1.288489e-22 -4.064306e-22 -9.577265e-22 -1.718468e-21 -2.367939e-21 -2.498936e-21 -1.993732e-21 -1.192733e-21 -5.660084e-22 -2.020398e-22 2.457693e-22 1.035035e-21 1.900861e-21 2.300706e-21 2.009639e-21 1.310528e-21 6.444202e-22 2.377731e-22 6.471646e-23 1.261331e-23
-4.168784e-23 -1.794125e-22 -5.604882e-22 -1.309774e-21 -2.331709e-21 -3.184428e-21 -3.317229e-21 -2.583335e-21 -1.464324e-21 -6.154830e-22 -1.644000e-22 3.671560e-22 1.356564e-21 2.483168e-21 3.031286e-21 2.677599e-21 1.768630e-21 8.822663e-22 3.307262e-22 9.155909e-23 1.815944e-23
-4.973440e-23 -2.134256e-22 -6.651417e-22 -1.550679e-21 -2.751900e-21 -3.737805e-21 -3.852073e-21 -2.932021e-21 -1.575275e-21 -5.807882e-22 -9.741473e-23 4.659153e-22 1.586998e-21 2.908899e-21 3.583997e-21 3.202414e-21 2.143715e-21 1.085768e-21 4.139399e-22 1.166856e-22 2.357224e-23
-5.166797e-23 -2.231227e-22 -6.993311e-22 -1.638038e-21 -2.915111e-21 -3.957373e-21 -4.051610e-21 -3.026589e-21 -1.548677e-21 -4.970725e-22 -2.148603e-23 5.439581e-22 1.735709e-21 3.175049e-21 3.937461e-21 3.554022e-21 2.410354e-21 1.240099e-21 4.812903e-22 1.383376e-22 2.852062e-23
-4.833847e-23 -2.118348e-22 -6.729082e-22 -1.594619e-21 -2.863804e-21 -3.908605e-21 -4.000124e-21 -2.956591e-21 -1.459867e-21 -4.088018e-22 5.573632e-23 6.252395e-22 1.845722e-21 3.326840e-21 4.123137e-21 3.743612e-21 2.565131e-21 1.337727e-21 5.275618e-22 1.543661e-22 3.244096e-23
-4.202049e-23 -1.878038e-22 -6.075632e-22 -1.463414e-21 -2.664358e-21 -3.674148e-21 -3.782831e-21 -2.794431e-21 -1.355827e-21 -3.339777e-22 1.360975e-22 7.163058e-22 1.917433e-21 3.353535e-21 4.117082e-21 3.737089e-21 2.573417e-21 1.353249e-21 5.393145e-22 1.597028e-22 3.400423e-23
-3.436442e-23 -1.566749e-22 -5.165600e-22 -1.265932e-21 -2.339991e-21 -3.268006e-21 -3.398574e-21 -2.527016e-21 -1.219300e-21 -2.601597e-22 2.147441e-22 7.821825e-22 1.882402e-21 3.163294e-21 3.821587e-21 3.448251e-21 2.372318e-21 1.249679e-21 4.995912e-22 1.484938e-22 3.174628e-23
-2.600792e-23 -1.207247e-22 -4.050278e-22 -1.008773e-21 -1.891934e-21 -2.676270e-21 -2.814142e-21 -2.109980e-21 -1.012108e-21 -1.731942e-22 2.712608e-22 7.693845e-22 1.668096e-21 2.684299e-21 3.180830e-21 2.842157e-21 1.944118e-21 1.019802e-21 4.060686e-22 1.201561e-22 2.555140e-23
-1.756767e-23 -8.300094e-23 -2.831850e-22 -7.162927e-22 -1.362223e-21 -1.950877e-21 -2.073118e-21 -1.564643e-21 -7.392871e-22 -8.268728e-23 2.807821e-22 6.544587e-22 1.284691e-21 1.979054e-21 2.297626e-21 2.028557e-21 1.374866e-21 7.147545e-22 2.817647e-22 8.239498e-23 1.727627e-23
-1.017670e-23 -4.909452e-23 -1.706705e-22 -4.389326e-22 -8.470068e-22 -1.228347e-21 -1.318421e-21 -9.988488e-22 -4.591011e-22 -1.425070e-23 2.367813e-22 4.689965e-22 8.371880e-22 1.234790e-21 1.403975e-21 1.223197e-21 8.193391e-22 4.205172e-22 1.632638e-22 4.686748e-23 9.608990e-24
-4.878760e-24 -2.418819e-23 -8.606964e-23 -2.257893e-22 -4.430798e-22 -6.515331e-22 -7.064431e-22 -5.360504e-22 -2.367038e-22 1.745616e-23 1.607847e-22 2.776217e-22 4.522783e-22 6.385429e-22 7.108630e-22 6.105617e-22 4.033263e-22 2.036455e-22 7.747954e-23 2.168900e-23 4.310807e-24
-1.874452e-24 -9.638940e-24 -3.534855e-23 -9.506476e-23 -1.903935e-22 -2.845510e-22 -3.120112e-22 -2.368597e-22 -9.941104e-23 2.020648e-23 8.662229e-23 1.331490e-22 1.986743e-22 2.684159e-22 2.925154e-22 2.474731e-22 1.608764e-22 7.962014e-23 2.952611e-23 8.000662e-24 1.526682e-24
-5.587156e-25 -3.014649e-24 -1.149686e-23 -3.191035e-23 -6.554383e-23 -9.989475e-23 -1.109797e-22 -8.429543e-23 -3.336259e-23 1.187668e-23 3.632713e-23 5.058129e-23 6.941926e-23 8.977588e-23 9.579076e-23 7.976306e-23 5.090715e-23 2.459142e-23 8.832331e-24 2.296347e-24 4.159648e-25
-1.245901e-25 -7.148255e-25 -2.867025e-24 -8.283215e-24 -1.755741e-23 -2.740499e-23 -3.092920e-23 -2.353311e-23 -8.743707e-24 4.611068e-24 1.156782e-23 1.479116e-23 1.876933e-23 2.327706e-23 2.434341e-23 1.993833e-23 1.245772e-23 5.842772e-24 2.016339e-24 4.976165e-25 8.453102e-26
-1.998067e-26 -1.232022e-25 -5.265577e-25 -1.600623e-24 -3.528874e-24 -5.671741e-24 -6.524987e-24 -4.983322e-24 -1.736692e-24 1.231571e-24 2.705646e-24 3.207927e-24 3.787501e-24 4.524892e-24 4.650856e-24 3.745455e-24 2.282650e-24 1.032331e-24 3.389271e-25 7.846772e-26 1.242419e-26
