x y z ADDATime OurCalcTime
0.0000000000 0.0000000000 0.8000000000 0.0000000000 329.4600000000
0.0000000000 0.0000000000 2.0000000000 0.0000000000 329.4400000000
0.0000000000 0.0000000000 2.8000000000 0.0000000000 329.3700000000
0.0000000000 0.0000000000 3.8000000000 0.0100000000 329.5000000000
0.0000000000 0.0000000000 4.8000000000 0.0100000000 329.7400000000
0.0000000000 0.0000000000 5.8000000000 0.0000000000 328.9300000000
0.0000000000 0.0000000000 6.8000000000 0.0100000000 329.3600000000
0.0000000000 0.0000000000 7.8000000000 0.0100000000 329.1600000000
0.0000000000 0.0000000000 8.8000000000 0.0100000000 339.1700000000
0.0000000000 0.0000000000 10.0000000000 0.0100000000 332.1400000000
0.0000000000 0.0000000000 11.0000000000 0.0100000000 333.8800000000
0.0000000000 0.0000000000 12.0000000000 0.0100000000 329.4600000000
0.0000000000 0.0000000000 13.0000000000 0.0000000000 329.0900000000
0.0000000000 0.0000000000 14.0000000000 0.0100000000 329.2900000000
0.0000000000 0.0000000000 15.0000000000 0.0100000000 347.4800000000
0.0000000000 0.0000000000 16.0000000000 0.0200000000 423.1600000000
0.0000000000 0.0000000000 17.0000000000 0.0100000000 421.6500000000
0.0000000000 0.0000000000 18.0000000000 0.0100000000 332.6200000000
0.0000000000 0.0000000000 19.0000000000 0.0000000000 333.3900000000
0.0000000000 0.0000000000 20.0000000000 0.0100000000 331.0400000000
0.0000000000 0.0000000000 0.0000000000 0.0000000000 0.0000000000
