0.0000000000 0.0000000000 0.0000000000 -0.0000000000 0.0000000000 0.0000000133
0.0000000000 0.0000000000 0.2000000000 -0.0000000000 0.0000000000 0.0000000133
0.0000000000 0.0000000000 0.4000000000 -0.0000000000 0.0000000000 0.0000000132
0.0000000000 0.0000000000 0.6000000000 0.0000000000 0.0000000000 0.0000000131
0.0000000000 0.0000000000 0.8000000000 -0.0000000000 0.0000000000 0.0000000129
0.0000000000 0.0000000000 1.0000000000 0.0000000000 -0.0000000000 0.0000000128
0.0000000000 0.0000000000 1.2000000000 -0.0000000000 0.0000000000 0.0000000126
0.0000000000 0.0000000000 1.4000000000 0.0000000000 0.0000000000 0.0000000124
0.0000000000 0.0000000000 1.6000000000 -0.0000000000 -0.0000000000 0.0000000121
0.0000000000 0.0000000000 1.8000000000 -0.0000000000 -0.0000000000 0.0000000118
0.0000000000 0.0000000000 2.0000000000 0.0000000000 -0.0000000000 0.0000000115
0.0000000000 0.0000000000 2.2000000000 0.0000000000 -0.0000000000 0.0000000112
0.0000000000 0.0000000000 2.4000000000 0.0000000000 0.0000000000 0.0000000109
0.0000000000 0.0000000000 2.6000000000 -0.0000000000 0.0000000000 0.0000000106
0.0000000000 0.0000000000 2.8000000000 0.0000000000 0.0000000000 0.0000000102
0.0000000000 0.0000000000 3.0000000000 0.0000000000 0.0000000000 0.0000000099
0.0000000000 0.0000000000 3.2000000000 0.0000000000 0.0000000000 0.0000000095
0.0000000000 0.0000000000 3.4000000000 -0.0000000000 -0.0000000000 0.0000000092
0.0000000000 0.0000000000 3.6000000000 0.0000000000 0.0000000000 0.0000000089
0.0000000000 0.0000000000 3.8000000000 -0.0000000000 -0.0000000000 0.0000000085
0.0000000000 0.0000000000 4.0000000000 0.0000000000 0.0000000000 0.0000000082
0.0000000000 0.0000000000 4.2000000000 0.0000000000 -0.0000000000 0.0000000079
0.0000000000 0.0000000000 4.4000000000 -0.0000000000 0.0000000000 0.0000000076
0.0000000000 0.0000000000 4.6000000000 0.0000000000 -0.0000000000 0.0000000073
0.0000000000 0.0000000000 4.8000000000 0.0000000000 -0.0000000000 0.0000000070
0.0000000000 0.0000000000 5.0000000000 0.0000000000 0.0000000000 0.0000000067
0.0000000000 0.0000000000 5.2000000000 0.0000000000 -0.0000000000 0.0000000065
0.0000000000 0.0000000000 5.4000000000 -0.0000000000 -0.0000000000 0.0000000062
0.0000000000 0.0000000000 5.6000000000 -0.0000000000 0.0000000000 0.0000000060
0.0000000000 0.0000000000 5.8000000000 0.0000000000 0.0000000000 0.0000000057
0.0000000000 0.0000000000 6.0000000000 0.0000000000 -0.0000000000 0.0000000055
0.0000000000 0.0000000000 6.2000000000 -0.0000000000 0.0000000000 0.0000000053
0.0000000000 0.0000000000 6.4000000000 0.0000000000 0.0000000000 0.0000000051
0.0000000000 0.0000000000 6.6000000000 0.0000000000 0.0000000000 0.0000000049
0.0000000000 0.0000000000 6.8000000000 -0.0000000000 -0.0000000000 0.0000000047
0.0000000000 0.0000000000 7.0000000000 0.0000000000 -0.0000000000 0.0000000045
0.0000000000 0.0000000000 7.2000000000 0.0000000000 -0.0000000000 0.0000000044
0.0000000000 0.0000000000 7.4000000000 0.0000000000 0.0000000000 0.0000000042
0.0000000000 0.0000000000 7.6000000000 0.0000000000 -0.0000000000 0.0000000040
0.0000000000 0.0000000000 7.8000000000 -0.0000000000 0.0000000000 0.0000000039
0.0000000000 0.0000000000 8.0000000000 0.0000000000 0.0000000000 0.0000000038
0.0000000000 0.0000000000 8.2000000000 -0.0000000000 0.0000000000 0.0000000036
0.0000000000 0.0000000000 8.4000000000 0.0000000000 0.0000000000 0.0000000035
0.0000000000 0.0000000000 8.6000000000 -0.0000000000 0.0000000000 0.0000000034
0.0000000000 0.0000000000 8.8000000000 -0.0000000000 0.0000000000 0.0000000033
0.0000000000 0.0000000000 9.0000000000 -0.0000000000 0.0000000000 0.0000000032
0.0000000000 0.0000000000 9.2000000000 -0.0000000000 -0.0000000000 0.0000000030
0.0000000000 0.0000000000 9.4000000000 -0.0000000000 0.0000000000 0.0000000029
0.0000000000 0.0000000000 9.6000000000 0.0000000000 -0.0000000000 0.0000000029
0.0000000000 0.0000000000 9.8000000000 -0.0000000000 0.0000000000 0.0000000028
0.0000000000 0.0000000000 10.0000000000 -0.0000000000 -0.0000000000 0.0000000027
0.0000000000 0.0000000000 10.2000000000 0.0000000000 -0.0000000000 0.0000000026
0.0000000000 0.0000000000 10.4000000000 0.0000000000 0.0000000000 0.0000000025
0.0000000000 0.0000000000 10.6000000000 -0.0000000000 0.0000000000 0.0000000024
0.0000000000 0.0000000000 10.8000000000 -0.0000000000 0.0000000000 0.0000000024
0.0000000000 0.0000000000 11.0000000000 -0.0000000000 -0.0000000000 0.0000000023
0.0000000000 0.0000000000 11.2000000000 0.0000000000 0.0000000000 0.0000000022
0.0000000000 0.0000000000 11.4000000000 0.0000000000 -0.0000000000 0.0000000022
0.0000000000 0.0000000000 11.6000000000 0.0000000000 -0.0000000000 0.0000000021
0.0000000000 0.0000000000 11.8000000000 0.0000000000 0.0000000000 0.0000000020
0.0000000000 0.0000000000 12.0000000000 -0.0000000000 -0.0000000000 0.0000000020
0.0000000000 0.0000000000 12.2000000000 -0.0000000000 0.0000000000 0.0000000019
0.0000000000 0.0000000000 12.4000000000 -0.0000000000 0.0000000000 0.0000000019
0.0000000000 0.0000000000 12.6000000000 -0.0000000000 0.0000000000 0.0000000018
0.0000000000 0.0000000000 12.8000000000 0.0000000000 0.0000000000 0.0000000018
0.0000000000 0.0000000000 13.0000000000 -0.0000000000 -0.0000000000 0.0000000017
0.0000000000 0.0000000000 13.2000000000 0.0000000000 -0.0000000000 0.0000000017
0.0000000000 0.0000000000 13.4000000000 0.0000000000 -0.0000000000 0.0000000016
0.0000000000 0.0000000000 13.6000000000 -0.0000000000 0.0000000000 0.0000000016
0.0000000000 0.0000000000 13.8000000000 -0.0000000000 0.0000000000 0.0000000015
0.0000000000 0.0000000000 14.0000000000 0.0000000000 0.0000000000 0.0000000015
0.0000000000 0.0000000000 14.2000000000 0.0000000000 -0.0000000000 0.0000000015
0.0000000000 0.0000000000 14.4000000000 -0.0000000000 0.0000000000 0.0000000014
0.0000000000 0.0000000000 14.6000000000 -0.0000000000 -0.0000000000 0.0000000014
0.0000000000 0.0000000000 14.8000000000 0.0000000000 0.0000000000 0.0000000014
0.0000000000 0.0000000000 15.0000000000 -0.0000000000 -0.0000000000 0.0000000013
0.0000000000 0.0000000000 15.2000000000 0.0000000000 -0.0000000000 0.0000000013
0.0000000000 0.0000000000 15.4000000000 -0.0000000000 0.0000000000 0.0000000013
0.0000000000 0.0000000000 15.6000000000 -0.0000000000 0.0000000000 0.0000000012
0.0000000000 0.0000000000 15.8000000000 -0.0000000000 0.0000000000 0.0000000012
0.0000000000 0.0000000000 16.0000000000 0.0000000000 -0.0000000000 0.0000000012
0.0000000000 0.0000000000 16.2000000000 0.0000000000 0.0000000000 0.0000000012
0.0000000000 0.0000000000 16.4000000000 0.0000000000 0.0000000000 0.0000000011
0.0000000000 0.0000000000 16.6000000000 0.0000000000 0.0000000000 0.0000000011
0.0000000000 0.0000000000 16.8000000000 0.0000000000 0.0000000000 0.0000000011
0.0000000000 0.0000000000 17.0000000000 0.0000000000 -0.0000000000 0.0000000011
0.0000000000 0.0000000000 17.2000000000 0.0000000000 -0.0000000000 0.0000000010
0.0000000000 0.0000000000 17.4000000000 0.0000000000 0.0000000000 0.0000000010
0.0000000000 0.0000000000 17.6000000000 -0.0000000000 0.0000000000 0.0000000010
0.0000000000 0.0000000000 17.8000000000 0.0000000000 0.0000000000 0.0000000010
0.0000000000 0.0000000000 18.0000000000 0.0000000000 0.0000000000 0.0000000010
0.0000000000 0.0000000000 18.2000000000 -0.0000000000 -0.0000000000 0.0000000009
0.0000000000 0.0000000000 18.4000000000 -0.0000000000 0.0000000000 0.0000000009
0.0000000000 0.0000000000 18.6000000000 -0.0000000000 0.0000000000 0.0000000009
0.0000000000 0.0000000000 18.8000000000 0.0000000000 0.0000000000 0.0000000009
0.0000000000 0.0000000000 19.0000000000 0.0000000000 0.0000000000 0.0000000009
0.0000000000 0.0000000000 19.2000000000 0.0000000000 0.0000000000 0.0000000008
0.0000000000 0.0000000000 19.4000000000 0.0000000000 -0.0000000000 0.0000000008
0.0000000000 0.0000000000 19.6000000000 -0.0000000000 -0.0000000000 0.0000000008
0.0000000000 0.0000000000 19.8000000000 -0.0000000000 -0.0000000000 0.0000000008
0.0000000000 0.0000000000 20.0000000000 0.0000000000 0.0000000000 0.0000000008
