dpl |F_ADDA(x)-F_Calc(x)| |F_ADDA(y)-F_Calc(y)| |F_ADDA(z)-F_Calc(z)| |F_ADDA(x)-F_Calc(x)|/F_ADDA(x) |F_ADDA(y)-F_Calc(y)|/F_ADDA(y) |F_ADDA(z)-F_Calc(z)|/F_ADDA(z)
1.0000000000 0.0000000000 0.0000000000 0.1190656781 -nan -nan 1.2287890264
2.0000000000 0.0000000000 0.0000000000 0.2541404113 10.3759388697 -1.0297259886 1.0037792503
3.0000000000 0.0000000230 0.0000000135 0.3009338558 -1.3277608962 0.8530808644 1.5352146038
4.0000000000 0.0000001391 0.0000000075 0.0964669911 -1.1984323010 -0.9393299089 0.7245162166
5.0000000000 0.0000000128 0.0000000505 0.1876506047 0.6847435427 -0.9997212994 1.5867660012
6.0000000000 0.0000000046 0.0000000091 0.2313905707 1.1189494198 0.8704735104 1.9515208918
7.0000000000 0.0000000027 0.0000000346 0.2519200750 -2.1579032673 -0.9908205590 2.1990914784
8.0000000000 0.0000000240 0.0000000134 0.2546289307 1.1973491119 0.9456476043 2.2197837868
9.0000000000 0.0000000006 0.0000000196 0.2605937295 -1.0051250340 0.9367855676 2.1858802581
10.0000000000 0.0000000000 0.0000000263 0.2634924667 -0.0025015655 -0.9727652619 2.2303113119
11.0000000000 0.0000000003 0.0000000182 0.2643483843 3.7031238451 1.2667979228 2.2288696758
12.0000000000 0.0000000003 0.0000000081 0.2644153055 5.6747340622 -1.2948206043 2.2326685637
13.0000000000 0.0000000012 0.0000000149 0.2671950843 1.7017190017 0.8160308067 2.2416878031
14.0000000000 0.0000000001 0.0000000253 0.2678785870 -0.6230921592 0.8530749996 2.2378152792
15.0000000000 0.0000000003 0.0000000101 0.2689981768 1.0900180068 0.6426448905 2.2434826583
16.0000000000 0.0000000014 0.0000000014 0.2677718681 -1.3589313324 -1.3000693611 2.2333188913
17.0000000000 0.0000000005 0.0000000134 0.2687874971 0.8945375525 0.7527840643 2.2469560842
18.0000000000 0.0000000010 0.0000000430 0.2689035096 1.6541268295 -0.8174918550 2.2403803687
19.0000000000 0.0000000016 0.0000000304 0.2691050326 1.7088502129 -0.8488808718 2.2220443406
20.0000000000 0.0000000041 0.0000000234 0.2694613640 -1.2335344919 -0.9588064211 2.2373773065
21.0000000000 0.0000000012 0.0000000028 0.2694726258 -1.6451471224 -0.8872892397 2.2416248037
22.0000000000 0.0000000011 0.0000000007 0.2695629856 1.4781962929 -8.7777360259 2.2320045782
23.0000000000 0.0000000000 0.0000000032 0.2697337014 0.3002787647 0.9714010946 2.2277744225
24.0000000000 0.0000000004 0.0000000015 0.2691660316 -0.8326155290 0.8908355274 2.2196926633
25.0000000000 0.0000000007 0.0000000140 0.2700662544 -2.3210035819 -0.8158327296 2.2365374328
26.0000000000 0.0000000010 0.0000000073 0.2699920325 2.2059739586 0.8374333111 2.2347359537
27.0000000000 0.0000000014 0.0000000006 0.2701763257 -1.6308628796 -0.8147815441 2.2271201043
28.0000000000 0.0000000004 0.0000000190 0.2698692970 2.0778342344 -0.9459885221 2.2267856127
29.0000000000 0.0000000001 0.0000000073 0.2699082329 -3.1221346735 0.8985669548 2.2265895018
30.0000000000 0.0000000011 0.0000000059 0.2701935449 -1.5329505789 -1.0407603400 2.2305683290
