0.000000e+00 0.000000e+00 -1.000000e+00 -1.499143e-30 -1.700059e-30 4.713439e-13
0.000000e+00 0.000000e+00 -9.000000e-01 -9.221535e-31 2.070982e-30 4.735745e-13
0.000000e+00 0.000000e+00 -8.000000e-01 -2.122215e-28 -8.592719e-28 4.722398e-13
0.000000e+00 0.000000e+00 -7.000000e-01 -1.790214e-30 -3.091017e-30 4.759907e-13
0.000000e+00 0.000000e+00 -6.000000e-01 7.280402e-28 -1.379534e-27 4.759128e-13
0.000000e+00 0.000000e+00 -5.000000e-01 -8.577573e-31 1.473395e-27 4.723205e-13
0.000000e+00 0.000000e+00 -4.000000e-01 -4.987356e-29 1.652277e-29 4.686667e-13
0.000000e+00 0.000000e+00 -3.000000e-01 1.124989e-28 9.898725e-29 4.663531e-13
0.000000e+00 0.000000e+00 -2.000000e-01 -5.657527e-29 5.801163e-29 4.639587e-13
0.000000e+00 0.000000e+00 -1.000000e-01 2.425354e-29 3.391554e-28 4.609216e-13
0.000000e+00 0.000000e+00 -1.387779e-16 1.287924e-31 6.169155e-31 4.553721e-13
0.000000e+00 0.000000e+00 1.000000e-01 2.305062e-29 1.163663e-29 4.502013e-13
0.000000e+00 0.000000e+00 2.000000e-01 8.234373e-28 8.014932e-28 4.441430e-13
0.000000e+00 0.000000e+00 3.000000e-01 -5.487647e-28 1.763430e-28 4.339510e-13
0.000000e+00 0.000000e+00 4.000000e-01 3.013742e-31 -2.034276e-30 4.197379e-13
0.000000e+00 0.000000e+00 5.000000e-01 -8.747588e-28 -2.413189e-27 4.023722e-13
0.000000e+00 0.000000e+00 6.000000e-01 4.134236e-29 4.310359e-30 3.835200e-13
0.000000e+00 0.000000e+00 7.000000e-01 -6.827606e-31 -3.207413e-30 3.609307e-13
0.000000e+00 0.000000e+00 8.000000e-01 7.162466e-31 7.024820e-31 3.315726e-13
0.000000e+00 0.000000e+00 9.000000e-01 1.927893e-28 1.422519e-28 2.971424e-13
0.000000e+00 0.000000e+00 1.000000e+00 1.229614e-27 -1.415011e-28 2.653634e-13
0.000000e+00 0.000000e+00 1.100000e+00 -7.347284e-30 1.739470e-29 2.594060e-13
0.000000e+00 0.000000e+00 1.200000e+00 -7.212374e-32 -6.107979e-31 2.620821e-13
0.000000e+00 0.000000e+00 1.300000e+00 3.769689e-29 1.405737e-29 2.515353e-13
0.000000e+00 0.000000e+00 1.400000e+00 -4.443337e-32 -3.039500e-31 2.332341e-13
0.000000e+00 0.000000e+00 1.500000e+00 7.212374e-32 1.534078e-30 2.142056e-13
0.000000e+00 0.000000e+00 1.600000e+00 5.570271e-32 -1.036779e-31 1.967437e-13
0.000000e+00 0.000000e+00 1.700000e+00 8.677387e-32 -1.262165e-31 1.811205e-13
0.000000e+00 0.000000e+00 1.800000e+00 -4.876402e-31 -8.854476e-32 1.671481e-13
0.000000e+00 0.000000e+00 1.900000e+00 2.747303e-30 -8.292942e-30 1.546052e-13
0.000000e+00 0.000000e+00 2.000000e+00 5.795657e-33 -1.839422e-28 1.433078e-13
0.000000e+00 0.000000e+00 2.100000e+00 -2.479253e-32 1.727186e-30 1.331042e-13
0.000000e+00 0.000000e+00 2.200000e+00 -3.739004e-31 1.131763e-31 1.238690e-13
0.000000e+00 0.000000e+00 2.300000e+00 -1.405197e-28 1.675911e-31 1.154947e-13
0.000000e+00 0.000000e+00 2.400000e+00 -3.538249e-30 9.168408e-31 1.078862e-13
0.000000e+00 0.000000e+00 2.500000e+00 -6.173180e-30 -6.326040e-30 1.009605e-13
0.000000e+00 0.000000e+00 2.600000e+00 1.078636e-32 -1.803093e-32 9.464443e-14
0.000000e+00 0.000000e+00 2.700000e+00 -1.747028e-30 8.837814e-30 8.887338e-14
0.000000e+00 0.000000e+00 2.800000e+00 -1.434280e-29 1.569351e-29 8.359027e-14
0.000000e+00 0.000000e+00 2.900000e+00 -1.738697e-32 -1.102785e-32 7.874468e-14
0.000000e+00 0.000000e+00 3.000000e+00 -2.879910e-29 -6.396152e-30 7.429207e-14
0.000000e+00 0.000000e+00 3.100000e+00 1.999502e-31 -1.685572e-28 7.019305e-14
0.000000e+00 0.000000e+00 3.200000e+00 1.513311e-32 1.741112e-30 6.641273e-14
0.000000e+00 0.000000e+00 3.300000e+00 4.205876e-33 8.363455e-32 6.292022e-14
0.000000e+00 0.000000e+00 3.400000e+00 -2.321483e-31 -2.905878e-31 5.968806e-14
0.000000e+00 0.000000e+00 3.500000e+00 2.791994e-29 4.122161e-30 5.669187e-14
0.000000e+00 0.000000e+00 3.600000e+00 1.753186e-31 -1.183280e-31 5.390995e-14
0.000000e+00 0.000000e+00 3.700000e+00 3.475784e-31 1.626004e-31 5.132292e-14
0.000000e+00 0.000000e+00 3.800000e+00 3.477394e-32 -6.117638e-33 4.891349e-14
0.000000e+00 0.000000e+00 3.900000e+00 -2.648293e-31 -5.856834e-31 4.666617e-14
0.000000e+00 0.000000e+00 4.000000e+00 -1.915787e-32 1.621496e-30 4.456708e-14
0.000000e+00 0.000000e+00 4.100000e+00 5.022903e-32 -8.065623e-32 4.260377e-14
0.000000e+00 0.000000e+00 4.200000e+00 1.032039e-28 1.790193e-27 4.076501e-14
0.000000e+00 0.000000e+00 4.300000e+00 -5.234442e-30 4.603845e-30 3.904069e-14
0.000000e+00 0.000000e+00 4.400000e+00 -8.500297e-32 2.638291e-28 3.742169e-14
0.000000e+00 0.000000e+00 4.500000e+00 1.609905e-33 -4.427238e-33 3.589976e-14
0.000000e+00 0.000000e+00 4.600000e+00 -7.893564e-33 -9.820419e-33 3.446741e-14
0.000000e+00 0.000000e+00 4.700000e+00 -6.471817e-32 2.358511e-32 3.311788e-14
0.000000e+00 0.000000e+00 4.800000e+00 7.627679e-31 2.546869e-31 3.184498e-14
0.000000e+00 0.000000e+00 4.900000e+00 2.838262e-31 -2.656343e-32 3.064312e-14
0.000000e+00 0.000000e+00 5.000000e+00 7.244069e-32 -8.741783e-32 2.950717e-14
