7.370364e-27 4.198305e-26 1.811038e-25 6.153383e-25 1.740453e-24 4.323808e-24 9.743553e-24 1.987907e-23 3.576257e-23 5.500341e-23 7.059670e-23 7.436962e-23 6.352385e-23 4.352015e-23 2.363128e-23 1.002145e-23 3.256110e-24 7.903880e-25 1.387800e-25 1.702365e-26 1.457923e-27
6.341012e-26 3.357852e-25 1.332123e-24 4.146699e-24 1.063759e-23 2.361034e-23 4.713292e-23 8.590511e-23 1.411654e-22 2.034211e-22 2.499627e-22 2.562927e-22 2.157862e-22 1.472431e-22 8.038292e-23 3.459201e-23 1.151883e-23 2.896939e-24 5.329589e-25 6.891122e-26 6.058042e-27
3.784316e-25 1.854369e-24 6.838022e-24 1.980383e-23 4.696722e-23 9.517135e-23 1.714801e-22 2.821262e-22 4.247570e-22 5.734730e-22 6.744246e-22 6.728756e-22 5.580473e-22 3.786399e-22 2.072121e-22 9.009447e-23 3.056806e-23 7.908903e-24 1.513280e-24 2.055126e-25 1.887813e-26
1.602706e-24 7.358983e-24 2.556788e-23 6.984296e-23 1.554786e-22 2.925777e-22 4.833998e-22 7.248009e-22 1.001781e-21 1.264637e-21 1.419761e-21 1.375615e-21 1.121882e-21 7.554987e-22 4.135402e-22 1.812450e-22 6.254878e-23 1.665014e-23 3.326790e-24 4.804252e-25 4.759768e-26
4.987920e-24 2.173575e-23 7.195385e-23 1.873475e-22 3.959025e-22 7.008142e-22 1.075585e-21 1.482788e-21 1.884903e-21 2.217705e-21 2.366452e-21 2.219071e-21 1.775447e-21 1.184855e-21 6.484683e-22 2.870396e-22 1.013975e-22 2.815892e-23 6.028293e-24 9.664834e-25 1.108249e-25
1.173298e-23 4.902940e-23 1.559672e-22 3.900364e-22 7.886403e-22 1.325232e-21 1.907863e-21 2.436272e-21 2.852666e-21 3.115424e-21 3.141652e-21 2.838810e-21 2.223688e-21 1.471636e-21 8.091276e-22 3.658739e-22 1.351884e-22 4.054289e-23 9.739371e-24 1.822366e-24 2.522423e-25
2.127438e-23 8.592926e-23 2.642893e-22 6.380600e-22 1.240641e-21 1.990267e-21 2.704555e-21 3.214889e-21 3.468531e-21 3.498246e-21 3.311739e-21 2.872738e-21 2.205616e-21 1.458411e-21 8.188057e-22 3.888965e-22 1.561599e-22 5.257113e-23 1.445173e-23 3.091555e-24 4.801897e-25
3.007763e-23 1.180934e-22 3.525496e-22 8.239436e-22 1.543975e-21 2.369788e-21 3.046689e-21 3.375546e-21 3.347854e-21 3.097711e-21 2.736616e-21 2.281410e-21 1.736162e-21 1.172403e-21 6.937121e-22 3.578928e-22 1.588396e-22 5.860320e-23 1.698690e-23 3.575535e-24 4.818490e-25
3.325085e-23 1.273202e-22 3.694188e-22 8.356291e-22 1.507177e-21 2.208795e-21 2.679092e-21 2.754368e-21 2.492613e-21 2.097762e-21 1.728890e-21 1.408149e-21 1.093156e-21 7.746066e-22 4.853893e-22 2.600452e-22 1.124607e-22 3.516536e-23 5.758425e-24 -7.903136e-25 -7.689032e-25
2.850963e-23 1.064319e-22 2.992702e-22 6.517894e-22 1.123189e-21 1.556458e-21 1.758278e-21 1.648167e-21 1.330766e-21 1.001636e-21 7.792384e-22 6.398911e-22 5.008211e-22 3.257692e-22 1.446604e-22 8.293927e-24 -5.642554e-23 -6.070202e-23 -3.791919e-23 -1.613787e-23 -4.777780e-24
1.845831e-23 6.662606e-23 1.791209e-22 3.684419e-22 5.907174e-22 7.454783e-22 7.402568e-22 5.729661e-22 3.452866e-22 1.759538e-22 9.217965e-23 1.747412e-23 -1.266657e-22 -3.243417e-22 -4.792869e-22 -5.082211e-22 -4.104671e-22 -2.564998e-22 -1.234221e-22 -4.495167e-23 -1.206235e-23
8.390411e-24 2.819739e-23 6.824698e-23 1.202061e-22 1.503204e-22 1.146914e-22 -4.674985e-24 -1.762545e-22 -3.367581e-22 -4.488867e-22 -5.526997e-22 -7.370005e-22 -1.027584e-21 -1.313469e-21 -1.418371e-21 -1.254354e-21 -8.966211e-22 -5.120315e-22 -2.299403e-22 -7.945368e-23 -2.052152e-23
2.012034e-24 4.590511e-24 2.776010e-24 -2.026258e-23 -9.026532e-23 -2.272980e-22 -4.311594e-22 -6.782785e-22 -9.324473e-22 -1.175969e-21 -1.443114e-21 -1.789330e-21 -2.183198e-21 -2.451268e-21 -2.390999e-21 -1.957229e-21 -1.316798e-21 -7.159172e-22 -3.087660e-22 -1.032434e-22 -2.599020e-23
-4.402070e-25 -3.954723e-24 -1.942534e-23 -6.614740e-23 -1.732323e-22 -3.732303e-22 -6.904706e-22 -1.119528e-21 -1.606950e-21 -2.077127e-21 -2.496074e-21 -2.875058e-21 -3.174532e-21 -3.245054e-21 -2.935495e-21 -2.266268e-21 -1.455177e-21 -7.611728e-22 -3.176868e-22 -1.032764e-22 -2.537992e-23
-7.282964e-25 -4.427024e-24 -1.941796e-23 -6.607648e-23 -1.839380e-22 -4.324098e-22 -8.684667e-22 -1.491718e-21 -2.198618e-21 -2.823206e-21 -3.252517e-21 -3.478033e-21 -3.511422e-21 -3.300133e-21 -2.787535e-21 -2.039582e-21 -1.254515e-21 -6.329717e-22 -2.559579e-22 -8.085493e-23 -1.934538e-23
-4.367424e-25 -2.854154e-24 -1.394325e-23 -5.370386e-23 -1.679643e-22 -4.319771e-22 -9.176668e-22 -1.617032e-21 -2.385313e-21 -2.998154e-21 -3.301991e-21 -3.297242e-21 -3.064792e-21 -2.656113e-21 -2.094810e-21 -1.451295e-21 -8.542619e-22 -4.152302e-22 -1.623503e-22 -4.966610e-23 -1.150877e-23
-2.032513e-25 -1.584176e-24 -9.038062e-24 -3.935783e-23 -1.340784e-22 -3.629887e-22 -7.904773e-22 -1.400845e-21 -2.047631e-21 -2.513434e-21 -2.656053e-21 -2.493782e-21 -2.144556e-21 -1.713081e-21 -1.256119e-21 -8.198754e-22 -4.597706e-22 -2.144101e-22 -8.069398e-23 -2.377207e-23 -5.295065e-24
-9.015319e-26 -8.261210e-25 -5.295333e-24 -2.491395e-23 -8.897299e-23 -2.470823e-22 -5.436029e-22 -9.624462e-22 -1.391863e-21 -1.671718e-21 -1.703165e-21 -1.512819e-21 -1.208112e-21 -8.875297e-22 -6.006592e-22 -3.661710e-22 -1.941106e-22 -8.625352e-23 -3.103282e-23 -8.734112e-24 -1.851659e-24
-3.779325e-26 -3.797412e-25 -2.605418e-24 -1.283169e-23 -4.716113e-23 -1.331089e-22 -2.948088e-22 -5.212523e-22 -7.467917e-22 -8.799456e-22 -8.677933e-22 -7.327568e-22 -5.450152e-22 -3.671887e-22 -2.272448e-22 -1.278313e-22 -6.333221e-23 -2.654924e-23 -9.044740e-24 -2.406544e-24 -4.796472e-25
-1.321622e-26 -1.399259e-25 -1.008130e-24 -5.152408e-24 -1.943189e-23 -5.574594e-23 -1.244705e-22 -2.201834e-22 -3.130950e-22 -3.626563e-22 -3.470939e-22 -2.795121e-22 -1.940406e-22 -1.195396e-22 -6.694804e-23 -3.422246e-23 -1.560297e-23 -6.087317e-24 -1.939033e-24 -4.813945e-25 -8.902681e-26
-3.504448e-27 -3.860849e-26 -2.925987e-25 -1.559539e-24 -6.067099e-24 -1.777325e-23 -4.015443e-23 -7.125079e-23 -1.007209e-22 -1.147933e-22 -1.067165e-22 -8.205221e-23 -5.319355e-23 -2.986305e-23 -1.496438e-23 -6.823770e-24 -2.806283e-24 -1.001181e-24 -2.937356e-25 -6.720457e-26 -1.150669e-26
