0.000000e+00 0.000000e+00 -1.000000e+00 0.000000e+00 -1.166820e-22 1.831833e-06
0.000000e+00 0.000000e+00 -9.500000e-01 0.000000e+00 -1.991373e-19 2.673679e-03
0.000000e+00 0.000000e+00 -9.000000e-01 1.274479e-18 3.340969e-12 6.037417e+04
0.000000e+00 0.000000e+00 -8.500000e-01 2.544496e-15 -3.166442e-14 -1.334000e-01
0.000000e+00 0.000000e+00 -8.000000e-01 2.003429e-12 3.911619e-12 1.841184e+05
0.000000e+00 0.000000e+00 -7.500000e-01 -6.681836e-13 3.205512e-11 7.489488e+05
0.000000e+00 0.000000e+00 -7.000000e-01 6.770667e-19 6.629642e-13 2.033713e+04
0.000000e+00 0.000000e+00 -6.500000e-01 -6.372393e-19 1.169333e-12 1.423474e+04
0.000000e+00 0.000000e+00 -6.000000e-01 -1.335279e-11 -1.603261e-10 1.428831e+06
0.000000e+00 0.000000e+00 -5.500000e-01 3.056939e-12 1.730058e-12 1.576697e+03
0.000000e+00 0.000000e+00 -5.000000e-01 4.720612e-15 9.436792e-16 3.083658e+00
0.000000e+00 0.000000e+00 -4.500000e-01 3.493244e-12 5.369172e-11 1.370201e+04
0.000000e+00 0.000000e+00 -4.000000e-01 -4.942570e-11 8.830068e-11 2.929040e+06
0.000000e+00 0.000000e+00 -3.500000e-01 2.517133e-13 1.736656e-11 1.154859e+05
0.000000e+00 0.000000e+00 -3.000000e-01 -1.067432e-11 -2.146936e-11 3.672335e+05
0.000000e+00 0.000000e+00 -2.500000e-01 -2.939564e-11 3.298076e-10 1.304851e+06
0.000000e+00 0.000000e+00 -2.000000e-01 7.618331e-13 -1.160897e-11 5.834240e+01
0.000000e+00 0.000000e+00 -1.500000e-01 -4.440367e-14 -2.681759e-13 2.247356e+01
0.000000e+00 0.000000e+00 -1.000000e-01 -1.783114e-11 -2.491941e-10 2.927432e+04
0.000000e+00 0.000000e+00 -5.000000e-02 -4.326996e-11 -6.294395e-11 4.178093e+05
0.000000e+00 0.000000e+00 3.191891e-16 2.654840e-12 1.406721e-11 3.776778e+02
0.000000e+00 0.000000e+00 5.000000e-02 -4.284866e-11 -2.518370e-10 -4.232073e+05
0.000000e+00 0.000000e+00 1.000000e-01 -1.416732e-11 -1.046302e-10 -2.885714e+04
0.000000e+00 0.000000e+00 1.500000e-01 -1.501102e-13 -7.006252e-14 -2.155035e+01
0.000000e+00 0.000000e+00 2.000000e-01 1.398602e-13 4.278301e-12 -6.247358e+01
0.000000e+00 0.000000e+00 2.500000e-01 -6.406367e-11 -4.405862e-11 -1.309266e+06
0.000000e+00 0.000000e+00 3.000000e-01 -1.052709e-11 -2.105252e-11 -3.672607e+05
0.000000e+00 0.000000e+00 3.500000e-01 2.678297e-12 -2.008079e-11 -1.151612e+05
0.000000e+00 0.000000e+00 4.000000e-01 -2.613573e-14 2.135873e-10 -2.923273e+06
0.000000e+00 0.000000e+00 4.500000e-01 6.634703e-13 -5.452146e-11 -1.384823e+04
0.000000e+00 0.000000e+00 5.000000e-01 4.424930e-15 -2.243987e-15 -3.072536e+00
0.000000e+00 0.000000e+00 5.500000e-01 -7.376784e-13 7.179790e-12 -1.639219e+03
0.000000e+00 0.000000e+00 6.000000e-01 -8.009179e-12 -4.279050e-11 -1.426688e+06
0.000000e+00 0.000000e+00 6.500000e-01 -2.077533e-14 -6.687960e-13 -1.426891e+04
0.000000e+00 0.000000e+00 7.000000e-01 1.670492e-13 -1.660804e-13 -2.030533e+04
0.000000e+00 0.000000e+00 7.500000e-01 -1.102335e-11 -1.069360e-11 -7.499465e+05
0.000000e+00 0.000000e+00 8.000000e-01 6.317992e-12 1.738761e-11 -1.851211e+05
0.000000e+00 0.000000e+00 8.500000e-01 2.798516e-14 -6.945370e-15 1.620891e-01
0.000000e+00 0.000000e+00 9.000000e-01 -1.706387e-15 6.387913e-13 -6.037096e+04
0.000000e+00 0.000000e+00 9.500000e-01 1.874937e-24 1.593029e-19 -2.673586e-03
0.000000e+00 0.000000e+00 1.000000e+00 4.273471e-26 -4.546021e-25 -1.831982e-06
0.000000e+00 0.000000e+00 1.050000e+00 1.656495e-29 4.769196e-28 -1.862787e-11
0.000000e+00 0.000000e+00 1.100000e+00 -1.545884e-30 8.115079e-30 -3.731218e-13
0.000000e+00 0.000000e+00 1.150000e+00 -2.815938e-31 1.118453e-31 -2.709741e-14
0.000000e+00 0.000000e+00 1.200000e+00 -1.207963e-33 -9.705765e-32 -3.378861e-15
0.000000e+00 0.000000e+00 1.250000e+00 2.483910e-33 1.025843e-33 -4.123270e-16
0.000000e+00 0.000000e+00 1.300000e+00 -4.593078e-34 -4.178540e-33 1.305155e-16
0.000000e+00 0.000000e+00 1.350000e+00 4.167486e-34 -8.848998e-34 2.591217e-16
0.000000e+00 0.000000e+00 1.400000e+00 1.188524e-31 -7.718140e-33 2.927483e-16
0.000000e+00 0.000000e+00 1.450000e+00 -2.658845e-33 5.422153e-34 2.983844e-16
0.000000e+00 0.000000e+00 1.500000e+00 1.630515e-35 6.093704e-34 2.938978e-16
0.000000e+00 0.000000e+00 1.550000e+00 -7.707638e-33 1.401967e-33 2.852300e-16
0.000000e+00 0.000000e+00 1.600000e+00 -2.961955e-32 1.683603e-32 2.747732e-16
0.000000e+00 0.000000e+00 1.650000e+00 -1.579112e-33 -3.989787e-33 2.636418e-16
0.000000e+00 0.000000e+00 1.700000e+00 -1.558662e-34 9.727818e-34 2.524061e-16
0.000000e+00 0.000000e+00 1.750000e+00 -2.593624e-33 -4.255921e-34 2.413725e-16
0.000000e+00 0.000000e+00 1.800000e+00 4.148555e-33 -1.603432e-33 2.307069e-16
0.000000e+00 0.000000e+00 1.850000e+00 -6.367299e-34 1.157942e-34 2.204952e-16
0.000000e+00 0.000000e+00 1.900000e+00 7.290337e-34 -2.050580e-34 2.107768e-16
0.000000e+00 0.000000e+00 1.950000e+00 6.321700e-34 -1.278987e-33 2.015629e-16
