4.195358e+00 2.720106e+00 0.000000e+00 -5.000000e+00 -4.425879e-26 -2.828822e-26 3.664978e-27 5.252679e-26
4.111450e+00 2.665703e+00 0.000000e+00 -4.900000e+00 -1.278344e-25 -8.159843e-26 1.491047e-26 1.516573e-25
4.027543e+00 2.611301e+00 0.000000e+00 -4.800000e+00 -3.444534e-25 -2.197248e-25 5.528003e-26 4.085672e-25
3.943636e+00 2.556899e+00 0.000000e+00 -4.700000e+00 -8.610440e-25 -5.493713e-25 1.864646e-25 1.021374e-24
3.859729e+00 2.502497e+00 0.000000e+00 -4.600000e+00 -1.983431e-24 -1.267223e-24 5.704869e-25 2.353689e-24
3.775822e+00 2.448095e+00 0.000000e+00 -4.500000e+00 -4.178431e-24 -2.677425e-24 1.575416e-24 4.962649e-24
3.691915e+00 2.393693e+00 0.000000e+00 -4.400000e+00 -7.993332e-24 -5.147148e-24 3.897471e-24 9.507181e-24
3.608008e+00 2.339291e+00 0.000000e+00 -4.300000e+00 -1.386210e-23 -8.989260e-24 8.541707e-24 1.652164e-23
3.524100e+00 2.284889e+00 0.000000e+00 -4.200000e+00 -2.220438e-23 -1.450574e-23 1.631531e-23 2.652265e-23
3.440193e+00 2.230487e+00 0.000000e+00 -4.100000e+00 -3.530143e-23 -2.306686e-23 2.656170e-23 4.216955e-23
3.356286e+00 2.176084e+00 0.000000e+00 -4.000000e+00 -6.392935e-23 -4.101122e-23 3.609423e-23 7.595315e-23
3.272379e+00 2.121682e+00 0.000000e+00 -3.900000e+00 -1.421936e-22 -8.854347e-23 4.265108e-23 1.675082e-22
3.188472e+00 2.067280e+00 0.000000e+00 -3.800000e+00 -3.550782e-22 -2.169337e-22 6.062972e-23 4.161019e-22
3.104565e+00 2.012878e+00 0.000000e+00 -3.700000e+00 -9.177330e-22 -5.595695e-22 1.487895e-22 1.074873e-21
3.020658e+00 1.958476e+00 0.000000e+00 -3.600000e+00 -2.575785e-21 -1.584306e-21 4.086409e-22 3.024019e-21
2.936750e+00 1.904074e+00 0.000000e+00 -3.500000e+00 -8.562692e-21 -5.301123e-21 8.565696e-22 1.007083e-20
2.852843e+00 1.849672e+00 0.000000e+00 -3.400000e+00 -3.245031e-20 -2.004424e-20 1.270768e-21 3.814177e-20
2.768936e+00 1.795270e+00 0.000000e+00 -3.300000e+00 -1.243689e-19 -7.631582e-20 2.640897e-21 1.459168e-19
2.685029e+00 1.740868e+00 0.000000e+00 -3.200000e+00 -4.461083e-19 -2.719100e-19 1.767476e-20 5.224439e-19
2.601122e+00 1.686465e+00 0.000000e+00 -3.100000e+00 -1.459567e-18 -8.846414e-19 1.143152e-19 1.706729e-18
2.517215e+00 1.632063e+00 0.000000e+00 -3.000000e+00 -4.346821e-18 -2.622698e-18 5.542944e-19 5.076751e-18
2.433307e+00 1.577661e+00 0.000000e+00 -2.900000e+00 -1.184882e-17 -7.122849e-18 2.162838e-18 1.382496e-17
2.349400e+00 1.523259e+00 0.000000e+00 -2.800000e+00 -2.977048e-17 -1.784176e-17 7.187751e-18 3.470749e-17
2.265493e+00 1.468857e+00 0.000000e+00 -2.700000e+00 -6.940588e-17 -4.148810e-17 2.107313e-17 8.086061e-17
2.181586e+00 1.414455e+00 0.000000e+00 -2.600000e+00 -1.510212e-16 -9.007325e-17 5.575234e-17 1.758426e-16
2.097679e+00 1.360053e+00 0.000000e+00 -2.500000e+00 -3.082334e-16 -1.834814e-16 1.351742e-16 3.587105e-16
2.013772e+00 1.305651e+00 0.000000e+00 -2.400000e+00 -5.926212e-16 -3.521665e-16 3.037000e-16 6.893629e-16
1.929865e+00 1.251249e+00 0.000000e+00 -2.300000e+00 -1.077270e-15 -6.392128e-16 6.376001e-16 1.252639e-15
1.845957e+00 1.196846e+00 0.000000e+00 -2.200000e+00 -1.857383e-15 -1.100666e-15 1.259043e-15 2.159013e-15
1.762050e+00 1.142444e+00 0.000000e+00 -2.100000e+00 -3.045908e-15 -1.802944e-15 2.350868e-15 3.539515e-15
1.678143e+00 1.088042e+00 0.000000e+00 -2.000000e+00 -4.762444e-15 -2.816320e-15 4.168879e-15 5.532859e-15
1.594236e+00 1.033640e+00 0.000000e+00 -1.900000e+00 -7.115021e-15 -4.204245e-15 7.047569e-15 8.264333e-15
1.510329e+00 9.792380e-01 0.000000e+00 -1.800000e+00 -1.017618e-14 -6.009352e-15 1.139459e-14 1.181807e-14
1.426422e+00 9.248359e-01 0.000000e+00 -1.700000e+00 -1.395668e-14 -8.238087e-15 1.767021e-14 1.620664e-14
1.342514e+00 8.704338e-01 0.000000e+00 -1.600000e+00 -1.838296e-14 -1.084749e-14 2.635018e-14 2.134482e-14
1.258607e+00 8.160317e-01 0.000000e+00 -1.500000e+00 -2.328357e-14 -1.373728e-14 3.787367e-14 2.703401e-14
1.174700e+00 7.616296e-01 0.000000e+00 -1.400000e+00 -2.839083e-14 -1.675067e-14 5.258159e-14 3.296398e-14
1.090793e+00 7.072274e-01 0.000000e+00 -1.300000e+00 -3.335958e-14 -1.968524e-14 7.065433e-14 3.873461e-14
1.006886e+00 6.528253e-01 0.000000e+00 -1.200000e+00 -3.780326e-14 -2.231397e-14 9.205874e-14 4.389760e-14
9.229787e-01 5.984232e-01 0.000000e+00 -1.100000e+00 -4.134064e-14 -2.441238e-14 1.165150e-13 4.801055e-14
8.390715e-01 5.440211e-01 0.000000e+00 -1.000000e+00 -4.364574e-14 -2.578780e-14 1.434906e-13 5.069479e-14
7.551644e-01 4.896190e-01 0.000000e+00 -9.000000e-01 -4.449064e-14 -2.630447e-14 1.722233e-13 5.168503e-14
6.712572e-01 4.352169e-01 0.000000e+00 -8.000000e-01 -4.377239e-14 -2.589950e-14 2.017709e-13 5.086065e-14
5.873501e-01 3.808148e-01 0.000000e+00 -7.000000e-01 -4.151869e-14 -2.458651e-14 2.310803e-13 4.825244e-14
5.034429e-01 3.264127e-01 0.000000e+00 -6.000000e-01 -3.787182e-14 -2.244658e-14 2.590646e-13 4.402412e-14
4.195358e-01 2.720106e-01 0.000000e+00 -5.000000e-01 -3.305526e-14 -1.960904e-14 2.846768e-13 3.843390e-14
3.356286e-01 2.176084e-01 0.000000e+00 -4.000000e-01 -2.733163e-14 -1.622723e-14 3.069708e-13 3.178586e-14
2.517215e-01 1.632063e-01 0.000000e+00 -3.000000e-01 -2.096092e-14 -1.245396e-14 3.251478e-13 2.438158e-14
1.678143e-01 1.088042e-01 0.000000e+00 -2.000000e-01 -1.417031e-14 -8.424149e-15 3.385784e-13 1.648526e-14
8.390715e-02 5.440211e-02 0.000000e+00 -1.000000e-01 -7.138701e-15 -4.245470e-15 3.468145e-13 8.305725e-15
8.616898e-16 5.586859e-16 0.000000e+00 -1.026956e-15 2.064792e-30 -1.738772e-30 3.495894e-13 2.699388e-30
-8.390715e-02 -5.440211e-02 0.000000e+00 1.000000e-01 7.138701e-15 4.245470e-15 3.468145e-13 -8.305725e-15
-1.678143e-01 -1.088042e-01 0.000000e+00 2.000000e-01 1.417031e-14 8.424149e-15 3.385784e-13 -1.648526e-14
-2.517215e-01 -1.632063e-01 0.000000e+00 3.000000e-01 2.096092e-14 1.245396e-14 3.251478e-13 -2.438158e-14
-3.356286e-01 -2.176084e-01 0.000000e+00 4.000000e-01 2.733163e-14 1.622723e-14 3.069708e-13 -3.178586e-14
-4.195358e-01 -2.720106e-01 0.000000e+00 5.000000e-01 3.305526e-14 1.960904e-14 2.846768e-13 -3.843390e-14
-5.034429e-01 -3.264127e-01 0.000000e+00 6.000000e-01 3.787182e-14 2.244658e-14 2.590646e-13 -4.402412e-14
-5.873501e-01 -3.808148e-01 0.000000e+00 7.000000e-01 4.151869e-14 2.458651e-14 2.310803e-13 -4.825244e-14
-6.712572e-01 -4.352169e-01 0.000000e+00 8.000000e-01 4.377239e-14 2.589950e-14 2.017709e-13 -5.086065e-14
-7.551644e-01 -4.896190e-01 0.000000e+00 9.000000e-01 4.449064e-14 2.630447e-14 1.722233e-13 -5.168503e-14
-8.390715e-01 -5.440211e-01 0.000000e+00 1.000000e+00 4.364574e-14 2.578780e-14 1.434906e-13 -5.069479e-14
-9.229787e-01 -5.984232e-01 0.000000e+00 1.100000e+00 4.134064e-14 2.441238e-14 1.165150e-13 -4.801055e-14
-1.006886e+00 -6.528253e-01 0.000000e+00 1.200000e+00 3.780326e-14 2.231397e-14 9.205874e-14 -4.389760e-14
-1.090793e+00 -7.072274e-01 0.000000e+00 1.300000e+00 3.335958e-14 1.968524e-14 7.065433e-14 -3.873461e-14
-1.174700e+00 -7.616296e-01 0.000000e+00 1.400000e+00 2.839083e-14 1.675067e-14 5.258159e-14 -3.296398e-14
-1.258607e+00 -8.160317e-01 0.000000e+00 1.500000e+00 2.328357e-14 1.373728e-14 3.787367e-14 -2.703401e-14
-1.342514e+00 -8.704338e-01 0.000000e+00 1.600000e+00 1.838296e-14 1.084749e-14 2.635018e-14 -2.134482e-14
-1.426422e+00 -9.248359e-01 0.000000e+00 1.700000e+00 1.395668e-14 8.238087e-15 1.767021e-14 -1.620664e-14
-1.510329e+00 -9.792380e-01 0.000000e+00 1.800000e+00 1.017618e-14 6.009352e-15 1.139459e-14 -1.181807e-14
-1.594236e+00 -1.033640e+00 0.000000e+00 1.900000e+00 7.115021e-15 4.204245e-15 7.047569e-15 -8.264333e-15
-1.678143e+00 -1.088042e+00 0.000000e+00 2.000000e+00 4.762444e-15 2.816320e-15 4.168879e-15 -5.532859e-15
-1.762050e+00 -1.142444e+00 0.000000e+00 2.100000e+00 3.045908e-15 1.802944e-15 2.350868e-15 -3.539515e-15
-1.845957e+00 -1.196846e+00 0.000000e+00 2.200000e+00 1.857383e-15 1.100666e-15 1.259043e-15 -2.159013e-15
-1.929865e+00 -1.251249e+00 0.000000e+00 2.300000e+00 1.077270e-15 6.392128e-16 6.376001e-16 -1.252639e-15
-2.013772e+00 -1.305651e+00 0.000000e+00 2.400000e+00 5.926212e-16 3.521665e-16 3.037000e-16 -6.893629e-16
-2.097679e+00 -1.360053e+00 0.000000e+00 2.500000e+00 3.082334e-16 1.834814e-16 1.351742e-16 -3.587105e-16
-2.181586e+00 -1.414455e+00 0.000000e+00 2.600000e+00 1.510212e-16 9.007325e-17 5.575234e-17 -1.758426e-16
-2.265493e+00 -1.468857e+00 0.000000e+00 2.700000e+00 6.940588e-17 4.148810e-17 2.107313e-17 -8.086061e-17
-2.349400e+00 -1.523259e+00 0.000000e+00 2.800000e+00 2.977048e-17 1.784176e-17 7.187751e-18 -3.470749e-17
-2.433307e+00 -1.577661e+00 0.000000e+00 2.900000e+00 1.184882e-17 7.122849e-18 2.162838e-18 -1.382496e-17
-2.517215e+00 -1.632063e+00 0.000000e+00 3.000000e+00 4.346821e-18 2.622698e-18 5.542944e-19 -5.076751e-18
-2.601122e+00 -1.686465e+00 0.000000e+00 3.100000e+00 1.459567e-18 8.846414e-19 1.143152e-19 -1.706729e-18
-2.685029e+00 -1.740868e+00 0.000000e+00 3.200000e+00 4.461083e-19 2.719100e-19 1.767476e-20 -5.224439e-19
-2.768936e+00 -1.795270e+00 0.000000e+00 3.300000e+00 1.243689e-19 7.631582e-20 2.640897e-21 -1.459168e-19
-2.852843e+00 -1.849672e+00 0.000000e+00 3.400000e+00 3.245031e-20 2.004424e-20 1.270768e-21 -3.814177e-20
-2.936750e+00 -1.904074e+00 0.000000e+00 3.500000e+00 8.562692e-21 5.301123e-21 8.565696e-22 -1.007083e-20
-3.020658e+00 -1.958476e+00 0.000000e+00 3.600000e+00 2.575785e-21 1.584306e-21 4.086409e-22 -3.024019e-21
-3.104565e+00 -2.012878e+00 0.000000e+00 3.700000e+00 9.177330e-22 5.595695e-22 1.487895e-22 -1.074873e-21
-3.188472e+00 -2.067280e+00 0.000000e+00 3.800000e+00 3.550782e-22 2.169337e-22 6.062972e-23 -4.161019e-22
-3.272379e+00 -2.121682e+00 0.000000e+00 3.900000e+00 1.421936e-22 8.854347e-23 4.265108e-23 -1.675082e-22
-3.356286e+00 -2.176084e+00 0.000000e+00 4.000000e+00 6.392935e-23 4.101122e-23 3.609423e-23 -7.595315e-23
-3.440193e+00 -2.230487e+00 0.000000e+00 4.100000e+00 3.530143e-23 2.306686e-23 2.656170e-23 -4.216955e-23
-3.524100e+00 -2.284889e+00 0.000000e+00 4.200000e+00 2.220438e-23 1.450574e-23 1.631531e-23 -2.652265e-23
-3.608008e+00 -2.339291e+00 0.000000e+00 4.300000e+00 1.386210e-23 8.989260e-24 8.541707e-24 -1.652164e-23
-3.691915e+00 -2.393693e+00 0.000000e+00 4.400000e+00 7.993332e-24 5.147148e-24 3.897471e-24 -9.507181e-24
-3.775822e+00 -2.448095e+00 0.000000e+00 4.500000e+00 4.178431e-24 2.677425e-24 1.575416e-24 -4.962649e-24
-3.859729e+00 -2.502497e+00 0.000000e+00 4.600000e+00 1.983431e-24 1.267223e-24 5.704869e-25 -2.353689e-24
-3.943636e+00 -2.556899e+00 0.000000e+00 4.700000e+00 8.610440e-25 5.493713e-25 1.864646e-25 -1.021374e-24
-4.027543e+00 -2.611301e+00 0.000000e+00 4.800000e+00 3.444534e-25 2.197248e-25 5.528003e-26 -4.085672e-25
-4.111450e+00 -2.665703e+00 0.000000e+00 4.900000e+00 1.278344e-25 8.159843e-26 1.491047e-26 -1.516573e-25
-4.195358e+00 -2.720106e+00 0.000000e+00 5.000000e+00 4.425879e-26 2.828822e-26 3.664978e-27 -5.252679e-26
