-2.500000e+00 -2.500000e+00 0.000000e+00 3.273641e-20 -9.965641e-21 3.002896e-20
-2.500000e+00 -2.250000e+00 0.000000e+00 2.459131e-19 -2.350448e-20 1.988755e-19
-2.500000e+00 -2.000000e+00 0.000000e+00 1.631059e-18 1.258668e-19 1.130761e-18
-2.500000e+00 -1.750000e+00 0.000000e+00 8.036460e-18 8.590437e-19 4.672704e-18
-2.500000e+00 -1.500000e+00 0.000000e+00 2.939182e-17 1.991177e-18 1.395592e-17
-2.500000e+00 -1.250000e+00 0.000000e+00 8.219083e-17 9.818435e-19 3.064662e-17
-2.500000e+00 -1.000000e+00 0.000000e+00 1.801065e-16 -6.633854e-18 4.945981e-17
-2.500000e+00 -7.500000e-01 0.000000e+00 3.146603e-16 -2.257002e-17 5.635677e-17
-2.500000e+00 -5.000000e-01 0.000000e+00 4.436554e-16 -4.168786e-17 3.795527e-17
-2.500000e+00 -2.500000e-01 0.000000e+00 5.091504e-16 -5.475603e-17 -3.389809e-18
-2.500000e+00 0.000000e+00 0.000000e+00 4.781508e-16 -5.570842e-17 -4.685126e-17
-2.500000e+00 2.500000e-01 0.000000e+00 3.681969e-16 -4.558950e-17 -6.951290e-17
-2.500000e+00 5.000000e-01 0.000000e+00 2.320722e-16 -3.043744e-17 -6.485680e-17
-2.500000e+00 7.500000e-01 0.000000e+00 1.189971e-16 -1.655839e-17 -4.410351e-17
-2.500000e+00 1.000000e+00 0.000000e+00 4.909444e-17 -7.242177e-18 -2.274973e-17
-2.500000e+00 1.250000e+00 0.000000e+00 1.602793e-17 -2.475023e-18 -8.970072e-18
-2.500000e+00 1.500000e+00 0.000000e+00 4.041758e-18 -6.245856e-19 -2.676329e-18
-2.500000e+00 1.750000e+00 0.000000e+00 7.585567e-19 -1.031107e-19 -5.870080e-19
-2.500000e+00 2.000000e+00 0.000000e+00 9.949668e-20 -7.860459e-21 -8.914563e-20
-2.500000e+00 2.250000e+00 0.000000e+00 8.228693e-21 9.347530e-23 -8.453344e-21
-2.500000e+00 2.500000e+00 0.000000e+00 4.859748e-22 -1.522083e-22 -5.695921e-22
-2.250000e+00 -2.500000e+00 0.000000e+00 1.601371e-19 -3.084732e-20 1.710570e-19
-2.250000e+00 -2.250000e+00 0.000000e+00 1.406674e-18 7.138310e-20 1.318202e-18
-2.250000e+00 -2.000000e+00 0.000000e+00 9.174106e-18 9.596922e-19 7.394945e-18
-2.250000e+00 -1.750000e+00 0.000000e+00 4.311465e-17 2.610334e-18 2.929006e-17
-2.250000e+00 -1.500000e+00 0.000000e+00 1.513813e-16 -1.186041e-18 8.434609e-17
-2.250000e+00 -1.250000e+00 0.000000e+00 4.102363e-16 -2.809080e-17 1.801074e-16
-2.250000e+00 -1.000000e+00 0.000000e+00 8.780626e-16 -9.852774e-17 2.848131e-16
-2.250000e+00 -7.500000e-01 0.000000e+00 1.509291e-15 -2.119231e-16 3.209986e-16
-2.250000e+00 -5.000000e-01 0.000000e+00 2.109591e-15 -3.332205e-16 2.183400e-16
-2.250000e+00 -2.500000e-01 0.000000e+00 2.419947e-15 -4.106375e-16 -8.999062e-18
-2.250000e+00 0.000000e+00 0.000000e+00 2.292017e-15 -4.101027e-16 -2.511493e-16
-2.250000e+00 2.500000e-01 0.000000e+00 1.796886e-15 -3.360795e-16 -3.859018e-16
-2.250000e+00 5.000000e-01 0.000000e+00 1.164106e-15 -2.255378e-16 -3.725932e-16
-2.250000e+00 7.500000e-01 0.000000e+00 6.191682e-16 -1.225887e-16 -2.640260e-16
-2.250000e+00 1.000000e+00 0.000000e+00 2.671736e-16 -5.314427e-17 -1.429123e-16
-2.250000e+00 1.250000e+00 0.000000e+00 9.189269e-17 -1.805033e-17 -5.943852e-17
-2.250000e+00 1.500000e+00 0.000000e+00 2.460096e-17 -4.691602e-18 -1.879023e-17
-2.250000e+00 1.750000e+00 0.000000e+00 4.968325e-18 -8.939817e-19 -4.409799e-18
-2.250000e+00 2.000000e+00 0.000000e+00 7.246620e-19 -1.127506e-19 -7.382483e-19
-2.250000e+00 2.250000e+00 0.000000e+00 7.137088e-20 -6.956135e-21 -8.231556e-20
-2.250000e+00 2.500000e+00 0.000000e+00 4.342714e-21 -1.346884e-22 -5.562839e-21
-2.000000e+00 -2.500000e+00 0.000000e+00 6.702090e-19 -2.592941e-20 8.506747e-19
-2.000000e+00 -2.250000e+00 0.000000e+00 5.938457e-18 6.204319e-19 6.605959e-18
-2.000000e+00 -2.000000e+00 0.000000e+00 3.687576e-17 2.841682e-18 3.532277e-17
-2.000000e+00 -1.750000e+00 0.000000e+00 1.655827e-16 -2.967619e-19 1.338490e-16
-2.000000e+00 -1.500000e+00 0.000000e+00 5.609464e-16 -4.388002e-17 3.722709e-16
-2.000000e+00 -1.250000e+00 0.000000e+00 1.478367e-15 -1.997423e-16 7.736489e-16
-2.000000e+00 -1.000000e+00 0.000000e+00 3.097739e-15 -5.330863e-16 1.198859e-15
-2.000000e+00 -7.500000e-01 0.000000e+00 5.245938e-15 -1.022276e-15 1.334847e-15
-2.000000e+00 -5.000000e-01 0.000000e+00 7.271703e-15 -1.526720e-15 9.107497e-16
-2.000000e+00 -2.500000e-01 0.000000e+00 8.330021e-15 -1.851935e-15 -1.000216e-17
-2.000000e+00 0.000000e+00 0.000000e+00 7.936536e-15 -1.861397e-15 -9.975346e-16
-2.000000e+00 2.500000e-01 0.000000e+00 6.306644e-15 -1.555354e-15 -1.571868e-15
-2.000000e+00 5.000000e-01 0.000000e+00 4.173416e-15 -1.070925e-15 -1.556971e-15
-2.000000e+00 7.500000e-01 0.000000e+00 2.284896e-15 -5.979189e-16 -1.139045e-15
-2.000000e+00 1.000000e+00 0.000000e+00 1.022399e-15 -2.654840e-16 -6.409568e-16
-2.000000e+00 1.250000e+00 0.000000e+00 3.671481e-16 -9.184978e-17 -2.788746e-16
-2.000000e+00 1.500000e+00 0.000000e+00 1.032623e-16 -2.426750e-17 -9.270551e-17
-2.000000e+00 1.750000e+00 0.000000e+00 2.205657e-17 -4.799402e-18 -2.300104e-17
-2.000000e+00 2.000000e+00 0.000000e+00 3.444112e-18 -6.908373e-19 -4.115894e-18
-2.000000e+00 2.250000e+00 0.000000e+00 3.752527e-19 -6.697644e-20 -5.062600e-19
-2.000000e+00 2.500000e+00 0.000000e+00 2.710506e-20 -3.429508e-21 -4.018886e-20
-1.750000e+00 -2.500000e+00 0.000000e+00 2.131205e-18 1.298100e-19 3.306943e-18
-1.750000e+00 -2.250000e+00 0.000000e+00 1.823792e-17 2.029778e-18 2.473363e-17
-1.750000e+00 -2.000000e+00 0.000000e+00 1.082236e-16 3.620390e-18 1.262250e-16
-1.750000e+00 -1.750000e+00 0.000000e+00 4.682624e-16 -3.001782e-17 4.606367e-16
-1.750000e+00 -1.500000e+00 0.000000e+00 1.540514e-15 -2.198243e-16 1.243816e-15
-1.750000e+00 -1.250000e+00 0.000000e+00 3.967044e-15 -7.739740e-16 2.525660e-15
-1.750000e+00 -1.000000e+00 0.000000e+00 8.167062e-15 -1.850192e-15 3.847672e-15
-1.750000e+00 -7.500000e-01 0.000000e+00 1.366327e-14 -3.353749e-15 4.242575e-15
-1.750000e+00 -5.000000e-01 0.000000e+00 1.881538e-14 -4.881613e-15 2.905151e-15
-1.750000e+00 -2.500000e-01 0.000000e+00 2.153689e-14 -5.893909e-15 4.535414e-17
-1.750000e+00 0.000000e+00 0.000000e+00 2.062662e-14 -5.985208e-15 -3.040369e-15
-1.750000e+00 2.500000e-01 0.000000e+00 1.657797e-14 -5.104391e-15 -4.898407e-15
-1.750000e+00 5.000000e-01 0.000000e+00 1.116583e-14 -3.610826e-15 -4.955222e-15
-1.750000e+00 7.500000e-01 0.000000e+00 6.261688e-15 -2.079591e-15 -3.720336e-15
-1.750000e+00 1.000000e+00 0.000000e+00 2.888176e-15 -9.541267e-16 -2.161310e-15
-1.750000e+00 1.250000e+00 0.000000e+00 1.075711e-15 -3.405798e-16 -9.766806e-16
-1.750000e+00 1.500000e+00 0.000000e+00 3.155681e-16 -9.228668e-17 -3.390652e-16
-1.750000e+00 1.750000e+00 0.000000e+00 7.063307e-17 -1.857296e-17 -8.826121e-17
-1.750000e+00 2.000000e+00 0.000000e+00 1.160152e-17 -2.753462e-18 -1.664471e-17
-1.750000e+00 2.250000e+00 0.000000e+00 1.339121e-18 -3.056174e-19 -2.176969e-18
-1.750000e+00 2.500000e+00 0.000000e+00 1.057713e-19 -2.491583e-20 -1.893569e-19
-1.500000e+00 -2.500000e+00 0.000000e+00 5.015816e-18 6.143208e-19 9.854350e-18
-1.500000e+00 -2.250000e+00 0.000000e+00 4.142496e-17 4.225875e-18 7.076313e-17
-1.500000e+00 -2.000000e+00 0.000000e+00 2.374435e-16 -3.390075e-18 3.478055e-16
-1.500000e+00 -1.750000e+00 0.000000e+00 9.987539e-16 -1.272115e-16 1.231953e-15
-1.500000e+00 -1.500000e+00 0.000000e+00 3.211567e-15 -6.702973e-16 3.248941e-15
-1.500000e+00 -1.250000e+00 0.000000e+00 8.121608e-15 -2.096749e-15 6.477965e-15
-1.500000e+00 -1.000000e+00 0.000000e+00 1.649491e-14 -4.705517e-15 9.743921e-15
-1.500000e+00 -7.500000e-01 0.000000e+00 2.735082e-14 -8.229705e-15 1.068110e-14
-1.500000e+00 -5.000000e-01 0.000000e+00 3.750949e-14 -1.177596e-14 7.370741e-15
-1.500000e+00 -2.500000e-01 0.000000e+00 4.297022e-14 -1.418315e-14 3.377934e-16
-1.500000e+00 0.000000e+00 0.000000e+00 4.139769e-14 -1.453392e-14 -7.311886e-15
-1.500000e+00 2.500000e-01 0.000000e+00 3.364354e-14 -1.261617e-14 -1.206685e-14
-1.500000e+00 5.000000e-01 0.000000e+00 2.303425e-14 -9.142090e-15 -1.244822e-14
-1.500000e+00 7.500000e-01 0.000000e+00 1.320076e-14 -5.420486e-15 -9.561132e-15
-1.500000e+00 1.000000e+00 0.000000e+00 6.256038e-15 -2.570308e-15 -5.709305e-15
-1.500000e+00 1.250000e+00 0.000000e+00 2.407232e-15 -9.501871e-16 -2.665916e-15
-1.500000e+00 1.500000e+00 0.000000e+00 7.335044e-16 -2.660525e-16 -9.614692e-16
-1.500000e+00 1.750000e+00 0.000000e+00 1.713309e-16 -5.472943e-17 -2.612970e-16
-1.500000e+00 2.000000e+00 0.000000e+00 2.943649e-17 -8.128082e-18 -5.163738e-17
-1.500000e+00 2.250000e+00 0.000000e+00 3.544182e-18 -9.137792e-19 -7.086263e-18
-1.500000e+00 2.500000e+00 0.000000e+00 2.904959e-19 -8.982108e-20 -6.472691e-19
-1.250000e+00 -2.500000e+00 0.000000e+00 8.790785e-18 1.530161e-18 2.288618e-17
-1.250000e+00 -2.250000e+00 0.000000e+00 7.090011e-17 6.453828e-18 1.591739e-16
-1.250000e+00 -2.000000e+00 0.000000e+00 3.970982e-16 -2.595392e-17 7.608624e-16
-1.250000e+00 -1.750000e+00 0.000000e+00 1.637322e-15 -3.245259e-16 2.635352e-15
-1.250000e+00 -1.500000e+00 0.000000e+00 5.178012e-15 -1.480196e-15 6.828008e-15
-1.250000e+00 -1.250000e+00 0.000000e+00 1.292329e-14 -4.319671e-15 1.343554e-14
-1.250000e+00 -1.000000e+00 0.000000e+00 2.600189e-14 -9.290671e-15 2.004416e-14
-1.250000e+00 -7.500000e-01 0.000000e+00 4.288471e-14 -1.581929e-14 2.194004e-14
-1.250000e+00 -5.000000e-01 0.000000e+00 5.874899e-14 -2.231181e-14 1.534729e-14
-1.250000e+00 -2.500000e-01 0.000000e+00 6.752895e-14 -2.678178e-14 1.278827e-15
-1.250000e+00 0.000000e+00 0.000000e+00 6.557918e-14 -2.761574e-14 -1.420608e-14
-1.250000e+00 2.500000e-01 0.000000e+00 5.397526e-14 -2.430991e-14 -2.415385e-14
-1.250000e+00 5.000000e-01 0.000000e+00 3.760069e-14 -1.797347e-14 -2.543376e-14
-1.250000e+00 7.500000e-01 0.000000e+00 2.202677e-14 -1.092874e-14 -1.996756e-14
-1.250000e+00 1.000000e+00 0.000000e+00 1.072011e-14 -5.338996e-15 -1.223027e-14
-1.250000e+00 1.250000e+00 0.000000e+00 4.256804e-15 -2.041218e-15 -5.883602e-15
-1.250000e+00 1.500000e+00 0.000000e+00 1.345643e-15 -5.918239e-16 -2.197101e-15
-1.250000e+00 1.750000e+00 0.000000e+00 3.278990e-16 -1.252499e-16 -6.216220e-16
-1.250000e+00 2.000000e+00 0.000000e+00 5.904340e-17 -1.866054e-17 -1.285559e-16
-1.250000e+00 2.250000e+00 0.000000e+00 7.443462e-18 -2.018669e-18 -1.850801e-17
-1.250000e+00 2.500000e+00 0.000000e+00 6.272035e-19 -2.071429e-19 -1.760365e-18
-1.000000e+00 -2.500000e+00 0.000000e+00 1.160723e-17 2.784456e-18 4.256125e-17
-1.000000e+00 -2.250000e+00 0.000000e+00 9.283499e-17 8.083688e-18 2.898229e-16
-1.000000e+00 -2.000000e+00 0.000000e+00 5.137054e-16 -6.271564e-17 1.359174e-15
-1.000000e+00 -1.750000e+00 0.000000e+00 2.092070e-15 -5.955590e-16 4.633933e-15
-1.000000e+00 -1.500000e+00 0.000000e+00 6.543872e-15 -2.515118e-15 1.185889e-14
-1.000000e+00 -1.250000e+00 0.000000e+00 1.619404e-14 -7.020508e-15 2.313650e-14
-1.000000e+00 -1.000000e+00 0.000000e+00 3.241110e-14 -1.463893e-14 3.438201e-14
-1.000000e+00 -7.500000e-01 0.000000e+00 5.337139e-14 -2.438157e-14 3.774465e-14
-1.000000e+00 -5.000000e-01 0.000000e+00 7.329831e-14 -3.391443e-14 2.692980e-14
-1.000000e+00 -2.500000e-01 0.000000e+00 8.483262e-14 -4.049206e-14 3.467121e-15
-1.000000e+00 0.000000e+00 0.000000e+00 8.332519e-14 -4.187685e-14 -2.279507e-14
-1.000000e+00 2.500000e-01 0.000000e+00 6.967696e-14 -3.723746e-14 -4.028970e-14
-1.000000e+00 5.000000e-01 0.000000e+00 4.952627e-14 -2.796889e-14 -4.341680e-14
-1.000000e+00 7.500000e-01 0.000000e+00 2.972290e-14 -1.735858e-14 -3.486567e-14
-1.000000e+00 1.000000e+00 0.000000e+00 1.487845e-14 -8.693646e-15 -2.189494e-14
-1.000000e+00 1.250000e+00 0.000000e+00 6.102422e-15 -3.421354e-15 -1.083664e-14
-1.000000e+00 1.500000e+00 0.000000e+00 2.002632e-15 -1.023805e-15 -4.181947e-15
-1.000000e+00 1.750000e+00 0.000000e+00 5.098355e-16 -2.229670e-16 -1.229644e-15
-1.000000e+00 2.000000e+00 0.000000e+00 9.665423e-17 -3.346541e-17 -2.661141e-16
-1.000000e+00 2.250000e+00 0.000000e+00 1.291312e-17 -3.424055e-18 -4.037081e-17
-1.000000e+00 2.500000e+00 0.000000e+00 1.143703e-18 -3.354988e-19 -4.042994e-18
-7.500000e-01 -2.500000e+00 0.000000e+00 1.165139e-17 4.076192e-18 6.537836e-17
-7.500000e-01 -2.250000e+00 0.000000e+00 9.388525e-17 9.750161e-18 4.400871e-16
-7.500000e-01 -2.000000e+00 0.000000e+00 5.182812e-16 -9.499404e-17 2.039369e-15
-7.500000e-01 -1.750000e+00 0.000000e+00 2.097825e-15 -8.243732e-16 6.881591e-15
-7.500000e-01 -1.500000e+00 0.000000e+00 6.520595e-15 -3.349567e-15 1.747418e-14
-7.500000e-01 -1.250000e+00 0.000000e+00 1.606483e-14 -9.093931e-15 3.393743e-14
-7.500000e-01 -1.000000e+00 0.000000e+00 3.210680e-14 -1.853842e-14 5.042100e-14
-7.500000e-01 -7.500000e-01 0.000000e+00 5.299169e-14 -3.031069e-14 5.572119e-14
-7.500000e-01 -5.000000e-01 0.000000e+00 7.324890e-14 -4.159480e-14 4.073947e-14
-7.500000e-01 -2.500000e-01 0.000000e+00 8.570348e-14 -4.930052e-14 7.297862e-15
-7.500000e-01 0.000000e+00 0.000000e+00 8.548259e-14 -5.096282e-14 -3.094489e-14
-7.500000e-01 2.500000e-01 0.000000e+00 7.289260e-14 -4.557462e-14 -5.743476e-14
-7.500000e-01 5.000000e-01 0.000000e+00 5.303313e-14 -3.459361e-14 -6.351614e-14
-7.500000e-01 7.500000e-01 0.000000e+00 3.268388e-14 -2.178195e-14 -5.221852e-14
-7.500000e-01 1.000000e+00 0.000000e+00 1.685165e-14 -1.110516e-14 -3.360949e-14
-7.500000e-01 1.250000e+00 0.000000e+00 7.142683e-15 -4.462391e-15 -1.709164e-14
-7.500000e-01 1.500000e+00 0.000000e+00 2.432736e-15 -1.365578e-15 -6.801815e-15
-7.500000e-01 1.750000e+00 0.000000e+00 6.467393e-16 -3.029745e-16 -2.073286e-15
-7.500000e-01 2.000000e+00 0.000000e+00 1.291844e-16 -4.528738e-17 -4.686315e-16
-7.500000e-01 2.250000e+00 0.000000e+00 1.840139e-17 -4.260467e-18 -7.499709e-17
-7.500000e-01 2.500000e+00 0.000000e+00 1.750432e-18 -3.739264e-19 -7.989899e-18
-5.000000e-01 -2.500000e+00 0.000000e+00 8.880258e-18 5.012959e-18 8.580698e-17
-5.000000e-01 -2.250000e+00 0.000000e+00 7.293041e-17 1.319273e-17 5.747612e-16
-5.000000e-01 -2.000000e+00 0.000000e+00 4.038069e-16 -9.361626e-17 2.645160e-15
-5.000000e-01 -1.750000e+00 0.000000e+00 1.629476e-15 -8.504522e-16 8.870178e-15
-5.000000e-01 -1.500000e+00 0.000000e+00 5.045941e-15 -3.439901e-15 2.242695e-14
-5.000000e-01 -1.250000e+00 0.000000e+00 1.241110e-14 -9.223250e-15 4.349079e-14
-5.000000e-01 -1.000000e+00 0.000000e+00 2.484746e-14 -1.852721e-14 6.476615e-14
-5.000000e-01 -7.500000e-01 0.000000e+00 4.124481e-14 -2.984896e-14 7.219949e-14
-5.000000e-01 -5.000000e-01 0.000000e+00 5.757840e-14 -4.043341e-14 5.413954e-14
-5.000000e-01 -2.500000e-01 0.000000e+00 6.832288e-14 -4.747382e-14 1.231917e-14
-5.000000e-01 0.000000e+00 0.000000e+00 6.937971e-14 -4.882563e-14 -3.663966e-14
-5.000000e-01 2.500000e-01 0.000000e+00 6.043123e-14 -4.361810e-14 -7.185141e-14
-5.000000e-01 5.000000e-01 0.000000e+00 4.502815e-14 -3.317644e-14 -8.157003e-14
-5.000000e-01 7.500000e-01 0.000000e+00 2.847787e-14 -2.097793e-14 -6.857221e-14
-5.000000e-01 1.000000e+00 0.000000e+00 1.509468e-14 -1.075522e-14 -4.513119e-14
-5.000000e-01 1.250000e+00 0.000000e+00 6.590872e-15 -4.346060e-15 -2.350308e-14
-5.000000e-01 1.500000e+00 0.000000e+00 2.319413e-15 -1.332516e-15 -9.603559e-15
-5.000000e-01 1.750000e+00 0.000000e+00 6.401480e-16 -2.918379e-16 -3.018183e-15
-5.000000e-01 2.000000e+00 0.000000e+00 1.337668e-16 -4.087313e-17 -7.079636e-16
-5.000000e-01 2.250000e+00 0.000000e+00 2.016913e-17 -2.964196e-18 -1.187159e-16
-5.000000e-01 2.500000e+00 0.000000e+00 2.058662e-18 -1.913377e-19 -1.340765e-17
-2.500000e-01 -2.500000e+00 0.000000e+00 4.824484e-18 5.292094e-18 9.959055e-17
-2.500000e-01 -2.250000e+00 0.000000e+00 4.006022e-17 1.919005e-17 6.654413e-16
-2.500000e-01 -2.000000e+00 0.000000e+00 2.203787e-16 -4.234904e-17 3.049332e-15
-2.500000e-01 -1.750000e+00 0.000000e+00 8.805359e-16 -5.858392e-16 1.018767e-14
-2.500000e-01 -1.500000e+00 0.000000e+00 2.707022e-15 -2.501744e-15 2.570615e-14
-2.500000e-01 -1.250000e+00 0.000000e+00 6.642783e-15 -6.764506e-15 4.986363e-14
-2.500000e-01 -1.000000e+00 0.000000e+00 1.333760e-14 -1.350141e-14 7.449930e-14
-2.500000e-01 -7.500000e-01 0.000000e+00 2.230585e-14 -2.147803e-14 8.372169e-14
-2.500000e-01 -5.000000e-01 0.000000e+00 3.148983e-14 -2.864587e-14 6.406977e-14
-2.500000e-01 -2.500000e-01 0.000000e+00 3.789193e-14 -3.306975e-14 1.693110e-14
-2.500000e-01 0.000000e+00 0.000000e+00 3.909631e-14 -3.340539e-14 -3.936011e-14
-2.500000e-01 2.500000e-01 0.000000e+00 3.464694e-14 -2.927031e-14 -8.102063e-14
-2.500000e-01 5.000000e-01 0.000000e+00 2.629007e-14 -2.179128e-14 -9.392730e-14
-2.500000e-01 7.500000e-01 0.000000e+00 1.694573e-14 -1.344452e-14 -8.030128e-14
-2.500000e-01 1.000000e+00 0.000000e+00 9.162458e-15 -6.687028e-15 -5.371765e-14
-2.500000e-01 1.250000e+00 0.000000e+00 4.086185e-15 -2.588370e-15 -2.845245e-14
-2.500000e-01 1.500000e+00 0.000000e+00 1.471634e-15 -7.358804e-16 -1.184333e-14
-2.500000e-01 1.750000e+00 0.000000e+00 4.170161e-16 -1.352690e-16 -3.802111e-15
-2.500000e-01 2.000000e+00 0.000000e+00 8.996482e-17 -9.538120e-18 -9.150485e-16
-2.500000e-01 2.250000e+00 0.000000e+00 1.413826e-17 1.712059e-18 -1.585130e-16
-2.500000e-01 2.500000e+00 0.000000e+00 1.525035e-18 2.803985e-19 -1.866424e-17
0.000000e+00 -2.500000e+00 0.000000e+00 7.289964e-19 4.819351e-18 1.051776e-16
0.000000e+00 -2.250000e+00 0.000000e+00 4.824279e-18 2.552431e-17 7.000040e-16
0.000000e+00 -2.000000e+00 0.000000e+00 1.952390e-17 4.171161e-17 3.195372e-15
0.000000e+00 -1.750000e+00 0.000000e+00 5.632160e-17 -1.104787e-16 1.064901e-14
0.000000e+00 -1.500000e+00 0.000000e+00 1.307514e-16 -7.970872e-16 2.684709e-14
0.000000e+00 -1.250000e+00 0.000000e+00 2.702725e-16 -2.362086e-15 5.211381e-14
0.000000e+00 -1.000000e+00 0.000000e+00 5.186349e-16 -4.712686e-15 7.803973e-14
0.000000e+00 -7.500000e-01 0.000000e+00 8.985443e-16 -7.189515e-15 8.808687e-14
0.000000e+00 -5.000000e-01 0.000000e+00 1.338793e-15 -8.916321e-15 6.805057e-14
0.000000e+00 -2.500000e-01 0.000000e+00 1.662633e-15 -9.228542e-15 1.905649e-14
0.000000e+00 0.000000e+00 0.000000e+00 1.703713e-15 -7.916126e-15 -3.999743e-14
0.000000e+00 2.500000e-01 0.000000e+00 1.446449e-15 -5.381718e-15 -8.421165e-14
0.000000e+00 5.000000e-01 0.000000e+00 1.029800e-15 -2.588838e-15 -9.848556e-14
0.000000e+00 7.500000e-01 0.000000e+00 6.236655e-16 -5.263321e-16 -8.475880e-14
0.000000e+00 1.000000e+00 0.000000e+00 3.240689e-16 4.214192e-16 -5.705933e-14
0.000000e+00 1.250000e+00 0.000000e+00 1.436982e-16 5.421392e-16 -3.042501e-14
0.000000e+00 1.500000e+00 0.000000e+00 5.327861e-17 3.423685e-16 -1.275969e-14
0.000000e+00 1.750000e+00 0.000000e+00 1.609283e-17 1.473141e-16 -4.132613e-15
0.000000e+00 2.000000e+00 0.000000e+00 3.894163e-18 4.481992e-17 -1.005476e-15
0.000000e+00 2.250000e+00 0.000000e+00 7.516018e-19 9.008498e-18 -1.766330e-16
0.000000e+00 2.500000e+00 0.000000e+00 1.118985e-19 9.155557e-19 -2.117884e-17
2.500000e-01 -2.500000e+00 0.000000e+00 -3.400627e-18 3.726455e-18 1.024100e-16
2.500000e-01 -2.250000e+00 0.000000e+00 -3.031711e-17 2.798297e-17 6.770466e-16
2.500000e-01 -2.000000e+00 0.000000e+00 -1.784858e-16 1.156550e-16 3.077766e-15
2.500000e-01 -1.750000e+00 0.000000e+00 -7.499194e-16 3.609765e-16 1.023770e-14
2.500000e-01 -1.500000e+00 0.000000e+00 -2.380893e-15 9.707027e-16 2.579949e-14
2.500000e-01 -1.250000e+00 0.000000e+00 -5.945199e-15 2.304268e-15 5.009127e-14
2.500000e-01 -1.000000e+00 0.000000e+00 -1.202449e-14 4.731096e-15 7.501310e-14
2.500000e-01 -7.500000e-01 0.000000e+00 -2.014962e-14 8.327628e-15 8.457037e-14
2.500000e-01 -5.000000e-01 0.000000e+00 -2.846864e-14 1.271590e-14 6.501754e-14
2.500000e-01 -2.500000e-01 0.000000e+00 -3.434404e-14 1.713184e-14 1.754548e-14
2.500000e-01 0.000000e+00 0.000000e+00 -3.563283e-14 2.044151e-14 -3.936084e-14
2.500000e-01 2.500000e-01 0.000000e+00 -3.183420e-14 2.128701e-14 -8.154924e-14
2.500000e-01 5.000000e-01 0.000000e+00 -2.437589e-14 1.887529e-14 -9.466624e-14
2.500000e-01 7.500000e-01 0.000000e+00 -1.584323e-14 1.391010e-14 -8.097468e-14
2.500000e-01 1.000000e+00 0.000000e+00 -8.621540e-15 8.353201e-15 -5.420710e-14
2.500000e-01 1.250000e+00 0.000000e+00 -3.861238e-15 4.022414e-15 -2.875311e-14
2.500000e-01 1.500000e+00 0.000000e+00 -1.393837e-15 1.530503e-15 -1.199854e-14
2.500000e-01 1.750000e+00 0.000000e+00 -3.951781e-16 4.521799e-16 -3.866955e-15
2.500000e-01 2.000000e+00 0.000000e+00 -8.503448e-17 1.006702e-16 -9.359718e-16
2.500000e-01 2.250000e+00 0.000000e+00 -1.322588e-17 1.574519e-17 -1.634558e-16
2.500000e-01 2.500000e+00 0.000000e+00 -1.388171e-18 1.400235e-18 -1.945606e-17
5.000000e-01 -2.500000e+00 0.000000e+00 -7.726887e-18 2.345896e-18 9.119144e-17
5.000000e-01 -2.250000e+00 0.000000e+00 -6.432292e-17 2.420536e-17 5.987781e-16
5.000000e-01 -2.000000e+00 0.000000e+00 -3.618242e-16 1.437591e-16 2.713066e-15
5.000000e-01 -1.750000e+00 0.000000e+00 -1.480305e-15 6.286303e-16 9.016624e-15
5.000000e-01 -1.500000e+00 0.000000e+00 -4.633761e-15 2.107614e-15 2.272447e-14
5.000000e-01 -1.250000e+00 0.000000e+00 -1.148998e-14 5.513606e-15 4.410757e-14
5.000000e-01 -1.000000e+00 0.000000e+00 -2.314623e-14 1.154157e-14 6.590903e-14
5.000000e-01 -7.500000e-01 0.000000e+00 -3.862292e-14 1.995800e-14 7.383078e-14
5.000000e-01 -5.000000e-01 0.000000e+00 -5.419817e-14 2.944318e-14 5.573230e-14
5.000000e-01 -2.500000e-01 0.000000e+00 -6.468133e-14 3.794460e-14 1.310277e-14
5.000000e-01 0.000000e+00 0.000000e+00 -6.610934e-14 4.301132e-14 -3.705519e-14
5.000000e-01 2.500000e-01 0.000000e+00 -5.798951e-14 4.242229e-14 -7.316493e-14
5.000000e-01 5.000000e-01 0.000000e+00 -4.351864e-14 3.565624e-14 -8.312510e-14
5.000000e-01 7.500000e-01 0.000000e+00 -2.771158e-14 2.497059e-14 -6.987062e-14
5.000000e-01 1.000000e+00 0.000000e+00 -1.478167e-14 1.427388e-14 -4.601043e-14
5.000000e-01 1.250000e+00 0.000000e+00 -6.492915e-15 6.533786e-15 -2.401208e-14
5.000000e-01 1.500000e+00 0.000000e+00 -2.298862e-15 2.347799e-15 -9.854591e-15
5.000000e-01 1.750000e+00 0.000000e+00 -6.386863e-16 6.464253e-16 -3.119613e-15
5.000000e-01 2.000000e+00 0.000000e+00 -1.344206e-16 1.315237e-16 -7.398059e-16
5.000000e-01 2.250000e+00 0.000000e+00 -2.039861e-17 1.843384e-17 -1.260213e-16
5.000000e-01 2.500000e+00 0.000000e+00 -2.086352e-18 1.474230e-18 -1.453223e-17
7.500000e-01 -2.500000e+00 0.000000e+00 -1.121004e-17 1.103755e-18 7.238105e-17
7.500000e-01 -2.250000e+00 0.000000e+00 -8.965610e-17 1.606702e-17 4.741957e-16
7.500000e-01 -2.000000e+00 0.000000e+00 -4.924082e-16 1.231973e-16 2.148604e-15
7.500000e-01 -1.750000e+00 0.000000e+00 -1.989528e-15 6.361903e-16 7.150368e-15
7.500000e-01 -1.500000e+00 0.000000e+00 -6.190161e-15 2.343624e-15 1.804660e-14
7.500000e-01 -1.250000e+00 0.000000e+00 -1.529573e-14 6.459699e-15 3.503062e-14
7.500000e-01 -1.000000e+00 0.000000e+00 -3.069635e-14 1.394190e-14 5.218889e-14
7.500000e-01 -7.500000e-01 0.000000e+00 -5.090605e-14 2.456505e-14 5.792038e-14
7.500000e-01 -5.000000e-01 0.000000e+00 -7.072077e-14 3.659795e-14 4.255638e-14
7.500000e-01 -2.500000e-01 0.000000e+00 -8.316529e-14 4.719608e-14 7.783831e-15
7.500000e-01 0.000000e+00 0.000000e+00 -8.336197e-14 5.304100e-14 -3.209866e-14
7.500000e-01 2.500000e-01 0.000000e+00 -7.142645e-14 5.148504e-14 -5.963771e-14
7.500000e-01 5.000000e-01 0.000000e+00 -5.221375e-14 4.238748e-14 -6.582078e-14
7.500000e-01 7.500000e-01 0.000000e+00 -3.233722e-14 2.899623e-14 -5.399565e-14
7.500000e-01 1.000000e+00 0.000000e+00 -1.676354e-14 1.615286e-14 -3.472619e-14
7.500000e-01 1.250000e+00 0.000000e+00 -7.151114e-15 7.180717e-15 -1.769151e-14
7.500000e-01 1.500000e+00 0.000000e+00 -2.455312e-15 2.490490e-15 -7.078206e-15
7.500000e-01 1.750000e+00 0.000000e+00 -6.595842e-16 6.548968e-16 -2.178665e-15
7.500000e-01 2.000000e+00 0.000000e+00 -1.335385e-16 1.251792e-16 -5.000228e-16
7.500000e-01 2.250000e+00 0.000000e+00 -1.933975e-17 1.612290e-17 -8.180084e-17
7.500000e-01 2.500000e+00 0.000000e+00 -1.871523e-18 1.165363e-18 -8.962190e-18
1.000000e+00 -2.500000e+00 0.000000e+00 -1.209684e-17 2.985360e-19 4.951713e-17
1.000000e+00 -2.250000e+00 0.000000e+00 -9.516884e-17 7.789029e-18 3.265648e-16
1.000000e+00 -2.000000e+00 0.000000e+00 -5.182143e-16 7.850250e-17 1.488195e-15
1.000000e+00 -1.750000e+00 0.000000e+00 -2.087292e-15 4.710004e-16 4.977757e-15
1.000000e+00 -1.500000e+00 0.000000e+00 -6.491778e-15 1.889886e-15 1.261284e-14
1.000000e+00 -1.250000e+00 0.000000e+00 -1.603987e-14 5.495383e-15 2.452725e-14
1.000000e+00 -1.000000e+00 0.000000e+00 -3.213760e-14 1.230495e-14 3.646979e-14
1.000000e+00 -7.500000e-01 0.000000e+00 -5.305107e-14 2.225404e-14 4.010772e-14
1.000000e+00 -5.000000e-01 0.000000e+00 -7.306381e-14 3.371446e-14 2.861232e-14
1.000000e+00 -2.500000e-01 0.000000e+00 -8.477307e-14 4.377847e-14 3.528400e-15
1.000000e+00 0.000000e+00 0.000000e+00 -8.342384e-14 4.906670e-14 -2.451266e-14
1.000000e+00 2.500000e-01 0.000000e+00 -6.985378e-14 4.712567e-14 -4.301216e-14
1.000000e+00 5.000000e-01 0.000000e+00 -4.971439e-14 3.817832e-14 -4.608201e-14
1.000000e+00 7.500000e-01 0.000000e+00 -2.989100e-14 2.560019e-14 -3.682571e-14
1.000000e+00 1.000000e+00 0.000000e+00 -1.501122e-14 1.393038e-14 -2.306464e-14
1.000000e+00 1.250000e+00 0.000000e+00 -6.190718e-15 6.023067e-15 -1.142652e-14
1.000000e+00 1.500000e+00 0.000000e+00 -2.049144e-15 2.018851e-15 -4.434901e-15
1.000000e+00 1.750000e+00 0.000000e+00 -5.283178e-16 5.080722e-16 -1.319146e-15
1.000000e+00 2.000000e+00 0.000000e+00 -1.019371e-16 9.160529e-17 -2.907870e-16
1.000000e+00 2.250000e+00 0.000000e+00 -1.393049e-17 1.091657e-17 -4.527080e-17
1.000000e+00 2.500000e+00 0.000000e+00 -1.262610e-18 7.230015e-19 -4.670502e-18
1.250000e+00 -2.500000e+00 0.000000e+00 -9.876331e-18 -4.907009e-20 2.821899e-17
1.250000e+00 -2.250000e+00 0.000000e+00 -7.808847e-17 2.336853e-18 1.895898e-16
1.250000e+00 -2.000000e+00 0.000000e+00 -4.276350e-16 3.696999e-17 8.755989e-16
1.250000e+00 -1.750000e+00 0.000000e+00 -1.732798e-15 2.667464e-16 2.958262e-15
1.250000e+00 -1.500000e+00 0.000000e+00 -5.419600e-15 1.180658e-15 7.552584e-15
1.250000e+00 -1.250000e+00 0.000000e+00 -1.344788e-14 3.649568e-15 1.475687e-14
1.250000e+00 -1.000000e+00 0.000000e+00 -2.699571e-14 8.520549e-15 2.195754e-14
1.250000e+00 -7.500000e-01 0.000000e+00 -4.450460e-14 1.586130e-14 2.399270e-14
1.250000e+00 -5.000000e-01 0.000000e+00 -6.097192e-14 2.446165e-14 1.666792e-14
1.250000e+00 -2.500000e-01 0.000000e+00 -7.005765e-14 3.199214e-14 1.095108e-15
1.250000e+00 0.000000e+00 0.000000e+00 -6.795048e-14 3.576519e-14 -1.594344e-14
1.250000e+00 2.500000e-01 0.000000e+00 -5.581671e-14 3.399538e-14 -2.670929e-14
1.250000e+00 5.000000e-01 0.000000e+00 -3.880397e-14 2.709887e-14 -2.786588e-14
1.250000e+00 7.500000e-01 0.000000e+00 -2.270697e-14 1.779860e-14 -2.172103e-14
1.250000e+00 1.000000e+00 0.000000e+00 -1.106300e-14 9.445634e-15 -1.325013e-14
1.250000e+00 1.250000e+00 0.000000e+00 -4.412373e-15 3.962591e-15 -6.377295e-15
1.250000e+00 1.500000e+00 0.000000e+00 -1.407182e-15 1.279965e-15 -2.396575e-15
1.250000e+00 1.750000e+00 0.000000e+00 -3.477861e-16 3.075398e-16 -6.870370e-16
1.250000e+00 2.000000e+00 0.000000e+00 -6.388871e-17 5.229119e-17 -1.450340e-16
1.250000e+00 2.250000e+00 0.000000e+00 -8.253568e-18 5.802450e-18 -2.145201e-17
1.250000e+00 2.500000e+00 0.000000e+00 -7.095002e-19 3.635565e-19 -2.093531e-18
1.500000e+00 -2.500000e+00 0.000000e+00 -6.074083e-18 -1.131774e-19 1.297366e-17
1.500000e+00 -2.250000e+00 0.000000e+00 -4.919342e-17 1.308445e-20 9.006801e-17
1.500000e+00 -2.000000e+00 0.000000e+00 -2.745606e-16 1.165125e-17 4.254544e-16
1.500000e+00 -1.750000e+00 0.000000e+00 -1.129061e-15 1.135430e-16 1.460457e-15
1.500000e+00 -1.500000e+00 0.000000e+00 -3.573019e-15 5.727987e-16 3.773034e-15
1.500000e+00 -1.250000e+00 0.000000e+00 -8.945913e-15 1.909172e-15 7.434506e-15
1.500000e+00 -1.000000e+00 0.000000e+00 -1.806539e-14 4.678851e-15 1.110978e-14
1.500000e+00 -7.500000e-01 0.000000e+00 -2.985553e-14 8.987745e-15 1.211062e-14
1.500000e+00 -5.000000e-01 0.000000e+00 -4.084240e-14 1.411159e-14 8.244180e-15
1.500000e+00 -2.500000e-01 0.000000e+00 -4.665833e-14 1.856999e-14 1.332774e-16
1.500000e+00 0.000000e+00 0.000000e+00 -4.478989e-14 2.068134e-14 -8.602552e-15
1.500000e+00 2.500000e-01 0.000000e+00 -3.624597e-14 1.942992e-14 -1.391588e-14
1.500000e+00 5.000000e-01 0.000000e+00 -2.471396e-14 1.521621e-14 -1.419433e-14
1.500000e+00 7.500000e-01 0.000000e+00 -1.412501e-14 9.768613e-15 -1.081367e-14
1.500000e+00 1.000000e+00 0.000000e+00 -6.695307e-15 5.041501e-15 -6.429531e-15
1.500000e+00 1.250000e+00 0.000000e+00 -2.587881e-15 2.044825e-15 -3.005424e-15
1.500000e+00 1.500000e+00 0.000000e+00 -7.964229e-16 6.340786e-16 -1.092279e-15
1.500000e+00 1.750000e+00 0.000000e+00 -1.890221e-16 1.450120e-16 -3.013230e-16
1.500000e+00 2.000000e+00 0.000000e+00 -3.318350e-17 2.325521e-17 -6.086848e-17
1.500000e+00 2.250000e+00 0.000000e+00 -4.091408e-18 2.425509e-18 -8.574877e-18
1.500000e+00 2.500000e+00 0.000000e+00 -3.404876e-19 1.485466e-19 -7.998753e-19
1.750000e+00 -2.500000e+00 0.000000e+00 -2.782027e-18 -7.700100e-20 4.666679e-18
1.750000e+00 -2.250000e+00 0.000000e+00 -2.347510e-17 -4.302943e-19 3.402153e-17
1.750000e+00 -2.000000e+00 0.000000e+00 -1.353174e-16 1.369398e-18 1.662181e-16
1.750000e+00 -1.750000e+00 0.000000e+00 -5.696760e-16 3.319338e-17 5.836081e-16
1.750000e+00 -1.500000e+00 0.000000e+00 -1.835140e-15 2.076459e-16 1.532572e-15
1.750000e+00 -1.250000e+00 0.000000e+00 -4.657988e-15 7.689014e-16 3.056945e-15
1.750000e+00 -1.000000e+00 0.000000e+00 -9.500371e-15 2.004694e-15 4.605130e-15
1.750000e+00 -7.500000e-01 0.000000e+00 -1.579631e-14 3.996944e-15 5.029906e-15
1.750000e+00 -5.000000e-01 0.000000e+00 -2.165083e-14 6.400495e-15 3.378924e-15
1.750000e+00 -2.500000e-01 0.000000e+00 -2.467137e-14 8.472744e-15 -7.939801e-17
1.750000e+00 0.000000e+00 0.000000e+00 -2.351302e-14 9.389322e-15 -3.765942e-15
1.750000e+00 2.500000e-01 0.000000e+00 -1.879987e-14 8.704331e-15 -5.933697e-15
1.750000e+00 5.000000e-01 0.000000e+00 -1.260383e-14 6.682447e-15 -5.933557e-15
1.750000e+00 7.500000e-01 0.000000e+00 -7.049361e-15 4.181633e-15 -4.421302e-15
1.750000e+00 1.000000e+00 0.000000e+00 -3.254607e-15 2.091522e-15 -2.560593e-15
1.750000e+00 1.250000e+00 0.000000e+00 -1.219528e-15 8.169752e-16 -1.160317e-15
1.750000e+00 1.500000e+00 0.000000e+00 -3.620894e-16 2.422672e-16 -4.067215e-16
1.750000e+00 1.750000e+00 0.000000e+00 -8.252493e-17 5.259532e-17 -1.076569e-16
1.750000e+00 2.000000e+00 0.000000e+00 -1.386664e-17 7.957998e-18 -2.076926e-17
1.750000e+00 2.250000e+00 0.000000e+00 -1.638824e-18 7.834719e-19 -2.787568e-18
1.750000e+00 2.500000e+00 0.000000e+00 -1.320322e-19 4.592404e-20 -2.486320e-19
2.000000e+00 -2.500000e+00 0.000000e+00 -9.368580e-19 -3.720235e-20 1.276085e-18
2.000000e+00 -2.250000e+00 0.000000e+00 -8.328686e-18 -2.564513e-19 9.916099e-18
2.000000e+00 -2.000000e+00 0.000000e+00 -5.030691e-17 -7.891618e-19 5.083207e-17
2.000000e+00 -1.750000e+00 0.000000e+00 -2.189050e-16 4.624720e-18 1.840459e-16
2.000000e+00 -1.500000e+00 0.000000e+00 -7.222084e-16 5.066176e-17 4.934784e-16
2.000000e+00 -1.250000e+00 0.000000e+00 -1.866478e-15 2.249683e-16 9.995634e-16
2.000000e+00 -1.000000e+00 0.000000e+00 -3.858602e-15 6.434545e-16 1.522611e-15
2.000000e+00 -7.500000e-01 0.000000e+00 -6.474774e-15 1.350933e-15 1.672234e-15
2.000000e+00 -5.000000e-01 0.000000e+00 -8.915303e-15 2.221053e-15 1.114618e-15
2.000000e+00 -2.500000e-01 0.000000e+00 -1.015582e-14 2.964881e-15 -6.250330e-17
2.000000e+00 0.000000e+00 0.000000e+00 -9.625257e-15 3.269686e-15 -1.309030e-15
2.000000e+00 2.500000e-01 0.000000e+00 -7.611163e-15 2.987186e-15 -2.018269e-15
2.000000e+00 5.000000e-01 0.000000e+00 -5.017937e-15 2.243161e-15 -1.979288e-15
2.000000e+00 7.500000e-01 0.000000e+00 -2.744058e-15 1.364163e-15 -1.440107e-15
2.000000e+00 1.000000e+00 0.000000e+00 -1.231505e-15 6.589369e-16 -8.097178e-16
2.000000e+00 1.250000e+00 0.000000e+00 -4.459589e-16 2.469435e-16 -3.540539e-16
2.000000e+00 1.500000e+00 0.000000e+00 -1.272401e-16 6.977487e-17 -1.190499e-16
2.000000e+00 1.750000e+00 0.000000e+00 -2.772531e-17 1.433029e-17 -3.006902e-17
2.000000e+00 2.000000e+00 0.000000e+00 -4.436227e-18 2.033566e-18 -5.510378e-18
2.000000e+00 2.250000e+00 0.000000e+00 -4.976012e-19 1.837088e-19 -6.992054e-19
2.000000e+00 2.500000e+00 0.000000e+00 -3.758977e-20 8.599123e-21 -5.833420e-20
2.250000e+00 -2.500000e+00 0.000000e+00 -2.331340e-19 -1.593870e-20 2.618850e-19
2.250000e+00 -2.250000e+00 0.000000e+00 -2.146673e-18 -8.491866e-20 2.156408e-18
2.250000e+00 -2.000000e+00 0.000000e+00 -1.378695e-17 -4.954456e-19 1.181008e-17
2.250000e+00 -1.750000e+00 0.000000e+00 -6.275014e-17 -8.518614e-19 4.460968e-17
2.250000e+00 -1.500000e+00 0.000000e+00 -2.134909e-16 5.659675e-18 1.227515e-16
2.250000e+00 -1.250000e+00 0.000000e+00 -5.640258e-16 4.161742e-17 2.529849e-16
2.250000e+00 -1.000000e+00 0.000000e+00 -1.185077e-15 1.422727e-16 3.901132e-16
2.250000e+00 -7.500000e-01 0.000000e+00 -2.011131e-15 3.262702e-16 4.313140e-16
2.250000e+00 -5.000000e-01 0.000000e+00 -2.786413e-15 5.607071e-16 2.855147e-16
2.250000e+00 -2.500000e-01 0.000000e+00 -3.176085e-15 7.613813e-16 -2.564908e-17
2.250000e+00 0.000000e+00 0.000000e+00 -2.993538e-15 8.385676e-16 -3.530831e-16
2.250000e+00 2.500000e-01 0.000000e+00 -2.338428e-15 7.554257e-16 -5.322901e-16
2.250000e+00 5.000000e-01 0.000000e+00 -1.512293e-15 5.541995e-16 -5.103738e-16
2.250000e+00 7.500000e-01 0.000000e+00 -8.053412e-16 3.268161e-16 -3.607796e-16
2.250000e+00 1.000000e+00 0.000000e+00 -3.493999e-16 1.520288e-16 -1.956138e-16
2.250000e+00 1.250000e+00 0.000000e+00 -1.214489e-16 5.448357e-17 -8.188696e-17
2.250000e+00 1.500000e+00 0.000000e+00 -3.303951e-17 1.460097e-17 -2.619850e-17
2.250000e+00 1.750000e+00 0.000000e+00 -6.820099e-18 2.807613e-18 -6.263780e-18
2.250000e+00 2.000000e+00 0.000000e+00 -1.025366e-18 3.611039e-19 -1.079639e-18
2.250000e+00 2.250000e+00 0.000000e+00 -1.062202e-19 2.597828e-20 -1.268986e-19
2.250000e+00 2.500000e+00 0.000000e+00 -7.132273e-21 1.877245e-22 -9.490298e-21
2.500000e+00 -2.500000e+00 0.000000e+00 -4.701139e-20 -6.486691e-21 4.348293e-20
2.500000e+00 -2.250000e+00 0.000000e+00 -3.965710e-19 -2.111479e-20 3.396288e-19
2.500000e+00 -2.000000e+00 0.000000e+00 -2.703450e-18 -1.302282e-19 2.008155e-18
2.500000e+00 -1.750000e+00 0.000000e+00 -1.305691e-17 -5.663507e-19 8.055857e-18
2.500000e+00 -1.500000e+00 0.000000e+00 -4.624869e-17 -8.622169e-19 2.294409e-17
2.500000e+00 -1.250000e+00 0.000000e+00 -1.254542e-16 2.574859e-18 4.817647e-17
2.500000e+00 -1.000000e+00 0.000000e+00 -2.683436e-16 1.728948e-17 7.505094e-17
2.500000e+00 -7.500000e-01 0.000000e+00 -4.607877e-16 4.908895e-17 8.322784e-17
2.500000e+00 -5.000000e-01 0.000000e+00 -6.422912e-16 9.298487e-17 5.424576e-17
2.500000e+00 -2.500000e-01 0.000000e+00 -7.318666e-16 1.318548e-16 -7.692710e-18
2.500000e+00 0.000000e+00 0.000000e+00 -6.845199e-16 1.469876e-16 -7.202913e-17
2.500000e+00 2.500000e-01 0.000000e+00 -5.262506e-16 1.314279e-16 -1.052538e-16
2.500000e+00 5.000000e-01 0.000000e+00 -3.319594e-16 9.447951e-17 -9.786667e-17
2.500000e+00 7.500000e-01 0.000000e+00 -1.708494e-16 5.408758e-17 -6.656584e-17
2.500000e+00 1.000000e+00 0.000000e+00 -7.100231e-17 2.422407e-17 -3.442584e-17
2.500000e+00 1.250000e+00 0.000000e+00 -2.344970e-17 8.275658e-18 -1.364770e-17
2.500000e+00 1.500000e+00 0.000000e+00 -6.016441e-18 2.077864e-18 -4.115569e-18
2.500000e+00 1.750000e+00 0.000000e+00 -1.160811e-18 3.588230e-19 -9.232862e-19
2.500000e+00 2.000000e+00 0.000000e+00 -1.602967e-19 3.598863e-20 -1.474353e-19
2.500000e+00 2.250000e+00 0.000000e+00 -1.470379e-20 6.096920e-22 -1.552603e-20
2.500000e+00 2.500000e+00 0.000000e+00 -9.086883e-22 -2.549198e-22 -1.080941e-21
