Iteration# z ADDATime OurCalcTime
1.0000000000 -0.0500000000 0.0000000000 31.3300000000
2.0000000000 0.0000000000 0.0000000000 33.1300000000
3.0000000000 0.0500000000 0.0000000000 33.2800000000
4.0000000000 0.1000000000 0.0000000000 30.3100000000
5.0000000000 0.1500000000 0.0000000000 31.7000000000
6.0000000000 0.1250000000 0.0100000000 34.2600000000
7.0000000000 0.1500000000 0.0100000000 33.6600000000
8.0000000000 0.1375000000 0.0100000000 31.9200000000
9.0000000000 0.1312500000 0.0000000000 32.3000000000
10.0000000000 0.1281250000 0.0000000000 33.3000000000
11.0000000000 0.1265625000 0.0000000000 31.3600000000
12.0000000000 0.1281250000 0.0000000000 31.0500000000
13.0000000000 0.1273437500 0.0000000000 32.8200000000
14.0000000000 0.1269531250 0.0000000000 34.3000000000
15.0000000000 0.1273437500 0.0000000000 31.8600000000
16.0000000000 0.1271484375 0.0000000000 30.8900000000
17.0000000000 0.1270507813 0.0000000000 31.0200000000
18.0000000000 0.1270019531 0.0000000000 33.3200000000
19.0000000000 0.1270507813 0.0000000000 35.1700000000
20.0000000000 0.1270263672 0.0000000000 30.3900000000
21.0000000000 0.1270507813 0.0100000000 30.7400000000
22.0000000000 0.1270385742 0.0000000000 33.5000000000
23.0000000000 0.1270507813 0.0000000000 33.6000000000
24.0000000000 0.1270446777 0.0200000000 31.8100000000
25.0000000000 0.1270416260 0.0000000000 31.7900000000
26.0000000000 0.1270401001 0.0000000000 33.4700000000
27.0000000000 0.1270416260 0.0100000000 34.1100000000
28.0000000000 0.1270408630 0.0100000000 31.8000000000
29.0000000000 0.1270416260 0.0000000000 31.8400000000
30.0000000000 0.1270412445 0.0000000000 33.2700000000
31.0000000000 0.1270410538 0.0100000000 33.3100000000
32.0000000000 0.1270412445 0.0000000000 31.3000000000
33.0000000000 0.1270411491 0.0000000000 32.2600000000
34.0000000000 0.1270412445 0.0100000000 34.3200000000
35.0000000000 0.1270411968 0.0100000000 32.4700000000
36.0000000000 0.1270411730 0.0100000000 31.8900000000
37.0000000000 0.1270411968 0.0000000000 32.4700000000
38.0000000000 0.1270411849 0.0100000000 33.9700000000
39.0000000000 0.1270411789 0.0000000000 34.5400000000
40.0000000000 0.1270411760 0.0000000000 31.5500000000
41.0000000000 0.1270411745 0.0000000000 31.2300000000
42.0000000000 0.1270411760 0.0000000000 31.7800000000
43.0000000000 0.1270411752 0.0000000000 32.6700000000
44.0000000000 0.1270411748 0.0000000000 31.6000000000
45.0000000000 0.1270411752 0.0100000000 30.2700000000
46.0000000000 0.1270411750 0.0100000000 32.7400000000
47.0000000000 0.1270411749 0.0000000000 34.5400000000
48.0000000000 0.1270411750 0.0000000000 32.7000000000
49.0000000000 0.1270411750 0.0000000000 31.4600000000
50.0000000000 0.1270411750 0.0100000000 32.5900000000
51.0000000000 0.1270411749 0.0000000000 34.3900000000
52.0000000000 0.1270411750 0.0100000000 31.5900000000
53.0000000000 0.1270411750 0.0000000000 31.6200000000
54.0000000000 0.1270411750 0.0000000000 34.3200000000
55.0000000000 0.1270411750 0.0000000000 34.5100000000
56.0000000000 0.1270411750 0.0200000000 31.6800000000
57.0000000000 0.1270411750 0.0000000000 31.6600000000
58.0000000000 0.1270411750 0.0000000000 32.8100000000
59.0000000000 0.1270411750 0.0000000000 33.7000000000
60.0000000000 0.1270411750 0.0000000000 31.9900000000
61.0000000000 0.1270411750 0.0000000000 30.5300000000
62.0000000000 0.1270411750 0.0000000000 32.0700000000
63.0000000000 0.1270411750 0.0000000000 33.0100000000
64.0000000000 0.1270411750 0.0100000000 31.2800000000
65.0000000000 0.1270411750 0.0000000000 31.6600000000
66.0000000000 0.1270411750 0.0100000000 31.8400000000
67.0000000000 0.1270411750 0.0000000000 33.9800000000
68.0000000000 0.1270411750 0.0000000000 30.4800000000
69.0000000000 0.1270411750 0.0000000000 32.1200000000
70.0000000000 0.1270411750 0.0000000000 33.1200000000
71.0000000000 0.1270411750 0.0000000000 31.7000000000
72.0000000000 0.1270411750 0.0000000000 32.7400000000
73.0000000000 0.1270411750 0.0000000000 31.3400000000
74.0000000000 0.1270411750 0.0100000000 30.7500000000
75.0000000000 0.1270411750 0.0100000000 34.1400000000
76.0000000000 0.1270411750 0.0000000000 31.6600000000
77.0000000000 0.1270411750 0.0000000000 32.3700000000
78.0000000000 0.1270411750 0.0000000000 32.1000000000
79.0000000000 0.1270411750 0.0000000000 32.4800000000
80.0000000000 0.1270411750 0.0000000000 32.5800000000
81.0000000000 0.1270411750 0.0100000000 31.2900000000
82.0000000000 0.1270411750 0.0000000000 33.3100000000
83.0000000000 0.1270411750 0.0000000000 32.6600000000
84.0000000000 0.1270411750 0.0000000000 31.6000000000
85.0000000000 0.1270411750 0.0000000000 31.3000000000
86.0000000000 0.1270411750 0.0000000000 32.6000000000
87.0000000000 0.1270411750 0.0000000000 34.4100000000
88.0000000000 0.1270411750 0.0000000000 32.5900000000
89.0000000000 0.1270411750 0.0000000000 30.9400000000
90.0000000000 0.1270411750 0.0000000000 30.5800000000
91.0000000000 0.1270411750 0.0000000000 33.7200000000
92.0000000000 0.1270411750 0.0000000000 32.5800000000
93.0000000000 0.1270411750 0.0000000000 30.6300000000
94.0000000000 0.1270411750 0.0000000000 31.9400000000
95.0000000000 0.1270411750 0.0000000000 32.7700000000
96.0000000000 0.1270411750 0.0000000000 31.5300000000
97.0000000000 0.1270411750 0.0000000000 31.3400000000
98.0000000000 0.1270411750 0.0000000000 29.2900000000
99.0000000000 0.1270411750 0.0100000000 29.4800000000
100.0000000000 0.1270411750 0.0000000000 27.5300000000
