0.000000e+00 0.000000e+00 0.000000e+00 0.000000e+00
-5.950000e+00 1.288416e-40 3.361639e-21 0.000000e+00
-5.900000e+00 4.858360e-38 8.459530e-21 0.000000e+00
-5.850000e+00 -1.741939e-39 2.027858e-20 3.377506e-37
-5.800000e+00 1.610005e-38 4.595538e-20 1.351002e-36
-5.750000e+00 -1.731631e-38 9.877603e-20 -6.755011e-37
-5.700000e+00 -6.905416e-36 2.025061e-19 -2.702005e-36
-5.650000e+00 -6.464757e-38 3.981864e-19 0.000000e+00
-5.600000e+00 -1.002697e-37 7.544840e-19 -5.404009e-36
-5.550000e+00 -1.161018e-37 1.383015e-18 -1.080802e-35
-5.500000e+00 -6.332823e-38 2.460413e-18 2.161604e-35
-5.450000e+00 3.926350e-36 4.259283e-18 -2.593924e-34
-5.400000e+00 1.182127e-36 7.190476e-18 8.646415e-35
-5.350000e+00 -4.221882e-37 1.185934e-17 0.000000e+00
-5.300000e+00 1.351002e-36 1.913859e-17 -1.729283e-34
-5.250000e+00 -1.114577e-35 3.026020e-17 1.383426e-33
-5.200000e+00 2.364254e-36 4.692802e-17 0.000000e+00
-5.150000e+00 3.897642e-34 7.145163e-17 6.917132e-34
-5.100000e+00 -1.215902e-35 1.069004e-16 0.000000e+00
-5.050000e+00 0.000000e+00 1.572741e-16 0.000000e+00
-5.000000e+00 -4.593408e-35 2.276843e-16 -5.533705e-33
-4.950000e+00 -8.916615e-35 3.245358e-16 5.533705e-33
-4.900000e+00 -4.323207e-35 4.556965e-16 0.000000e+00
-4.850000e+00 3.836846e-34 6.306367e-16 0.000000e+00
-4.800000e+00 2.702005e-34 8.605198e-16 0.000000e+00
-4.750000e+00 4.323207e-35 1.158220e-15 0.000000e+00
-4.700000e+00 -5.620169e-34 1.538243e-15 -8.853929e-32
-4.650000e+00 -5.620169e-34 2.016529e-15 0.000000e+00
-4.600000e+00 8.214094e-34 2.610110e-15 -8.853929e-32
-4.550000e+00 -6.917132e-34 3.336615e-15 -1.770786e-31
-4.500000e+00 5.187849e-34 4.213603e-15 1.770786e-31
-4.450000e+00 2.248068e-33 5.257736e-15 0.000000e+00
-4.400000e+00 -1.729283e-34 6.483791e-15 0.000000e+00
-4.350000e+00 0.000000e+00 7.903546e-15 0.000000e+00
-4.300000e+00 1.729283e-33 9.524582e-15 -7.083143e-31
-4.250000e+00 3.458566e-33 1.134904e-14 7.083143e-31
-4.200000e+00 -6.225419e-33 1.337241e-14 -7.083143e-31
-4.150000e+00 -4.841992e-33 1.558241e-14 1.090804e-28
-4.100000e+00 2.075140e-32 1.795810e-14 1.416629e-30
-4.050000e+00 1.106741e-32 2.046916e-14 -1.416629e-30
-4.000000e+00 1.106741e-32 2.307560e-14 0.000000e+00
-3.950000e+00 -5.533705e-33 2.572785e-14 -2.833257e-30
-3.900000e+00 8.651948e-30 2.836731e-14 4.816537e-29
-3.850000e+00 -1.383426e-32 3.092735e-14 2.833257e-30
-3.800000e+00 8.300558e-33 3.333492e-14 2.833257e-30
-3.750000e+00 -1.660112e-32 3.551248e-14 -5.666514e-30
-3.700000e+00 5.533705e-33 3.738054e-14 0.000000e+00
-3.650000e+00 4.814324e-31 3.886038e-14 -1.133303e-29
-3.600000e+00 -3.320223e-32 3.987708e-14 5.666514e-30
-3.550000e+00 1.106741e-32 4.036273e-14 5.666514e-30
-3.500000e+00 7.747187e-32 4.025944e-14 0.000000e+00
-3.450000e+00 5.533705e-32 3.952231e-14 0.000000e+00
-3.400000e+00 2.213482e-32 3.812196e-14 -1.133303e-29
-3.350000e+00 2.213482e-32 3.604667e-14 0.000000e+00
-3.300000e+00 -4.426964e-32 3.330375e-14 2.266606e-29
-3.250000e+00 -2.213482e-32 2.992032e-14 2.266606e-29
-3.200000e+00 -4.426964e-32 2.594328e-14 1.133303e-29
-3.150000e+00 1.106741e-32 2.143839e-14 0.000000e+00
-3.100000e+00 -9.960670e-32 1.648869e-14 -1.133303e-29
-3.050000e+00 -2.213482e-32 1.119203e-14 1.133303e-29
-3.000000e+00 -1.217415e-31 5.658011e-15 0.000000e+00
-2.950000e+00 -5.644379e-31 4.398988e-18 0.000000e+00
-2.900000e+00 7.747187e-32 -5.646833e-15 -1.133303e-29
-2.850000e+00 0.000000e+00 -1.117367e-14 -1.133303e-29
-2.800000e+00 1.106741e-32 -1.645820e-14 -2.266606e-29
-2.750000e+00 2.213482e-32 -2.139065e-14 -1.133303e-29
-2.700000e+00 2.988201e-31 -2.587295e-14 1.133303e-29
-2.650000e+00 2.213482e-32 -2.982186e-14 0.000000e+00
-2.600000e+00 2.213482e-32 -3.317148e-14 1.133303e-29
-2.550000e+00 2.213482e-32 -3.587491e-14 0.000000e+00
-2.500000e+00 -6.640446e-32 -3.790516e-14 0.000000e+00
-2.450000e+00 2.213482e-32 -3.925518e-14 0.000000e+00
-2.400000e+00 4.426964e-32 -3.993718e-14 0.000000e+00
-2.350000e+00 6.751121e-31 -3.998109e-14 5.666514e-30
-2.300000e+00 -3.253819e-30 -3.943242e-14 -2.833257e-29
-2.250000e+00 -1.660112e-32 -3.834957e-14 0.000000e+00
-2.200000e+00 -5.533705e-33 -3.680077e-14 5.666514e-30
-2.150000e+00 9.407299e-32 -3.486074e-14 1.133303e-29
-2.100000e+00 5.533705e-33 -3.260732e-14 -5.666514e-30
-2.050000e+00 -1.106741e-32 -3.011818e-14 5.666514e-30
-2.000000e+00 2.766853e-33 -2.746771e-14 -2.833257e-30
-1.950000e+00 2.490167e-32 -2.472430e-14 2.833257e-30
-1.900000e+00 1.936797e-32 -2.194805e-14 0.000000e+00
-1.850000e+00 -1.106741e-32 -1.918900e-14 0.000000e+00
-1.800000e+00 -1.106741e-32 -1.648591e-14 1.416629e-30
-1.750000e+00 1.175912e-31 -1.386568e-14 0.000000e+00
-1.700000e+00 -9.683984e-33 -1.134332e-14 0.000000e+00
-1.650000e+00 2.766853e-33 -8.922475e-15 -7.083143e-31
-1.600000e+00 0.000000e+00 -6.596466e-15 1.416629e-30
-1.550000e+00 3.458566e-33 -4.349807e-15 -7.083143e-31
-1.500000e+00 -6.917132e-34 -2.160061e-15 -7.083143e-31
-1.450000e+00 -1.383426e-33 8.853929e-32 7.083143e-31
-1.400000e+00 -6.917132e-33 2.160061e-15 1.416629e-30
-1.350000e+00 -6.917132e-34 4.349807e-15 0.000000e+00
-1.300000e+00 6.917132e-34 6.596466e-15 7.083143e-31
-1.250000e+00 0.000000e+00 8.922475e-15 -1.416629e-30
-1.200000e+00 -6.917132e-33 1.134332e-14 0.000000e+00
-1.150000e+00 6.917132e-33 1.386568e-14 1.416629e-30
-1.100000e+00 1.106741e-32 1.648591e-14 1.416629e-30
-1.050000e+00 -4.150279e-33 1.918900e-14 0.000000e+00
-1.000000e+00 -4.150279e-33 2.194805e-14 -2.833257e-30
-9.500000e-01 -1.660112e-32 2.472430e-14 -2.833257e-30
-9.000000e-01 2.766853e-33 2.746771e-14 2.833257e-30
-8.500000e-01 1.660112e-32 3.011818e-14 0.000000e+00
-8.000000e-01 8.300558e-33 3.260732e-14 5.666514e-30
-7.500000e-01 5.533705e-33 3.486074e-14 0.000000e+00
-7.000000e-01 -1.660112e-32 3.680077e-14 0.000000e+00
-6.500000e-01 -5.533705e-33 3.834957e-14 5.666514e-30
-6.000000e-01 5.533705e-32 3.943242e-14 0.000000e+00
-5.500000e-01 6.972469e-31 3.998109e-14 0.000000e+00
-5.000000e-01 2.213482e-32 3.993718e-14 -5.666514e-30
-4.500000e-01 -2.213482e-32 3.925518e-14 -1.133303e-29
-4.000000e-01 3.320223e-32 3.790516e-14 0.000000e+00
-3.500000e-01 -5.533705e-32 3.587491e-14 0.000000e+00
-3.000000e-01 2.953604e-27 3.317148e-14 -1.439295e-27
-2.500000e-01 1.106741e-32 2.982186e-14 0.000000e+00
-2.000000e-01 -2.102808e-31 2.587295e-14 1.133303e-29
-1.500000e-01 0.000000e+00 2.139065e-14 2.266606e-29
-1.000000e-01 -3.320223e-32 1.645820e-14 2.266606e-29
-5.000000e-02 -2.213482e-32 1.117367e-14 0.000000e+00
-1.294798e-14 -4.094942e-31 5.646833e-15 -2.266606e-29
5.000000e-02 -2.213482e-32 -4.398988e-18 0.000000e+00
1.000000e-01 -4.426964e-32 -5.658011e-15 0.000000e+00
1.500000e-01 6.640446e-32 -1.119203e-14 1.133303e-29
2.000000e-01 -5.533705e-32 -1.648869e-14 0.000000e+00
2.500000e-01 -1.106741e-32 -2.143839e-14 -2.266606e-29
3.000000e-01 -3.320223e-32 -2.594328e-14 0.000000e+00
3.500000e-01 2.213482e-32 -2.992032e-14 0.000000e+00
4.000000e-01 0.000000e+00 -3.330375e-14 1.133303e-29
4.500000e-01 2.545504e-31 -3.604667e-14 0.000000e+00
5.000000e-01 -2.213482e-32 -3.812196e-14 0.000000e+00
5.500000e-01 -1.106741e-32 -3.952231e-14 0.000000e+00
6.000000e-01 -2.213482e-32 -4.025944e-14 -1.133303e-29
6.500000e-01 -2.213482e-32 -4.036273e-14 0.000000e+00
7.000000e-01 3.320223e-32 -3.987708e-14 0.000000e+00
7.500000e-01 8.300558e-32 -3.886038e-14 5.666514e-30
8.000000e-01 -2.213482e-32 -3.738054e-14 0.000000e+00
8.500000e-01 -4.980335e-32 -3.551248e-14 0.000000e+00
9.000000e-01 -2.766853e-32 -3.333492e-14 0.000000e+00
9.500000e-01 2.766853e-32 -3.092735e-14 0.000000e+00
1.000000e+00 3.740785e-30 -2.836731e-14 0.000000e+00
1.050000e+00 -2.766853e-33 -2.572785e-14 0.000000e+00
1.100000e+00 -8.300558e-33 -2.307560e-14 -1.416629e-30
1.150000e+00 5.533705e-33 -2.046916e-14 1.416629e-30
1.200000e+00 -4.150279e-33 -1.795810e-14 -1.416629e-30
1.250000e+00 9.683984e-33 -1.558241e-14 0.000000e+00
1.300000e+00 -8.300558e-33 -1.337241e-14 0.000000e+00
1.350000e+00 -8.992271e-33 -1.134904e-14 0.000000e+00
1.400000e+00 -6.917132e-33 -9.524582e-15 -3.541571e-31
1.450000e+00 5.533705e-33 -7.903546e-15 -3.541571e-31
1.500000e+00 -3.458566e-33 -6.483791e-15 0.000000e+00
1.550000e+00 3.112709e-33 -5.257736e-15 0.000000e+00
1.600000e+00 -1.158620e-32 -4.213603e-15 0.000000e+00
1.650000e+00 6.917132e-34 -3.336615e-15 2.656179e-31
1.700000e+00 1.469890e-33 -2.610110e-15 -1.770786e-31
1.750000e+00 -5.187849e-34 -2.016529e-15 8.853929e-32
1.800000e+00 -6.917132e-34 -1.538243e-15 -4.426964e-32
1.850000e+00 -8.646415e-35 -1.158220e-15 0.000000e+00
1.900000e+00 -1.729283e-34 -8.605198e-16 -6.640446e-32
1.950000e+00 1.513123e-34 -6.306367e-16 -1.106741e-32
2.000000e+00 -6.484811e-35 -4.556965e-16 5.533705e-33
2.050000e+00 -2.702005e-35 -3.245358e-16 -1.660112e-32
2.100000e+00 -6.484811e-35 -2.276843e-16 2.766853e-33
2.150000e+00 2.161604e-35 -1.572741e-16 0.000000e+00
2.200000e+00 5.404009e-36 -1.069004e-16 -2.766853e-33
2.250000e+00 1.952198e-34 -7.145163e-17 0.000000e+00
2.300000e+00 -1.688753e-35 -4.692802e-17 0.000000e+00
2.350000e+00 -8.376214e-35 -3.026020e-17 1.383426e-33
2.400000e+00 2.195379e-36 -1.913859e-17 0.000000e+00
2.450000e+00 3.630819e-36 -1.185934e-17 -1.729283e-34
2.500000e+00 -3.039755e-36 -7.190476e-18 4.323207e-35
2.550000e+00 -1.477659e-37 -4.259283e-18 2.161604e-35
2.600000e+00 2.110941e-38 -2.460413e-18 -4.323207e-35
2.650000e+00 -3.746920e-37 -1.383015e-18 0.000000e+00
2.700000e+00 7.388294e-38 -7.544840e-19 1.080802e-35
2.750000e+00 5.673154e-38 -3.981864e-19 1.296962e-34
2.800000e+00 7.388294e-38 -2.025061e-19 1.351002e-36
2.850000e+00 6.596691e-39 -9.877603e-20 6.755011e-37
2.900000e+00 4.122932e-39 -4.595538e-20 -6.755011e-37
2.950000e+00 7.173901e-39 -2.027858e-20 3.377506e-37
3.000000e+00 3.174657e-39 -8.459530e-21 -1.688753e-37
3.050000e+00 4.535225e-40 -3.361639e-21 0.000000e+00
