Iteration# z ADDATime OurCalcTime
1.0000000000 -0.0500000000 0.0000000000 58.0700000000
2.0000000000 0.0000000000 0.0000000000 57.8900000000
3.0000000000 0.0500000000 0.0200000000 57.1800000000
4.0000000000 0.1000000000 0.0100000000 57.2800000000
5.0000000000 0.0750000000 0.0000000000 56.9400000000
6.0000000000 0.1000000000 0.0100000000 56.7700000000
7.0000000000 0.0875000000 0.0100000000 56.8900000000
8.0000000000 0.0812500000 0.0000000000 56.8300000000
9.0000000000 0.0875000000 0.0000000000 56.8100000000
10.0000000000 0.0843750000 0.0100000000 57.0800000000
11.0000000000 0.0828125000 0.0100000000 57.0200000000
12.0000000000 0.0843750000 0.0000000000 56.9100000000
13.0000000000 0.0835937500 0.0000000000 57.4400000000
14.0000000000 0.0832031250 0.0100000000 56.9200000000
15.0000000000 0.0835937500 0.0100000000 57.0100000000
16.0000000000 0.0833984375 0.0000000000 57.0700000000
17.0000000000 0.0833007813 0.0100000000 57.2000000000
1.0000000000 0.0833984375 0.0000000000 56.8800000000
2.0000000000 0.0834960938 0.0100000000 56.7500000000
3.0000000000 0.0835937500 0.0100000000 57.0200000000
4.0000000000 0.0836914062 0.0100000000 57.0300000000
5.0000000000 0.0837890625 0.0100000000 57.0100000000
6.0000000000 0.0838867187 0.0100000000 57.0000000000
7.0000000000 0.0839843750 0.0100000000 57.4100000000
8.0000000000 0.0840820312 0.0100000000 56.9000000000
9.0000000000 0.0841796875 0.0000000000 56.7900000000
10.0000000000 0.0842773437 0.0000000000 57.6100000000
11.0000000000 0.0843750000 0.0100000000 56.8900000000
12.0000000000 0.0844726562 0.0100000000 56.8400000000
13.0000000000 0.0845703125 0.0100000000 56.9100000000
14.0000000000 0.0846679687 0.0000000000 56.9300000000
15.0000000000 0.0847656250 0.0000000000 57.2000000000
16.0000000000 0.0848632812 0.0000000000 56.9700000000
17.0000000000 0.0849609375 0.0100000000 56.8100000000
18.0000000000 0.0850585937 0.0000000000 56.7700000000
19.0000000000 0.0851562500 0.0100000000 57.1900000000
20.0000000000 0.0852539062 0.0100000000 57.1000000000
21.0000000000 0.0853515625 0.0100000000 56.9800000000
22.0000000000 0.0854492187 0.0100000000 56.7800000000
23.0000000000 0.0855468750 0.0100000000 57.4700000000
24.0000000000 0.0856445312 0.0100000000 56.9600000000
25.0000000000 0.0857421875 0.0100000000 56.8000000000
26.0000000000 0.0858398437 0.0000000000 57.3000000000
27.0000000000 0.0859375000 0.0100000000 57.4500000000
28.0000000000 0.0860351562 0.0100000000 56.9300000000
29.0000000000 0.0861328125 0.0100000000 56.9800000000
30.0000000000 0.0862304687 0.0000000000 56.8100000000
31.0000000000 0.0863281250 0.0100000000 57.0600000000
32.0000000000 0.0864257812 0.0000000000 57.5500000000
33.0000000000 0.0863769531 0.0100000000 57.0000000000
34.0000000000 0.0863525391 0.0100000000 56.6900000000
1.0000000000 0.0863769531 0.0100000000 56.9200000000
2.0000000000 0.0864013672 0.0000000000 57.0000000000
3.0000000000 0.0864257812 0.0100000000 56.7400000000
4.0000000000 0.0864501953 0.0100000000 56.8900000000
5.0000000000 0.0864746094 0.0000000000 57.4600000000
6.0000000000 0.0864990234 0.0000000000 56.9900000000
7.0000000000 0.0865234375 0.0000000000 56.9600000000
8.0000000000 0.0865478516 0.0100000000 57.0000000000
9.0000000000 0.0865722656 0.0000000000 56.7800000000
10.0000000000 0.0865966797 0.0100000000 56.9100000000
11.0000000000 0.0866210937 0.0100000000 57.0000000000
12.0000000000 0.0866455078 0.0000000000 57.0000000000
13.0000000000 0.0866699219 0.0000000000 56.8500000000
14.0000000000 0.0866943359 0.0100000000 56.9800000000
15.0000000000 0.0867187500 0.0000000000 56.9600000000
16.0000000000 0.0867431641 0.0000000000 56.9000000000
17.0000000000 0.0867675781 0.0100000000 57.1200000000
18.0000000000 0.0867919922 0.0100000000 57.1000000000
19.0000000000 0.0868164062 0.0000000000 56.8000000000
20.0000000000 0.0868408203 0.0100000000 57.1100000000
21.0000000000 0.0868652344 0.0100000000 56.7300000000
22.0000000000 0.0868896484 0.0000000000 56.8300000000
23.0000000000 0.0869140625 0.0000000000 56.8400000000
24.0000000000 0.0869384766 0.0000000000 56.9900000000
25.0000000000 0.0869628906 0.0000000000 57.4100000000
26.0000000000 0.0869873047 0.0100000000 57.0500000000
27.0000000000 0.0870117187 0.0100000000 56.8800000000
28.0000000000 0.0870361328 0.0000000000 57.0300000000
29.0000000000 0.0870605469 0.0000000000 57.2200000000
30.0000000000 0.0870849609 0.0000000000 57.0100000000
31.0000000000 0.0871093750 0.0000000000 57.2400000000
32.0000000000 0.0871337891 0.0100000000 57.0800000000
33.0000000000 0.0871582031 0.0000000000 56.7800000000
34.0000000000 0.0871826172 0.0100000000 57.2500000000
35.0000000000 0.0872070313 0.0000000000 57.0400000000
36.0000000000 0.0872314453 0.0100000000 57.2100000000
37.0000000000 0.0872558594 0.0100000000 56.8600000000
38.0000000000 0.0872802734 0.0000000000 56.9100000000
39.0000000000 0.0873046875 0.0100000000 57.1500000000
40.0000000000 0.0873291016 0.0000000000 57.5900000000
41.0000000000 0.0873535156 0.0100000000 57.0100000000
42.0000000000 0.0873779297 0.0100000000 57.5000000000
43.0000000000 0.0874023438 0.0100000000 57.1500000000
44.0000000000 0.0874267578 0.0100000000 57.2400000000
45.0000000000 0.0874511719 0.0100000000 58.4600000000
46.0000000000 0.0874755859 0.0000000000 57.3800000000
47.0000000000 0.0875000000 0.0000000000 57.3900000000
48.0000000000 0.0875244141 0.0000000000 57.2300000000
49.0000000000 0.0875488281 0.0100000000 56.8900000000
50.0000000000 0.0875732422 0.0000000000 57.0100000000
51.0000000000 0.0875976563 0.0100000000 56.8700000000
52.0000000000 0.0876220703 0.0100000000 57.2200000000
53.0000000000 0.0876464844 0.0100000000 57.0800000000
54.0000000000 0.0876708984 0.0000000000 57.0000000000
55.0000000000 0.0876953125 0.0100000000 56.8800000000
56.0000000000 0.0877197266 0.0000000000 57.1900000000
57.0000000000 0.0877441406 0.0000000000 57.1200000000
58.0000000000 0.0877685547 0.0100000000 56.9500000000
59.0000000000 0.0877929688 0.0000000000 56.8000000000
60.0000000000 0.0878173828 0.0000000000 57.0000000000
61.0000000000 0.0878417969 0.0000000000 56.8600000000
62.0000000000 0.0878662109 0.0100000000 57.4600000000
63.0000000000 0.0878906250 0.0100000000 57.4300000000
64.0000000000 0.0879150391 0.0200000000 56.8600000000
65.0000000000 0.0879394531 0.0000000000 56.8500000000
66.0000000000 0.0879638672 0.0000000000 56.8000000000
67.0000000000 0.0879882813 0.0100000000 56.7600000000
68.0000000000 0.0880126953 0.0000000000 56.8900000000
69.0000000000 0.0880371094 0.0000000000 56.9000000000
70.0000000000 0.0880615234 0.0100000000 57.1900000000
71.0000000000 0.0880859375 0.0000000000 57.0900000000
72.0000000000 0.0881103516 0.0100000000 57.1900000000
73.0000000000 0.0881347656 0.0000000000 57.0000000000
74.0000000000 0.0881591797 0.0000000000 57.0200000000
75.0000000000 0.0881835938 0.0000000000 57.1900000000
76.0000000000 0.0882080078 0.0100000000 56.8200000000
77.0000000000 0.0882324219 0.0000000000 56.9000000000
78.0000000000 0.0882568359 0.0100000000 57.0000000000
79.0000000000 0.0882812500 0.0000000000 56.7900000000
80.0000000000 0.0883056641 0.0100000000 56.9400000000
81.0000000000 0.0883300781 0.0000000000 57.2500000000
82.0000000000 0.0883544922 0.0000000000 57.7400000000
83.0000000000 0.0883789063 0.0000000000 57.0800000000
84.0000000000 0.0884033203 0.0000000000 57.0700000000
85.0000000000 0.0884277344 0.0100000000 56.8000000000
86.0000000000 0.0884521484 0.0100000000 57.1400000000
87.0000000000 0.0884765625 0.0000000000 57.0000000000
88.0000000000 0.0885009766 0.0100000000 57.2100000000
89.0000000000 0.0885253906 0.0200000000 56.8800000000
90.0000000000 0.0885498047 0.0100000000 57.4000000000
91.0000000000 0.0885742188 0.0000000000 57.5800000000
92.0000000000 0.0885986328 0.0100000000 57.1100000000
93.0000000000 0.0886230469 0.0100000000 56.9600000000
94.0000000000 0.0886474609 0.0100000000 56.9200000000
95.0000000000 0.0886718750 0.0100000000 56.9600000000
96.0000000000 0.0886962891 0.0000000000 57.2600000000
97.0000000000 0.0887207031 0.0100000000 56.8100000000
98.0000000000 0.0887451172 0.0000000000 61.3800000000
99.0000000000 0.0887695313 0.0100000000 61.8800000000
100.0000000000 0.0887939453 0.0100000000 57.6300000000
101.0000000000 0.0888183594 0.0200000000 57.4800000000
102.0000000000 0.0888427734 0.0100000000 57.4000000000
103.0000000000 0.0888671875 0.0100000000 56.8400000000
104.0000000000 0.0888916016 0.0000000000 57.0100000000
105.0000000000 0.0889160156 0.0100000000 57.2000000000
106.0000000000 0.0889404297 0.0000000000 57.1100000000
107.0000000000 0.0889648438 0.0200000000 57.0100000000
108.0000000000 0.0889892578 0.0000000000 56.9300000000
109.0000000000 0.0890136719 0.0000000000 57.0100000000
110.0000000000 0.0890380859 0.0100000000 56.9900000000
111.0000000000 0.0890625000 0.0000000000 57.0100000000
112.0000000000 0.0890869141 0.0100000000 56.9700000000
113.0000000000 0.0891113281 0.0100000000 57.4800000000
114.0000000000 0.0891357422 0.0000000000 58.0200000000
115.0000000000 0.0891601563 0.0100000000 57.0000000000
116.0000000000 0.0891845703 0.0000000000 56.8600000000
117.0000000000 0.0892089844 0.0100000000 56.9800000000
118.0000000000 0.0892333984 0.0100000000 58.0500000000
119.0000000000 0.0892578125 0.0100000000 57.0100000000
120.0000000000 0.0892822266 0.0000000000 56.8300000000
121.0000000000 0.0893066406 0.0100000000 57.0000000000
122.0000000000 0.0893310547 0.0000000000 57.1600000000
123.0000000000 0.0893554688 0.0000000000 56.9100000000
124.0000000000 0.0893798828 0.0000000000 56.8600000000
125.0000000000 0.0894042969 0.0000000000 56.9600000000
126.0000000000 0.0894287109 0.0000000000 57.1600000000
127.0000000000 0.0894531250 0.0000000000 57.0100000000
128.0000000000 0.0894775391 0.0100000000 57.0500000000
129.0000000000 0.0895019531 0.0000000000 57.6500000000
130.0000000000 0.0895263672 0.0000000000 57.5400000000
131.0000000000 0.0895507813 0.0100000000 61.9100000000
1.0000000000 0.0895385742 0.0100000000 57.0800000000
2.0000000000 0.0895507813 0.0000000000 57.0000000000
3.0000000000 0.0895629883 0.0100000000 56.8900000000
4.0000000000 0.0895751953 0.0100000000 57.0000000000
5.0000000000 0.0895874023 0.0000000000 57.0100000000
6.0000000000 0.0895996094 0.0100000000 57.1000000000
7.0000000000 0.0896118164 0.0000000000 57.0300000000
8.0000000000 0.0896240234 0.0100000000 57.3600000000
9.0000000000 0.0896362305 0.0100000000 57.7800000000
10.0000000000 0.0896484375 0.0100000000 57.0300000000
11.0000000000 0.0896606445 0.0100000000 56.7400000000
12.0000000000 0.0896728516 0.0100000000 56.9900000000
13.0000000000 0.0896850586 0.0100000000 56.8800000000
14.0000000000 0.0896972656 0.0100000000 56.8500000000
15.0000000000 0.0897094727 0.0100000000 61.3700000000
16.0000000000 0.0897216797 0.0000000000 57.0600000000
17.0000000000 0.0897338867 0.0100000000 61.5200000000
18.0000000000 0.0897460938 0.0100000000 56.9000000000
19.0000000000 0.0897583008 0.0000000000 56.8600000000
20.0000000000 0.0897705078 0.0000000000 57.0000000000
21.0000000000 0.0897827148 0.0000000000 56.9000000000
22.0000000000 0.0897949219 0.0000000000 57.3600000000
23.0000000000 0.0898071289 0.0000000000 57.8300000000
24.0000000000 0.0898193359 0.0200000000 56.9900000000
25.0000000000 0.0898315430 0.0100000000 57.0600000000
26.0000000000 0.0898437500 0.0000000000 57.0900000000
27.0000000000 0.0898559570 0.0100000000 57.4100000000
28.0000000000 0.0898681641 0.0000000000 56.9600000000
29.0000000000 0.0898803711 0.0000000000 56.8900000000
30.0000000000 0.0898925781 0.0000000000 57.1800000000
31.0000000000 0.0899047852 0.0000000000 57.4600000000
32.0000000000 0.0899169922 0.0100000000 57.0800000000
33.0000000000 0.0899291992 0.0000000000 57.6500000000
34.0000000000 0.0899414063 0.0100000000 57.0100000000
35.0000000000 0.0899536133 0.0100000000 56.9600000000
36.0000000000 0.0899658203 0.0000000000 57.0500000000
37.0000000000 0.0899780273 0.0100000000 57.0500000000
38.0000000000 0.0899902344 0.0000000000 56.9500000000
39.0000000000 0.0900024414 0.0100000000 56.7600000000
40.0000000000 0.0900146484 0.0100000000 57.0800000000
41.0000000000 0.0900268555 0.0100000000 57.1500000000
42.0000000000 0.0900390625 0.0000000000 56.9500000000
43.0000000000 0.0900512695 0.0000000000 56.8600000000
44.0000000000 0.0900634766 0.0100000000 57.1400000000
45.0000000000 0.0900756836 0.0100000000 57.0700000000
46.0000000000 0.0900878906 0.0100000000 57.4100000000
47.0000000000 0.0901000977 0.0100000000 56.8700000000
48.0000000000 0.0901123047 0.0000000000 57.1900000000
49.0000000000 0.0901245117 0.0000000000 56.9300000000
50.0000000000 0.0901367188 0.0100000000 57.1100000000
51.0000000000 0.0901489258 0.0000000000 57.1400000000
52.0000000000 0.0901611328 0.0200000000 56.7800000000
53.0000000000 0.0901733398 0.0100000000 57.1100000000
54.0000000000 0.0901855469 0.0100000000 57.2500000000
55.0000000000 0.0901977539 0.0000000000 57.4800000000
56.0000000000 0.0902099609 0.0100000000 57.2900000000
57.0000000000 0.0902221680 0.0000000000 57.0300000000
58.0000000000 0.0902343750 0.0000000000 56.9500000000
59.0000000000 0.0902465820 0.0000000000 56.7900000000
60.0000000000 0.0902587891 0.0100000000 57.4500000000
61.0000000000 0.0902709961 0.0100000000 56.8300000000
62.0000000000 0.0902832031 0.0100000000 57.2500000000
63.0000000000 0.0902954102 0.0000000000 56.9600000000
64.0000000000 0.0903076172 0.0200000000 57.3300000000
65.0000000000 0.0903198242 0.0000000000 56.8100000000
66.0000000000 0.0903320313 0.0100000000 57.3300000000
67.0000000000 0.0903442383 0.0000000000 57.2300000000
68.0000000000 0.0903564453 0.0100000000 57.2500000000
69.0000000000 0.0903686523 0.0000000000 56.9600000000
70.0000000000 0.0903808594 0.0000000000 56.9100000000
71.0000000000 0.0903930664 0.0100000000 56.9100000000
72.0000000000 0.0904052734 0.0000000000 57.0500000000
73.0000000000 0.0904174805 0.0100000000 56.9000000000
74.0000000000 0.0904296875 0.0100000000 57.2800000000
75.0000000000 0.0904418945 0.0100000000 57.0800000000
76.0000000000 0.0904541016 0.0100000000 61.1800000000
77.0000000000 0.0904663086 0.0000000000 57.0000000000
78.0000000000 0.0904785156 0.0100000000 60.8100000000
79.0000000000 0.0904907227 0.0100000000 56.7700000000
80.0000000000 0.0905029297 0.0100000000 57.4500000000
81.0000000000 0.0905151367 0.0100000000 56.7800000000
82.0000000000 0.0905273438 0.0100000000 57.5000000000
83.0000000000 0.0905395508 0.0100000000 56.9900000000
84.0000000000 0.0905517578 0.0200000000 56.8400000000
85.0000000000 0.0905639648 0.0100000000 56.8600000000
86.0000000000 0.0905761719 0.0100000000 57.0400000000
87.0000000000 0.0905883789 0.0000000000 57.4100000000
88.0000000000 0.0906005859 0.0100000000 56.9700000000
89.0000000000 0.0906127930 0.0000000000 57.0300000000
90.0000000000 0.0906250000 0.0000000000 57.5200000000
91.0000000000 0.0906372070 0.0000000000 57.2700000000
92.0000000000 0.0906494141 0.0100000000 56.9200000000
93.0000000000 0.0906616211 0.0100000000 57.0400000000
94.0000000000 0.0906738281 0.0100000000 57.2700000000
95.0000000000 0.0906860352 0.0100000000 57.2900000000
96.0000000000 0.0906982422 0.0000000000 57.0800000000
97.0000000000 0.0907104492 0.0100000000 56.9700000000
98.0000000000 0.0907226563 0.0100000000 57.4800000000
99.0000000000 0.0907348633 0.0000000000 56.7500000000
100.0000000000 0.0907470703 0.0000000000 56.9000000000
101.0000000000 0.0907592773 0.0100000000 57.0300000000
102.0000000000 0.0907714844 0.0000000000 57.3700000000
103.0000000000 0.0907836914 0.0000000000 57.1300000000
104.0000000000 0.0907958984 0.0000000000 57.3800000000
105.0000000000 0.0908081055 0.0100000000 56.9400000000
106.0000000000 0.0908203125 0.0000000000 57.3800000000
107.0000000000 0.0908325195 0.0100000000 57.4300000000
108.0000000000 0.0908447266 0.0000000000 57.3200000000
109.0000000000 0.0908569336 0.0100000000 57.3600000000
110.0000000000 0.0908691406 0.0000000000 57.2800000000
111.0000000000 0.0908813477 0.0100000000 56.8800000000
112.0000000000 0.0908935547 0.0000000000 56.9500000000
113.0000000000 0.0909057617 0.0100000000 56.9300000000
114.0000000000 0.0909179688 0.0000000000 57.0100000000
115.0000000000 0.0909301758 0.0100000000 57.2200000000
116.0000000000 0.0909423828 0.0000000000 57.1700000000
117.0000000000 0.0909545898 0.0000000000 57.6600000000
118.0000000000 0.0909667969 0.0100000000 57.3200000000
119.0000000000 0.0909790039 0.0000000000 56.8800000000
120.0000000000 0.0909912109 0.0000000000 57.1400000000
121.0000000000 0.0910034180 0.0000000000 57.1900000000
122.0000000000 0.0910156250 0.0000000000 57.1000000000
123.0000000000 0.0910278320 0.0000000000 57.2300000000
124.0000000000 0.0910400391 0.0100000000 57.1900000000
125.0000000000 0.0910522461 0.0000000000 59.2600000000
126.0000000000 0.0910644531 0.0000000000 57.1000000000
127.0000000000 0.0910766602 0.0000000000 56.9300000000
128.0000000000 0.0910888672 0.0100000000 56.9100000000
129.0000000000 0.0911010742 0.0000000000 57.4300000000
130.0000000000 0.0911132813 0.0100000000 57.0000000000
131.0000000000 0.0911254883 0.0100000000 57.0300000000
132.0000000000 0.0911376953 0.0100000000 57.1300000000
133.0000000000 0.0911499023 0.0100000000 56.8800000000
134.0000000000 0.0911621094 0.0100000000 56.9000000000
135.0000000000 0.0911743164 0.0100000000 56.8200000000
136.0000000000 0.0911865234 0.0100000000 57.0400000000
137.0000000000 0.0911987305 0.0100000000 56.9700000000
138.0000000000 0.0912109375 0.0000000000 56.9400000000
139.0000000000 0.0912231445 0.0000000000 57.0300000000
140.0000000000 0.0912353516 0.0000000000 57.0900000000
141.0000000000 0.0912475586 0.0000000000 56.8100000000
142.0000000000 0.0912597656 0.0100000000 56.9300000000
143.0000000000 0.0912719727 0.0000000000 56.7300000000
144.0000000000 0.0912841797 0.0100000000 56.9000000000
145.0000000000 0.0912963867 0.0100000000 57.3600000000
146.0000000000 0.0913085938 0.0100000000 57.0800000000
147.0000000000 0.0913208008 0.0000000000 57.1600000000
148.0000000000 0.0913330078 0.0100000000 57.0900000000
149.0000000000 0.0913452148 0.0000000000 57.0600000000
150.0000000000 0.0913574219 0.0100000000 57.1800000000
151.0000000000 0.0913696289 0.0000000000 57.1300000000
152.0000000000 0.0913818359 0.0100000000 57.0700000000
153.0000000000 0.0913940430 0.0100000000 57.0400000000
154.0000000000 0.0914062500 0.0000000000 57.0200000000
155.0000000000 0.0914184570 0.0000000000 56.8300000000
156.0000000000 0.0914306641 0.0000000000 56.9900000000
157.0000000000 0.0914428711 0.0100000000 56.9200000000
158.0000000000 0.0914550781 0.0000000000 56.9800000000
159.0000000000 0.0914672852 0.0000000000 57.0700000000
160.0000000000 0.0914794922 0.0100000000 57.7600000000
161.0000000000 0.0914916992 0.0000000000 57.2600000000
162.0000000000 0.0915039063 0.0100000000 57.1300000000
163.0000000000 0.0915161133 0.0000000000 59.0400000000
164.0000000000 0.0915283203 0.0100000000 56.9200000000
165.0000000000 0.0915405273 0.0100000000 57.1500000000
166.0000000000 0.0915527344 0.0100000000 57.1200000000
167.0000000000 0.0915649414 0.0000000000 57.0500000000
168.0000000000 0.0915771484 0.0000000000 56.8900000000
169.0000000000 0.0915893555 0.0000000000 57.0000000000
170.0000000000 0.0916015625 0.0000000000 57.0400000000
171.0000000000 0.0916137695 0.0000000000 56.8600000000
172.0000000000 0.0916259766 0.0000000000 56.9300000000
173.0000000000 0.0916381836 0.0000000000 56.8400000000
174.0000000000 0.0916503906 0.0100000000 56.9900000000
175.0000000000 0.0916625977 0.0100000000 57.7400000000
176.0000000000 0.0916748047 0.0000000000 57.2900000000
177.0000000000 0.0916870117 0.0000000000 57.4000000000
178.0000000000 0.0916992188 0.0000000000 57.0500000000
179.0000000000 0.0917114258 0.0100000000 57.1100000000
180.0000000000 0.0917236328 0.0100000000 56.9300000000
181.0000000000 0.0917358398 0.0000000000 56.8000000000
182.0000000000 0.0917480469 0.0100000000 56.9700000000
183.0000000000 0.0917602539 0.0100000000 56.8200000000
184.0000000000 0.0917724609 0.0200000000 57.1700000000
185.0000000000 0.0917846680 0.0100000000 57.3500000000
186.0000000000 0.0917968750 0.0100000000 57.1500000000
187.0000000000 0.0918090820 0.0100000000 56.8800000000
188.0000000000 0.0918212891 0.0000000000 57.0800000000
189.0000000000 0.0918334961 0.0100000000 57.0000000000
190.0000000000 0.0918457031 0.0000000000 57.0900000000
191.0000000000 0.0918579102 0.0100000000 56.9500000000
192.0000000000 0.0918701172 0.0000000000 56.8400000000
193.0000000000 0.0918823242 0.0100000000 57.2300000000
194.0000000000 0.0918945313 0.0100000000 57.1100000000
195.0000000000 0.0919067383 0.0100000000 56.8700000000
196.0000000000 0.0919189453 0.0000000000 56.8300000000
197.0000000000 0.0919311523 0.0000000000 57.4700000000
198.0000000000 0.0919433594 0.0100000000 56.8500000000
199.0000000000 0.0919555664 0.0100000000 56.8200000000
200.0000000000 0.0919677734 0.0100000000 56.8000000000
201.0000000000 0.0919799805 0.0100000000 56.7000000000
202.0000000000 0.0919921875 0.0000000000 56.7800000000
203.0000000000 0.0920043945 0.0000000000 56.9300000000
204.0000000000 0.0920166016 0.0100000000 57.2800000000
205.0000000000 0.0920288086 0.0100000000 57.0700000000
206.0000000000 0.0920410156 0.0100000000 57.7100000000
207.0000000000 0.0920532227 0.0100000000 57.2500000000
208.0000000000 0.0920654297 0.0000000000 56.9100000000
209.0000000000 0.0920776367 0.0100000000 57.1100000000
210.0000000000 0.0920898438 0.0100000000 57.9000000000
211.0000000000 0.0921020508 0.0000000000 57.1000000000
212.0000000000 0.0921142578 0.0100000000 56.7800000000
213.0000000000 0.0921264648 0.0100000000 57.0200000000
214.0000000000 0.0921386719 0.0000000000 56.9800000000
215.0000000000 0.0921508789 0.0100000000 56.8400000000
216.0000000000 0.0921630859 0.0000000000 57.0000000000
217.0000000000 0.0921752930 0.0100000000 56.9600000000
218.0000000000 0.0921875000 0.0200000000 56.8000000000
219.0000000000 0.0921997070 0.0200000000 56.8400000000
220.0000000000 0.0922119141 0.0100000000 56.9900000000
221.0000000000 0.0922241211 0.0100000000 57.0700000000
222.0000000000 0.0922363281 0.0100000000 57.3300000000
223.0000000000 0.0922485352 0.0000000000 56.9400000000
224.0000000000 0.0922607422 0.0000000000 57.1000000000
225.0000000000 0.0922729492 0.0100000000 57.2000000000
226.0000000000 0.0922851563 0.0000000000 56.9400000000
227.0000000000 0.0922973633 0.0000000000 57.0800000000
228.0000000000 0.0923095703 0.0100000000 57.1200000000
229.0000000000 0.0923217773 0.0000000000 56.8100000000
230.0000000000 0.0923339844 0.0100000000 57.1000000000
231.0000000000 0.0923461914 0.0000000000 56.9800000000
232.0000000000 0.0923583984 0.0100000000 56.9400000000
233.0000000000 0.0923706055 0.0000000000 57.0900000000
234.0000000000 0.0923828125 0.0100000000 56.8900000000
235.0000000000 0.0923950195 0.0000000000 57.1700000000
236.0000000000 0.0924072266 0.0100000000 56.8600000000
237.0000000000 0.0924194336 0.0100000000 60.7700000000
238.0000000000 0.0924316406 0.0100000000 56.9500000000
239.0000000000 0.0924438477 0.0000000000 57.1700000000
240.0000000000 0.0924560547 0.0000000000 57.3800000000
241.0000000000 0.0924682617 0.0100000000 56.8600000000
242.0000000000 0.0924804688 0.0100000000 57.2900000000
243.0000000000 0.0924926758 0.0100000000 56.9300000000
244.0000000000 0.0925048828 0.0000000000 57.0300000000
245.0000000000 0.0925170898 0.0000000000 56.8800000000
246.0000000000 0.0925292969 0.0000000000 56.8900000000
247.0000000000 0.0925415039 0.0100000000 56.8100000000
248.0000000000 0.0925537109 0.0100000000 56.9800000000
249.0000000000 0.0925659180 0.0000000000 57.7100000000
250.0000000000 0.0925781250 0.0100000000 56.9500000000
251.0000000000 0.0925903320 0.0100000000 57.1800000000
252.0000000000 0.0926025391 0.0100000000 57.0300000000
253.0000000000 0.0926147461 0.0000000000 56.9700000000
254.0000000000 0.0926269531 0.0100000000 57.0800000000
255.0000000000 0.0926391602 0.0100000000 56.9500000000
256.0000000000 0.0926513672 0.0000000000 57.0300000000
257.0000000000 0.0926635742 0.0000000000 57.5000000000
258.0000000000 0.0926757813 0.0000000000 61.5500000000
259.0000000000 0.0926879883 0.0100000000 56.8300000000
260.0000000000 0.0927001953 0.0000000000 56.9100000000
261.0000000000 0.0927124023 0.0100000000 56.7600000000
262.0000000000 0.0927246094 0.0100000000 57.4500000000
263.0000000000 0.0927368164 0.0100000000 57.6000000000
264.0000000000 0.0927490234 0.0100000000 57.2800000000
265.0000000000 0.0927612305 0.0100000000 56.8300000000
266.0000000000 0.0927734375 0.0100000000 57.0800000000
267.0000000000 0.0927856445 0.0100000000 56.9500000000
268.0000000000 0.0927978516 0.0100000000 56.8500000000
269.0000000000 0.0928100586 0.0100000000 57.2600000000
270.0000000000 0.0928222656 0.0100000000 56.8800000000
271.0000000000 0.0928344727 0.0000000000 57.1600000000
272.0000000000 0.0928466797 0.0000000000 56.8300000000
273.0000000000 0.0928588867 0.0100000000 56.8400000000
274.0000000000 0.0928710938 0.0000000000 57.3100000000
275.0000000000 0.0928833008 0.0100000000 57.0900000000
276.0000000000 0.0928955078 0.0100000000 57.0500000000
277.0000000000 0.0929077148 0.0100000000 57.2300000000
1.0000000000 0.0929199219 0.0200000000 56.8200000000
2.0000000000 0.0929321289 0.0000000000 57.3100000000
3.0000000000 0.0929443359 0.0000000000 57.0200000000
4.0000000000 0.0929565430 0.0100000000 57.0500000000
5.0000000000 0.0929687500 0.0000000000 57.0700000000
6.0000000000 0.0929809570 0.0100000000 57.5400000000
7.0000000000 0.0929931641 0.0000000000 56.9200000000
8.0000000000 0.0930053711 0.0100000000 57.0400000000
9.0000000000 0.0930175781 0.0000000000 57.2600000000
10.0000000000 0.0930297852 0.0100000000 57.0200000000
11.0000000000 0.0930419922 0.0000000000 57.0400000000
12.0000000000 0.0930541992 0.0100000000 57.1100000000
13.0000000000 0.0930664063 0.0100000000 57.3400000000
14.0000000000 0.0930786133 0.0000000000 56.9900000000
15.0000000000 0.0930908203 0.0000000000 57.0400000000
16.0000000000 0.0931030273 0.0000000000 57.2200000000
17.0000000000 0.0931152344 0.0100000000 56.9400000000
18.0000000000 0.0931274414 0.0100000000 57.0000000000
19.0000000000 0.0931396484 0.0100000000 57.4500000000
20.0000000000 0.0931518555 0.0000000000 57.3300000000
21.0000000000 0.0931640625 0.0000000000 57.1900000000
22.0000000000 0.0931762695 0.0000000000 57.4100000000
23.0000000000 0.0931884766 0.0100000000 56.9200000000
24.0000000000 0.0932006836 0.0100000000 57.2500000000
25.0000000000 0.0932128906 0.0000000000 56.7400000000
26.0000000000 0.0932250977 0.0000000000 57.3200000000
27.0000000000 0.0932373047 0.0100000000 57.2200000000
28.0000000000 0.0932495117 0.0000000000 56.8100000000
29.0000000000 0.0932617188 0.0000000000 57.2800000000
30.0000000000 0.0932739258 0.0000000000 57.6000000000
31.0000000000 0.0932861328 0.0000000000 56.8800000000
32.0000000000 0.0932983398 0.0000000000 57.3600000000
33.0000000000 0.0933105469 0.0100000000 56.8200000000
34.0000000000 0.0933227539 0.0100000000 56.8000000000
35.0000000000 0.0933349609 0.0000000000 57.1000000000
36.0000000000 0.0933471680 0.0100000000 57.1400000000
37.0000000000 0.0933593750 0.0000000000 56.8100000000
38.0000000000 0.0933715820 0.0000000000 56.8100000000
39.0000000000 0.0933837891 0.0100000000 56.9100000000
40.0000000000 0.0933959961 0.0000000000 56.7900000000
41.0000000000 0.0934082031 0.0200000000 57.5100000000
42.0000000000 0.0934204102 0.0000000000 56.9700000000
43.0000000000 0.0934326172 0.0000000000 56.8900000000
44.0000000000 0.0934448242 0.0000000000 56.8400000000
45.0000000000 0.0934570313 0.0100000000 57.5500000000
46.0000000000 0.0934692383 0.0000000000 57.1200000000
47.0000000000 0.0934814453 0.0100000000 56.7300000000
48.0000000000 0.0934936523 0.0100000000 57.0600000000
49.0000000000 0.0935058594 0.0100000000 57.1600000000
50.0000000000 0.0935180664 0.0000000000 56.8800000000
51.0000000000 0.0935302734 0.0100000000 56.9800000000
52.0000000000 0.0935424805 0.0100000000 56.8600000000
53.0000000000 0.0935546875 0.0000000000 57.4900000000
54.0000000000 0.0935668945 0.0100000000 57.0300000000
55.0000000000 0.0935791016 0.0100000000 56.7500000000
56.0000000000 0.0935913086 0.0000000000 57.0200000000
57.0000000000 0.0936035156 0.0000000000 56.8500000000
58.0000000000 0.0936157227 0.0100000000 57.1800000000
59.0000000000 0.0936279297 0.0100000000 56.8800000000
60.0000000000 0.0936401367 0.0100000000 56.9000000000
61.0000000000 0.0936523438 0.0100000000 57.4000000000
62.0000000000 0.0936645508 0.0000000000 60.9100000000
63.0000000000 0.0936767578 0.0100000000 56.8100000000
64.0000000000 0.0936889648 0.0000000000 57.0300000000
65.0000000000 0.0937011719 0.0100000000 57.0600000000
66.0000000000 0.0937133789 0.0100000000 57.0900000000
67.0000000000 0.0937255859 0.0000000000 56.8700000000
68.0000000000 0.0937377930 0.0100000000 57.3200000000
69.0000000000 0.0937500000 0.0000000000 57.0200000000
70.0000000000 0.0937622070 0.0000000000 57.0000000000
71.0000000000 0.0937744141 0.0100000000 57.0500000000
72.0000000000 0.0937866211 0.0000000000 56.9200000000
73.0000000000 0.0937988281 0.0000000000 56.7800000000
74.0000000000 0.0938110352 0.0100000000 57.0000000000
75.0000000000 0.0938232422 0.0000000000 56.8700000000
76.0000000000 0.0938354492 0.0100000000 57.1200000000
77.0000000000 0.0938476563 0.0000000000 57.3400000000
78.0000000000 0.0938598633 0.0000000000 56.8300000000
79.0000000000 0.0938720703 0.0000000000 57.0500000000
80.0000000000 0.0938842773 0.0000000000 57.2600000000
81.0000000000 0.0938964844 0.0000000000 57.1900000000
82.0000000000 0.0939086914 0.0000000000 57.3600000000
83.0000000000 0.0939208984 0.0100000000 57.0500000000
84.0000000000 0.0939331055 0.0100000000 57.1500000000
85.0000000000 0.0939453125 0.0000000000 57.2000000000
86.0000000000 0.0939575195 0.0100000000 57.2400000000
87.0000000000 0.0939697266 0.0100000000 57.1600000000
88.0000000000 0.0939819336 0.0100000000 57.1100000000
89.0000000000 0.0939941406 0.0000000000 56.8100000000
90.0000000000 0.0940063477 0.0100000000 57.0000000000
91.0000000000 0.0940185547 0.0000000000 56.9000000000
92.0000000000 0.0940307617 0.0000000000 57.4300000000
93.0000000000 0.0940429688 0.0100000000 57.1900000000
94.0000000000 0.0940551758 0.0100000000 56.8600000000
95.0000000000 0.0940673828 0.0000000000 57.4100000000
96.0000000000 0.0940795898 0.0100000000 57.1700000000
97.0000000000 0.0940917969 0.0000000000 57.7700000000
98.0000000000 0.0941040039 0.0000000000 56.9600000000
99.0000000000 0.0941162109 0.0000000000 56.8200000000
100.0000000000 0.0941284180 0.0000000000 58.2500000000
101.0000000000 0.0941406250 0.0100000000 56.8400000000
102.0000000000 0.0941528320 0.0000000000 56.9700000000
103.0000000000 0.0941650391 0.0000000000 57.0200000000
104.0000000000 0.0941772461 0.0000000000 56.9000000000
105.0000000000 0.0941894531 0.0100000000 56.9000000000
106.0000000000 0.0942016602 0.0000000000 57.1400000000
107.0000000000 0.0942138672 0.0100000000 56.7800000000
108.0000000000 0.0942260742 0.0100000000 56.9200000000
109.0000000000 0.0942382813 0.0000000000 56.8900000000
110.0000000000 0.0942504883 0.0100000000 57.0700000000
111.0000000000 0.0942626953 0.0100000000 57.0200000000
112.0000000000 0.0942749023 0.0000000000 56.9800000000
113.0000000000 0.0942871094 0.0000000000 56.9500000000
114.0000000000 0.0942993164 0.0100000000 57.0900000000
115.0000000000 0.0943115234 0.0000000000 61.3900000000
116.0000000000 0.0943237305 0.0100000000 61.4600000000
117.0000000000 0.0943359375 0.0000000000 57.0300000000
118.0000000000 0.0943481445 0.0100000000 57.1100000000
119.0000000000 0.0943603516 0.0000000000 56.7800000000
120.0000000000 0.0943725586 0.0100000000 56.9100000000
121.0000000000 0.0943847656 0.0000000000 57.0700000000
122.0000000000 0.0943969727 0.0000000000 57.1300000000
123.0000000000 0.0944091797 0.0100000000 56.7700000000
124.0000000000 0.0944213867 0.0200000000 56.8800000000
125.0000000000 0.0944335938 0.0100000000 56.6500000000
126.0000000000 0.0944458008 0.0100000000 57.2400000000
127.0000000000 0.0944580078 0.0100000000 56.8500000000
128.0000000000 0.0944702148 0.0000000000 57.4500000000
129.0000000000 0.0944824219 0.0000000000 57.7500000000
130.0000000000 0.0944946289 0.0100000000 57.2700000000
131.0000000000 0.0945068359 0.0100000000 57.0600000000
132.0000000000 0.0945190430 0.0100000000 57.0300000000
133.0000000000 0.0945312500 0.0100000000 56.8600000000
134.0000000000 0.0945434570 0.0100000000 56.9700000000
135.0000000000 0.0945556641 0.0100000000 57.0200000000
136.0000000000 0.0945678711 0.0000000000 57.1100000000
137.0000000000 0.0945800781 0.0000000000 56.7900000000
138.0000000000 0.0945922852 0.0100000000 57.4400000000
139.0000000000 0.0946044922 0.0100000000 57.0100000000
140.0000000000 0.0946166992 0.0000000000 56.9300000000
141.0000000000 0.0946289063 0.0000000000 56.8800000000
142.0000000000 0.0946411133 0.0100000000 57.1500000000
143.0000000000 0.0946533203 0.0000000000 57.3600000000
144.0000000000 0.0946655273 0.0000000000 56.9200000000
145.0000000000 0.0946777344 0.0000000000 57.4100000000
146.0000000000 0.0946899414 0.0100000000 57.1900000000
147.0000000000 0.0947021484 0.0100000000 57.0300000000
148.0000000000 0.0947143555 0.0000000000 57.2000000000
149.0000000000 0.0947265625 0.0100000000 57.0600000000
150.0000000000 0.0947387695 0.0000000000 57.0500000000
151.0000000000 0.0947509766 0.0000000000 57.1400000000
152.0000000000 0.0947631836 0.0100000000 57.1000000000
153.0000000000 0.0947753906 0.0100000000 57.2800000000
154.0000000000 0.0947875977 0.0000000000 56.8500000000
155.0000000000 0.0947998047 0.0000000000 57.9700000000
156.0000000000 0.0948120117 0.0000000000 57.2600000000
157.0000000000 0.0948242188 0.0100000000 57.1100000000
158.0000000000 0.0948364258 0.0000000000 56.8300000000
159.0000000000 0.0948486328 0.0100000000 57.1000000000
160.0000000000 0.0948608398 0.0100000000 57.5300000000
161.0000000000 0.0948730469 0.0000000000 56.7800000000
162.0000000000 0.0948852539 0.0100000000 57.5900000000
163.0000000000 0.0948974609 0.0000000000 57.0700000000
164.0000000000 0.0949096680 0.0000000000 57.3600000000
165.0000000000 0.0949218750 0.0100000000 56.9800000000
166.0000000000 0.0949340820 0.0000000000 56.9800000000
167.0000000000 0.0949462891 0.0100000000 57.0200000000
168.0000000000 0.0949584961 0.0000000000 57.0800000000
169.0000000000 0.0949707031 0.0100000000 56.8400000000
170.0000000000 0.0949829102 0.0000000000 57.0700000000
171.0000000000 0.0949951172 0.0100000000 56.8400000000
172.0000000000 0.0950073242 0.0000000000 57.0800000000
173.0000000000 0.0950195313 0.0000000000 57.1800000000
174.0000000000 0.0950317383 0.0100000000 57.4200000000
175.0000000000 0.0950439453 0.0100000000 57.3400000000
176.0000000000 0.0950561523 0.0000000000 57.2500000000
177.0000000000 0.0950683594 0.0000000000 56.9800000000
178.0000000000 0.0950805664 0.0100000000 56.9800000000
179.0000000000 0.0950927734 0.0000000000 57.3800000000
180.0000000000 0.0951049805 0.0100000000 56.8800000000
181.0000000000 0.0951171875 0.0100000000 56.8400000000
182.0000000000 0.0951293945 0.0200000000 56.9700000000
183.0000000000 0.0951416016 0.0000000000 56.7800000000
184.0000000000 0.0951538086 0.0000000000 57.1500000000
185.0000000000 0.0951660156 0.0000000000 57.0200000000
186.0000000000 0.0951782227 0.0100000000 56.8900000000
187.0000000000 0.0951904297 0.0000000000 56.9300000000
188.0000000000 0.0952026367 0.0100000000 56.8900000000
189.0000000000 0.0952148438 0.0100000000 56.9900000000
190.0000000000 0.0952270508 0.0100000000 56.9400000000
191.0000000000 0.0952392578 0.0000000000 56.7900000000
192.0000000000 0.0952514648 0.0100000000 57.1800000000
193.0000000000 0.0952636719 0.0000000000 57.0700000000
194.0000000000 0.0952758789 0.0000000000 56.9700000000
195.0000000000 0.0952880859 0.0100000000 56.9800000000
196.0000000000 0.0953002930 0.0100000000 56.7900000000
197.0000000000 0.0953125000 0.0100000000 56.8800000000
198.0000000000 0.0953247070 0.0000000000 59.2100000000
199.0000000000 0.0953369141 0.0100000000 56.8000000000
200.0000000000 0.0953491211 0.0100000000 56.8100000000
201.0000000000 0.0953613281 0.0100000000 56.7700000000
202.0000000000 0.0953735352 0.0000000000 56.9600000000
203.0000000000 0.0953857422 0.0100000000 56.9200000000
204.0000000000 0.0953979492 0.0100000000 56.9000000000
205.0000000000 0.0954101563 0.0100000000 56.8300000000
206.0000000000 0.0954223633 0.0100000000 56.9500000000
207.0000000000 0.0954345703 0.0100000000 56.8100000000
208.0000000000 0.0954467773 0.0000000000 57.1600000000
209.0000000000 0.0954589844 0.0000000000 57.3600000000
210.0000000000 0.0954711914 0.0100000000 57.3300000000
211.0000000000 0.0954833984 0.0100000000 56.8700000000
212.0000000000 0.0954956055 0.0100000000 57.1800000000
213.0000000000 0.0955078125 0.0200000000 56.9800000000
214.0000000000 0.0955200195 0.0000000000 56.8300000000
215.0000000000 0.0955322266 0.0100000000 57.2500000000
216.0000000000 0.0955444336 0.0000000000 57.1600000000
217.0000000000 0.0955566406 0.0100000000 56.9000000000
218.0000000000 0.0955688477 0.0000000000 56.9100000000
219.0000000000 0.0955810547 0.0100000000 56.8400000000
220.0000000000 0.0955932617 0.0100000000 56.9000000000
221.0000000000 0.0956054688 0.0100000000 56.7900000000
222.0000000000 0.0956176758 0.0100000000 56.8700000000
223.0000000000 0.0956298828 0.0000000000 57.0100000000
224.0000000000 0.0956420898 0.0000000000 56.9600000000
225.0000000000 0.0956542969 0.0000000000 57.2900000000
226.0000000000 0.0956665039 0.0000000000 57.0500000000
227.0000000000 0.0956787109 0.0000000000 57.2900000000
228.0000000000 0.0956909180 0.0200000000 57.6800000000
229.0000000000 0.0957031250 0.0000000000 56.9000000000
230.0000000000 0.0957153320 0.0000000000 57.1000000000
231.0000000000 0.0957275391 0.0000000000 56.9100000000
232.0000000000 0.0957397461 0.0100000000 56.8100000000
233.0000000000 0.0957519531 0.0100000000 56.8800000000
234.0000000000 0.0957641602 0.0100000000 57.0600000000
235.0000000000 0.0957763672 0.0100000000 56.8000000000
236.0000000000 0.0957885742 0.0100000000 56.8900000000
237.0000000000 0.0958007813 0.0100000000 57.4000000000
238.0000000000 0.0958129883 0.0100000000 56.9900000000
239.0000000000 0.0958251953 0.0100000000 56.8300000000
240.0000000000 0.0958374023 0.0100000000 57.8000000000
241.0000000000 0.0958496094 0.0000000000 57.3500000000
242.0000000000 0.0958618164 0.0100000000 56.9900000000
243.0000000000 0.0958740234 0.0000000000 57.0600000000
244.0000000000 0.0958862305 0.0100000000 56.9400000000
245.0000000000 0.0958984375 0.0000000000 57.3700000000
246.0000000000 0.0959106445 0.0000000000 57.5500000000
247.0000000000 0.0959228516 0.0000000000 57.4700000000
248.0000000000 0.0959350586 0.0100000000 56.8600000000
249.0000000000 0.0959472656 0.0100000000 56.9200000000
250.0000000000 0.0959594727 0.0100000000 56.9000000000
251.0000000000 0.0959716797 0.0000000000 56.8400000000
252.0000000000 0.0959838867 0.0100000000 57.0000000000
253.0000000000 0.0959960938 0.0100000000 56.8200000000
254.0000000000 0.0960083008 0.0000000000 57.2000000000
255.0000000000 0.0960205078 0.0000000000 57.0800000000
256.0000000000 0.0960327148 0.0000000000 56.7700000000
257.0000000000 0.0960449219 0.0100000000 56.9600000000
258.0000000000 0.0960571289 0.0100000000 57.4500000000
259.0000000000 0.0960693359 0.0100000000 57.2900000000
260.0000000000 0.0960815430 0.0000000000 57.7200000000
261.0000000000 0.0960937500 0.0000000000 56.8200000000
262.0000000000 0.0961059570 0.0000000000 57.0600000000
263.0000000000 0.0961181641 0.0100000000 57.3800000000
264.0000000000 0.0961303711 0.0000000000 56.9900000000
265.0000000000 0.0961425781 0.0000000000 57.3300000000
266.0000000000 0.0961547852 0.0100000000 57.2900000000
267.0000000000 0.0961669922 0.0100000000 61.0300000000
268.0000000000 0.0961791992 0.0000000000 57.8900000000
269.0000000000 0.0961914063 0.0100000000 56.9500000000
270.0000000000 0.0962036133 0.0100000000 56.9200000000
271.0000000000 0.0962158203 0.0100000000 56.7200000000
272.0000000000 0.0962280273 0.0000000000 56.9100000000
273.0000000000 0.0962402344 0.0000000000 56.7700000000
274.0000000000 0.0962524414 0.0100000000 56.9100000000
275.0000000000 0.0962646484 0.0000000000 56.9200000000
276.0000000000 0.0962768555 0.0000000000 56.9900000000
277.0000000000 0.0962890625 0.0000000000 56.8800000000
278.0000000000 0.0963012695 0.0100000000 57.0700000000
279.0000000000 0.0963134766 0.0100000000 57.2600000000
280.0000000000 0.0963256836 0.0100000000 56.9400000000
281.0000000000 0.0963378906 0.0000000000 57.5900000000
282.0000000000 0.0963500977 0.0100000000 57.0300000000
283.0000000000 0.0963623047 0.0100000000 56.8800000000
284.0000000000 0.0963745117 0.0100000000 57.0400000000
285.0000000000 0.0963867188 0.0100000000 57.0600000000
286.0000000000 0.0963989258 0.0100000000 56.8700000000
287.0000000000 0.0964111328 0.0100000000 56.8200000000
288.0000000000 0.0964233398 0.0000000000 56.8800000000
289.0000000000 0.0964355469 0.0000000000 57.0700000000
290.0000000000 0.0964477539 0.0000000000 57.0700000000
291.0000000000 0.0964599609 0.0100000000 57.3100000000
