-2.500000e+00 -2.500000e+00 0.000000e+00 3.434860e-15 3.004936e-15 0.000000e+00
-2.500000e+00 -2.250000e+00 0.000000e+00 7.482365e-15 5.525509e-15 0.000000e+00
-2.500000e+00 -2.000000e+00 0.000000e+00 1.363616e-14 8.247961e-15 0.000000e+00
-2.500000e+00 -1.750000e+00 0.000000e+00 2.124958e-14 1.011710e-14 0.000000e+00
-2.500000e+00 -1.500000e+00 0.000000e+00 2.897036e-14 1.028130e-14 0.000000e+00
-2.500000e+00 -1.250000e+00 0.000000e+00 3.535568e-14 8.651331e-15 0.000000e+00
-2.500000e+00 -1.000000e+00 0.000000e+00 3.952159e-14 5.925712e-15 0.000000e+00
-2.500000e+00 -7.500000e-01 0.000000e+00 4.140770e-14 3.132788e-15 0.000000e+00
-2.500000e+00 -5.000000e-01 0.000000e+00 4.167161e-14 1.114793e-15 0.000000e+00
-2.500000e+00 -2.500000e-01 0.000000e+00 4.125398e-14 1.595531e-16 0.000000e+00
-2.500000e+00 0.000000e+00 0.000000e+00 4.091966e-14 -2.379717e-17 0.000000e+00
-2.500000e+00 2.500000e-01 0.000000e+00 4.104301e-14 -7.649006e-17 0.000000e+00
-2.500000e+00 5.000000e-01 0.000000e+00 4.145624e-14 -7.046115e-16 0.000000e+00
-2.500000e+00 7.500000e-01 0.000000e+00 4.149449e-14 -2.352014e-15 0.000000e+00
-2.500000e+00 1.000000e+00 0.000000e+00 4.023985e-14 -4.946146e-15 0.000000e+00
-2.500000e+00 1.250000e+00 0.000000e+00 3.689374e-14 -7.823685e-15 0.000000e+00
-2.500000e+00 1.500000e+00 0.000000e+00 3.122361e-14 -9.960072e-15 0.000000e+00
-2.500000e+00 1.750000e+00 0.000000e+00 2.380931e-14 -1.045389e-14 0.000000e+00
-2.500000e+00 2.000000e+00 0.000000e+00 1.596400e-14 -9.074808e-15 0.000000e+00
-2.500000e+00 2.250000e+00 0.000000e+00 9.183483e-15 -6.464420e-15 0.000000e+00
-2.500000e+00 2.500000e+00 0.000000e+00 4.428671e-15 -3.733978e-15 0.000000e+00
-2.250000e+00 -2.500000e+00 0.000000e+00 7.584436e-15 7.470604e-15 0.000000e+00
-2.250000e+00 -2.250000e+00 0.000000e+00 1.502976e-14 1.242245e-14 0.000000e+00
-2.250000e+00 -2.000000e+00 0.000000e+00 2.499257e-14 1.673869e-14 0.000000e+00
-2.250000e+00 -1.750000e+00 0.000000e+00 3.575653e-14 1.849118e-14 0.000000e+00
-2.250000e+00 -1.500000e+00 0.000000e+00 4.515298e-14 1.680908e-14 0.000000e+00
-2.250000e+00 -1.250000e+00 0.000000e+00 5.158197e-14 1.239059e-14 0.000000e+00
-2.250000e+00 -1.000000e+00 0.000000e+00 5.455768e-14 6.947550e-15 0.000000e+00
-2.250000e+00 -7.500000e-01 0.000000e+00 5.464692e-14 2.281809e-15 0.000000e+00
-2.250000e+00 -5.000000e-01 0.000000e+00 5.314050e-14 -4.292903e-16 0.000000e+00
-2.250000e+00 -2.500000e-01 0.000000e+00 5.143435e-14 -1.044542e-15 0.000000e+00
-2.250000e+00 0.000000e+00 0.000000e+00 5.052028e-14 -2.512422e-16 0.000000e+00
-2.250000e+00 2.500000e-01 0.000000e+00 5.089323e-14 7.817198e-16 0.000000e+00
-2.250000e+00 5.000000e-01 0.000000e+00 5.233589e-14 7.740949e-16 0.000000e+00
-2.250000e+00 7.500000e-01 0.000000e+00 5.396613e-14 -1.168603e-15 0.000000e+00
-2.250000e+00 1.000000e+00 0.000000e+00 5.451580e-14 -5.212479e-15 0.000000e+00
-2.250000e+00 1.250000e+00 0.000000e+00 5.264477e-14 -1.055983e-14 0.000000e+00
-2.250000e+00 1.500000e+00 0.000000e+00 4.746763e-14 -1.558644e-14 0.000000e+00
-2.250000e+00 1.750000e+00 0.000000e+00 3.900267e-14 -1.841193e-14 0.000000e+00
-2.250000e+00 2.000000e+00 0.000000e+00 2.846469e-14 -1.782519e-14 0.000000e+00
-2.250000e+00 2.250000e+00 0.000000e+00 1.795491e-14 -1.411818e-14 0.000000e+00
-2.250000e+00 2.500000e+00 0.000000e+00 9.530761e-15 -9.048946e-15 0.000000e+00
-2.000000e+00 -2.500000e+00 0.000000e+00 1.387116e-14 1.557550e-14 0.000000e+00
-2.000000e+00 -2.250000e+00 0.000000e+00 2.509665e-14 2.348078e-14 0.000000e+00
-2.000000e+00 -2.000000e+00 0.000000e+00 3.831393e-14 2.867426e-14 0.000000e+00
-2.000000e+00 -1.750000e+00 0.000000e+00 5.076960e-14 2.863886e-14 0.000000e+00
-2.000000e+00 -1.500000e+00 0.000000e+00 6.003710e-14 2.326985e-14 0.000000e+00
-2.000000e+00 -1.250000e+00 0.000000e+00 6.504870e-14 1.475078e-14 0.000000e+00
-2.000000e+00 -1.000000e+00 0.000000e+00 6.606485e-14 5.989329e-15 0.000000e+00
-2.000000e+00 -7.500000e-01 0.000000e+00 6.425710e-14 -5.266391e-16 0.000000e+00
-2.000000e+00 -5.000000e-01 0.000000e+00 6.109808e-14 -3.511999e-15 0.000000e+00
-2.000000e+00 -2.500000e-01 0.000000e+00 5.815783e-14 -3.148863e-15 0.000000e+00
-2.000000e+00 0.000000e+00 0.000000e+00 5.671890e-14 -6.068137e-16 0.000000e+00
-2.000000e+00 2.500000e-01 0.000000e+00 5.736286e-14 2.279845e-15 0.000000e+00
-2.000000e+00 5.000000e-01 0.000000e+00 5.980069e-14 3.551342e-15 0.000000e+00
-2.000000e+00 7.500000e-01 0.000000e+00 6.292519e-14 1.791141e-15 0.000000e+00
-2.000000e+00 1.000000e+00 0.000000e+00 6.522672e-14 -3.505563e-15 0.000000e+00
-2.000000e+00 1.250000e+00 0.000000e+00 6.525053e-14 -1.163064e-14 0.000000e+00
-2.000000e+00 1.500000e+00 0.000000e+00 6.171567e-14 -2.055366e-14 0.000000e+00
-2.000000e+00 1.750000e+00 0.000000e+00 5.395202e-14 -2.741817e-14 0.000000e+00
-2.000000e+00 2.000000e+00 0.000000e+00 4.244214e-14 -2.950407e-14 0.000000e+00
-2.000000e+00 2.250000e+00 0.000000e+00 2.916013e-14 -2.588022e-14 0.000000e+00
-2.000000e+00 2.500000e+00 0.000000e+00 1.697178e-14 -1.836055e-14 0.000000e+00
-1.750000e+00 -2.500000e+00 0.000000e+00 2.142247e-14 2.785453e-14 0.000000e+00
-1.750000e+00 -2.250000e+00 0.000000e+00 3.565236e-14 3.832961e-14 0.000000e+00
-1.750000e+00 -2.000000e+00 0.000000e+00 5.050834e-14 4.281490e-14 0.000000e+00
-1.750000e+00 -1.750000e+00 0.000000e+00 6.287132e-14 3.906515e-14 0.000000e+00
-1.750000e+00 -1.500000e+00 0.000000e+00 7.083859e-14 2.858464e-14 0.000000e+00
-1.750000e+00 -1.250000e+00 0.000000e+00 7.422346e-14 1.536172e-14 0.000000e+00
-1.750000e+00 -1.000000e+00 0.000000e+00 7.375850e-14 3.242742e-15 0.000000e+00
-1.750000e+00 -7.500000e-01 0.000000e+00 7.075319e-14 -4.920301e-15 0.000000e+00
-1.750000e+00 -5.000000e-01 0.000000e+00 6.645898e-14 -7.838518e-15 0.000000e+00
-1.750000e+00 -2.500000e-01 0.000000e+00 6.246524e-14 -5.929826e-15 0.000000e+00
-1.750000e+00 0.000000e+00 0.000000e+00 6.067019e-14 -9.756007e-16 0.000000e+00
-1.750000e+00 2.500000e-01 0.000000e+00 6.162403e-14 4.361443e-15 0.000000e+00
-1.750000e+00 5.000000e-01 0.000000e+00 6.495037e-14 7.443495e-15 0.000000e+00
-1.750000e+00 7.500000e-01 0.000000e+00 6.934238e-14 6.163264e-15 0.000000e+00
-1.750000e+00 1.000000e+00 0.000000e+00 7.276959e-14 -2.161993e-16 0.000000e+00
-1.750000e+00 1.250000e+00 0.000000e+00 7.392496e-14 -1.104987e-14 0.000000e+00
-1.750000e+00 1.500000e+00 0.000000e+00 7.167620e-14 -2.409041e-14 0.000000e+00
-1.750000e+00 1.750000e+00 0.000000e+00 6.536964e-14 -3.600614e-14 0.000000e+00
-1.750000e+00 2.000000e+00 0.000000e+00 5.458599e-14 -4.259751e-14 0.000000e+00
-1.750000e+00 2.250000e+00 0.000000e+00 4.037467e-14 -4.097651e-14 0.000000e+00
-1.750000e+00 2.500000e+00 0.000000e+00 2.555189e-14 -3.194711e-14 0.000000e+00
-1.500000e+00 -2.500000e+00 0.000000e+00 2.847795e-14 4.375175e-14 0.000000e+00
-1.500000e+00 -2.250000e+00 0.000000e+00 4.404876e-14 5.553355e-14 0.000000e+00
-1.500000e+00 -2.000000e+00 0.000000e+00 5.867875e-14 5.750872e-14 0.000000e+00
-1.500000e+00 -1.750000e+00 0.000000e+00 6.978879e-14 4.876797e-14 0.000000e+00
-1.500000e+00 -1.500000e+00 0.000000e+00 7.655991e-14 3.281945e-14 0.000000e+00
-1.500000e+00 -1.250000e+00 0.000000e+00 7.924700e-14 1.493667e-14 0.000000e+00
-1.500000e+00 -1.000000e+00 0.000000e+00 7.830738e-14 -5.203403e-16 0.000000e+00
-1.500000e+00 -7.500000e-01 0.000000e+00 7.492355e-14 -1.006921e-14 0.000000e+00
-1.500000e+00 -5.000000e-01 0.000000e+00 7.128911e-14 -1.224337e-14 0.000000e+00
-1.500000e+00 -2.500000e-01 0.000000e+00 6.866986e-14 -8.286184e-15 0.000000e+00
-1.500000e+00 0.000000e+00 0.000000e+00 6.780058e-14 -1.139598e-15 0.000000e+00
-1.500000e+00 2.500000e-01 0.000000e+00 6.851416e-14 6.193472e-15 0.000000e+00
-1.500000e+00 5.000000e-01 0.000000e+00 7.056211e-14 1.132058e-14 0.000000e+00
-1.500000e+00 7.500000e-01 0.000000e+00 7.414743e-14 1.114955e-14 0.000000e+00
-1.500000e+00 1.000000e+00 0.000000e+00 7.769716e-14 3.920479e-15 0.000000e+00
-1.500000e+00 1.250000e+00 0.000000e+00 7.924091e-14 -9.767876e-15 0.000000e+00
-1.500000e+00 1.500000e+00 0.000000e+00 7.727078e-14 -2.687021e-14 0.000000e+00
-1.500000e+00 1.750000e+00 0.000000e+00 7.176867e-14 -4.370159e-14 0.000000e+00
-1.500000e+00 2.000000e+00 0.000000e+00 6.231413e-14 -5.559629e-14 0.000000e+00
-1.500000e+00 2.250000e+00 0.000000e+00 4.883936e-14 -5.773783e-14 0.000000e+00
-1.500000e+00 2.500000e+00 0.000000e+00 3.320106e-14 -4.888723e-14 0.000000e+00
-1.250000e+00 -2.500000e+00 0.000000e+00 3.312458e-14 6.175098e-14 0.000000e+00
-1.250000e+00 -2.250000e+00 0.000000e+00 4.821779e-14 7.327167e-14 0.000000e+00
-1.250000e+00 -2.000000e+00 0.000000e+00 6.129562e-14 7.152069e-14 0.000000e+00
-1.250000e+00 -1.750000e+00 0.000000e+00 7.092707e-14 5.772520e-14 0.000000e+00
-1.250000e+00 -1.500000e+00 0.000000e+00 7.711727e-14 3.683180e-14 0.000000e+00
-1.250000e+00 -1.250000e+00 0.000000e+00 8.000808e-14 1.447153e-14 0.000000e+00
-1.250000e+00 -1.000000e+00 0.000000e+00 8.064190e-14 -3.344203e-15 0.000000e+00
-1.250000e+00 -7.500000e-01 0.000000e+00 8.192868e-14 -1.136308e-14 0.000000e+00
-1.250000e+00 -5.000000e-01 0.000000e+00 8.482094e-14 -1.072629e-14 0.000000e+00
-1.250000e+00 -2.500000e-01 0.000000e+00 8.856252e-14 -5.949168e-15 0.000000e+00
-1.250000e+00 0.000000e+00 0.000000e+00 9.066459e-14 -6.096358e-16 0.000000e+00
-1.250000e+00 2.500000e-01 0.000000e+00 8.986951e-14 4.420616e-15 0.000000e+00
-1.250000e+00 5.000000e-01 0.000000e+00 8.669428e-14 9.379592e-15 0.000000e+00
-1.250000e+00 7.500000e-01 0.000000e+00 8.352750e-14 1.147416e-14 0.000000e+00
-1.250000e+00 1.000000e+00 0.000000e+00 8.143571e-14 6.393823e-15 0.000000e+00
-1.250000e+00 1.250000e+00 0.000000e+00 8.076091e-14 -8.628969e-15 0.000000e+00
-1.250000e+00 1.500000e+00 0.000000e+00 7.870471e-14 -3.005201e-14 0.000000e+00
-1.250000e+00 1.750000e+00 0.000000e+00 7.311721e-14 -5.125796e-14 0.000000e+00
-1.250000e+00 2.000000e+00 0.000000e+00 6.452947e-14 -6.785609e-14 0.000000e+00
-1.250000e+00 2.250000e+00 0.000000e+00 5.259861e-14 -7.447459e-14 0.000000e+00
-1.250000e+00 2.500000e+00 0.000000e+00 3.785444e-14 -6.742299e-14 0.000000e+00
-1.000000e+00 -2.500000e+00 0.000000e+00 3.402297e-14 7.988543e-14 0.000000e+00
-1.000000e+00 -2.250000e+00 0.000000e+00 4.728866e-14 9.004397e-14 0.000000e+00
-1.000000e+00 -2.000000e+00 0.000000e+00 5.833204e-14 8.446688e-14 0.000000e+00
-1.000000e+00 -1.750000e+00 0.000000e+00 6.670703e-14 6.645769e-14 0.000000e+00
-1.000000e+00 -1.500000e+00 0.000000e+00 7.255788e-14 4.134564e-14 0.000000e+00
-1.000000e+00 -1.250000e+00 0.000000e+00 7.692647e-14 1.632104e-14 0.000000e+00
-1.000000e+00 -1.000000e+00 0.000000e+00 8.380523e-14 1.598398e-15 0.000000e+00
-1.000000e+00 -7.500000e-01 0.000000e+00 9.563200e-14 5.024833e-16 0.000000e+00
-1.000000e+00 -5.000000e-01 0.000000e+00 1.092113e-13 5.082652e-15 0.000000e+00
-1.000000e+00 -2.500000e-01 0.000000e+00 1.224170e-13 6.270197e-15 0.000000e+00
-1.000000e+00 0.000000e+00 0.000000e+00 1.299939e-13 1.217149e-15 0.000000e+00
-1.000000e+00 2.500000e-01 0.000000e+00 1.261763e-13 -4.868503e-15 0.000000e+00
-1.000000e+00 5.000000e-01 0.000000e+00 1.144942e-13 -6.091410e-15 0.000000e+00
-1.000000e+00 7.500000e-01 0.000000e+00 1.008277e-13 -2.412191e-15 0.000000e+00
-1.000000e+00 1.000000e+00 0.000000e+00 8.766941e-14 -7.439108e-16 0.000000e+00
-1.000000e+00 1.250000e+00 0.000000e+00 7.929990e-14 -1.080652e-14 0.000000e+00
-1.000000e+00 1.500000e+00 0.000000e+00 7.482829e-14 -3.392704e-14 0.000000e+00
-1.000000e+00 1.750000e+00 0.000000e+00 6.929949e-14 -5.939298e-14 0.000000e+00
-1.000000e+00 2.000000e+00 0.000000e+00 6.125791e-14 -7.963225e-14 0.000000e+00
-1.000000e+00 2.250000e+00 0.000000e+00 5.097614e-14 -9.011487e-14 0.000000e+00
-1.000000e+00 2.500000e+00 0.000000e+00 3.824313e-14 -8.563146e-14 0.000000e+00
-7.500000e-01 -2.500000e+00 0.000000e+00 3.072565e-14 9.621444e-14 0.000000e+00
-7.500000e-01 -2.250000e+00 0.000000e+00 4.135650e-14 1.047314e-13 0.000000e+00
-7.500000e-01 -2.000000e+00 0.000000e+00 5.024073e-14 9.622194e-14 0.000000e+00
-7.500000e-01 -1.750000e+00 0.000000e+00 5.741424e-14 7.510278e-14 0.000000e+00
-7.500000e-01 -1.500000e+00 0.000000e+00 6.293794e-14 4.703018e-14 0.000000e+00
-7.500000e-01 -1.250000e+00 0.000000e+00 7.055520e-14 2.486206e-14 0.000000e+00
-7.500000e-01 -1.000000e+00 0.000000e+00 8.528273e-14 2.034136e-14 0.000000e+00
-7.500000e-01 -7.500000e-01 0.000000e+00 1.069284e-13 2.990430e-14 0.000000e+00
-7.500000e-01 -5.000000e-01 0.000000e+00 1.433926e-13 4.288547e-14 0.000000e+00
-7.500000e-01 -2.500000e-01 0.000000e+00 1.857109e-13 3.574874e-14 0.000000e+00
-7.500000e-01 0.000000e+00 0.000000e+00 2.106167e-13 6.282192e-15 0.000000e+00
-7.500000e-01 2.500000e-01 0.000000e+00 1.977148e-13 -2.791521e-14 0.000000e+00
-7.500000e-01 5.000000e-01 0.000000e+00 1.582260e-13 -4.330248e-14 0.000000e+00
-7.500000e-01 7.500000e-01 0.000000e+00 1.176704e-13 -3.542104e-14 0.000000e+00
-7.500000e-01 1.000000e+00 0.000000e+00 9.218429e-14 -2.332914e-14 0.000000e+00
-7.500000e-01 1.250000e+00 0.000000e+00 7.486240e-14 -2.190745e-14 0.000000e+00
-7.500000e-01 1.500000e+00 0.000000e+00 6.536570e-14 -3.963042e-14 0.000000e+00
-7.500000e-01 1.750000e+00 0.000000e+00 5.962459e-14 -6.746343e-14 0.000000e+00
-7.500000e-01 2.000000e+00 0.000000e+00 5.268109e-14 -9.082802e-14 0.000000e+00
-7.500000e-01 2.250000e+00 0.000000e+00 4.425660e-14 -1.040132e-13 0.000000e+00
-7.500000e-01 2.500000e+00 0.000000e+00 3.413696e-14 -1.018876e-13 0.000000e+00
-5.000000e-01 -2.500000e+00 0.000000e+00 2.363594e-14 1.092082e-13 0.000000e+00
-5.000000e-01 -2.250000e+00 0.000000e+00 3.117054e-14 1.164025e-13 0.000000e+00
-5.000000e-01 -2.000000e+00 0.000000e+00 3.766021e-14 1.062429e-13 0.000000e+00
-5.000000e-01 -1.750000e+00 0.000000e+00 4.322793e-14 8.291462e-14 0.000000e+00
-5.000000e-01 -1.500000e+00 0.000000e+00 4.851905e-14 5.442485e-14 0.000000e+00
-5.000000e-01 -1.250000e+00 0.000000e+00 5.850477e-14 4.072840e-14 0.000000e+00
-5.000000e-01 -1.000000e+00 0.000000e+00 7.595028e-14 4.879401e-14 0.000000e+00
-5.000000e-01 -7.500000e-01 0.000000e+00 1.123396e-13 8.138078e-14 0.000000e+00
-5.000000e-01 -5.000000e-01 0.000000e+00 1.649523e-13 9.869227e-14 0.000000e+00
-5.000000e-01 -2.500000e-01 0.000000e+00 2.039732e-13 7.478174e-14 0.000000e+00
-5.000000e-01 0.000000e+00 0.000000e+00 2.210103e-13 1.339679e-14 0.000000e+00
-5.000000e-01 2.500000e-01 0.000000e+00 2.115833e-13 -5.857333e-14 0.000000e+00
-5.000000e-01 5.000000e-01 0.000000e+00 1.782362e-13 -9.462452e-14 0.000000e+00
-5.000000e-01 7.500000e-01 0.000000e+00 1.293305e-13 -9.313220e-14 0.000000e+00
-5.000000e-01 1.000000e+00 0.000000e+00 8.330768e-14 -5.752467e-14 0.000000e+00
-5.000000e-01 1.250000e+00 0.000000e+00 6.207093e-14 -4.142746e-14 0.000000e+00
-5.000000e-01 1.500000e+00 0.000000e+00 5.002031e-14 -4.793367e-14 0.000000e+00
-5.000000e-01 1.750000e+00 0.000000e+00 4.438158e-14 -7.461091e-14 0.000000e+00
-5.000000e-01 2.000000e+00 0.000000e+00 3.935076e-14 -1.005957e-13 0.000000e+00
-5.000000e-01 2.250000e+00 0.000000e+00 3.322817e-14 -1.153621e-13 0.000000e+00
-5.000000e-01 2.500000e+00 0.000000e+00 2.606951e-14 -1.148834e-13 0.000000e+00
-2.500000e-01 -2.500000e+00 0.000000e+00 1.373346e-14 1.178725e-13 0.000000e+00
-2.500000e-01 -2.250000e+00 0.000000e+00 1.794866e-14 1.242462e-13 0.000000e+00
-2.500000e-01 -2.000000e+00 0.000000e+00 2.166990e-14 1.134668e-13 0.000000e+00
-2.500000e-01 -1.750000e+00 0.000000e+00 2.492116e-14 8.887627e-14 0.000000e+00
-2.500000e-01 -1.500000e+00 0.000000e+00 2.867394e-14 6.155684e-14 0.000000e+00
-2.500000e-01 -1.250000e+00 0.000000e+00 3.672283e-14 5.611533e-14 0.000000e+00
-2.500000e-01 -1.000000e+00 0.000000e+00 5.171438e-14 7.813465e-14 0.000000e+00
-2.500000e-01 -7.500000e-01 0.000000e+00 8.580247e-14 1.313442e-13 0.000000e+00
-2.500000e-01 -5.000000e-01 0.000000e+00 1.052591e-13 1.252430e-13 0.000000e+00
-2.500000e-01 -2.500000e-01 0.000000e+00 1.051227e-13 8.406938e-14 0.000000e+00
-2.500000e-01 0.000000e+00 0.000000e+00 9.889614e-14 1.425068e-14 0.000000e+00
-2.500000e-01 2.500000e-01 0.000000e+00 9.928547e-14 -6.586941e-14 0.000000e+00
-2.500000e-01 5.000000e-01 0.000000e+00 9.976791e-14 -1.154969e-13 0.000000e+00
-2.500000e-01 7.500000e-01 0.000000e+00 8.611212e-14 -1.357542e-13 0.000000e+00
-2.500000e-01 1.000000e+00 0.000000e+00 5.481811e-14 -9.629032e-14 0.000000e+00
-2.500000e-01 1.250000e+00 0.000000e+00 3.782554e-14 -6.035106e-14 0.000000e+00
-2.500000e-01 1.500000e+00 0.000000e+00 2.915110e-14 -5.722930e-14 0.000000e+00
-2.500000e-01 1.750000e+00 0.000000e+00 2.516773e-14 -8.004558e-14 0.000000e+00
-2.500000e-01 2.000000e+00 0.000000e+00 2.243139e-14 -1.073056e-13 0.000000e+00
-2.500000e-01 2.250000e+00 0.000000e+00 1.903196e-14 -1.230816e-13 0.000000e+00
-2.500000e-01 2.500000e+00 0.000000e+00 1.506141e-14 -1.236027e-13 0.000000e+00
0.000000e+00 -2.500000e+00 0.000000e+00 2.244351e-15 1.216475e-13 0.000000e+00
0.000000e+00 -2.250000e+00 0.000000e+00 2.959337e-15 1.275550e-13 0.000000e+00
0.000000e+00 -2.000000e+00 0.000000e+00 3.524194e-15 1.163891e-13 0.000000e+00
0.000000e+00 -1.750000e+00 0.000000e+00 4.011493e-15 9.138207e-14 0.000000e+00
0.000000e+00 -1.500000e+00 0.000000e+00 4.751067e-15 6.559505e-14 0.000000e+00
0.000000e+00 -1.250000e+00 0.000000e+00 6.451503e-15 6.450797e-14 0.000000e+00
0.000000e+00 -1.000000e+00 0.000000e+00 9.723513e-15 9.589722e-14 0.000000e+00
0.000000e+00 -7.500000e-01 0.000000e+00 1.556109e-14 1.478948e-13 0.000000e+00
0.000000e+00 -5.000000e-01 0.000000e+00 1.683355e-14 1.254226e-13 0.000000e+00
0.000000e+00 -2.500000e-01 0.000000e+00 1.373944e-14 7.325301e-14 0.000000e+00
0.000000e+00 0.000000e+00 0.000000e+00 9.970345e-15 1.195806e-14 0.000000e+00
0.000000e+00 2.500000e-01 0.000000e+00 1.097244e-14 -5.528715e-14 0.000000e+00
0.000000e+00 5.000000e-01 0.000000e+00 1.339076e-14 -1.147748e-13 0.000000e+00
0.000000e+00 7.500000e-01 0.000000e+00 1.326936e-14 -1.463611e-13 0.000000e+00
0.000000e+00 1.000000e+00 0.000000e+00 8.925523e-15 -1.179576e-13 0.000000e+00
0.000000e+00 1.250000e+00 0.000000e+00 6.042099e-15 -6.993969e-14 0.000000e+00
0.000000e+00 1.500000e+00 0.000000e+00 4.701425e-15 -6.235776e-14 0.000000e+00
0.000000e+00 1.750000e+00 0.000000e+00 4.160827e-15 -8.245486e-14 0.000000e+00
0.000000e+00 2.000000e+00 0.000000e+00 3.658316e-15 -1.101174e-13 0.000000e+00
0.000000e+00 2.250000e+00 0.000000e+00 3.031395e-15 -1.263339e-13 0.000000e+00
0.000000e+00 2.500000e+00 0.000000e+00 2.383409e-15 -1.273288e-13 0.000000e+00
2.500000e-01 -2.500000e+00 0.000000e+00 -9.547288e-15 1.200788e-13 0.000000e+00
2.500000e-01 -2.250000e+00 0.000000e+00 -1.244937e-14 1.258761e-13 0.000000e+00
2.500000e-01 -2.000000e+00 0.000000e+00 -1.506464e-14 1.147889e-13 0.000000e+00
2.500000e-01 -1.750000e+00 0.000000e+00 -1.722112e-14 9.017991e-14 0.000000e+00
2.500000e-01 -1.500000e+00 0.000000e+00 -1.984548e-14 6.365427e-14 0.000000e+00
2.500000e-01 -1.250000e+00 0.000000e+00 -2.598333e-14 6.064459e-14 0.000000e+00
2.500000e-01 -1.000000e+00 0.000000e+00 -3.796960e-14 8.749801e-14 0.000000e+00
2.500000e-01 -7.500000e-01 0.000000e+00 -6.296046e-14 1.417885e-13 0.000000e+00
2.500000e-01 -5.000000e-01 0.000000e+00 -7.224931e-14 1.263237e-13 0.000000e+00
2.500000e-01 -2.500000e-01 0.000000e+00 -6.636984e-14 7.990553e-14 0.000000e+00
2.500000e-01 0.000000e+00 0.000000e+00 -5.683454e-14 1.364601e-14 0.000000e+00
2.500000e-01 2.500000e-01 0.000000e+00 -5.764166e-14 -6.171173e-14 0.000000e+00
2.500000e-01 5.000000e-01 0.000000e+00 -6.387660e-14 -1.162417e-13 0.000000e+00
2.500000e-01 7.500000e-01 0.000000e+00 -5.898456e-14 -1.422618e-13 0.000000e+00
2.500000e-01 1.000000e+00 0.000000e+00 -3.886108e-14 -1.074203e-13 0.000000e+00
2.500000e-01 1.250000e+00 0.000000e+00 -2.661213e-14 -6.509477e-14 0.000000e+00
2.500000e-01 1.500000e+00 0.000000e+00 -2.032010e-14 -5.916386e-14 0.000000e+00
2.500000e-01 1.750000e+00 0.000000e+00 -1.725192e-14 -8.094916e-14 0.000000e+00
2.500000e-01 2.000000e+00 0.000000e+00 -1.545662e-14 -1.088895e-13 0.000000e+00
2.500000e-01 2.250000e+00 0.000000e+00 -1.324848e-14 -1.248102e-13 0.000000e+00
2.500000e-01 2.500000e+00 0.000000e+00 -1.058594e-14 -1.257105e-13 0.000000e+00
5.000000e-01 -2.500000e+00 0.000000e+00 -2.023516e-14 1.130982e-13 0.000000e+00
5.000000e-01 -2.250000e+00 0.000000e+00 -2.659857e-14 1.193676e-13 0.000000e+00
5.000000e-01 -2.000000e+00 0.000000e+00 -3.220760e-14 1.091402e-13 0.000000e+00
5.000000e-01 -1.750000e+00 0.000000e+00 -3.690707e-14 8.576183e-14 0.000000e+00
5.000000e-01 -1.500000e+00 0.000000e+00 -4.164021e-14 5.710056e-14 0.000000e+00
5.000000e-01 -1.250000e+00 0.000000e+00 -5.165195e-14 4.656324e-14 0.000000e+00
5.000000e-01 -1.000000e+00 0.000000e+00 -6.939611e-14 6.076337e-14 0.000000e+00
5.000000e-01 -7.500000e-01 0.000000e+00 -1.087369e-13 1.039333e-13 0.000000e+00
5.000000e-01 -5.000000e-01 0.000000e+00 -1.505994e-13 1.131425e-13 0.000000e+00
5.000000e-01 -2.500000e-01 0.000000e+00 -1.736844e-13 8.202305e-14 0.000000e+00
5.000000e-01 0.000000e+00 0.000000e+00 -1.822497e-13 1.584913e-14 0.000000e+00
5.000000e-01 2.500000e-01 0.000000e+00 -1.773057e-13 -6.560705e-14 0.000000e+00
5.000000e-01 5.000000e-01 0.000000e+00 -1.578600e-13 -1.075855e-13 0.000000e+00
5.000000e-01 7.500000e-01 0.000000e+00 -1.211520e-13 -1.136661e-13 0.000000e+00
5.000000e-01 1.000000e+00 0.000000e+00 -7.489075e-14 -7.232431e-14 0.000000e+00
5.000000e-01 1.250000e+00 0.000000e+00 -5.413844e-14 -4.910347e-14 0.000000e+00
5.000000e-01 1.500000e+00 0.000000e+00 -4.261220e-14 -5.068722e-14 0.000000e+00
5.000000e-01 1.750000e+00 0.000000e+00 -3.734460e-14 -7.629071e-14 0.000000e+00
5.000000e-01 2.000000e+00 0.000000e+00 -3.330798e-14 -1.035220e-13 0.000000e+00
5.000000e-01 2.250000e+00 0.000000e+00 -2.831588e-14 -1.187529e-13 0.000000e+00
5.000000e-01 2.500000e+00 0.000000e+00 -2.243914e-14 -1.189445e-13 0.000000e+00
7.500000e-01 -2.500000e+00 0.000000e+00 -2.848605e-14 1.014414e-13 0.000000e+00
7.500000e-01 -2.250000e+00 0.000000e+00 -3.796590e-14 1.087920e-13 0.000000e+00
7.500000e-01 -2.000000e+00 0.000000e+00 -4.617604e-14 9.988971e-14 0.000000e+00
7.500000e-01 -1.750000e+00 0.000000e+00 -5.306913e-14 7.865333e-14 0.000000e+00
7.500000e-01 -1.500000e+00 0.000000e+00 -5.848143e-14 4.975665e-14 0.000000e+00
7.500000e-01 -1.250000e+00 0.000000e+00 -6.711439e-14 2.985934e-14 0.000000e+00
7.500000e-01 -1.000000e+00 0.000000e+00 -8.381271e-14 3.088053e-14 0.000000e+00
7.500000e-01 -7.500000e-01 0.000000e+00 -1.104748e-13 4.726482e-14 0.000000e+00
7.500000e-01 -5.000000e-01 0.000000e+00 -1.586421e-13 6.390275e-14 0.000000e+00
7.500000e-01 -2.500000e-01 0.000000e+00 -2.087605e-13 5.115898e-14 0.000000e+00
7.500000e-01 0.000000e+00 0.000000e+00 -2.366923e-13 9.270974e-15 0.000000e+00
7.500000e-01 2.500000e-01 0.000000e+00 -2.231144e-13 -4.111661e-14 0.000000e+00
7.500000e-01 5.000000e-01 0.000000e+00 -1.763088e-13 -6.302695e-14 0.000000e+00
7.500000e-01 7.500000e-01 0.000000e+00 -1.245688e-13 -5.493105e-14 0.000000e+00
7.500000e-01 1.000000e+00 0.000000e+00 -9.065760e-14 -3.535350e-14 0.000000e+00
7.500000e-01 1.250000e+00 0.000000e+00 -7.110460e-14 -2.871251e-14 0.000000e+00
7.500000e-01 1.500000e+00 0.000000e+00 -5.971186e-14 -4.162636e-14 0.000000e+00
7.500000e-01 1.750000e+00 0.000000e+00 -5.415724e-14 -6.990657e-14 0.000000e+00
7.500000e-01 2.000000e+00 0.000000e+00 -4.824923e-14 -9.491201e-14 0.000000e+00
7.500000e-01 2.250000e+00 0.000000e+00 -4.080714e-14 -1.088411e-13 0.000000e+00
7.500000e-01 2.500000e+00 0.000000e+00 -3.182377e-14 -1.075797e-13 0.000000e+00
1.000000e+00 -2.500000e+00 0.000000e+00 -3.325098e-14 8.620790e-14 0.000000e+00
1.000000e+00 -2.250000e+00 0.000000e+00 -4.544676e-14 9.509814e-14 0.000000e+00
1.000000e+00 -2.000000e+00 0.000000e+00 -5.579677e-14 8.824066e-14 0.000000e+00
1.000000e+00 -1.750000e+00 0.000000e+00 -6.416745e-14 6.977500e-14 0.000000e+00
1.000000e+00 -1.500000e+00 0.000000e+00 -6.999070e-14 4.373529e-14 0.000000e+00
1.000000e+00 -1.250000e+00 0.000000e+00 -7.513047e-14 1.871274e-14 0.000000e+00
1.000000e+00 -1.000000e+00 0.000000e+00 -8.503773e-14 7.181743e-15 0.000000e+00
1.000000e+00 -7.500000e-01 0.000000e+00 -1.011375e-13 9.946579e-15 0.000000e+00
1.000000e+00 -5.000000e-01 0.000000e+00 -1.202740e-13 1.580633e-14 0.000000e+00
1.000000e+00 -2.500000e-01 0.000000e+00 -1.421483e-13 1.471749e-14 0.000000e+00
1.000000e+00 0.000000e+00 0.000000e+00 -1.542233e-13 2.302938e-15 0.000000e+00
1.000000e+00 2.500000e-01 0.000000e+00 -1.480782e-13 -1.132129e-14 0.000000e+00
1.000000e+00 5.000000e-01 0.000000e+00 -1.281551e-13 -1.654710e-14 0.000000e+00
1.000000e+00 7.500000e-01 0.000000e+00 -1.073970e-13 -1.196404e-14 0.000000e+00
1.000000e+00 1.000000e+00 0.000000e+00 -9.011678e-14 -7.498421e-15 0.000000e+00
1.000000e+00 1.250000e+00 0.000000e+00 -7.756487e-14 -1.339247e-14 0.000000e+00
1.000000e+00 1.500000e+00 0.000000e+00 -7.140394e-14 -3.513719e-14 0.000000e+00
1.000000e+00 1.750000e+00 0.000000e+00 -6.644409e-14 -6.268396e-14 0.000000e+00
1.000000e+00 2.000000e+00 0.000000e+00 -5.900733e-14 -8.442144e-14 0.000000e+00
1.000000e+00 2.250000e+00 0.000000e+00 -4.938919e-14 -9.592303e-14 0.000000e+00
1.000000e+00 2.500000e+00 0.000000e+00 -3.754068e-14 -9.243853e-14 0.000000e+00
1.250000e+00 -2.500000e+00 0.000000e+00 -3.394038e-14 6.870682e-14 0.000000e+00
1.250000e+00 -2.250000e+00 0.000000e+00 -4.821157e-14 7.913910e-14 0.000000e+00
1.250000e+00 -2.000000e+00 0.000000e+00 -6.039041e-14 7.532965e-14 0.000000e+00
1.250000e+00 -1.750000e+00 0.000000e+00 -6.984395e-14 6.039172e-14 0.000000e+00
1.250000e+00 -1.500000e+00 0.000000e+00 -7.640442e-14 3.887320e-14 0.000000e+00
1.250000e+00 -1.250000e+00 0.000000e+00 -7.958835e-14 1.513864e-14 0.000000e+00
1.250000e+00 -1.000000e+00 0.000000e+00 -8.192340e-14 -2.604217e-15 0.000000e+00
1.250000e+00 -7.500000e-01 0.000000e+00 -8.666705e-14 -8.755346e-15 0.000000e+00
1.250000e+00 -5.000000e-01 0.000000e+00 -9.384297e-14 -6.597628e-15 0.000000e+00
1.250000e+00 -2.500000e-01 0.000000e+00 -1.005652e-13 -2.720649e-15 0.000000e+00
1.250000e+00 0.000000e+00 0.000000e+00 -1.033425e-13 -4.011707e-16 0.000000e+00
1.250000e+00 2.500000e-01 0.000000e+00 -1.020950e-13 1.989683e-15 0.000000e+00
1.250000e+00 5.000000e-01 0.000000e+00 -9.691171e-14 5.505441e-15 0.000000e+00
1.250000e+00 7.500000e-01 0.000000e+00 -8.919629e-14 8.674499e-15 0.000000e+00
1.250000e+00 1.000000e+00 0.000000e+00 -8.320485e-14 5.445282e-15 0.000000e+00
1.250000e+00 1.250000e+00 0.000000e+00 -8.022637e-14 -8.540598e-15 0.000000e+00
1.250000e+00 1.500000e+00 0.000000e+00 -7.802414e-14 -3.142299e-14 0.000000e+00
1.250000e+00 1.750000e+00 0.000000e+00 -7.285388e-14 -5.474123e-14 0.000000e+00
1.250000e+00 2.000000e+00 0.000000e+00 -6.440943e-14 -7.272728e-14 0.000000e+00
1.250000e+00 2.250000e+00 0.000000e+00 -5.293934e-14 -8.076644e-14 0.000000e+00
1.250000e+00 2.500000e+00 0.000000e+00 -3.877880e-14 -7.469653e-14 0.000000e+00
1.500000e+00 -2.500000e+00 0.000000e+00 -3.068715e-14 5.061224e-14 0.000000e+00
1.500000e+00 -2.250000e+00 0.000000e+00 -4.602277e-14 6.197447e-14 0.000000e+00
1.500000e+00 -2.000000e+00 0.000000e+00 -5.975972e-14 6.183262e-14 0.000000e+00
1.500000e+00 -1.750000e+00 0.000000e+00 -7.022748e-14 5.116559e-14 0.000000e+00
1.500000e+00 -1.500000e+00 0.000000e+00 -7.716417e-14 3.415482e-14 0.000000e+00
1.500000e+00 -1.250000e+00 0.000000e+00 -8.041060e-14 1.505413e-14 0.000000e+00
1.500000e+00 -1.000000e+00 0.000000e+00 -7.978494e-14 -1.605691e-15 0.000000e+00
1.500000e+00 -7.500000e-01 0.000000e+00 -7.718360e-14 -1.123884e-14 0.000000e+00
1.500000e+00 -5.000000e-01 0.000000e+00 -7.542499e-14 -1.256980e-14 0.000000e+00
1.500000e+00 -2.500000e-01 0.000000e+00 -7.460110e-14 -8.174465e-15 0.000000e+00
1.500000e+00 0.000000e+00 0.000000e+00 -7.423978e-14 -1.122463e-15 0.000000e+00
1.500000e+00 2.500000e-01 0.000000e+00 -7.456759e-14 6.165930e-15 0.000000e+00
1.500000e+00 5.000000e-01 0.000000e+00 -7.524208e-14 1.178076e-14 0.000000e+00
1.500000e+00 7.500000e-01 0.000000e+00 -7.681955e-14 1.243595e-14 0.000000e+00
1.500000e+00 1.000000e+00 0.000000e+00 -7.914237e-14 5.411988e-15 0.000000e+00
1.500000e+00 1.250000e+00 0.000000e+00 -8.059494e-14 -9.320383e-15 0.000000e+00
1.500000e+00 1.500000e+00 0.000000e+00 -7.884916e-14 -2.830477e-14 0.000000e+00
1.500000e+00 1.750000e+00 0.000000e+00 -7.334711e-14 -4.682210e-14 0.000000e+00
1.500000e+00 2.000000e+00 0.000000e+00 -6.402243e-14 -6.032737e-14 0.000000e+00
1.500000e+00 2.250000e+00 0.000000e+00 -5.099108e-14 -6.417264e-14 0.000000e+00
1.500000e+00 2.500000e+00 0.000000e+00 -3.549516e-14 -5.593743e-14 0.000000e+00
1.750000e+00 -2.500000e+00 0.000000e+00 -2.441094e-14 3.376667e-14 0.000000e+00
1.750000e+00 -2.250000e+00 0.000000e+00 -3.928363e-14 4.473205e-14 0.000000e+00
1.750000e+00 -2.000000e+00 0.000000e+00 -5.386506e-14 4.784561e-14 0.000000e+00
1.750000e+00 -1.750000e+00 0.000000e+00 -6.544290e-14 4.194155e-14 0.000000e+00
1.750000e+00 -1.500000e+00 0.000000e+00 -7.292042e-14 2.970073e-14 0.000000e+00
1.750000e+00 -1.250000e+00 0.000000e+00 -7.630857e-14 1.516109e-14 0.000000e+00
1.750000e+00 -1.000000e+00 0.000000e+00 -7.599130e-14 2.107833e-15 0.000000e+00
1.750000e+00 -7.500000e-01 0.000000e+00 -7.270955e-14 -6.622700e-15 0.000000e+00
1.750000e+00 -5.000000e-01 0.000000e+00 -6.814456e-14 -9.493849e-15 0.000000e+00
1.750000e+00 -2.500000e-01 0.000000e+00 -6.424240e-14 -6.878477e-15 0.000000e+00
1.750000e+00 0.000000e+00 0.000000e+00 -6.256504e-14 -9.830312e-16 0.000000e+00
1.750000e+00 2.500000e-01 0.000000e+00 -6.351819e-14 5.259212e-15 0.000000e+00
1.750000e+00 5.000000e-01 0.000000e+00 -6.671408e-14 9.171062e-15 0.000000e+00
1.750000e+00 7.500000e-01 0.000000e+00 -7.142508e-14 8.092279e-15 0.000000e+00
1.750000e+00 1.000000e+00 0.000000e+00 -7.531182e-14 1.222137e-15 0.000000e+00
1.750000e+00 1.250000e+00 0.000000e+00 -7.664949e-14 -1.070779e-14 0.000000e+00
1.750000e+00 1.500000e+00 0.000000e+00 -7.460842e-14 -2.533325e-14 0.000000e+00
1.750000e+00 1.750000e+00 0.000000e+00 -6.849556e-14 -3.897238e-14 0.000000e+00
1.750000e+00 2.000000e+00 0.000000e+00 -5.808506e-14 -4.742239e-14 0.000000e+00
1.750000e+00 2.250000e+00 0.000000e+00 -4.402276e-14 -4.720081e-14 0.000000e+00
1.750000e+00 2.500000e+00 0.000000e+00 -2.865906e-14 -3.807054e-14 0.000000e+00
2.000000e+00 -2.500000e+00 0.000000e+00 -1.679138e-14 1.991412e-14 0.000000e+00
2.000000e+00 -2.250000e+00 0.000000e+00 -2.937620e-14 2.893041e-14 0.000000e+00
2.000000e+00 -2.000000e+00 0.000000e+00 -4.328759e-14 3.380789e-14 0.000000e+00
2.000000e+00 -1.750000e+00 0.000000e+00 -5.551574e-14 3.218916e-14 0.000000e+00
2.000000e+00 -1.500000e+00 0.000000e+00 -6.405133e-14 2.489327e-14 0.000000e+00
2.000000e+00 -1.250000e+00 0.000000e+00 -6.837144e-14 1.480294e-14 0.000000e+00
2.000000e+00 -1.000000e+00 0.000000e+00 -6.905129e-14 5.127340e-15 0.000000e+00
2.000000e+00 -7.500000e-01 0.000000e+00 -6.687313e-14 -1.879583e-15 0.000000e+00
2.000000e+00 -5.000000e-01 0.000000e+00 -6.323986e-14 -4.907504e-15 0.000000e+00
2.000000e+00 -2.500000e-01 0.000000e+00 -5.997305e-14 -4.020804e-15 0.000000e+00
2.000000e+00 0.000000e+00 0.000000e+00 -5.847047e-14 -6.624474e-16 0.000000e+00
2.000000e+00 2.500000e-01 0.000000e+00 -5.925474e-14 3.057059e-15 0.000000e+00
2.000000e+00 5.000000e-01 0.000000e+00 -6.203126e-14 4.923499e-15 0.000000e+00
2.000000e+00 7.500000e-01 0.000000e+00 -6.567008e-14 3.257633e-15 0.000000e+00
2.000000e+00 1.000000e+00 0.000000e+00 -6.850992e-14 -2.469077e-15 0.000000e+00
2.000000e+00 1.250000e+00 0.000000e+00 -6.900258e-14 -1.158485e-14 0.000000e+00
2.000000e+00 1.500000e+00 0.000000e+00 -6.601724e-14 -2.204295e-14 0.000000e+00
2.000000e+00 1.750000e+00 0.000000e+00 -5.872331e-14 -3.066552e-14 0.000000e+00
2.000000e+00 2.000000e+00 0.000000e+00 -4.734185e-14 -3.428426e-14 0.000000e+00
2.000000e+00 2.250000e+00 0.000000e+00 -3.350398e-14 -3.125975e-14 0.000000e+00
2.000000e+00 2.500000e+00 0.000000e+00 -2.010390e-14 -2.298103e-14 0.000000e+00
2.250000e+00 -2.500000e+00 0.000000e+00 -9.784471e-15 1.012703e-14 0.000000e+00
2.250000e+00 -2.250000e+00 0.000000e+00 -1.877042e-14 1.626605e-14 0.000000e+00
2.250000e+00 -2.000000e+00 0.000000e+00 -3.012629e-14 2.102304e-14 0.000000e+00
2.250000e+00 -1.750000e+00 0.000000e+00 -4.156952e-14 2.212208e-14 0.000000e+00
2.250000e+00 -1.500000e+00 0.000000e+00 -5.079888e-14 1.903794e-14 0.000000e+00
2.250000e+00 -1.250000e+00 0.000000e+00 -5.657317e-14 1.315602e-14 0.000000e+00
2.250000e+00 -1.000000e+00 0.000000e+00 -5.888210e-14 6.695939e-15 0.000000e+00
2.250000e+00 -7.500000e-01 0.000000e+00 -5.837108e-14 1.489182e-15 0.000000e+00
2.250000e+00 -5.000000e-01 0.000000e+00 -5.630933e-14 -1.336512e-15 0.000000e+00
2.250000e+00 -2.500000e-01 0.000000e+00 -5.420081e-14 -1.663223e-15 0.000000e+00
2.250000e+00 0.000000e+00 0.000000e+00 -5.313633e-14 -3.315463e-16 0.000000e+00
2.250000e+00 2.500000e-01 0.000000e+00 -5.365158e-14 1.274734e-15 0.000000e+00
2.250000e+00 5.000000e-01 0.000000e+00 -5.550274e-14 1.636850e-15 0.000000e+00
2.250000e+00 7.500000e-01 0.000000e+00 -5.768442e-14 -3.019950e-16 0.000000e+00
2.250000e+00 1.000000e+00 0.000000e+00 -5.891525e-14 -4.827217e-15 0.000000e+00
2.250000e+00 1.250000e+00 0.000000e+00 -5.776029e-14 -1.117408e-14 0.000000e+00
2.250000e+00 1.500000e+00 0.000000e+00 -5.314732e-14 -1.757487e-14 0.000000e+00
2.250000e+00 1.750000e+00 0.000000e+00 -4.478700e-14 -2.173727e-14 0.000000e+00
2.250000e+00 2.000000e+00 0.000000e+00 -3.366384e-14 -2.192920e-14 0.000000e+00
2.250000e+00 2.250000e+00 0.000000e+00 -2.191759e-14 -1.806107e-14 0.000000e+00
2.250000e+00 2.500000e+00 0.000000e+00 -1.199943e-14 -1.198895e-14 0.000000e+00
2.500000e+00 -2.500000e+00 0.000000e+00 -4.736964e-15 4.340634e-15 0.000000e+00
2.500000e+00 -2.250000e+00 0.000000e+00 -1.000759e-14 7.732068e-15 0.000000e+00
2.500000e+00 -2.000000e+00 0.000000e+00 -1.763409e-14 1.111038e-14 0.000000e+00
2.500000e+00 -1.750000e+00 0.000000e+00 -2.651433e-14 1.302330e-14 0.000000e+00
2.500000e+00 -1.500000e+00 0.000000e+00 -3.490219e-14 1.255974e-14 0.000000e+00
2.500000e+00 -1.250000e+00 0.000000e+00 -4.130494e-14 9.962322e-15 0.000000e+00
2.500000e+00 -1.000000e+00 0.000000e+00 -4.508450e-14 6.358268e-15 0.000000e+00
2.500000e+00 -7.500000e-01 0.000000e+00 -4.644437e-14 2.998430e-15 0.000000e+00
2.500000e+00 -5.000000e-01 0.000000e+00 -4.620134e-14 7.485828e-16 0.000000e+00
2.500000e+00 -2.500000e-01 0.000000e+00 -4.541180e-14 -1.420608e-16 0.000000e+00
2.500000e+00 0.000000e+00 0.000000e+00 -4.493440e-14 -6.983544e-17 0.000000e+00
2.500000e+00 2.500000e-01 0.000000e+00 -4.518630e-14 1.561685e-16 0.000000e+00
2.500000e+00 5.000000e-01 0.000000e+00 -4.595967e-14 -3.429392e-16 0.000000e+00
2.500000e+00 7.500000e-01 0.000000e+00 -4.650633e-14 -2.148322e-15 0.000000e+00
2.500000e+00 1.000000e+00 0.000000e+00 -4.581215e-14 -5.265183e-15 0.000000e+00
2.500000e+00 1.250000e+00 0.000000e+00 -4.287920e-14 -8.980425e-15 0.000000e+00
2.500000e+00 1.500000e+00 0.000000e+00 -3.721175e-14 -1.204979e-14 0.000000e+00
2.500000e+00 1.750000e+00 0.000000e+00 -2.920277e-14 -1.321567e-14 0.000000e+00
2.500000e+00 2.000000e+00 0.000000e+00 -2.019856e-14 -1.194270e-14 0.000000e+00
2.500000e+00 2.250000e+00 0.000000e+00 -1.199348e-14 -8.831443e-15 0.000000e+00
2.500000e+00 2.500000e+00 0.000000e+00 -5.961495e-15 -5.274256e-15 0.000000e+00
