dpl Lambda(micro m) RefractiveIndex ParticleDiameter(micro m) CorrectionFactor
30.0000000000 1.0000000000 1.5000000000 2.0000000000 0.3095430581
30.0000000000 1.0000000000 1.5000000000 2.0000000000 0.3095427960
30.0000000000 1.0000000000 1.5000000000 2.0000000000 0.3095430581
30.0000000000 1.0000000000 1.5000000000 2.0000000000 0.3095429799
30.0000000000 1.0000000000 1.5000000000 2.0000000000 0.3095430581
30.0000000000 1.0000000000 1.5000000000 2.0000000000 0.3095430581
30.0000000000 1.0000000000 1.5000000000 2.0000000000 0.3095430581
30.0000000000 1.0000000000 1.5000000000 2.0000000000 0.3095429489
30.0000000000 1.0000000000 1.5000000000 2.0000000000 0.3095430581
30.0000000000 1.0000000000 1.5000000000 2.0000000000 0.3095430581
