1.800535e-20 1.076451e-19 4.900618e-19 1.754117e-18 5.086414e-18 1.224765e-17 2.493153e-17 4.338779e-17 6.492482e-17 8.369421e-17 9.292053e-17 8.878656e-17 7.299761e-17 5.164140e-17 3.139941e-17 1.634183e-17 7.215368e-18 2.661312e-18 8.015319e-19 1.914953e-19 3.515889e-20
8.812163e-20 4.774099e-19 1.997508e-18 6.696996e-18 1.856098e-17 4.349310e-17 8.740809e-17 1.517580e-16 2.279293e-16 2.953555e-16 3.288594e-16 3.137770e-16 2.567087e-16 1.806754e-16 1.097713e-16 5.761654e-17 2.601119e-17 9.985277e-18 3.196007e-18 8.287037e-19 1.679536e-19
3.262906e-19 1.623636e-18 6.364320e-18 2.045438e-17 5.553566e-17 1.298724e-16 2.641262e-16 4.677329e-16 7.177871e-16 9.464791e-16 1.062586e-15 1.010124e-15 8.143728e-16 5.611319e-16 3.336074e-16 1.723749e-16 7.756961e-17 3.022093e-17 1.003077e-17 2.762009e-18 6.078577e-19
9.401322e-19 4.373994e-18 1.642246e-17 5.185061e-17 1.416373e-16 3.397415e-16 7.175695e-16 1.325438e-15 2.111840e-15 2.858379e-15 3.245575e-15 3.070383e-15 2.423837e-15 1.613015e-15 9.192821e-16 4.560827e-16 1.991152e-16 7.659106e-17 2.568610e-17 7.330471e-18 1.715466e-18
2.160706e-18 9.588111e-18 3.526204e-17 1.120936e-16 3.159752e-16 7.970155e-16 1.786080e-15 3.474792e-15 5.724354e-15 7.870556e-15 8.980206e-15 8.479911e-15 6.621127e-15 4.289535e-15 2.334046e-15 1.092075e-15 4.513244e-16 1.670471e-16 5.515051e-17 1.592123e-17 3.874515e-18
4.033927e-18 1.740868e-17 6.403471e-17 2.092636e-16 6.208893e-16 1.673035e-15 3.972198e-15 7.963413e-15 1.315036e-14 1.787851e-14 2.023042e-14 1.917340e-14 1.514356e-14 9.856862e-15 5.265314e-15 2.346951e-15 9.079737e-16 3.169607e-16 1.008545e-16 2.880709e-17 7.138904e-18
6.167427e-18 2.632613e-17 9.843433e-17 3.352424e-16 1.058027e-15 3.027948e-15 7.415628e-15 1.479464e-14 2.370172e-14 3.106937e-14 3.444299e-14 3.292991e-14 2.685987e-14 1.811402e-14 9.841487e-15 4.314533e-15 1.585342e-15 5.185148e-16 1.568702e-16 4.363827e-17 1.082169e-17
7.666232e-18 3.277137e-17 1.256438e-16 4.483652e-16 1.498941e-15 4.461197e-15 1.097552e-14 2.127950e-14 3.236895e-14 4.014227e-14 4.314824e-14 4.180044e-14 3.579147e-14 2.553353e-14 1.443096e-14 6.383684e-15 2.283933e-15 7.076061e-16 2.028796e-16 5.456704e-17 1.338715e-17
7.466875e-18 3.217359e-17 1.266176e-16 4.714993e-16 1.645017e-15 4.996461e-15 1.218470e-14 2.274485e-14 3.254403e-14 3.776802e-14 3.907398e-14 3.848736e-14 3.495500e-14 2.663516e-14 1.578867e-14 7.121992e-15 2.522655e-15 7.537048e-16 2.064419e-16 5.374140e-17 1.298952e-17
5.002380e-18 2.174649e-17 8.737396e-17 3.353696e-16 1.200348e-15 3.679038e-15 8.872606e-15 1.601427e-14 2.171323e-14 2.370616e-14 2.363163e-14 2.366933e-14 2.272875e-14 1.835795e-14 1.133436e-14 5.203577e-15 1.835752e-15 5.366577e-16 1.424669e-16 3.617803e-17 8.629808e-18
7.660540e-19 3.375162e-18 1.378305e-17 5.380435e-17 1.946047e-16 5.982721e-16 1.435384e-15 2.548917e-15 3.347897e-15 3.487294e-15 3.353906e-15 3.416838e-15 3.449440e-15 2.894654e-15 1.812680e-15 8.268019e-16 2.852878e-16 8.089255e-17 2.079769e-17 5.137256e-18 1.197394e-18
-3.760094e-18 -1.632932e-17 -6.576817e-17 -2.537773e-16 -9.126823e-16 -2.800515e-15 -6.730879e-15 -1.205459e-14 -1.619400e-14 -1.757801e-14 -1.751154e-14 -1.755205e-14 -1.689633e-14 -1.374374e-14 -8.566403e-15 -3.966050e-15 -1.407538e-15 -4.126519e-16 -1.095882e-16 -2.786326e-17 -6.670098e-18
-6.917297e-18 -2.986942e-17 -1.184265e-16 -4.462589e-16 -1.573383e-15 -4.796575e-15 -1.164705e-14 -2.147434e-14 -3.018561e-14 -3.444205e-14 -3.533350e-14 -3.495135e-14 -3.218836e-14 -2.494316e-14 -1.498677e-14 -6.804478e-15 -2.407684e-15 -7.139795e-16 -1.936244e-16 -5.008628e-17 -1.208433e-17
-7.831753e-18 -3.355004e-17 -1.298019e-16 -4.704336e-16 -1.598617e-15 -4.797744e-15 -1.177745e-14 -2.255609e-14 -3.364781e-14 -4.089627e-14 -4.347296e-14 -4.231037e-14 -3.686190e-14 -2.683689e-14 -1.539085e-14 -6.838198e-15 -2.429837e-15 -7.409368e-16 -2.089241e-16 -5.561616e-17 -1.359155e-17
-6.767715e-18 -2.888251e-17 -1.088606e-16 -3.765881e-16 -1.213036e-15 -3.525537e-15 -8.667897e-15 -1.715774e-14 -2.702769e-14 -3.474509e-14 -3.806043e-14 -3.652011e-14 -3.029903e-14 -2.084270e-14 -1.146542e-14 -5.023156e-15 -1.818663e-15 -5.812581e-16 -1.724266e-16 -4.741787e-17 -1.171779e-17
-4.715380e-18 -2.026334e-17 -7.486309e-17 -2.477448e-16 -7.497432e-16 -2.064131e-15 -4.967991e-15 -9.968429e-15 -1.628031e-14 -2.176254e-14 -2.433138e-14 -2.310347e-14 -1.851129e-14 -1.224229e-14 -6.579630e-15 -2.905352e-15 -1.098876e-15 -3.740676e-16 -1.168636e-16 -3.305859e-17 -8.186614e-18
-2.686390e-18 -1.181181e-17 -4.338597e-17 -1.389073e-16 -3.973100e-16 -1.022813e-15 -2.338187e-15 -4.598045e-15 -7.556029e-15 -1.026727e-14 -1.159097e-14 -1.094214e-14 -8.621684e-15 -5.630917e-15 -3.054250e-15 -1.405571e-15 -5.676357e-16 -2.058374e-16 -6.703928e-17 -1.925862e-17 -4.704671e-18
-1.245532e-18 -5.712621e-18 -2.128722e-17 -6.721220e-17 -1.849692e-16 -4.495897e-16 -9.647483e-16 -1.803996e-15 -2.882456e-15 -3.877246e-15 -4.367859e-15 -4.122861e-15 -3.264123e-15 -2.173796e-15 -1.230178e-15 -6.020635e-16 -2.588947e-16 -9.836481e-17 -3.278528e-17 -9.372834e-18 -2.214082e-18
-4.623688e-19 -2.258028e-18 -8.732120e-18 -2.786402e-17 -7.559873e-17 -1.776053e-16 -3.636976e-16 -6.472791e-16 -9.928876e-16 -1.301671e-15 -1.451522e-15 -1.375586e-15 -1.109706e-15 -7.651480e-16 -4.539423e-16 -2.334291e-16 -1.044835e-16 -4.059571e-17 -1.350913e-17 -3.753741e-18 -8.389445e-19
-1.341821e-19 -7.113091e-19 -2.921335e-18 -9.661173e-18 -2.655119e-17 -6.195018e-17 -1.242180e-16 -2.149909e-16 -3.209814e-16 -4.125848e-16 -4.561488e-16 -4.338954e-16 -3.554132e-16 -2.510145e-16 -1.530655e-16 -8.060861e-17 -3.654080e-17 -1.412271e-17 -4.571462e-18 -1.205266e-18 -2.494736e-19
-2.960039e-20 -1.729449e-19 -7.702422e-19 -2.704336e-18 -7.720747e-18 -1.836496e-17 -3.699261e-17 -6.370662e-17 -9.428534e-17 -1.202686e-16 -1.324849e-16 -1.261891e-16 -1.039466e-16 -7.397303e-17 -4.536117e-17 -2.385083e-17 -1.066045e-17 -3.993020e-18 -1.226325e-18 -2.998963e-19 -5.648175e-20
