-1.903258e-20 -1.025604e-19 -4.154670e-19 -1.303018e-18 -3.247742e-18 -6.555770e-18 -1.079798e-17 -1.437780e-17 -1.487141e-17 -1.049513e-17 -1.905651e-18 7.524124e-18 1.382427e-17 1.513129e-17 1.243426e-17 8.157056e-18 4.351156e-18 1.883222e-18 6.510786e-19 1.754263e-19 3.579089e-20
-1.044020e-19 -5.096534e-19 -1.896967e-18 -5.571696e-18 -1.327226e-17 -2.607125e-17 -4.240942e-17 -5.640118e-17 -5.867968e-17 -4.173798e-17 -7.620209e-18 2.999738e-17 5.473908e-17 5.944910e-17 4.870600e-17 3.217587e-17 1.753259e-17 7.892201e-18 2.898027e-18 8.471647e-19 1.907827e-19
-4.396074e-19 -1.970852e-18 -6.871999e-18 -1.934876e-17 -4.514685e-17 -8.847633e-17 -1.456101e-16 -1.976265e-16 -2.104941e-16 -1.528405e-16 -2.829790e-17 1.104429e-16 1.982758e-16 2.102376e-16 1.682084e-16 1.092824e-16 5.933040e-17 2.709393e-17 1.031269e-17 3.200600e-18 7.827422e-19
-1.465045e-18 -6.140683e-18 -2.050479e-17 -5.669104e-17 -1.329816e-16 -2.670506e-16 -4.559617e-16 -6.450581e-16 -7.138264e-16 -5.333794e-16 -1.005593e-16 3.881950e-16 6.819593e-16 6.971729e-16 5.341592e-16 3.331906e-16 1.755646e-16 7.919909e-17 3.047232e-17 9.805408e-18 2.551015e-18
-3.976088e-18 -1.589070e-17 -5.192921e-17 -1.443353e-16 -3.488160e-16 -7.354382e-16 -1.329678e-15 -1.977379e-15 -2.260486e-15 -1.717529e-15 -3.272008e-16 1.254069e-15 2.179985e-15 2.169189e-15 1.587506e-15 9.350151e-16 4.670676e-16 2.030689e-16 7.705897e-17 2.512184e-17 6.803647e-18
-9.003975e-18 -3.496686e-17 -1.140653e-16 -3.251051e-16 -8.250983e-16 -1.854661e-15 -3.545742e-15 -5.418964e-15 -6.188241e-15 -4.636666e-15 -8.742760e-16 3.373992e-15 5.944107e-15 5.957081e-15 4.289087e-15 2.410789e-15 1.129636e-15 4.643723e-16 1.703345e-16 5.510081e-17 1.522478e-17
-1.733487e-17 -6.648344e-17 -2.198497e-16 -6.511096e-16 -1.753368e-15 -4.179952e-15 -8.226180e-15 -1.244178e-14 -1.366087e-14 -9.779835e-15 -1.784707e-15 7.049577e-15 1.289500e-14 1.349880e-14 9.950320e-15 5.518037e-15 2.459345e-15 9.495114e-16 3.322490e-16 1.050437e-16 2.912095e-17
-2.874303e-17 -1.101635e-16 -3.724594e-16 -1.152604e-15 -3.281854e-15 -8.126447e-15 -1.599481e-14 -2.326962e-14 -2.388286e-14 -1.590049e-14 -2.752125e-15 1.128393e-14 2.191999e-14 2.465308e-14 1.914145e-14 1.078321e-14 4.688798e-15 1.717248e-15 5.711084e-16 1.751570e-16 4.818026e-17
-4.136913e-17 -1.594508e-16 -5.519175e-16 -1.778354e-15 -5.279202e-15 -1.331217e-14 -2.579398e-14 -3.566070e-14 -3.372433e-14 -2.046029e-14 -3.292367e-15 1.421789e-14 2.989860e-14 3.672310e-14 3.039175e-14 1.762774e-14 7.618192e-15 2.693749e-15 8.575823e-16 2.552522e-16 6.935965e-17
-5.188322e-17 -2.012878e-16 -7.096596e-16 -2.353228e-15 -7.162857e-15 -1.818146e-14 -3.461261e-14 -4.573665e-14 -4.016181e-14 -2.220708e-14 -3.290398e-15 1.508763e-14 3.445524e-14 4.593734e-14 4.020469e-14 2.396458e-14 1.037223e-14 3.596821e-15 1.112054e-15 3.236739e-16 8.702381e-17
-5.677235e-17 -2.210219e-16 -7.858010e-16 -2.637849e-15 -8.106623e-15 -2.060754e-14 -3.887845e-14 -5.025965e-14 -4.250610e-14 -2.230998e-14 -3.129918e-15 1.495470e-14 3.582497e-14 4.985909e-14 4.484380e-14 2.708095e-14 1.173742e-14 4.039550e-15 1.233813e-15 3.556171e-16 9.513933e-17
-5.420665e-17 -2.107404e-16 -7.463411e-16 -2.490617e-15 -7.617458e-15 -1.934793e-14 -3.666876e-14 -4.790670e-14 -4.118405e-14 -2.204547e-14 -3.125776e-15 1.486729e-14 3.493201e-14 4.777370e-14 4.243976e-14 2.545187e-14 1.101165e-14 3.799753e-15 1.166879e-15 3.379194e-16 9.060935e-17
-4.514996e-17 -1.745770e-16 -6.089407e-16 -1.985034e-15 -5.952229e-15 -1.505108e-14 -2.897289e-14 -3.930652e-14 -3.586412e-14 -2.064910e-14 -3.092413e-15 1.420971e-14 3.117774e-14 3.995988e-14 3.393909e-14 1.988633e-14 8.577613e-15 3.001425e-15 9.430757e-16 2.781011e-16 7.520598e-17
-3.277447e-17 -1.259467e-16 -4.295655e-16 -1.348890e-15 -3.900156e-15 -9.729189e-15 -1.905819e-14 -2.714523e-14 -2.668736e-14 -1.670841e-14 -2.646193e-15 1.175609e-14 2.389106e-14 2.827063e-14 2.265804e-14 1.290346e-14 5.578724e-15 2.009487e-15 6.564449e-16 1.989666e-16 5.442208e-17
-2.067265e-17 -7.930493e-17 -2.641965e-16 -7.937055e-16 -2.177901e-15 -5.266952e-15 -1.037909e-14 -1.540346e-14 -1.616285e-14 -1.083712e-14 -1.784107e-15 7.768770e-15 1.483388e-14 1.637399e-14 1.246880e-14 6.965783e-15 3.067081e-15 1.158671e-15 3.977112e-16 1.242666e-16 3.429593e-17
-1.125485e-17 -4.354357e-17 -1.425551e-16 -4.107501e-16 -1.061198e-15 -2.433035e-15 -4.698016e-15 -7.087854e-15 -7.747009e-15 -5.431936e-15 -9.127454e-16 3.948926e-15 7.229978e-15 7.619377e-15 5.641634e-15 3.171171e-15 1.458964e-15 5.865879e-16 2.116542e-16 6.786449e-17 1.873115e-17
-5.227221e-18 -2.070706e-17 -6.752550e-17 -1.886891e-16 -4.618479e-16 -9.916869e-16 -1.818243e-15 -2.685885e-15 -2.954572e-15 -2.109566e-15 -3.561900e-16 1.548009e-15 2.777097e-15 2.882455e-15 2.151501e-15 1.260079e-15 6.184128e-16 2.644150e-16 9.928075e-17 3.226534e-17 8.774867e-18
-2.034947e-18 -8.409129e-18 -2.784227e-17 -7.685422e-17 -1.812948e-16 -3.679061e-16 -6.330792e-16 -8.882579e-16 -9.496370e-16 -6.717138e-16 -1.118752e-16 4.957317e-16 8.901227e-16 9.400656e-16 7.314712e-16 4.552560e-16 2.376190e-16 1.063132e-16 4.079705e-17 1.318407e-17 3.466589e-18
-6.486520e-19 -2.853367e-18 -9.803965e-18 -2.735999e-17 -6.365076e-17 -1.247687e-16 -2.045949e-16 -2.730089e-16 -2.805577e-16 -1.938602e-16 -3.145486e-17 1.435398e-16 2.609749e-16 2.843244e-16 2.316674e-16 1.515178e-16 8.232471e-17 3.765137e-17 1.442229e-17 4.531382e-18 1.127772e-18
-1.645893e-19 -7.856606e-19 -2.865569e-18 -8.281195e-18 -1.948930e-17 -3.786602e-17 -6.065279e-17 -7.861388e-17 -7.876220e-17 -5.352207e-17 -8.476065e-18 3.978156e-17 7.294453e-17 8.111564e-17 6.791638e-17 4.555215e-17 2.509768e-17 1.142895e-17 4.262312e-18 1.271721e-18 2.933203e-19
-3.223255e-20 -1.695319e-19 -6.701145e-19 -2.053151e-18 -5.008021e-18 -9.890530e-18 -1.587222e-17 -2.044549e-17 -2.032782e-17 -1.373288e-17 -2.129782e-18 1.026737e-17 1.882563e-17 2.103953e-17 1.771950e-17 1.188907e-17 6.473946e-18 2.862915e-18 1.014492e-18 2.810306e-19 5.901816e-20
