2.703009e-23 8.018181e-23 -6.625406e-22 -8.415502e-21 -4.937025e-20 -2.011960e-19 -6.234875e-19 -1.499501e-18 -2.818928e-18 -4.197758e-18 -5.075535e-18 -5.154295e-18 -4.529618e-18 -3.477514e-18 -2.303363e-18 -1.289065e-18 -5.992754e-19 -2.288519e-19 -7.098218e-20 -1.759605e-20 -3.415526e-21
2.860924e-22 1.366032e-21 2.452671e-21 -1.148612e-20 -1.149375e-19 -5.573063e-19 -1.922137e-18 -5.006468e-18 -9.959038e-18 -1.527177e-17 -1.850836e-17 -1.859843e-17 -1.630709e-17 -1.268065e-17 -8.571054e-18 -4.910180e-18 -2.353746e-18 -9.410587e-19 -3.120850e-19 -8.440167e-20 -1.811781e-20
2.033634e-21 9.517170e-21 2.747201e-20 2.969752e-20 -1.641386e-19 -1.247001e-18 -5.107914e-18 -1.491983e-17 -3.222571e-17 -5.167498e-17 -6.274560e-17 -6.149344e-17 -5.284151e-17 -4.087354e-17 -2.754136e-17 -1.571229e-17 -7.554779e-18 -3.077509e-18 -1.061892e-18 -3.054563e-19 -7.105889e-20
1.055143e-20 4.624445e-20 1.451889e-19 2.960592e-19 1.440600e-19 -1.993886e-18 -1.152050e-17 -3.970104e-17 -9.624640e-17 -1.653312e-16 -2.036867e-16 -1.949426e-16 -1.633162e-16 -1.241526e-16 -8.141653e-17 -4.475085e-17 -2.087430e-17 -8.411161e-18 -2.933453e-18 -8.719637e-19 -2.143492e-19
4.192301e-20 1.757455e-19 5.752925e-19 1.429668e-18 2.360041e-18 1.485508e-19 -1.806853e-17 -8.742507e-17 -2.554632e-16 -4.880067e-16 -6.273227e-16 -6.016208e-16 -4.966929e-16 -3.672499e-16 -2.295211e-16 -1.185203e-16 -5.197602e-17 -2.003330e-17 -6.848388e-18 -2.043803e-18 -5.173794e-19
1.322752e-19 5.436301e-19 1.852100e-18 5.227019e-18 1.189113e-17 1.906466e-17 3.195480e-18 -1.299997e-16 -5.526621e-16 -1.220657e-15 -1.691612e-15 -1.712939e-15 -1.453864e-15 -1.051096e-15 -6.144849e-16 -2.920984e-16 -1.185085e-16 -4.267949e-17 -1.390215e-17 -4.062519e-18 -1.035706e-18
3.401254e-19 1.390915e-18 4.923709e-18 1.534892e-17 4.176290e-17 9.468617e-17 1.504762e-16 3.222356e-18 -7.931598e-16 -2.235558e-15 -3.455602e-15 -3.863129e-15 -3.553106e-15 -2.634751e-15 -1.483685e-15 -6.504509e-16 -2.422557e-16 -8.108205e-17 -2.483516e-17 -6.995748e-18 -1.769873e-18
7.270447e-19 2.976444e-18 1.088258e-17 3.646756e-17 1.110915e-16 2.957690e-16 6.062469e-16 6.604734e-16 -4.088220e-16 -2.689956e-15 -4.930197e-15 -6.233879e-15 -6.384518e-15 -5.078801e-15 -2.922586e-15 -1.236625e-15 -4.281872e-16 -1.338262e-16 -3.878676e-17 -1.052398e-17 -2.630111e-18
1.307778e-18 5.355991e-18 1.999508e-17 6.995699e-17 2.277060e-16 6.559180e-16 1.452491e-15 1.997563e-15 9.670615e-16 -1.787358e-15 -4.803813e-15 -7.140926e-15 -8.276406e-15 -7.203759e-15 -4.392470e-15 -1.884465e-15 -6.289285e-16 -1.867351e-16 -5.216572e-17 -1.382459e-17 -3.431236e-18
1.987909e-18 8.103547e-18 3.041077e-17 1.080713e-16 3.616098e-16 1.074549e-15 2.448487e-15 3.659599e-15 3.013464e-15 3.210752e-16 -2.863383e-15 -5.760794e-15 -7.857613e-15 -7.606485e-15 -4.984364e-15 -2.226975e-15 -7.443320e-16 -2.166786e-16 -5.987722e-17 -1.584373e-17 -3.951171e-18
2.556426e-18 1.031389e-17 3.830545e-17 1.350264e-16 4.507101e-16 1.348012e-15 3.136319e-15 4.959458e-15 4.908814e-15 2.719010e-15 4.176929e-17 -2.584384e-15 -5.109984e-15 -5.891445e-15 -4.253509e-15 -2.016817e-15 -6.980923e-16 -2.074601e-16 -5.855096e-17 -1.583977e-17 -4.019876e-18
2.785581e-18 1.108497e-17 4.026150e-17 1.381150e-16 4.487411e-16 1.329100e-15 3.162936e-15 5.274867e-15 5.811631e-15 4.467447e-15 2.916918e-15 1.313616e-15 -1.078097e-15 -2.818398e-15 -2.564619e-15 -1.359137e-15 -5.097833e-16 -1.622225e-16 -4.843195e-17 -1.370319e-17 -3.579285e-18
2.578002e-18 1.012347e-17 3.575553e-17 1.180762e-16 3.671693e-16 1.058866e-15 2.563716e-15 4.496645e-15 5.384217e-15 5.016873e-15 4.874031e-15 4.543955e-15 2.556747e-15 1.476624e-16 -8.100876e-16 -6.201650e-16 -2.796323e-16 -1.014925e-16 -3.328420e-17 -1.007137e-17 -2.735643e-18
2.031101e-18 7.908884e-18 2.717604e-17 8.618198e-17 2.553716e-16 7.064680e-16 1.705947e-15 3.097963e-15 3.966967e-15 4.294337e-15 5.149716e-15 5.668460e-15 4.154919e-15 1.687482e-15 2.278595e-16 -1.303983e-16 -1.062748e-16 -4.916622e-17 -1.860980e-17 -6.164878e-18 -1.755735e-18
1.362314e-18 5.303041e-18 1.780255e-17 5.422198e-17 1.533623e-16 4.033782e-16 9.413736e-16 1.711760e-15 2.285401e-15 2.769682e-15 3.781143e-15 4.449838e-15 3.459444e-15 1.638386e-15 4.578638e-16 5.678862e-17 -1.793519e-17 -1.678209e-17 -8.162040e-18 -3.062301e-18 -9.215513e-19
7.741212e-19 3.042892e-18 1.005417e-17 2.947115e-17 7.950307e-17 1.977692e-16 4.328521e-16 7.539605e-16 1.009711e-15 1.309585e-15 1.929266e-15 2.342938e-15 1.860177e-15 9.376272e-16 3.194688e-16 7.903156e-17 1.158596e-17 -1.968919e-18 -2.417397e-18 -1.148829e-18 -3.754843e-19
3.686660e-19 1.481628e-18 4.875052e-18 1.387868e-17 3.570479e-17 8.370812e-17 1.700282e-16 2.762414e-16 3.600040e-16 4.796286e-16 7.269902e-16 8.954842e-16 7.343746e-16 4.039187e-16 1.642942e-16 5.444645e-17 1.452972e-17 2.564147e-18 -4.073579e-20 -2.420662e-19 -1.024741e-19
1.448825e-19 6.049623e-19 2.014722e-18 5.662442e-18 1.401153e-17 3.088977e-17 5.841972e-17 8.953958e-17 1.155288e-16 1.575703e-16 2.371784e-16 2.921790e-16 2.514734e-16 1.541294e-16 7.338502e-17 2.926073e-17 9.871242e-18 2.679197e-18 5.205641e-19 4.882716e-20 -6.411302e-21
4.609814e-20 2.038327e-19 7.008180e-19 1.979056e-18 4.781323e-18 9.988603e-18 1.768931e-17 2.610307e-17 3.462203e-17 4.944476e-17 7.363393e-17 9.027233e-17 8.142816e-17 5.496250e-17 2.958717e-17 1.337466e-17 5.117177e-18 1.610152e-18 3.978577e-19 7.351188e-20 1.012883e-20
1.159804e-20 5.534455e-20 2.005290e-19 5.783828e-19 1.381863e-18 2.779544e-18 4.705117e-18 6.874685e-18 9.663228e-18 1.464839e-17 2.183440e-17 2.681810e-17 2.521949e-17 1.835183e-17 1.074716e-17 5.223614e-18 2.116325e-18 7.001361e-19 1.831816e-19 3.697660e-20 5.845036e-21
2.242189e-21 1.172178e-20 4.556607e-20 1.364594e-19 3.264246e-19 6.411911e-19 1.063699e-18 1.597106e-18 2.450973e-18 3.982847e-18 6.024565e-18 7.462707e-18 7.228634e-18 5.503163e-18 3.366927e-18 1.685014e-18 6.900563e-19 2.270795e-19 5.844155e-20 1.153441e-20 1.762050e-21
