-2.500000e+00 -2.500000e+00 0.000000e+00 1.977109e-12 1.523269e-12 0.000000e+00
-2.500000e+00 -2.250000e+00 0.000000e+00 3.100420e-12 1.850488e-12 0.000000e+00
-2.500000e+00 -2.000000e+00 0.000000e+00 4.254788e-12 1.819512e-12 0.000000e+00
-2.500000e+00 -1.750000e+00 0.000000e+00 5.149924e-12 1.357979e-12 0.000000e+00
-2.500000e+00 -1.500000e+00 0.000000e+00 5.539189e-12 5.851300e-13 0.000000e+00
-2.500000e+00 -1.250000e+00 0.000000e+00 5.399822e-12 -2.184103e-13 0.000000e+00
-2.500000e+00 -1.000000e+00 0.000000e+00 4.851351e-12 -8.002633e-13 0.000000e+00
-2.500000e+00 -7.500000e-01 0.000000e+00 4.129742e-12 -1.028307e-12 0.000000e+00
-2.500000e+00 -5.000000e-01 0.000000e+00 3.414404e-12 -9.072271e-13 0.000000e+00
-2.500000e+00 -2.500000e-01 0.000000e+00 2.925126e-12 -5.208644e-13 0.000000e+00
-2.500000e+00 0.000000e+00 0.000000e+00 2.753115e-12 2.490651e-30 0.000000e+00
-2.500000e+00 2.500000e-01 0.000000e+00 2.925126e-12 5.208644e-13 0.000000e+00
-2.500000e+00 5.000000e-01 0.000000e+00 3.414404e-12 9.072271e-13 0.000000e+00
-2.500000e+00 7.500000e-01 0.000000e+00 4.129742e-12 1.028307e-12 0.000000e+00
-2.500000e+00 1.000000e+00 0.000000e+00 4.851351e-12 8.002633e-13 0.000000e+00
-2.500000e+00 1.250000e+00 0.000000e+00 5.399822e-12 2.184103e-13 0.000000e+00
-2.500000e+00 1.500000e+00 0.000000e+00 5.539189e-12 -5.851300e-13 0.000000e+00
-2.500000e+00 1.750000e+00 0.000000e+00 5.149924e-12 -1.357979e-12 0.000000e+00
-2.500000e+00 2.000000e+00 0.000000e+00 4.254788e-12 -1.819512e-12 0.000000e+00
-2.500000e+00 2.250000e+00 0.000000e+00 3.100420e-12 -1.850488e-12 0.000000e+00
-2.500000e+00 2.500000e+00 0.000000e+00 1.977109e-12 -1.523269e-12 0.000000e+00
-2.250000e+00 -2.500000e+00 0.000000e+00 3.139398e-12 2.779352e-12 0.000000e+00
-2.250000e+00 -2.250000e+00 0.000000e+00 4.593406e-12 3.089980e-12 0.000000e+00
-2.250000e+00 -2.000000e+00 0.000000e+00 5.838961e-12 2.683463e-12 0.000000e+00
-2.250000e+00 -1.750000e+00 0.000000e+00 6.505647e-12 1.595333e-12 0.000000e+00
-2.250000e+00 -1.500000e+00 0.000000e+00 6.402454e-12 1.787682e-13 0.000000e+00
-2.250000e+00 -1.250000e+00 0.000000e+00 5.679401e-12 -1.062292e-12 0.000000e+00
-2.250000e+00 -1.000000e+00 0.000000e+00 4.649967e-12 -1.781659e-12 0.000000e+00
-2.250000e+00 -7.500000e-01 0.000000e+00 3.576047e-12 -1.914416e-12 0.000000e+00
-2.250000e+00 -5.000000e-01 0.000000e+00 2.666484e-12 -1.549464e-12 0.000000e+00
-2.250000e+00 -2.500000e-01 0.000000e+00 2.083373e-12 -8.538070e-13 0.000000e+00
-2.250000e+00 0.000000e+00 0.000000e+00 1.888152e-12 2.033184e-30 0.000000e+00
-2.250000e+00 2.500000e-01 0.000000e+00 2.083373e-12 8.538070e-13 0.000000e+00
-2.250000e+00 5.000000e-01 0.000000e+00 2.666484e-12 1.549464e-12 0.000000e+00
-2.250000e+00 7.500000e-01 0.000000e+00 3.576047e-12 1.914416e-12 0.000000e+00
-2.250000e+00 1.000000e+00 0.000000e+00 4.649967e-12 1.781659e-12 0.000000e+00
-2.250000e+00 1.250000e+00 0.000000e+00 5.679401e-12 1.062292e-12 0.000000e+00
-2.250000e+00 1.500000e+00 0.000000e+00 6.402454e-12 -1.787682e-13 0.000000e+00
-2.250000e+00 1.750000e+00 0.000000e+00 6.505647e-12 -1.595333e-12 0.000000e+00
-2.250000e+00 2.000000e+00 0.000000e+00 5.838961e-12 -2.683463e-12 0.000000e+00
-2.250000e+00 2.250000e+00 0.000000e+00 4.593406e-12 -3.089980e-12 0.000000e+00
-2.250000e+00 2.500000e+00 0.000000e+00 3.139398e-12 -2.779352e-12 0.000000e+00
-2.000000e+00 -2.500000e+00 0.000000e+00 4.337518e-12 4.474008e-12 0.000000e+00
-2.000000e+00 -2.250000e+00 0.000000e+00 5.872674e-12 4.487047e-12 0.000000e+00
-2.000000e+00 -2.000000e+00 0.000000e+00 6.843611e-12 3.317623e-12 0.000000e+00
-2.000000e+00 -1.750000e+00 0.000000e+00 6.919355e-12 1.287155e-12 0.000000e+00
-2.000000e+00 -1.500000e+00 0.000000e+00 6.114002e-12 -8.803590e-13 0.000000e+00
-2.000000e+00 -1.250000e+00 0.000000e+00 4.839767e-12 -2.447000e-12 0.000000e+00
-2.000000e+00 -1.000000e+00 0.000000e+00 3.447732e-12 -3.140873e-12 0.000000e+00
-2.000000e+00 -7.500000e-01 0.000000e+00 2.255275e-12 -3.005635e-12 0.000000e+00
-2.000000e+00 -5.000000e-01 0.000000e+00 1.361011e-12 -2.281783e-12 0.000000e+00
-2.000000e+00 -2.500000e-01 0.000000e+00 8.120328e-13 -1.216306e-12 0.000000e+00
-2.000000e+00 0.000000e+00 0.000000e+00 6.329091e-13 3.125343e-28 0.000000e+00
-2.000000e+00 2.500000e-01 0.000000e+00 8.120328e-13 1.216306e-12 0.000000e+00
-2.000000e+00 5.000000e-01 0.000000e+00 1.361011e-12 2.281783e-12 0.000000e+00
-2.000000e+00 7.500000e-01 0.000000e+00 2.255275e-12 3.005635e-12 0.000000e+00
-2.000000e+00 1.000000e+00 0.000000e+00 3.447732e-12 3.140873e-12 0.000000e+00
-2.000000e+00 1.250000e+00 0.000000e+00 4.839767e-12 2.447000e-12 0.000000e+00
-2.000000e+00 1.500000e+00 0.000000e+00 6.114002e-12 8.803590e-13 0.000000e+00
-2.000000e+00 1.750000e+00 0.000000e+00 6.919355e-12 -1.287155e-12 0.000000e+00
-2.000000e+00 2.000000e+00 0.000000e+00 6.843611e-12 -3.317623e-12 0.000000e+00
-2.000000e+00 2.250000e+00 0.000000e+00 5.872674e-12 -4.487047e-12 0.000000e+00
-2.000000e+00 2.500000e+00 0.000000e+00 4.337518e-12 -4.474008e-12 0.000000e+00
-1.750000e+00 -2.500000e+00 0.000000e+00 5.245263e-12 6.411144e-12 0.000000e+00
-1.750000e+00 -2.250000e+00 0.000000e+00 6.519873e-12 5.708296e-12 0.000000e+00
-1.750000e+00 -2.000000e+00 0.000000e+00 6.881620e-12 3.378651e-12 0.000000e+00
-1.750000e+00 -1.750000e+00 0.000000e+00 6.196267e-12 2.319360e-13 0.000000e+00
-1.750000e+00 -1.500000e+00 0.000000e+00 4.800284e-12 -2.561314e-12 0.000000e+00
-1.750000e+00 -1.250000e+00 0.000000e+00 3.245874e-12 -4.205082e-12 0.000000e+00
-1.750000e+00 -1.000000e+00 0.000000e+00 1.812326e-12 -4.655454e-12 0.000000e+00
-1.750000e+00 -7.500000e-01 0.000000e+00 7.238612e-13 -4.135670e-12 0.000000e+00
-1.750000e+00 -5.000000e-01 0.000000e+00 4.048707e-14 -2.991818e-12 0.000000e+00
-1.750000e+00 -2.500000e-01 0.000000e+00 -3.441119e-13 -1.554866e-12 0.000000e+00
-1.750000e+00 0.000000e+00 0.000000e+00 -4.688672e-13 8.403828e-30 0.000000e+00
-1.750000e+00 2.500000e-01 0.000000e+00 -3.441119e-13 1.554866e-12 0.000000e+00
-1.750000e+00 5.000000e-01 0.000000e+00 4.048707e-14 2.991818e-12 0.000000e+00
-1.750000e+00 7.500000e-01 0.000000e+00 7.238612e-13 4.135670e-12 0.000000e+00
-1.750000e+00 1.000000e+00 0.000000e+00 1.812326e-12 4.655454e-12 0.000000e+00
-1.750000e+00 1.250000e+00 0.000000e+00 3.245874e-12 4.205082e-12 0.000000e+00
-1.750000e+00 1.500000e+00 0.000000e+00 4.800284e-12 2.561314e-12 0.000000e+00
-1.750000e+00 1.750000e+00 0.000000e+00 6.196267e-12 -2.319360e-13 0.000000e+00
-1.750000e+00 2.000000e+00 0.000000e+00 6.881620e-12 -3.378651e-12 0.000000e+00
-1.750000e+00 2.250000e+00 0.000000e+00 6.519873e-12 -5.708296e-12 0.000000e+00
-1.750000e+00 2.500000e+00 0.000000e+00 5.245263e-12 -6.411144e-12 0.000000e+00
-1.500000e+00 -2.500000e+00 0.000000e+00 5.582935e-12 8.259471e-12 0.000000e+00
-1.500000e+00 -2.250000e+00 0.000000e+00 6.318675e-12 6.400244e-12 0.000000e+00
-1.500000e+00 -2.000000e+00 0.000000e+00 5.949367e-12 2.664303e-12 0.000000e+00
-1.500000e+00 -1.750000e+00 0.000000e+00 4.664232e-12 -1.483658e-12 0.000000e+00
-1.500000e+00 -1.500000e+00 0.000000e+00 3.044239e-12 -4.564069e-12 0.000000e+00
-1.500000e+00 -1.250000e+00 0.000000e+00 1.494897e-12 -6.063471e-12 0.000000e+00
-1.500000e+00 -1.000000e+00 0.000000e+00 3.450382e-13 -6.084529e-12 0.000000e+00
-1.500000e+00 -7.500000e-01 0.000000e+00 -4.475997e-13 -5.120873e-12 0.000000e+00
-1.500000e+00 -5.000000e-01 0.000000e+00 -9.220073e-13 -3.611023e-12 0.000000e+00
-1.500000e+00 -2.500000e-01 0.000000e+00 -1.165053e-12 -1.853099e-12 0.000000e+00
-1.500000e+00 0.000000e+00 0.000000e+00 -1.236344e-12 1.084365e-29 0.000000e+00
-1.500000e+00 2.500000e-01 0.000000e+00 -1.165053e-12 1.853099e-12 0.000000e+00
-1.500000e+00 5.000000e-01 0.000000e+00 -9.220073e-13 3.611023e-12 0.000000e+00
-1.500000e+00 7.500000e-01 0.000000e+00 -4.475997e-13 5.120873e-12 0.000000e+00
-1.500000e+00 1.000000e+00 0.000000e+00 3.450382e-13 6.084529e-12 0.000000e+00
-1.500000e+00 1.250000e+00 0.000000e+00 1.494897e-12 6.063471e-12 0.000000e+00
-1.500000e+00 1.500000e+00 0.000000e+00 3.044239e-12 4.564069e-12 0.000000e+00
-1.500000e+00 1.750000e+00 0.000000e+00 4.664232e-12 1.483658e-12 0.000000e+00
-1.500000e+00 2.000000e+00 0.000000e+00 5.949367e-12 -2.664303e-12 0.000000e+00
-1.500000e+00 2.250000e+00 0.000000e+00 6.318675e-12 -6.400244e-12 0.000000e+00
-1.500000e+00 2.500000e+00 0.000000e+00 5.582935e-12 -8.259471e-12 0.000000e+00
-1.250000e+00 -2.500000e+00 0.000000e+00 5.273801e-12 9.724061e-12 0.000000e+00
-1.250000e+00 -2.250000e+00 0.000000e+00 5.397084e-12 6.427522e-12 0.000000e+00
-1.250000e+00 -2.000000e+00 0.000000e+00 4.479851e-12 1.347464e-12 0.000000e+00
-1.250000e+00 -1.750000e+00 0.000000e+00 2.954221e-12 -3.475095e-12 0.000000e+00
-1.250000e+00 -1.500000e+00 0.000000e+00 1.362539e-12 -6.608336e-12 0.000000e+00
-1.250000e+00 -1.250000e+00 0.000000e+00 1.271763e-13 -7.716554e-12 0.000000e+00
-1.250000e+00 -1.000000e+00 0.000000e+00 -7.239379e-13 -7.313858e-12 0.000000e+00
-1.250000e+00 -7.500000e-01 0.000000e+00 -1.185252e-12 -5.920476e-12 0.000000e+00
-1.250000e+00 -5.000000e-01 0.000000e+00 -1.357823e-12 -4.077207e-12 0.000000e+00
-1.250000e+00 -2.500000e-01 0.000000e+00 -1.398090e-12 -2.068159e-12 0.000000e+00
-1.250000e+00 0.000000e+00 0.000000e+00 -1.397080e-12 -1.127739e-28 0.000000e+00
-1.250000e+00 2.500000e-01 0.000000e+00 -1.398090e-12 2.068159e-12 0.000000e+00
-1.250000e+00 5.000000e-01 0.000000e+00 -1.357823e-12 4.077207e-12 0.000000e+00
-1.250000e+00 7.500000e-01 0.000000e+00 -1.185252e-12 5.920476e-12 0.000000e+00
-1.250000e+00 1.000000e+00 0.000000e+00 -7.239379e-13 7.313858e-12 0.000000e+00
-1.250000e+00 1.250000e+00 0.000000e+00 1.271763e-13 7.716554e-12 0.000000e+00
-1.250000e+00 1.500000e+00 0.000000e+00 1.362539e-12 6.608336e-12 0.000000e+00
-1.250000e+00 1.750000e+00 0.000000e+00 2.954221e-12 3.475095e-12 0.000000e+00
-1.250000e+00 2.000000e+00 0.000000e+00 4.479851e-12 -1.347464e-12 0.000000e+00
-1.250000e+00 2.250000e+00 0.000000e+00 5.397084e-12 -6.427522e-12 0.000000e+00
-1.250000e+00 2.500000e+00 0.000000e+00 5.273801e-12 -9.724061e-12 0.000000e+00
-1.000000e+00 -2.500000e+00 0.000000e+00 4.466865e-12 1.071714e-11 0.000000e+00
-1.000000e+00 -2.250000e+00 0.000000e+00 4.120228e-12 5.963070e-12 0.000000e+00
-1.000000e+00 -2.000000e+00 0.000000e+00 2.933805e-12 -2.636505e-13 0.000000e+00
-1.000000e+00 -1.750000e+00 0.000000e+00 1.445812e-12 -5.493851e-12 0.000000e+00
-1.000000e+00 -1.500000e+00 0.000000e+00 1.624109e-13 -8.372067e-12 0.000000e+00
-1.000000e+00 -1.250000e+00 0.000000e+00 -7.552069e-13 -9.098949e-12 0.000000e+00
-1.000000e+00 -1.000000e+00 0.000000e+00 -1.237720e-12 -8.235904e-12 0.000000e+00
-1.000000e+00 -7.500000e-01 0.000000e+00 -1.380163e-12 -6.450334e-12 0.000000e+00
-1.000000e+00 -5.000000e-01 0.000000e+00 -1.428085e-12 -4.391769e-12 0.000000e+00
-1.000000e+00 -2.500000e-01 0.000000e+00 -1.440928e-12 -2.215007e-12 0.000000e+00
-1.000000e+00 0.000000e+00 0.000000e+00 -1.442529e-12 8.674919e-30 0.000000e+00
-1.000000e+00 2.500000e-01 0.000000e+00 -1.440928e-12 2.215007e-12 0.000000e+00
-1.000000e+00 5.000000e-01 0.000000e+00 -1.428085e-12 4.391769e-12 0.000000e+00
-1.000000e+00 7.500000e-01 0.000000e+00 -1.380163e-12 6.450334e-12 0.000000e+00
-1.000000e+00 1.000000e+00 0.000000e+00 -1.237720e-12 8.235904e-12 0.000000e+00
-1.000000e+00 1.250000e+00 0.000000e+00 -7.552069e-13 9.098949e-12 0.000000e+00
-1.000000e+00 1.500000e+00 0.000000e+00 1.624109e-13 8.372067e-12 0.000000e+00
-1.000000e+00 1.750000e+00 0.000000e+00 1.445812e-12 5.493851e-12 0.000000e+00
-1.000000e+00 2.000000e+00 0.000000e+00 2.933805e-12 2.636505e-13 0.000000e+00
-1.000000e+00 2.250000e+00 0.000000e+00 4.120228e-12 -5.963070e-12 0.000000e+00
-1.000000e+00 2.500000e+00 0.000000e+00 4.466865e-12 -1.071714e-11 0.000000e+00
-7.500000e-01 -2.500000e+00 0.000000e+00 3.349853e-12 1.117202e-11 0.000000e+00
-7.500000e-01 -2.250000e+00 0.000000e+00 2.774189e-12 5.127599e-12 0.000000e+00
-7.500000e-01 -2.000000e+00 0.000000e+00 1.648916e-12 -1.852431e-12 0.000000e+00
-7.500000e-01 -1.750000e+00 0.000000e+00 4.456947e-13 -7.185996e-12 0.000000e+00
-7.500000e-01 -1.500000e+00 0.000000e+00 -5.060767e-13 -9.812796e-12 0.000000e+00
-7.500000e-01 -1.250000e+00 0.000000e+00 -1.069474e-12 -1.011046e-11 0.000000e+00
-7.500000e-01 -1.000000e+00 0.000000e+00 -1.256661e-12 -8.832646e-12 0.000000e+00
-7.500000e-01 -7.500000e-01 0.000000e+00 -1.384425e-12 -6.918324e-12 0.000000e+00
-7.500000e-01 -5.000000e-01 0.000000e+00 -1.415358e-12 -4.689782e-12 0.000000e+00
-7.500000e-01 -2.500000e-01 0.000000e+00 -1.424449e-12 -2.357400e-12 0.000000e+00
-7.500000e-01 0.000000e+00 0.000000e+00 -1.431847e-12 1.040990e-28 0.000000e+00
-7.500000e-01 2.500000e-01 0.000000e+00 -1.424449e-12 2.357400e-12 0.000000e+00
-7.500000e-01 5.000000e-01 0.000000e+00 -1.415358e-12 4.689782e-12 0.000000e+00
-7.500000e-01 7.500000e-01 0.000000e+00 -1.384425e-12 6.918324e-12 0.000000e+00
-7.500000e-01 1.000000e+00 0.000000e+00 -1.256661e-12 8.832646e-12 0.000000e+00
-7.500000e-01 1.250000e+00 0.000000e+00 -1.069474e-12 1.011046e-11 0.000000e+00
-7.500000e-01 1.500000e+00 0.000000e+00 -5.060767e-13 9.812796e-12 0.000000e+00
-7.500000e-01 1.750000e+00 0.000000e+00 4.456947e-13 7.185996e-12 0.000000e+00
-7.500000e-01 2.000000e+00 0.000000e+00 1.648916e-12 1.852431e-12 0.000000e+00
-7.500000e-01 2.250000e+00 0.000000e+00 2.774189e-12 -5.127599e-12 0.000000e+00
-7.500000e-01 2.500000e+00 0.000000e+00 3.349853e-12 -1.117202e-11 0.000000e+00
-5.000000e-01 -2.500000e+00 0.000000e+00 2.170129e-12 1.126476e-11 0.000000e+00
-5.000000e-01 -2.250000e+00 0.000000e+00 1.623273e-12 4.274841e-12 0.000000e+00
-5.000000e-01 -2.000000e+00 0.000000e+00 7.662385e-13 -3.174937e-12 0.000000e+00
-5.000000e-01 -1.750000e+00 0.000000e+00 -4.366608e-14 -8.447696e-12 0.000000e+00
-5.000000e-01 -1.500000e+00 0.000000e+00 -6.414207e-13 -1.081854e-11 0.000000e+00
-5.000000e-01 -1.250000e+00 0.000000e+00 -9.363688e-13 -1.075569e-11 0.000000e+00
-5.000000e-01 -1.000000e+00 0.000000e+00 -1.054991e-12 -9.357360e-12 0.000000e+00
-5.000000e-01 -7.500000e-01 0.000000e+00 -1.097612e-12 -7.242690e-12 0.000000e+00
-5.000000e-01 -5.000000e-01 0.000000e+00 -1.074614e-12 -4.877191e-12 0.000000e+00
-5.000000e-01 -2.500000e-01 0.000000e+00 -1.067741e-12 -2.425799e-12 0.000000e+00
-5.000000e-01 0.000000e+00 0.000000e+00 -1.040776e-12 -3.469968e-29 0.000000e+00
-5.000000e-01 2.500000e-01 0.000000e+00 -1.067741e-12 2.425799e-12 0.000000e+00
-5.000000e-01 5.000000e-01 0.000000e+00 -1.074614e-12 4.877191e-12 0.000000e+00
-5.000000e-01 7.500000e-01 0.000000e+00 -1.097612e-12 7.242690e-12 0.000000e+00
-5.000000e-01 1.000000e+00 0.000000e+00 -1.054991e-12 9.357360e-12 0.000000e+00
-5.000000e-01 1.250000e+00 0.000000e+00 -9.363688e-13 1.075569e-11 0.000000e+00
-5.000000e-01 1.500000e+00 0.000000e+00 -6.414207e-13 1.081854e-11 0.000000e+00
-5.000000e-01 1.750000e+00 0.000000e+00 -4.366608e-14 8.447696e-12 0.000000e+00
-5.000000e-01 2.000000e+00 0.000000e+00 7.662385e-13 3.174937e-12 0.000000e+00
-5.000000e-01 2.250000e+00 0.000000e+00 1.623273e-12 -4.274841e-12 0.000000e+00
-5.000000e-01 2.500000e+00 0.000000e+00 2.170129e-12 -1.126476e-11 0.000000e+00
-2.500000e-01 -2.500000e+00 0.000000e+00 1.055470e-12 1.125595e-11 0.000000e+00
-2.500000e-01 -2.250000e+00 0.000000e+00 7.324642e-13 3.702382e-12 0.000000e+00
-2.500000e-01 -2.000000e+00 0.000000e+00 2.745362e-13 -4.004457e-12 0.000000e+00
-2.500000e-01 -1.750000e+00 0.000000e+00 -1.277638e-13 -9.224451e-12 0.000000e+00
-2.500000e-01 -1.500000e+00 0.000000e+00 -4.123706e-13 -1.140861e-11 0.000000e+00
-2.500000e-01 -1.250000e+00 0.000000e+00 -5.370522e-13 -1.111880e-11 0.000000e+00
-2.500000e-01 -1.000000e+00 0.000000e+00 -5.985592e-13 -9.681226e-12 0.000000e+00
-2.500000e-01 -7.500000e-01 0.000000e+00 -5.688361e-13 -7.364821e-12 0.000000e+00
-2.500000e-01 -5.000000e-01 0.000000e+00 -6.198056e-13 -5.050862e-12 0.000000e+00
-2.500000e-01 -2.500000e-01 0.000000e+00 -5.748745e-13 -2.469996e-12 0.000000e+00
-2.500000e-01 0.000000e+00 0.000000e+00 -6.086085e-13 -1.734984e-29 0.000000e+00
-2.500000e-01 2.500000e-01 0.000000e+00 -5.748745e-13 2.469996e-12 0.000000e+00
-2.500000e-01 5.000000e-01 0.000000e+00 -6.198056e-13 5.050862e-12 0.000000e+00
-2.500000e-01 7.500000e-01 0.000000e+00 -5.688361e-13 7.364821e-12 0.000000e+00
-2.500000e-01 1.000000e+00 0.000000e+00 -5.985592e-13 9.681226e-12 0.000000e+00
-2.500000e-01 1.250000e+00 0.000000e+00 -5.370522e-13 1.111880e-11 0.000000e+00
-2.500000e-01 1.500000e+00 0.000000e+00 -4.123706e-13 1.140861e-11 0.000000e+00
-2.500000e-01 1.750000e+00 0.000000e+00 -1.277638e-13 9.224451e-12 0.000000e+00
-2.500000e-01 2.000000e+00 0.000000e+00 2.745362e-13 4.004457e-12 0.000000e+00
-2.500000e-01 2.250000e+00 0.000000e+00 7.324642e-13 -3.702382e-12 0.000000e+00
-2.500000e-01 2.500000e+00 0.000000e+00 1.055470e-12 -1.125595e-11 0.000000e+00
0.000000e+00 -2.500000e+00 0.000000e+00 4.244801e-30 1.124365e-11 0.000000e+00
0.000000e+00 -2.250000e+00 0.000000e+00 8.975846e-29 3.495187e-12 0.000000e+00
0.000000e+00 -2.000000e+00 0.000000e+00 1.370467e-29 -4.285321e-12 0.000000e+00
0.000000e+00 -1.750000e+00 0.000000e+00 7.540783e-30 -9.491650e-12 0.000000e+00
0.000000e+00 -1.500000e+00 0.000000e+00 3.911616e-26 -1.161407e-11 0.000000e+00
0.000000e+00 -1.250000e+00 0.000000e+00 1.680766e-29 -1.124525e-11 0.000000e+00
0.000000e+00 -1.000000e+00 0.000000e+00 3.090440e-29 -9.773204e-12 0.000000e+00
0.000000e+00 -7.500000e-01 0.000000e+00 1.518111e-29 -7.411303e-12 0.000000e+00
0.000000e+00 -5.000000e-01 0.000000e+00 2.743443e-28 -5.108665e-12 0.000000e+00
0.000000e+00 -2.500000e-01 0.000000e+00 2.710912e-30 -2.475639e-12 0.000000e+00
0.000000e+00 0.000000e+00 0.000000e+00 1.301238e-29 -1.561485e-28 0.000000e+00
0.000000e+00 2.500000e-01 0.000000e+00 -1.070810e-29 2.475639e-12 0.000000e+00
0.000000e+00 5.000000e-01 0.000000e+00 5.421824e-30 5.108665e-12 0.000000e+00
0.000000e+00 7.500000e-01 0.000000e+00 -1.237000e-25 7.411303e-12 0.000000e+00
0.000000e+00 1.000000e+00 0.000000e+00 -7.641384e-30 9.773204e-12 0.000000e+00
0.000000e+00 1.250000e+00 0.000000e+00 -4.662769e-29 1.124525e-11 0.000000e+00
0.000000e+00 1.500000e+00 0.000000e+00 -3.353059e-29 1.161407e-11 0.000000e+00
0.000000e+00 1.750000e+00 0.000000e+00 4.906116e-30 9.491650e-12 0.000000e+00
0.000000e+00 2.000000e+00 0.000000e+00 6.459595e-31 4.285321e-12 0.000000e+00
0.000000e+00 2.250000e+00 0.000000e+00 1.174640e-29 -3.495187e-12 0.000000e+00
0.000000e+00 2.500000e+00 0.000000e+00 1.308486e-28 -1.124365e-11 0.000000e+00
2.500000e-01 -2.500000e+00 0.000000e+00 -1.055470e-12 1.125595e-11 0.000000e+00
2.500000e-01 -2.250000e+00 0.000000e+00 -7.324642e-13 3.702382e-12 0.000000e+00
2.500000e-01 -2.000000e+00 0.000000e+00 -2.745362e-13 -4.004457e-12 0.000000e+00
2.500000e-01 -1.750000e+00 0.000000e+00 1.277638e-13 -9.224451e-12 0.000000e+00
2.500000e-01 -1.500000e+00 0.000000e+00 4.123706e-13 -1.140861e-11 0.000000e+00
2.500000e-01 -1.250000e+00 0.000000e+00 5.370522e-13 -1.111880e-11 0.000000e+00
2.500000e-01 -1.000000e+00 0.000000e+00 5.985592e-13 -9.681226e-12 0.000000e+00
2.500000e-01 -7.500000e-01 0.000000e+00 5.688361e-13 -7.364821e-12 0.000000e+00
2.500000e-01 -5.000000e-01 0.000000e+00 6.198056e-13 -5.050862e-12 0.000000e+00
2.500000e-01 -2.500000e-01 0.000000e+00 5.748745e-13 -2.469996e-12 0.000000e+00
2.500000e-01 0.000000e+00 0.000000e+00 6.086085e-13 6.939935e-29 0.000000e+00
2.500000e-01 2.500000e-01 0.000000e+00 5.748745e-13 2.469996e-12 0.000000e+00
2.500000e-01 5.000000e-01 0.000000e+00 6.198056e-13 5.050862e-12 0.000000e+00
2.500000e-01 7.500000e-01 0.000000e+00 5.688361e-13 7.364821e-12 0.000000e+00
2.500000e-01 1.000000e+00 0.000000e+00 5.985592e-13 9.681226e-12 0.000000e+00
2.500000e-01 1.250000e+00 0.000000e+00 5.370522e-13 1.111880e-11 0.000000e+00
2.500000e-01 1.500000e+00 0.000000e+00 4.123706e-13 1.140861e-11 0.000000e+00
2.500000e-01 1.750000e+00 0.000000e+00 1.277638e-13 9.224451e-12 0.000000e+00
2.500000e-01 2.000000e+00 0.000000e+00 -2.745362e-13 4.004457e-12 0.000000e+00
2.500000e-01 2.250000e+00 0.000000e+00 -7.324642e-13 -3.702382e-12 0.000000e+00
2.500000e-01 2.500000e+00 0.000000e+00 -1.055470e-12 -1.125595e-11 0.000000e+00
5.000000e-01 -2.500000e+00 0.000000e+00 -2.170129e-12 1.126476e-11 0.000000e+00
5.000000e-01 -2.250000e+00 0.000000e+00 -1.623273e-12 4.274841e-12 0.000000e+00
5.000000e-01 -2.000000e+00 0.000000e+00 -7.662385e-13 -3.174937e-12 0.000000e+00
5.000000e-01 -1.750000e+00 0.000000e+00 4.366608e-14 -8.447696e-12 0.000000e+00
5.000000e-01 -1.500000e+00 0.000000e+00 6.414207e-13 -1.081854e-11 0.000000e+00
5.000000e-01 -1.250000e+00 0.000000e+00 9.363688e-13 -1.075569e-11 0.000000e+00
5.000000e-01 -1.000000e+00 0.000000e+00 1.054991e-12 -9.357360e-12 0.000000e+00
5.000000e-01 -7.500000e-01 0.000000e+00 1.097612e-12 -7.242690e-12 0.000000e+00
5.000000e-01 -5.000000e-01 0.000000e+00 1.074614e-12 -4.877191e-12 0.000000e+00
5.000000e-01 -2.500000e-01 0.000000e+00 1.067741e-12 -2.425799e-12 0.000000e+00
5.000000e-01 0.000000e+00 0.000000e+00 1.040776e-12 0.000000e+00 0.000000e+00
5.000000e-01 2.500000e-01 0.000000e+00 1.067741e-12 2.425799e-12 0.000000e+00
5.000000e-01 5.000000e-01 0.000000e+00 1.074614e-12 4.877191e-12 0.000000e+00
5.000000e-01 7.500000e-01 0.000000e+00 1.097612e-12 7.242690e-12 0.000000e+00
5.000000e-01 1.000000e+00 0.000000e+00 1.054991e-12 9.357360e-12 0.000000e+00
5.000000e-01 1.250000e+00 0.000000e+00 9.363688e-13 1.075569e-11 0.000000e+00
5.000000e-01 1.500000e+00 0.000000e+00 6.414207e-13 1.081854e-11 0.000000e+00
5.000000e-01 1.750000e+00 0.000000e+00 4.366608e-14 8.447696e-12 0.000000e+00
5.000000e-01 2.000000e+00 0.000000e+00 -7.662385e-13 3.174937e-12 0.000000e+00
5.000000e-01 2.250000e+00 0.000000e+00 -1.623273e-12 -4.274841e-12 0.000000e+00
5.000000e-01 2.500000e+00 0.000000e+00 -2.170129e-12 -1.126476e-11 0.000000e+00
7.500000e-01 -2.500000e+00 0.000000e+00 -3.349853e-12 1.117202e-11 0.000000e+00
7.500000e-01 -2.250000e+00 0.000000e+00 -2.774189e-12 5.127599e-12 0.000000e+00
7.500000e-01 -2.000000e+00 0.000000e+00 -1.648916e-12 -1.852431e-12 0.000000e+00
7.500000e-01 -1.750000e+00 0.000000e+00 -4.456947e-13 -7.185996e-12 0.000000e+00
7.500000e-01 -1.500000e+00 0.000000e+00 5.060767e-13 -9.812796e-12 0.000000e+00
7.500000e-01 -1.250000e+00 0.000000e+00 1.069474e-12 -1.011046e-11 0.000000e+00
7.500000e-01 -1.000000e+00 0.000000e+00 1.256661e-12 -8.832646e-12 0.000000e+00
7.500000e-01 -7.500000e-01 0.000000e+00 1.384425e-12 -6.918324e-12 0.000000e+00
7.500000e-01 -5.000000e-01 0.000000e+00 1.415358e-12 -4.689782e-12 0.000000e+00
7.500000e-01 -2.500000e-01 0.000000e+00 1.424449e-12 -2.357400e-12 0.000000e+00
7.500000e-01 0.000000e+00 0.000000e+00 1.431847e-12 -1.734984e-29 0.000000e+00
7.500000e-01 2.500000e-01 0.000000e+00 1.424449e-12 2.357400e-12 0.000000e+00
7.500000e-01 5.000000e-01 0.000000e+00 1.415358e-12 4.689782e-12 0.000000e+00
7.500000e-01 7.500000e-01 0.000000e+00 1.384425e-12 6.918324e-12 0.000000e+00
7.500000e-01 1.000000e+00 0.000000e+00 1.256661e-12 8.832646e-12 0.000000e+00
7.500000e-01 1.250000e+00 0.000000e+00 1.069474e-12 1.011046e-11 0.000000e+00
7.500000e-01 1.500000e+00 0.000000e+00 5.060767e-13 9.812796e-12 0.000000e+00
7.500000e-01 1.750000e+00 0.000000e+00 -4.456947e-13 7.185996e-12 0.000000e+00
7.500000e-01 2.000000e+00 0.000000e+00 -1.648916e-12 1.852431e-12 0.000000e+00
7.500000e-01 2.250000e+00 0.000000e+00 -2.774189e-12 -5.127599e-12 0.000000e+00
7.500000e-01 2.500000e+00 0.000000e+00 -3.349853e-12 -1.117202e-11 0.000000e+00
1.000000e+00 -2.500000e+00 0.000000e+00 -4.466865e-12 1.071714e-11 0.000000e+00
1.000000e+00 -2.250000e+00 0.000000e+00 -4.120228e-12 5.963070e-12 0.000000e+00
1.000000e+00 -2.000000e+00 0.000000e+00 -2.933805e-12 -2.636505e-13 0.000000e+00
1.000000e+00 -1.750000e+00 0.000000e+00 -1.445812e-12 -5.493851e-12 0.000000e+00
1.000000e+00 -1.500000e+00 0.000000e+00 -1.624109e-13 -8.372067e-12 0.000000e+00
1.000000e+00 -1.250000e+00 0.000000e+00 7.552069e-13 -9.098949e-12 0.000000e+00
1.000000e+00 -1.000000e+00 0.000000e+00 1.237720e-12 -8.235904e-12 0.000000e+00
1.000000e+00 -7.500000e-01 0.000000e+00 1.380163e-12 -6.450334e-12 0.000000e+00
1.000000e+00 -5.000000e-01 0.000000e+00 1.428085e-12 -4.391769e-12 0.000000e+00
1.000000e+00 -2.500000e-01 0.000000e+00 1.440928e-12 -2.215007e-12 0.000000e+00
1.000000e+00 0.000000e+00 0.000000e+00 1.442529e-12 -2.602476e-29 0.000000e+00
1.000000e+00 2.500000e-01 0.000000e+00 1.440928e-12 2.215007e-12 0.000000e+00
1.000000e+00 5.000000e-01 0.000000e+00 1.428085e-12 4.391769e-12 0.000000e+00
1.000000e+00 7.500000e-01 0.000000e+00 1.380163e-12 6.450334e-12 0.000000e+00
1.000000e+00 1.000000e+00 0.000000e+00 1.237720e-12 8.235904e-12 0.000000e+00
1.000000e+00 1.250000e+00 0.000000e+00 7.552069e-13 9.098949e-12 0.000000e+00
1.000000e+00 1.500000e+00 0.000000e+00 -1.624109e-13 8.372067e-12 0.000000e+00
1.000000e+00 1.750000e+00 0.000000e+00 -1.445812e-12 5.493851e-12 0.000000e+00
1.000000e+00 2.000000e+00 0.000000e+00 -2.933805e-12 2.636505e-13 0.000000e+00
1.000000e+00 2.250000e+00 0.000000e+00 -4.120228e-12 -5.963070e-12 0.000000e+00
1.000000e+00 2.500000e+00 0.000000e+00 -4.466865e-12 -1.071714e-11 0.000000e+00
1.250000e+00 -2.500000e+00 0.000000e+00 -5.273801e-12 9.724061e-12 0.000000e+00
1.250000e+00 -2.250000e+00 0.000000e+00 -5.397084e-12 6.427522e-12 0.000000e+00
1.250000e+00 -2.000000e+00 0.000000e+00 -4.479851e-12 1.347464e-12 0.000000e+00
1.250000e+00 -1.750000e+00 0.000000e+00 -2.954221e-12 -3.475095e-12 0.000000e+00
1.250000e+00 -1.500000e+00 0.000000e+00 -1.362539e-12 -6.608336e-12 0.000000e+00
1.250000e+00 -1.250000e+00 0.000000e+00 -1.271763e-13 -7.716554e-12 0.000000e+00
1.250000e+00 -1.000000e+00 0.000000e+00 7.239379e-13 -7.313858e-12 0.000000e+00
1.250000e+00 -7.500000e-01 0.000000e+00 1.185252e-12 -5.920476e-12 0.000000e+00
1.250000e+00 -5.000000e-01 0.000000e+00 1.357823e-12 -4.077207e-12 0.000000e+00
1.250000e+00 -2.500000e-01 0.000000e+00 1.398090e-12 -2.068159e-12 0.000000e+00
1.250000e+00 0.000000e+00 0.000000e+00 1.397080e-12 -2.602476e-29 0.000000e+00
1.250000e+00 2.500000e-01 0.000000e+00 1.398090e-12 2.068159e-12 0.000000e+00
1.250000e+00 5.000000e-01 0.000000e+00 1.357823e-12 4.077207e-12 0.000000e+00
1.250000e+00 7.500000e-01 0.000000e+00 1.185252e-12 5.920476e-12 0.000000e+00
1.250000e+00 1.000000e+00 0.000000e+00 7.239379e-13 7.313858e-12 0.000000e+00
1.250000e+00 1.250000e+00 0.000000e+00 -1.271763e-13 7.716554e-12 0.000000e+00
1.250000e+00 1.500000e+00 0.000000e+00 -1.362539e-12 6.608336e-12 0.000000e+00
1.250000e+00 1.750000e+00 0.000000e+00 -2.954221e-12 3.475095e-12 0.000000e+00
1.250000e+00 2.000000e+00 0.000000e+00 -4.479851e-12 -1.347464e-12 0.000000e+00
1.250000e+00 2.250000e+00 0.000000e+00 -5.397084e-12 -6.427522e-12 0.000000e+00
1.250000e+00 2.500000e+00 0.000000e+00 -5.273801e-12 -9.724061e-12 0.000000e+00
1.500000e+00 -2.500000e+00 0.000000e+00 -5.582935e-12 8.259471e-12 0.000000e+00
1.500000e+00 -2.250000e+00 0.000000e+00 -6.318675e-12 6.400244e-12 0.000000e+00
1.500000e+00 -2.000000e+00 0.000000e+00 -5.949367e-12 2.664303e-12 0.000000e+00
1.500000e+00 -1.750000e+00 0.000000e+00 -4.664232e-12 -1.483658e-12 0.000000e+00
1.500000e+00 -1.500000e+00 0.000000e+00 -3.044239e-12 -4.564069e-12 0.000000e+00
1.500000e+00 -1.250000e+00 0.000000e+00 -1.494897e-12 -6.063471e-12 0.000000e+00
1.500000e+00 -1.000000e+00 0.000000e+00 -3.450382e-13 -6.084529e-12 0.000000e+00
1.500000e+00 -7.500000e-01 0.000000e+00 4.475997e-13 -5.120873e-12 0.000000e+00
1.500000e+00 -5.000000e-01 0.000000e+00 9.220073e-13 -3.611023e-12 0.000000e+00
1.500000e+00 -2.500000e-01 0.000000e+00 1.165053e-12 -1.853099e-12 0.000000e+00
1.500000e+00 0.000000e+00 0.000000e+00 1.236344e-12 -1.518111e-29 0.000000e+00
1.500000e+00 2.500000e-01 0.000000e+00 1.165053e-12 1.853099e-12 0.000000e+00
1.500000e+00 5.000000e-01 0.000000e+00 9.220073e-13 3.611023e-12 0.000000e+00
1.500000e+00 7.500000e-01 0.000000e+00 4.475997e-13 5.120873e-12 0.000000e+00
1.500000e+00 1.000000e+00 0.000000e+00 -3.450382e-13 6.084529e-12 0.000000e+00
1.500000e+00 1.250000e+00 0.000000e+00 -1.494897e-12 6.063471e-12 0.000000e+00
1.500000e+00 1.500000e+00 0.000000e+00 -3.044239e-12 4.564069e-12 0.000000e+00
1.500000e+00 1.750000e+00 0.000000e+00 -4.664232e-12 1.483658e-12 0.000000e+00
1.500000e+00 2.000000e+00 0.000000e+00 -5.949367e-12 -2.664303e-12 0.000000e+00
1.500000e+00 2.250000e+00 0.000000e+00 -6.318675e-12 -6.400244e-12 0.000000e+00
1.500000e+00 2.500000e+00 0.000000e+00 -5.582935e-12 -8.259471e-12 0.000000e+00
1.750000e+00 -2.500000e+00 0.000000e+00 -5.245263e-12 6.411144e-12 0.000000e+00
1.750000e+00 -2.250000e+00 0.000000e+00 -6.519873e-12 5.708296e-12 0.000000e+00
1.750000e+00 -2.000000e+00 0.000000e+00 -6.881620e-12 3.378651e-12 0.000000e+00
1.750000e+00 -1.750000e+00 0.000000e+00 -6.196267e-12 2.319360e-13 0.000000e+00
1.750000e+00 -1.500000e+00 0.000000e+00 -4.800284e-12 -2.561314e-12 0.000000e+00
1.750000e+00 -1.250000e+00 0.000000e+00 -3.245874e-12 -4.205082e-12 0.000000e+00
1.750000e+00 -1.000000e+00 0.000000e+00 -1.812326e-12 -4.655454e-12 0.000000e+00
1.750000e+00 -7.500000e-01 0.000000e+00 -7.238612e-13 -4.135670e-12 0.000000e+00
1.750000e+00 -5.000000e-01 0.000000e+00 -4.048707e-14 -2.991818e-12 0.000000e+00
1.750000e+00 -2.500000e-01 0.000000e+00 3.441119e-13 -1.554866e-12 0.000000e+00
1.750000e+00 0.000000e+00 0.000000e+00 4.688672e-13 1.626547e-30 0.000000e+00
1.750000e+00 2.500000e-01 0.000000e+00 3.441119e-13 1.554866e-12 0.000000e+00
1.750000e+00 5.000000e-01 0.000000e+00 -4.048707e-14 2.991818e-12 0.000000e+00
1.750000e+00 7.500000e-01 0.000000e+00 -7.238612e-13 4.135670e-12 0.000000e+00
1.750000e+00 1.000000e+00 0.000000e+00 -1.812326e-12 4.655454e-12 0.000000e+00
1.750000e+00 1.250000e+00 0.000000e+00 -3.245874e-12 4.205082e-12 0.000000e+00
1.750000e+00 1.500000e+00 0.000000e+00 -4.800284e-12 2.561314e-12 0.000000e+00
1.750000e+00 1.750000e+00 0.000000e+00 -6.196267e-12 -2.319360e-13 0.000000e+00
1.750000e+00 2.000000e+00 0.000000e+00 -6.881620e-12 -3.378651e-12 0.000000e+00
1.750000e+00 2.250000e+00 0.000000e+00 -6.519873e-12 -5.708296e-12 0.000000e+00
1.750000e+00 2.500000e+00 0.000000e+00 -5.245263e-12 -6.411144e-12 0.000000e+00
2.000000e+00 -2.500000e+00 0.000000e+00 -4.337518e-12 4.474008e-12 0.000000e+00
2.000000e+00 -2.250000e+00 0.000000e+00 -5.872674e-12 4.487047e-12 0.000000e+00
2.000000e+00 -2.000000e+00 0.000000e+00 -6.843611e-12 3.317623e-12 0.000000e+00
2.000000e+00 -1.750000e+00 0.000000e+00 -6.919355e-12 1.287155e-12 0.000000e+00
2.000000e+00 -1.500000e+00 0.000000e+00 -6.114002e-12 -8.803590e-13 0.000000e+00
2.000000e+00 -1.250000e+00 0.000000e+00 -4.839767e-12 -2.447000e-12 0.000000e+00
2.000000e+00 -1.000000e+00 0.000000e+00 -3.447732e-12 -3.140873e-12 0.000000e+00
2.000000e+00 -7.500000e-01 0.000000e+00 -2.255275e-12 -3.005635e-12 0.000000e+00
2.000000e+00 -5.000000e-01 0.000000e+00 -1.361011e-12 -2.281783e-12 0.000000e+00
2.000000e+00 -2.500000e-01 0.000000e+00 -8.120328e-13 -1.216306e-12 0.000000e+00
2.000000e+00 0.000000e+00 0.000000e+00 -6.329091e-13 1.047090e-29 0.000000e+00
2.000000e+00 2.500000e-01 0.000000e+00 -8.120328e-13 1.216306e-12 0.000000e+00
2.000000e+00 5.000000e-01 0.000000e+00 -1.361011e-12 2.281783e-12 0.000000e+00
2.000000e+00 7.500000e-01 0.000000e+00 -2.255275e-12 3.005635e-12 0.000000e+00
2.000000e+00 1.000000e+00 0.000000e+00 -3.447732e-12 3.140873e-12 0.000000e+00
2.000000e+00 1.250000e+00 0.000000e+00 -4.839767e-12 2.447000e-12 0.000000e+00
2.000000e+00 1.500000e+00 0.000000e+00 -6.114002e-12 8.803590e-13 0.000000e+00
2.000000e+00 1.750000e+00 0.000000e+00 -6.919355e-12 -1.287155e-12 0.000000e+00
2.000000e+00 2.000000e+00 0.000000e+00 -6.843611e-12 -3.317623e-12 0.000000e+00
2.000000e+00 2.250000e+00 0.000000e+00 -5.872674e-12 -4.487047e-12 0.000000e+00
2.000000e+00 2.500000e+00 0.000000e+00 -4.337518e-12 -4.474008e-12 0.000000e+00
2.250000e+00 -2.500000e+00 0.000000e+00 -3.139398e-12 2.779352e-12 0.000000e+00
2.250000e+00 -2.250000e+00 0.000000e+00 -4.593406e-12 3.089980e-12 0.000000e+00
2.250000e+00 -2.000000e+00 0.000000e+00 -5.838961e-12 2.683463e-12 0.000000e+00
2.250000e+00 -1.750000e+00 0.000000e+00 -6.505647e-12 1.595333e-12 0.000000e+00
2.250000e+00 -1.500000e+00 0.000000e+00 -6.402454e-12 1.787682e-13 0.000000e+00
2.250000e+00 -1.250000e+00 0.000000e+00 -5.679401e-12 -1.062292e-12 0.000000e+00
2.250000e+00 -1.000000e+00 0.000000e+00 -4.649967e-12 -1.781659e-12 0.000000e+00
2.250000e+00 -7.500000e-01 0.000000e+00 -3.576047e-12 -1.914416e-12 0.000000e+00
2.250000e+00 -5.000000e-01 0.000000e+00 -2.666484e-12 -1.549464e-12 0.000000e+00
2.250000e+00 -2.500000e-01 0.000000e+00 -2.083373e-12 -8.538070e-13 0.000000e+00
2.250000e+00 0.000000e+00 0.000000e+00 -1.888152e-12 -7.573611e-30 0.000000e+00
2.250000e+00 2.500000e-01 0.000000e+00 -2.083373e-12 8.538070e-13 0.000000e+00
2.250000e+00 5.000000e-01 0.000000e+00 -2.666484e-12 1.549464e-12 0.000000e+00
2.250000e+00 7.500000e-01 0.000000e+00 -3.576047e-12 1.914416e-12 0.000000e+00
2.250000e+00 1.000000e+00 0.000000e+00 -4.649967e-12 1.781659e-12 0.000000e+00
2.250000e+00 1.250000e+00 0.000000e+00 -5.679401e-12 1.062292e-12 0.000000e+00
2.250000e+00 1.500000e+00 0.000000e+00 -6.402454e-12 -1.787682e-13 0.000000e+00
2.250000e+00 1.750000e+00 0.000000e+00 -6.505647e-12 -1.595333e-12 0.000000e+00
2.250000e+00 2.000000e+00 0.000000e+00 -5.838961e-12 -2.683463e-12 0.000000e+00
2.250000e+00 2.250000e+00 0.000000e+00 -4.593406e-12 -3.089980e-12 0.000000e+00
2.250000e+00 2.500000e+00 0.000000e+00 -3.139398e-12 -2.779352e-12 0.000000e+00
2.500000e+00 -2.500000e+00 0.000000e+00 -1.977109e-12 1.523269e-12 0.000000e+00
2.500000e+00 -2.250000e+00 0.000000e+00 -3.100420e-12 1.850488e-12 0.000000e+00
2.500000e+00 -2.000000e+00 0.000000e+00 -4.254788e-12 1.819512e-12 0.000000e+00
2.500000e+00 -1.750000e+00 0.000000e+00 -5.149924e-12 1.357979e-12 0.000000e+00
2.500000e+00 -1.500000e+00 0.000000e+00 -5.539189e-12 5.851300e-13 0.000000e+00
2.500000e+00 -1.250000e+00 0.000000e+00 -5.399822e-12 -2.184103e-13 0.000000e+00
2.500000e+00 -1.000000e+00 0.000000e+00 -4.851351e-12 -8.002633e-13 0.000000e+00
2.500000e+00 -7.500000e-01 0.000000e+00 -4.129742e-12 -1.028307e-12 0.000000e+00
2.500000e+00 -5.000000e-01 0.000000e+00 -3.414404e-12 -9.072271e-13 0.000000e+00
2.500000e+00 -2.500000e-01 0.000000e+00 -2.925126e-12 -5.208644e-13 0.000000e+00
2.500000e+00 0.000000e+00 0.000000e+00 -2.753115e-12 2.778685e-30 0.000000e+00
2.500000e+00 2.500000e-01 0.000000e+00 -2.925126e-12 5.208644e-13 0.000000e+00
2.500000e+00 5.000000e-01 0.000000e+00 -3.414404e-12 9.072271e-13 0.000000e+00
2.500000e+00 7.500000e-01 0.000000e+00 -4.129742e-12 1.028307e-12 0.000000e+00
2.500000e+00 1.000000e+00 0.000000e+00 -4.851351e-12 8.002633e-13 0.000000e+00
2.500000e+00 1.250000e+00 0.000000e+00 -5.399822e-12 2.184103e-13 0.000000e+00
2.500000e+00 1.500000e+00 0.000000e+00 -5.539189e-12 -5.851300e-13 0.000000e+00
2.500000e+00 1.750000e+00 0.000000e+00 -5.149924e-12 -1.357979e-12 0.000000e+00
2.500000e+00 2.000000e+00 0.000000e+00 -4.254788e-12 -1.819512e-12 0.000000e+00
2.500000e+00 2.250000e+00 0.000000e+00 -3.100420e-12 -1.850488e-12 0.000000e+00
2.500000e+00 2.500000e+00 0.000000e+00 -1.977109e-12 -1.523269e-12 0.000000e+00
