4.041920e-15 8.721690e-15 1.688597e-14 2.901375e-14 4.386867e-14 5.795166e-14 6.631803e-14 6.467835e-14 5.146281e-14 2.846637e-14 1.355456e-31 -2.846637e-14 -5.146281e-14 -6.467835e-14 -6.631803e-14 -5.795166e-14 -4.386867e-14 -2.901375e-14 -1.688597e-14 -8.721690e-15 -4.041920e-15
3.429321e-15 7.898360e-15 1.612538e-14 2.888439e-14 4.506260e-14 6.086804e-14 7.067295e-14 6.949252e-14 5.549087e-14 3.072309e-14 1.355456e-31 -3.072309e-14 -5.549087e-14 -6.949252e-14 -7.067295e-14 -6.086804e-14 -4.506260e-14 -2.888439e-14 -1.612538e-14 -7.898360e-15 -3.429321e-15
2.838420e-15 7.060409e-15 1.534848e-14 2.886455e-14 4.663113e-14 6.438581e-14 7.554946e-14 7.440367e-14 5.918574e-14 3.260963e-14 -2.016241e-30 -3.260963e-14 -5.918574e-14 -7.440367e-14 -7.554946e-14 -6.438581e-14 -4.663113e-14 -2.886455e-14 -1.534848e-14 -7.060409e-15 -2.838420e-15
2.316372e-15 6.247018e-15 1.447533e-14 2.853910e-14 4.761825e-14 6.705229e-14 7.943444e-14 7.841343e-14 6.226227e-14 3.420724e-14 2.710912e-31 -3.420724e-14 -6.226227e-14 -7.841343e-14 -7.943444e-14 -6.705229e-14 -4.761825e-14 -2.853910e-14 -1.447533e-14 -6.247018e-15 -2.316372e-15
1.840454e-15 5.453044e-15 1.357388e-14 2.819332e-14 4.875784e-14 7.020484e-14 8.409969e-14 8.321880e-14 6.586939e-14 3.602136e-14 -1.863752e-31 -3.602136e-14 -6.586939e-14 -8.321880e-14 -8.409969e-14 -7.020484e-14 -4.875784e-14 -2.819332e-14 -1.357388e-14 -5.453044e-15 -1.840454e-15
1.457713e-15 4.757695e-15 1.271761e-14 2.776844e-14 4.959371e-14 7.266587e-14 8.753258e-14 8.633146e-14 6.777366e-14 3.675934e-14 -1.355456e-31 -3.675934e-14 -6.777366e-14 -8.633146e-14 -8.753258e-14 -7.266587e-14 -4.959371e-14 -2.776844e-14 -1.271761e-14 -4.757695e-15 -1.457713e-15
1.134891e-15 4.120869e-15 1.187329e-14 2.725860e-14 5.025245e-14 7.498628e-14 9.109626e-14 9.000091e-14 7.049888e-14 3.811659e-14 -1.948468e-31 -3.811659e-14 -7.049888e-14 -9.000091e-14 -9.109626e-14 -7.498628e-14 -5.025245e-14 -2.725860e-14 -1.187329e-14 -4.120869e-15 -1.134891e-15
9.056114e-16 3.640163e-15 1.121600e-14 2.689093e-14 5.090576e-14 7.702268e-14 9.394539e-14 9.247848e-14 7.183741e-14 3.850899e-14 0.000000e+00 -3.850899e-14 -7.183741e-14 -9.247848e-14 -9.394539e-14 -7.702268e-14 -5.090576e-14 -2.689093e-14 -1.121600e-14 -3.640163e-15 -9.056114e-16
7.363830e-16 3.250621e-15 1.062828e-14 2.643591e-14 5.113294e-14 7.822218e-14 9.575318e-14 9.412514e-14 7.281398e-14 3.886672e-14 -3.388640e-32 -3.886672e-14 -7.281398e-14 -9.412514e-14 -9.575318e-14 -7.822218e-14 -5.113294e-14 -2.643591e-14 -1.062828e-14 -3.250621e-15 -7.363830e-16
6.472087e-16 3.045922e-15 1.034182e-14 2.630789e-14 5.155469e-14 7.942272e-14 9.751477e-14 9.589041e-14 7.409339e-14 3.949055e-14 9.149328e-31 -3.949055e-14 -7.409339e-14 -9.589041e-14 -9.751477e-14 -7.942272e-14 -5.155469e-14 -2.630789e-14 -1.034182e-14 -3.045922e-15 -6.472087e-16
6.110956e-16 2.949943e-15 1.016916e-14 2.610633e-14 5.142177e-14 7.938035e-14 9.740285e-14 9.549000e-14 7.343491e-14 3.895798e-14 0.000000e+00 -3.895798e-14 -7.343491e-14 -9.549000e-14 -9.740285e-14 -7.938035e-14 -5.142177e-14 -2.610633e-14 -1.016916e-14 -2.949943e-15 -6.110956e-16
6.472087e-16 3.045922e-15 1.034182e-14 2.630789e-14 5.155469e-14 7.942272e-14 9.751477e-14 9.589041e-14 7.409339e-14 3.949055e-14 -1.355456e-31 -3.949055e-14 -7.409339e-14 -9.589041e-14 -9.751477e-14 -7.942272e-14 -5.155469e-14 -2.630789e-14 -1.034182e-14 -3.045922e-15 -6.472087e-16
7.363830e-16 3.250621e-15 1.062828e-14 2.643591e-14 5.113294e-14 7.822218e-14 9.575318e-14 9.412514e-14 7.281398e-14 3.886672e-14 -4.676323e-29 -3.886672e-14 -7.281398e-14 -9.412514e-14 -9.575318e-14 -7.822218e-14 -5.113294e-14 -2.643591e-14 -1.062828e-14 -3.250621e-15 -7.363830e-16
9.056114e-16 3.640163e-15 1.121600e-14 2.689093e-14 5.090576e-14 7.702268e-14 9.394539e-14 9.247848e-14 7.183741e-14 3.850899e-14 -2.202616e-30 -3.850899e-14 -7.183741e-14 -9.247848e-14 -9.394539e-14 -7.702268e-14 -5.090576e-14 -2.689093e-14 -1.121600e-14 -3.640163e-15 -9.056114e-16
1.134891e-15 4.120869e-15 1.187329e-14 2.725860e-14 5.025245e-14 7.498628e-14 9.109626e-14 9.000091e-14 7.049888e-14 3.811659e-14 6.777280e-32 -3.811659e-14 -7.049888e-14 -9.000091e-14 -9.109626e-14 -7.498628e-14 -5.025245e-14 -2.725860e-14 -1.187329e-14 -4.120869e-15 -1.134891e-15
1.457713e-15 4.757695e-15 1.271761e-14 2.776844e-14 4.959371e-14 7.266587e-14 8.753258e-14 8.633146e-14 6.777366e-14 3.675934e-14 2.668554e-31 -3.675934e-14 -6.777366e-14 -8.633146e-14 -8.753258e-14 -7.266587e-14 -4.959371e-14 -2.776844e-14 -1.271761e-14 -4.757695e-15 -1.457713e-15
1.840454e-15 5.453044e-15 1.357388e-14 2.819332e-14 4.875784e-14 7.020484e-14 8.409969e-14 8.321880e-14 6.586939e-14 3.602136e-14 -1.355456e-31 -3.602136e-14 -6.586939e-14 -8.321880e-14 -8.409969e-14 -7.020484e-14 -4.875784e-14 -2.819332e-14 -1.357388e-14 -5.453044e-15 -1.840454e-15
2.316372e-15 6.247018e-15 1.447533e-14 2.853910e-14 4.761825e-14 6.705229e-14 7.943444e-14 7.841343e-14 6.226227e-14 3.420724e-14 -2.372048e-31 -3.420724e-14 -6.226227e-14 -7.841343e-14 -7.943444e-14 -6.705229e-14 -4.761825e-14 -2.853910e-14 -1.447533e-14 -6.247018e-15 -2.316372e-15
2.838420e-15 7.060409e-15 1.534848e-14 2.886455e-14 4.663113e-14 6.438581e-14 7.554946e-14 7.440367e-14 5.918574e-14 3.260963e-14 3.388640e-32 -3.260963e-14 -5.918574e-14 -7.440367e-14 -7.554946e-14 -6.438581e-14 -4.663113e-14 -2.886455e-14 -1.534848e-14 -7.060409e-15 -2.838420e-15
3.429321e-15 7.898360e-15 1.612538e-14 2.888439e-14 4.506260e-14 6.086804e-14 7.067295e-14 6.949252e-14 5.549087e-14 3.072309e-14 -4.642437e-30 -3.072309e-14 -5.549087e-14 -6.949252e-14 -7.067295e-14 -6.086804e-14 -4.506260e-14 -2.888439e-14 -1.612538e-14 -7.898360e-15 -3.429321e-15
4.041920e-15 8.721690e-15 1.688597e-14 2.901375e-14 4.386867e-14 5.795166e-14 6.631803e-14 6.467835e-14 5.146281e-14 2.846637e-14 1.948468e-31 -2.846637e-14 -5.146281e-14 -6.467835e-14 -6.631803e-14 -5.795166e-14 -4.386867e-14 -2.901375e-14 -1.688597e-14 -8.721690e-15 -4.041920e-15
