Iteration# z ADDATime OurCalcTime
1.0000000000 -0.0500000000 0.0000000000 58.4800000000
2.0000000000 0.0000000000 0.0000000000 59.1300000000
3.0000000000 0.0500000000 0.0100000000 59.6300000000
4.0000000000 0.1000000000 0.0100000000 58.7200000000
5.0000000000 0.1500000000 0.0000000000 57.9100000000
6.0000000000 0.2000000000 0.0100000000 57.4300000000
7.0000000000 0.2500000000 0.0100000000 56.9000000000
8.0000000000 0.3000000000 0.0000000000 56.6700000000
9.0000000000 0.2750000000 0.0100000000 57.3100000000
10.0000000000 0.2625000000 0.0100000000 57.6800000000
11.0000000000 0.2562500000 0.0000000000 57.5400000000
12.0000000000 0.2531250000 0.0100000000 57.2100000000
13.0000000000 0.2562500000 0.0100000000 57.1800000000
14.0000000000 0.2546875000 0.0100000000 58.1600000000
15.0000000000 0.2562500000 0.0100000000 58.3100000000
16.0000000000 0.2554687500 0.0000000000 58.1000000000
17.0000000000 0.2550781250 0.0100000000 57.5200000000
18.0000000000 0.2548828125 0.0000000000 56.9800000000
19.0000000000 0.2547851563 0.0100000000 57.0600000000
20.0000000000 0.2547363281 0.0000000000 58.0100000000
21.0000000000 0.2547119141 0.0000000000 58.5100000000
22.0000000000 0.2546997070 0.0100000000 58.6700000000
