x y z ADDATime OurCalcTime
0.0000000000 0.0000000000 0.5000000000 0.0000000000 328.9500000000
0.0000000000 0.0000000000 1.5000000000 0.0000000000 330.9100000000
0.0000000000 0.0000000000 2.5000000000 0.0100000000 329.4600000000
0.0000000000 0.0000000000 3.5000000000 0.0100000000 330.3300000000
0.0000000000 0.0000000000 4.5000000000 0.0100000000 329.5400000000
0.0000000000 0.0000000000 5.5000000000 0.0100000000 330.1800000000
0.0000000000 0.0000000000 6.5000000000 0.0100000000 329.2800000000
0.0000000000 0.0000000000 7.5000000000 0.0100000000 330.2000000000
0.0000000000 0.0000000000 8.5000000000 0.0100000000 331.0000000000
0.0000000000 0.0000000000 9.5000000000 0.0000000000 330.3000000000
0.0000000000 0.0000000000 10.5000000000 0.0100000000 329.1900000000
0.0000000000 0.0000000000 11.5000000000 0.0100000000 332.4600000000
0.0000000000 0.0000000000 12.5000000000 0.0100000000 335.5400000000
0.0000000000 0.0000000000 13.5000000000 0.0100000000 330.0400000000
0.0000000000 0.0000000000 14.5000000000 0.0100000000 328.9800000000
0.0000000000 0.0000000000 15.5000000000 0.0200000000 329.7400000000
0.0000000000 0.0000000000 16.5000000000 0.0100000000 330.4400000000
0.0000000000 0.0000000000 17.5000000000 0.0000000000 329.9300000000
0.0000000000 0.0000000000 18.5000000000 0.0100000000 329.9900000000
0.0000000000 0.0000000000 19.5000000000 0.0000000000 332.6500000000
0.0000000000 0.0000000000 20.5000000000 0.0300000000 348.7200000000
0.0000000000 0.0000000000 21.5000000000 0.0100000000 348.8200000000
0.0000000000 0.0000000000 22.5000000000 0.0400000000 349.0900000000
0.0000000000 0.0000000000 23.5000000000 0.0000000000 332.6700000000
0.0000000000 0.0000000000 24.5000000000 0.0100000000 330.1100000000
0.0000000000 0.0000000000 25.5000000000 0.0100000000 333.3100000000
0.0000000000 0.0000000000 26.5000000000 0.0100000000 329.8000000000
0.0000000000 0.0000000000 27.5000000000 0.0000000000 329.8500000000
0.0000000000 0.0000000000 28.5000000000 0.0100000000 328.5100000000
0.0000000000 0.0000000000 29.5000000000 0.0000000000 330.2300000000
0.0000000000 0.0000000000 30.5000000000 0.0000000000 329.0200000000
0.0000000000 0.0000000000 31.5000000000 0.0000000000 330.0000000000
0.0000000000 0.0000000000 32.5000000000 0.0100000000 331.5900000000
0.0000000000 0.0000000000 33.5000000000 0.0100000000 330.4800000000
0.0000000000 0.0000000000 34.5000000000 0.0100000000 332.7000000000
0.0000000000 0.0000000000 35.5000000000 0.0000000000 329.6000000000
0.0000000000 0.0000000000 36.5000000000 0.0100000000 336.4200000000
0.0000000000 0.0000000000 37.5000000000 0.0100000000 380.7800000000
0.0000000000 0.0000000000 38.5000000000 0.0200000000 342.3200000000
0.0000000000 0.0000000000 39.5000000000 0.0100000000 346.6100000000
0.0000000000 0.0000000000 40.5000000000 0.0200000000 341.7700000000
0.0000000000 0.0000000000 41.5000000000 0.0100000000 346.0600000000
0.0000000000 0.0000000000 42.5000000000 0.0100000000 346.7000000000
0.0000000000 0.0000000000 43.5000000000 0.0200000000 349.1800000000
0.0000000000 0.0000000000 44.5000000000 0.0100000000 331.5200000000
0.0000000000 0.0000000000 45.5000000000 0.0000000000 329.5000000000
0.0000000000 0.0000000000 46.5000000000 0.0000000000 328.8200000000
0.0000000000 0.0000000000 47.5000000000 0.0000000000 329.9100000000
0.0000000000 0.0000000000 48.5000000000 0.0100000000 329.0500000000
0.0000000000 0.0000000000 49.5000000000 0.0100000000 329.2400000000
0.0000000000 0.0000000000 0.0000000000 0.0000000000 0.0000000000
