0.000000e+00 0.000000e+00 0.000000e+00 0.000000e+00
-5.950000e+00 9.615002e-39 1.087097e-19 0.000000e+00
-5.900000e+00 -8.642994e-39 2.198815e-19 1.721663e-36
-5.850000e+00 6.473051e-38 4.291234e-19 3.443327e-36
-5.800000e+00 1.920899e-37 8.100670e-19 6.886653e-36
-5.750000e+00 2.219332e-37 1.482947e-18 -1.377331e-35
-5.700000e+00 -4.304158e-37 2.638998e-18 -5.509323e-35
-5.650000e+00 3.766138e-37 4.575018e-18 -5.509323e-35
-5.600000e+00 6.456237e-37 7.741017e-18 -1.101865e-34
-5.550000e+00 -6.440097e-35 1.280440e-17 0.000000e+00
-5.500000e+00 -7.101861e-36 2.073429e-17 4.407458e-34
-5.450000e+00 -2.152079e-36 3.290954e-17 -8.814916e-34
-5.400000e+00 -1.721663e-35 5.125360e-17 -1.762983e-33
-5.350000e+00 -8.238159e-34 7.839871e-17 1.762983e-33
-5.300000e+00 9.985647e-35 1.178801e-16 0.000000e+00
-5.250000e+00 8.608317e-36 1.743590e-16 3.525966e-33
-5.200000e+00 -7.575319e-35 2.538711e-16 0.000000e+00
-5.150000e+00 3.443327e-35 3.640912e-16 0.000000e+00
-5.100000e+00 1.377331e-34 5.146052e-16 0.000000e+00
-5.050000e+00 -3.443327e-34 7.171718e-16 2.820773e-32
-5.000000e+00 -4.820657e-34 9.859538e-16 0.000000e+00
-4.950000e+00 7.217213e-33 1.337696e-15 5.641546e-32
-4.900000e+00 1.459970e-33 1.791818e-15 -5.641546e-32
-4.850000e+00 2.396555e-33 2.370402e-15 0.000000e+00
-4.800000e+00 1.625250e-33 3.098026e-15 -1.128309e-31
-4.750000e+00 -1.983356e-33 4.001437e-15 0.000000e+00
-4.700000e+00 1.652797e-34 5.109015e-15 -4.513237e-31
-4.650000e+00 1.542610e-33 6.450030e-15 4.513237e-31
-4.600000e+00 2.534288e-33 8.053661e-15 -4.513237e-31
-4.550000e+00 1.762983e-33 9.947798e-15 -4.513237e-31
-4.500000e+00 -2.203729e-33 1.215762e-14 0.000000e+00
-4.450000e+00 -7.492679e-33 1.470402e-14 0.000000e+00
-4.400000e+00 9.669963e-31 1.760184e-14 5.415884e-30
-4.350000e+00 0.000000e+00 2.085808e-14 0.000000e+00
-4.300000e+00 5.288950e-33 2.447013e-14 0.000000e+00
-4.250000e+00 1.234088e-32 2.842401e-14 -1.805295e-30
-4.200000e+00 -2.644475e-32 3.269288e-14 -5.415884e-30
-4.150000e+00 -1.762983e-33 3.723584e-14 0.000000e+00
-4.100000e+00 -1.128309e-31 4.199711e-14 -1.083177e-29
-4.050000e+00 -7.051933e-33 4.690571e-14 3.610590e-30
-4.000000e+00 -3.525966e-32 5.187573e-14 -7.221179e-30
-3.950000e+00 3.525966e-33 5.680728e-14 -7.221179e-30
-3.900000e+00 -4.231160e-32 6.158807e-14 7.221179e-30
-3.850000e+00 4.936353e-32 6.609576e-14 0.000000e+00
-3.800000e+00 -7.757126e-32 7.020093e-14 1.444236e-29
-3.750000e+00 -1.410387e-32 7.377065e-14 -7.221179e-30
-3.700000e+00 0.000000e+00 7.667265e-14 1.444236e-29
-3.650000e+00 -9.872706e-31 7.877975e-14 0.000000e+00
-3.600000e+00 9.872706e-31 7.997456e-14 0.000000e+00
-3.550000e+00 2.820773e-32 8.015424e-14 1.444236e-29
-3.500000e+00 2.256619e-31 7.923495e-14 0.000000e+00
-3.450000e+00 2.820773e-32 7.715605e-14 0.000000e+00
-3.400000e+00 0.000000e+00 7.388359e-14 0.000000e+00
-3.350000e+00 5.641546e-32 6.941302e-14 -2.888472e-29
-3.300000e+00 8.462319e-32 6.377098e-14 -1.444236e-29
-3.250000e+00 -1.410387e-31 5.701601e-14 0.000000e+00
-3.200000e+00 -5.641546e-32 4.923802e-14 0.000000e+00
-3.150000e+00 8.462319e-32 4.055667e-14 1.444236e-29
-3.100000e+00 -5.641546e-32 3.111854e-14 5.776943e-29
-3.050000e+00 1.410387e-31 2.109345e-14 2.888472e-29
-3.000000e+00 -2.256619e-31 1.066861e-14 -1.444236e-29
-2.950000e+00 8.462319e-32 4.478611e-17 0.000000e+00
-2.900000e+00 3.667005e-31 -1.057118e-14 -1.444236e-29
-2.850000e+00 -6.487778e-31 -2.097237e-14 -2.888472e-29
-2.800000e+00 -2.256619e-31 -3.095778e-14 -1.444236e-29
-2.750000e+00 8.462319e-32 -4.033983e-14 -7.221179e-29
-2.700000e+00 -1.128309e-31 -4.894829e-14 0.000000e+00
-2.650000e+00 1.692464e-31 -5.663622e-14 0.000000e+00
-2.600000e+00 8.462319e-32 -6.328372e-14 0.000000e+00
-2.550000e+00 1.410387e-31 -6.880081e-14 -2.888472e-29
-2.500000e+00 0.000000e+00 -7.312918e-14 -2.888472e-29
-2.450000e+00 2.820773e-32 -7.624264e-14 2.888472e-29
-2.400000e+00 -1.128309e-31 -7.814645e-14 -1.444236e-29
-2.350000e+00 0.000000e+00 -7.887536e-14 0.000000e+00
-2.300000e+00 -2.256619e-31 -7.849076e-14 -1.444236e-29
-2.250000e+00 -8.462319e-32 -7.707684e-14 0.000000e+00
-2.200000e+00 4.231160e-32 -7.473610e-14 0.000000e+00
-2.150000e+00 -9.872706e-32 -7.158441e-14 -7.221179e-30
-2.100000e+00 1.410387e-32 -6.774575e-14 -2.166354e-29
-2.050000e+00 1.410387e-32 -6.334699e-14 1.444236e-29
-2.000000e+00 -4.936353e-32 -5.851289e-14 -7.221179e-30
-1.950000e+00 4.231160e-32 -5.336142e-14 0.000000e+00
-1.900000e+00 4.936353e-32 -4.799981e-14 0.000000e+00
-1.850000e+00 -4.936353e-31 -4.252123e-14 0.000000e+00
-1.800000e+00 7.051933e-33 -3.700241e-14 0.000000e+00
-1.750000e+00 -1.762983e-32 -3.150217e-14 0.000000e+00
-1.700000e+00 1.762983e-32 -2.606093e-14 1.805295e-30
-1.650000e+00 -1.762983e-32 -2.070120e-14 0.000000e+00
-1.600000e+00 1.057790e-32 -1.542894e-14 1.805295e-30
-1.550000e+00 -1.410387e-32 -1.023581e-14 -1.805295e-30
-1.500000e+00 -1.234088e-32 -5.102045e-15 1.805295e-30
-1.450000e+00 3.525966e-33 0.000000e+00 0.000000e+00
-1.400000e+00 2.997071e-32 5.102045e-15 1.805295e-30
-1.350000e+00 -3.525966e-33 1.023581e-14 0.000000e+00
-1.300000e+00 1.762983e-33 1.542894e-14 -1.805295e-30
-1.250000e+00 5.288950e-33 2.070120e-14 3.610590e-30
-1.200000e+00 1.057790e-32 2.606093e-14 0.000000e+00
-1.150000e+00 4.231160e-32 3.150217e-14 0.000000e+00
-1.100000e+00 2.397657e-31 3.700241e-14 0.000000e+00
-1.050000e+00 -9.520109e-31 4.252123e-14 0.000000e+00
-1.000000e+00 -3.525966e-32 4.799981e-14 7.221179e-30
-9.500000e-01 -1.410387e-32 5.336142e-14 0.000000e+00
-9.000000e-01 7.051933e-32 5.851289e-14 0.000000e+00
-8.500000e-01 0.000000e+00 6.334699e-14 1.444236e-29
-8.000000e-01 7.051933e-32 6.774575e-14 0.000000e+00
-7.500000e-01 7.051933e-32 7.158441e-14 -7.221179e-30
-7.000000e-01 -2.820773e-32 7.473610e-14 1.444236e-29
-6.500000e-01 -1.410387e-31 7.707684e-14 1.444236e-29
-6.000000e-01 4.231160e-32 7.849076e-14 -1.444236e-29
-5.500000e-01 2.820773e-32 7.887536e-14 -1.444236e-29
-5.000000e-01 1.974541e-31 7.814645e-14 0.000000e+00
-4.500000e-01 1.692464e-31 7.624264e-14 -2.888472e-29
-4.000000e-01 -5.641546e-32 7.312918e-14 0.000000e+00
-3.500000e-01 8.462319e-32 6.880081e-14 -1.444236e-29
-3.000000e-01 5.641546e-32 6.328372e-14 -2.888472e-29
-2.500000e-01 2.256619e-31 5.663622e-14 -2.888472e-29
-2.000000e-01 -3.102850e-31 4.894829e-14 1.444236e-29
-1.500000e-01 0.000000e+00 4.033983e-14 2.888472e-29
-1.000000e-01 -8.462319e-32 3.095778e-14 -2.888472e-29
-5.000000e-02 -2.820773e-32 2.097237e-14 -1.444236e-29
-1.294798e-14 -2.820773e-32 1.057118e-14 1.444236e-29
5.000000e-02 -5.359469e-31 -4.478611e-17 1.444236e-29
1.000000e-01 0.000000e+00 -1.066861e-14 5.776943e-29
1.500000e-01 1.410387e-31 -2.109345e-14 -2.888472e-29
2.000000e-01 0.000000e+00 -3.111854e-14 -2.888472e-29
2.500000e-01 2.256619e-31 -4.055667e-14 1.444236e-29
3.000000e-01 0.000000e+00 -4.923802e-14 4.332708e-29
3.500000e-01 2.820773e-32 -5.701601e-14 -1.444236e-29
4.000000e-01 1.692464e-31 -6.377098e-14 1.444236e-29
4.500000e-01 -5.641546e-32 -6.941302e-14 0.000000e+00
5.000000e-01 5.641546e-32 -7.388359e-14 1.444236e-29
5.500000e-01 -1.410387e-31 -7.715605e-14 0.000000e+00
6.000000e-01 1.974541e-31 -7.923495e-14 -2.888472e-29
6.500000e-01 2.820773e-32 -8.015424e-14 1.444236e-29
7.000000e-01 -8.744397e-31 -7.997456e-14 7.221179e-30
7.500000e-01 -5.218430e-31 -7.877975e-14 -7.221179e-30
8.000000e-01 -9.872706e-32 -7.667265e-14 -1.444236e-29
8.500000e-01 7.051933e-32 -7.377065e-14 7.221179e-30
9.000000e-01 -1.410387e-32 -7.020093e-14 -7.221179e-30
9.500000e-01 1.410387e-32 -6.609576e-14 0.000000e+00
1.000000e+00 6.346740e-32 -6.158807e-14 7.221179e-30
1.050000e+00 3.525966e-32 -5.680728e-14 1.083177e-29
1.100000e+00 -7.051933e-33 -5.187573e-14 7.221179e-30
1.150000e+00 2.115580e-32 -4.690571e-14 -7.221179e-30
1.200000e+00 2.115580e-32 -4.199711e-14 1.805295e-30
1.250000e+00 5.288950e-32 -3.723584e-14 0.000000e+00
1.300000e+00 -7.051933e-33 -3.269288e-14 -1.805295e-30
1.350000e+00 1.057790e-32 -2.842401e-14 0.000000e+00
1.400000e+00 5.288950e-33 -2.447013e-14 0.000000e+00
1.450000e+00 1.057790e-32 -2.085808e-14 0.000000e+00
1.500000e+00 -9.749297e-31 -1.760184e-14 -3.610590e-30
1.550000e+00 0.000000e+00 -1.470402e-14 1.353971e-30
1.600000e+00 0.000000e+00 -1.215762e-14 -1.353971e-30
1.650000e+00 1.410387e-32 -9.947798e-15 4.513237e-31
1.700000e+00 -1.101865e-33 -8.053661e-15 2.256619e-31
1.750000e+00 4.848204e-33 -6.450030e-15 0.000000e+00
1.800000e+00 3.525966e-33 -5.109015e-15 1.128309e-31
1.850000e+00 4.407458e-34 -4.001437e-15 1.128309e-31
1.900000e+00 6.060255e-34 -3.098026e-15 -5.641546e-32
1.950000e+00 2.754661e-33 -2.370402e-15 0.000000e+00
2.000000e+00 -8.539450e-34 -1.791818e-15 -5.641546e-32
2.050000e+00 -5.096123e-33 -1.337696e-15 -5.641546e-32
2.100000e+00 -5.922522e-34 -9.859538e-16 -2.820773e-32
2.150000e+00 -4.958390e-34 -7.171718e-16 1.410387e-32
2.200000e+00 -1.032998e-34 -5.146052e-16 -7.051933e-33
2.250000e+00 -8.608317e-35 -3.640912e-16 0.000000e+00
2.300000e+00 -1.528837e-33 -2.538711e-16 1.057790e-32
2.350000e+00 -1.377331e-35 -1.743590e-16 -3.525966e-33
2.400000e+00 2.582495e-36 -1.178801e-16 -1.762983e-33
2.450000e+00 -2.668578e-35 -7.839871e-17 -8.814916e-34
2.500000e+00 -1.291247e-35 -5.125360e-17 -4.407458e-34
2.550000e+00 -1.119081e-35 -3.290954e-17 0.000000e+00
2.600000e+00 -8.393109e-35 -2.073429e-17 8.814916e-34
2.650000e+00 -1.829267e-36 -1.280440e-17 2.203729e-34
2.700000e+00 -1.883069e-36 -7.741017e-18 -1.101865e-34
2.750000e+00 5.380198e-37 -4.575018e-18 -5.509323e-35
2.800000e+00 -1.076040e-37 -2.638998e-18 0.000000e+00
2.850000e+00 -2.690099e-38 -1.482947e-18 1.377331e-35
2.900000e+00 -2.757351e-37 -8.100670e-19 1.377331e-35
2.950000e+00 -5.212067e-38 -4.291234e-19 0.000000e+00
3.000000e+00 6.178821e-37 -2.198815e-19 0.000000e+00
3.050000e+00 -6.725247e-39 -1.087097e-19 -1.205164e-35
