0.000000e+00 0.000000e+00 -1.000000e+00 7.270073e-31 1.721078e-30 7.767449e-13
0.000000e+00 0.000000e+00 -9.900000e-01 -4.911008e-30 8.427349e-30 7.868184e-13
0.000000e+00 0.000000e+00 -9.800000e-01 -2.967377e-32 -3.738894e-30 7.940074e-13
0.000000e+00 0.000000e+00 -9.700000e-01 1.038582e-31 -4.569760e-30 7.983988e-13
0.000000e+00 0.000000e+00 -9.600000e-01 -1.409504e-31 1.958469e-30 8.001746e-13
0.000000e+00 0.000000e+00 -9.500000e-01 -1.787844e-30 6.765619e-30 7.996065e-13
0.000000e+00 0.000000e+00 -9.400000e-01 -4.451065e-32 -3.293788e-30 7.970454e-13
0.000000e+00 0.000000e+00 -9.300000e-01 -5.934753e-31 -1.181016e-29 7.929074e-13
0.000000e+00 0.000000e+00 -9.200000e-01 -5.207746e-30 6.735945e-30 7.876533e-13
0.000000e+00 0.000000e+00 -9.100000e-01 -2.806038e-26 5.131238e-26 7.817621e-13
0.000000e+00 0.000000e+00 -9.000000e-01 8.902130e-31 -2.566781e-30 7.757020e-13
0.000000e+00 0.000000e+00 -8.900000e-01 1.839773e-29 3.126428e-28 7.698993e-13
0.000000e+00 0.000000e+00 -8.800000e-01 -1.728497e-30 -1.684728e-29 7.647128e-13
0.000000e+00 0.000000e+00 -8.700000e-01 1.290809e-30 1.186951e-31 7.604145e-13
0.000000e+00 0.000000e+00 -8.600000e-01 -8.902130e-31 4.451065e-31 7.571772e-13
0.000000e+00 0.000000e+00 -8.500000e-01 -2.181022e-30 -1.594965e-29 7.550866e-13
0.000000e+00 0.000000e+00 -8.400000e-01 -8.019038e-28 -8.047451e-28 7.541316e-13
0.000000e+00 0.000000e+00 -8.300000e-01 6.501151e-29 -6.988172e-29 7.542250e-13
0.000000e+00 0.000000e+00 -8.200000e-01 3.375391e-31 1.308613e-29 7.552112e-13
0.000000e+00 0.000000e+00 -8.100000e-01 -3.627989e-28 5.975555e-30 7.568740e-13
0.000000e+00 0.000000e+00 -8.000000e-01 2.277461e-30 3.275242e-30 7.589442e-13
0.000000e+00 0.000000e+00 -7.900000e-01 -5.044540e-31 -8.531208e-32 7.611090e-13
0.000000e+00 0.000000e+00 -7.800000e-01 -5.934753e-31 1.347653e-29 7.630269e-13
0.000000e+00 0.000000e+00 -7.700000e-01 -1.362471e-28 1.887530e-29 7.643518e-13
0.000000e+00 0.000000e+00 -7.600000e-01 -1.513362e-30 2.587552e-29 7.647640e-13
0.000000e+00 0.000000e+00 -7.500000e-01 5.949590e-30 -4.263749e-30 7.640067e-13
0.000000e+00 0.000000e+00 -7.400000e-01 2.445118e-29 1.508911e-29 7.619202e-13
0.000000e+00 0.000000e+00 -7.300000e-01 -1.149858e-31 4.043051e-31 7.584595e-13
0.000000e+00 0.000000e+00 -7.200000e-01 -1.991852e-30 2.761144e-29 7.537026e-13
0.000000e+00 0.000000e+00 -7.100000e-01 6.372441e-30 2.930284e-31 7.478349e-13
0.000000e+00 0.000000e+00 -7.000000e-01 2.462659e-27 -4.395538e-27 7.411181e-13
0.000000e+00 0.000000e+00 -6.900000e-01 -1.403198e-29 -5.040831e-30 7.338511e-13
0.000000e+00 0.000000e+00 -6.800000e-01 1.580128e-30 1.333465e-29 7.263308e-13
0.000000e+00 0.000000e+00 -6.700000e-01 5.750405e-29 -4.517831e-30 7.188208e-13
0.000000e+00 0.000000e+00 -6.600000e-01 -1.203271e-29 -2.083840e-29 7.115332e-13
0.000000e+00 0.000000e+00 -6.500000e-01 9.143229e-30 -1.742963e-29 7.046213e-13
0.000000e+00 0.000000e+00 -6.400000e-01 5.911422e-28 1.018033e-28 6.981785e-13
0.000000e+00 0.000000e+00 -6.300000e-01 -2.677241e-28 7.279346e-29 6.922421e-13
0.000000e+00 0.000000e+00 -6.200000e-01 -2.603873e-30 -2.356097e-29 6.867925e-13
0.000000e+00 0.000000e+00 -6.100000e-01 1.470706e-30 -7.581647e-30 6.817529e-13
0.000000e+00 0.000000e+00 -6.000000e-01 -6.409533e-30 -2.504095e-29 6.769916e-13
0.000000e+00 0.000000e+00 -5.900000e-01 -2.717004e-30 -7.700342e-30 6.723291e-13
0.000000e+00 0.000000e+00 -5.800000e-01 -1.039509e-29 -4.264120e-29 6.675593e-13
0.000000e+00 0.000000e+00 -5.700000e-01 3.972575e-30 -4.376880e-30 6.624733e-13
0.000000e+00 0.000000e+00 -5.600000e-01 1.120185e-30 -1.430275e-29 6.568937e-13
0.000000e+00 0.000000e+00 -5.500000e-01 7.418441e-31 3.413967e-29 6.507009e-13
0.000000e+00 0.000000e+00 -5.400000e-01 -4.688455e-30 3.405065e-30 6.438508e-13
0.000000e+00 0.000000e+00 -5.300000e-01 -9.620012e-28 4.409225e-27 6.363781e-13
0.000000e+00 0.000000e+00 -5.200000e-01 -1.906169e-29 6.639505e-30 6.283866e-13
0.000000e+00 0.000000e+00 -5.100000e-01 -2.503724e-31 -1.304347e-29 6.200284e-13
0.000000e+00 0.000000e+00 -5.000000e-01 -1.709951e-30 6.062721e-30 6.114799e-13
0.000000e+00 0.000000e+00 -4.900000e-01 -1.649379e-28 -1.059632e-28 6.029282e-13
0.000000e+00 0.000000e+00 -4.800000e-01 -1.787844e-30 1.520780e-30 5.945417e-13
0.000000e+00 0.000000e+00 -4.700000e-01 -6.824966e-31 -5.873551e-30 5.864611e-13
0.000000e+00 0.000000e+00 -4.600000e-01 1.824937e-29 -4.237785e-30 5.787939e-13
0.000000e+00 0.000000e+00 -4.500000e-01 -2.018743e-29 3.290821e-29 5.716089e-13
0.000000e+00 0.000000e+00 -4.400000e-01 -7.006718e-30 4.658781e-30 5.649370e-13
0.000000e+00 0.000000e+00 -4.300000e-01 -2.838481e-30 -3.342379e-29 5.587750e-13
0.000000e+00 0.000000e+00 -4.200000e-01 -2.202350e-30 -3.911188e-29 5.530931e-13
0.000000e+00 0.000000e+00 -4.100000e-01 -2.240369e-30 -2.297491e-29 5.478451e-13
0.000000e+00 0.000000e+00 -4.000000e-01 -2.249642e-30 9.397311e-30 5.429772e-13
0.000000e+00 0.000000e+00 -3.900000e-01 9.013406e-31 1.815849e-29 5.384347e-13
0.000000e+00 0.000000e+00 -3.800000e-01 1.632057e-29 -4.821060e-30 5.341659e-13
0.000000e+00 0.000000e+00 -3.700000e-01 -1.928795e-31 -3.151725e-29 5.301233e-13
0.000000e+00 0.000000e+00 -3.600000e-01 -1.029652e-28 -3.515228e-29 5.262631e-13
0.000000e+00 0.000000e+00 -3.500000e-01 -4.622616e-30 5.230001e-31 5.225459e-13
0.000000e+00 0.000000e+00 -3.400000e-01 -1.478124e-30 -9.617082e-30 5.189372e-13
0.000000e+00 0.000000e+00 -3.300000e-01 3.664710e-30 -1.823638e-29 5.154074e-13
0.000000e+00 0.000000e+00 -3.200000e-01 -2.627056e-30 -7.531573e-30 5.119308e-13
0.000000e+00 0.000000e+00 -3.100000e-01 -4.514258e-27 8.272760e-27 5.084823e-13
0.000000e+00 0.000000e+00 -3.000000e-01 -4.274877e-30 -1.543592e-29 5.050327e-13
0.000000e+00 0.000000e+00 -2.900000e-01 3.899411e-29 3.651728e-30 5.015453e-13
0.000000e+00 0.000000e+00 -2.800000e-01 -4.043051e-31 6.780455e-30 4.979759e-13
0.000000e+00 0.000000e+00 -2.700000e-01 7.677159e-30 -1.353866e-30 4.942780e-13
0.000000e+00 0.000000e+00 -2.600000e-01 -1.782281e-30 -3.215338e-29 4.904118e-13
0.000000e+00 0.000000e+00 -2.500000e-01 1.910249e-31 -1.604841e-29 4.863561e-13
0.000000e+00 0.000000e+00 -2.400000e-01 -3.807716e-26 4.260235e-26 4.821212e-13
0.000000e+00 0.000000e+00 -2.300000e-01 -1.353866e-30 -6.683552e-30 4.777595e-13
0.000000e+00 0.000000e+00 -2.200000e-01 -7.705906e-31 -3.663505e-29 4.733680e-13
0.000000e+00 0.000000e+00 -2.100000e-01 2.819008e-30 7.545482e-30 4.690830e-13
0.000000e+00 0.000000e+00 -2.000000e-01 -7.105448e-28 9.624454e-28 4.650672e-13
0.000000e+00 0.000000e+00 -1.900000e-01 8.178832e-31 2.518561e-30 4.614894e-13
0.000000e+00 0.000000e+00 -1.800000e-01 -1.354607e-29 1.298060e-28 4.584993e-13
0.000000e+00 0.000000e+00 -1.700000e-01 -3.218465e-27 -2.772215e-27 4.562004e-13
0.000000e+00 0.000000e+00 -1.600000e-01 5.642652e-31 8.874310e-31 4.546266e-13
0.000000e+00 0.000000e+00 -1.500000e-01 1.818909e-30 -3.973503e-31 4.537261e-13
0.000000e+00 0.000000e+00 -1.400000e-01 1.094220e-30 -2.011464e-29 4.533572e-13
0.000000e+00 0.000000e+00 -1.300000e-01 1.525417e-30 -9.431157e-30 4.532930e-13
0.000000e+00 0.000000e+00 -1.200000e-01 1.219174e-29 9.302030e-30 4.532627e-13
0.000000e+00 0.000000e+00 -1.100000e-01 -6.406288e-30 5.104815e-31 4.529550e-13
0.000000e+00 0.000000e+00 -1.000000e-01 5.052005e-29 1.366662e-29 4.520694e-13
0.000000e+00 0.000000e+00 -9.000000e-02 1.979333e-30 4.081070e-30 4.503460e-13
0.000000e+00 0.000000e+00 -8.000000e-02 -8.851313e-29 -6.496422e-29 4.476001e-13
0.000000e+00 0.000000e+00 -7.000000e-02 1.890775e-30 -7.532732e-30 4.437066e-13
0.000000e+00 0.000000e+00 -6.000000e-02 -1.378903e-30 8.308249e-30 4.386886e-13
0.000000e+00 0.000000e+00 -5.000000e-02 3.737040e-31 7.804606e-30 4.325898e-13
0.000000e+00 0.000000e+00 -4.000000e-02 -4.036420e-29 -4.854553e-29 4.255963e-13
0.000000e+00 0.000000e+00 -3.000000e-02 8.207578e-30 -2.855781e-30 4.179296e-13
0.000000e+00 0.000000e+00 -2.000000e-02 -4.949491e-30 2.553740e-30 4.098594e-13
0.000000e+00 0.000000e+00 -1.000000e-02 4.504802e-29 -7.173633e-30 4.016777e-13
0.000000e+00 0.000000e+00 7.528700e-16 -3.431029e-32 4.467640e-30 3.936687e-13
0.000000e+00 0.000000e+00 1.000000e-02 -4.218775e-30 8.885148e-30 3.861211e-13
0.000000e+00 0.000000e+00 2.000000e-02 1.507474e-29 -1.957872e-29 3.792646e-13
0.000000e+00 0.000000e+00 3.000000e-02 2.345618e-30 9.858123e-30 3.732856e-13
0.000000e+00 0.000000e+00 4.000000e-02 6.587863e-28 7.478857e-28 3.683093e-13
0.000000e+00 0.000000e+00 5.000000e-02 3.228877e-30 -4.574107e-30 3.643927e-13
0.000000e+00 0.000000e+00 6.000000e-02 -1.503162e-30 2.557826e-29 3.615226e-13
0.000000e+00 0.000000e+00 7.000000e-02 1.501488e-28 -1.158714e-28 3.596160e-13
0.000000e+00 0.000000e+00 8.000000e-02 -7.904363e-28 8.798427e-28 3.585257e-13
0.000000e+00 0.000000e+00 9.000000e-02 2.550089e-31 -5.343944e-30 3.580512e-13
0.000000e+00 0.000000e+00 1.000000e-01 -1.362211e-30 2.284248e-29 3.579534e-13
0.000000e+00 0.000000e+00 1.100000e-01 6.259310e-30 2.604024e-29 3.579675e-13
0.000000e+00 0.000000e+00 1.200000e-01 3.566462e-29 -2.950891e-29 3.578268e-13
0.000000e+00 0.000000e+00 1.300000e-01 4.321242e-31 -9.659158e-30 3.572840e-13
0.000000e+00 0.000000e+00 1.400000e-01 1.250471e-30 4.706364e-30 3.561333e-13
0.000000e+00 0.000000e+00 1.500000e-01 -3.375391e-31 -1.698301e-29 3.542277e-13
0.000000e+00 0.000000e+00 1.600000e-01 4.423361e-27 2.285365e-27 3.514916e-13
0.000000e+00 0.000000e+00 1.700000e-01 -1.234243e-30 1.979898e-29 3.479246e-13
0.000000e+00 0.000000e+00 1.800000e-01 -1.081562e-29 -2.206986e-30 3.435976e-13
0.000000e+00 0.000000e+00 1.900000e-01 -1.228216e-30 -1.942823e-29 3.386380e-13
0.000000e+00 0.000000e+00 2.000000e-01 -6.296402e-30 3.864614e-29 3.332092e-13
0.000000e+00 0.000000e+00 2.100000e-01 1.607317e-28 2.641701e-29 3.274859e-13
0.000000e+00 0.000000e+00 2.200000e-01 2.186586e-30 -1.062396e-29 3.216305e-13
0.000000e+00 0.000000e+00 2.300000e-01 1.279681e-30 2.373142e-29 3.157733e-13
0.000000e+00 0.000000e+00 2.400000e-01 4.858615e-30 -2.240062e-29 3.100003e-13
0.000000e+00 0.000000e+00 2.500000e-01 4.408845e-28 -3.583053e-28 3.043489e-13
0.000000e+00 0.000000e+00 2.600000e-01 3.794069e-30 -2.136453e-30 2.988119e-13
0.000000e+00 0.000000e+00 2.700000e-01 -2.142770e-30 -3.025293e-29 2.933482e-13
0.000000e+00 0.000000e+00 2.800000e-01 -6.866695e-31 1.101523e-30 2.878964e-13
0.000000e+00 0.000000e+00 2.900000e-01 1.328481e-29 8.249944e-30 2.823898e-13
0.000000e+00 0.000000e+00 3.000000e-01 2.378723e-29 4.227085e-27 2.767686e-13
0.000000e+00 0.000000e+00 3.100000e-01 3.725210e-28 -7.761544e-31 2.709855e-13
0.000000e+00 0.000000e+00 3.200000e-01 4.302232e-30 -1.151412e-29 2.650164e-13
0.000000e+00 0.000000e+00 3.300000e-01 3.166747e-31 1.337278e-29 2.588472e-13
0.000000e+00 0.000000e+00 3.400000e-01 -9.435330e-32 -1.948164e-29 2.524760e-13
0.000000e+00 0.000000e+00 3.500000e-01 -2.458981e-30 5.634074e-30 2.458982e-13
0.000000e+00 0.000000e+00 3.600000e-01 -1.188110e-29 2.404723e-29 2.390944e-13
0.000000e+00 0.000000e+00 3.700000e-01 8.220523e-28 6.704076e-28 2.320373e-13
0.000000e+00 0.000000e+00 3.800000e-01 -2.186771e-29 3.531433e-29 2.246607e-13
0.000000e+00 0.000000e+00 3.900000e-01 -1.740552e-30 1.089062e-29 2.169048e-13
0.000000e+00 0.000000e+00 4.000000e-01 -9.537102e-29 3.303345e-29 2.086994e-13
0.000000e+00 0.000000e+00 4.100000e-01 1.380549e-29 -1.213611e-29 1.999782e-13
0.000000e+00 0.000000e+00 4.200000e-01 -4.346743e-30 2.636700e-29 1.906943e-13
0.000000e+00 0.000000e+00 4.300000e-01 -1.009548e-28 4.976464e-29 1.808319e-13
0.000000e+00 0.000000e+00 4.400000e-01 -4.004196e-29 1.030677e-29 1.704155e-13
0.000000e+00 0.000000e+00 4.500000e-01 -7.615494e-31 -1.010994e-29 1.595142e-13
0.000000e+00 0.000000e+00 4.600000e-01 -8.962173e-30 4.158759e-26 1.482427e-13
0.000000e+00 0.000000e+00 4.700000e-01 -3.405065e-30 -3.257577e-29 1.367575e-13
0.000000e+00 0.000000e+00 4.800000e-01 -7.788204e-30 -1.785178e-29 1.252500e-13
0.000000e+00 0.000000e+00 4.900000e-01 -1.056201e-30 8.405905e-30 1.139347e-13
0.000000e+00 0.000000e+00 5.000000e-01 -7.932359e-27 4.282562e-27 1.030292e-13
0.000000e+00 0.000000e+00 5.100000e-01 4.748915e-29 1.088357e-28 9.275148e-14
0.000000e+00 0.000000e+00 5.200000e-01 5.286567e-30 -9.174526e-31 8.326735e-14
0.000000e+00 0.000000e+00 5.300000e-01 1.221610e-26 1.703126e-28 7.468658e-14
0.000000e+00 0.000000e+00 5.400000e-01 4.716274e-29 9.312323e-29 6.703859e-14
0.000000e+00 0.000000e+00 5.500000e-01 2.492810e-28 2.926967e-28 6.026264e-14
0.000000e+00 0.000000e+00 5.600000e-01 3.561779e-30 6.064576e-30 5.421121e-14
0.000000e+00 0.000000e+00 5.700000e-01 4.053784e-29 3.341706e-29 4.866745e-14
0.000000e+00 0.000000e+00 5.800000e-01 -1.093016e-27 2.760849e-28 4.337246e-14
0.000000e+00 0.000000e+00 5.900000e-01 -2.798380e-27 -1.483099e-27 3.805580e-14
0.000000e+00 0.000000e+00 6.000000e-01 2.578836e-30 -2.317312e-29 3.246572e-14
0.000000e+00 0.000000e+00 6.100000e-01 8.624286e-30 9.270733e-31 2.639442e-14
0.000000e+00 0.000000e+00 6.200000e-01 -1.450769e-30 -2.589036e-29 1.969361e-14
0.000000e+00 0.000000e+00 6.300000e-01 2.348427e-27 1.999056e-27 1.227935e-14
0.000000e+00 0.000000e+00 6.400000e-01 -3.110417e-28 5.132289e-27 4.128190e-15
0.000000e+00 0.000000e+00 6.500000e-01 1.344592e-31 -2.239210e-30 -4.732944e-15
0.000000e+00 0.000000e+00 6.600000e-01 -1.538943e-28 -5.895064e-28 -1.424077e-14
0.000000e+00 0.000000e+00 6.700000e-01 1.619075e-30 -1.265308e-30 -2.431166e-14
0.000000e+00 0.000000e+00 6.800000e-01 -6.458217e-30 1.390768e-28 -3.485803e-14
0.000000e+00 0.000000e+00 6.900000e-01 3.849128e-30 2.128954e-29 -4.580322e-14
0.000000e+00 0.000000e+00 7.000000e-01 3.188075e-30 1.469014e-29 -5.709233e-14
0.000000e+00 0.000000e+00 7.100000e-01 2.200495e-30 -8.931572e-30 -6.869652e-14
0.000000e+00 0.000000e+00 7.200000e-01 3.754659e-30 -1.833885e-29 -8.060856e-14
0.000000e+00 0.000000e+00 7.300000e-01 7.158796e-31 1.170908e-29 -9.282945e-14
0.000000e+00 0.000000e+00 7.400000e-01 4.225730e-30 -5.581450e-30 -1.053486e-13
0.000000e+00 0.000000e+00 7.500000e-01 5.795559e-29 3.378729e-29 -1.181225e-13
0.000000e+00 0.000000e+00 7.600000e-01 5.795657e-31 -2.209768e-30 -1.310578e-13
0.000000e+00 0.000000e+00 7.700000e-01 1.831335e-29 -1.945023e-30 -1.440050e-13
0.000000e+00 0.000000e+00 7.800000e-01 1.657160e-28 -2.222655e-28 -1.567662e-13
0.000000e+00 0.000000e+00 7.900000e-01 3.704555e-30 5.290740e-30 -1.691162e-13
0.000000e+00 0.000000e+00 8.000000e-01 -2.421710e-27 -5.100735e-29 -1.808336e-13
0.000000e+00 0.000000e+00 8.100000e-01 1.565982e-28 4.228313e-27 -1.917351e-13
0.000000e+00 0.000000e+00 8.200000e-01 -1.860638e-30 2.356468e-29 -2.017048e-13
0.000000e+00 0.000000e+00 8.300000e-01 -2.040071e-31 9.818307e-30 -2.107118e-13
0.000000e+00 0.000000e+00 8.400000e-01 2.058617e-31 -8.870601e-30 -2.188120e-13
0.000000e+00 0.000000e+00 8.500000e-01 2.882992e-30 1.960323e-30 -2.261332e-13
0.000000e+00 0.000000e+00 8.600000e-01 4.186783e-31 7.281664e-30 -2.328454e-13
0.000000e+00 0.000000e+00 8.700000e-01 2.405620e-28 -1.019132e-29 -2.391227e-13
0.000000e+00 0.000000e+00 8.800000e-01 2.707282e-30 9.817380e-30 -2.451024e-13
0.000000e+00 0.000000e+00 8.900000e-01 1.438714e-30 -6.010908e-30 -2.508463e-13
0.000000e+00 0.000000e+00 9.000000e-01 4.426955e-30 5.045004e-30 -2.563124e-13
0.000000e+00 0.000000e+00 9.100000e-01 3.793605e-30 1.310134e-28 -2.613368e-13
0.000000e+00 0.000000e+00 9.200000e-01 -3.586353e-31 1.425842e-29 -2.656312e-13
0.000000e+00 0.000000e+00 9.300000e-01 5.122666e-29 5.251509e-29 -2.687955e-13
0.000000e+00 0.000000e+00 9.400000e-01 5.802612e-31 3.671549e-30 -2.703413e-13
0.000000e+00 0.000000e+00 9.500000e-01 5.333917e-30 7.489728e-31 -2.697353e-13
0.000000e+00 0.000000e+00 9.600000e-01 7.992791e-31 -6.631391e-30 -2.664459e-13
0.000000e+00 0.000000e+00 9.700000e-01 1.484174e-27 1.380108e-29 -2.599979e-13
0.000000e+00 0.000000e+00 9.800000e-01 -1.632811e-30 -9.029286e-30 -2.500259e-13
0.000000e+00 0.000000e+00 9.900000e-01 -7.998007e-31 1.132344e-29 -2.363208e-13
0.000000e+00 0.000000e+00 1.000000e+00 -3.303525e-32 1.013626e-29 -2.188610e-13
0.000000e+00 0.000000e+00 1.010000e+00 1.148699e-31 2.757806e-30 -1.978260e-13
0.000000e+00 0.000000e+00 1.020000e+00 4.416291e-32 5.330150e-30 -1.735898e-13
0.000000e+00 0.000000e+00 1.030000e+00 2.647340e-29 -3.156547e-30 -1.467066e-13
0.000000e+00 0.000000e+00 1.040000e+00 -1.041132e-30 -3.134291e-30 -1.178372e-13
0.000000e+00 0.000000e+00 1.050000e+00 5.609327e-29 -3.028600e-28 -8.772577e-14
0.000000e+00 0.000000e+00 1.060000e+00 -7.527400e-31 -4.678718e-30 -5.713276e-14
0.000000e+00 0.000000e+00 1.070000e+00 -7.301659e-28 -4.603542e-28 -2.678583e-14
0.000000e+00 0.000000e+00 1.080000e+00 -6.325612e-30 7.166214e-30 2.661832e-15
0.000000e+00 0.000000e+00 1.090000e+00 -5.726109e-31 -4.349061e-31 3.066101e-14
0.000000e+00 0.000000e+00 1.100000e+00 4.916433e-29 -4.575787e-30 5.678287e-14
0.000000e+00 0.000000e+00 1.110000e+00 2.336809e-31 -1.600761e-30 8.072312e-14
0.000000e+00 0.000000e+00 1.120000e+00 -2.787975e-28 5.789866e-28 1.022966e-13
0.000000e+00 0.000000e+00 1.130000e+00 2.892033e-30 -2.995057e-29 1.214258e-13
0.000000e+00 0.000000e+00 1.140000e+00 -1.217088e-31 -8.310973e-31 1.381224e-13
0.000000e+00 0.000000e+00 1.150000e+00 -4.372244e-31 2.121211e-31 1.524689e-13
0.000000e+00 0.000000e+00 1.160000e+00 2.028480e-31 9.087591e-32 1.646002e-13
0.000000e+00 0.000000e+00 1.170000e+00 3.443548e-30 5.767838e-31 1.746859e-13
0.000000e+00 0.000000e+00 1.180000e+00 1.358502e-31 -4.381517e-32 1.829164e-13
0.000000e+00 0.000000e+00 1.190000e+00 -1.479052e-31 1.077065e-30 1.894905e-13
0.000000e+00 0.000000e+00 1.200000e+00 -1.083449e-28 3.239086e-28 1.946062e-13
0.000000e+00 0.000000e+00 1.210000e+00 -1.298227e-32 4.488157e-31 1.984540e-13
0.000000e+00 0.000000e+00 1.220000e+00 -5.086501e-30 -2.928430e-30 2.012122e-13
0.000000e+00 0.000000e+00 1.230000e+00 2.881601e-31 -8.009367e-30 2.030439e-13
0.000000e+00 0.000000e+00 1.240000e+00 1.629294e-28 -8.552072e-29 2.040962e-13
0.000000e+00 0.000000e+00 1.250000e+00 9.806252e-32 1.428977e-30 2.044994e-13
0.000000e+00 0.000000e+00 1.260000e+00 3.171384e-30 -2.430930e-30 2.043673e-13
0.000000e+00 0.000000e+00 1.270000e+00 -7.949324e-31 9.875800e-31 2.037985e-13
0.000000e+00 0.000000e+00 1.280000e+00 1.424967e-29 3.846740e-28 2.028775e-13
0.000000e+00 0.000000e+00 1.290000e+00 -2.671865e-28 8.831747e-29 2.016760e-13
0.000000e+00 0.000000e+00 1.300000e+00 -3.338299e-32 -3.999004e-31 2.002541e-13
0.000000e+00 0.000000e+00 1.310000e+00 -1.877793e-32 -4.984265e-32 1.986622e-13
0.000000e+00 0.000000e+00 1.320000e+00 -1.307500e-31 -4.815032e-31 1.969420e-13
0.000000e+00 0.000000e+00 1.330000e+00 -1.040900e-31 4.182146e-31 1.951277e-13
0.000000e+00 0.000000e+00 1.340000e+00 1.613511e-31 -1.004040e-30 1.932474e-13
0.000000e+00 0.000000e+00 1.350000e+00 2.205619e-29 -1.045073e-30 1.913237e-13
0.000000e+00 0.000000e+00 1.360000e+00 -6.356909e-30 -1.630481e-29 1.893748e-13
0.000000e+00 0.000000e+00 1.370000e+00 3.482031e-31 -9.632382e-31 1.874150e-13
0.000000e+00 0.000000e+00 1.380000e+00 -2.294294e-28 5.042927e-28 1.854560e-13
0.000000e+00 0.000000e+00 1.390000e+00 -2.341446e-32 4.277195e-31 1.835063e-13
0.000000e+00 0.000000e+00 1.400000e+00 3.465803e-31 2.455040e-31 1.815730e-13
0.000000e+00 0.000000e+00 1.410000e+00 5.417085e-30 7.828542e-30 1.796610e-13
0.000000e+00 0.000000e+00 1.420000e+00 8.670303e-32 8.902130e-32 1.777741e-13
0.000000e+00 0.000000e+00 1.430000e+00 -1.341671e-29 6.722962e-30 1.759150e-13
0.000000e+00 0.000000e+00 1.440000e+00 -6.282493e-32 1.233316e-31 1.740854e-13
0.000000e+00 0.000000e+00 1.450000e+00 6.866695e-31 -2.524588e-31 1.722864e-13
0.000000e+00 0.000000e+00 1.460000e+00 1.509421e-30 -6.469808e-30 1.705186e-13
0.000000e+00 0.000000e+00 1.470000e+00 7.017382e-31 6.092395e-31 1.687820e-13
0.000000e+00 0.000000e+00 1.480000e+00 6.811056e-31 1.863883e-31 1.670766e-13
0.000000e+00 0.000000e+00 1.490000e+00 -2.735550e-32 -1.390958e-31 1.654019e-13
0.000000e+00 0.000000e+00 1.500000e+00 -3.836725e-32 1.291272e-31 1.637574e-13
0.000000e+00 0.000000e+00 1.510000e+00 5.424735e-32 8.239106e-31 1.621422e-13
0.000000e+00 0.000000e+00 1.520000e+00 3.494781e-31 2.512997e-31 1.605556e-13
0.000000e+00 0.000000e+00 1.530000e+00 -8.436043e-30 1.149221e-28 1.589968e-13
0.000000e+00 0.000000e+00 1.540000e+00 -1.657558e-32 -4.163600e-31 1.574649e-13
0.000000e+00 0.000000e+00 1.550000e+00 8.308654e-31 -4.345816e-30 1.559590e-13
0.000000e+00 0.000000e+00 1.560000e+00 -2.757110e-30 1.287331e-30 1.544783e-13
0.000000e+00 0.000000e+00 1.570000e+00 -6.662688e-31 5.749524e-30 1.530218e-13
0.000000e+00 0.000000e+00 1.580000e+00 -3.876947e-30 -8.660683e-30 1.515888e-13
0.000000e+00 0.000000e+00 1.590000e+00 1.556018e-30 1.200628e-30 1.501785e-13
0.000000e+00 0.000000e+00 1.600000e+00 -4.184465e-32 -4.077824e-31 1.487900e-13
0.000000e+00 0.000000e+00 1.610000e+00 3.488916e-29 2.906592e-29 1.474227e-13
0.000000e+00 0.000000e+00 1.620000e+00 1.175359e-31 -7.897163e-31 1.460758e-13
0.000000e+00 0.000000e+00 1.630000e+00 -1.499916e-31 3.674447e-32 1.447488e-13
0.000000e+00 0.000000e+00 1.640000e+00 -5.199980e-30 -4.775506e-30 1.434409e-13
0.000000e+00 0.000000e+00 1.650000e+00 7.882094e-33 -3.606058e-31 1.421516e-13
0.000000e+00 0.000000e+00 1.660000e+00 -4.940902e-29 6.120214e-32 1.408803e-13
0.000000e+00 0.000000e+00 1.670000e+00 -7.203422e-30 -1.183241e-30 1.396266e-13
0.000000e+00 0.000000e+00 1.680000e+00 -2.688026e-31 2.094551e-31 1.383898e-13
0.000000e+00 0.000000e+00 1.690000e+00 -2.016388e-28 -3.767372e-28 1.371696e-13
0.000000e+00 0.000000e+00 1.700000e+00 2.298198e-29 -2.681361e-29 1.359655e-13
0.000000e+00 0.000000e+00 1.710000e+00 1.460506e-31 -2.516474e-31 1.347771e-13
0.000000e+00 0.000000e+00 1.720000e+00 7.209798e-32 5.118725e-31 1.336040e-13
0.000000e+00 0.000000e+00 1.730000e+00 1.396753e-31 2.093391e-31 1.324459e-13
0.000000e+00 0.000000e+00 1.740000e+00 2.630301e-30 -1.624917e-29 1.313023e-13
0.000000e+00 0.000000e+00 1.750000e+00 5.447918e-33 2.434176e-33 1.301730e-13
0.000000e+00 0.000000e+00 1.760000e+00 3.222385e-32 3.407846e-32 1.290577e-13
0.000000e+00 0.000000e+00 1.770000e+00 7.360485e-32 4.752439e-32 1.279560e-13
0.000000e+00 0.000000e+00 1.780000e+00 3.406803e-30 -5.684381e-30 1.268677e-13
0.000000e+00 0.000000e+00 1.790000e+00 -1.576419e-32 2.948830e-31 1.257925e-13
0.000000e+00 0.000000e+00 1.800000e+00 3.588671e-31 -2.490742e-30 1.247302e-13
0.000000e+00 0.000000e+00 1.810000e+00 4.846329e-31 2.898988e-31 1.236805e-13
0.000000e+00 0.000000e+00 1.820000e+00 -3.054311e-31 -3.106472e-32 1.226432e-13
0.000000e+00 0.000000e+00 1.830000e+00 4.102924e-28 5.398910e-29 1.216181e-13
0.000000e+00 0.000000e+00 1.840000e+00 -1.173045e-28 1.827783e-28 1.206049e-13
0.000000e+00 0.000000e+00 1.850000e+00 7.101767e-30 8.980951e-31 1.196035e-13
0.000000e+00 0.000000e+00 1.860000e+00 -1.297995e-30 -4.943232e-30 1.186136e-13
0.000000e+00 0.000000e+00 1.870000e+00 2.063254e-32 9.562835e-32 1.176351e-13
0.000000e+00 0.000000e+00 1.880000e+00 -3.492463e-31 1.651762e-31 1.166678e-13
0.000000e+00 0.000000e+00 1.890000e+00 7.615494e-32 6.433180e-32 1.157115e-13
0.000000e+00 0.000000e+00 1.900000e+00 2.606307e-30 -1.602499e-30 1.147660e-13
0.000000e+00 0.000000e+00 1.910000e+00 6.036757e-31 3.798474e-31 1.138312e-13
0.000000e+00 0.000000e+00 1.920000e+00 -1.337220e-29 -5.520943e-30 1.129069e-13
0.000000e+00 0.000000e+00 1.930000e+00 -5.204241e-28 -5.876209e-28 1.119930e-13
0.000000e+00 0.000000e+00 1.940000e+00 3.028811e-31 2.348400e-31 1.110893e-13
0.000000e+00 0.000000e+00 1.950000e+00 -7.441624e-32 1.610034e-31 1.101956e-13
0.000000e+00 0.000000e+00 1.960000e+00 1.692332e-31 3.465803e-32 1.093118e-13
0.000000e+00 0.000000e+00 1.970000e+00 7.406850e-31 -9.962735e-32 1.084378e-13
0.000000e+00 0.000000e+00 1.980000e+00 2.642820e-32 1.020036e-31 1.075735e-13
0.000000e+00 0.000000e+00 1.990000e+00 -1.448914e-32 8.148694e-32 1.067187e-13
