Iteration# z ADDATime OurCalcTime
1.0000000000 -0.0500000000 0.0000000000 56.2400000000
2.0000000000 0.0000000000 0.0000000000 58.6200000000
3.0000000000 0.0500000000 0.0000000000 58.6500000000
4.0000000000 0.0250000000 0.0100000000 33.1800000000
5.0000000000 0.0125000000 0.0100000000 34.2600000000
6.0000000000 0.0062500000 0.0100000000 54.0200000000
7.0000000000 0.0031250000 0.0000000000 44.3600000000
8.0000000000 0.0015625000 0.0000000000 33.1400000000
9.0000000000 0.0031250000 0.0100000000 56.0600000000
10.0000000000 0.0023437500 0.0000000000 51.9200000000
11.0000000000 0.0019531250 0.0000000000 32.7000000000
12.0000000000 0.0023437500 0.0000000000 58.0200000000
13.0000000000 0.0021484375 0.0000000000 41.6900000000
14.0000000000 0.0020507813 0.0000000000 83.2500000000
15.0000000000 0.0020019531 0.0000000000 52.7400000000
16.0000000000 0.0019775391 0.0100000000 56.0900000000
17.0000000000 0.0019653320 0.0000000000 57.2600000000
18.0000000000 0.0019592285 0.0000000000 35.1000000000
19.0000000000 0.0019561768 0.0000000000 31.4400000000
20.0000000000 0.0019592285 0.0000000000 34.8500000000
21.0000000000 0.0019577026 0.0000000000 57.4800000000
22.0000000000 0.0019592285 0.0100000000 62.5000000000
23.0000000000 0.0019584656 0.0000000000 49.4600000000
24.0000000000 0.0019592285 0.0000000000 34.2400000000
25.0000000000 0.0019588470 0.0100000000 33.9000000000
26.0000000000 0.0019586563 0.0100000000 56.9300000000
27.0000000000 0.0019588470 0.0000000000 58.6700000000
28.0000000000 0.0019587517 0.0000000000 53.2400000000
29.0000000000 0.0019587040 0.0000000000 58.2600000000
30.0000000000 0.0019587517 0.0100000000 32.7200000000
31.0000000000 0.0019587278 0.0100000000 32.2800000000
32.0000000000 0.0019587517 0.0000000000 44.7600000000
33.0000000000 0.0019587398 0.0000000000 31.1600000000
34.0000000000 0.0019587517 0.0100000000 34.4700000000
35.0000000000 0.0019587457 0.0000000000 30.6200000000
36.0000000000 0.0019587517 0.0000000000 34.4500000000
37.0000000000 0.0019587487 0.0000000000 53.0400000000
38.0000000000 0.0019587472 0.0000000000 37.9900000000
39.0000000000 0.0019587487 0.0000000000 44.1900000000
40.0000000000 0.0019587480 0.0100000000 42.6800000000
41.0000000000 0.0019587487 0.0000000000 39.6500000000
42.0000000000 0.0019587483 0.0100000000 53.5000000000
43.0000000000 0.0019587487 0.0000000000 39.2000000000
44.0000000000 0.0019587485 0.0100000000 41.7200000000
45.0000000000 0.0019587487 0.0000000000 39.1200000000
46.0000000000 0.0019587486 0.0000000000 31.6000000000
47.0000000000 0.0019587486 0.0000000000 34.3900000000
48.0000000000 0.0019587486 0.0100000000 36.0000000000
49.0000000000 0.0019587486 0.0000000000 36.0500000000
50.0000000000 0.0019587486 0.0000000000 37.3600000000
51.0000000000 0.0019587486 0.0000000000 35.5100000000
52.0000000000 0.0019587486 0.0000000000 33.9600000000
53.0000000000 0.0019587486 0.0000000000 44.2700000000
54.0000000000 0.0019587486 0.0000000000 49.4300000000
55.0000000000 0.0019587486 0.0100000000 55.5400000000
56.0000000000 0.0019587486 0.0000000000 47.1300000000
57.0000000000 0.0019587486 0.0100000000 48.2200000000
58.0000000000 0.0019587486 0.0000000000 54.4500000000
59.0000000000 0.0019587486 0.0000000000 54.9400000000
60.0000000000 0.0019587486 0.0000000000 53.2200000000
61.0000000000 0.0019587486 0.0000000000 48.4500000000
62.0000000000 0.0019587486 0.0100000000 47.0500000000
63.0000000000 0.0019587486 0.0100000000 48.3700000000
64.0000000000 0.0019587486 0.0000000000 47.3900000000
65.0000000000 0.0019587486 0.0100000000 47.2200000000
66.0000000000 0.0019587486 0.0000000000 47.5900000000
67.0000000000 0.0019587486 0.0000000000 47.0300000000
68.0000000000 0.0019587486 0.0000000000 47.1100000000
69.0000000000 0.0019587486 0.0100000000 48.6800000000
70.0000000000 0.0019587486 0.0100000000 48.0900000000
71.0000000000 0.0019587486 0.0000000000 48.7200000000
72.0000000000 0.0019587486 0.0100000000 48.7600000000
73.0000000000 0.0019587486 0.0100000000 49.4500000000
74.0000000000 0.0019587486 0.0100000000 44.9900000000
75.0000000000 0.0019587486 0.0000000000 46.6500000000
76.0000000000 0.0019587486 0.0100000000 49.3900000000
77.0000000000 0.0019587486 0.0100000000 48.6600000000
78.0000000000 0.0019587486 0.0100000000 37.8400000000
79.0000000000 0.0019587486 0.0000000000 36.0400000000
80.0000000000 0.0019587486 0.0100000000 35.8700000000
81.0000000000 0.0019587486 0.0000000000 38.0500000000
82.0000000000 0.0019587486 0.0000000000 36.1100000000
83.0000000000 0.0019587486 0.0000000000 35.1200000000
84.0000000000 0.0019587486 0.0100000000 30.5200000000
85.0000000000 0.0019587486 0.0000000000 34.6800000000
86.0000000000 0.0019587486 0.0000000000 32.9300000000
87.0000000000 0.0019587486 0.0100000000 30.2900000000
88.0000000000 0.0019587486 0.0100000000 37.9500000000
89.0000000000 0.0019587486 0.0100000000 44.0700000000
90.0000000000 0.0019587486 0.0100000000 31.4600000000
91.0000000000 0.0019587486 0.0100000000 29.6400000000
92.0000000000 0.0019587486 0.0100000000 32.5900000000
93.0000000000 0.0019587486 0.0000000000 33.0500000000
94.0000000000 0.0019587486 0.0000000000 35.3400000000
95.0000000000 0.0019587486 0.0100000000 35.1400000000
96.0000000000 0.0019587486 0.0000000000 36.9800000000
97.0000000000 0.0019587486 0.0100000000 34.0600000000
98.0000000000 0.0019587486 0.0000000000 41.3300000000
99.0000000000 0.0019587486 0.0100000000 46.3700000000
100.0000000000 0.0019587486 0.0000000000 46.0400000000
