0.000000e+00 1.789836e-20
1.000000e+00 2.140070e-20
2.000000e+00 2.489271e-20
3.000000e+00 2.837013e-20
4.000000e+00 3.182873e-20
5.000000e+00 3.526430e-20
6.000000e+00 3.867264e-20
7.000000e+00 4.204960e-20
8.000000e+00 4.539108e-20
9.000000e+00 4.869300e-20
1.000000e+01 5.195133e-20
1.100000e+01 5.516211e-20
1.200000e+01 5.832143e-20
1.300000e+01 6.142543e-20
1.400000e+01 6.447033e-20
1.500000e+01 6.745243e-20
1.600000e+01 7.036810e-20
1.700000e+01 7.321377e-20
1.800000e+01 7.598598e-20
1.900000e+01 7.868136e-20
2.000000e+01 8.129662e-20
2.100000e+01 8.382858e-20
2.200000e+01 8.627414e-20
2.300000e+01 8.863033e-20
2.400000e+01 9.089429e-20
2.500000e+01 9.306324e-20
2.600000e+01 9.513456e-20
2.700000e+01 9.710570e-20
2.800000e+01 9.897429e-20
2.900000e+01 1.007380e-19
3.000000e+01 1.023948e-19
3.100000e+01 1.039425e-19
3.200000e+01 1.053794e-19
3.300000e+01 1.067035e-19
3.400000e+01 1.079135e-19
3.500000e+01 1.090077e-19
3.600000e+01 1.099848e-19
3.700000e+01 1.108437e-19
3.800000e+01 1.115833e-19
3.900000e+01 1.122026e-19
4.000000e+01 1.127010e-19
4.100000e+01 1.130779e-19
4.200000e+01 1.133327e-19
4.300000e+01 1.134652e-19
4.400000e+01 1.134751e-19
4.500000e+01 1.133626e-19
4.600000e+01 1.131277e-19
4.700000e+01 1.127707e-19
4.800000e+01 1.122921e-19
4.900000e+01 1.116923e-19
5.000000e+01 1.109723e-19
5.100000e+01 1.101328e-19
5.200000e+01 1.091748e-19
5.300000e+01 1.080996e-19
5.400000e+01 1.069084e-19
5.500000e+01 1.056027e-19
5.600000e+01 1.041841e-19
5.700000e+01 1.026543e-19
5.800000e+01 1.010152e-19
5.900000e+01 9.926871e-20
6.000000e+01 9.741704e-20
6.100000e+01 9.546243e-20
6.200000e+01 9.340726e-20
6.300000e+01 9.125402e-20
6.400000e+01 8.900535e-20
6.500000e+01 8.666398e-20
6.600000e+01 8.423276e-20
6.700000e+01 8.171466e-20
6.800000e+01 7.911275e-20
6.900000e+01 7.643019e-20
7.000000e+01 7.367025e-20
7.100000e+01 7.083630e-20
7.200000e+01 6.793179e-20
7.300000e+01 6.496025e-20
7.400000e+01 6.192531e-20
7.500000e+01 5.883067e-20
7.600000e+01 5.568009e-20
7.700000e+01 5.247741e-20
7.800000e+01 4.922654e-20
7.900000e+01 4.593144e-20
8.000000e+01 4.259612e-20
8.100000e+01 3.922464e-20
8.200000e+01 3.582112e-20
8.300000e+01 3.238969e-20
8.400000e+01 2.893455e-20
8.500000e+01 2.545989e-20
8.600000e+01 2.196996e-20
8.700000e+01 1.846900e-20
8.800000e+01 1.496128e-20
8.900000e+01 1.145108e-20
9.000000e+01 7.942660e-21
9.100000e+01 4.440310e-21
9.200000e+01 9.482916e-22
9.300000e+01 -2.529141e-21
9.400000e+01 -5.987750e-21
9.500000e+01 -9.423322e-21
9.600000e+01 -1.283167e-20
9.700000e+01 -1.620865e-20
9.800000e+01 -1.955013e-20
9.900000e+01 -2.285206e-20
1.000000e+02 -2.611040e-20
1.010000e+02 -2.932118e-20
1.020000e+02 -3.248051e-20
1.030000e+02 -3.558451e-20
1.040000e+02 -3.862943e-20
1.050000e+02 -4.161153e-20
1.060000e+02 -4.452720e-20
1.070000e+02 -4.737287e-20
1.080000e+02 -5.014509e-20
1.090000e+02 -5.284047e-20
1.100000e+02 -5.545573e-20
1.110000e+02 -5.798769e-20
1.120000e+02 -6.043325e-20
1.130000e+02 -6.278945e-20
1.140000e+02 -6.505340e-20
1.150000e+02 -6.722235e-20
1.160000e+02 -6.929366e-20
1.170000e+02 -7.126481e-20
1.180000e+02 -7.313339e-20
1.190000e+02 -7.489712e-20
1.200000e+02 -7.655387e-20
1.210000e+02 -7.810160e-20
1.220000e+02 -7.953843e-20
1.230000e+02 -8.086262e-20
1.240000e+02 -8.207255e-20
1.250000e+02 -8.316674e-20
1.260000e+02 -8.414386e-20
1.270000e+02 -8.500273e-20
1.280000e+02 -8.574229e-20
1.290000e+02 -8.636165e-20
1.300000e+02 -8.686005e-20
1.310000e+02 -8.723688e-20
1.320000e+02 -8.749168e-20
1.330000e+02 -8.762414e-20
1.340000e+02 -8.763411e-20
1.350000e+02 -8.752157e-20
1.360000e+02 -8.728665e-20
1.370000e+02 -8.692965e-20
1.380000e+02 -8.645100e-20
1.390000e+02 -8.585127e-20
1.400000e+02 -8.513121e-20
1.410000e+02 -8.429169e-20
1.420000e+02 -8.333373e-20
1.430000e+02 -8.225850e-20
1.440000e+02 -8.106730e-20
1.450000e+02 -7.976160e-20
1.460000e+02 -7.834298e-20
1.470000e+02 -7.681317e-20
1.480000e+02 -7.517403e-20
1.490000e+02 -7.342757e-20
1.500000e+02 -7.157590e-20
1.510000e+02 -6.962128e-20
1.520000e+02 -6.756610e-20
1.530000e+02 -6.541287e-20
1.540000e+02 -6.316419e-20
1.550000e+02 -6.082282e-20
1.560000e+02 -5.839160e-20
1.570000e+02 -5.587350e-20
1.580000e+02 -5.327159e-20
1.590000e+02 -5.058903e-20
1.600000e+02 -4.782909e-20
1.610000e+02 -4.499514e-20
1.620000e+02 -4.209063e-20
1.630000e+02 -3.911910e-20
1.640000e+02 -3.608416e-20
1.650000e+02 -3.298952e-20
1.660000e+02 -2.983895e-20
1.670000e+02 -2.663628e-20
1.680000e+02 -2.338542e-20
1.690000e+02 -2.009032e-20
1.700000e+02 -1.675501e-20
1.710000e+02 -1.338354e-20
1.720000e+02 -9.980024e-21
1.730000e+02 -6.548607e-21
1.740000e+02 -3.093470e-21
1.750000e+02 3.811775e-22
1.760000e+02 3.871102e-21
1.770000e+02 7.372051e-21
1.780000e+02 1.087976e-20
1.790000e+02 1.438996e-20
1.800000e+02 1.789836e-20
1.810000e+02 2.140070e-20
1.820000e+02 2.489271e-20
1.830000e+02 2.837013e-20
1.840000e+02 3.182873e-20
1.850000e+02 3.526430e-20
1.860000e+02 3.867264e-20
1.870000e+02 4.204960e-20
1.880000e+02 4.539108e-20
1.890000e+02 4.869300e-20
1.900000e+02 5.195133e-20
1.910000e+02 5.516211e-20
1.920000e+02 5.832143e-20
1.930000e+02 6.142543e-20
1.940000e+02 6.447033e-20
1.950000e+02 6.745243e-20
1.960000e+02 7.036810e-20
1.970000e+02 7.321377e-20
1.980000e+02 7.598598e-20
1.990000e+02 7.868136e-20
2.000000e+02 8.129662e-20
2.010000e+02 8.382858e-20
2.020000e+02 8.627414e-20
2.030000e+02 8.863033e-20
2.040000e+02 9.089429e-20
2.050000e+02 9.306324e-20
2.060000e+02 9.513456e-20
2.070000e+02 9.710570e-20
2.080000e+02 9.897429e-20
2.090000e+02 1.007380e-19
2.100000e+02 1.023948e-19
2.110000e+02 1.039425e-19
2.120000e+02 1.053794e-19
2.130000e+02 1.067035e-19
2.140000e+02 1.079135e-19
2.150000e+02 1.090077e-19
2.160000e+02 1.099848e-19
2.170000e+02 1.108437e-19
2.180000e+02 1.115833e-19
2.190000e+02 1.122026e-19
2.200000e+02 1.127010e-19
2.210000e+02 1.130779e-19
2.220000e+02 1.133327e-19
2.230000e+02 1.134652e-19
2.240000e+02 1.134751e-19
2.250000e+02 1.133626e-19
2.260000e+02 1.131277e-19
2.270000e+02 1.127707e-19
2.280000e+02 1.122921e-19
2.290000e+02 1.116923e-19
2.300000e+02 1.109723e-19
2.310000e+02 1.101328e-19
2.320000e+02 1.091748e-19
2.330000e+02 1.080996e-19
2.340000e+02 1.069084e-19
2.350000e+02 1.056027e-19
2.360000e+02 1.041841e-19
2.370000e+02 1.026543e-19
2.380000e+02 1.010152e-19
2.390000e+02 9.926871e-20
2.400000e+02 9.741704e-20
2.410000e+02 9.546243e-20
2.420000e+02 9.340726e-20
2.430000e+02 9.125402e-20
2.440000e+02 8.900535e-20
2.450000e+02 8.666398e-20
2.460000e+02 8.423276e-20
2.470000e+02 8.171466e-20
2.480000e+02 7.911275e-20
2.490000e+02 7.643019e-20
2.500000e+02 7.367025e-20
2.510000e+02 7.083630e-20
2.520000e+02 6.793179e-20
2.530000e+02 6.496025e-20
2.540000e+02 6.192531e-20
2.550000e+02 5.883067e-20
2.560000e+02 5.568009e-20
2.570000e+02 5.247741e-20
2.580000e+02 4.922654e-20
2.590000e+02 4.593144e-20
2.600000e+02 4.259612e-20
2.610000e+02 3.922464e-20
2.620000e+02 3.582112e-20
2.630000e+02 3.238969e-20
2.640000e+02 2.893455e-20
2.650000e+02 2.545989e-20
2.660000e+02 2.196996e-20
2.670000e+02 1.846900e-20
2.680000e+02 1.496128e-20
2.690000e+02 1.145108e-20
2.700000e+02 7.942660e-21
2.710000e+02 4.440310e-21
2.720000e+02 9.482916e-22
2.730000e+02 -2.529140e-21
2.740000e+02 -5.987750e-21
2.750000e+02 -9.423322e-21
2.760000e+02 -1.283167e-20
2.770000e+02 -1.620865e-20
2.780000e+02 -1.955013e-20
2.790000e+02 -2.285206e-20
2.800000e+02 -2.611040e-20
2.810000e+02 -2.932118e-20
2.820000e+02 -3.248051e-20
2.830000e+02 -3.558451e-20
2.840000e+02 -3.862943e-20
2.850000e+02 -4.161153e-20
2.860000e+02 -4.452720e-20
2.870000e+02 -4.737287e-20
2.880000e+02 -5.014509e-20
2.890000e+02 -5.284047e-20
2.900000e+02 -5.545573e-20
2.910000e+02 -5.798769e-20
2.920000e+02 -6.043325e-20
2.930000e+02 -6.278945e-20
2.940000e+02 -6.505340e-20
2.950000e+02 -6.722235e-20
2.960000e+02 -6.929366e-20
2.970000e+02 -7.126481e-20
2.980000e+02 -7.313339e-20
2.990000e+02 -7.489712e-20
3.000000e+02 -7.655387e-20
3.010000e+02 -7.810160e-20
3.020000e+02 -7.953843e-20
3.030000e+02 -8.086262e-20
3.040000e+02 -8.207255e-20
3.050000e+02 -8.316674e-20
3.060000e+02 -8.414386e-20
3.070000e+02 -8.500273e-20
3.080000e+02 -8.574229e-20
3.090000e+02 -8.636165e-20
3.100000e+02 -8.686005e-20
3.110000e+02 -8.723688e-20
3.120000e+02 -8.749168e-20
3.130000e+02 -8.762414e-20
3.140000e+02 -8.763411e-20
3.150000e+02 -8.752157e-20
3.160000e+02 -8.728665e-20
3.170000e+02 -8.692965e-20
3.180000e+02 -8.645100e-20
3.190000e+02 -8.585127e-20
3.200000e+02 -8.513121e-20
3.210000e+02 -8.429169e-20
3.220000e+02 -8.333373e-20
3.230000e+02 -8.225850e-20
3.240000e+02 -8.106730e-20
3.250000e+02 -7.976160e-20
3.260000e+02 -7.834298e-20
3.270000e+02 -7.681317e-20
3.280000e+02 -7.517403e-20
3.290000e+02 -7.342757e-20
3.300000e+02 -7.157590e-20
3.310000e+02 -6.962128e-20
3.320000e+02 -6.756610e-20
3.330000e+02 -6.541287e-20
3.340000e+02 -6.316419e-20
3.350000e+02 -6.082282e-20
3.360000e+02 -5.839160e-20
3.370000e+02 -5.587350e-20
3.380000e+02 -5.327159e-20
3.390000e+02 -5.058903e-20
3.400000e+02 -4.782909e-20
3.410000e+02 -4.499514e-20
3.420000e+02 -4.209063e-20
3.430000e+02 -3.911910e-20
3.440000e+02 -3.608416e-20
3.450000e+02 -3.298952e-20
3.460000e+02 -2.983895e-20
3.470000e+02 -2.663628e-20
3.480000e+02 -2.338542e-20
3.490000e+02 -2.009032e-20
3.500000e+02 -1.675501e-20
3.510000e+02 -1.338354e-20
3.520000e+02 -9.980024e-21
3.530000e+02 -6.548607e-21
3.540000e+02 -3.093470e-21
3.550000e+02 3.811775e-22
3.560000e+02 3.871102e-21
3.570000e+02 7.372051e-21
3.580000e+02 1.087976e-20
3.590000e+02 1.438996e-20
3.600000e+02 1.789836e-20
