-2.500000e+00 -2.500000e+00 0.000000e+00 5.483631e-21 5.232062e-21 0.000000e+00
-2.500000e+00 -2.250000e+00 0.000000e+00 2.361056e-20 2.019173e-20 0.000000e+00
-2.500000e+00 -2.000000e+00 0.000000e+00 8.913335e-20 6.736279e-20 0.000000e+00
-2.500000e+00 -1.750000e+00 0.000000e+00 2.980721e-19 1.959031e-19 0.000000e+00
-2.500000e+00 -1.500000e+00 0.000000e+00 8.813260e-19 4.939397e-19 0.000000e+00
-2.500000e+00 -1.250000e+00 0.000000e+00 2.282848e-18 1.062714e-18 0.000000e+00
-2.500000e+00 -1.000000e+00 0.000000e+00 5.115261e-18 1.904542e-18 0.000000e+00
-2.500000e+00 -7.500000e-01 0.000000e+00 9.790586e-18 2.749197e-18 0.000000e+00
-2.500000e+00 -5.000000e-01 0.000000e+00 1.583532e-17 3.022541e-18 0.000000e+00
-2.500000e+00 -2.500000e-01 0.000000e+00 2.146762e-17 2.195853e-18 0.000000e+00
-2.500000e+00 0.000000e+00 0.000000e+00 2.426471e-17 3.517382e-19 0.000000e+00
-2.500000e+00 2.500000e-01 0.000000e+00 2.281358e-17 -1.671260e-18 0.000000e+00
-2.500000e+00 5.000000e-01 0.000000e+00 1.785542e-17 -2.887953e-18 0.000000e+00
-2.500000e+00 7.500000e-01 0.000000e+00 1.167898e-17 -2.937576e-18 0.000000e+00
-2.500000e+00 1.000000e+00 0.000000e+00 6.428825e-18 -2.204473e-18 0.000000e+00
-2.500000e+00 1.250000e+00 0.000000e+00 3.007875e-18 -1.311262e-18 0.000000e+00
-2.500000e+00 1.500000e+00 0.000000e+00 1.211049e-18 -6.426610e-19 0.000000e+00
-2.500000e+00 1.750000e+00 0.000000e+00 4.252017e-19 -2.666871e-19 0.000000e+00
-2.500000e+00 2.000000e+00 0.000000e+00 1.316295e-19 -9.551504e-20 0.000000e+00
-2.500000e+00 2.250000e+00 0.000000e+00 3.610381e-20 -2.980306e-20 0.000000e+00
-2.500000e+00 2.500000e+00 0.000000e+00 8.722135e-21 -8.072369e-21 0.000000e+00
-2.250000e+00 -2.500000e+00 0.000000e+00 2.229162e-20 2.348958e-20 0.000000e+00
-2.250000e+00 -2.250000e+00 0.000000e+00 9.966097e-20 9.402312e-20 0.000000e+00
-2.250000e+00 -2.000000e+00 0.000000e+00 3.996534e-19 3.331762e-19 0.000000e+00
-2.250000e+00 -1.750000e+00 0.000000e+00 1.434984e-18 1.041254e-18 0.000000e+00
-2.250000e+00 -1.500000e+00 0.000000e+00 4.561230e-18 2.825068e-18 0.000000e+00
-2.250000e+00 -1.250000e+00 0.000000e+00 1.262170e-17 6.496738e-18 0.000000e+00
-2.250000e+00 -1.000000e+00 0.000000e+00 2.989364e-17 1.230956e-17 0.000000e+00
-2.250000e+00 -7.500000e-01 0.000000e+00 5.974908e-17 1.856075e-17 0.000000e+00
-2.250000e+00 -5.000000e-01 0.000000e+00 9.969424e-17 2.106173e-17 0.000000e+00
-2.250000e+00 -2.500000e-01 0.000000e+00 1.377843e-16 1.561056e-17 0.000000e+00
-2.250000e+00 0.000000e+00 0.000000e+00 1.569542e-16 2.533431e-18 0.000000e+00
-2.250000e+00 2.500000e-01 0.000000e+00 1.470478e-16 -1.190967e-17 0.000000e+00
-2.250000e+00 5.000000e-01 0.000000e+00 1.133793e-16 -2.028262e-17 0.000000e+00
-2.250000e+00 7.500000e-01 0.000000e+00 7.219711e-17 -2.008310e-17 0.000000e+00
-2.250000e+00 1.000000e+00 0.000000e+00 3.821647e-17 -1.449095e-17 0.000000e+00
-2.250000e+00 1.250000e+00 0.000000e+00 1.698028e-17 -8.184752e-18 0.000000e+00
-2.250000e+00 1.500000e+00 0.000000e+00 6.417232e-18 -3.764037e-18 0.000000e+00
-2.250000e+00 1.750000e+00 0.000000e+00 2.097505e-18 -1.452913e-18 0.000000e+00
-2.250000e+00 2.000000e+00 0.000000e+00 6.035623e-19 -4.832661e-19 0.000000e+00
-2.250000e+00 2.250000e+00 0.000000e+00 1.550072e-19 -1.412055e-19 0.000000e+00
-2.250000e+00 2.500000e+00 0.000000e+00 3.571308e-20 -3.653322e-20 0.000000e+00
-2.000000e+00 -2.500000e+00 0.000000e+00 7.963792e-20 9.368870e-20 0.000000e+00
-2.000000e+00 -2.250000e+00 0.000000e+00 3.787320e-19 3.988550e-19 0.000000e+00
-2.000000e+00 -2.000000e+00 0.000000e+00 1.636227e-18 1.523974e-18 0.000000e+00
-2.000000e+00 -1.750000e+00 0.000000e+00 6.347977e-18 5.150926e-18 0.000000e+00
-2.000000e+00 -1.500000e+00 0.000000e+00 2.164874e-17 1.500222e-17 0.000000e+00
-2.000000e+00 -1.250000e+00 0.000000e+00 6.343399e-17 3.654975e-17 0.000000e+00
-2.000000e+00 -1.000000e+00 0.000000e+00 1.568439e-16 7.234568e-17 0.000000e+00
-2.000000e+00 -7.500000e-01 0.000000e+00 3.230748e-16 1.125082e-16 0.000000e+00
-2.000000e+00 -5.000000e-01 0.000000e+00 5.495477e-16 1.302372e-16 0.000000e+00
-2.000000e+00 -2.500000e-01 0.000000e+00 7.676380e-16 9.761661e-17 0.000000e+00
-2.000000e+00 0.000000e+00 0.000000e+00 8.778889e-16 1.595076e-17 0.000000e+00
-2.000000e+00 2.500000e-01 0.000000e+00 8.209548e-16 -7.454956e-17 0.000000e+00
-2.000000e+00 5.000000e-01 0.000000e+00 6.278988e-16 -1.259481e-16 0.000000e+00
-2.000000e+00 7.500000e-01 0.000000e+00 3.935307e-16 -1.226903e-16 0.000000e+00
-2.000000e+00 1.000000e+00 0.000000e+00 2.029743e-16 -8.619935e-17 0.000000e+00
-2.000000e+00 1.250000e+00 0.000000e+00 8.679671e-17 -4.682448e-17 0.000000e+00
-2.000000e+00 1.500000e+00 0.000000e+00 3.112441e-17 -2.042311e-17 0.000000e+00
-2.000000e+00 1.750000e+00 0.000000e+00 9.514980e-18 -7.371169e-18 0.000000e+00
-2.000000e+00 2.000000e+00 0.000000e+00 2.535287e-18 -2.269166e-18 0.000000e+00
-2.000000e+00 2.250000e+00 0.000000e+00 6.025205e-19 -6.132540e-19 0.000000e+00
-2.000000e+00 2.500000e+00 0.000000e+00 1.296404e-19 -1.482673e-19 0.000000e+00
-1.750000e+00 -2.500000e+00 0.000000e+00 2.512837e-19 3.347490e-19 0.000000e+00
-1.750000e+00 -2.250000e+00 0.000000e+00 1.283332e-18 1.531349e-18 0.000000e+00
-1.750000e+00 -2.000000e+00 0.000000e+00 5.990155e-18 6.326927e-18 0.000000e+00
-1.750000e+00 -1.750000e+00 0.000000e+00 2.494127e-17 2.296559e-17 0.000000e+00
-1.750000e+00 -1.500000e+00 0.000000e+00 8.985235e-17 7.071387e-17 0.000000e+00
-1.750000e+00 -1.250000e+00 0.000000e+00 2.733860e-16 1.790696e-16 0.000000e+00
-1.750000e+00 -1.000000e+00 0.000000e+00 6.915480e-16 3.629113e-16 0.000000e+00
-1.750000e+00 -7.500000e-01 0.000000e+00 1.440562e-15 5.709356e-16 0.000000e+00
-1.750000e+00 -5.000000e-01 0.000000e+00 2.459249e-15 6.632349e-16 0.000000e+00
-1.750000e+00 -2.500000e-01 0.000000e+00 3.435228e-15 4.970019e-16 0.000000e+00
-1.750000e+00 0.000000e+00 0.000000e+00 3.926378e-15 8.116298e-17 0.000000e+00
-1.750000e+00 2.500000e-01 0.000000e+00 3.672507e-15 -3.793558e-16 0.000000e+00
-1.750000e+00 5.000000e-01 0.000000e+00 2.809941e-15 -6.412594e-16 0.000000e+00
-1.750000e+00 7.500000e-01 0.000000e+00 1.757770e-15 -6.235475e-16 0.000000e+00
-1.750000e+00 1.000000e+00 0.000000e+00 8.994856e-16 -4.345305e-16 0.000000e+00
-1.750000e+00 1.250000e+00 0.000000e+00 3.777654e-16 -2.316506e-16 0.000000e+00
-1.750000e+00 1.500000e+00 0.000000e+00 1.311964e-16 -9.776528e-17 0.000000e+00
-1.750000e+00 1.750000e+00 0.000000e+00 3.818235e-17 -3.357484e-17 0.000000e+00
-1.750000e+00 2.000000e+00 0.000000e+00 9.513018e-18 -9.665464e-18 0.000000e+00
-1.750000e+00 2.250000e+00 0.000000e+00 2.090124e-18 -2.415591e-18 0.000000e+00
-1.750000e+00 2.500000e+00 0.000000e+00 4.165152e-19 -5.411578e-19 0.000000e+00
-1.500000e+00 -2.500000e+00 0.000000e+00 6.916672e-19 1.062842e-18 0.000000e+00
-1.500000e+00 -2.250000e+00 0.000000e+00 3.796002e-18 5.228456e-18 0.000000e+00
-1.500000e+00 -2.000000e+00 0.000000e+00 1.897911e-17 2.315640e-17 0.000000e+00
-1.500000e+00 -1.750000e+00 0.000000e+00 8.325799e-17 8.864959e-17 0.000000e+00
-1.500000e+00 -1.500000e+00 0.000000e+00 3.098673e-16 2.823583e-16 0.000000e+00
-1.500000e+00 -1.250000e+00 0.000000e+00 9.574841e-16 7.268297e-16 0.000000e+00
-1.500000e+00 -1.000000e+00 0.000000e+00 2.426717e-15 1.476116e-15 0.000000e+00
-1.500000e+00 -7.500000e-01 0.000000e+00 5.020114e-15 2.304983e-15 0.000000e+00
-1.500000e+00 -5.000000e-01 0.000000e+00 8.481219e-15 2.647765e-15 0.000000e+00
-1.500000e+00 -2.500000e-01 0.000000e+00 1.174087e-14 1.964907e-15 0.000000e+00
-1.500000e+00 0.000000e+00 0.000000e+00 1.336275e-14 3.189842e-16 0.000000e+00
-1.500000e+00 2.500000e-01 0.000000e+00 1.252271e-14 -1.497050e-15 0.000000e+00
-1.500000e+00 5.000000e-01 0.000000e+00 9.652749e-15 -2.550512e-15 0.000000e+00
-1.500000e+00 7.500000e-01 0.000000e+00 6.100509e-15 -2.507654e-15 0.000000e+00
-1.500000e+00 1.000000e+00 0.000000e+00 3.148995e-15 -1.764109e-15 0.000000e+00
-1.500000e+00 1.250000e+00 0.000000e+00 1.324849e-15 -9.423830e-16 0.000000e+00
-1.500000e+00 1.500000e+00 0.000000e+00 4.553913e-16 -3.934838e-16 0.000000e+00
-1.500000e+00 1.750000e+00 0.000000e+00 1.290312e-16 -1.314782e-16 0.000000e+00
-1.500000e+00 2.000000e+00 0.000000e+00 3.067102e-17 -3.611095e-17 0.000000e+00
-1.500000e+00 2.250000e+00 0.000000e+00 6.300783e-18 -8.445779e-18 0.000000e+00
-1.500000e+00 2.500000e+00 0.000000e+00 1.163195e-18 -1.754948e-18 0.000000e+00
-1.250000e+00 -2.500000e+00 0.000000e+00 1.627078e-18 2.956143e-18 0.000000e+00
-1.250000e+00 -2.250000e+00 0.000000e+00 9.523243e-18 1.551714e-17 0.000000e+00
-1.250000e+00 -2.000000e+00 0.000000e+00 5.010810e-17 7.240029e-17 0.000000e+00
-1.250000e+00 -1.750000e+00 0.000000e+00 2.266185e-16 2.861832e-16 0.000000e+00
-1.250000e+00 -1.500000e+00 0.000000e+00 8.533786e-16 9.235032e-16 0.000000e+00
-1.250000e+00 -1.250000e+00 0.000000e+00 2.627023e-15 2.369479e-15 0.000000e+00
-1.250000e+00 -1.000000e+00 0.000000e+00 6.557984e-15 4.738165e-15 0.000000e+00
-1.250000e+00 -7.500000e-01 0.000000e+00 1.328601e-14 7.240026e-15 0.000000e+00
-1.250000e+00 -5.000000e-01 0.000000e+00 2.198856e-14 8.140267e-15 0.000000e+00
-1.250000e+00 -2.500000e-01 0.000000e+00 2.997660e-14 5.944726e-15 0.000000e+00
-1.250000e+00 0.000000e+00 0.000000e+00 3.388454e-14 9.556279e-16 0.000000e+00
-1.250000e+00 2.500000e-01 0.000000e+00 3.184619e-14 -4.518347e-15 0.000000e+00
-1.250000e+00 5.000000e-01 0.000000e+00 2.484301e-14 -7.795314e-15 0.000000e+00
-1.250000e+00 7.500000e-01 0.000000e+00 1.599292e-14 -7.817506e-15 0.000000e+00
-1.250000e+00 1.000000e+00 0.000000e+00 8.426261e-15 -5.622744e-15 0.000000e+00
-1.250000e+00 1.250000e+00 0.000000e+00 3.605045e-15 -3.059149e-15 0.000000e+00
-1.250000e+00 1.500000e+00 0.000000e+00 1.247915e-15 -1.287560e-15 0.000000e+00
-1.250000e+00 1.750000e+00 0.000000e+00 3.509114e-16 -4.270643e-16 0.000000e+00
-1.250000e+00 2.000000e+00 0.000000e+00 8.126131e-17 -1.142793e-16 0.000000e+00
-1.250000e+00 2.250000e+00 0.000000e+00 1.591128e-17 -2.549591e-17 0.000000e+00
-1.250000e+00 2.500000e+00 0.000000e+00 2.749052e-18 -4.965553e-18 0.000000e+00
-1.000000e+00 -2.500000e+00 0.000000e+00 3.183188e-18 7.085192e-18 0.000000e+00
-1.000000e+00 -2.250000e+00 0.000000e+00 1.959242e-17 3.912743e-17 0.000000e+00
-1.000000e+00 -2.000000e+00 0.000000e+00 1.064172e-16 1.887076e-16 0.000000e+00
-1.000000e+00 -1.750000e+00 0.000000e+00 4.872661e-16 7.564351e-16 0.000000e+00
-1.000000e+00 -1.500000e+00 0.000000e+00 1.827296e-15 2.433652e-15 0.000000e+00
-1.000000e+00 -1.250000e+00 0.000000e+00 5.526234e-15 6.136527e-15 0.000000e+00
-1.000000e+00 -1.000000e+00 0.000000e+00 1.343163e-14 1.194471e-14 0.000000e+00
-1.000000e+00 -7.500000e-01 0.000000e+00 2.641495e-14 1.770955e-14 0.000000e+00
-1.000000e+00 -5.000000e-01 0.000000e+00 4.255984e-14 1.937578e-14 0.000000e+00
-1.000000e+00 -2.500000e-01 0.000000e+00 5.691297e-14 1.387276e-14 0.000000e+00
-1.000000e+00 0.000000e+00 0.000000e+00 6.377504e-14 2.197126e-15 0.000000e+00
-1.000000e+00 2.500000e-01 0.000000e+00 6.012327e-14 -1.052677e-14 0.000000e+00
-1.000000e+00 5.000000e-01 0.000000e+00 4.756928e-14 -1.843204e-14 0.000000e+00
-1.000000e+00 7.500000e-01 0.000000e+00 3.132362e-14 -1.894072e-14 0.000000e+00
-1.000000e+00 1.000000e+00 0.000000e+00 1.695293e-14 -1.402636e-14 0.000000e+00
-1.000000e+00 1.250000e+00 0.000000e+00 7.440635e-15 -7.848511e-15 0.000000e+00
-1.000000e+00 1.500000e+00 0.000000e+00 2.622694e-15 -3.371493e-15 0.000000e+00
-1.000000e+00 1.750000e+00 0.000000e+00 7.415783e-16 -1.126301e-15 0.000000e+00
-1.000000e+00 2.000000e+00 0.000000e+00 1.699385e-16 -2.985223e-16 0.000000e+00
-1.000000e+00 2.250000e+00 0.000000e+00 3.230928e-17 -6.471854e-17 0.000000e+00
-1.000000e+00 2.500000e+00 0.000000e+00 5.312504e-18 -1.200786e-17 0.000000e+00
-7.500000e-01 -2.500000e+00 0.000000e+00 4.989758e-18 1.439729e-17 0.000000e+00
-7.500000e-01 -2.250000e+00 0.000000e+00 3.179873e-17 8.234422e-17 0.000000e+00
-7.500000e-01 -2.000000e+00 0.000000e+00 1.755747e-16 4.042305e-16 0.000000e+00
-7.500000e-01 -1.750000e+00 0.000000e+00 8.039158e-16 1.622794e-15 0.000000e+00
-7.500000e-01 -1.500000e+00 0.000000e+00 2.972465e-15 5.153400e-15 0.000000e+00
-7.500000e-01 -1.250000e+00 0.000000e+00 8.763520e-15 1.267528e-14 0.000000e+00
-7.500000e-01 -1.000000e+00 0.000000e+00 2.062565e-14 2.389806e-14 0.000000e+00
-7.500000e-01 -7.500000e-01 0.000000e+00 3.923087e-14 3.427359e-14 0.000000e+00
-7.500000e-01 -5.000000e-01 0.000000e+00 6.137381e-14 3.641165e-14 0.000000e+00
-7.500000e-01 -2.500000e-01 0.000000e+00 8.034625e-14 2.551232e-14 0.000000e+00
-7.500000e-01 0.000000e+00 0.000000e+00 8.914084e-14 3.950433e-15 0.000000e+00
-7.500000e-01 2.500000e-01 0.000000e+00 8.425881e-14 -1.937178e-14 0.000000e+00
-7.500000e-01 5.000000e-01 0.000000e+00 6.763200e-14 -3.442664e-14 0.000000e+00
-7.500000e-01 7.500000e-01 0.000000e+00 4.558905e-14 -3.628944e-14 0.000000e+00
-7.500000e-01 1.000000e+00 0.000000e+00 2.538252e-14 -2.772044e-14 0.000000e+00
-7.500000e-01 1.250000e+00 0.000000e+00 1.145960e-14 -1.600494e-14 0.000000e+00
-7.500000e-01 1.500000e+00 0.000000e+00 4.132097e-15 -7.055819e-15 0.000000e+00
-7.500000e-01 1.750000e+00 0.000000e+00 1.182808e-15 -2.393119e-15 0.000000e+00
-7.500000e-01 2.000000e+00 0.000000e+00 2.707409e-16 -6.349054e-16 0.000000e+00
-7.500000e-01 2.250000e+00 0.000000e+00 5.064849e-17 -1.356109e-16 0.000000e+00
-7.500000e-01 2.500000e+00 0.000000e+00 8.058993e-18 -2.436197e-17 0.000000e+00
-5.000000e-01 -2.500000e+00 0.000000e+00 5.901788e-18 2.445541e-17 0.000000e+00
-5.000000e-01 -2.250000e+00 0.000000e+00 3.843343e-17 1.429240e-16 0.000000e+00
-5.000000e-01 -2.000000e+00 0.000000e+00 2.135800e-16 7.068832e-16 0.000000e+00
-5.000000e-01 -1.750000e+00 0.000000e+00 9.715560e-16 2.823203e-15 0.000000e+00
-5.000000e-01 -1.500000e+00 0.000000e+00 3.528851e-15 8.817998e-15 0.000000e+00
-5.000000e-01 -1.250000e+00 0.000000e+00 1.013192e-14 2.114242e-14 0.000000e+00
-5.000000e-01 -1.000000e+00 0.000000e+00 2.311321e-14 3.866687e-14 0.000000e+00
-5.000000e-01 -7.500000e-01 0.000000e+00 4.258981e-14 5.375680e-14 0.000000e+00
-5.000000e-01 -5.000000e-01 0.000000e+00 6.477687e-14 5.554356e-14 0.000000e+00
-5.000000e-01 -2.500000e-01 0.000000e+00 8.305168e-14 3.809542e-14 0.000000e+00
-5.000000e-01 0.000000e+00 0.000000e+00 9.120015e-14 5.720900e-15 0.000000e+00
-5.000000e-01 2.500000e-01 0.000000e+00 8.636558e-14 -2.903106e-14 0.000000e+00
-5.000000e-01 5.000000e-01 0.000000e+00 7.023204e-14 -5.226916e-14 0.000000e+00
-5.000000e-01 7.500000e-01 0.000000e+00 4.835585e-14 -5.639635e-14 0.000000e+00
-5.000000e-01 1.000000e+00 0.000000e+00 2.761796e-14 -4.431048e-14 0.000000e+00
-5.000000e-01 1.250000e+00 0.000000e+00 1.279244e-14 -2.632909e-14 0.000000e+00
-5.000000e-01 1.500000e+00 0.000000e+00 4.712667e-15 -1.189985e-14 0.000000e+00
-5.000000e-01 1.750000e+00 0.000000e+00 1.367055e-15 -4.104538e-15 0.000000e+00
-5.000000e-01 2.000000e+00 0.000000e+00 3.137545e-16 -1.095259e-15 0.000000e+00
-5.000000e-01 2.250000e+00 0.000000e+00 5.819599e-17 -2.324436e-16 0.000000e+00
-5.000000e-01 2.500000e+00 0.000000e+00 9.075189e-18 -4.095106e-17 0.000000e+00
-2.500000e-01 -2.500000e+00 0.000000e+00 4.568560e-18 3.434043e-17 0.000000e+00
-2.500000e-01 -2.250000e+00 0.000000e+00 3.010743e-17 2.030250e-16 0.000000e+00
-2.500000e-01 -2.000000e+00 0.000000e+00 1.675033e-16 1.006169e-15 0.000000e+00
-2.500000e-01 -1.750000e+00 0.000000e+00 7.558845e-16 3.992674e-15 0.000000e+00
-2.500000e-01 -1.500000e+00 0.000000e+00 2.702584e-15 1.229657e-14 0.000000e+00
-2.500000e-01 -1.250000e+00 0.000000e+00 7.595853e-15 2.890456e-14 0.000000e+00
-2.500000e-01 -1.000000e+00 0.000000e+00 1.691403e-14 5.166391e-14 0.000000e+00
-2.500000e-01 -7.500000e-01 0.000000e+00 3.041634e-14 7.015978e-14 0.000000e+00
-2.500000e-01 -5.000000e-01 0.000000e+00 4.525561e-14 7.094685e-14 0.000000e+00
-2.500000e-01 -2.500000e-01 0.000000e+00 5.706081e-14 4.782120e-14 0.000000e+00
-2.500000e-01 0.000000e+00 0.000000e+00 6.212383e-14 6.956219e-15 0.000000e+00
-2.500000e-01 2.500000e-01 0.000000e+00 5.889336e-14 -3.663041e-14 0.000000e+00
-2.500000e-01 5.000000e-01 0.000000e+00 4.836197e-14 -6.657315e-14 0.000000e+00
-2.500000e-01 7.500000e-01 0.000000e+00 3.382399e-14 -7.309479e-14 0.000000e+00
-2.500000e-01 1.000000e+00 0.000000e+00 1.967658e-14 -5.863239e-14 0.000000e+00
-2.500000e-01 1.250000e+00 0.000000e+00 9.280555e-15 -3.557503e-14 0.000000e+00
-2.500000e-01 1.500000e+00 0.000000e+00 3.470498e-15 -1.637631e-14 0.000000e+00
-2.500000e-01 1.750000e+00 0.000000e+00 1.016028e-15 -5.722841e-15 0.000000e+00
-2.500000e-01 2.000000e+00 0.000000e+00 2.335882e-16 -1.535874e-15 0.000000e+00
-2.500000e-01 2.250000e+00 0.000000e+00 4.307548e-17 -3.252018e-16 0.000000e+00
-2.500000e-01 2.500000e+00 0.000000e+00 6.634168e-18 -5.668940e-17 0.000000e+00
0.000000e+00 -2.500000e+00 0.000000e+00 8.822919e-19 3.955479e-17 0.000000e+00
0.000000e+00 -2.250000e+00 0.000000e+00 5.842141e-18 2.348356e-16 0.000000e+00
0.000000e+00 -2.000000e+00 0.000000e+00 3.235354e-17 1.163851e-15 0.000000e+00
0.000000e+00 -1.750000e+00 0.000000e+00 1.441993e-16 4.601529e-15 0.000000e+00
0.000000e+00 -1.500000e+00 0.000000e+00 5.067812e-16 1.407465e-14 0.000000e+00
0.000000e+00 -1.250000e+00 0.000000e+00 1.398391e-15 3.278072e-14 0.000000e+00
0.000000e+00 -1.000000e+00 0.000000e+00 3.061189e-15 5.798226e-14 0.000000e+00
0.000000e+00 -7.500000e-01 0.000000e+00 5.425492e-15 7.789996e-14 0.000000e+00
0.000000e+00 -5.000000e-01 0.000000e+00 7.981148e-15 7.798625e-14 0.000000e+00
0.000000e+00 -2.500000e-01 0.000000e+00 9.988156e-15 5.212502e-14 0.000000e+00
0.000000e+00 0.000000e+00 0.000000e+00 1.084282e-14 7.445105e-15 0.000000e+00
0.000000e+00 2.500000e-01 0.000000e+00 1.029366e-14 -4.006016e-14 0.000000e+00
0.000000e+00 5.000000e-01 0.000000e+00 8.488292e-15 -7.310117e-14 0.000000e+00
0.000000e+00 7.500000e-01 0.000000e+00 5.964750e-15 -8.089372e-14 0.000000e+00
0.000000e+00 1.000000e+00 0.000000e+00 3.481302e-15 -6.548149e-14 0.000000e+00
0.000000e+00 1.250000e+00 0.000000e+00 1.642179e-15 -4.009060e-14 0.000000e+00
0.000000e+00 1.500000e+00 0.000000e+00 6.110883e-16 -1.859970e-14 0.000000e+00
0.000000e+00 1.750000e+00 0.000000e+00 1.767535e-16 -6.535647e-15 0.000000e+00
0.000000e+00 2.000000e+00 0.000000e+00 3.979699e-17 -1.758081e-15 0.000000e+00
0.000000e+00 2.250000e+00 0.000000e+00 7.134177e-18 -3.718240e-16 0.000000e+00
0.000000e+00 2.500000e+00 0.000000e+00 1.067827e-18 -6.452811e-17 0.000000e+00
2.500000e-01 -2.500000e+00 0.000000e+00 -3.320710e-18 3.722888e-17 0.000000e+00
2.500000e-01 -2.250000e+00 0.000000e+00 -2.195334e-17 2.205780e-16 0.000000e+00
2.500000e-01 -2.000000e+00 0.000000e+00 -1.223836e-16 1.092724e-15 0.000000e+00
2.500000e-01 -1.750000e+00 0.000000e+00 -5.527825e-16 4.325012e-15 0.000000e+00
2.500000e-01 -1.500000e+00 0.000000e+00 -1.975298e-15 1.326242e-14 0.000000e+00
2.500000e-01 -1.250000e+00 0.000000e+00 -5.538632e-15 3.100442e-14 0.000000e+00
2.500000e-01 -1.000000e+00 0.000000e+00 -1.228424e-14 5.508660e-14 0.000000e+00
2.500000e-01 -7.500000e-01 0.000000e+00 -2.198044e-14 7.436148e-14 0.000000e+00
2.500000e-01 -5.000000e-01 0.000000e+00 -3.253225e-14 7.478109e-14 0.000000e+00
2.500000e-01 -2.500000e-01 0.000000e+00 -4.082997e-14 5.017110e-14 0.000000e+00
2.500000e-01 0.000000e+00 0.000000e+00 -4.432452e-14 7.216720e-15 0.000000e+00
2.500000e-01 2.500000e-01 0.000000e+00 -4.200406e-14 -3.851815e-14 0.000000e+00
2.500000e-01 5.000000e-01 0.000000e+00 -3.457234e-14 -7.013989e-14 0.000000e+00
2.500000e-01 7.500000e-01 0.000000e+00 -2.428936e-14 -7.731810e-14 0.000000e+00
2.500000e-01 1.000000e+00 0.000000e+00 -1.421655e-14 -6.230179e-14 0.000000e+00
2.500000e-01 1.250000e+00 0.000000e+00 -6.753536e-15 -3.796404e-14 0.000000e+00
2.500000e-01 1.500000e+00 0.000000e+00 -2.545468e-15 -1.753566e-14 0.000000e+00
2.500000e-01 1.750000e+00 0.000000e+00 -7.514517e-16 -6.139373e-15 0.000000e+00
2.500000e-01 2.000000e+00 0.000000e+00 -1.742587e-16 -1.647330e-15 0.000000e+00
2.500000e-01 2.250000e+00 0.000000e+00 -3.240093e-17 -3.479863e-16 0.000000e+00
2.500000e-01 2.500000e+00 0.000000e+00 -5.019445e-18 -6.042297e-17 0.000000e+00
5.000000e-01 -2.500000e+00 0.000000e+00 -5.714986e-18 2.865061e-17 0.000000e+00
5.000000e-01 -2.250000e+00 0.000000e+00 -3.745503e-17 1.682378e-16 0.000000e+00
5.000000e-01 -2.000000e+00 0.000000e+00 -2.084125e-16 8.321452e-16 0.000000e+00
5.000000e-01 -1.750000e+00 0.000000e+00 -9.451630e-16 3.310614e-15 0.000000e+00
5.000000e-01 -1.500000e+00 0.000000e+00 -3.410158e-15 1.026585e-14 0.000000e+00
5.000000e-01 -1.250000e+00 0.000000e+00 -9.700704e-15 2.438074e-14 0.000000e+00
5.000000e-01 -1.000000e+00 0.000000e+00 -2.189598e-14 4.412163e-14 0.000000e+00
5.000000e-01 -7.500000e-01 0.000000e+00 -3.991778e-14 6.070009e-14 0.000000e+00
5.000000e-01 -5.000000e-01 0.000000e+00 -6.013287e-14 6.212597e-14 0.000000e+00
5.000000e-01 -2.500000e-01 0.000000e+00 -7.653727e-14 4.228514e-14 0.000000e+00
5.000000e-01 0.000000e+00 0.000000e+00 -8.372510e-14 6.252184e-15 0.000000e+00
5.000000e-01 2.500000e-01 0.000000e+00 -7.930536e-14 -3.231865e-14 0.000000e+00
5.000000e-01 5.000000e-01 0.000000e+00 -6.474641e-14 -5.840384e-14 0.000000e+00
5.000000e-01 7.500000e-01 0.000000e+00 -4.487369e-14 -6.346652e-14 0.000000e+00
5.000000e-01 1.000000e+00 0.000000e+00 -2.583333e-14 -5.027835e-14 0.000000e+00
5.000000e-01 1.250000e+00 0.000000e+00 -1.206270e-14 -3.011131e-14 0.000000e+00
5.000000e-01 1.500000e+00 0.000000e+00 -4.475257e-15 -1.369316e-14 0.000000e+00
5.000000e-01 1.750000e+00 0.000000e+00 -1.304671e-15 -4.737632e-15 0.000000e+00
5.000000e-01 2.000000e+00 0.000000e+00 -3.001070e-16 -1.262930e-15 0.000000e+00
5.000000e-01 2.250000e+00 0.000000e+00 -5.562737e-17 -2.666456e-16 0.000000e+00
5.000000e-01 2.500000e+00 0.000000e+00 -8.643800e-18 -4.658707e-17 0.000000e+00
7.500000e-01 -2.500000e+00 0.000000e+00 -5.566889e-18 1.812429e-17 0.000000e+00
7.500000e-01 -2.250000e+00 0.000000e+00 -3.582446e-17 1.045115e-16 0.000000e+00
7.500000e-01 -2.000000e+00 0.000000e+00 -1.983276e-16 5.141368e-16 0.000000e+00
7.500000e-01 -1.750000e+00 0.000000e+00 -9.050640e-16 2.057768e-15 0.000000e+00
7.500000e-01 -1.500000e+00 0.000000e+00 -3.318806e-15 6.485047e-15 0.000000e+00
7.500000e-01 -1.250000e+00 0.000000e+00 -9.669574e-15 1.577488e-14 0.000000e+00
7.500000e-01 -1.000000e+00 0.000000e+00 -2.245338e-14 2.936294e-14 0.000000e+00
7.500000e-01 -7.500000e-01 0.000000e+00 -4.214375e-14 4.157155e-14 0.000000e+00
7.500000e-01 -5.000000e-01 0.000000e+00 -6.517891e-14 4.366155e-14 0.000000e+00
7.500000e-01 -2.500000e-01 0.000000e+00 -8.462616e-14 3.032299e-14 0.000000e+00
7.500000e-01 0.000000e+00 0.000000e+00 -9.351939e-14 4.630610e-15 0.000000e+00
7.500000e-01 2.500000e-01 0.000000e+00 -8.846890e-14 -2.307165e-14 0.000000e+00
7.500000e-01 5.000000e-01 0.000000e+00 -7.137255e-14 -4.121047e-14 0.000000e+00
7.500000e-01 7.500000e-01 0.000000e+00 -4.850140e-14 -4.384122e-14 0.000000e+00
7.500000e-01 1.000000e+00 0.000000e+00 -2.726170e-14 -3.385139e-14 0.000000e+00
7.500000e-01 1.250000e+00 0.000000e+00 -1.242104e-14 -1.974650e-14 0.000000e+00
7.500000e-01 1.500000e+00 0.000000e+00 -4.510024e-15 -8.772374e-15 0.000000e+00
7.500000e-01 1.750000e+00 0.000000e+00 -1.295000e-15 -2.984474e-15 0.000000e+00
7.500000e-01 2.000000e+00 0.000000e+00 -2.959139e-16 -7.895124e-16 0.000000e+00
7.500000e-01 2.250000e+00 0.000000e+00 -5.500126e-17 -1.671437e-16 0.000000e+00
7.500000e-01 2.500000e+00 0.000000e+00 -8.660898e-18 -2.962435e-17 0.000000e+00
1.000000e+00 -2.500000e+00 0.000000e+00 -3.920392e-18 9.515338e-18 0.000000e+00
1.000000e+00 -2.250000e+00 0.000000e+00 -2.446143e-17 5.322261e-17 0.000000e+00
1.000000e+00 -2.000000e+00 0.000000e+00 -1.336516e-16 2.582809e-16 0.000000e+00
1.000000e+00 -1.750000e+00 0.000000e+00 -6.115405e-16 1.035689e-15 0.000000e+00
1.000000e+00 -1.500000e+00 0.000000e+00 -2.279046e-15 3.315101e-15 0.000000e+00
1.000000e+00 -1.250000e+00 0.000000e+00 -6.819686e-15 8.278009e-15 0.000000e+00
1.000000e+00 -1.000000e+00 0.000000e+00 -1.636085e-14 1.591148e-14 0.000000e+00
1.000000e+00 -7.500000e-01 0.000000e+00 -3.175295e-14 2.327970e-14 0.000000e+00
1.000000e+00 -5.000000e-01 0.000000e+00 -5.057933e-14 2.516772e-14 0.000000e+00
1.000000e+00 -2.500000e-01 0.000000e+00 -6.709568e-14 1.785772e-14 0.000000e+00
1.000000e+00 0.000000e+00 0.000000e+00 -7.491779e-14 2.796598e-15 0.000000e+00
1.000000e+00 2.500000e-01 0.000000e+00 -7.071944e-14 -1.356226e-14 0.000000e+00
1.000000e+00 5.000000e-01 0.000000e+00 -5.627227e-14 -2.388488e-14 0.000000e+00
1.000000e+00 7.500000e-01 0.000000e+00 -3.738306e-14 -2.479409e-14 0.000000e+00
1.000000e+00 1.000000e+00 0.000000e+00 -2.043830e-14 -1.858107e-14 0.000000e+00
1.000000e+00 1.250000e+00 0.000000e+00 -9.052976e-15 -1.051311e-14 0.000000e+00
1.000000e+00 1.500000e+00 0.000000e+00 -3.209570e-15 -4.550100e-15 0.000000e+00
1.000000e+00 1.750000e+00 0.000000e+00 -9.078502e-16 -1.522137e-15 0.000000e+00
1.000000e+00 2.000000e+00 0.000000e+00 -2.067778e-16 -4.009485e-16 0.000000e+00
1.000000e+00 2.250000e+00 0.000000e+00 -3.883045e-17 -8.574359e-17 0.000000e+00
1.000000e+00 2.500000e+00 0.000000e+00 -6.274691e-18 -1.560247e-17 0.000000e+00
1.250000e+00 -2.500000e+00 0.000000e+00 -2.162428e-18 4.201743e-18 0.000000e+00
1.250000e+00 -2.250000e+00 0.000000e+00 -1.288775e-17 2.246006e-17 0.000000e+00
1.250000e+00 -2.000000e+00 0.000000e+00 -6.858305e-17 1.061093e-16 0.000000e+00
1.250000e+00 -1.750000e+00 0.000000e+00 -3.116215e-16 4.220717e-16 0.000000e+00
1.250000e+00 -1.500000e+00 0.000000e+00 -1.172228e-15 1.362256e-15 0.000000e+00
1.250000e+00 -1.250000e+00 0.000000e+00 -3.586598e-15 3.475628e-15 0.000000e+00
1.250000e+00 -1.000000e+00 0.000000e+00 -8.867493e-15 6.881601e-15 0.000000e+00
1.250000e+00 -7.500000e-01 0.000000e+00 -1.776918e-14 1.039159e-14 0.000000e+00
1.250000e+00 -5.000000e-01 0.000000e+00 -2.911589e-14 1.155230e-14 0.000000e+00
1.250000e+00 -2.500000e-01 0.000000e+00 -3.940972e-14 8.361877e-15 0.000000e+00
1.250000e+00 0.000000e+00 0.000000e+00 -4.440987e-14 1.328503e-15 0.000000e+00
1.250000e+00 2.500000e-01 0.000000e+00 -4.179995e-14 -6.359529e-15 0.000000e+00
1.250000e+00 5.000000e-01 0.000000e+00 -3.279301e-14 -1.103102e-14 0.000000e+00
1.250000e+00 7.500000e-01 0.000000e+00 -2.129256e-14 -1.117107e-14 0.000000e+00
1.250000e+00 1.000000e+00 0.000000e+00 -1.132441e-14 -8.126471e-15 0.000000e+00
1.250000e+00 1.250000e+00 0.000000e+00 -4.881692e-15 -4.465047e-15 0.000000e+00
1.250000e+00 1.500000e+00 0.000000e+00 -1.694770e-15 -1.888852e-15 0.000000e+00
1.250000e+00 1.750000e+00 0.000000e+00 -4.747366e-16 -6.250522e-16 0.000000e+00
1.250000e+00 2.000000e+00 0.000000e+00 -1.086733e-16 -1.654216e-16 0.000000e+00
1.250000e+00 2.250000e+00 0.000000e+00 -2.087767e-17 -3.619036e-17 0.000000e+00
1.250000e+00 2.500000e+00 0.000000e+00 -3.520103e-18 -6.869954e-18 0.000000e+00
1.500000e+00 -2.500000e+00 0.000000e+00 -9.768677e-19 1.586443e-18 0.000000e+00
1.500000e+00 -2.250000e+00 0.000000e+00 -5.480539e-18 7.985440e-18 0.000000e+00
1.500000e+00 -2.000000e+00 0.000000e+00 -2.790990e-17 3.608834e-17 0.000000e+00
1.500000e+00 -1.750000e+00 0.000000e+00 -1.239716e-16 1.401702e-16 0.000000e+00
1.500000e+00 -1.500000e+00 0.000000e+00 -4.644439e-16 4.499586e-16 0.000000e+00
1.500000e+00 -1.250000e+00 0.000000e+00 -1.436471e-15 1.159364e-15 0.000000e+00
1.500000e+00 -1.000000e+00 0.000000e+00 -3.626606e-15 2.342976e-15 0.000000e+00
1.500000e+00 -7.500000e-01 0.000000e+00 -7.451340e-15 3.627300e-15 0.000000e+00
1.500000e+00 -5.000000e-01 0.000000e+00 -1.249600e-14 4.126919e-15 0.000000e+00
1.500000e+00 -2.500000e-01 0.000000e+00 -1.719863e-14 3.036526e-15 0.000000e+00
1.500000e+00 0.000000e+00 0.000000e+00 -1.952202e-14 4.843894e-16 0.000000e+00
1.500000e+00 2.500000e-01 0.000000e+00 -1.831541e-14 -2.318357e-15 0.000000e+00
1.500000e+00 5.000000e-01 0.000000e+00 -1.418368e-14 -3.962990e-15 0.000000e+00
1.500000e+00 7.500000e-01 0.000000e+00 -9.025597e-15 -3.926262e-15 0.000000e+00
1.500000e+00 1.000000e+00 0.000000e+00 -4.690418e-15 -2.785663e-15 0.000000e+00
1.500000e+00 1.250000e+00 0.000000e+00 -1.980789e-15 -1.496982e-15 0.000000e+00
1.500000e+00 1.500000e+00 0.000000e+00 -6.794872e-16 -6.251223e-16 0.000000e+00
1.500000e+00 1.750000e+00 0.000000e+00 -1.906666e-16 -2.071937e-16 0.000000e+00
1.500000e+00 2.000000e+00 0.000000e+00 -4.450400e-17 -5.592705e-17 0.000000e+00
1.500000e+00 2.250000e+00 0.000000e+00 -8.907075e-18 -1.274431e-17 0.000000e+00
1.500000e+00 2.500000e+00 0.000000e+00 -1.595743e-18 -2.568370e-18 0.000000e+00
1.750000e+00 -2.500000e+00 0.000000e+00 -3.731295e-19 5.213926e-19 0.000000e+00
1.750000e+00 -2.250000e+00 0.000000e+00 -1.951480e-18 2.446449e-18 0.000000e+00
1.750000e+00 -2.000000e+00 0.000000e+00 -9.336742e-18 1.038333e-17 0.000000e+00
1.750000e+00 -1.750000e+00 0.000000e+00 -3.972115e-17 3.859058e-17 0.000000e+00
1.750000e+00 -1.500000e+00 0.000000e+00 -1.454049e-16 1.208741e-16 0.000000e+00
1.750000e+00 -1.250000e+00 0.000000e+00 -4.467398e-16 3.089741e-16 0.000000e+00
1.750000e+00 -1.000000e+00 0.000000e+00 -1.134234e-15 6.274552e-16 0.000000e+00
1.750000e+00 -7.500000e-01 0.000000e+00 -2.360264e-15 9.836130e-16 0.000000e+00
1.750000e+00 -5.000000e-01 0.000000e+00 -4.014872e-15 1.135054e-15 0.000000e+00
1.750000e+00 -2.500000e-01 0.000000e+00 -5.586705e-15 8.438522e-16 0.000000e+00
1.750000e+00 0.000000e+00 0.000000e+00 -6.370701e-15 1.337485e-16 0.000000e+00
1.750000e+00 2.500000e-01 0.000000e+00 -5.959432e-15 -6.477860e-16 0.000000e+00
1.750000e+00 5.000000e-01 0.000000e+00 -4.570398e-15 -1.094159e-15 0.000000e+00
1.750000e+00 7.500000e-01 0.000000e+00 -2.868256e-15 -1.067427e-15 0.000000e+00
1.750000e+00 1.000000e+00 0.000000e+00 -1.470389e-15 -7.460961e-16 0.000000e+00
1.750000e+00 1.250000e+00 0.000000e+00 -6.160861e-16 -3.974883e-16 0.000000e+00
1.750000e+00 1.500000e+00 0.000000e+00 -2.120754e-16 -1.665611e-16 0.000000e+00
1.750000e+00 1.750000e+00 0.000000e+00 -6.068442e-17 -5.632356e-17 0.000000e+00
1.750000e+00 2.000000e+00 0.000000e+00 -1.474031e-17 -1.582404e-17 0.000000e+00
1.750000e+00 2.250000e+00 0.000000e+00 -3.137772e-18 -3.832975e-18 0.000000e+00
1.750000e+00 2.500000e+00 0.000000e+00 -6.054959e-19 -8.312779e-19 0.000000e+00
2.000000e+00 -2.500000e+00 0.000000e+00 -1.234923e-19 1.516480e-19 0.000000e+00
2.000000e+00 -2.250000e+00 0.000000e+00 -6.010093e-19 6.619302e-19 0.000000e+00
2.000000e+00 -2.000000e+00 0.000000e+00 -2.668757e-18 2.605722e-18 0.000000e+00
2.000000e+00 -1.750000e+00 0.000000e+00 -1.065283e-17 9.080392e-18 0.000000e+00
2.000000e+00 -1.500000e+00 0.000000e+00 -3.725775e-17 2.714646e-17 0.000000e+00
2.000000e+00 -1.250000e+00 0.000000e+00 -1.112836e-16 6.736772e-17 0.000000e+00
2.000000e+00 -1.000000e+00 0.000000e+00 -2.785454e-16 1.347014e-16 0.000000e+00
2.000000e+00 -7.500000e-01 0.000000e+00 -5.771852e-16 2.100788e-16 0.000000e+00
2.000000e+00 -5.000000e-01 0.000000e+00 -9.830942e-16 2.425708e-16 0.000000e+00
2.000000e+00 -2.500000e-01 0.000000e+00 -1.371615e-15 1.805572e-16 0.000000e+00
2.000000e+00 0.000000e+00 0.000000e+00 -1.565673e-15 2.807702e-17 0.000000e+00
2.000000e+00 2.500000e-01 0.000000e+00 -1.461873e-15 -1.395186e-16 0.000000e+00
2.000000e+00 5.000000e-01 0.000000e+00 -1.116665e-15 -2.340574e-16 0.000000e+00
2.000000e+00 7.500000e-01 0.000000e+00 -6.983273e-16 -2.272779e-16 0.000000e+00
2.000000e+00 1.000000e+00 0.000000e+00 -3.583659e-16 -1.589434e-16 0.000000e+00
2.000000e+00 1.250000e+00 0.000000e+00 -1.517153e-16 -8.556594e-17 0.000000e+00
2.000000e+00 1.500000e+00 0.000000e+00 -5.350158e-17 -3.674811e-17 0.000000e+00
2.000000e+00 1.750000e+00 0.000000e+00 -1.596437e-17 -1.296150e-17 0.000000e+00
2.000000e+00 2.000000e+00 0.000000e+00 -4.125179e-18 -3.872701e-18 0.000000e+00
2.000000e+00 2.250000e+00 0.000000e+00 -9.484157e-19 -1.012719e-18 0.000000e+00
2.000000e+00 2.500000e+00 0.000000e+00 -1.978963e-19 -2.374140e-19 0.000000e+00
2.250000e+00 -2.500000e+00 0.000000e+00 -3.602012e-20 3.949472e-20 0.000000e+00
2.250000e+00 -2.250000e+00 0.000000e+00 -1.641732e-19 1.614463e-19 0.000000e+00
2.250000e+00 -2.000000e+00 0.000000e+00 -6.759141e-19 5.886605e-19 0.000000e+00
2.250000e+00 -1.750000e+00 0.000000e+00 -2.501592e-18 1.900096e-18 0.000000e+00
2.250000e+00 -1.500000e+00 0.000000e+00 -8.197656e-18 5.318921e-18 0.000000e+00
2.250000e+00 -1.250000e+00 0.000000e+00 -2.329323e-17 1.254749e-17 0.000000e+00
2.250000e+00 -1.000000e+00 0.000000e+00 -5.627962e-17 2.418967e-17 0.000000e+00
2.250000e+00 -7.500000e-01 0.000000e+00 -1.139438e-16 3.680910e-17 0.000000e+00
2.250000e+00 -5.000000e-01 0.000000e+00 -1.913877e-16 4.184950e-17 0.000000e+00
2.250000e+00 -2.500000e-01 0.000000e+00 -2.650241e-16 3.084038e-17 0.000000e+00
2.250000e+00 0.000000e+00 0.000000e+00 -3.015237e-16 4.648047e-18 0.000000e+00
2.250000e+00 2.500000e-01 0.000000e+00 -2.815301e-16 -2.399059e-17 0.000000e+00
2.250000e+00 5.000000e-01 0.000000e+00 -2.158919e-16 -4.028206e-17 0.000000e+00
2.250000e+00 7.500000e-01 0.000000e+00 -1.363541e-16 -3.948197e-17 0.000000e+00
2.250000e+00 1.000000e+00 0.000000e+00 -7.130413e-17 -2.813928e-17 0.000000e+00
2.250000e+00 1.250000e+00 0.000000e+00 -3.113559e-17 -1.562887e-17 0.000000e+00
2.250000e+00 1.500000e+00 0.000000e+00 -1.149559e-17 -7.027477e-18 0.000000e+00
2.250000e+00 1.750000e+00 0.000000e+00 -3.651115e-18 -2.637513e-18 0.000000e+00
2.250000e+00 2.000000e+00 0.000000e+00 -1.018033e-18 -8.502605e-19 0.000000e+00
2.250000e+00 2.250000e+00 0.000000e+00 -2.535779e-19 -2.409591e-19 0.000000e+00
2.250000e+00 2.500000e+00 0.000000e+00 -5.691220e-20 -6.074260e-20 0.000000e+00
2.500000e+00 -2.500000e+00 0.000000e+00 -9.286548e-21 9.201163e-21 0.000000e+00
2.500000e+00 -2.250000e+00 0.000000e+00 -4.037188e-20 3.590417e-20 0.000000e+00
2.500000e+00 -2.000000e+00 0.000000e+00 -1.556047e-19 1.224848e-19 0.000000e+00
2.500000e+00 -1.750000e+00 0.000000e+00 -5.348036e-19 3.666232e-19 0.000000e+00
2.500000e+00 -1.500000e+00 0.000000e+00 -1.629350e-18 9.530512e-19 0.000000e+00
2.500000e+00 -1.250000e+00 0.000000e+00 -4.342507e-18 2.107719e-18 0.000000e+00
2.500000e+00 -1.000000e+00 0.000000e+00 -9.964213e-18 3.857447e-18 0.000000e+00
2.500000e+00 -7.500000e-01 0.000000e+00 -1.940290e-17 5.641395e-18 0.000000e+00
2.500000e+00 -5.000000e-01 0.000000e+00 -3.171444e-17 6.233610e-18 0.000000e+00
2.500000e+00 -2.500000e-01 0.000000e+00 -4.318984e-17 4.507117e-18 0.000000e+00
2.500000e+00 0.000000e+00 0.000000e+00 -4.879356e-17 6.572864e-19 0.000000e+00
2.500000e+00 2.500000e-01 0.000000e+00 -4.566154e-17 -3.520543e-18 0.000000e+00
2.500000e+00 5.000000e-01 0.000000e+00 -3.543532e-17 -5.967466e-18 0.000000e+00
2.500000e+00 7.500000e-01 0.000000e+00 -2.288999e-17 -5.980010e-18 0.000000e+00
2.500000e+00 1.000000e+00 0.000000e+00 -1.238844e-17 -4.410662e-18 0.000000e+00
2.500000e+00 1.250000e+00 0.000000e+00 -5.671945e-18 -2.567917e-18 0.000000e+00
2.500000e+00 1.500000e+00 0.000000e+00 -2.225206e-18 -1.226560e-18 0.000000e+00
2.500000e+00 1.750000e+00 0.000000e+00 -7.593364e-19 -4.946710e-19 0.000000e+00
2.500000e+00 2.000000e+00 0.000000e+00 -2.285265e-19 -1.722298e-19 0.000000e+00
2.500000e+00 2.250000e+00 0.000000e+00 -6.116481e-20 -5.245422e-20 0.000000e+00
2.500000e+00 2.500000e+00 0.000000e+00 -1.453676e-20 -1.398505e-20 0.000000e+00
