dpl Lambda(micro m) RefractiveIndex ParticleDiameter(micro m) CorrectionFactor
15.0000000000 0.9000000000 1.4000000000 1.0000000000 0.1858792280
15.0000000000 0.9000000000 1.4000000000 1.1000000000 0.1735383056
15.0000000000 0.9000000000 1.4000000000 1.2000000000 0.1682682924
15.0000000000 0.9000000000 1.4000000000 1.3000000000 0.1663233430
15.0000000000 0.9000000000 1.4000000000 1.4000000000 0.1684333988
15.0000000000 0.9000000000 1.4000000000 1.5000000000 0.1686940609
15.0000000000 0.9000000000 1.4000000000 1.6000000000 0.1712394381
15.0000000000 0.9000000000 1.4000000000 1.7000000000 0.1876234140
15.0000000000 0.9000000000 1.4000000000 1.8000000000 0.1868545941
15.0000000000 0.9000000000 1.4000000000 1.9000000000 0.2043808333
15.0000000000 0.9000000000 1.4000000000 2.0000000000 0.2237077932
15.0000000000 0.9000000000 1.4500000000 1.0000000000 0.1989347427
15.0000000000 0.9000000000 1.4500000000 1.1000000000 0.1871874152
15.0000000000 0.9000000000 1.4500000000 1.2000000000 0.1890520102
15.0000000000 0.9000000000 1.4500000000 1.3000000000 0.1893294760
15.0000000000 0.9000000000 1.4500000000 1.4000000000 0.1953794171
15.0000000000 0.9000000000 1.4500000000 1.5000000000 0.2001765221
15.0000000000 0.9000000000 1.4500000000 1.6000000000 0.2133643520
15.0000000000 0.9000000000 1.4500000000 1.7000000000 0.2355904841
15.0000000000 0.9000000000 1.4500000000 1.8000000000 0.2349951509
15.0000000000 0.9000000000 1.4500000000 1.9000000000 0.2821057329
15.0000000000 0.9000000000 1.4500000000 2.0000000000 0.2768412939
15.0000000000 0.9000000000 1.5000000000 1.0000000000 0.2118259440
15.0000000000 0.9000000000 1.5000000000 1.1000000000 0.2038574712
15.0000000000 0.9000000000 1.5000000000 1.2000000000 0.2163956398
15.0000000000 0.9000000000 1.5000000000 1.3000000000 0.2137297347
15.0000000000 0.9000000000 1.5000000000 1.4000000000 0.2336555366
15.0000000000 0.9000000000 1.5000000000 1.5000000000 0.2368997886
15.0000000000 0.9000000000 1.5000000000 1.6000000000 0.2707178409
15.0000000000 0.9000000000 1.5000000000 1.7000000000 0.2789076415
15.0000000000 0.9000000000 1.5000000000 1.8000000000 0.3083105185
15.0000000000 0.9000000000 1.5000000000 1.9000000000 0.3437343412
15.0000000000 0.9000000000 1.5000000000 2.0000000000 0.3415933590
15.0000000000 0.9000000000 1.5500000000 1.0000000000 0.2244665323
15.0000000000 0.9000000000 1.5500000000 1.1000000000 0.2272099909
15.0000000000 0.9000000000 1.5500000000 1.2000000000 0.2440805621
15.0000000000 0.9000000000 1.5500000000 1.3000000000 0.2438619725
15.0000000000 0.9000000000 1.5500000000 1.4000000000 0.2809814833
15.0000000000 0.9000000000 1.5500000000 1.5000000000 0.2852290658
15.0000000000 0.9000000000 1.5500000000 1.6000000000 0.3417345981
15.0000000000 0.9000000000 1.5500000000 1.7000000000 0.3324487777
15.0000000000 0.9000000000 1.5500000000 1.8000000000 0.3924702713
15.0000000000 0.9000000000 1.5500000000 1.9000000000 0.3774878852
15.0000000000 0.9000000000 1.5500000000 2.0000000000 0.3826833565
15.0000000000 0.9000000000 1.6000000000 1.0000000000 0.2382955172
15.0000000000 0.9000000000 1.6000000000 1.1000000000 0.2618697653
15.0000000000 0.9000000000 1.6000000000 1.2000000000 0.2679046215
15.0000000000 0.9000000000 1.6000000000 1.3000000000 0.2877723046
15.0000000000 0.9000000000 1.6000000000 1.4000000000 0.3180737185
15.0000000000 0.9000000000 1.6000000000 1.5000000000 0.3459383075
15.0000000000 0.9000000000 1.6000000000 1.6000000000 0.3815641198
15.0000000000 0.9000000000 1.6000000000 1.7000000000 0.3856036886
15.0000000000 0.9000000000 1.6000000000 1.8000000000 0.4124854421
15.0000000000 0.9000000000 1.6000000000 1.9000000000 0.3662604612
15.0000000000 0.9000000000 1.6000000000 2.0000000000 0.3720736070
15.0000000000 1.0000000000 1.4000000000 1.0000000000 0.1917662793
15.0000000000 1.0000000000 1.4000000000 1.1000000000 0.1869684079
15.0000000000 1.0000000000 1.4000000000 1.2000000000 0.1757150565
15.0000000000 1.0000000000 1.4000000000 1.3000000000 0.1692472019
15.0000000000 1.0000000000 1.4000000000 1.4000000000 0.1659550624
15.0000000000 1.0000000000 1.4000000000 1.5000000000 0.1669428102
15.0000000000 1.0000000000 1.4000000000 1.6000000000 0.1693975501
15.0000000000 1.0000000000 1.4000000000 1.7000000000 0.1683180905
15.0000000000 1.0000000000 1.4000000000 1.8000000000 0.1742454390
15.0000000000 1.0000000000 1.4000000000 1.9000000000 0.1887822741
15.0000000000 1.0000000000 1.4000000000 2.0000000000 0.1868545387
15.0000000000 1.0000000000 1.4500000000 1.0000000000 0.2055281116
15.0000000000 1.0000000000 1.4500000000 1.1000000000 0.2004310379
15.0000000000 1.0000000000 1.4500000000 1.2000000000 0.1888063261
15.0000000000 1.0000000000 1.4500000000 1.3000000000 0.1873175356
15.0000000000 1.0000000000 1.4500000000 1.4000000000 0.1895197249
15.0000000000 1.0000000000 1.4500000000 1.5000000000 0.1909940111
15.0000000000 1.0000000000 1.4500000000 1.6000000000 0.1997553155
15.0000000000 1.0000000000 1.4500000000 1.7000000000 0.2007727057
15.0000000000 1.0000000000 1.4500000000 1.8000000000 0.2192511521
15.0000000000 1.0000000000 1.4500000000 1.9000000000 0.2349928302
15.0000000000 1.0000000000 1.4500000000 2.0000000000 0.2349951234
15.0000000000 1.0000000000 1.5000000000 1.0000000000 0.2219779754
15.0000000000 1.0000000000 1.5000000000 1.1000000000 0.2137348559
15.0000000000 1.0000000000 1.5000000000 1.2000000000 0.2040161913
15.0000000000 1.0000000000 1.5000000000 1.3000000000 0.2129592497
15.0000000000 1.0000000000 1.5000000000 1.4000000000 0.2134202944
15.0000000000 1.0000000000 1.5000000000 1.5000000000 0.2210137228
15.0000000000 1.0000000000 1.5000000000 1.6000000000 0.2387956871
15.0000000000 1.0000000000 1.5000000000 1.7000000000 0.2428018491
15.0000000000 1.0000000000 1.5000000000 1.8000000000 0.2799913413
15.0000000000 1.0000000000 1.5000000000 1.9000000000 0.2778472375
15.0000000000 1.0000000000 1.5000000000 2.0000000000 0.3083105740
15.0000000000 1.0000000000 1.5500000000 1.0000000000 0.2408409136
15.0000000000 1.0000000000 1.5500000000 1.1000000000 0.2263616979
15.0000000000 1.0000000000 1.5500000000 1.2000000000 0.2237928128
15.0000000000 1.0000000000 1.5500000000 1.3000000000 0.2452128054
15.0000000000 1.0000000000 1.5500000000 1.4000000000 0.2383283376
15.0000000000 1.0000000000 1.5500000000 1.5000000000 0.2650947123
15.0000000000 1.0000000000 1.5500000000 1.6000000000 0.2758074496
15.0000000000 1.0000000000 1.5500000000 1.7000000000 0.2983526601
15.0000000000 1.0000000000 1.5500000000 1.8000000000 0.3409658418
15.0000000000 1.0000000000 1.5500000000 1.9000000000 0.3352027062
15.0000000000 1.0000000000 1.5500000000 2.0000000000 0.3924716005
15.0000000000 1.0000000000 1.6000000000 1.0000000000 0.2608848247
15.0000000000 1.0000000000 1.6000000000 1.1000000000 0.2393294699
15.0000000000 1.0000000000 1.6000000000 1.2000000000 0.2525319666
15.0000000000 1.0000000000 1.6000000000 1.3000000000 0.2739056651
15.0000000000 1.0000000000 1.6000000000 1.4000000000 0.2700917763
15.0000000000 1.0000000000 1.6000000000 1.5000000000 0.3249184308
15.0000000000 1.0000000000 1.6000000000 1.6000000000 0.3203256260
15.0000000000 1.0000000000 1.6000000000 1.7000000000 0.3701956023
15.0000000000 1.0000000000 1.6000000000 1.8000000000 0.3775018489
15.0000000000 1.0000000000 1.6000000000 1.9000000000 0.3901377726
15.0000000000 1.0000000000 1.6000000000 2.0000000000 0.4124854496
