0.000000e+00 0.000000e+00 -1.000000e+00 7.210048e-15 4.908217e-15 2.285123e-13
0.000000e+00 0.000000e+00 -9.500000e-01 7.262824e-15 4.943549e-15 2.299637e-13
0.000000e+00 0.000000e+00 -9.000000e-01 7.311571e-15 4.976119e-15 2.313497e-13
0.000000e+00 0.000000e+00 -8.500000e-01 7.356150e-15 5.005831e-15 2.326677e-13
0.000000e+00 0.000000e+00 -8.000000e-01 7.396433e-15 5.032595e-15 2.339151e-13
0.000000e+00 0.000000e+00 -7.500000e-01 7.432305e-15 5.056330e-15 2.350896e-13
0.000000e+00 0.000000e+00 -7.000000e-01 7.463662e-15 5.076962e-15 2.361888e-13
0.000000e+00 0.000000e+00 -6.500000e-01 7.490417e-15 5.094429e-15 2.372106e-13
0.000000e+00 0.000000e+00 -6.000000e-01 7.512495e-15 5.108676e-15 2.381530e-13
0.000000e+00 0.000000e+00 -5.500000e-01 7.529840e-15 5.119641e-15 2.390142e-13
0.000000e+00 0.000000e+00 -5.000000e-01 7.542406e-15 5.127326e-15 2.397924e-13
0.000000e+00 0.000000e+00 -4.500000e-01 7.550169e-15 5.131690e-15 2.404861e-13
0.000000e+00 0.000000e+00 -4.000000e-01 7.553115e-15 5.132720e-15 2.410939e-13
0.000000e+00 0.000000e+00 -3.500000e-01 7.551250e-15 5.130415e-15 2.416147e-13
0.000000e+00 0.000000e+00 -3.000000e-01 7.544595e-15 5.124783e-15 2.420474e-13
0.000000e+00 0.000000e+00 -2.500000e-01 7.533185e-15 5.115845e-15 2.423913e-13
0.000000e+00 0.000000e+00 -2.000000e-01 7.517073e-15 5.103630e-15 2.426458e-13
0.000000e+00 0.000000e+00 -1.500000e-01 7.496324e-15 5.088178e-15 2.428104e-13
0.000000e+00 0.000000e+00 -1.000000e-01 7.471017e-15 5.069539e-15 2.428849e-13
0.000000e+00 0.000000e+00 -5.000000e-02 7.441246e-15 5.047773e-15 2.428693e-13
0.000000e+00 0.000000e+00 3.191891e-16 7.407117e-15 5.022948e-15 2.427638e-13
0.000000e+00 0.000000e+00 5.000000e-02 7.368745e-15 4.995140e-15 2.425688e-13
0.000000e+00 0.000000e+00 1.000000e-01 7.326258e-15 4.964434e-15 2.422848e-13
0.000000e+00 0.000000e+00 1.500000e-01 7.279792e-15 4.930921e-15 2.419125e-13
0.000000e+00 0.000000e+00 2.000000e-01 7.229491e-15 4.894698e-15 2.414530e-13
0.000000e+00 0.000000e+00 2.500000e-01 7.175507e-15 4.855870e-15 2.409073e-13
0.000000e+00 0.000000e+00 3.000000e-01 7.117997e-15 4.814543e-15 2.402766e-13
0.000000e+00 0.000000e+00 3.500000e-01 7.057123e-15 4.770831e-15 2.395625e-13
0.000000e+00 0.000000e+00 4.000000e-01 6.993051e-15 4.724849e-15 2.387665e-13
0.000000e+00 0.000000e+00 4.500000e-01 6.925949e-15 4.676715e-15 2.378904e-13
0.000000e+00 0.000000e+00 5.000000e-01 6.855986e-15 4.626550e-15 2.369361e-13
0.000000e+00 0.000000e+00 5.500000e-01 6.783334e-15 4.574475e-15 2.359056e-13
0.000000e+00 0.000000e+00 6.000000e-01 6.708161e-15 4.520611e-15 2.348009e-13
0.000000e+00 0.000000e+00 6.500000e-01 6.630637e-15 4.465081e-15 2.336244e-13
0.000000e+00 0.000000e+00 7.000000e-01 6.550927e-15 4.408007e-15 2.323784e-13
0.000000e+00 0.000000e+00 7.500000e-01 6.469196e-15 4.349507e-15 2.310653e-13
0.000000e+00 0.000000e+00 8.000000e-01 6.385605e-15 4.289700e-15 2.296876e-13
0.000000e+00 0.000000e+00 8.500000e-01 6.300310e-15 4.228703e-15 2.282479e-13
0.000000e+00 0.000000e+00 9.000000e-01 6.213464e-15 4.166629e-15 2.267488e-13
0.000000e+00 0.000000e+00 9.500000e-01 6.125215e-15 4.103588e-15 2.251931e-13
0.000000e+00 0.000000e+00 1.000000e+00 6.035707e-15 4.039690e-15 2.235833e-13
0.000000e+00 0.000000e+00 1.050000e+00 5.945079e-15 3.975037e-15 2.219223e-13
0.000000e+00 0.000000e+00 1.100000e+00 5.853463e-15 3.909731e-15 2.202129e-13
0.000000e+00 0.000000e+00 1.150000e+00 5.760988e-15 3.843869e-15 2.184577e-13
0.000000e+00 0.000000e+00 1.200000e+00 5.667777e-15 3.777545e-15 2.166597e-13
0.000000e+00 0.000000e+00 1.250000e+00 5.573949e-15 3.710849e-15 2.148215e-13
0.000000e+00 0.000000e+00 1.300000e+00 5.479618e-15 3.643866e-15 2.129459e-13
0.000000e+00 0.000000e+00 1.350000e+00 5.384891e-15 3.576680e-15 2.110356e-13
0.000000e+00 0.000000e+00 1.400000e+00 5.289873e-15 3.509368e-15 2.090934e-13
0.000000e+00 0.000000e+00 1.450000e+00 5.194662e-15 3.442006e-15 2.071220e-13
0.000000e+00 0.000000e+00 1.500000e+00 5.099356e-15 3.374666e-15 2.051238e-13
0.000000e+00 0.000000e+00 1.550000e+00 5.004043e-15 3.307414e-15 2.031016e-13
0.000000e+00 0.000000e+00 1.600000e+00 4.908812e-15 3.240317e-15 2.010579e-13
0.000000e+00 0.000000e+00 1.650000e+00 4.813746e-15 3.173436e-15 1.989951e-13
0.000000e+00 0.000000e+00 1.700000e+00 4.718925e-15 3.106829e-15 1.969156e-13
0.000000e+00 0.000000e+00 1.750000e+00 4.624425e-15 3.040551e-15 1.948218e-13
0.000000e+00 0.000000e+00 1.800000e+00 4.530320e-15 2.974654e-15 1.927159e-13
0.000000e+00 0.000000e+00 1.850000e+00 4.436679e-15 2.909189e-15 1.906002e-13
0.000000e+00 0.000000e+00 1.900000e+00 4.343569e-15 2.844203e-15 1.884767e-13
0.000000e+00 0.000000e+00 1.950000e+00 4.251056e-15 2.779738e-15 1.863475e-13
