0.000000e+00 0.000000e+00 0.000000e+00 0.000000e+00
1.000000e-01 1.180472e-10 -1.336605e-10 9.184007e-02
2.000000e-01 4.086467e-09 5.363431e-09 1.835687e-01
3.000000e-01 1.645905e-09 1.715916e-09 2.752532e-01
4.000000e-01 3.977757e-09 -6.747575e-09 3.669596e-01
5.000000e-01 7.269359e-10 -4.639725e-09 4.587530e-01
6.000000e-01 8.964285e-10 -2.683613e-09 5.506964e-01
7.000000e-01 2.785169e-09 1.798324e-10 6.428492e-01
8.000000e-01 4.717864e-09 2.090531e-10 7.352683e-01
9.000000e-01 4.765422e-09 -6.538529e-09 8.280053e-01
1.000000e+00 7.236712e-09 -5.304842e-09 9.211072e-01
1.100000e+00 6.685503e-09 -3.249020e-09 1.014615e+00
1.200000e+00 6.683216e-09 -1.373869e-09 1.108562e+00
1.300000e+00 1.038601e-08 1.144778e-09 1.202976e+00
1.400000e+00 9.394122e-09 -3.701396e-09 1.297877e+00
1.500000e+00 1.077284e-08 -3.069530e-09 1.393274e+00
1.600000e+00 1.210224e-08 -2.123189e-09 1.489172e+00
1.700000e+00 1.660841e-08 -1.903105e-09 1.585562e+00
1.800000e+00 2.042969e-08 2.059787e-10 1.682430e+00
1.900000e+00 2.267870e-08 -8.169090e-10 1.779751e+00
2.000000e+00 2.409597e-08 1.371619e-11 1.877491e+00
2.100000e+00 2.463956e-08 -1.009627e-10 1.975610e+00
2.200000e+00 2.634029e-08 2.726323e-09 2.074057e+00
2.300000e+00 2.384414e-08 3.878618e-09 2.172777e+00
2.400000e+00 2.357464e-08 7.003934e-10 2.271707e+00
2.500000e+00 2.261541e-08 -3.187077e-09 2.370779e+00
2.600000e+00 2.357308e-08 -3.222893e-09 2.469923e+00
2.700000e+00 2.532347e-08 -1.432346e-09 2.569065e+00
2.800000e+00 2.742836e-08 -1.847729e-10 2.668127e+00
2.900000e+00 2.815280e-08 6.567100e-10 2.767034e+00
3.000000e+00 2.766897e-08 -1.631908e-09 2.865709e+00
3.100000e+00 3.132346e-08 -1.226749e-09 2.964079e+00
3.200000e+00 3.207058e-08 -4.918893e-10 3.062069e+00
3.300000e+00 3.375334e-08 5.311686e-10 3.159612e+00
3.400000e+00 3.634596e-08 9.004921e-11 3.256641e+00
3.500000e+00 4.018438e-08 -2.127360e-10 3.353095e+00
3.600000e+00 4.127980e-08 -1.056263e-10 3.448917e+00
3.700000e+00 4.300190e-08 1.569487e-10 3.544054e+00
3.800000e+00 4.597901e-08 -1.519286e-10 3.638461e+00
3.900000e+00 4.776831e-08 2.086873e-10 3.732094e+00
4.000000e+00 4.953271e-08 2.092191e-11 3.824916e+00
4.100000e+00 5.133411e-08 -9.091650e-11 3.916895e+00
4.200000e+00 5.343794e-08 2.975296e-10 4.008003e+00
4.300000e+00 5.477465e-08 -1.164103e-10 4.098215e+00
4.400000e+00 5.639410e-08 4.318777e-11 4.187514e+00
4.500000e+00 5.813571e-08 -2.661983e-10 4.275883e+00
4.600000e+00 5.941695e-08 -1.759211e-10 4.363311e+00
4.700000e+00 6.060029e-08 -2.432854e-11 4.449788e+00
4.800000e+00 6.180279e-08 -9.700039e-11 4.535311e+00
4.900000e+00 6.340607e-08 -4.328793e-11 4.619875e+00
5.000000e+00 6.491537e-08 -6.655413e-11 4.703480e+00
5.100000e+00 6.628740e-08 1.799939e-10 4.786129e+00
