1.924337e-28 -4.948488e-27 -8.468845e-26 -6.554004e-25 -3.146511e-24 -1.034763e-23 -2.427025e-23 -4.082050e-23 -4.725631e-23 -3.102236e-23 4.765815e-24 3.908932e-23 5.169531e-23 4.143547e-23 2.273448e-23 8.639349e-24 2.173987e-24 3.118906e-25 9.567443e-27 -4.212230e-27 -6.461202e-28
3.481138e-27 -2.783044e-26 -4.986352e-25 -3.491297e-24 -1.512206e-23 -4.521191e-23 -9.705584e-23 -1.496585e-22 -1.566616e-22 -8.351072e-23 4.562894e-23 1.544196e-22 1.820125e-22 1.354263e-22 6.795367e-23 2.167176e-23 2.973666e-24 -8.061867e-25 -5.420050e-25 -1.374740e-25 -1.910964e-26
4.165397e-26 -2.166677e-26 -1.764065e-24 -1.278655e-23 -5.322619e-23 -1.505075e-22 -3.040724e-22 -4.393483e-22 -4.247641e-22 -1.889813e-22 1.685691e-22 4.317041e-22 4.605251e-22 3.056831e-22 1.223199e-22 1.422978e-23 -1.640793e-23 -1.259226e-23 -4.847832e-24 -1.184117e-24 -1.888343e-25
3.110118e-25 6.655884e-25 -3.071899e-24 -3.171018e-23 -1.377385e-22 -3.848202e-22 -7.545482e-22 -1.049285e-21 -9.689944e-22 -4.007139e-22 3.724822e-22 8.630490e-22 8.220824e-22 4.308658e-22 5.053013e-23 -1.209618e-22 -1.201515e-22 -6.464494e-23 -2.344917e-23 -6.006876e-24 -1.086106e-24
1.515597e-24 4.792647e-24 3.008545e-24 -4.693679e-23 -2.552197e-22 -7.494516e-22 -1.478804e-21 -2.038778e-21 -1.867847e-21 -8.222892e-22 4.957959e-22 1.198749e-21 9.433071e-22 1.751821e-22 -4.284493e-22 -5.763097e-22 -4.172880e-22 -2.082389e-22 -7.615832e-23 -2.074717e-23 -4.182036e-24
5.110427e-24 1.848539e-23 3.618782e-23 -8.376029e-24 -3.028880e-22 -1.072939e-21 -2.248281e-21 -3.180527e-21 -2.995104e-21 -1.524184e-21 2.463971e-22 1.002968e-21 3.821291e-22 -7.999989e-22 -1.520933e-21 -1.459471e-21 -9.621535e-22 -4.720189e-22 -1.774864e-22 -5.152969e-23 -1.143475e-23
1.240910e-23 4.798900e-23 1.203456e-22 1.575334e-22 -9.969134e-23 -1.003432e-21 -2.532309e-21 -3.874588e-21 -3.887329e-21 -2.345767e-21 -4.990460e-22 7.290554e-23 -9.177272e-22 -2.328035e-21 -2.931069e-21 -2.491730e-21 -1.575895e-21 -7.742740e-22 -3.015844e-22 -9.343039e-23 -2.267675e-23
2.214081e-23 8.983742e-23 2.526192e-22 4.698104e-22 4.537092e-22 -2.744052e-22 -1.847321e-21 -3.489465e-21 -3.941319e-21 -2.848470e-21 -1.415280e-21 -1.172577e-21 -2.279984e-21 -3.512912e-21 -3.746902e-21 -2.949973e-21 -1.805737e-21 -8.905544e-22 -3.611314e-22 -1.203448e-22 -3.213001e-23
2.894584e-23 1.236379e-22 3.755089e-22 8.069239e-22 1.165478e-21 8.953788e-22 -3.513240e-22 -2.038385e-21 -2.986459e-21 -2.669212e-21 -1.933286e-21 -1.953672e-21 -2.768428e-21 -3.387349e-21 -3.113669e-21 -2.187232e-21 -1.233410e-21 -5.927279e-22 -2.534885e-22 -9.529958e-23 -2.950444e-23
2.647177e-23 1.222970e-22 4.003182e-22 9.412405e-22 1.572034e-21 1.754211e-21 9.942969e-22 -4.583554e-22 -1.644623e-21 -1.948813e-21 -1.796754e-21 -1.897300e-21 -2.170009e-21 -1.990727e-21 -1.219486e-21 -3.823567e-22 5.196825e-23 1.055272e-22 3.601913e-23 -4.849983e-24 -8.765544e-24
1.372536e-23 7.695448e-23 2.832138e-22 7.235733e-22 1.299166e-21 1.589739e-21 1.151986e-21 1.077023e-22 -8.312047e-22 -1.185161e-21 -1.231238e-21 -1.349815e-21 -1.271517e-21 -5.365224e-22 6.077588e-22 1.373309e-21 1.359162e-21 8.650397e-22 3.797837e-22 1.151382e-22 2.293952e-23
-2.533568e-24 1.014665e-23 7.816812e-23 2.447761e-22 4.434976e-22 4.325235e-22 2.298091e-23 -5.532803e-22 -7.841155e-22 -5.848306e-22 -4.956461e-22 -8.152443e-22 -9.623083e-22 -2.439967e-22 1.060378e-21 1.961982e-21 1.919553e-21 1.260853e-21 5.903366e-22 1.996518e-22 4.827632e-23
-1.329292e-23 -4.146450e-23 -1.013506e-22 -2.211827e-22 -4.703309e-22 -9.140367e-22 -1.410161e-21 -1.498046e-21 -8.271053e-22 1.645381e-22 4.448165e-22 -3.562568e-22 -1.281349e-21 -1.137162e-21 5.742974e-23 1.220392e-21 1.537993e-21 1.133952e-21 5.739815e-22 2.079122e-22 5.414062e-23
-1.488154e-23 -5.754667e-23 -1.764725e-22 -4.473360e-22 -9.435878e-22 -1.603438e-21 -2.043220e-21 -1.652938e-21 -2.474160e-22 1.305312e-21 1.600745e-21 2.251175e-22 -1.578348e-21 -2.197850e-21 -1.339876e-21 -4.161870e-23 6.804759e-22 6.863021e-22 3.948207e-22 1.537322e-22 4.207794e-23
-1.043366e-23 -4.530435e-23 -1.533390e-22 -4.133002e-22 -8.818767e-22 -1.436516e-21 -1.626728e-21 -8.757537e-22 8.324578e-22 2.460148e-21 2.580359e-21 8.603465e-22 -1.397358e-21 -2.520693e-21 -2.065409e-21 -9.016542e-22 -3.240768e-23 2.483199e-22 1.923008e-22 8.337077e-23 2.394574e-23
-5.145261e-24 -2.474954e-23 -9.060620e-23 -2.553022e-22 -5.451558e-22 -8.335262e-22 -7.476425e-22 1.213374e-22 1.665112e-21 2.952860e-21 2.856033e-21 1.205562e-21 -8.816651e-22 -2.042222e-21 -1.884804e-21 -1.048430e-21 -3.212171e-22 5.798131e-24 6.006027e-23 3.265501e-23 1.003444e-23
-1.816173e-24 -9.730626e-24 -3.833194e-23 -1.113237e-22 -2.304497e-22 -2.983353e-22 -7.563910e-23 6.589322e-22 1.754868e-21 2.549684e-21 2.334515e-21 1.085271e-21 -4.094689e-22 -1.263242e-21 -1.240044e-21 -7.496793e-22 -2.901232e-22 -5.771267e-23 6.308053e-24 8.644013e-24 3.037212e-24
-4.479989e-25 -2.711322e-24 -1.143102e-23 -3.316448e-23 -6.003751e-23 -3.279359e-23 1.719928e-22 6.457035e-22 1.264581e-21 1.648120e-21 1.440585e-21 6.866070e-22 -1.560186e-22 -6.260944e-22 -6.277540e-22 -3.880801e-22 -1.606566e-22 -4.185615e-23 -4.413220e-24 1.233079e-24 6.370918e-25
-7.202425e-26 -5.019607e-25 -2.212282e-24 -5.705093e-24 -4.010966e-24 3.158192e-23 1.528755e-22 3.883044e-22 6.654710e-22 8.078467e-22 6.732047e-22 3.104375e-22 -6.355076e-23 -2.580660e-22 -2.523107e-22 -1.529126e-22 -6.323042e-23 -1.747503e-23 -2.770124e-24 -4.290986e-26 8.655853e-26
-6.268762e-27 -5.073078e-26 -1.991851e-25 -2.367239e-26 3.882750e-24 2.244485e-23 7.336295e-23 1.632144e-22 2.605759e-22 2.998512e-22 2.361517e-22 9.823631e-23 -3.115270e-23 -9.029842e-23 -8.174820e-23 -4.672824e-23 -1.839876e-23 -4.941648e-24 -8.268644e-25 -5.735341e-26 7.046802e-27
-6.820580e-29 3.993063e-29 1.923906e-26 2.689004e-25 1.848269e-24 7.944538e-24 2.342066e-23 4.942638e-23 7.579599e-23 8.332322e-23 6.098256e-23 2.024446e-23 -1.399108e-23 -2.649215e-23 -2.130058e-23 -1.108830e-23 -3.984304e-24 -9.753729e-25 -1.503344e-25 -1.107747e-26 3.882974e-28
