Iteration# z ADDATime OurCalcTime
1.0000000000 -0.0500000000 0.0000000000 41.7100000000
2.0000000000 0.0000000000 0.0000000000 41.4600000000
3.0000000000 0.0500000000 0.0000000000 41.5800000000
4.0000000000 0.1000000000 0.0000000000 41.7300000000
5.0000000000 0.1500000000 0.0000000000 41.8700000000
6.0000000000 0.2000000000 0.0000000000 41.7300000000
7.0000000000 0.2500000000 0.0000000000 41.4500000000
8.0000000000 0.3000000000 0.0000000000 41.1700000000
9.0000000000 0.2750000000 0.0100000000 41.2700000000
10.0000000000 0.2625000000 0.0000000000 41.2800000000
11.0000000000 0.2562500000 0.0000000000 41.1900000000
12.0000000000 0.2531250000 0.0100000000 41.2500000000
13.0000000000 0.2562500000 0.0000000000 42.0300000000
14.0000000000 0.2546875000 0.0000000000 42.0600000000
1.0000000000 0.2562500000 0.0000000000 41.4800000000
2.0000000000 0.2578125000 0.0100000000 41.4000000000
3.0000000000 0.2593750000 0.0000000000 41.7700000000
4.0000000000 0.2609375000 0.0100000000 41.8400000000
5.0000000000 0.2625000000 0.0000000000 41.1900000000
6.0000000000 0.2640625000 0.0100000000 41.0700000000
7.0000000000 0.2656250000 0.0100000000 41.4600000000
8.0000000000 0.2671875000 0.0100000000 41.4800000000
9.0000000000 0.2664062500 0.0000000000 41.2600000000
10.0000000000 0.2660156250 0.0000000000 41.2100000000
11.0000000000 0.2664062500 0.0000000000 40.7700000000
12.0000000000 0.2662109375 0.0000000000 41.1200000000
1.0000000000 0.2664062500 0.0000000000 41.5100000000
2.0000000000 0.2666015625 0.0100000000 41.0000000000
3.0000000000 0.2667968750 0.0000000000 41.4500000000
4.0000000000 0.2669921875 0.0000000000 41.0300000000
5.0000000000 0.2671875000 0.0000000000 41.1100000000
6.0000000000 0.2673828125 0.0000000000 41.0800000000
7.0000000000 0.2675781250 0.0000000000 40.7400000000
8.0000000000 0.2677734375 0.0000000000 41.1000000000
9.0000000000 0.2679687500 0.0100000000 41.5800000000
10.0000000000 0.2681640625 0.0000000000 40.9300000000
11.0000000000 0.2683593750 0.0000000000 40.7400000000
12.0000000000 0.2685546875 0.0000000000 41.1600000000
13.0000000000 0.2687500000 0.0000000000 41.4300000000
14.0000000000 0.2689453125 0.0000000000 41.4400000000
15.0000000000 0.2691406250 0.0100000000 41.2300000000
16.0000000000 0.2693359375 0.0000000000 41.2600000000
17.0000000000 0.2695312500 0.0000000000 41.3400000000
18.0000000000 0.2697265625 0.0000000000 41.3200000000
19.0000000000 0.2699218750 0.0000000000 41.0000000000
20.0000000000 0.2701171875 0.0000000000 40.9700000000
21.0000000000 0.2703125000 0.0000000000 41.1700000000
22.0000000000 0.2705078125 0.0000000000 41.3800000000
23.0000000000 0.2707031250 0.0000000000 42.1800000000
24.0000000000 0.2708984375 0.0000000000 41.1100000000
25.0000000000 0.2710937500 0.0000000000 40.9800000000
26.0000000000 0.2712890625 0.0000000000 40.8600000000
27.0000000000 0.2714843750 0.0000000000 41.0500000000
28.0000000000 0.2716796875 0.0000000000 40.5600000000
29.0000000000 0.2718750000 0.0000000000 41.2300000000
30.0000000000 0.2720703125 0.0000000000 41.1300000000
31.0000000000 0.2722656250 0.0000000000 42.0900000000
32.0000000000 0.2724609375 0.0000000000 41.5400000000
33.0000000000 0.2726562500 0.0000000000 41.0400000000
34.0000000000 0.2728515625 0.0100000000 41.1800000000
35.0000000000 0.2730468750 0.0100000000 41.2300000000
36.0000000000 0.2732421875 0.0000000000 41.3000000000
37.0000000000 0.2734375000 0.0000000000 41.6800000000
38.0000000000 0.2736328125 0.0000000000 41.2600000000
39.0000000000 0.2738281250 0.0000000000 41.2600000000
40.0000000000 0.2740234375 0.0000000000 42.1600000000
41.0000000000 0.2742187500 0.0100000000 41.0100000000
42.0000000000 0.2744140625 0.0000000000 42.3400000000
43.0000000000 0.2746093750 0.0000000000 40.8400000000
44.0000000000 0.2748046875 0.0100000000 40.9200000000
45.0000000000 0.2750000000 0.0000000000 40.9700000000
46.0000000000 0.2751953125 0.0000000000 41.0300000000
47.0000000000 0.2753906250 0.0000000000 41.0400000000
48.0000000000 0.2755859375 0.0000000000 41.2400000000
49.0000000000 0.2757812500 0.0000000000 41.5200000000
50.0000000000 0.2759765625 0.0000000000 41.1100000000
51.0000000000 0.2761718750 0.0000000000 41.1400000000
52.0000000000 0.2763671875 0.0100000000 40.6700000000
53.0000000000 0.2762695312 0.0100000000 40.6300000000
1.0000000000 0.2763671875 0.0100000000 40.6500000000
2.0000000000 0.2764648437 0.0000000000 40.6900000000
3.0000000000 0.2765625000 0.0000000000 41.5500000000
4.0000000000 0.2766601562 0.0000000000 41.2400000000
5.0000000000 0.2767578125 0.0100000000 40.3500000000
6.0000000000 0.2768554687 0.0000000000 40.8800000000
7.0000000000 0.2769531250 0.0000000000 41.0200000000
8.0000000000 0.2770507812 0.0000000000 41.1700000000
9.0000000000 0.2771484375 0.0100000000 41.0800000000
10.0000000000 0.2772460937 0.0000000000 40.9800000000
11.0000000000 0.2773437500 0.0000000000 40.9000000000
12.0000000000 0.2774414062 0.0000000000 41.3300000000
13.0000000000 0.2775390625 0.0100000000 41.3600000000
14.0000000000 0.2776367187 0.0000000000 40.9700000000
15.0000000000 0.2777343750 0.0000000000 40.8500000000
16.0000000000 0.2778320312 0.0000000000 40.6900000000
17.0000000000 0.2779296875 0.0000000000 40.8700000000
18.0000000000 0.2780273437 0.0100000000 41.0700000000
19.0000000000 0.2781250000 0.0000000000 40.4800000000
20.0000000000 0.2782226563 0.0000000000 41.3700000000
21.0000000000 0.2783203125 0.0100000000 40.9900000000
22.0000000000 0.2784179688 0.0100000000 41.0800000000
23.0000000000 0.2785156250 0.0100000000 41.0700000000
24.0000000000 0.2786132813 0.0000000000 41.0300000000
25.0000000000 0.2787109375 0.0000000000 41.2000000000
26.0000000000 0.2788085938 0.0100000000 41.4400000000
27.0000000000 0.2789062500 0.0000000000 41.4900000000
28.0000000000 0.2790039063 0.0000000000 41.1500000000
29.0000000000 0.2791015625 0.0000000000 41.7500000000
30.0000000000 0.2791992188 0.0000000000 40.9100000000
31.0000000000 0.2792968750 0.0000000000 40.8300000000
32.0000000000 0.2793945313 0.0100000000 41.0600000000
33.0000000000 0.2794921875 0.0000000000 41.1500000000
34.0000000000 0.2795898438 0.0000000000 40.8100000000
35.0000000000 0.2796875000 0.0000000000 41.3800000000
36.0000000000 0.2797851563 0.0000000000 41.6500000000
37.0000000000 0.2798828125 0.0000000000 41.1600000000
38.0000000000 0.2799804688 0.0000000000 41.6700000000
39.0000000000 0.2800781250 0.0000000000 41.5400000000
40.0000000000 0.2801757813 0.0000000000 41.6800000000
41.0000000000 0.2802734375 0.0100000000 41.3400000000
42.0000000000 0.2803710938 0.0000000000 41.0100000000
43.0000000000 0.2804687500 0.0000000000 40.8900000000
44.0000000000 0.2805664063 0.0000000000 40.7600000000
45.0000000000 0.2806640625 0.0000000000 40.8100000000
46.0000000000 0.2807617188 0.0000000000 41.9700000000
47.0000000000 0.2808593750 0.0000000000 40.9400000000
48.0000000000 0.2809570313 0.0000000000 41.1600000000
49.0000000000 0.2810546875 0.0000000000 40.6600000000
50.0000000000 0.2811523438 0.0000000000 40.8800000000
51.0000000000 0.2812500000 0.0100000000 40.8500000000
52.0000000000 0.2813476563 0.0000000000 41.3800000000
53.0000000000 0.2814453125 0.0000000000 41.3700000000
54.0000000000 0.2815429688 0.0000000000 41.4800000000
55.0000000000 0.2816406250 0.0000000000 41.1600000000
56.0000000000 0.2817382813 0.0000000000 41.5400000000
57.0000000000 0.2818359375 0.0000000000 41.3400000000
58.0000000000 0.2819335938 0.0100000000 41.6800000000
59.0000000000 0.2820312500 0.0100000000 41.5200000000
60.0000000000 0.2821289063 0.0000000000 41.9200000000
61.0000000000 0.2822265625 0.0000000000 41.1000000000
62.0000000000 0.2823242188 0.0000000000 41.5100000000
63.0000000000 0.2824218750 0.0000000000 40.8200000000
64.0000000000 0.2825195313 0.0000000000 41.1500000000
65.0000000000 0.2826171875 0.0100000000 41.7300000000
66.0000000000 0.2827148438 0.0100000000 41.2700000000
67.0000000000 0.2828125000 0.0100000000 40.6200000000
68.0000000000 0.2829101563 0.0100000000 41.2500000000
69.0000000000 0.2830078125 0.0000000000 41.2200000000
70.0000000000 0.2831054688 0.0000000000 41.0300000000
71.0000000000 0.2832031250 0.0000000000 41.1100000000
72.0000000000 0.2833007813 0.0000000000 41.5300000000
73.0000000000 0.2833984375 0.0000000000 41.1300000000
74.0000000000 0.2834960938 0.0000000000 41.3400000000
75.0000000000 0.2835937500 0.0200000000 41.3600000000
76.0000000000 0.2836914063 0.0100000000 41.6400000000
77.0000000000 0.2837890625 0.0000000000 41.0800000000
78.0000000000 0.2838867188 0.0000000000 41.4300000000
79.0000000000 0.2839843750 0.0000000000 41.3300000000
80.0000000000 0.2840820313 0.0000000000 40.6700000000
81.0000000000 0.2841796875 0.0000000000 40.9800000000
82.0000000000 0.2842773438 0.0000000000 41.7700000000
83.0000000000 0.2843750000 0.0000000000 41.2300000000
84.0000000000 0.2844726563 0.0000000000 41.3000000000
85.0000000000 0.2845703125 0.0100000000 40.9400000000
86.0000000000 0.2846679688 0.0000000000 41.3900000000
87.0000000000 0.2847656250 0.0000000000 41.5500000000
88.0000000000 0.2848632813 0.0100000000 41.2900000000
89.0000000000 0.2849609375 0.0000000000 41.3300000000
90.0000000000 0.2850585938 0.0000000000 41.2100000000
91.0000000000 0.2851562500 0.0000000000 41.2300000000
92.0000000000 0.2852539063 0.0000000000 41.4100000000
93.0000000000 0.2853515625 0.0100000000 41.4600000000
1.0000000000 0.2854492188 0.0000000000 41.2000000000
2.0000000000 0.2855468750 0.0100000000 41.2800000000
3.0000000000 0.2856445313 0.0000000000 41.0700000000
4.0000000000 0.2857421875 0.0000000000 41.5300000000
5.0000000000 0.2858398438 0.0000000000 41.7100000000
6.0000000000 0.2859375000 0.0000000000 41.6700000000
7.0000000000 0.2860351563 0.0000000000 41.6500000000
8.0000000000 0.2861328125 0.0000000000 41.7500000000
9.0000000000 0.2862304688 0.0000000000 41.9500000000
10.0000000000 0.2863281250 0.0100000000 41.1700000000
11.0000000000 0.2864257813 0.0000000000 41.5600000000
12.0000000000 0.2865234375 0.0000000000 41.4400000000
13.0000000000 0.2866210938 0.0000000000 41.4400000000
14.0000000000 0.2867187500 0.0000000000 41.4900000000
15.0000000000 0.2868164063 0.0100000000 41.2300000000
16.0000000000 0.2869140625 0.0100000000 41.3500000000
17.0000000000 0.2870117188 0.0000000000 41.4200000000
18.0000000000 0.2871093750 0.0100000000 41.5800000000
19.0000000000 0.2872070313 0.0100000000 41.4500000000
20.0000000000 0.2873046875 0.0100000000 41.2000000000
21.0000000000 0.2874023438 0.0100000000 41.1900000000
22.0000000000 0.2875000000 0.0000000000 41.6200000000
23.0000000000 0.2875976563 0.0000000000 41.2300000000
24.0000000000 0.2876953125 0.0100000000 41.3000000000
25.0000000000 0.2877929688 0.0100000000 40.7600000000
26.0000000000 0.2878906250 0.0000000000 41.5500000000
27.0000000000 0.2879882813 0.0000000000 41.3900000000
28.0000000000 0.2880859375 0.0100000000 40.9000000000
29.0000000000 0.2881835938 0.0000000000 40.9900000000
30.0000000000 0.2882812500 0.0000000000 41.2800000000
31.0000000000 0.2883789063 0.0000000000 41.5900000000
32.0000000000 0.2884765625 0.0000000000 41.5300000000
33.0000000000 0.2885742188 0.0100000000 41.3500000000
34.0000000000 0.2886718750 0.0000000000 41.4000000000
35.0000000000 0.2887695313 0.0000000000 41.0000000000
36.0000000000 0.2888671875 0.0000000000 41.1700000000
37.0000000000 0.2889648438 0.0000000000 41.3100000000
38.0000000000 0.2890625000 0.0100000000 41.4900000000
39.0000000000 0.2891601563 0.0100000000 41.2300000000
40.0000000000 0.2892578125 0.0000000000 41.1800000000
41.0000000000 0.2893554688 0.0000000000 40.9700000000
42.0000000000 0.2894531250 0.0000000000 41.1200000000
43.0000000000 0.2895507813 0.0000000000 41.3500000000
44.0000000000 0.2896484375 0.0000000000 41.4200000000
45.0000000000 0.2897460938 0.0000000000 41.6200000000
46.0000000000 0.2898437500 0.0000000000 40.8300000000
47.0000000000 0.2899414063 0.0000000000 41.1200000000
48.0000000000 0.2900390625 0.0000000000 41.5100000000
49.0000000000 0.2901367188 0.0000000000 41.4000000000
50.0000000000 0.2902343750 0.0000000000 41.0800000000
51.0000000000 0.2903320313 0.0100000000 41.5600000000
52.0000000000 0.2904296875 0.0000000000 41.7400000000
53.0000000000 0.2905273438 0.0000000000 41.4200000000
54.0000000000 0.2906250000 0.0000000000 41.0100000000
55.0000000000 0.2907226563 0.0100000000 41.1500000000
56.0000000000 0.2908203125 0.0000000000 41.5300000000
57.0000000000 0.2909179688 0.0000000000 40.9700000000
58.0000000000 0.2910156250 0.0000000000 41.0100000000
59.0000000000 0.2911132813 0.0000000000 41.2400000000
60.0000000000 0.2912109375 0.0000000000 40.9500000000
61.0000000000 0.2913085938 0.0000000000 40.9800000000
62.0000000000 0.2914062500 0.0100000000 41.0500000000
63.0000000000 0.2915039063 0.0000000000 41.2400000000
64.0000000000 0.2916015625 0.0100000000 41.1400000000
65.0000000000 0.2916992188 0.0000000000 40.9400000000
66.0000000000 0.2917968750 0.0000000000 40.7600000000
67.0000000000 0.2918945313 0.0100000000 41.1000000000
68.0000000000 0.2919921875 0.0000000000 41.0600000000
69.0000000000 0.2920898438 0.0000000000 41.0600000000
70.0000000000 0.2921875000 0.0000000000 41.5400000000
71.0000000000 0.2922851563 0.0000000000 41.2600000000
72.0000000000 0.2923828125 0.0000000000 41.2500000000
73.0000000000 0.2924804688 0.0000000000 41.3400000000
74.0000000000 0.2925781250 0.0000000000 41.1600000000
75.0000000000 0.2926757813 0.0100000000 41.4700000000
76.0000000000 0.2927734375 0.0000000000 41.4400000000
77.0000000000 0.2928710938 0.0000000000 41.5400000000
78.0000000000 0.2929687500 0.0100000000 41.6200000000
79.0000000000 0.2930664063 0.0100000000 41.4700000000
80.0000000000 0.2931640625 0.0000000000 41.2100000000
81.0000000000 0.2932617188 0.0100000000 41.3000000000
82.0000000000 0.2933593750 0.0000000000 41.2000000000
83.0000000000 0.2934570313 0.0000000000 41.3500000000
84.0000000000 0.2935546875 0.0000000000 41.6000000000
85.0000000000 0.2936523438 0.0000000000 41.2800000000
86.0000000000 0.2937500000 0.0100000000 41.5600000000
87.0000000000 0.2938476563 0.0000000000 41.6000000000
