-2.500000e+00 -2.500000e+00 0.000000e+00 4.669606e-18 4.320221e-18 0.000000e+00
-2.500000e+00 -2.250000e+00 0.000000e+00 1.854486e-17 1.501032e-17 0.000000e+00
-2.500000e+00 -2.000000e+00 0.000000e+00 5.728724e-17 3.983357e-17 0.000000e+00
-2.500000e+00 -1.750000e+00 0.000000e+00 1.415739e-16 8.279168e-17 0.000000e+00
-2.500000e+00 -1.500000e+00 0.000000e+00 2.882559e-16 1.382839e-16 0.000000e+00
-2.500000e+00 -1.250000e+00 0.000000e+00 4.978279e-16 1.900680e-16 0.000000e+00
-2.500000e+00 -1.000000e+00 0.000000e+00 7.491928e-16 2.188286e-16 0.000000e+00
-2.500000e+00 -7.500000e-01 0.000000e+00 1.006067e-15 2.123630e-16 0.000000e+00
-2.500000e+00 -5.000000e-01 0.000000e+00 1.229027e-15 1.700826e-16 0.000000e+00
-2.500000e+00 -2.500000e-01 0.000000e+00 1.384615e-15 1.000892e-16 0.000000e+00
-2.500000e+00 0.000000e+00 0.000000e+00 1.449937e-15 1.449283e-17 0.000000e+00
-2.500000e+00 2.500000e-01 0.000000e+00 1.415770e-15 -7.326079e-17 0.000000e+00
-2.500000e+00 5.000000e-01 0.000000e+00 1.287236e-15 -1.496957e-16 0.000000e+00
-2.500000e+00 7.500000e-01 0.000000e+00 1.082891e-15 -2.021180e-16 0.000000e+00
-2.500000e+00 1.000000e+00 0.000000e+00 8.330062e-16 -2.207445e-16 0.000000e+00
-2.500000e+00 1.250000e+00 0.000000e+00 5.756110e-16 -2.028409e-16 0.000000e+00
-2.500000e+00 1.500000e+00 0.000000e+00 3.490139e-16 -1.566338e-16 0.000000e+00
-2.500000e+00 1.750000e+00 0.000000e+00 1.806341e-16 -9.994036e-17 0.000000e+00
-2.500000e+00 2.000000e+00 0.000000e+00 7.743236e-17 -5.142601e-17 0.000000e+00
-2.500000e+00 2.250000e+00 0.000000e+00 2.666160e-17 -2.077696e-17 0.000000e+00
-2.500000e+00 2.500000e+00 0.000000e+00 7.161930e-18 -6.422932e-18 0.000000e+00
-2.250000e+00 -2.500000e+00 0.000000e+00 1.876207e-17 1.939806e-17 0.000000e+00
-2.250000e+00 -2.250000e+00 0.000000e+00 6.645759e-17 6.005385e-17 0.000000e+00
-2.250000e+00 -2.000000e+00 0.000000e+00 1.838105e-16 1.424720e-16 0.000000e+00
-2.250000e+00 -1.750000e+00 0.000000e+00 4.101716e-16 2.668409e-16 0.000000e+00
-2.250000e+00 -1.500000e+00 0.000000e+00 7.640981e-16 4.069555e-16 0.000000e+00
-2.250000e+00 -1.250000e+00 0.000000e+00 1.228314e-15 5.201508e-16 0.000000e+00
-2.250000e+00 -1.000000e+00 0.000000e+00 1.753543e-15 5.686202e-16 0.000000e+00
-2.250000e+00 -7.500000e-01 0.000000e+00 2.274458e-15 5.346616e-16 0.000000e+00
-2.250000e+00 -5.000000e-01 0.000000e+00 2.724604e-15 4.220675e-16 0.000000e+00
-2.250000e+00 -2.500000e-01 0.000000e+00 3.041872e-15 2.474259e-16 0.000000e+00
-2.250000e+00 0.000000e+00 0.000000e+00 3.176175e-15 3.602833e-17 0.000000e+00
-2.250000e+00 2.500000e-01 0.000000e+00 3.105167e-15 -1.805236e-16 0.000000e+00
-2.250000e+00 5.000000e-01 0.000000e+00 2.841512e-15 -3.700234e-16 0.000000e+00
-2.250000e+00 7.500000e-01 0.000000e+00 2.427725e-15 -5.046962e-16 0.000000e+00
-2.250000e+00 1.000000e+00 0.000000e+00 1.923577e-15 -5.652559e-16 0.000000e+00
-2.250000e+00 1.250000e+00 0.000000e+00 1.393986e-15 -5.437109e-16 0.000000e+00
-2.250000e+00 1.500000e+00 0.000000e+00 9.039173e-16 -4.494169e-16 0.000000e+00
-2.250000e+00 1.750000e+00 0.000000e+00 5.096877e-16 -3.132692e-16 0.000000e+00
-2.250000e+00 2.000000e+00 0.000000e+00 2.416321e-16 -1.788221e-16 0.000000e+00
-2.250000e+00 2.250000e+00 0.000000e+00 9.294591e-17 -8.091872e-17 0.000000e+00
-2.250000e+00 2.500000e+00 0.000000e+00 2.802585e-17 -2.813506e-17 0.000000e+00
-2.000000e+00 -2.500000e+00 0.000000e+00 5.767782e-17 6.750726e-17 0.000000e+00
-2.000000e+00 -2.250000e+00 0.000000e+00 1.828718e-16 1.868600e-16 0.000000e+00
-2.000000e+00 -2.000000e+00 0.000000e+00 4.560338e-16 3.990447e-16 0.000000e+00
-2.000000e+00 -1.750000e+00 0.000000e+00 9.292526e-16 6.812363e-16 0.000000e+00
-2.000000e+00 -1.500000e+00 0.000000e+00 1.609346e-15 9.651194e-16 0.000000e+00
-2.000000e+00 -1.250000e+00 0.000000e+00 2.458511e-15 1.174842e-15 0.000000e+00
-2.000000e+00 -1.000000e+00 0.000000e+00 3.414272e-15 1.257574e-15 0.000000e+00
-2.000000e+00 -7.500000e-01 0.000000e+00 4.393601e-15 1.185222e-15 0.000000e+00
-2.000000e+00 -5.000000e-01 0.000000e+00 5.284516e-15 9.505196e-16 0.000000e+00
-2.000000e+00 -2.500000e-01 0.000000e+00 5.943393e-15 5.671450e-16 0.000000e+00
-2.000000e+00 0.000000e+00 0.000000e+00 6.231106e-15 8.371376e-17 0.000000e+00
-2.000000e+00 2.500000e-01 0.000000e+00 6.075944e-15 -4.151949e-16 0.000000e+00
-2.000000e+00 5.000000e-01 0.000000e+00 5.516989e-15 -8.380631e-16 0.000000e+00
-2.000000e+00 7.500000e-01 0.000000e+00 4.682314e-15 -1.122241e-15 0.000000e+00
-2.000000e+00 1.000000e+00 0.000000e+00 3.720443e-15 -1.245471e-15 0.000000e+00
-2.000000e+00 1.250000e+00 0.000000e+00 2.751652e-15 -1.212514e-15 0.000000e+00
-2.000000e+00 1.500000e+00 0.000000e+00 1.863635e-15 -1.043674e-15 0.000000e+00
-2.000000e+00 1.750000e+00 0.000000e+00 1.124215e-15 -7.788838e-16 0.000000e+00
-2.000000e+00 2.000000e+00 0.000000e+00 5.820685e-16 -4.866584e-16 0.000000e+00
-2.000000e+00 2.250000e+00 0.000000e+00 2.482113e-16 -2.447075e-16 0.000000e+00
-2.000000e+00 2.500000e+00 0.000000e+00 8.367398e-17 -9.533028e-17 0.000000e+00
-1.750000e+00 -2.500000e+00 0.000000e+00 1.389779e-16 1.870834e-16 0.000000e+00
-1.750000e+00 -2.250000e+00 0.000000e+00 3.977902e-16 4.669100e-16 0.000000e+00
-1.750000e+00 -2.000000e+00 0.000000e+00 9.062091e-16 9.094081e-16 0.000000e+00
-1.750000e+00 -1.750000e+00 0.000000e+00 1.718423e-15 1.443120e-15 0.000000e+00
-1.750000e+00 -1.500000e+00 0.000000e+00 2.836862e-15 1.951402e-15 0.000000e+00
-1.750000e+00 -1.250000e+00 0.000000e+00 4.245668e-15 2.344267e-15 0.000000e+00
-1.750000e+00 -1.000000e+00 0.000000e+00 5.930896e-15 2.559559e-15 0.000000e+00
-1.750000e+00 -7.500000e-01 0.000000e+00 7.822328e-15 2.515787e-15 0.000000e+00
-1.750000e+00 -5.000000e-01 0.000000e+00 9.703669e-15 2.114593e-15 0.000000e+00
-1.750000e+00 -2.500000e-01 0.000000e+00 1.119001e-14 1.309826e-15 0.000000e+00
-1.750000e+00 0.000000e+00 0.000000e+00 1.186845e-14 1.978010e-16 0.000000e+00
-1.750000e+00 2.500000e-01 0.000000e+00 1.150388e-14 -9.675504e-16 0.000000e+00
-1.750000e+00 5.000000e-01 0.000000e+00 1.021582e-14 -1.891955e-15 0.000000e+00
-1.750000e+00 7.500000e-01 0.000000e+00 8.408031e-15 -2.419993e-15 0.000000e+00
-1.750000e+00 1.000000e+00 0.000000e+00 6.490310e-15 -2.564225e-15 0.000000e+00
-1.750000e+00 1.250000e+00 0.000000e+00 4.727903e-15 -2.422212e-15 0.000000e+00
-1.750000e+00 1.500000e+00 0.000000e+00 3.234819e-15 -2.086318e-15 0.000000e+00
-1.750000e+00 1.750000e+00 0.000000e+00 2.031128e-15 -1.615032e-15 0.000000e+00
-1.750000e+00 2.000000e+00 0.000000e+00 1.125131e-15 -1.079894e-15 0.000000e+00
-1.750000e+00 2.250000e+00 0.000000e+00 5.241576e-16 -5.944077e-16 0.000000e+00
-1.750000e+00 2.500000e+00 0.000000e+00 1.955988e-16 -2.570133e-16 0.000000e+00
-1.500000e+00 -2.500000e+00 0.000000e+00 2.688715e-16 4.246690e-16 0.000000e+00
-1.500000e+00 -2.250000e+00 0.000000e+00 7.035568e-16 9.679064e-16 0.000000e+00
-1.500000e+00 -2.000000e+00 0.000000e+00 1.489946e-15 1.750781e-15 0.000000e+00
-1.500000e+00 -1.750000e+00 0.000000e+00 2.693133e-15 2.649842e-15 0.000000e+00
-1.500000e+00 -1.500000e+00 0.000000e+00 4.374608e-15 3.542079e-15 0.000000e+00
-1.500000e+00 -1.250000e+00 0.000000e+00 6.657565e-15 4.375080e-15 0.000000e+00
-1.500000e+00 -1.000000e+00 0.000000e+00 9.705433e-15 5.075876e-15 0.000000e+00
-1.500000e+00 -7.500000e-01 0.000000e+00 1.356370e-14 5.387103e-15 0.000000e+00
-1.500000e+00 -5.000000e-01 0.000000e+00 1.776190e-14 4.839446e-15 0.000000e+00
-1.500000e+00 -2.500000e-01 0.000000e+00 2.124434e-14 3.127898e-15 0.000000e+00
-1.500000e+00 0.000000e+00 0.000000e+00 2.287516e-14 4.819517e-16 0.000000e+00
-1.500000e+00 2.500000e-01 0.000000e+00 2.201698e-14 -2.333017e-15 0.000000e+00
-1.500000e+00 5.000000e-01 0.000000e+00 1.898706e-14 -4.410633e-15 0.000000e+00
-1.500000e+00 7.500000e-01 0.000000e+00 1.487175e-14 -5.317988e-15 0.000000e+00
-1.500000e+00 1.000000e+00 0.000000e+00 1.080439e-14 -5.223909e-15 0.000000e+00
-1.500000e+00 1.250000e+00 0.000000e+00 7.473753e-15 -4.600880e-15 0.000000e+00
-1.500000e+00 1.500000e+00 0.000000e+00 4.976638e-15 -3.799547e-15 0.000000e+00
-1.500000e+00 1.750000e+00 0.000000e+00 3.143149e-15 -2.932428e-15 0.000000e+00
-1.500000e+00 2.000000e+00 0.000000e+00 1.812180e-15 -2.035772e-15 0.000000e+00
-1.500000e+00 2.250000e+00 0.000000e+00 9.033028e-16 -1.201166e-15 0.000000e+00
-1.500000e+00 2.500000e+00 0.000000e+00 3.674419e-16 -5.681141e-16 0.000000e+00
-1.250000e+00 -2.500000e+00 0.000000e+00 4.267909e-16 8.115973e-16 0.000000e+00
-1.250000e+00 -2.250000e+00 0.000000e+00 1.037335e-15 1.716864e-15 0.000000e+00
-1.250000e+00 -2.000000e+00 0.000000e+00 2.082688e-15 2.944277e-15 0.000000e+00
-1.250000e+00 -1.750000e+00 0.000000e+00 3.680286e-15 4.372090e-15 0.000000e+00
-1.250000e+00 -1.500000e+00 0.000000e+00 6.075127e-15 5.989643e-15 0.000000e+00
-1.250000e+00 -1.250000e+00 0.000000e+00 9.753622e-15 7.907586e-15 0.000000e+00
-1.250000e+00 -1.000000e+00 0.000000e+00 1.536974e-14 1.004802e-14 0.000000e+00
-1.250000e+00 -7.500000e-01 0.000000e+00 2.310137e-14 1.157902e-14 0.000000e+00
-1.250000e+00 -5.000000e-01 0.000000e+00 3.219720e-14 1.114618e-14 0.000000e+00
-1.250000e+00 -2.500000e-01 0.000000e+00 4.053539e-14 7.595036e-15 0.000000e+00
-1.250000e+00 0.000000e+00 0.000000e+00 4.470294e-14 1.192177e-15 0.000000e+00
-1.250000e+00 2.500000e-01 0.000000e+00 4.250916e-14 -5.728934e-15 0.000000e+00
-1.250000e+00 5.000000e-01 0.000000e+00 3.512717e-14 -1.037821e-14 0.000000e+00
-1.250000e+00 7.500000e-01 0.000000e+00 2.590965e-14 -1.173492e-14 0.000000e+00
-1.250000e+00 1.000000e+00 0.000000e+00 1.755682e-14 -1.067678e-14 0.000000e+00
-1.250000e+00 1.250000e+00 0.000000e+00 1.122960e-14 -8.584683e-15 0.000000e+00
-1.250000e+00 1.500000e+00 0.000000e+00 7.020276e-15 -6.547097e-15 0.000000e+00
-1.250000e+00 1.750000e+00 0.000000e+00 4.307778e-15 -4.850625e-15 0.000000e+00
-1.250000e+00 2.000000e+00 0.000000e+00 2.505495e-15 -3.382693e-15 0.000000e+00
-1.250000e+00 2.250000e+00 0.000000e+00 1.303721e-15 -2.087422e-15 0.000000e+00
-1.250000e+00 2.500000e+00 0.000000e+00 5.672199e-16 -1.060178e-15 0.000000e+00
-1.000000e+00 -2.500000e+00 0.000000e+00 5.640220e-16 1.338476e-15 0.000000e+00
-1.000000e+00 -2.250000e+00 0.000000e+00 1.296534e-15 2.675825e-15 0.000000e+00
-1.000000e+00 -2.000000e+00 0.000000e+00 2.519930e-15 4.444457e-15 0.000000e+00
-1.000000e+00 -1.750000e+00 0.000000e+00 4.460256e-15 6.644952e-15 0.000000e+00
-1.000000e+00 -1.500000e+00 0.000000e+00 7.678934e-15 9.606336e-15 0.000000e+00
-1.000000e+00 -1.250000e+00 0.000000e+00 1.334597e-14 1.389299e-14 0.000000e+00
-1.000000e+00 -1.000000e+00 0.000000e+00 2.288042e-14 1.930778e-14 0.000000e+00
-1.000000e+00 -7.500000e-01 0.000000e+00 3.787535e-14 2.458255e-14 0.000000e+00
-1.000000e+00 -5.000000e-01 0.000000e+00 5.920915e-14 2.651739e-14 0.000000e+00
-1.000000e+00 -2.500000e-01 0.000000e+00 8.163417e-14 1.959169e-14 0.000000e+00
-1.000000e+00 0.000000e+00 0.000000e+00 9.355398e-14 3.160690e-15 0.000000e+00
-1.000000e+00 2.500000e-01 0.000000e+00 8.727943e-14 -1.501911e-14 0.000000e+00
-1.000000e+00 5.000000e-01 0.000000e+00 6.694648e-14 -2.553283e-14 0.000000e+00
-1.000000e+00 7.500000e-01 0.000000e+00 4.416139e-14 -2.594637e-14 0.000000e+00
-1.000000e+00 1.000000e+00 0.000000e+00 2.698522e-14 -2.118823e-14 0.000000e+00
-1.000000e+00 1.250000e+00 0.000000e+00 1.587845e-14 -1.558280e-14 0.000000e+00
-1.000000e+00 1.500000e+00 0.000000e+00 9.129030e-15 -1.082197e-14 0.000000e+00
-1.000000e+00 1.750000e+00 0.000000e+00 5.281456e-15 -7.475125e-15 0.000000e+00
-1.000000e+00 2.000000e+00 0.000000e+00 3.014680e-15 -5.093226e-15 0.000000e+00
-1.000000e+00 2.250000e+00 0.000000e+00 1.599277e-15 -3.207649e-15 0.000000e+00
-1.000000e+00 2.500000e+00 0.000000e+00 7.299167e-16 -1.714399e-15 0.000000e+00
-7.500000e-01 -2.500000e+00 0.000000e+00 6.203107e-16 1.943183e-15 0.000000e+00
-7.500000e-01 -2.250000e+00 0.000000e+00 1.373196e-15 3.737475e-15 0.000000e+00
-7.500000e-01 -2.000000e+00 0.000000e+00 2.635608e-15 6.130954e-15 0.000000e+00
-7.500000e-01 -1.750000e+00 0.000000e+00 4.763940e-15 9.398374e-15 0.000000e+00
-7.500000e-01 -1.500000e+00 0.000000e+00 8.709297e-15 1.457167e-14 0.000000e+00
-7.500000e-01 -1.250000e+00 0.000000e+00 1.633164e-14 2.293679e-14 0.000000e+00
-7.500000e-01 -1.000000e+00 0.000000e+00 3.090642e-14 3.533456e-14 0.000000e+00
-7.500000e-01 -7.500000e-01 0.000000e+00 5.946091e-14 5.195482e-14 0.000000e+00
-7.500000e-01 -5.000000e-01 0.000000e+00 1.033460e-13 6.106667e-14 0.000000e+00
-7.500000e-01 -2.500000e-01 0.000000e+00 1.466937e-13 4.621623e-14 0.000000e+00
-7.500000e-01 0.000000e+00 0.000000e+00 1.685488e-13 7.549370e-15 0.000000e+00
-7.500000e-01 2.500000e-01 0.000000e+00 1.572418e-13 -3.555659e-14 0.000000e+00
-7.500000e-01 5.000000e-01 0.000000e+00 1.187131e-13 -5.949655e-14 0.000000e+00
-7.500000e-01 7.500000e-01 0.000000e+00 7.257282e-14 -5.702375e-14 0.000000e+00
-7.500000e-01 1.000000e+00 0.000000e+00 3.819916e-14 -4.066257e-14 0.000000e+00
-7.500000e-01 1.250000e+00 0.000000e+00 1.990859e-14 -2.650165e-14 0.000000e+00
-7.500000e-01 1.500000e+00 0.000000e+00 1.053675e-14 -1.688578e-14 0.000000e+00
-7.500000e-01 1.750000e+00 0.000000e+00 5.671527e-15 -1.077349e-14 0.000000e+00
-7.500000e-01 2.000000e+00 0.000000e+00 3.127444e-15 -7.051659e-15 0.000000e+00
-7.500000e-01 2.250000e+00 0.000000e+00 1.662703e-15 -4.443637e-15 0.000000e+00
-7.500000e-01 2.500000e+00 0.000000e+00 7.830510e-16 -2.452618e-15 0.000000e+00
-5.000000e-01 -2.500000e+00 0.000000e+00 5.507831e-16 2.520858e-15 0.000000e+00
-5.000000e-01 -2.250000e+00 0.000000e+00 1.192579e-15 4.736114e-15 0.000000e+00
-5.000000e-01 -2.000000e+00 0.000000e+00 2.294057e-15 7.780425e-15 0.000000e+00
-5.000000e-01 -1.750000e+00 0.000000e+00 4.285334e-15 1.233958e-14 0.000000e+00
-5.000000e-01 -1.500000e+00 0.000000e+00 8.317318e-15 2.038126e-14 0.000000e+00
-5.000000e-01 -1.250000e+00 0.000000e+00 1.670187e-14 3.447501e-14 0.000000e+00
-5.000000e-01 -1.000000e+00 0.000000e+00 3.585237e-14 6.021049e-14 0.000000e+00
-5.000000e-01 -7.500000e-01 0.000000e+00 7.556972e-14 9.568556e-14 0.000000e+00
-5.000000e-01 -5.000000e-01 0.000000e+00 1.254063e-13 1.078519e-13 0.000000e+00
-5.000000e-01 -2.500000e-01 0.000000e+00 1.636008e-13 7.717650e-14 0.000000e+00
-5.000000e-01 0.000000e+00 0.000000e+00 1.792873e-13 1.227745e-14 0.000000e+00
-5.000000e-01 2.500000e-01 0.000000e+00 1.706604e-13 -5.873505e-14 0.000000e+00
-5.000000e-01 5.000000e-01 0.000000e+00 1.383411e-13 -1.029861e-13 0.000000e+00
-5.000000e-01 7.500000e-01 0.000000e+00 8.996494e-14 -1.042614e-13 0.000000e+00
-5.000000e-01 1.000000e+00 0.000000e+00 4.498098e-14 -7.208205e-14 0.000000e+00
-5.000000e-01 1.250000e+00 0.000000e+00 2.035409e-14 -4.109030e-14 0.000000e+00
-5.000000e-01 1.500000e+00 0.000000e+00 9.921922e-15 -2.404034e-14 0.000000e+00
-5.000000e-01 1.750000e+00 0.000000e+00 5.032007e-15 -1.436031e-14 0.000000e+00
-5.000000e-01 2.000000e+00 0.000000e+00 2.676763e-15 -8.987410e-15 0.000000e+00
-5.000000e-01 2.250000e+00 0.000000e+00 1.416821e-15 -5.608295e-15 0.000000e+00
-5.000000e-01 2.500000e+00 0.000000e+00 6.801709e-16 -3.150845e-15 0.000000e+00
-2.500000e-01 -2.500000e+00 0.000000e+00 3.503108e-16 2.954974e-15 0.000000e+00
-2.500000e-01 -2.250000e+00 0.000000e+00 7.511116e-16 5.483962e-15 0.000000e+00
-2.500000e-01 -2.000000e+00 0.000000e+00 1.457308e-15 9.066824e-15 0.000000e+00
-2.500000e-01 -1.750000e+00 0.000000e+00 2.810379e-15 1.482526e-14 0.000000e+00
-2.500000e-01 -1.500000e+00 0.000000e+00 5.721391e-15 2.559196e-14 0.000000e+00
-2.500000e-01 -1.250000e+00 0.000000e+00 1.228024e-14 4.595943e-14 0.000000e+00
-2.500000e-01 -1.000000e+00 0.000000e+00 2.909520e-14 8.796032e-14 0.000000e+00
-2.500000e-01 -7.500000e-01 0.000000e+00 5.953629e-14 1.357752e-13 0.000000e+00
-2.500000e-01 -5.000000e-01 0.000000e+00 8.707697e-14 1.389221e-13 0.000000e+00
-2.500000e-01 -2.500000e-01 0.000000e+00 9.861476e-14 9.054164e-14 0.000000e+00
-2.500000e-01 0.000000e+00 0.000000e+00 9.954377e-14 1.342513e-14 0.000000e+00
-2.500000e-01 2.500000e-01 0.000000e+00 9.687824e-14 -6.849269e-14 0.000000e+00
-2.500000e-01 5.000000e-01 0.000000e+00 8.766193e-14 -1.290212e-13 0.000000e+00
-2.500000e-01 7.500000e-01 0.000000e+00 6.408884e-14 -1.433758e-13 0.000000e+00
-2.500000e-01 1.000000e+00 0.000000e+00 3.386025e-14 -1.051604e-13 0.000000e+00
-2.500000e-01 1.250000e+00 0.000000e+00 1.427097e-14 -5.595059e-14 0.000000e+00
-2.500000e-01 1.500000e+00 0.000000e+00 6.531920e-15 -3.038499e-14 0.000000e+00
-2.500000e-01 1.750000e+00 0.000000e+00 3.200937e-15 -1.736617e-14 0.000000e+00
-2.500000e-01 2.000000e+00 0.000000e+00 1.660958e-15 -1.049412e-14 0.000000e+00
-2.500000e-01 2.250000e+00 0.000000e+00 8.746877e-16 -6.480384e-15 0.000000e+00
-2.500000e-01 2.500000e+00 0.000000e+00 4.235282e-16 -3.671877e-15 0.000000e+00
0.000000e+00 -2.500000e+00 0.000000e+00 5.986012e-17 3.151852e-15 0.000000e+00
0.000000e+00 -2.250000e+00 0.000000e+00 1.288474e-16 5.822896e-15 0.000000e+00
0.000000e+00 -2.000000e+00 0.000000e+00 2.532646e-16 9.660302e-15 0.000000e+00
0.000000e+00 -1.750000e+00 0.000000e+00 5.006002e-16 1.603115e-14 0.000000e+00
0.000000e+00 -1.500000e+00 0.000000e+00 1.058299e-15 2.824439e-14 0.000000e+00
0.000000e+00 -1.250000e+00 0.000000e+00 2.390483e-15 5.235996e-14 0.000000e+00
0.000000e+00 -1.000000e+00 0.000000e+00 5.733222e-15 1.032555e-13 0.000000e+00
0.000000e+00 -7.500000e-01 0.000000e+00 1.101560e-14 1.534592e-13 0.000000e+00
0.000000e+00 -5.000000e-01 0.000000e+00 1.472345e-14 1.475912e-13 0.000000e+00
0.000000e+00 -2.500000e-01 0.000000e+00 1.481430e-14 8.974176e-14 0.000000e+00
0.000000e+00 0.000000e+00 0.000000e+00 1.389456e-14 1.257707e-14 0.000000e+00
0.000000e+00 2.500000e-01 0.000000e+00 1.373644e-14 -6.837708e-14 0.000000e+00
0.000000e+00 5.000000e-01 0.000000e+00 1.355344e-14 -1.347838e-13 0.000000e+00
0.000000e+00 7.500000e-01 0.000000e+00 1.071466e-14 -1.588414e-13 0.000000e+00
0.000000e+00 1.000000e+00 0.000000e+00 5.905000e-15 -1.217120e-13 0.000000e+00
0.000000e+00 1.250000e+00 0.000000e+00 2.447521e-15 -6.385107e-14 0.000000e+00
0.000000e+00 1.500000e+00 0.000000e+00 1.114677e-15 -3.348163e-14 0.000000e+00
0.000000e+00 1.750000e+00 0.000000e+00 5.455846e-16 -1.878562e-14 0.000000e+00
0.000000e+00 2.000000e+00 0.000000e+00 2.763310e-16 -1.118317e-14 0.000000e+00
0.000000e+00 2.250000e+00 0.000000e+00 1.404186e-16 -6.872542e-15 0.000000e+00
0.000000e+00 2.500000e+00 0.000000e+00 6.561299e-17 -3.904926e-15 0.000000e+00
2.500000e-01 -2.500000e+00 0.000000e+00 -2.470267e-16 3.064860e-15 0.000000e+00
2.500000e-01 -2.250000e+00 0.000000e+00 -5.286141e-16 5.671487e-15 0.000000e+00
2.500000e-01 -2.000000e+00 0.000000e+00 -1.026487e-15 9.390042e-15 0.000000e+00
2.500000e-01 -1.750000e+00 0.000000e+00 -1.988720e-15 1.548413e-14 0.000000e+00
2.500000e-01 -1.500000e+00 0.000000e+00 -4.086328e-15 2.704981e-14 0.000000e+00
2.500000e-01 -1.250000e+00 0.000000e+00 -8.958498e-15 4.943967e-14 0.000000e+00
2.500000e-01 -1.000000e+00 0.000000e+00 -2.178021e-14 9.609574e-14 0.000000e+00
2.500000e-01 -7.500000e-01 0.000000e+00 -4.383946e-14 1.455773e-13 0.000000e+00
2.500000e-01 -5.000000e-01 0.000000e+00 -6.154441e-14 1.442333e-13 0.000000e+00
2.500000e-01 -2.500000e-01 0.000000e+00 -6.606178e-14 9.087223e-14 0.000000e+00
2.500000e-01 0.000000e+00 0.000000e+00 -6.430993e-14 1.317213e-14 0.000000e+00
2.500000e-01 2.500000e-01 0.000000e+00 -6.291146e-14 -6.897143e-14 0.000000e+00
2.500000e-01 5.000000e-01 0.000000e+00 -5.960893e-14 -1.329729e-13 0.000000e+00
2.500000e-01 7.500000e-01 0.000000e+00 -4.540742e-14 -1.519455e-13 0.000000e+00
2.500000e-01 1.000000e+00 0.000000e+00 -2.462402e-14 -1.138725e-13 0.000000e+00
2.500000e-01 1.250000e+00 0.000000e+00 -1.032448e-14 -5.992715e-14 0.000000e+00
2.500000e-01 1.500000e+00 0.000000e+00 -4.651105e-15 -3.194006e-14 0.000000e+00
2.500000e-01 1.750000e+00 0.000000e+00 -2.263429e-15 -1.809014e-14 0.000000e+00
2.500000e-01 2.000000e+00 0.000000e+00 -1.176539e-15 -1.086036e-14 0.000000e+00
2.500000e-01 2.250000e+00 0.000000e+00 -6.272373e-16 -6.694621e-15 0.000000e+00
2.500000e-01 2.500000e+00 0.000000e+00 -3.087308e-16 -3.797645e-15 0.000000e+00
5.000000e-01 -2.500000e+00 0.000000e+00 -4.896907e-16 2.711369e-15 0.000000e+00
5.000000e-01 -2.250000e+00 0.000000e+00 -1.056395e-15 5.060841e-15 0.000000e+00
5.000000e-01 -2.000000e+00 0.000000e+00 -2.041376e-15 8.334033e-15 0.000000e+00
5.000000e-01 -1.750000e+00 0.000000e+00 -3.866437e-15 1.340559e-14 0.000000e+00
5.000000e-01 -1.500000e+00 0.000000e+00 -7.662799e-15 2.257949e-14 0.000000e+00
5.000000e-01 -1.250000e+00 0.000000e+00 -1.583905e-14 3.915260e-14 0.000000e+00
5.000000e-01 -1.000000e+00 0.000000e+00 -3.548754e-14 7.116898e-14 0.000000e+00
5.000000e-01 -7.500000e-01 0.000000e+00 -7.445214e-14 1.127718e-13 0.000000e+00
5.000000e-01 -5.000000e-01 0.000000e+00 -1.178982e-13 1.226185e-13 0.000000e+00
5.000000e-01 -2.500000e-01 0.000000e+00 -1.463695e-13 8.486424e-14 0.000000e+00
5.000000e-01 0.000000e+00 0.000000e+00 -1.561296e-13 1.334407e-14 0.000000e+00
5.000000e-01 2.500000e-01 0.000000e+00 -1.499567e-13 -6.445519e-14 0.000000e+00
5.000000e-01 5.000000e-01 0.000000e+00 -1.261491e-13 -1.159573e-13 0.000000e+00
5.000000e-01 7.500000e-01 0.000000e+00 -8.541294e-14 -1.213584e-13 0.000000e+00
5.000000e-01 1.000000e+00 0.000000e+00 -4.326911e-14 -8.534584e-14 0.000000e+00
5.000000e-01 1.250000e+00 0.000000e+00 -1.887922e-14 -4.682957e-14 0.000000e+00
5.000000e-01 1.500000e+00 0.000000e+00 -8.961022e-15 -2.654347e-14 0.000000e+00
5.000000e-01 1.750000e+00 0.000000e+00 -4.483790e-15 -1.556722e-14 0.000000e+00
5.000000e-01 2.000000e+00 0.000000e+00 -2.370115e-15 -9.622031e-15 0.000000e+00
5.000000e-01 2.250000e+00 0.000000e+00 -1.258912e-15 -5.987043e-15 0.000000e+00
5.000000e-01 2.500000e+00 0.000000e+00 -6.096630e-16 -3.373123e-15 0.000000e+00
7.500000e-01 -2.500000e+00 0.000000e+00 -6.110642e-16 2.172019e-15 0.000000e+00
7.500000e-01 -2.250000e+00 0.000000e+00 -1.338867e-15 4.129363e-15 0.000000e+00
7.500000e-01 -2.000000e+00 0.000000e+00 -2.573796e-15 6.771420e-15 0.000000e+00
7.500000e-01 -1.750000e+00 0.000000e+00 -4.722226e-15 1.052507e-14 0.000000e+00
7.500000e-01 -1.500000e+00 0.000000e+00 -8.850122e-15 1.673629e-14 0.000000e+00
7.500000e-01 -1.250000e+00 0.000000e+00 -1.703350e-14 2.708177e-14 0.000000e+00
7.500000e-01 -1.000000e+00 0.000000e+00 -3.370519e-14 4.373054e-14 0.000000e+00
7.500000e-01 -7.500000e-01 0.000000e+00 -6.790326e-14 6.717867e-14 0.000000e+00
7.500000e-01 -5.000000e-01 0.000000e+00 -1.178641e-13 7.864082e-14 0.000000e+00
7.500000e-01 -2.500000e-01 0.000000e+00 -1.637172e-13 5.853803e-14 0.000000e+00
7.500000e-01 0.000000e+00 0.000000e+00 -1.858137e-13 9.548709e-15 0.000000e+00
7.500000e-01 2.500000e-01 0.000000e+00 -1.745624e-13 -4.497180e-14 0.000000e+00
7.500000e-01 5.000000e-01 0.000000e+00 -1.343247e-13 -7.613184e-14 0.000000e+00
7.500000e-01 7.500000e-01 0.000000e+00 -8.286986e-14 -7.393407e-14 0.000000e+00
7.500000e-01 1.000000e+00 0.000000e+00 -4.196479e-14 -5.132120e-14 0.000000e+00
7.500000e-01 1.250000e+00 0.000000e+00 -2.063846e-14 -3.159199e-14 0.000000e+00
7.500000e-01 1.500000e+00 0.000000e+00 -1.059371e-14 -1.947607e-14 0.000000e+00
7.500000e-01 1.750000e+00 0.000000e+00 -5.580042e-15 -1.211032e-14 0.000000e+00
7.500000e-01 2.000000e+00 0.000000e+00 -3.047679e-15 -7.810201e-15 0.000000e+00
7.500000e-01 2.250000e+00 0.000000e+00 -1.622284e-15 -4.908805e-15 0.000000e+00
7.500000e-01 2.500000e+00 0.000000e+00 -7.702638e-16 -2.723942e-15 0.000000e+00
1.000000e+00 -2.500000e+00 0.000000e+00 -5.990018e-16 1.562952e-15 0.000000e+00
1.000000e+00 -2.250000e+00 0.000000e+00 -1.351314e-15 3.068392e-15 0.000000e+00
1.000000e+00 -2.000000e+00 0.000000e+00 -2.607600e-15 5.053761e-15 0.000000e+00
1.000000e+00 -1.750000e+00 0.000000e+00 -4.653658e-15 7.612334e-15 0.000000e+00
1.000000e+00 -1.500000e+00 0.000000e+00 -8.196368e-15 1.129854e-14 0.000000e+00
1.000000e+00 -1.250000e+00 0.000000e+00 -1.466149e-14 1.690194e-14 0.000000e+00
1.000000e+00 -1.000000e+00 0.000000e+00 -2.598643e-14 2.433699e-14 0.000000e+00
1.000000e+00 -7.500000e-01 0.000000e+00 -4.534170e-14 3.263229e-14 0.000000e+00
1.000000e+00 -5.000000e-01 0.000000e+00 -7.462536e-14 3.673314e-14 0.000000e+00
1.000000e+00 -2.500000e-01 0.000000e+00 -1.054785e-13 2.759472e-14 0.000000e+00
1.000000e+00 0.000000e+00 0.000000e+00 -1.217953e-13 4.462397e-15 0.000000e+00
1.000000e+00 2.500000e-01 0.000000e+00 -1.133583e-13 -2.118638e-14 0.000000e+00
1.000000e+00 5.000000e-01 0.000000e+00 -8.551424e-14 -3.557670e-14 0.000000e+00
1.000000e+00 7.500000e-01 0.000000e+00 -5.406015e-14 -3.507279e-14 0.000000e+00
1.000000e+00 1.000000e+00 0.000000e+00 -3.115352e-14 -2.718705e-14 0.000000e+00
1.000000e+00 1.250000e+00 0.000000e+00 -1.759092e-14 -1.918308e-14 0.000000e+00
1.000000e+00 1.500000e+00 0.000000e+00 -9.808408e-15 -1.289126e-14 0.000000e+00
1.000000e+00 1.750000e+00 0.000000e+00 -5.539404e-15 -8.658860e-15 0.000000e+00
1.000000e+00 2.000000e+00 0.000000e+00 -3.132691e-15 -5.828327e-15 0.000000e+00
1.000000e+00 2.250000e+00 0.000000e+00 -1.665658e-15 -3.674112e-15 0.000000e+00
1.000000e+00 2.500000e+00 0.000000e+00 -7.684266e-16 -1.982836e-15 0.000000e+00
1.250000e+00 -2.500000e+00 0.000000e+00 -4.858102e-16 9.971851e-16 0.000000e+00
1.250000e+00 -2.250000e+00 0.000000e+00 -1.149682e-15 2.057710e-15 0.000000e+00
1.250000e+00 -2.000000e+00 0.000000e+00 -2.266954e-15 3.463188e-15 0.000000e+00
1.250000e+00 -1.750000e+00 0.000000e+00 -3.993769e-15 5.125965e-15 0.000000e+00
1.250000e+00 -1.500000e+00 0.000000e+00 -6.685597e-15 7.152753e-15 0.000000e+00
1.250000e+00 -1.250000e+00 0.000000e+00 -1.105669e-14 9.781452e-15 0.000000e+00
1.250000e+00 -1.000000e+00 0.000000e+00 -1.800184e-14 1.286025e-14 0.000000e+00
1.250000e+00 -7.500000e-01 0.000000e+00 -2.790990e-14 1.528140e-14 0.000000e+00
1.250000e+00 -5.000000e-01 0.000000e+00 -4.025507e-14 1.522287e-14 0.000000e+00
1.250000e+00 -2.500000e-01 0.000000e+00 -5.222870e-14 1.065727e-14 0.000000e+00
1.250000e+00 0.000000e+00 0.000000e+00 -5.840211e-14 1.677261e-15 0.000000e+00
1.250000e+00 2.500000e-01 0.000000e+00 -5.517576e-14 -8.047041e-15 0.000000e+00
1.250000e+00 5.000000e-01 0.000000e+00 -4.451858e-14 -1.427367e-14 0.000000e+00
1.250000e+00 7.500000e-01 0.000000e+00 -3.175899e-14 -1.566553e-14 0.000000e+00
1.250000e+00 1.000000e+00 0.000000e+00 -2.084949e-14 -1.383179e-14 0.000000e+00
1.250000e+00 1.250000e+00 0.000000e+00 -1.293617e-14 -1.077797e-14 0.000000e+00
1.250000e+00 1.500000e+00 0.000000e+00 -7.846557e-15 -7.942731e-15 0.000000e+00
1.250000e+00 1.750000e+00 0.000000e+00 -4.729303e-15 -5.759315e-15 0.000000e+00
1.250000e+00 2.000000e+00 0.000000e+00 -2.737816e-15 -3.994992e-15 0.000000e+00
1.250000e+00 2.250000e+00 0.000000e+00 -1.435935e-15 -2.487070e-15 0.000000e+00
1.250000e+00 2.500000e+00 0.000000e+00 -6.349612e-16 -1.283797e-15 0.000000e+00
1.500000e+00 -2.500000e+00 0.000000e+00 -3.287126e-16 5.534541e-16 0.000000e+00
1.500000e+00 -2.250000e+00 0.000000e+00 -8.329692e-16 1.224362e-15 0.000000e+00
1.500000e+00 -2.000000e+00 0.000000e+00 -1.716777e-15 2.154527e-15 0.000000e+00
1.500000e+00 -1.750000e+00 0.000000e+00 -3.055538e-15 3.209445e-15 0.000000e+00
1.500000e+00 -1.500000e+00 0.000000e+00 -4.972114e-15 4.309061e-15 0.000000e+00
1.500000e+00 -1.250000e+00 0.000000e+00 -7.700469e-15 5.439934e-15 0.000000e+00
1.500000e+00 -1.000000e+00 0.000000e+00 -1.154939e-14 6.524451e-15 0.000000e+00
1.500000e+00 -7.500000e-01 0.000000e+00 -1.659335e-14 7.150330e-15 0.000000e+00
1.500000e+00 -5.000000e-01 0.000000e+00 -2.217808e-14 6.567515e-15 0.000000e+00
1.500000e+00 -2.500000e-01 0.000000e+00 -2.690583e-14 4.293772e-15 0.000000e+00
1.500000e+00 0.000000e+00 0.000000e+00 -2.913976e-14 6.516956e-16 0.000000e+00
1.500000e+00 2.500000e-01 0.000000e+00 -2.796140e-14 -3.205771e-15 0.000000e+00
1.500000e+00 5.000000e-01 0.000000e+00 -2.387034e-14 -5.988301e-15 0.000000e+00
1.500000e+00 7.500000e-01 0.000000e+00 -1.838082e-14 -7.104142e-15 0.000000e+00
1.500000e+00 1.000000e+00 0.000000e+00 -1.302550e-14 -6.799979e-15 0.000000e+00
1.500000e+00 1.250000e+00 0.000000e+00 -8.760920e-15 -5.799799e-15 0.000000e+00
1.500000e+00 1.500000e+00 0.000000e+00 -5.720739e-15 -4.673934e-15 0.000000e+00
1.500000e+00 1.750000e+00 0.000000e+00 -3.584595e-15 -3.569232e-15 0.000000e+00
1.500000e+00 2.000000e+00 0.000000e+00 -2.078012e-15 -2.492988e-15 0.000000e+00
1.500000e+00 2.250000e+00 0.000000e+00 -1.053161e-15 -1.498789e-15 0.000000e+00
1.500000e+00 2.500000e+00 0.000000e+00 -4.383096e-16 -7.256699e-16 0.000000e+00
1.750000e+00 -2.500000e+00 0.000000e+00 -1.833595e-16 2.606662e-16 0.000000e+00
1.750000e+00 -2.250000e+00 0.000000e+00 -5.069928e-16 6.299499e-16 0.000000e+00
1.750000e+00 -2.000000e+00 0.000000e+00 -1.117861e-15 1.187446e-15 0.000000e+00
1.750000e+00 -1.750000e+00 0.000000e+00 -2.065610e-15 1.834352e-15 0.000000e+00
1.750000e+00 -1.500000e+00 0.000000e+00 -3.364055e-15 2.447716e-15 0.000000e+00
1.750000e+00 -1.250000e+00 0.000000e+00 -5.039062e-15 2.950218e-15 0.000000e+00
1.750000e+00 -1.000000e+00 0.000000e+00 -7.126810e-15 3.281832e-15 0.000000e+00
1.750000e+00 -7.500000e-01 0.000000e+00 -9.577877e-15 3.316022e-15 0.000000e+00
1.750000e+00 -5.000000e-01 0.000000e+00 -1.211296e-14 2.856057e-15 0.000000e+00
1.750000e+00 -2.500000e-01 0.000000e+00 -1.415659e-14 1.789948e-15 0.000000e+00
1.750000e+00 0.000000e+00 0.000000e+00 -1.508739e-14 2.617184e-16 0.000000e+00
1.750000e+00 2.500000e-01 0.000000e+00 -1.458058e-14 -1.333735e-15 0.000000e+00
1.750000e+00 5.000000e-01 0.000000e+00 -1.281541e-14 -2.562485e-15 0.000000e+00
1.750000e+00 7.500000e-01 0.000000e+00 -1.037283e-14 -3.208956e-15 0.000000e+00
1.750000e+00 1.000000e+00 0.000000e+00 -7.859332e-15 -3.318255e-15 0.000000e+00
1.750000e+00 1.250000e+00 0.000000e+00 -5.643367e-15 -3.072910e-15 0.000000e+00
1.750000e+00 1.500000e+00 0.000000e+00 -3.837430e-15 -2.620952e-15 0.000000e+00
1.750000e+00 1.750000e+00 0.000000e+00 -2.422876e-15 -2.037014e-15 0.000000e+00
1.750000e+00 2.000000e+00 0.000000e+00 -1.365117e-15 -1.387467e-15 0.000000e+00
1.750000e+00 2.250000e+00 0.000000e+00 -6.521256e-16 -7.850435e-16 0.000000e+00
1.750000e+00 2.500000e+00 0.000000e+00 -2.503653e-16 -3.494953e-16 0.000000e+00
2.000000e+00 -2.500000e+00 0.000000e+00 -8.249577e-17 1.012707e-16 0.000000e+00
2.000000e+00 -2.250000e+00 0.000000e+00 -2.525776e-16 2.714185e-16 0.000000e+00
2.000000e+00 -2.000000e+00 0.000000e+00 -6.080517e-16 5.598704e-16 0.000000e+00
2.000000e+00 -1.750000e+00 0.000000e+00 -1.198956e-15 9.239183e-16 0.000000e+00
2.000000e+00 -1.500000e+00 0.000000e+00 -2.022516e-15 1.272801e-15 0.000000e+00
2.000000e+00 -1.250000e+00 0.000000e+00 -3.041500e-15 1.524546e-15 0.000000e+00
2.000000e+00 -1.000000e+00 0.000000e+00 -4.209063e-15 1.632475e-15 0.000000e+00
2.000000e+00 -7.500000e-01 0.000000e+00 -5.449950e-15 1.559782e-15 0.000000e+00
2.000000e+00 -5.000000e-01 0.000000e+00 -6.618032e-15 1.270576e-15 0.000000e+00
2.000000e+00 -2.500000e-01 0.000000e+00 -7.500659e-15 7.639986e-16 0.000000e+00
2.000000e+00 0.000000e+00 0.000000e+00 -7.887525e-15 1.075254e-16 0.000000e+00
2.000000e+00 2.500000e-01 0.000000e+00 -7.671885e-15 -5.675317e-16 0.000000e+00
2.000000e+00 5.000000e-01 0.000000e+00 -6.919355e-15 -1.125247e-15 0.000000e+00
2.000000e+00 7.500000e-01 0.000000e+00 -5.822291e-15 -1.483487e-15 0.000000e+00
2.000000e+00 1.000000e+00 0.000000e+00 -4.594098e-15 -1.624948e-15 0.000000e+00
2.000000e+00 1.250000e+00 0.000000e+00 -3.395435e-15 -1.574223e-15 0.000000e+00
2.000000e+00 1.500000e+00 0.000000e+00 -2.319038e-15 -1.363858e-15 0.000000e+00
2.000000e+00 1.750000e+00 0.000000e+00 -1.424505e-15 -1.036614e-15 0.000000e+00
2.000000e+00 2.000000e+00 0.000000e+00 -7.571773e-16 -6.661901e-16 0.000000e+00
2.000000e+00 2.250000e+00 0.000000e+00 -3.330283e-16 -3.462879e-16 0.000000e+00
2.000000e+00 2.500000e+00 0.000000e+00 -1.158808e-16 -1.393423e-16 0.000000e+00
2.250000e+00 -2.500000e+00 0.000000e+00 -2.920447e-17 3.153279e-17 0.000000e+00
2.250000e+00 -2.250000e+00 0.000000e+00 -9.998978e-17 9.466669e-17 0.000000e+00
2.250000e+00 -2.000000e+00 0.000000e+00 -2.669159e-16 2.170537e-16 0.000000e+00
2.250000e+00 -1.750000e+00 0.000000e+00 -5.745677e-16 3.918296e-16 0.000000e+00
2.250000e+00 -1.500000e+00 0.000000e+00 -1.035127e-15 5.762726e-16 0.000000e+00
2.250000e+00 -1.250000e+00 0.000000e+00 -1.619884e-15 7.147048e-16 0.000000e+00
2.250000e+00 -1.000000e+00 0.000000e+00 -2.273759e-15 7.678235e-16 0.000000e+00
2.250000e+00 -7.500000e-01 0.000000e+00 -2.928779e-15 7.195218e-16 0.000000e+00
2.250000e+00 -5.000000e-01 0.000000e+00 -3.505997e-15 5.698787e-16 0.000000e+00
2.250000e+00 -2.500000e-01 0.000000e+00 -3.920738e-15 3.343443e-16 0.000000e+00
2.250000e+00 0.000000e+00 0.000000e+00 -4.097778e-15 4.605575e-17 0.000000e+00
2.250000e+00 2.500000e-01 0.000000e+00 -4.002122e-15 -2.484235e-16 0.000000e+00
2.250000e+00 5.000000e-01 0.000000e+00 -3.655843e-15 -5.030546e-16 0.000000e+00
2.250000e+00 7.500000e-01 0.000000e+00 -3.122794e-15 -6.819070e-16 0.000000e+00
2.250000e+00 1.000000e+00 0.000000e+00 -2.484759e-15 -7.636708e-16 0.000000e+00
2.250000e+00 1.250000e+00 0.000000e+00 -1.821412e-15 -7.417659e-16 0.000000e+00
2.250000e+00 1.500000e+00 0.000000e+00 -1.204441e-15 -6.254372e-16 0.000000e+00
2.250000e+00 1.750000e+00 0.000000e+00 -6.975224e-16 -4.483737e-16 0.000000e+00
2.250000e+00 2.000000e+00 0.000000e+00 -3.413569e-16 -2.647398e-16 0.000000e+00
2.250000e+00 2.250000e+00 0.000000e+00 -1.358062e-16 -1.241188e-16 0.000000e+00
2.250000e+00 2.500000e+00 0.000000e+00 -4.231381e-17 -4.460770e-17 0.000000e+00
2.500000e+00 -2.500000e+00 0.000000e+00 -7.944971e-18 7.660563e-18 0.000000e+00
2.500000e+00 -2.250000e+00 0.000000e+00 -3.056819e-17 2.588248e-17 0.000000e+00
2.500000e+00 -2.000000e+00 0.000000e+00 -9.130205e-17 6.653641e-17 0.000000e+00
2.500000e+00 -1.750000e+00 0.000000e+00 -2.177346e-16 1.333592e-16 0.000000e+00
2.500000e+00 -1.500000e+00 0.000000e+00 -4.278398e-16 2.142572e-16 0.000000e+00
2.500000e+00 -1.250000e+00 0.000000e+00 -7.155722e-16 2.838964e-16 0.000000e+00
2.500000e+00 -1.000000e+00 0.000000e+00 -1.050153e-15 3.177503e-16 0.000000e+00
2.500000e+00 -7.500000e-01 0.000000e+00 -1.386562e-15 3.030718e-16 0.000000e+00
2.500000e+00 -5.000000e-01 0.000000e+00 -1.677503e-15 2.404274e-16 0.000000e+00
2.500000e+00 -2.500000e-01 0.000000e+00 -1.881579e-15 1.403697e-16 0.000000e+00
2.500000e+00 0.000000e+00 0.000000e+00 -1.968037e-15 1.908193e-17 0.000000e+00
2.500000e+00 2.500000e-01 0.000000e+00 -1.923310e-15 -1.049775e-16 0.000000e+00
2.500000e+00 5.000000e-01 0.000000e+00 -1.754464e-15 -2.133930e-16 0.000000e+00
2.500000e+00 7.500000e-01 0.000000e+00 -1.486439e-15 -2.891128e-16 0.000000e+00
2.500000e+00 1.000000e+00 0.000000e+00 -1.157799e-15 -3.190893e-16 0.000000e+00
2.500000e+00 1.250000e+00 0.000000e+00 -8.154825e-16 -2.988587e-16 0.000000e+00
2.500000e+00 1.500000e+00 0.000000e+00 -5.073910e-16 -2.371790e-16 0.000000e+00
2.500000e+00 1.750000e+00 0.000000e+00 -2.708657e-16 -1.564160e-16 0.000000e+00
2.500000e+00 2.000000e+00 0.000000e+00 -1.201034e-16 -8.341266e-17 0.000000e+00
2.500000e+00 2.250000e+00 0.000000e+00 -4.278304e-17 -3.490420e-17 0.000000e+00
2.500000e+00 2.500000e+00 0.000000e+00 -1.186650e-17 -1.113870e-17 0.000000e+00
