0.0000000000 -5.0000000000 5.0000000000 -0.0000000649 -0.0000172785 -0.0000000857
0.0000000000 -4.0000000000 5.0000000000 -0.0000007145 -0.0002325909 0.0000558517
0.0000000000 -3.0000000000 5.0000000000 -0.0000063642 -0.0022062277 0.0009993762
0.0000000000 -2.0000000000 5.0000000000 -0.0000538037 -0.0109538710 0.0084720460
0.0000000000 -1.0000000000 5.0000000000 -0.0002131961 -0.0195523649 0.0308969920
0.0000000000 0.0000000000 5.0000000000 -0.0003502402 -0.0002129551 0.0442560682
0.0000000000 1.0000000000 5.0000000000 -0.0002432325 0.0187052656 0.0250378655
0.0000000000 2.0000000000 5.0000000000 -0.0000644229 0.0104699181 0.0060353872
0.0000000000 3.0000000000 5.0000000000 -0.0000073451 0.0021179821 0.0006535711
0.0000000000 4.0000000000 5.0000000000 -0.0000005078 0.0002274333 0.0000318670
