0.0000000000 0.0000000000 -1.0000000000 -0.0000000000 0.0000000000 0.0000000041
0.0000000000 0.0000000000 -0.9500000000 -0.0000000000 -0.0000000000 0.0000000041
0.0000000000 0.0000000000 -0.9000000000 -0.0000000000 0.0000000000 0.0000000041
0.0000000000 0.0000000000 -0.8500000000 -0.0000000000 -0.0000000000 0.0000000041
0.0000000000 0.0000000000 -0.8000000000 -0.0000000000 -0.0000000000 0.0000000042
0.0000000000 0.0000000000 -0.7500000000 -0.0000000000 -0.0000000000 0.0000000042
0.0000000000 0.0000000000 -0.7000000000 -0.0000000000 0.0000000000 0.0000000042
0.0000000000 0.0000000000 -0.6500000000 -0.0000000000 -0.0000000000 0.0000000042
0.0000000000 0.0000000000 -0.6000000000 0.0000000000 -0.0000000000 0.0000000043
0.0000000000 0.0000000000 -0.5500000000 0.0000000000 -0.0000000000 0.0000000043
0.0000000000 0.0000000000 -0.5000000000 0.0000000000 -0.0000000000 0.0000000043
0.0000000000 0.0000000000 -0.4500000000 -0.0000000000 0.0000000000 0.0000000043
0.0000000000 0.0000000000 -0.4000000000 0.0000000000 0.0000000000 0.0000000043
0.0000000000 0.0000000000 -0.3500000000 0.0000000000 0.0000000000 0.0000000043
0.0000000000 0.0000000000 -0.3000000000 -0.0000000000 -0.0000000000 0.0000000043
0.0000000000 0.0000000000 -0.2500000000 -0.0000000000 0.0000000000 0.0000000043
0.0000000000 0.0000000000 -0.2000000000 0.0000000000 -0.0000000000 0.0000000043
0.0000000000 0.0000000000 -0.1500000000 -0.0000000000 0.0000000000 0.0000000043
0.0000000000 0.0000000000 -0.1000000000 -0.0000000000 0.0000000000 0.0000000043
0.0000000000 0.0000000000 -0.0500000000 -0.0000000000 0.0000000000 0.0000000043
0.0000000000 0.0000000000 0.0000000000 0.0000000000 0.0000000000 0.0000000043
0.0000000000 0.0000000000 0.0500000000 0.0000000000 0.0000000000 0.0000000043
0.0000000000 0.0000000000 0.1000000000 0.0000000000 0.0000000000 0.0000000043
0.0000000000 0.0000000000 0.1500000000 0.0000000000 0.0000000000 0.0000000043
0.0000000000 0.0000000000 0.2000000000 -0.0000000000 -0.0000000000 0.0000000043
0.0000000000 0.0000000000 0.2500000000 0.0000000000 0.0000000000 0.0000000043
0.0000000000 0.0000000000 0.3000000000 0.0000000000 0.0000000000 0.0000000043
0.0000000000 0.0000000000 0.3500000000 0.0000000000 0.0000000000 0.0000000043
0.0000000000 0.0000000000 0.4000000000 0.0000000000 0.0000000000 0.0000000043
0.0000000000 0.0000000000 0.4500000000 0.0000000000 0.0000000000 0.0000000043
0.0000000000 0.0000000000 0.5000000000 -0.0000000000 -0.0000000000 0.0000000042
0.0000000000 0.0000000000 0.5500000000 -0.0000000000 -0.0000000000 0.0000000042
0.0000000000 0.0000000000 0.6000000000 0.0000000000 0.0000000000 0.0000000042
0.0000000000 0.0000000000 0.6500000000 -0.0000000000 0.0000000000 0.0000000042
0.0000000000 0.0000000000 0.7000000000 -0.0000000000 -0.0000000000 0.0000000041
0.0000000000 0.0000000000 0.7500000000 -0.0000000000 -0.0000000000 0.0000000041
0.0000000000 0.0000000000 0.8000000000 -0.0000000000 0.0000000000 0.0000000041
0.0000000000 0.0000000000 0.8500000000 0.0000000000 0.0000000000 0.0000000040
0.0000000000 0.0000000000 0.9000000000 -0.0000000000 0.0000000000 0.0000000040
0.0000000000 0.0000000000 0.9500000000 -0.0000000000 0.0000000000 0.0000000039
0.0000000000 0.0000000000 1.0000000000 -0.0000000000 -0.0000000000 0.0000000039
0.0000000000 0.0000000000 1.0500000000 0.0000000000 0.0000000000 0.0000000038
0.0000000000 0.0000000000 1.1000000000 -0.0000000000 0.0000000000 0.0000000038
0.0000000000 0.0000000000 1.1500000000 -0.0000000000 0.0000000000 0.0000000037
0.0000000000 0.0000000000 1.2000000000 -0.0000000000 0.0000000000 0.0000000036
0.0000000000 0.0000000000 1.2500000000 0.0000000000 -0.0000000000 0.0000000036
0.0000000000 0.0000000000 1.3000000000 -0.0000000000 0.0000000000 0.0000000035
0.0000000000 0.0000000000 1.3500000000 -0.0000000000 0.0000000000 0.0000000034
0.0000000000 0.0000000000 1.4000000000 0.0000000000 -0.0000000000 0.0000000034
0.0000000000 0.0000000000 1.4500000000 -0.0000000000 0.0000000000 0.0000000033
0.0000000000 0.0000000000 1.5000000000 -0.0000000000 0.0000000000 0.0000000032
0.0000000000 0.0000000000 1.5500000000 -0.0000000000 -0.0000000000 0.0000000032
0.0000000000 0.0000000000 1.6000000000 -0.0000000000 -0.0000000000 0.0000000031
0.0000000000 0.0000000000 1.6500000000 -0.0000000000 0.0000000000 0.0000000030
0.0000000000 0.0000000000 1.7000000000 0.0000000000 0.0000000000 0.0000000029
0.0000000000 0.0000000000 1.7500000000 0.0000000000 0.0000000000 0.0000000029
0.0000000000 0.0000000000 1.8000000000 -0.0000000000 0.0000000000 0.0000000028
0.0000000000 0.0000000000 1.8500000000 0.0000000000 0.0000000000 0.0000000027
0.0000000000 0.0000000000 1.9000000000 0.0000000000 -0.0000000000 0.0000000027
0.0000000000 0.0000000000 1.9500000000 0.0000000000 -0.0000000000 0.0000000026
