x y z ADDATime OurCalcTime
-4.0000000000 0.0000000000 0.0000000000 0.0100000000 145.7900000000
-3.0000000000 0.0000000000 0.0000000000 0.0000000000 227.4600000000
-2.0000000000 0.0000000000 0.0000000000 0.0200000000 206.9400000000
-1.0000000000 0.0000000000 0.0000000000 0.0000000000 146.0000000000
-0.0000000000 0.0000000000 0.0000000000 0.0100000000 144.2000000000
1.0000000000 0.0000000000 0.0000000000 0.0000000000 142.5100000000
1.9000000000 0.0000000000 0.0000000000 0.0000000000 154.9100000000
2.9000000000 0.0000000000 0.0000000000 0.0000000000 148.2900000000
3.9000000000 0.0000000000 0.0000000000 0.0100000000 144.1300000000
5.0000000000 0.0000000000 0.0000000000 0.0100000000 139.1600000000
0.0000000000 0.0000000000 0.0000000000 0.0000000000 0.0000000000
