x y z ADDATime OurCalcTime
0.0000000000 0.0000000000 -0.2500000000 0.0000000000 64.7600000000
0.0000000000 0.0000000000 0.7500000000 0.0000000000 64.7200000000
0.0000000000 0.0000000000 1.7500000000 0.0000000000 64.6300000000
0.0000000000 0.0000000000 2.7500000000 0.0000000000 64.3600000000
0.0000000000 0.0000000000 3.7500000000 0.0000000000 64.3500000000
0.0000000000 0.0000000000 4.7500000000 0.0100000000 64.4500000000
0.0000000000 0.0000000000 5.7500000000 0.0100000000 64.6200000000
0.0000000000 0.0000000000 6.7500000000 0.0000000000 64.3700000000
0.0000000000 0.0000000000 7.7500000000 0.0000000000 64.3000000000
0.0000000000 0.0000000000 8.7500000000 0.0100000000 64.0900000000
0.0000000000 0.0000000000 9.7500000000 0.0000000000 64.5000000000
0.0000000000 0.0000000000 0.0000000000 0.0000000000 0.0000000000
