0.000000e+00 0.000000e+00 -1.000000e+00 2.243385e-15 1.894251e-15 1.094489e-13
0.000000e+00 0.000000e+00 -7.500000e-01 2.277595e-15 1.910753e-15 1.109714e-13
0.000000e+00 0.000000e+00 -5.000000e-01 2.289012e-15 1.908061e-15 1.118099e-13
0.000000e+00 0.000000e+00 -2.500000e-01 2.277034e-15 1.886217e-15 1.119189e-13
0.000000e+00 0.000000e+00 0.000000e+00 2.241703e-15 1.845796e-15 1.112735e-13
0.000000e+00 0.000000e+00 2.500000e-01 2.183731e-15 1.787870e-15 1.098742e-13
0.000000e+00 0.000000e+00 5.000000e-01 2.104595e-15 1.714026e-15 1.077521e-13
0.000000e+00 0.000000e+00 7.500000e-01 2.006615e-15 1.626393e-15 1.049695e-13
0.000000e+00 0.000000e+00 1.000000e+00 1.892937e-15 1.527598e-15 1.016164e-13
0.000000e+00 0.000000e+00 1.250000e+00 1.767361e-15 1.420649e-15 9.780283e-14
0.000000e+00 0.000000e+00 1.500000e+00 1.634035e-15 1.308729e-15 9.364853e-14
0.000000e+00 0.000000e+00 1.750000e+00 1.497102e-15 1.194971e-15 8.927238e-14
0.000000e+00 0.000000e+00 2.000000e+00 1.360378e-15 1.082243e-15 8.478397e-14
0.000000e+00 0.000000e+00 2.250000e+00 1.227110e-15 9.729825e-16 8.027798e-14
0.000000e+00 0.000000e+00 2.500000e+00 1.099857e-15 8.691072e-16 7.583155e-14
0.000000e+00 0.000000e+00 2.750000e+00 9.804557e-16 7.719875e-16 7.150409e-14
0.000000e+00 0.000000e+00 3.000000e+00 8.700682e-16 6.824764e-16 6.733859e-14
0.000000e+00 0.000000e+00 3.250000e+00 7.692755e-16 6.009770e-16 6.336394e-14
0.000000e+00 0.000000e+00 3.500000e+00 6.781908e-16 5.275283e-16 5.959745e-14
0.000000e+00 0.000000e+00 3.750000e+00 5.965773e-16 4.618955e-16 5.604736e-14
0.000000e+00 0.000000e+00 4.000000e+00 5.239546e-16 4.036544e-16 5.271507e-14
0.000000e+00 0.000000e+00 4.250000e+00 4.596894e-16 3.522628e-16 4.959704e-14
0.000000e+00 0.000000e+00 4.500000e+00 4.030669e-16 3.071175e-16 4.668628e-14
0.000000e+00 0.000000e+00 4.750000e+00 3.533448e-16 2.675973e-16 4.397356e-14
0.000000e+00 0.000000e+00 5.000000e+00 3.097903e-16 2.330922e-16 4.144827e-14
0.000000e+00 0.000000e+00 5.250000e+00 2.717053e-16 2.030237e-16 3.909913e-14
0.000000e+00 0.000000e+00 5.500000e+00 2.384413e-16 1.768561e-16 3.691464e-14
0.000000e+00 0.000000e+00 5.750000e+00 2.094066e-16 1.541022e-16 3.488341e-14
0.000000e+00 0.000000e+00 6.000000e+00 1.840690e-16 1.343249e-16 3.299441e-14
0.000000e+00 0.000000e+00 6.250000e+00 1.619551e-16 1.171361e-16 3.123708e-14
0.000000e+00 0.000000e+00 6.500000e+00 1.426468e-16 1.021941e-16 2.960148e-14
0.000000e+00 0.000000e+00 6.750000e+00 1.257775e-16 8.919981e-17 2.807826e-14
0.000000e+00 0.000000e+00 7.000000e+00 1.110268e-16 7.789254e-17 2.665872e-14
0.000000e+00 0.000000e+00 7.250000e+00 9.811622e-17 6.804605e-17 2.533481e-14
0.000000e+00 0.000000e+00 7.500000e+00 8.680389e-17 5.946441e-17 2.409907e-14
0.000000e+00 0.000000e+00 7.750000e+00 7.688031e-17 5.197826e-17 2.294464e-14
0.000000e+00 0.000000e+00 8.000000e+00 6.816419e-17 4.544136e-17 2.186521e-14
0.000000e+00 0.000000e+00 8.250000e+00 6.049875e-17 3.972757e-17 2.085500e-14
0.000000e+00 0.000000e+00 8.500000e+00 5.374842e-17 3.472810e-17 1.990869e-14
0.000000e+00 0.000000e+00 8.750000e+00 4.779601e-17 3.034911e-17 1.902142e-14
0.000000e+00 0.000000e+00 9.000000e+00 4.254014e-17 2.650963e-17 1.818871e-14
0.000000e+00 0.000000e+00 9.250000e+00 3.789305e-17 2.313980e-17 1.740649e-14
0.000000e+00 0.000000e+00 9.500000e+00 3.377876e-17 2.017925e-17 1.667102e-14
0.000000e+00 0.000000e+00 9.750000e+00 3.013138e-17 1.757581e-17 1.597885e-14
