-2.500000e+00 -2.500000e+00 0.000000e+00 8.500053e-22 8.316255e-22 0.000000e+00
-2.500000e+00 -2.250000e+00 0.000000e+00 3.463827e-21 3.038750e-21 0.000000e+00
-2.500000e+00 -2.000000e+00 0.000000e+00 1.420235e-20 1.083450e-20 0.000000e+00
-2.500000e+00 -1.750000e+00 0.000000e+00 5.959957e-20 3.905938e-20 0.000000e+00
-2.500000e+00 -1.500000e+00 0.000000e+00 2.117358e-19 1.182912e-19 0.000000e+00
-2.500000e+00 -1.250000e+00 0.000000e+00 6.174989e-19 2.866258e-19 0.000000e+00
-2.500000e+00 -1.000000e+00 0.000000e+00 1.618101e-18 5.947567e-19 0.000000e+00
-2.500000e+00 -7.500000e-01 0.000000e+00 3.861252e-18 1.046880e-18 0.000000e+00
-2.500000e+00 -5.000000e-01 0.000000e+00 7.691659e-18 1.368889e-18 0.000000e+00
-2.500000e+00 -2.500000e-01 0.000000e+00 1.186625e-17 1.045383e-18 0.000000e+00
-2.500000e+00 0.000000e+00 0.000000e+00 1.374335e-17 -2.908493e-35 0.000000e+00
-2.500000e+00 2.500000e-01 0.000000e+00 1.186625e-17 -1.045383e-18 0.000000e+00
-2.500000e+00 5.000000e-01 0.000000e+00 7.691659e-18 -1.368889e-18 0.000000e+00
-2.500000e+00 7.500000e-01 0.000000e+00 3.861252e-18 -1.046880e-18 0.000000e+00
-2.500000e+00 1.000000e+00 0.000000e+00 1.618101e-18 -5.947567e-19 0.000000e+00
-2.500000e+00 1.250000e+00 0.000000e+00 6.174989e-19 -2.866258e-19 0.000000e+00
-2.500000e+00 1.500000e+00 0.000000e+00 2.117358e-19 -1.182912e-19 0.000000e+00
-2.500000e+00 1.750000e+00 0.000000e+00 5.959957e-20 -3.905938e-20 0.000000e+00
-2.500000e+00 2.000000e+00 0.000000e+00 1.420235e-20 -1.083450e-20 0.000000e+00
-2.500000e+00 2.250000e+00 0.000000e+00 3.463827e-21 -3.038750e-21 0.000000e+00
-2.500000e+00 2.500000e+00 0.000000e+00 8.500053e-22 -8.316255e-22 0.000000e+00
-2.250000e+00 -2.500000e+00 0.000000e+00 3.212582e-21 3.474780e-21 0.000000e+00
-2.250000e+00 -2.250000e+00 0.000000e+00 1.671149e-20 1.589377e-20 0.000000e+00
-2.250000e+00 -2.000000e+00 0.000000e+00 8.639337e-20 7.199454e-20 0.000000e+00
-2.250000e+00 -1.750000e+00 0.000000e+00 3.769439e-19 2.749509e-19 0.000000e+00
-2.250000e+00 -1.500000e+00 0.000000e+00 1.594526e-18 9.953260e-19 0.000000e+00
-2.250000e+00 -1.250000e+00 0.000000e+00 6.940885e-18 3.569001e-18 0.000000e+00
-2.250000e+00 -1.000000e+00 0.000000e+00 2.559140e-17 1.038608e-17 0.000000e+00
-2.250000e+00 -7.500000e-01 0.000000e+00 7.058067e-17 2.124069e-17 0.000000e+00
-2.250000e+00 -5.000000e-01 0.000000e+00 1.431812e-16 2.847617e-17 0.000000e+00
-2.250000e+00 -2.500000e-01 0.000000e+00 2.168028e-16 2.143740e-17 0.000000e+00
-2.250000e+00 0.000000e+00 0.000000e+00 2.485251e-16 -4.136524e-34 0.000000e+00
-2.250000e+00 2.500000e-01 0.000000e+00 2.168028e-16 -2.143740e-17 0.000000e+00
-2.250000e+00 5.000000e-01 0.000000e+00 1.431812e-16 -2.847617e-17 0.000000e+00
-2.250000e+00 7.500000e-01 0.000000e+00 7.058067e-17 -2.124069e-17 0.000000e+00
-2.250000e+00 1.000000e+00 0.000000e+00 2.559140e-17 -1.038608e-17 0.000000e+00
-2.250000e+00 1.250000e+00 0.000000e+00 6.940885e-18 -3.569001e-18 0.000000e+00
-2.250000e+00 1.500000e+00 0.000000e+00 1.594526e-18 -9.953260e-19 0.000000e+00
-2.250000e+00 1.750000e+00 0.000000e+00 3.769439e-19 -2.749509e-19 0.000000e+00
-2.250000e+00 2.000000e+00 0.000000e+00 8.639337e-20 -7.199454e-20 0.000000e+00
-2.250000e+00 2.250000e+00 0.000000e+00 1.671149e-20 -1.589377e-20 0.000000e+00
-2.250000e+00 2.500000e+00 0.000000e+00 3.212582e-21 -3.474780e-21 0.000000e+00
-2.000000e+00 -2.500000e+00 0.000000e+00 1.319417e-20 1.568169e-20 0.000000e+00
-2.000000e+00 -2.250000e+00 0.000000e+00 8.241166e-20 8.690379e-20 0.000000e+00
-2.000000e+00 -2.000000e+00 0.000000e+00 4.528254e-19 4.247554e-19 0.000000e+00
-2.000000e+00 -1.750000e+00 0.000000e+00 2.848651e-18 2.326901e-18 0.000000e+00
-2.000000e+00 -1.500000e+00 0.000000e+00 1.829243e-17 1.266768e-17 0.000000e+00
-2.000000e+00 -1.250000e+00 0.000000e+00 8.806247e-17 5.034018e-17 0.000000e+00
-2.000000e+00 -1.000000e+00 0.000000e+00 2.971993e-16 1.348166e-16 0.000000e+00
-2.000000e+00 -7.500000e-01 0.000000e+00 7.250522e-16 2.448529e-16 0.000000e+00
-2.000000e+00 -5.000000e-01 0.000000e+00 1.330550e-15 2.976330e-16 0.000000e+00
-2.000000e+00 -2.500000e-01 0.000000e+00 1.892660e-15 2.107321e-16 0.000000e+00
-2.000000e+00 0.000000e+00 0.000000e+00 2.124403e-15 6.618438e-33 0.000000e+00
-2.000000e+00 2.500000e-01 0.000000e+00 1.892660e-15 -2.107321e-16 0.000000e+00
-2.000000e+00 5.000000e-01 0.000000e+00 1.330550e-15 -2.976330e-16 0.000000e+00
-2.000000e+00 7.500000e-01 0.000000e+00 7.250522e-16 -2.448529e-16 0.000000e+00
-2.000000e+00 1.000000e+00 0.000000e+00 2.971993e-16 -1.348166e-16 0.000000e+00
-2.000000e+00 1.250000e+00 0.000000e+00 8.806247e-17 -5.034018e-17 0.000000e+00
-2.000000e+00 1.500000e+00 0.000000e+00 1.829243e-17 -1.266768e-17 0.000000e+00
-2.000000e+00 1.750000e+00 0.000000e+00 2.848651e-18 -2.326901e-18 0.000000e+00
-2.000000e+00 2.000000e+00 0.000000e+00 4.528254e-19 -4.247554e-19 0.000000e+00
-2.000000e+00 2.250000e+00 0.000000e+00 8.241166e-20 -8.690379e-20 0.000000e+00
-2.000000e+00 2.500000e+00 0.000000e+00 1.319417e-20 -1.568169e-20 0.000000e+00
-1.750000e+00 -2.500000e+00 0.000000e+00 5.196154e-20 6.948109e-20 0.000000e+00
-1.750000e+00 -2.250000e+00 0.000000e+00 3.438620e-19 4.127419e-19 0.000000e+00
-1.750000e+00 -2.000000e+00 0.000000e+00 2.878891e-18 3.047262e-18 0.000000e+00
-1.750000e+00 -1.750000e+00 0.000000e+00 2.529703e-17 2.323232e-17 0.000000e+00
-1.750000e+00 -1.500000e+00 0.000000e+00 1.549763e-16 1.213551e-16 0.000000e+00
-1.750000e+00 -1.250000e+00 0.000000e+00 6.322060e-16 4.106487e-16 0.000000e+00
-1.750000e+00 -1.000000e+00 0.000000e+00 1.817297e-15 9.395511e-16 0.000000e+00
-1.750000e+00 -7.500000e-01 0.000000e+00 3.899489e-15 1.503502e-15 0.000000e+00
-1.750000e+00 -5.000000e-01 0.000000e+00 6.528037e-15 1.668674e-15 0.000000e+00
-1.750000e+00 -2.500000e-01 0.000000e+00 8.788715e-15 1.118562e-15 0.000000e+00
-1.750000e+00 0.000000e+00 0.000000e+00 9.685694e-15 2.647375e-32 0.000000e+00
-1.750000e+00 2.500000e-01 0.000000e+00 8.788715e-15 -1.118562e-15 0.000000e+00
-1.750000e+00 5.000000e-01 0.000000e+00 6.528037e-15 -1.668674e-15 0.000000e+00
-1.750000e+00 7.500000e-01 0.000000e+00 3.899489e-15 -1.503502e-15 0.000000e+00
-1.750000e+00 1.000000e+00 0.000000e+00 1.817297e-15 -9.395511e-16 0.000000e+00
-1.750000e+00 1.250000e+00 0.000000e+00 6.322060e-16 -4.106487e-16 0.000000e+00
-1.750000e+00 1.500000e+00 0.000000e+00 1.549763e-16 -1.213551e-16 0.000000e+00
-1.750000e+00 1.750000e+00 0.000000e+00 2.529703e-17 -2.323232e-17 0.000000e+00
-1.750000e+00 2.000000e+00 0.000000e+00 2.878891e-18 -3.047262e-18 0.000000e+00
-1.750000e+00 2.250000e+00 0.000000e+00 3.438620e-19 -4.127419e-19 0.000000e+00
-1.750000e+00 2.500000e+00 0.000000e+00 5.196154e-20 -6.948109e-20 0.000000e+00
-1.500000e+00 -2.500000e+00 0.000000e+00 1.660428e-19 2.572170e-19 0.000000e+00
-1.500000e+00 -2.250000e+00 0.000000e+00 1.569385e-18 2.158517e-18 0.000000e+00
-1.500000e+00 -2.000000e+00 0.000000e+00 1.843558e-17 2.235719e-17 0.000000e+00
-1.500000e+00 -1.750000e+00 0.000000e+00 1.494207e-16 1.584201e-16 0.000000e+00
-1.500000e+00 -1.500000e+00 0.000000e+00 7.611456e-16 6.914675e-16 0.000000e+00
-1.500000e+00 -1.250000e+00 0.000000e+00 2.614703e-15 1.976755e-15 0.000000e+00
-1.500000e+00 -1.000000e+00 0.000000e+00 6.522076e-15 3.933724e-15 0.000000e+00
-1.500000e+00 -7.500000e-01 0.000000e+00 1.252618e-14 5.642658e-15 0.000000e+00
-1.500000e+00 -5.000000e-01 0.000000e+00 1.935559e-14 5.784471e-15 0.000000e+00
-1.500000e+00 -2.500000e-01 0.000000e+00 2.481960e-14 3.693654e-15 0.000000e+00
-1.500000e+00 0.000000e+00 0.000000e+00 2.690826e-14 -8.471600e-31 0.000000e+00
-1.500000e+00 2.500000e-01 0.000000e+00 2.481960e-14 -3.693654e-15 0.000000e+00
-1.500000e+00 5.000000e-01 0.000000e+00 1.935559e-14 -5.784471e-15 0.000000e+00
-1.500000e+00 7.500000e-01 0.000000e+00 1.252618e-14 -5.642658e-15 0.000000e+00
-1.500000e+00 1.000000e+00 0.000000e+00 6.522076e-15 -3.933724e-15 0.000000e+00
-1.500000e+00 1.250000e+00 0.000000e+00 2.614703e-15 -1.976755e-15 0.000000e+00
-1.500000e+00 1.500000e+00 0.000000e+00 7.611456e-16 -6.914675e-16 0.000000e+00
-1.500000e+00 1.750000e+00 0.000000e+00 1.494207e-16 -1.584201e-16 0.000000e+00
-1.500000e+00 2.000000e+00 0.000000e+00 1.843558e-17 -2.235719e-17 0.000000e+00
-1.500000e+00 2.250000e+00 0.000000e+00 1.569385e-18 -2.158517e-18 0.000000e+00
-1.500000e+00 2.500000e+00 0.000000e+00 1.660428e-19 -2.572170e-19 0.000000e+00
-1.250000e+00 -2.500000e+00 0.000000e+00 4.913769e-19 8.966683e-19 0.000000e+00
-1.250000e+00 -2.250000e+00 0.000000e+00 7.026060e-18 1.133396e-17 0.000000e+00
-1.250000e+00 -2.000000e+00 0.000000e+00 8.006817e-17 1.150250e-16 0.000000e+00
-1.250000e+00 -1.750000e+00 0.000000e+00 5.425038e-16 6.849235e-16 0.000000e+00
-1.250000e+00 -1.500000e+00 0.000000e+00 2.326344e-15 2.525564e-15 0.000000e+00
-1.250000e+00 -1.250000e+00 0.000000e+00 6.901863e-15 6.255338e-15 0.000000e+00
-1.250000e+00 -1.000000e+00 0.000000e+00 1.523994e-14 1.105048e-14 0.000000e+00
-1.250000e+00 -7.500000e-01 0.000000e+00 2.652229e-14 1.439382e-14 0.000000e+00
-1.250000e+00 -5.000000e-01 0.000000e+00 3.805121e-14 1.371551e-14 0.000000e+00
-1.250000e+00 -2.500000e-01 0.000000e+00 4.656106e-14 8.359775e-15 0.000000e+00
-1.250000e+00 0.000000e+00 0.000000e+00 4.967354e-14 -3.600430e-30 0.000000e+00
-1.250000e+00 2.500000e-01 0.000000e+00 4.656106e-14 -8.359775e-15 0.000000e+00
-1.250000e+00 5.000000e-01 0.000000e+00 3.805121e-14 -1.371551e-14 0.000000e+00
-1.250000e+00 7.500000e-01 0.000000e+00 2.652229e-14 -1.439382e-14 0.000000e+00
-1.250000e+00 1.000000e+00 0.000000e+00 1.523994e-14 -1.105048e-14 0.000000e+00
-1.250000e+00 1.250000e+00 0.000000e+00 6.901863e-15 -6.255338e-15 0.000000e+00
-1.250000e+00 1.500000e+00 0.000000e+00 2.326344e-15 -2.525564e-15 0.000000e+00
-1.250000e+00 1.750000e+00 0.000000e+00 5.425038e-16 -6.849235e-16 0.000000e+00
-1.250000e+00 2.000000e+00 0.000000e+00 8.006817e-17 -1.150250e-16 0.000000e+00
-1.250000e+00 2.250000e+00 0.000000e+00 7.026060e-18 -1.133396e-17 0.000000e+00
-1.250000e+00 2.500000e+00 0.000000e+00 4.913769e-19 -8.966683e-19 0.000000e+00
-1.000000e+00 -2.500000e+00 0.000000e+00 1.396003e-18 3.093686e-18 0.000000e+00
-1.000000e+00 -2.250000e+00 0.000000e+00 2.270379e-17 4.500587e-17 0.000000e+00
-1.000000e+00 -2.000000e+00 0.000000e+00 2.234789e-16 3.969811e-16 0.000000e+00
-1.000000e+00 -1.750000e+00 0.000000e+00 1.286698e-15 2.015095e-15 0.000000e+00
-1.000000e+00 -1.500000e+00 0.000000e+00 4.786092e-15 6.465337e-15 0.000000e+00
-1.000000e+00 -1.250000e+00 0.000000e+00 1.255917e-14 1.421352e-14 0.000000e+00
-1.000000e+00 -1.000000e+00 0.000000e+00 2.492161e-14 2.264822e-14 0.000000e+00
-1.000000e+00 -7.500000e-01 0.000000e+00 3.955922e-14 2.699384e-14 0.000000e+00
-1.000000e+00 -5.000000e-01 0.000000e+00 5.269575e-14 2.393071e-14 0.000000e+00
-1.000000e+00 -2.500000e-01 0.000000e+00 6.135468e-14 1.388965e-14 0.000000e+00
-1.000000e+00 0.000000e+00 0.000000e+00 6.430858e-14 4.235800e-31 0.000000e+00
-1.000000e+00 2.500000e-01 0.000000e+00 6.135468e-14 -1.388965e-14 0.000000e+00
-1.000000e+00 5.000000e-01 0.000000e+00 5.269575e-14 -2.393071e-14 0.000000e+00
-1.000000e+00 7.500000e-01 0.000000e+00 3.955922e-14 -2.699384e-14 0.000000e+00
-1.000000e+00 1.000000e+00 0.000000e+00 2.492161e-14 -2.264822e-14 0.000000e+00
-1.000000e+00 1.250000e+00 0.000000e+00 1.255917e-14 -1.421352e-14 0.000000e+00
-1.000000e+00 1.500000e+00 0.000000e+00 4.786092e-15 -6.465337e-15 0.000000e+00
-1.000000e+00 1.750000e+00 0.000000e+00 1.286698e-15 -2.015095e-15 0.000000e+00
-1.000000e+00 2.000000e+00 0.000000e+00 2.234789e-16 -3.969811e-16 0.000000e+00
-1.000000e+00 2.250000e+00 0.000000e+00 2.270379e-17 -4.500587e-17 0.000000e+00
-1.000000e+00 2.500000e+00 0.000000e+00 1.396003e-18 -3.093686e-18 0.000000e+00
-7.500000e-01 -2.500000e+00 0.000000e+00 3.112131e-18 8.981262e-18 0.000000e+00
-7.500000e-01 -2.250000e+00 0.000000e+00 4.825248e-17 1.258692e-16 0.000000e+00
-7.500000e-01 -2.000000e+00 0.000000e+00 4.131853e-16 9.685548e-16 0.000000e+00
-7.500000e-01 -1.750000e+00 0.000000e+00 2.092417e-15 4.332718e-15 0.000000e+00
-7.500000e-01 -1.500000e+00 0.000000e+00 6.956684e-15 1.245777e-14 0.000000e+00
-7.500000e-01 -1.250000e+00 0.000000e+00 1.650298e-14 2.484705e-14 0.000000e+00
-7.500000e-01 -1.000000e+00 0.000000e+00 2.981417e-14 3.620038e-14 0.000000e+00
-7.500000e-01 -7.500000e-01 0.000000e+00 4.333728e-14 3.968095e-14 0.000000e+00
-7.500000e-01 -5.000000e-01 0.000000e+00 5.340446e-14 3.265097e-14 0.000000e+00
-7.500000e-01 -2.500000e-01 0.000000e+00 5.876784e-14 1.794053e-14 0.000000e+00
-7.500000e-01 0.000000e+00 0.000000e+00 6.031468e-14 -4.235800e-31 0.000000e+00
-7.500000e-01 2.500000e-01 0.000000e+00 5.876784e-14 -1.794053e-14 0.000000e+00
-7.500000e-01 5.000000e-01 0.000000e+00 5.340446e-14 -3.265097e-14 0.000000e+00
-7.500000e-01 7.500000e-01 0.000000e+00 4.333728e-14 -3.968095e-14 0.000000e+00
-7.500000e-01 1.000000e+00 0.000000e+00 2.981417e-14 -3.620038e-14 0.000000e+00
-7.500000e-01 1.250000e+00 0.000000e+00 1.650298e-14 -2.484705e-14 0.000000e+00
-7.500000e-01 1.500000e+00 0.000000e+00 6.956684e-15 -1.245777e-14 0.000000e+00
-7.500000e-01 1.750000e+00 0.000000e+00 2.092417e-15 -4.332718e-15 0.000000e+00
-7.500000e-01 2.000000e+00 0.000000e+00 4.131853e-16 -9.685548e-16 0.000000e+00
-7.500000e-01 2.250000e+00 0.000000e+00 4.825248e-17 -1.258692e-16 0.000000e+00
-7.500000e-01 2.500000e+00 0.000000e+00 3.112131e-18 -8.981262e-18 0.000000e+00
-5.000000e-01 -2.500000e+00 0.000000e+00 4.584982e-18 1.954233e-17 0.000000e+00
-5.000000e-01 -2.250000e+00 0.000000e+00 6.551319e-17 2.537117e-16 0.000000e+00
-5.000000e-01 -2.000000e+00 0.000000e+00 5.057429e-16 1.761777e-15 0.000000e+00
-5.000000e-01 -1.750000e+00 0.000000e+00 2.336119e-15 7.195803e-15 0.000000e+00
-5.000000e-01 -1.500000e+00 0.000000e+00 7.153547e-15 1.909049e-14 0.000000e+00
-5.000000e-01 -1.250000e+00 0.000000e+00 1.570239e-14 3.533430e-14 0.000000e+00
-5.000000e-01 -1.000000e+00 0.000000e+00 2.624540e-14 4.781945e-14 0.000000e+00
-5.000000e-01 -7.500000e-01 0.000000e+00 3.521038e-14 4.860719e-14 0.000000e+00
-5.000000e-01 -5.000000e-01 0.000000e+00 4.010970e-14 3.713368e-14 0.000000e+00
-5.000000e-01 -2.500000e-01 0.000000e+00 4.145760e-14 1.921660e-14 0.000000e+00
-5.000000e-01 0.000000e+00 0.000000e+00 4.150663e-14 1.270740e-30 0.000000e+00
-5.000000e-01 2.500000e-01 0.000000e+00 4.145760e-14 -1.921660e-14 0.000000e+00
-5.000000e-01 5.000000e-01 0.000000e+00 4.010970e-14 -3.713368e-14 0.000000e+00
-5.000000e-01 7.500000e-01 0.000000e+00 3.521038e-14 -4.860719e-14 0.000000e+00
-5.000000e-01 1.000000e+00 0.000000e+00 2.624540e-14 -4.781945e-14 0.000000e+00
-5.000000e-01 1.250000e+00 0.000000e+00 1.570239e-14 -3.533430e-14 0.000000e+00
-5.000000e-01 1.500000e+00 0.000000e+00 7.153547e-15 -1.909049e-14 0.000000e+00
-5.000000e-01 1.750000e+00 0.000000e+00 2.336119e-15 -7.195803e-15 0.000000e+00
-5.000000e-01 2.000000e+00 0.000000e+00 5.057429e-16 -1.761777e-15 0.000000e+00
-5.000000e-01 2.250000e+00 0.000000e+00 6.551319e-17 -2.537117e-16 0.000000e+00
-5.000000e-01 2.500000e+00 0.000000e+00 4.584982e-18 -1.954233e-17 0.000000e+00
-2.500000e-01 -2.500000e+00 0.000000e+00 3.676864e-18 3.106608e-17 0.000000e+00
-2.500000e-01 -2.250000e+00 0.000000e+00 4.949953e-17 3.807665e-16 0.000000e+00
-2.500000e-01 -2.000000e+00 0.000000e+00 3.589147e-16 2.483880e-15 0.000000e+00
-2.500000e-01 -1.750000e+00 0.000000e+00 1.568603e-15 9.601867e-15 0.000000e+00
-2.500000e-01 -1.500000e+00 0.000000e+00 4.565881e-15 2.423680e-14 0.000000e+00
-2.500000e-01 -1.250000e+00 0.000000e+00 9.533975e-15 4.274807e-14 0.000000e+00
-2.500000e-01 -1.000000e+00 0.000000e+00 1.510716e-14 5.499704e-14 0.000000e+00
-2.500000e-01 -7.500000e-01 0.000000e+00 1.909199e-14 5.285686e-14 0.000000e+00
-2.500000e-01 -5.000000e-01 0.000000e+00 2.038952e-14 3.801083e-14 0.000000e+00
-2.500000e-01 -2.500000e-01 0.000000e+00 1.991223e-14 1.864204e-14 0.000000e+00
-2.500000e-01 0.000000e+00 0.000000e+00 1.946267e-14 -8.471600e-31 0.000000e+00
-2.500000e-01 2.500000e-01 0.000000e+00 1.991223e-14 -1.864204e-14 0.000000e+00
-2.500000e-01 5.000000e-01 0.000000e+00 2.038952e-14 -3.801083e-14 0.000000e+00
-2.500000e-01 7.500000e-01 0.000000e+00 1.909199e-14 -5.285686e-14 0.000000e+00
-2.500000e-01 1.000000e+00 0.000000e+00 1.510716e-14 -5.499704e-14 0.000000e+00
-2.500000e-01 1.250000e+00 0.000000e+00 9.533975e-15 -4.274807e-14 0.000000e+00
-2.500000e-01 1.500000e+00 0.000000e+00 4.565881e-15 -2.423680e-14 0.000000e+00
-2.500000e-01 1.750000e+00 0.000000e+00 1.568603e-15 -9.601867e-15 0.000000e+00
-2.500000e-01 2.000000e+00 0.000000e+00 3.589147e-16 -2.483880e-15 0.000000e+00
-2.500000e-01 2.250000e+00 0.000000e+00 4.949953e-17 -3.807665e-16 0.000000e+00
-2.500000e-01 2.500000e+00 0.000000e+00 3.676864e-18 -3.106608e-17 0.000000e+00
0.000000e+00 -2.500000e+00 0.000000e+00 4.836443e-35 3.621474e-17 0.000000e+00
0.000000e+00 -2.250000e+00 0.000000e+00 2.505632e-32 4.348648e-16 0.000000e+00
0.000000e+00 -2.000000e+00 0.000000e+00 -7.158125e-34 2.778062e-15 0.000000e+00
0.000000e+00 -1.750000e+00 0.000000e+00 -1.225445e-32 1.054267e-14 0.000000e+00
0.000000e+00 -1.500000e+00 0.000000e+00 -2.481914e-33 2.616477e-14 0.000000e+00
0.000000e+00 -1.250000e+00 0.000000e+00 1.654609e-32 4.537898e-14 0.000000e+00
0.000000e+00 -1.000000e+00 0.000000e+00 5.294750e-32 5.732228e-14 0.000000e+00
0.000000e+00 -7.500000e-01 0.000000e+00 2.647375e-32 5.393350e-14 0.000000e+00
0.000000e+00 -5.000000e-01 0.000000e+00 -2.647375e-31 3.785327e-14 0.000000e+00
0.000000e+00 -2.500000e-01 0.000000e+00 -1.058950e-30 1.814157e-14 0.000000e+00
0.000000e+00 0.000000e+00 0.000000e+00 2.647375e-32 1.270740e-30 0.000000e+00
0.000000e+00 2.500000e-01 0.000000e+00 2.329690e-30 -1.814157e-14 0.000000e+00
0.000000e+00 5.000000e-01 0.000000e+00 2.647375e-32 -3.785327e-14 0.000000e+00
0.000000e+00 7.500000e-01 0.000000e+00 3.309219e-31 -5.393350e-14 0.000000e+00
0.000000e+00 1.000000e+00 0.000000e+00 3.779128e-30 -5.732228e-14 0.000000e+00
0.000000e+00 1.250000e+00 0.000000e+00 9.745650e-31 -4.537898e-14 0.000000e+00
0.000000e+00 1.500000e+00 0.000000e+00 1.414691e-31 -2.616477e-14 0.000000e+00
0.000000e+00 1.750000e+00 0.000000e+00 -1.240957e-33 -1.054267e-14 0.000000e+00
0.000000e+00 2.000000e+00 0.000000e+00 -1.706316e-33 -2.778062e-15 0.000000e+00
0.000000e+00 2.250000e+00 0.000000e+00 4.459690e-34 -4.348648e-16 0.000000e+00
0.000000e+00 2.500000e+00 0.000000e+00 4.039574e-36 -3.621474e-17 0.000000e+00
2.500000e-01 -2.500000e+00 0.000000e+00 -3.676864e-18 3.106608e-17 0.000000e+00
2.500000e-01 -2.250000e+00 0.000000e+00 -4.949953e-17 3.807665e-16 0.000000e+00
2.500000e-01 -2.000000e+00 0.000000e+00 -3.589147e-16 2.483880e-15 0.000000e+00
2.500000e-01 -1.750000e+00 0.000000e+00 -1.568603e-15 9.601867e-15 0.000000e+00
2.500000e-01 -1.500000e+00 0.000000e+00 -4.565881e-15 2.423680e-14 0.000000e+00
2.500000e-01 -1.250000e+00 0.000000e+00 -9.533975e-15 4.274807e-14 0.000000e+00
2.500000e-01 -1.000000e+00 0.000000e+00 -1.510716e-14 5.499704e-14 0.000000e+00
2.500000e-01 -7.500000e-01 0.000000e+00 -1.909199e-14 5.285686e-14 0.000000e+00
2.500000e-01 -5.000000e-01 0.000000e+00 -2.038952e-14 3.801083e-14 0.000000e+00
2.500000e-01 -2.500000e-01 0.000000e+00 -1.991223e-14 1.864204e-14 0.000000e+00
2.500000e-01 0.000000e+00 0.000000e+00 -1.946267e-14 -8.471600e-31 0.000000e+00
2.500000e-01 2.500000e-01 0.000000e+00 -1.991223e-14 -1.864204e-14 0.000000e+00
2.500000e-01 5.000000e-01 0.000000e+00 -2.038952e-14 -3.801083e-14 0.000000e+00
2.500000e-01 7.500000e-01 0.000000e+00 -1.909199e-14 -5.285686e-14 0.000000e+00
2.500000e-01 1.000000e+00 0.000000e+00 -1.510716e-14 -5.499704e-14 0.000000e+00
2.500000e-01 1.250000e+00 0.000000e+00 -9.533975e-15 -4.274807e-14 0.000000e+00
2.500000e-01 1.500000e+00 0.000000e+00 -4.565881e-15 -2.423680e-14 0.000000e+00
2.500000e-01 1.750000e+00 0.000000e+00 -1.568603e-15 -9.601867e-15 0.000000e+00
2.500000e-01 2.000000e+00 0.000000e+00 -3.589147e-16 -2.483880e-15 0.000000e+00
2.500000e-01 2.250000e+00 0.000000e+00 -4.949953e-17 -3.807665e-16 0.000000e+00
2.500000e-01 2.500000e+00 0.000000e+00 -3.676864e-18 -3.106608e-17 0.000000e+00
5.000000e-01 -2.500000e+00 0.000000e+00 -4.584982e-18 1.954233e-17 0.000000e+00
5.000000e-01 -2.250000e+00 0.000000e+00 -6.551319e-17 2.537117e-16 0.000000e+00
5.000000e-01 -2.000000e+00 0.000000e+00 -5.057429e-16 1.761777e-15 0.000000e+00
5.000000e-01 -1.750000e+00 0.000000e+00 -2.336119e-15 7.195803e-15 0.000000e+00
5.000000e-01 -1.500000e+00 0.000000e+00 -7.153547e-15 1.909049e-14 0.000000e+00
5.000000e-01 -1.250000e+00 0.000000e+00 -1.570239e-14 3.533430e-14 0.000000e+00
5.000000e-01 -1.000000e+00 0.000000e+00 -2.624540e-14 4.781945e-14 0.000000e+00
5.000000e-01 -7.500000e-01 0.000000e+00 -3.521038e-14 4.860719e-14 0.000000e+00
5.000000e-01 -5.000000e-01 0.000000e+00 -4.010970e-14 3.713368e-14 0.000000e+00
5.000000e-01 -2.500000e-01 0.000000e+00 -4.145760e-14 1.921660e-14 0.000000e+00
5.000000e-01 0.000000e+00 0.000000e+00 -4.150663e-14 0.000000e+00 0.000000e+00
5.000000e-01 2.500000e-01 0.000000e+00 -4.145760e-14 -1.921660e-14 0.000000e+00
5.000000e-01 5.000000e-01 0.000000e+00 -4.010970e-14 -3.713368e-14 0.000000e+00
5.000000e-01 7.500000e-01 0.000000e+00 -3.521038e-14 -4.860719e-14 0.000000e+00
5.000000e-01 1.000000e+00 0.000000e+00 -2.624540e-14 -4.781945e-14 0.000000e+00
5.000000e-01 1.250000e+00 0.000000e+00 -1.570239e-14 -3.533430e-14 0.000000e+00
5.000000e-01 1.500000e+00 0.000000e+00 -7.153547e-15 -1.909049e-14 0.000000e+00
5.000000e-01 1.750000e+00 0.000000e+00 -2.336119e-15 -7.195803e-15 0.000000e+00
5.000000e-01 2.000000e+00 0.000000e+00 -5.057429e-16 -1.761777e-15 0.000000e+00
5.000000e-01 2.250000e+00 0.000000e+00 -6.551319e-17 -2.537117e-16 0.000000e+00
5.000000e-01 2.500000e+00 0.000000e+00 -4.584982e-18 -1.954233e-17 0.000000e+00
7.500000e-01 -2.500000e+00 0.000000e+00 -3.112131e-18 8.981262e-18 0.000000e+00
7.500000e-01 -2.250000e+00 0.000000e+00 -4.825248e-17 1.258692e-16 0.000000e+00
7.500000e-01 -2.000000e+00 0.000000e+00 -4.131853e-16 9.685548e-16 0.000000e+00
7.500000e-01 -1.750000e+00 0.000000e+00 -2.092417e-15 4.332718e-15 0.000000e+00
7.500000e-01 -1.500000e+00 0.000000e+00 -6.956684e-15 1.245777e-14 0.000000e+00
7.500000e-01 -1.250000e+00 0.000000e+00 -1.650298e-14 2.484705e-14 0.000000e+00
7.500000e-01 -1.000000e+00 0.000000e+00 -2.981417e-14 3.620038e-14 0.000000e+00
7.500000e-01 -7.500000e-01 0.000000e+00 -4.333728e-14 3.968095e-14 0.000000e+00
7.500000e-01 -5.000000e-01 0.000000e+00 -5.340446e-14 3.265097e-14 0.000000e+00
7.500000e-01 -2.500000e-01 0.000000e+00 -5.876784e-14 1.794053e-14 0.000000e+00
7.500000e-01 0.000000e+00 0.000000e+00 -6.031468e-14 -3.812220e-30 0.000000e+00
7.500000e-01 2.500000e-01 0.000000e+00 -5.876784e-14 -1.794053e-14 0.000000e+00
7.500000e-01 5.000000e-01 0.000000e+00 -5.340446e-14 -3.265097e-14 0.000000e+00
7.500000e-01 7.500000e-01 0.000000e+00 -4.333728e-14 -3.968095e-14 0.000000e+00
7.500000e-01 1.000000e+00 0.000000e+00 -2.981417e-14 -3.620038e-14 0.000000e+00
7.500000e-01 1.250000e+00 0.000000e+00 -1.650298e-14 -2.484705e-14 0.000000e+00
7.500000e-01 1.500000e+00 0.000000e+00 -6.956684e-15 -1.245777e-14 0.000000e+00
7.500000e-01 1.750000e+00 0.000000e+00 -2.092417e-15 -4.332718e-15 0.000000e+00
7.500000e-01 2.000000e+00 0.000000e+00 -4.131853e-16 -9.685548e-16 0.000000e+00
7.500000e-01 2.250000e+00 0.000000e+00 -4.825248e-17 -1.258692e-16 0.000000e+00
7.500000e-01 2.500000e+00 0.000000e+00 -3.112131e-18 -8.981262e-18 0.000000e+00
1.000000e+00 -2.500000e+00 0.000000e+00 -1.396003e-18 3.093686e-18 0.000000e+00
1.000000e+00 -2.250000e+00 0.000000e+00 -2.270379e-17 4.500587e-17 0.000000e+00
1.000000e+00 -2.000000e+00 0.000000e+00 -2.234789e-16 3.969811e-16 0.000000e+00
1.000000e+00 -1.750000e+00 0.000000e+00 -1.286698e-15 2.015095e-15 0.000000e+00
1.000000e+00 -1.500000e+00 0.000000e+00 -4.786092e-15 6.465337e-15 0.000000e+00
1.000000e+00 -1.250000e+00 0.000000e+00 -1.255917e-14 1.421352e-14 0.000000e+00
1.000000e+00 -1.000000e+00 0.000000e+00 -2.492161e-14 2.264822e-14 0.000000e+00
1.000000e+00 -7.500000e-01 0.000000e+00 -3.955922e-14 2.699384e-14 0.000000e+00
1.000000e+00 -5.000000e-01 0.000000e+00 -5.269575e-14 2.393071e-14 0.000000e+00
1.000000e+00 -2.500000e-01 0.000000e+00 -6.135468e-14 1.388965e-14 0.000000e+00
1.000000e+00 0.000000e+00 0.000000e+00 -6.430858e-14 4.235800e-31 0.000000e+00
1.000000e+00 2.500000e-01 0.000000e+00 -6.135468e-14 -1.388965e-14 0.000000e+00
1.000000e+00 5.000000e-01 0.000000e+00 -5.269575e-14 -2.393071e-14 0.000000e+00
1.000000e+00 7.500000e-01 0.000000e+00 -3.955922e-14 -2.699384e-14 0.000000e+00
1.000000e+00 1.000000e+00 0.000000e+00 -2.492161e-14 -2.264822e-14 0.000000e+00
1.000000e+00 1.250000e+00 0.000000e+00 -1.255917e-14 -1.421352e-14 0.000000e+00
1.000000e+00 1.500000e+00 0.000000e+00 -4.786092e-15 -6.465337e-15 0.000000e+00
1.000000e+00 1.750000e+00 0.000000e+00 -1.286698e-15 -2.015095e-15 0.000000e+00
1.000000e+00 2.000000e+00 0.000000e+00 -2.234789e-16 -3.969811e-16 0.000000e+00
1.000000e+00 2.250000e+00 0.000000e+00 -2.270379e-17 -4.500587e-17 0.000000e+00
1.000000e+00 2.500000e+00 0.000000e+00 -1.396003e-18 -3.093686e-18 0.000000e+00
1.250000e+00 -2.500000e+00 0.000000e+00 -4.913769e-19 8.966683e-19 0.000000e+00
1.250000e+00 -2.250000e+00 0.000000e+00 -7.026060e-18 1.133396e-17 0.000000e+00
1.250000e+00 -2.000000e+00 0.000000e+00 -8.006817e-17 1.150250e-16 0.000000e+00
1.250000e+00 -1.750000e+00 0.000000e+00 -5.425038e-16 6.849235e-16 0.000000e+00
1.250000e+00 -1.500000e+00 0.000000e+00 -2.326344e-15 2.525564e-15 0.000000e+00
1.250000e+00 -1.250000e+00 0.000000e+00 -6.901863e-15 6.255338e-15 0.000000e+00
1.250000e+00 -1.000000e+00 0.000000e+00 -1.523994e-14 1.105048e-14 0.000000e+00
1.250000e+00 -7.500000e-01 0.000000e+00 -2.652229e-14 1.439382e-14 0.000000e+00
1.250000e+00 -5.000000e-01 0.000000e+00 -3.805121e-14 1.371551e-14 0.000000e+00
1.250000e+00 -2.500000e-01 0.000000e+00 -4.656106e-14 8.359775e-15 0.000000e+00
1.250000e+00 0.000000e+00 0.000000e+00 -4.967354e-14 0.000000e+00 0.000000e+00
1.250000e+00 2.500000e-01 0.000000e+00 -4.656106e-14 -8.359775e-15 0.000000e+00
1.250000e+00 5.000000e-01 0.000000e+00 -3.805121e-14 -1.371551e-14 0.000000e+00
1.250000e+00 7.500000e-01 0.000000e+00 -2.652229e-14 -1.439382e-14 0.000000e+00
1.250000e+00 1.000000e+00 0.000000e+00 -1.523994e-14 -1.105048e-14 0.000000e+00
1.250000e+00 1.250000e+00 0.000000e+00 -6.901863e-15 -6.255338e-15 0.000000e+00
1.250000e+00 1.500000e+00 0.000000e+00 -2.326344e-15 -2.525564e-15 0.000000e+00
1.250000e+00 1.750000e+00 0.000000e+00 -5.425038e-16 -6.849235e-16 0.000000e+00
1.250000e+00 2.000000e+00 0.000000e+00 -8.006817e-17 -1.150250e-16 0.000000e+00
1.250000e+00 2.250000e+00 0.000000e+00 -7.026060e-18 -1.133396e-17 0.000000e+00
1.250000e+00 2.500000e+00 0.000000e+00 -4.913769e-19 -8.966683e-19 0.000000e+00
1.500000e+00 -2.500000e+00 0.000000e+00 -1.660428e-19 2.572170e-19 0.000000e+00
1.500000e+00 -2.250000e+00 0.000000e+00 -1.569385e-18 2.158517e-18 0.000000e+00
1.500000e+00 -2.000000e+00 0.000000e+00 -1.843558e-17 2.235719e-17 0.000000e+00
1.500000e+00 -1.750000e+00 0.000000e+00 -1.494207e-16 1.584201e-16 0.000000e+00
1.500000e+00 -1.500000e+00 0.000000e+00 -7.611456e-16 6.914675e-16 0.000000e+00
1.500000e+00 -1.250000e+00 0.000000e+00 -2.614703e-15 1.976755e-15 0.000000e+00
1.500000e+00 -1.000000e+00 0.000000e+00 -6.522076e-15 3.933724e-15 0.000000e+00
1.500000e+00 -7.500000e-01 0.000000e+00 -1.252618e-14 5.642658e-15 0.000000e+00
1.500000e+00 -5.000000e-01 0.000000e+00 -1.935559e-14 5.784471e-15 0.000000e+00
1.500000e+00 -2.500000e-01 0.000000e+00 -2.481960e-14 3.693654e-15 0.000000e+00
1.500000e+00 0.000000e+00 0.000000e+00 -2.690826e-14 -4.235800e-31 0.000000e+00
1.500000e+00 2.500000e-01 0.000000e+00 -2.481960e-14 -3.693654e-15 0.000000e+00
1.500000e+00 5.000000e-01 0.000000e+00 -1.935559e-14 -5.784471e-15 0.000000e+00
1.500000e+00 7.500000e-01 0.000000e+00 -1.252618e-14 -5.642658e-15 0.000000e+00
1.500000e+00 1.000000e+00 0.000000e+00 -6.522076e-15 -3.933724e-15 0.000000e+00
1.500000e+00 1.250000e+00 0.000000e+00 -2.614703e-15 -1.976755e-15 0.000000e+00
1.500000e+00 1.500000e+00 0.000000e+00 -7.611456e-16 -6.914675e-16 0.000000e+00
1.500000e+00 1.750000e+00 0.000000e+00 -1.494207e-16 -1.584201e-16 0.000000e+00
1.500000e+00 2.000000e+00 0.000000e+00 -1.843558e-17 -2.235719e-17 0.000000e+00
1.500000e+00 2.250000e+00 0.000000e+00 -1.569385e-18 -2.158517e-18 0.000000e+00
1.500000e+00 2.500000e+00 0.000000e+00 -1.660428e-19 -2.572170e-19 0.000000e+00
1.750000e+00 -2.500000e+00 0.000000e+00 -5.196154e-20 6.948109e-20 0.000000e+00
1.750000e+00 -2.250000e+00 0.000000e+00 -3.438620e-19 4.127419e-19 0.000000e+00
1.750000e+00 -2.000000e+00 0.000000e+00 -2.878891e-18 3.047262e-18 0.000000e+00
1.750000e+00 -1.750000e+00 0.000000e+00 -2.529703e-17 2.323232e-17 0.000000e+00
1.750000e+00 -1.500000e+00 0.000000e+00 -1.549763e-16 1.213551e-16 0.000000e+00
1.750000e+00 -1.250000e+00 0.000000e+00 -6.322060e-16 4.106487e-16 0.000000e+00
1.750000e+00 -1.000000e+00 0.000000e+00 -1.817297e-15 9.395511e-16 0.000000e+00
1.750000e+00 -7.500000e-01 0.000000e+00 -3.899489e-15 1.503502e-15 0.000000e+00
1.750000e+00 -5.000000e-01 0.000000e+00 -6.528037e-15 1.668674e-15 0.000000e+00
1.750000e+00 -2.500000e-01 0.000000e+00 -8.788715e-15 1.118562e-15 0.000000e+00
1.750000e+00 0.000000e+00 0.000000e+00 -9.685694e-15 1.323688e-32 0.000000e+00
1.750000e+00 2.500000e-01 0.000000e+00 -8.788715e-15 -1.118562e-15 0.000000e+00
1.750000e+00 5.000000e-01 0.000000e+00 -6.528037e-15 -1.668674e-15 0.000000e+00
1.750000e+00 7.500000e-01 0.000000e+00 -3.899489e-15 -1.503502e-15 0.000000e+00
1.750000e+00 1.000000e+00 0.000000e+00 -1.817297e-15 -9.395511e-16 0.000000e+00
1.750000e+00 1.250000e+00 0.000000e+00 -6.322060e-16 -4.106487e-16 0.000000e+00
1.750000e+00 1.500000e+00 0.000000e+00 -1.549763e-16 -1.213551e-16 0.000000e+00
1.750000e+00 1.750000e+00 0.000000e+00 -2.529703e-17 -2.323232e-17 0.000000e+00
1.750000e+00 2.000000e+00 0.000000e+00 -2.878891e-18 -3.047262e-18 0.000000e+00
1.750000e+00 2.250000e+00 0.000000e+00 -3.438620e-19 -4.127419e-19 0.000000e+00
1.750000e+00 2.500000e+00 0.000000e+00 -5.196154e-20 -6.948109e-20 0.000000e+00
2.000000e+00 -2.500000e+00 0.000000e+00 -1.319417e-20 1.568169e-20 0.000000e+00
2.000000e+00 -2.250000e+00 0.000000e+00 -8.241166e-20 8.690379e-20 0.000000e+00
2.000000e+00 -2.000000e+00 0.000000e+00 -4.528254e-19 4.247554e-19 0.000000e+00
2.000000e+00 -1.750000e+00 0.000000e+00 -2.848651e-18 2.326901e-18 0.000000e+00
2.000000e+00 -1.500000e+00 0.000000e+00 -1.829243e-17 1.266768e-17 0.000000e+00
2.000000e+00 -1.250000e+00 0.000000e+00 -8.806247e-17 5.034018e-17 0.000000e+00
2.000000e+00 -1.000000e+00 0.000000e+00 -2.971993e-16 1.348166e-16 0.000000e+00
2.000000e+00 -7.500000e-01 0.000000e+00 -7.250522e-16 2.448529e-16 0.000000e+00
2.000000e+00 -5.000000e-01 0.000000e+00 -1.330550e-15 2.976330e-16 0.000000e+00
2.000000e+00 -2.500000e-01 0.000000e+00 -1.892660e-15 2.107321e-16 0.000000e+00
2.000000e+00 0.000000e+00 0.000000e+00 -2.124403e-15 -8.736338e-31 0.000000e+00
2.000000e+00 2.500000e-01 0.000000e+00 -1.892660e-15 -2.107321e-16 0.000000e+00
2.000000e+00 5.000000e-01 0.000000e+00 -1.330550e-15 -2.976330e-16 0.000000e+00
2.000000e+00 7.500000e-01 0.000000e+00 -7.250522e-16 -2.448529e-16 0.000000e+00
2.000000e+00 1.000000e+00 0.000000e+00 -2.971993e-16 -1.348166e-16 0.000000e+00
2.000000e+00 1.250000e+00 0.000000e+00 -8.806247e-17 -5.034018e-17 0.000000e+00
2.000000e+00 1.500000e+00 0.000000e+00 -1.829243e-17 -1.266768e-17 0.000000e+00
2.000000e+00 1.750000e+00 0.000000e+00 -2.848651e-18 -2.326901e-18 0.000000e+00
2.000000e+00 2.000000e+00 0.000000e+00 -4.528254e-19 -4.247554e-19 0.000000e+00
2.000000e+00 2.250000e+00 0.000000e+00 -8.241166e-20 -8.690379e-20 0.000000e+00
2.000000e+00 2.500000e+00 0.000000e+00 -1.319417e-20 -1.568169e-20 0.000000e+00
2.250000e+00 -2.500000e+00 0.000000e+00 -3.212582e-21 3.474780e-21 0.000000e+00
2.250000e+00 -2.250000e+00 0.000000e+00 -1.671149e-20 1.589377e-20 0.000000e+00
2.250000e+00 -2.000000e+00 0.000000e+00 -8.639337e-20 7.199454e-20 0.000000e+00
2.250000e+00 -1.750000e+00 0.000000e+00 -3.769439e-19 2.749509e-19 0.000000e+00
2.250000e+00 -1.500000e+00 0.000000e+00 -1.594526e-18 9.953260e-19 0.000000e+00
2.250000e+00 -1.250000e+00 0.000000e+00 -6.940885e-18 3.569001e-18 0.000000e+00
2.250000e+00 -1.000000e+00 0.000000e+00 -2.559140e-17 1.038608e-17 0.000000e+00
2.250000e+00 -7.500000e-01 0.000000e+00 -7.058067e-17 2.124069e-17 0.000000e+00
2.250000e+00 -5.000000e-01 0.000000e+00 -1.431812e-16 2.847617e-17 0.000000e+00
2.250000e+00 -2.500000e-01 0.000000e+00 -2.168028e-16 2.143740e-17 0.000000e+00
2.250000e+00 0.000000e+00 0.000000e+00 -2.485251e-16 2.068262e-34 0.000000e+00
2.250000e+00 2.500000e-01 0.000000e+00 -2.168028e-16 -2.143740e-17 0.000000e+00
2.250000e+00 5.000000e-01 0.000000e+00 -1.431812e-16 -2.847617e-17 0.000000e+00
2.250000e+00 7.500000e-01 0.000000e+00 -7.058067e-17 -2.124069e-17 0.000000e+00
2.250000e+00 1.000000e+00 0.000000e+00 -2.559140e-17 -1.038608e-17 0.000000e+00
2.250000e+00 1.250000e+00 0.000000e+00 -6.940885e-18 -3.569001e-18 0.000000e+00
2.250000e+00 1.500000e+00 0.000000e+00 -1.594526e-18 -9.953260e-19 0.000000e+00
2.250000e+00 1.750000e+00 0.000000e+00 -3.769439e-19 -2.749509e-19 0.000000e+00
2.250000e+00 2.000000e+00 0.000000e+00 -8.639337e-20 -7.199454e-20 0.000000e+00
2.250000e+00 2.250000e+00 0.000000e+00 -1.671149e-20 -1.589377e-20 0.000000e+00
2.250000e+00 2.500000e+00 0.000000e+00 -3.212582e-21 -3.474780e-21 0.000000e+00
2.500000e+00 -2.500000e+00 0.000000e+00 -8.500053e-22 8.316255e-22 0.000000e+00
2.500000e+00 -2.250000e+00 0.000000e+00 -3.463827e-21 3.038750e-21 0.000000e+00
2.500000e+00 -2.000000e+00 0.000000e+00 -1.420235e-20 1.083450e-20 0.000000e+00
2.500000e+00 -1.750000e+00 0.000000e+00 -5.959957e-20 3.905938e-20 0.000000e+00
2.500000e+00 -1.500000e+00 0.000000e+00 -2.117358e-19 1.182912e-19 0.000000e+00
2.500000e+00 -1.250000e+00 0.000000e+00 -6.174989e-19 2.866258e-19 0.000000e+00
2.500000e+00 -1.000000e+00 0.000000e+00 -1.618101e-18 5.947567e-19 0.000000e+00
2.500000e+00 -7.500000e-01 0.000000e+00 -3.861252e-18 1.046880e-18 0.000000e+00
2.500000e+00 -5.000000e-01 0.000000e+00 -7.691659e-18 1.368889e-18 0.000000e+00
2.500000e+00 -2.500000e-01 0.000000e+00 -1.186625e-17 1.045383e-18 0.000000e+00
2.500000e+00 0.000000e+00 0.000000e+00 -1.374335e-17 1.292664e-35 0.000000e+00
2.500000e+00 2.500000e-01 0.000000e+00 -1.186625e-17 -1.045383e-18 0.000000e+00
2.500000e+00 5.000000e-01 0.000000e+00 -7.691659e-18 -1.368889e-18 0.000000e+00
2.500000e+00 7.500000e-01 0.000000e+00 -3.861252e-18 -1.046880e-18 0.000000e+00
2.500000e+00 1.000000e+00 0.000000e+00 -1.618101e-18 -5.947567e-19 0.000000e+00
2.500000e+00 1.250000e+00 0.000000e+00 -6.174989e-19 -2.866258e-19 0.000000e+00
2.500000e+00 1.500000e+00 0.000000e+00 -2.117358e-19 -1.182912e-19 0.000000e+00
2.500000e+00 1.750000e+00 0.000000e+00 -5.959957e-20 -3.905938e-20 0.000000e+00
2.500000e+00 2.000000e+00 0.000000e+00 -1.420235e-20 -1.083450e-20 0.000000e+00
2.500000e+00 2.250000e+00 0.000000e+00 -3.463827e-21 -3.038750e-21 0.000000e+00
2.500000e+00 2.500000e+00 0.000000e+00 -8.500053e-22 -8.316255e-22 0.000000e+00
