-9.199003e-28 -4.013015e-27 -1.491338e-26 -5.325088e-26 -1.730885e-25 -3.919779e-25 -1.807352e-25 2.679852e-24 1.255653e-23 3.293488e-23 6.026936e-23 8.203376e-23 8.522494e-23 6.825091e-23 4.215090e-23 1.993697e-23 7.121681e-24 1.879643e-24 3.555830e-25 4.669186e-26 4.347925e-27
-1.105261e-26 -4.695593e-26 -1.531887e-25 -4.261266e-25 -1.081621e-24 -2.280563e-24 -2.622704e-24 4.428309e-24 3.235635e-23 9.299512e-23 1.777362e-22 2.497944e-22 2.677104e-22 2.220211e-22 1.430149e-22 7.128214e-23 2.720748e-23 7.815246e-24 1.646235e-24 2.455492e-25 2.519238e-26
-9.370891e-26 -3.745827e-25 -1.112841e-24 -2.631942e-24 -5.372102e-24 -9.694064e-24 -1.288627e-23 -6.680509e-25 5.897794e-23 1.981414e-22 4.037372e-22 5.924921e-22 6.598168e-22 5.695162e-22 3.840335e-22 2.023312e-22 8.279819e-23 2.600699e-23 6.151154e-24 1.064120e-24 1.294444e-25
-5.552188e-25 -2.109297e-24 -5.910996e-24 -1.274471e-23 -2.233589e-23 -3.376529e-23 -4.272374e-23 -2.676339e-23 7.189973e-23 3.224041e-22 7.191627e-22 1.116760e-21 1.304000e-21 1.179737e-21 8.380714e-22 4.698137e-22 2.076878e-22 7.196325e-23 1.929410e-23 3.910765e-24 5.767962e-25
-2.383852e-24 -8.733943e-24 -2.363648e-23 -4.856993e-23 -7.810125e-23 -1.026574e-22 -1.142857e-22 -9.103973e-23 4.166490e-23 4.002075e-22 1.015684e-21 1.697297e-21 2.102790e-21 2.013990e-21 1.521665e-21 9.166337e-22 4.421999e-22 1.705428e-22 5.205346e-23 1.229903e-23 2.165481e-24
-7.678861e-24 -2.747774e-23 -7.292529e-23 -1.465683e-22 -2.266629e-22 -2.751070e-22 -2.706535e-22 -2.117483e-22 -4.694501e-23 3.695169e-22 1.142069e-21 2.101845e-21 2.808116e-21 2.887166e-21 2.350215e-21 1.539629e-21 8.182993e-22 3.526281e-22 1.217998e-22 3.291241e-23 6.696006e-24
-1.907119e-23 -6.736030e-23 -1.772188e-22 -3.537346e-22 -5.410083e-22 -6.372412e-22 -5.833084e-22 -4.195080e-22 -1.863975e-22 2.289426e-22 1.018771e-21 2.136723e-21 3.149562e-21 3.541535e-21 3.154200e-21 2.272391e-21 1.336629e-21 6.404266e-22 2.464197e-22 7.421429e-23 1.686907e-23
-3.728170e-23 -1.311837e-22 -3.450516e-22 -6.908348e-22 -1.061782e-21 -1.252053e-21 -1.124941e-21 -7.651323e-22 -3.717259e-22 3.995009e-23 7.112500e-22 1.795686e-21 3.012735e-21 3.789429e-21 3.747638e-21 2.987314e-21 1.937427e-21 1.018536e-21 4.276097e-22 1.399307e-22 3.454640e-23
-5.824341e-23 -2.059502e-22 -5.457422e-22 -1.104571e-21 -1.723790e-21 -2.072540e-21 -1.896540e-21 -1.291076e-21 -6.296518e-22 -1.392212e-22 3.759159e-22 1.262645e-21 2.503609e-21 3.600455e-21 3.989729e-21 3.510577e-21 2.481577e-21 1.406373e-21 6.310643e-22 2.196015e-22 5.760692e-23
-7.349042e-23 -2.634593e-22 -7.088759e-22 -1.461585e-21 -2.336488e-21 -2.901123e-21 -2.768587e-21 -1.977920e-21 -1.010179e-21 -3.207998e-22 1.269787e-22 7.652617e-22 1.849312e-21 3.075437e-21 3.812540e-21 3.664253e-21 2.779343e-21 1.668402e-21 7.862140e-22 2.860403e-22 7.839801e-23
-7.539113e-23 -2.766896e-22 -7.627476e-22 -1.616492e-21 -2.673262e-21 -3.470111e-21 -3.516326e-21 -2.723294e-21 -1.543721e-21 -5.861878e-22 -4.734912e-23 4.230846e-22 1.248545e-21 2.371025e-21 3.243191e-21 3.352789e-21 2.686464e-21 1.682955e-21 8.214710e-22 3.084086e-22 8.716343e-23
-6.307873e-23 -2.397341e-22 -6.846346e-22 -1.508603e-21 -2.613502e-21 -3.597350e-21 -3.935015e-21 -3.373804e-21 -2.192540e-21 -1.009880e-21 -2.490134e-22 2.118611e-22 7.946890e-22 1.647863e-21 2.423802e-21 2.648941e-21 2.211816e-21 1.429294e-21 7.150538e-22 2.742058e-22 7.906287e-23
-4.305365e-23 -1.718864e-22 -5.158228e-22 -1.199623e-21 -2.211919e-21 -3.280662e-21 -3.930149e-21 -3.768464e-21 -2.817846e-21 -1.559854e-21 -5.537362e-22 3.883492e-23 4.854995e-22 1.036206e-21 1.575265e-21 1.783424e-21 1.532610e-21 1.012033e-21 5.145871e-22 1.998621e-22 5.825177e-23
-2.392432e-23 -1.022052e-22 -3.283083e-22 -8.211391e-22 -1.641019e-21 -2.662791e-21 -3.524411e-21 -3.774426e-21 -3.199157e-21 -2.058793e-21 -9.155964e-22 -1.546643e-22 2.712523e-22 5.987872e-22 8.909830e-22 1.014909e-21 8.845021e-22 5.913474e-22 3.032887e-22 1.184000e-22 3.458492e-23
-1.079228e-23 -5.053860e-23 -1.778448e-22 -4.887211e-22 -1.077003e-21 -1.931093e-21 -2.824618e-21 -3.342924e-21 -3.142244e-21 -2.270723e-21 -1.180053e-21 -3.424898e-22 1.075138e-22 3.218490e-22 4.458932e-22 4.884510e-22 4.217980e-22 2.820280e-22 1.446757e-22 5.632956e-23 1.634799e-23
-3.946321e-24 -2.088861e-23 -8.269659e-23 -2.548257e-22 -6.264816e-22 -1.243287e-21 -1.994578e-21 -2.570052e-21 -2.623563e-21 -2.071217e-21 -1.205077e-21 -4.477943e-22 -1.395390e-23 1.551374e-22 2.023087e-22 2.013757e-22 1.656708e-22 1.085434e-22 5.504261e-23 2.117945e-23 6.049439e-24
-1.174414e-24 -7.278740e-24 -3.325331e-23 -1.165073e-22 -3.203940e-22 -6.994998e-22 -1.216691e-21 -1.682178e-21 -1.833899e-21 -1.550511e-21 -9.820051e-22 -4.253400e-22 -7.834216e-23 5.837448e-23 8.326350e-23 7.272404e-23 5.385596e-23 3.336180e-23 1.640674e-23 6.162587e-24 1.713149e-24
-2.888018e-25 -2.159849e-24 -1.157374e-23 -4.625406e-23 -1.414884e-22 -3.364578e-22 -6.272974e-22 -9.197351e-22 -1.057692e-21 -9.441558e-22 -6.382621e-22 -3.073806e-22 -8.440256e-23 1.048120e-23 2.932221e-23 2.325605e-23 1.468642e-23 8.130721e-24 3.751405e-24 1.350339e-24 3.604103e-25
-6.042914e-26 -5.477413e-25 -3.443790e-24 -1.559908e-23 -5.258326e-23 -1.348961e-22 -2.672031e-22 -4.119882e-22 -4.954097e-22 -4.620375e-22 -3.285085e-22 -1.706973e-22 -5.720066e-23 -4.952623e-24 7.758803e-24 6.370775e-24 3.392748e-24 1.567342e-24 6.419948e-25 2.151168e-25 5.428754e-26
-1.113926e-26 -1.171062e-25 -8.508489e-25 -4.324878e-24 -1.593969e-23 -4.383496e-23 -9.174922e-23 -1.479720e-22 -1.849119e-22 -1.787305e-22 -1.320702e-22 -7.242054e-23 -2.727710e-23 -5.165805e-24 1.140314e-24 1.368877e-24 6.492525e-25 2.380295e-25 7.990600e-26 2.388424e-26 5.666930e-27
-1.862101e-27 -2.046874e-26 -1.671889e-25 -9.460722e-25 -3.800457e-24 -1.118307e-23 -2.468668e-23 -4.153342e-23 -5.371042e-23 -5.345393e-23 -4.063240e-23 -2.309197e-23 -9.322271e-24 -2.293067e-24 -7.408606e-26 1.999502e-25 9.526234e-26 2.769242e-26 7.009095e-27 1.809354e-27 4.311147e-28
