Iteration# z ADDATime OurCalcTime
1.0000000000 -0.0500000000 0.0000000000 58.3600000000
2.0000000000 0.0000000000 0.0000000000 58.1600000000
3.0000000000 0.0500000000 0.0100000000 59.5900000000
4.0000000000 0.1000000000 0.0000000000 59.5200000000
5.0000000000 0.1500000000 0.0100000000 58.7600000000
6.0000000000 0.2000000000 0.0100000000 58.9200000000
7.0000000000 0.2500000000 0.0000000000 59.1300000000
8.0000000000 0.3000000000 0.0100000000 59.4200000000
9.0000000000 0.3500000000 0.0100000000 58.8500000000
10.0000000000 0.4000000000 0.0000000000 58.6200000000
11.0000000000 0.4500000000 0.0100000000 58.9300000000
12.0000000000 0.5000000000 0.0100000000 58.8500000000
13.0000000000 0.4750000000 0.0000000000 58.9300000000
14.0000000000 0.4625000000 0.0100000000 58.7200000000
15.0000000000 0.4750000000 0.0100000000 58.7500000000
16.0000000000 0.4687500000 0.0100000000 59.2200000000
17.0000000000 0.4656250000 0.0100000000 60.9200000000
18.0000000000 0.4640625000 0.0100000000 59.0100000000
19.0000000000 0.4632812500 0.0100000000 58.8500000000
20.0000000000 0.4640625000 0.0100000000 58.3500000000
21.0000000000 0.4636718750 0.0000000000 58.5800000000
22.0000000000 0.4634765625 0.0100000000 57.6400000000
23.0000000000 0.4636718750 0.0100000000 57.2000000000
24.0000000000 0.4635742187 0.0000000000 57.2500000000
25.0000000000 0.4635253906 0.0000000000 57.3800000000
26.0000000000 0.4635009766 0.0100000000 56.9500000000
