Iteration# z ADDATime OurCalcTime
1.0000000000 -0.0500000000 0.0000000000 42.2500000000
2.0000000000 0.0000000000 0.0000000000 41.9400000000
3.0000000000 0.0500000000 0.0000000000 41.0900000000
4.0000000000 0.0250000000 0.0000000000 41.0600000000
5.0000000000 0.0125000000 0.0000000000 40.8400000000
6.0000000000 0.0062500000 0.0000000000 41.6600000000
7.0000000000 0.0031250000 0.0000000000 41.3200000000
8.0000000000 0.0015625000 0.0100000000 41.2000000000
9.0000000000 0.0007812500 0.0100000000 40.4600000000
10.0000000000 0.0015625000 0.0000000000 40.8800000000
11.0000000000 0.0011718750 0.0000000000 41.3000000000
12.0000000000 0.0009765625 0.0000000000 42.5300000000
13.0000000000 0.0008789063 0.0000000000 40.6900000000
14.0000000000 0.0008300781 0.0000000000 40.7000000000
15.0000000000 0.0008789063 0.0000000000 41.0400000000
16.0000000000 0.0008544922 0.0000000000 41.8100000000
17.0000000000 0.0008789063 0.0000000000 41.2000000000
18.0000000000 0.0008666992 0.0000000000 40.9500000000
19.0000000000 0.0008789063 0.0000000000 40.8800000000
20.0000000000 0.0008728027 0.0000000000 41.3300000000
1.0000000000 0.0008697510 0.0000000000 41.0500000000
2.0000000000 0.0008728027 0.0000000000 41.0900000000
3.0000000000 0.0008758545 0.0000000000 40.8000000000
4.0000000000 0.0008789063 0.0000000000 40.7000000000
5.0000000000 0.0008819580 0.0000000000 40.8600000000
6.0000000000 0.0008850098 0.0100000000 40.6600000000
7.0000000000 0.0008880615 0.0000000000 41.0100000000
8.0000000000 0.0008911133 0.0000000000 40.8000000000
9.0000000000 0.0008941650 0.0000000000 40.8200000000
10.0000000000 0.0008972168 0.0000000000 40.8800000000
11.0000000000 0.0009002686 0.0000000000 40.7900000000
12.0000000000 0.0009033203 0.0000000000 40.4300000000
13.0000000000 0.0009063721 0.0000000000 40.4500000000
14.0000000000 0.0009094238 0.0000000000 40.3600000000
15.0000000000 0.0009124756 0.0000000000 40.7100000000
16.0000000000 0.0009155273 0.0000000000 40.4400000000
17.0000000000 0.0009185791 0.0000000000 40.5100000000
18.0000000000 0.0009216309 0.0000000000 40.4400000000
19.0000000000 0.0009246826 0.0000000000 40.1800000000
20.0000000000 0.0009277344 0.0000000000 40.4700000000
21.0000000000 0.0009307861 0.0000000000 40.9200000000
22.0000000000 0.0009338379 0.0000000000 40.8100000000
23.0000000000 0.0009368896 0.0100000000 40.6500000000
24.0000000000 0.0009399414 0.0000000000 40.5200000000
25.0000000000 0.0009429932 0.0000000000 40.6600000000
26.0000000000 0.0009460449 0.0000000000 40.5700000000
27.0000000000 0.0009490967 0.0000000000 41.3400000000
28.0000000000 0.0009521484 0.0000000000 40.7000000000
29.0000000000 0.0009552002 0.0000000000 41.0500000000
30.0000000000 0.0009582520 0.0000000000 41.1600000000
31.0000000000 0.0009613037 0.0000000000 40.9600000000
32.0000000000 0.0009643555 0.0000000000 41.0000000000
33.0000000000 0.0009674072 0.0000000000 40.8400000000
34.0000000000 0.0009704590 0.0000000000 40.5600000000
35.0000000000 0.0009735107 0.0100000000 40.2600000000
36.0000000000 0.0009765625 0.0000000000 40.3000000000
37.0000000000 0.0009796143 0.0000000000 40.5500000000
38.0000000000 0.0009826660 0.0000000000 40.5600000000
39.0000000000 0.0009857178 0.0000000000 40.5600000000
40.0000000000 0.0009887695 0.0000000000 40.6900000000
41.0000000000 0.0009918213 0.0000000000 40.8400000000
42.0000000000 0.0009948730 0.0100000000 40.5300000000
43.0000000000 0.0009979248 0.0000000000 41.0400000000
44.0000000000 0.0010009766 0.0100000000 40.4800000000
45.0000000000 0.0010040283 0.0100000000 41.2700000000
46.0000000000 0.0010070801 0.0000000000 40.7800000000
47.0000000000 0.0010101318 0.0000000000 40.5100000000
48.0000000000 0.0010131836 0.0000000000 40.5800000000
49.0000000000 0.0010162354 0.0000000000 40.5200000000
50.0000000000 0.0010192871 0.0100000000 40.5000000000
51.0000000000 0.0010223389 0.0100000000 40.5000000000
52.0000000000 0.0010253906 0.0000000000 41.0900000000
53.0000000000 0.0010284424 0.0100000000 40.2000000000
54.0000000000 0.0010314941 0.0000000000 40.7800000000
55.0000000000 0.0010345459 0.0000000000 40.1800000000
56.0000000000 0.0010375977 0.0000000000 40.6100000000
57.0000000000 0.0010406494 0.0000000000 40.9000000000
58.0000000000 0.0010437012 0.0000000000 41.1900000000
59.0000000000 0.0010467529 0.0100000000 40.4500000000
60.0000000000 0.0010498047 0.0000000000 40.9100000000
61.0000000000 0.0010528564 0.0100000000 41.1400000000
62.0000000000 0.0010559082 0.0100000000 40.8400000000
63.0000000000 0.0010589600 0.0000000000 40.4200000000
64.0000000000 0.0010620117 0.0000000000 40.8300000000
65.0000000000 0.0010650635 0.0000000000 40.3800000000
66.0000000000 0.0010681152 0.0000000000 40.9100000000
67.0000000000 0.0010711670 0.0000000000 40.5300000000
68.0000000000 0.0010742188 0.0000000000 40.8000000000
69.0000000000 0.0010772705 0.0000000000 40.9600000000
70.0000000000 0.0010803223 0.0000000000 40.6900000000
71.0000000000 0.0010833740 0.0000000000 41.0400000000
72.0000000000 0.0010864258 0.0000000000 40.4700000000
73.0000000000 0.0010894775 0.0000000000 40.6100000000
74.0000000000 0.0010925293 0.0000000000 40.6000000000
75.0000000000 0.0010955811 0.0000000000 40.8200000000
76.0000000000 0.0010986328 0.0000000000 40.7000000000
77.0000000000 0.0011016846 0.0000000000 40.3800000000
78.0000000000 0.0011047363 0.0100000000 40.9800000000
79.0000000000 0.0011077881 0.0000000000 40.9100000000
80.0000000000 0.0011108398 0.0000000000 41.1300000000
81.0000000000 0.0011138916 0.0000000000 41.4100000000
82.0000000000 0.0011169434 0.0000000000 40.9500000000
83.0000000000 0.0011199951 0.0000000000 41.0000000000
84.0000000000 0.0011230469 0.0000000000 41.2600000000
85.0000000000 0.0011260986 0.0100000000 40.7700000000
86.0000000000 0.0011291504 0.0000000000 40.8100000000
87.0000000000 0.0011322021 0.0000000000 41.2200000000
88.0000000000 0.0011352539 0.0100000000 40.9400000000
89.0000000000 0.0011383057 0.0100000000 40.5500000000
90.0000000000 0.0011413574 0.0000000000 41.2100000000
91.0000000000 0.0011444092 0.0000000000 40.9100000000
92.0000000000 0.0011474609 0.0000000000 40.5700000000
93.0000000000 0.0011505127 0.0100000000 40.3800000000
94.0000000000 0.0011535645 0.0000000000 40.4000000000
95.0000000000 0.0011566162 0.0000000000 40.4800000000
96.0000000000 0.0011596680 0.0000000000 40.5700000000
97.0000000000 0.0011627197 0.0000000000 40.2800000000
98.0000000000 0.0011657715 0.0000000000 40.1900000000
99.0000000000 0.0011688232 0.0000000000 40.1100000000
100.0000000000 0.0011718750 0.0100000000 40.6300000000
101.0000000000 0.0011749268 0.0100000000 40.5800000000
102.0000000000 0.0011779785 0.0000000000 40.1900000000
103.0000000000 0.0011810303 0.0000000000 40.7200000000
104.0000000000 0.0011840820 0.0000000000 40.9100000000
105.0000000000 0.0011871338 0.0000000000 40.8200000000
106.0000000000 0.0011901855 0.0100000000 41.1100000000
107.0000000000 0.0011932373 0.0000000000 41.0100000000
108.0000000000 0.0011962891 0.0000000000 40.5200000000
109.0000000000 0.0011993408 0.0000000000 40.8800000000
110.0000000000 0.0012023926 0.0000000000 40.4300000000
111.0000000000 0.0012054443 0.0000000000 40.7400000000
112.0000000000 0.0012084961 0.0000000000 40.2900000000
113.0000000000 0.0012115479 0.0000000000 40.4700000000
114.0000000000 0.0012145996 0.0000000000 40.7600000000
115.0000000000 0.0012176514 0.0000000000 40.5200000000
116.0000000000 0.0012207031 0.0000000000 40.9400000000
117.0000000000 0.0012237549 0.0000000000 40.5600000000
118.0000000000 0.0012268066 0.0100000000 41.0100000000
119.0000000000 0.0012298584 0.0000000000 40.9600000000
120.0000000000 0.0012329102 0.0000000000 40.6200000000
121.0000000000 0.0012359619 0.0000000000 41.4600000000
122.0000000000 0.0012390137 0.0000000000 40.9000000000
123.0000000000 0.0012420654 0.0000000000 41.0200000000
124.0000000000 0.0012451172 0.0000000000 40.7900000000
125.0000000000 0.0012481689 0.0000000000 40.1900000000
126.0000000000 0.0012512207 0.0000000000 41.9000000000
127.0000000000 0.0012542725 0.0100000000 41.2200000000
128.0000000000 0.0012573242 0.0000000000 40.5900000000
129.0000000000 0.0012603760 0.0000000000 40.6300000000
130.0000000000 0.0012634277 0.0000000000 40.6000000000
131.0000000000 0.0012664795 0.0000000000 40.3800000000
132.0000000000 0.0012695313 0.0000000000 40.2800000000
133.0000000000 0.0012725830 0.0000000000 40.0700000000
134.0000000000 0.0012756348 0.0100000000 40.3900000000
135.0000000000 0.0012786865 0.0000000000 40.5500000000
136.0000000000 0.0012817383 0.0000000000 40.5600000000
137.0000000000 0.0012847900 0.0000000000 40.3500000000
138.0000000000 0.0012878418 0.0000000000 41.6100000000
139.0000000000 0.0012908936 0.0000000000 41.0800000000
140.0000000000 0.0012939453 0.0000000000 40.6400000000
141.0000000000 0.0012969971 0.0000000000 41.0500000000
142.0000000000 0.0013000488 0.0000000000 41.2000000000
143.0000000000 0.0013031006 0.0000000000 40.4100000000
144.0000000000 0.0013061523 0.0000000000 40.3900000000
145.0000000000 0.0013092041 0.0000000000 40.1900000000
146.0000000000 0.0013122559 0.0000000000 40.6100000000
147.0000000000 0.0013153076 0.0000000000 41.8100000000
148.0000000000 0.0013183594 0.0000000000 41.3300000000
149.0000000000 0.0013214111 0.0000000000 40.8800000000
150.0000000000 0.0013244629 0.0000000000 40.9800000000
151.0000000000 0.0013275146 0.0000000000 40.7300000000
152.0000000000 0.0013305664 0.0000000000 40.3000000000
153.0000000000 0.0013336182 0.0000000000 40.2500000000
154.0000000000 0.0013366699 0.0000000000 40.7100000000
155.0000000000 0.0013397217 0.0000000000 40.8300000000
156.0000000000 0.0013427734 0.0000000000 40.0700000000
157.0000000000 0.0013458252 0.0000000000 40.9900000000
158.0000000000 0.0013488770 0.0000000000 40.5200000000
159.0000000000 0.0013519287 0.0000000000 40.7200000000
160.0000000000 0.0013549805 0.0000000000 41.1600000000
161.0000000000 0.0013580322 0.0000000000 41.0100000000
162.0000000000 0.0013610840 0.0000000000 40.6400000000
163.0000000000 0.0013641357 0.0000000000 40.4100000000
164.0000000000 0.0013671875 0.0100000000 40.6600000000
165.0000000000 0.0013702393 0.0000000000 40.3600000000
166.0000000000 0.0013732910 0.0100000000 41.0600000000
167.0000000000 0.0013763428 0.0000000000 41.3600000000
168.0000000000 0.0013793945 0.0000000000 40.8700000000
169.0000000000 0.0013824463 0.0000000000 40.8100000000
170.0000000000 0.0013854980 0.0100000000 41.6500000000
171.0000000000 0.0013885498 0.0100000000 41.4100000000
172.0000000000 0.0013916016 0.0000000000 40.8200000000
173.0000000000 0.0013946533 0.0000000000 40.1300000000
174.0000000000 0.0013977051 0.0000000000 40.6300000000
175.0000000000 0.0014007568 0.0000000000 41.3900000000
176.0000000000 0.0014038086 0.0100000000 41.0000000000
177.0000000000 0.0014068604 0.0000000000 40.5700000000
178.0000000000 0.0014099121 0.0000000000 40.6700000000
179.0000000000 0.0014129639 0.0000000000 40.9000000000
180.0000000000 0.0014160156 0.0000000000 40.5400000000
181.0000000000 0.0014190674 0.0000000000 40.7800000000
182.0000000000 0.0014221191 0.0000000000 40.5900000000
183.0000000000 0.0014251709 0.0000000000 40.5200000000
184.0000000000 0.0014282227 0.0000000000 40.5200000000
185.0000000000 0.0014312744 0.0000000000 40.4300000000
186.0000000000 0.0014343262 0.0000000000 40.3900000000
187.0000000000 0.0014373779 0.0000000000 40.6200000000
188.0000000000 0.0014404297 0.0100000000 40.2700000000
189.0000000000 0.0014434814 0.0100000000 40.5700000000
190.0000000000 0.0014465332 0.0000000000 40.0700000000
191.0000000000 0.0014495850 0.0000000000 40.2400000000
192.0000000000 0.0014526367 0.0000000000 41.3900000000
193.0000000000 0.0014556885 0.0000000000 40.5600000000
194.0000000000 0.0014587402 0.0100000000 40.4500000000
195.0000000000 0.0014617920 0.0100000000 40.9300000000
196.0000000000 0.0014648438 0.0100000000 40.8900000000
197.0000000000 0.0014678955 0.0000000000 40.3200000000
198.0000000000 0.0014709473 0.0000000000 40.0500000000
199.0000000000 0.0014739990 0.0000000000 40.4800000000
200.0000000000 0.0014770508 0.0000000000 41.0200000000
201.0000000000 0.0014801025 0.0000000000 40.6100000000
202.0000000000 0.0014831543 0.0100000000 40.1400000000
203.0000000000 0.0014862061 0.0000000000 40.6100000000
204.0000000000 0.0014892578 0.0000000000 40.8500000000
205.0000000000 0.0014923096 0.0000000000 40.7900000000
206.0000000000 0.0014953613 0.0000000000 40.2200000000
207.0000000000 0.0014984131 0.0000000000 40.5600000000
208.0000000000 0.0015014648 0.0100000000 40.6100000000
209.0000000000 0.0015045166 0.0000000000 40.6900000000
210.0000000000 0.0015075684 0.0000000000 41.2900000000
211.0000000000 0.0015106201 0.0100000000 41.0400000000
212.0000000000 0.0015136719 0.0000000000 40.6500000000
213.0000000000 0.0015167236 0.0000000000 40.6400000000
214.0000000000 0.0015197754 0.0000000000 41.1800000000
215.0000000000 0.0015228271 0.0000000000 40.1800000000
216.0000000000 0.0015258789 0.0000000000 40.7400000000
217.0000000000 0.0015289307 0.0000000000 40.9400000000
218.0000000000 0.0015319824 0.0100000000 42.3300000000
219.0000000000 0.0015350342 0.0000000000 40.9800000000
220.0000000000 0.0015380859 0.0000000000 40.7000000000
221.0000000000 0.0015411377 0.0000000000 40.3600000000
222.0000000000 0.0015441895 0.0000000000 40.1800000000
223.0000000000 0.0015472412 0.0100000000 40.2800000000
224.0000000000 0.0015502930 0.0100000000 40.1200000000
225.0000000000 0.0015533447 0.0100000000 40.5100000000
226.0000000000 0.0015563965 0.0100000000 40.5000000000
227.0000000000 0.0015594482 0.0000000000 40.7400000000
228.0000000000 0.0015625000 0.0100000000 41.3300000000
229.0000000000 0.0015655518 0.0000000000 40.5900000000
230.0000000000 0.0015686035 0.0000000000 41.1400000000
231.0000000000 0.0015716553 0.0000000000 40.3800000000
232.0000000000 0.0015747070 0.0000000000 40.1100000000
233.0000000000 0.0015777588 0.0000000000 40.3500000000
234.0000000000 0.0015808105 0.0000000000 40.4900000000
235.0000000000 0.0015838623 0.0000000000 40.7300000000
236.0000000000 0.0015869141 0.0000000000 40.4900000000
237.0000000000 0.0015899658 0.0000000000 40.1000000000
238.0000000000 0.0015930176 0.0000000000 40.4000000000
239.0000000000 0.0015960693 0.0000000000 40.4700000000
240.0000000000 0.0015991211 0.0000000000 40.6200000000
241.0000000000 0.0016021729 0.0100000000 41.0900000000
242.0000000000 0.0016052246 0.0100000000 40.3100000000
243.0000000000 0.0016082764 0.0000000000 40.4100000000
244.0000000000 0.0016113281 0.0000000000 41.3200000000
245.0000000000 0.0016143799 0.0100000000 40.9000000000
246.0000000000 0.0016174316 0.0000000000 40.6200000000
247.0000000000 0.0016204834 0.0000000000 40.6100000000
248.0000000000 0.0016235352 0.0000000000 40.6400000000
249.0000000000 0.0016265869 0.0000000000 41.0200000000
250.0000000000 0.0016296387 0.0000000000 41.2400000000
251.0000000000 0.0016326904 0.0000000000 41.9300000000
252.0000000000 0.0016357422 0.0200000000 38.0000000000
253.0000000000 0.0016387939 0.0100000000 34.6100000000
254.0000000000 0.0016418457 0.0000000000 34.8000000000
255.0000000000 0.0016448975 0.0000000000 35.3900000000
256.0000000000 0.0016479492 0.0000000000 34.8200000000
257.0000000000 0.0016510010 0.0100000000 34.7300000000
258.0000000000 0.0016540527 0.0000000000 34.8700000000
259.0000000000 0.0016571045 0.0000000000 34.8400000000
260.0000000000 0.0016601563 0.0000000000 34.9200000000
261.0000000000 0.0016632080 0.0100000000 34.8700000000
262.0000000000 0.0016662598 0.0000000000 34.8800000000
263.0000000000 0.0016693115 0.0000000000 34.6100000000
264.0000000000 0.0016723633 0.0000000000 34.6700000000
265.0000000000 0.0016754150 0.0100000000 34.4200000000
266.0000000000 0.0016784668 0.0000000000 35.0200000000
267.0000000000 0.0016815186 0.0000000000 34.8000000000
268.0000000000 0.0016845703 0.0100000000 35.4600000000
269.0000000000 0.0016876221 0.0100000000 34.6800000000
270.0000000000 0.0016906738 0.0000000000 35.0800000000
271.0000000000 0.0016937256 0.0000000000 34.6600000000
272.0000000000 0.0016967773 0.0000000000 35.0300000000
273.0000000000 0.0016998291 0.0000000000 34.6500000000
274.0000000000 0.0017028809 0.0000000000 34.9600000000
275.0000000000 0.0017059326 0.0000000000 34.6500000000
276.0000000000 0.0017089844 0.0100000000 35.3000000000
277.0000000000 0.0017120361 0.0100000000 34.9600000000
278.0000000000 0.0017150879 0.0100000000 35.0000000000
279.0000000000 0.0017181396 0.0000000000 34.8400000000
280.0000000000 0.0017211914 0.0000000000 35.0200000000
281.0000000000 0.0017242432 0.0000000000 34.9900000000
282.0000000000 0.0017272949 0.0000000000 35.0900000000
283.0000000000 0.0017303467 0.0000000000 34.9900000000
284.0000000000 0.0017333984 0.0000000000 35.7900000000
285.0000000000 0.0017364502 0.0000000000 34.9300000000
286.0000000000 0.0017395020 0.0100000000 34.9700000000
287.0000000000 0.0017425537 0.0000000000 34.9200000000
288.0000000000 0.0017456055 0.0000000000 34.9600000000
289.0000000000 0.0017486572 0.0000000000 35.0700000000
290.0000000000 0.0017517090 0.0000000000 36.1800000000
291.0000000000 0.0017547607 0.0000000000 36.2400000000
292.0000000000 0.0017578125 0.0000000000 36.1200000000
293.0000000000 0.0017608643 0.0000000000 36.1100000000
294.0000000000 0.0017639160 0.0000000000 36.0600000000
295.0000000000 0.0017669678 0.0000000000 36.3400000000
296.0000000000 0.0017700195 0.0000000000 36.4800000000
297.0000000000 0.0017730713 0.0000000000 36.6700000000
298.0000000000 0.0017761230 0.0100000000 36.3100000000
299.0000000000 0.0017791748 0.0000000000 36.1200000000
300.0000000000 0.0017822266 0.0000000000 35.9200000000
301.0000000000 0.0017852783 0.0000000000 36.2000000000
302.0000000000 0.0017883301 0.0100000000 36.0300000000
303.0000000000 0.0017913818 0.0100000000 36.1300000000
304.0000000000 0.0017944336 0.0000000000 36.0400000000
305.0000000000 0.0017974854 0.0000000000 35.9000000000
306.0000000000 0.0018005371 0.0100000000 36.0700000000
307.0000000000 0.0018035889 0.0000000000 36.6500000000
308.0000000000 0.0018066406 0.0000000000 36.3300000000
309.0000000000 0.0018096924 0.0000000000 36.0600000000
310.0000000000 0.0018127441 0.0000000000 36.2600000000
311.0000000000 0.0018157959 0.0000000000 36.1600000000
312.0000000000 0.0018188477 0.0000000000 36.1100000000
313.0000000000 0.0018218994 0.0000000000 36.0400000000
314.0000000000 0.0018249512 0.0000000000 36.1300000000
315.0000000000 0.0018280029 0.0000000000 36.2800000000
316.0000000000 0.0018310547 0.0000000000 35.9300000000
317.0000000000 0.0018341064 0.0000000000 36.2300000000
318.0000000000 0.0018371582 0.0000000000 35.8500000000
319.0000000000 0.0018402100 0.0000000000 36.0000000000
320.0000000000 0.0018432617 0.0000000000 36.0400000000
321.0000000000 0.0018463135 0.0000000000 36.1100000000
322.0000000000 0.0018493652 0.0100000000 36.4400000000
323.0000000000 0.0018524170 0.0100000000 35.7300000000
324.0000000000 0.0018554688 0.0000000000 36.1800000000
325.0000000000 0.0018585205 0.0000000000 36.4400000000
326.0000000000 0.0018615723 0.0000000000 36.0200000000
1.0000000000 0.0018646240 0.0000000000 35.9600000000
2.0000000000 0.0018676758 0.0000000000 36.2100000000
3.0000000000 0.0018707275 0.0000000000 36.0400000000
4.0000000000 0.0018737793 0.0000000000 35.9400000000
5.0000000000 0.0018768311 0.0000000000 36.3000000000
6.0000000000 0.0018798828 0.0000000000 35.7600000000
7.0000000000 0.0018829346 0.0000000000 36.4300000000
8.0000000000 0.0018859863 0.0000000000 36.3000000000
9.0000000000 0.0018890381 0.0000000000 35.6700000000
10.0000000000 0.0018920898 0.0000000000 35.9600000000
11.0000000000 0.0018951416 0.0100000000 36.0300000000
12.0000000000 0.0018981934 0.0000000000 36.2300000000
13.0000000000 0.0019012451 0.0000000000 35.9100000000
14.0000000000 0.0019042969 0.0000000000 36.1900000000
15.0000000000 0.0019073486 0.0000000000 37.1200000000
16.0000000000 0.0019104004 0.0000000000 36.7800000000
17.0000000000 0.0019134521 0.0100000000 35.8700000000
18.0000000000 0.0019165039 0.0000000000 35.7200000000
19.0000000000 0.0019195557 0.0100000000 35.8900000000
20.0000000000 0.0019226074 0.0000000000 36.2300000000
21.0000000000 0.0019256592 0.0000000000 36.1800000000
22.0000000000 0.0019287109 0.0000000000 35.8900000000
23.0000000000 0.0019317627 0.0100000000 36.0800000000
24.0000000000 0.0019348145 0.0000000000 36.0500000000
25.0000000000 0.0019378662 0.0000000000 36.0400000000
26.0000000000 0.0019409180 0.0000000000 36.3500000000
27.0000000000 0.0019439697 0.0100000000 35.9000000000
28.0000000000 0.0019470215 0.0000000000 36.1700000000
29.0000000000 0.0019500732 0.0100000000 36.2500000000
30.0000000000 0.0019531250 0.0000000000 36.1100000000
31.0000000000 0.0019561768 0.0000000000 36.0500000000
32.0000000000 0.0019592285 0.0000000000 36.9200000000
33.0000000000 0.0019622803 0.0000000000 36.0800000000
34.0000000000 0.0019653320 0.0000000000 36.3900000000
35.0000000000 0.0019683838 0.0100000000 36.1500000000
36.0000000000 0.0019714355 0.0000000000 36.4000000000
37.0000000000 0.0019744873 0.0000000000 36.0200000000
38.0000000000 0.0019775391 0.0000000000 36.0600000000
39.0000000000 0.0019805908 0.0000000000 35.6900000000
40.0000000000 0.0019836426 0.0100000000 36.3500000000
41.0000000000 0.0019866943 0.0000000000 36.2500000000
42.0000000000 0.0019897461 0.0000000000 35.9300000000
43.0000000000 0.0019927979 0.0000000000 36.2400000000
44.0000000000 0.0019958496 0.0000000000 36.3000000000
45.0000000000 0.0019989014 0.0100000000 36.3800000000
46.0000000000 0.0020019531 0.0000000000 35.9800000000
47.0000000000 0.0020050049 0.0000000000 36.6400000000
48.0000000000 0.0020080566 0.0100000000 36.2600000000
49.0000000000 0.0020111084 0.0100000000 36.2300000000
50.0000000000 0.0020141602 0.0100000000 36.4600000000
51.0000000000 0.0020172119 0.0000000000 36.7700000000
52.0000000000 0.0020202637 0.0000000000 36.3300000000
53.0000000000 0.0020233154 0.0000000000 35.8500000000
54.0000000000 0.0020263672 0.0000000000 36.4100000000
55.0000000000 0.0020294189 0.0000000000 35.9900000000
56.0000000000 0.0020324707 0.0000000000 36.1000000000
57.0000000000 0.0020355225 0.0000000000 35.8700000000
58.0000000000 0.0020385742 0.0000000000 35.9700000000
59.0000000000 0.0020416260 0.0000000000 36.1100000000
60.0000000000 0.0020446777 0.0000000000 35.6700000000
61.0000000000 0.0020477295 0.0000000000 35.8300000000
62.0000000000 0.0020507813 0.0000000000 36.2100000000
63.0000000000 0.0020538330 0.0000000000 36.5500000000
64.0000000000 0.0020568848 0.0000000000 35.6400000000
65.0000000000 0.0020599365 0.0000000000 36.1600000000
66.0000000000 0.0020629883 0.0000000000 36.2100000000
67.0000000000 0.0020660400 0.0000000000 36.2400000000
68.0000000000 0.0020690918 0.0000000000 35.8400000000
69.0000000000 0.0020721436 0.0000000000 36.2500000000
70.0000000000 0.0020751953 0.0000000000 35.9800000000
71.0000000000 0.0020782471 0.0000000000 36.3200000000
72.0000000000 0.0020812988 0.0000000000 36.1800000000
73.0000000000 0.0020843506 0.0000000000 36.0200000000
74.0000000000 0.0020874023 0.0000000000 36.0200000000
75.0000000000 0.0020904541 0.0100000000 36.1500000000
76.0000000000 0.0020935059 0.0100000000 35.7400000000
77.0000000000 0.0020965576 0.0000000000 35.9000000000
78.0000000000 0.0020996094 0.0100000000 35.8400000000
79.0000000000 0.0021026611 0.0000000000 36.2900000000
80.0000000000 0.0021057129 0.0100000000 36.4900000000
81.0000000000 0.0021087646 0.0100000000 35.7600000000
82.0000000000 0.0021118164 0.0000000000 36.2400000000
83.0000000000 0.0021148682 0.0000000000 36.1400000000
84.0000000000 0.0021179199 0.0000000000 36.0000000000
85.0000000000 0.0021209717 0.0000000000 36.3800000000
86.0000000000 0.0021240234 0.0000000000 35.9400000000
87.0000000000 0.0021270752 0.0100000000 35.8400000000
88.0000000000 0.0021301270 0.0000000000 36.2000000000
89.0000000000 0.0021331787 0.0000000000 36.2100000000
90.0000000000 0.0021362305 0.0000000000 36.6400000000
91.0000000000 0.0021392822 0.0000000000 36.0200000000
92.0000000000 0.0021423340 0.0000000000 36.1700000000
93.0000000000 0.0021453857 0.0000000000 36.8000000000
94.0000000000 0.0021484375 0.0000000000 35.9800000000
95.0000000000 0.0021514893 0.0000000000 36.2800000000
96.0000000000 0.0021545410 0.0000000000 36.3500000000
97.0000000000 0.0021575928 0.0100000000 36.0800000000
98.0000000000 0.0021606445 0.0000000000 35.7100000000
99.0000000000 0.0021636963 0.0100000000 35.7700000000
100.0000000000 0.0021667480 0.0000000000 35.8500000000
101.0000000000 0.0021697998 0.0000000000 35.7100000000
102.0000000000 0.0021728516 0.0000000000 36.0400000000
103.0000000000 0.0021759033 0.0000000000 35.9500000000
104.0000000000 0.0021789551 0.0000000000 35.9100000000
105.0000000000 0.0021820068 0.0000000000 36.9000000000
106.0000000000 0.0021850586 0.0000000000 35.9900000000
107.0000000000 0.0021881104 0.0100000000 36.0700000000
108.0000000000 0.0021911621 0.0000000000 36.2800000000
109.0000000000 0.0021942139 0.0100000000 36.0900000000
110.0000000000 0.0021972656 0.0100000000 36.0600000000
111.0000000000 0.0022003174 0.0000000000 36.1000000000
112.0000000000 0.0022033691 0.0000000000 36.0800000000
113.0000000000 0.0022064209 0.0100000000 36.0900000000
114.0000000000 0.0022094727 0.0000000000 36.0100000000
115.0000000000 0.0022125244 0.0000000000 36.1800000000
116.0000000000 0.0022155762 0.0000000000 36.3500000000
117.0000000000 0.0022186279 0.0000000000 35.7400000000
118.0000000000 0.0022216797 0.0000000000 36.1900000000
119.0000000000 0.0022247314 0.0000000000 36.0700000000
120.0000000000 0.0022277832 0.0100000000 36.1700000000
121.0000000000 0.0022308350 0.0000000000 35.9400000000
122.0000000000 0.0022338867 0.0000000000 35.6000000000
123.0000000000 0.0022369385 0.0000000000 36.5500000000
124.0000000000 0.0022399902 0.0000000000 36.1100000000
125.0000000000 0.0022430420 0.0000000000 35.7900000000
126.0000000000 0.0022460937 0.0000000000 36.0700000000
127.0000000000 0.0022491455 0.0000000000 36.3900000000
128.0000000000 0.0022521973 0.0000000000 36.1100000000
129.0000000000 0.0022552490 0.0000000000 35.7500000000
130.0000000000 0.0022583008 0.0000000000 36.3400000000
131.0000000000 0.0022613525 0.0000000000 35.8500000000
132.0000000000 0.0022644043 0.0000000000 35.7400000000
133.0000000000 0.0022674561 0.0000000000 35.7400000000
134.0000000000 0.0022705078 0.0100000000 36.0700000000
135.0000000000 0.0022735596 0.0000000000 35.7100000000
136.0000000000 0.0022766113 0.0000000000 35.8400000000
137.0000000000 0.0022796631 0.0100000000 35.8300000000
138.0000000000 0.0022827148 0.0100000000 35.8200000000
139.0000000000 0.0022857666 0.0100000000 36.3100000000
140.0000000000 0.0022888184 0.0000000000 35.8100000000
141.0000000000 0.0022918701 0.0000000000 35.8500000000
142.0000000000 0.0022949219 0.0000000000 36.0500000000
143.0000000000 0.0022979736 0.0100000000 36.1400000000
144.0000000000 0.0023010254 0.0000000000 36.1200000000
145.0000000000 0.0023040771 0.0000000000 35.8600000000
146.0000000000 0.0023071289 0.0100000000 36.0500000000
147.0000000000 0.0023101807 0.0000000000 35.9000000000
148.0000000000 0.0023132324 0.0000000000 36.3700000000
149.0000000000 0.0023162842 0.0000000000 36.4300000000
150.0000000000 0.0023193359 0.0000000000 35.9200000000
151.0000000000 0.0023223877 0.0000000000 35.6100000000
152.0000000000 0.0023254395 0.0000000000 36.1200000000
153.0000000000 0.0023284912 0.0100000000 36.1000000000
154.0000000000 0.0023315430 0.0100000000 36.2300000000
155.0000000000 0.0023345947 0.0000000000 36.0100000000
156.0000000000 0.0023376465 0.0000000000 35.9400000000
157.0000000000 0.0023406982 0.0000000000 36.0100000000
158.0000000000 0.0023437500 0.0100000000 36.2300000000
159.0000000000 0.0023468018 0.0000000000 35.9300000000
160.0000000000 0.0023498535 0.0000000000 36.1000000000
161.0000000000 0.0023529053 0.0000000000 35.6200000000
162.0000000000 0.0023559570 0.0000000000 35.9700000000
163.0000000000 0.0023590088 0.0000000000 36.1100000000
164.0000000000 0.0023620605 0.0000000000 35.6300000000
165.0000000000 0.0023651123 0.0000000000 36.0200000000
166.0000000000 0.0023681641 0.0000000000 35.8500000000
167.0000000000 0.0023712158 0.0100000000 36.1800000000
168.0000000000 0.0023742676 0.0100000000 36.5300000000
169.0000000000 0.0023773193 0.0000000000 35.9100000000
170.0000000000 0.0023803711 0.0000000000 36.4000000000
171.0000000000 0.0023834229 0.0100000000 35.9900000000
172.0000000000 0.0023864746 0.0000000000 35.9200000000
173.0000000000 0.0023895264 0.0000000000 36.1200000000
174.0000000000 0.0023925781 0.0100000000 36.2100000000
175.0000000000 0.0023956299 0.0000000000 36.1000000000
176.0000000000 0.0023986816 0.0000000000 35.7400000000
177.0000000000 0.0024017334 0.0100000000 35.6100000000
178.0000000000 0.0024047852 0.0000000000 35.6600000000
179.0000000000 0.0024078369 0.0000000000 35.8500000000
180.0000000000 0.0024108887 0.0000000000 35.8800000000
181.0000000000 0.0024139404 0.0100000000 36.0100000000
182.0000000000 0.0024169922 0.0000000000 35.7800000000
183.0000000000 0.0024200439 0.0000000000 36.3900000000
184.0000000000 0.0024230957 0.0000000000 36.0400000000
185.0000000000 0.0024261475 0.0000000000 37.1300000000
186.0000000000 0.0024291992 0.0000000000 35.9900000000
187.0000000000 0.0024322510 0.0000000000 36.0100000000
188.0000000000 0.0024353027 0.0000000000 36.1600000000
189.0000000000 0.0024383545 0.0000000000 36.1600000000
190.0000000000 0.0024414062 0.0100000000 36.0300000000
191.0000000000 0.0024444580 0.0100000000 36.1200000000
192.0000000000 0.0024475098 0.0000000000 35.9900000000
193.0000000000 0.0024505615 0.0100000000 35.9000000000
194.0000000000 0.0024536133 0.0100000000 36.1400000000
195.0000000000 0.0024566650 0.0000000000 35.9000000000
196.0000000000 0.0024597168 0.0000000000 36.2100000000
197.0000000000 0.0024627686 0.0000000000 36.1000000000
198.0000000000 0.0024658203 0.0000000000 35.8800000000
199.0000000000 0.0024688721 0.0000000000 36.5200000000
200.0000000000 0.0024719238 0.0100000000 36.3000000000
201.0000000000 0.0024749756 0.0000000000 35.9300000000
202.0000000000 0.0024780273 0.0000000000 36.4200000000
203.0000000000 0.0024810791 0.0000000000 35.9800000000
204.0000000000 0.0024841309 0.0000000000 36.0900000000
205.0000000000 0.0024871826 0.0000000000 35.9500000000
206.0000000000 0.0024902344 0.0000000000 35.9600000000
207.0000000000 0.0024932861 0.0000000000 36.1800000000
208.0000000000 0.0024963379 0.0100000000 35.9900000000
209.0000000000 0.0024993896 0.0000000000 35.9800000000
210.0000000000 0.0025024414 0.0000000000 35.8100000000
211.0000000000 0.0025054932 0.0000000000 35.9000000000
212.0000000000 0.0025085449 0.0000000000 35.8300000000
213.0000000000 0.0025115967 0.0000000000 35.9500000000
214.0000000000 0.0025146484 0.0000000000 36.2800000000
215.0000000000 0.0025177002 0.0100000000 35.9500000000
216.0000000000 0.0025207520 0.0100000000 36.1800000000
217.0000000000 0.0025238037 0.0000000000 36.2400000000
218.0000000000 0.0025268555 0.0100000000 36.3000000000
219.0000000000 0.0025299072 0.0000000000 36.1800000000
220.0000000000 0.0025329590 0.0000000000 36.1100000000
221.0000000000 0.0025360107 0.0100000000 35.9400000000
222.0000000000 0.0025390625 0.0000000000 36.0400000000
223.0000000000 0.0025421143 0.0000000000 36.2000000000
224.0000000000 0.0025451660 0.0000000000 35.9300000000
225.0000000000 0.0025482178 0.0000000000 36.2000000000
226.0000000000 0.0025512695 0.0000000000 35.7800000000
227.0000000000 0.0025543213 0.0000000000 36.4600000000
228.0000000000 0.0025573730 0.0000000000 36.3800000000
229.0000000000 0.0025604248 0.0000000000 35.9600000000
230.0000000000 0.0025634766 0.0000000000 36.2200000000
231.0000000000 0.0025665283 0.0000000000 36.5300000000
232.0000000000 0.0025695801 0.0000000000 36.1500000000
233.0000000000 0.0025726318 0.0000000000 36.0300000000
234.0000000000 0.0025756836 0.0000000000 35.6300000000
235.0000000000 0.0025787354 0.0000000000 34.9600000000
236.0000000000 0.0025817871 0.0100000000 34.7700000000
237.0000000000 0.0025848389 0.0000000000 35.0000000000
238.0000000000 0.0025878906 0.0100000000 34.8600000000
239.0000000000 0.0025909424 0.0000000000 34.7900000000
240.0000000000 0.0025939941 0.0000000000 34.7000000000
241.0000000000 0.0025970459 0.0000000000 34.9400000000
242.0000000000 0.0026000977 0.0100000000 34.7400000000
243.0000000000 0.0026031494 0.0000000000 34.8300000000
244.0000000000 0.0026062012 0.0000000000 34.6600000000
245.0000000000 0.0026092529 0.0000000000 34.6300000000
246.0000000000 0.0026123047 0.0000000000 34.8900000000
247.0000000000 0.0026153564 0.0000000000 34.6900000000
248.0000000000 0.0026184082 0.0000000000 34.9400000000
249.0000000000 0.0026214600 0.0000000000 35.0300000000
250.0000000000 0.0026245117 0.0000000000 34.5800000000
251.0000000000 0.0026275635 0.0100000000 34.7600000000
252.0000000000 0.0026306152 0.0000000000 34.7600000000
253.0000000000 0.0026336670 0.0000000000 34.6000000000
254.0000000000 0.0026367187 0.0100000000 34.9700000000
255.0000000000 0.0026397705 0.0000000000 34.9700000000
256.0000000000 0.0026428223 0.0000000000 34.6900000000
257.0000000000 0.0026458740 0.0000000000 34.5700000000
258.0000000000 0.0026489258 0.0000000000 34.4800000000
259.0000000000 0.0026519775 0.0000000000 34.7400000000
260.0000000000 0.0026550293 0.0000000000 34.5400000000
261.0000000000 0.0026580811 0.0000000000 34.7800000000
262.0000000000 0.0026611328 0.0000000000 35.0100000000
263.0000000000 0.0026641846 0.0000000000 34.7200000000
264.0000000000 0.0026672363 0.0000000000 34.6200000000
265.0000000000 0.0026702881 0.0100000000 34.7200000000
266.0000000000 0.0026733398 0.0000000000 34.8100000000
267.0000000000 0.0026763916 0.0000000000 35.0400000000
268.0000000000 0.0026794434 0.0000000000 34.8100000000
269.0000000000 0.0026824951 0.0000000000 34.8600000000
270.0000000000 0.0026855469 0.0000000000 34.6600000000
271.0000000000 0.0026885986 0.0000000000 34.9000000000
272.0000000000 0.0026916504 0.0000000000 34.5300000000
273.0000000000 0.0026947021 0.0000000000 34.7200000000
274.0000000000 0.0026977539 0.0000000000 34.7200000000
275.0000000000 0.0027008057 0.0000000000 34.8900000000
276.0000000000 0.0027038574 0.0000000000 35.0100000000
277.0000000000 0.0027069092 0.0000000000 34.8500000000
278.0000000000 0.0027099609 0.0100000000 34.5400000000
279.0000000000 0.0027130127 0.0000000000 34.5100000000
280.0000000000 0.0027160645 0.0000000000 34.8100000000
281.0000000000 0.0027191162 0.0000000000 34.9700000000
282.0000000000 0.0027221680 0.0000000000 34.8900000000
283.0000000000 0.0027252197 0.0000000000 34.7000000000
284.0000000000 0.0027282715 0.0000000000 35.0000000000
285.0000000000 0.0027313232 0.0100000000 35.1700000000
286.0000000000 0.0027343750 0.0000000000 35.0900000000
287.0000000000 0.0027374268 0.0100000000 34.5500000000
288.0000000000 0.0027404785 0.0100000000 34.7800000000
289.0000000000 0.0027435303 0.0000000000 34.6300000000
290.0000000000 0.0027465820 0.0000000000 34.6800000000
291.0000000000 0.0027496338 0.0000000000 34.7100000000
292.0000000000 0.0027526855 0.0100000000 34.5600000000
293.0000000000 0.0027557373 0.0100000000 34.5400000000
294.0000000000 0.0027587891 0.0100000000 34.6600000000
295.0000000000 0.0027618408 0.0100000000 34.5300000000
296.0000000000 0.0027648926 0.0000000000 34.7400000000
297.0000000000 0.0027679443 0.0100000000 34.7700000000
298.0000000000 0.0027709961 0.0000000000 34.6200000000
299.0000000000 0.0027740479 0.0000000000 34.7700000000
300.0000000000 0.0027770996 0.0000000000 34.6200000000
301.0000000000 0.0027801514 0.0000000000 34.8600000000
302.0000000000 0.0027832031 0.0000000000 34.6300000000
303.0000000000 0.0027862549 0.0000000000 34.9300000000
304.0000000000 0.0027893066 0.0000000000 34.8300000000
305.0000000000 0.0027923584 0.0000000000 34.7900000000
306.0000000000 0.0027954102 0.0000000000 34.8600000000
307.0000000000 0.0027984619 0.0000000000 34.9200000000
308.0000000000 0.0028015137 0.0000000000 34.7200000000
309.0000000000 0.0028045654 0.0000000000 35.0500000000
310.0000000000 0.0028076172 0.0000000000 34.7600000000
311.0000000000 0.0028106689 0.0000000000 34.8300000000
312.0000000000 0.0028137207 0.0000000000 34.9800000000
313.0000000000 0.0028167725 0.0000000000 34.6800000000
314.0000000000 0.0028198242 0.0000000000 34.4600000000
315.0000000000 0.0028228760 0.0000000000 34.4700000000
316.0000000000 0.0028259277 0.0000000000 34.8800000000
317.0000000000 0.0028289795 0.0000000000 34.8300000000
318.0000000000 0.0028320312 0.0000000000 34.7000000000
319.0000000000 0.0028350830 0.0000000000 34.7600000000
320.0000000000 0.0028381348 0.0100000000 34.7900000000
321.0000000000 0.0028411865 0.0000000000 34.8700000000
322.0000000000 0.0028442383 0.0100000000 34.8500000000
323.0000000000 0.0028472900 0.0000000000 34.6900000000
324.0000000000 0.0028503418 0.0100000000 34.6400000000
325.0000000000 0.0028533936 0.0000000000 34.8100000000
326.0000000000 0.0028564453 0.0000000000 34.5600000000
327.0000000000 0.0028594971 0.0000000000 34.5900000000
328.0000000000 0.0028625488 0.0000000000 34.7000000000
329.0000000000 0.0028656006 0.0000000000 34.7600000000
330.0000000000 0.0028686523 0.0100000000 34.7400000000
331.0000000000 0.0028717041 0.0000000000 34.8700000000
332.0000000000 0.0028747559 0.0000000000 34.6600000000
333.0000000000 0.0028778076 0.0000000000 34.6500000000
334.0000000000 0.0028808594 0.0000000000 34.9800000000
335.0000000000 0.0028839111 0.0000000000 34.7700000000
336.0000000000 0.0028869629 0.0100000000 34.7300000000
337.0000000000 0.0028900146 0.0000000000 35.0200000000
338.0000000000 0.0028930664 0.0000000000 35.1300000000
339.0000000000 0.0028961182 0.0000000000 34.8900000000
340.0000000000 0.0028991699 0.0000000000 34.6700000000
341.0000000000 0.0029022217 0.0100000000 34.8800000000
342.0000000000 0.0029052734 0.0000000000 34.7700000000
343.0000000000 0.0029083252 0.0000000000 34.5900000000
344.0000000000 0.0029113770 0.0000000000 34.8500000000
345.0000000000 0.0029144287 0.0000000000 34.7900000000
346.0000000000 0.0029174805 0.0000000000 34.7200000000
347.0000000000 0.0029205322 0.0000000000 34.5800000000
348.0000000000 0.0029235840 0.0000000000 34.6200000000
349.0000000000 0.0029266357 0.0000000000 34.7600000000
350.0000000000 0.0029296875 0.0000000000 34.6600000000
351.0000000000 0.0029327393 0.0100000000 34.8600000000
352.0000000000 0.0029357910 0.0000000000 34.7900000000
353.0000000000 0.0029388428 0.0000000000 34.7000000000
354.0000000000 0.0029418945 0.0000000000 34.5700000000
355.0000000000 0.0029449463 0.0000000000 34.7300000000
356.0000000000 0.0029479980 0.0000000000 34.7400000000
357.0000000000 0.0029510498 0.0000000000 34.5200000000
358.0000000000 0.0029541016 0.0000000000 34.7600000000
359.0000000000 0.0029571533 0.0000000000 34.4800000000
360.0000000000 0.0029602051 0.0100000000 34.5400000000
361.0000000000 0.0029632568 0.0000000000 34.7700000000
362.0000000000 0.0029663086 0.0100000000 34.4900000000
363.0000000000 0.0029693604 0.0000000000 34.9200000000
364.0000000000 0.0029724121 0.0000000000 34.6400000000
365.0000000000 0.0029754639 0.0000000000 34.7800000000
366.0000000000 0.0029785156 0.0000000000 34.6900000000
367.0000000000 0.0029815674 0.0000000000 34.8800000000
368.0000000000 0.0029846191 0.0100000000 34.4900000000
369.0000000000 0.0029876709 0.0000000000 34.7500000000
370.0000000000 0.0029907227 0.0000000000 34.8200000000
371.0000000000 0.0029937744 0.0000000000 34.7100000000
372.0000000000 0.0029968262 0.0100000000 34.7100000000
373.0000000000 0.0029998779 0.0000000000 34.8300000000
374.0000000000 0.0030029297 0.0000000000 35.4000000000
375.0000000000 0.0030059814 0.0000000000 34.8500000000
376.0000000000 0.0030090332 0.0000000000 34.8400000000
377.0000000000 0.0030120850 0.0000000000 34.7200000000
378.0000000000 0.0030151367 0.0100000000 35.0000000000
379.0000000000 0.0030181885 0.0100000000 34.5200000000
380.0000000000 0.0030212402 0.0000000000 34.5500000000
381.0000000000 0.0030242920 0.0000000000 34.8600000000
382.0000000000 0.0030273437 0.0000000000 34.8700000000
383.0000000000 0.0030303955 0.0100000000 34.5800000000
384.0000000000 0.0030334473 0.0000000000 34.6500000000
385.0000000000 0.0030364990 0.0000000000 34.6300000000
386.0000000000 0.0030395508 0.0000000000 34.3900000000
387.0000000000 0.0030426025 0.0000000000 34.8700000000
388.0000000000 0.0030456543 0.0000000000 34.5300000000
389.0000000000 0.0030487061 0.0000000000 34.5600000000
390.0000000000 0.0030517578 0.0000000000 34.7100000000
391.0000000000 0.0030548096 0.0100000000 35.0200000000
392.0000000000 0.0030578613 0.0000000000 34.8000000000
393.0000000000 0.0030609131 0.0000000000 34.5000000000
394.0000000000 0.0030639648 0.0000000000 34.8700000000
395.0000000000 0.0030670166 0.0000000000 34.8200000000
396.0000000000 0.0030700684 0.0000000000 34.6200000000
397.0000000000 0.0030731201 0.0000000000 35.0000000000
398.0000000000 0.0030761719 0.0000000000 34.8400000000
399.0000000000 0.0030792236 0.0000000000 34.9200000000
400.0000000000 0.0030822754 0.0000000000 34.9800000000
401.0000000000 0.0030853271 0.0000000000 34.7200000000
402.0000000000 0.0030883789 0.0000000000 34.6100000000
403.0000000000 0.0030914307 0.0000000000 35.3200000000
404.0000000000 0.0030944824 0.0000000000 34.9500000000
405.0000000000 0.0030975342 0.0000000000 34.8800000000
406.0000000000 0.0031005859 0.0000000000 34.8000000000
407.0000000000 0.0031036377 0.0000000000 34.7600000000
408.0000000000 0.0031066895 0.0000000000 35.0200000000
409.0000000000 0.0031097412 0.0000000000 34.4200000000
410.0000000000 0.0031127930 0.0000000000 34.9200000000
411.0000000000 0.0031158447 0.0000000000 34.7500000000
412.0000000000 0.0031188965 0.0100000000 34.8400000000
413.0000000000 0.0031219482 0.0100000000 35.0100000000
1.0000000000 0.0031250000 0.0000000000 34.8200000000
2.0000000000 0.0031280518 0.0000000000 34.7800000000
3.0000000000 0.0031311035 0.0000000000 34.5700000000
4.0000000000 0.0031341553 0.0100000000 34.7100000000
5.0000000000 0.0031372070 0.0000000000 34.8600000000
6.0000000000 0.0031402588 0.0000000000 35.0200000000
7.0000000000 0.0031433105 0.0000000000 34.7400000000
8.0000000000 0.0031463623 0.0100000000 34.7500000000
9.0000000000 0.0031494141 0.0000000000 34.7300000000
10.0000000000 0.0031524658 0.0100000000 35.0200000000
11.0000000000 0.0031555176 0.0000000000 34.8900000000
12.0000000000 0.0031585693 0.0000000000 34.8400000000
13.0000000000 0.0031616211 0.0000000000 34.6700000000
14.0000000000 0.0031646729 0.0000000000 34.6700000000
15.0000000000 0.0031677246 0.0000000000 34.9200000000
16.0000000000 0.0031707764 0.0000000000 34.7300000000
17.0000000000 0.0031738281 0.0000000000 34.8300000000
18.0000000000 0.0031768799 0.0000000000 34.8400000000
19.0000000000 0.0031799316 0.0000000000 34.7200000000
20.0000000000 0.0031829834 0.0000000000 34.6000000000
21.0000000000 0.0031860352 0.0000000000 34.8000000000
22.0000000000 0.0031890869 0.0000000000 34.7700000000
23.0000000000 0.0031921387 0.0000000000 34.7600000000
24.0000000000 0.0031951904 0.0000000000 34.6900000000
25.0000000000 0.0031982422 0.0000000000 34.6200000000
26.0000000000 0.0032012939 0.0100000000 34.4300000000
27.0000000000 0.0032043457 0.0100000000 34.4100000000
28.0000000000 0.0032073975 0.0100000000 34.7500000000
29.0000000000 0.0032104492 0.0100000000 34.8000000000
30.0000000000 0.0032135010 0.0000000000 34.5900000000
31.0000000000 0.0032165527 0.0000000000 34.5600000000
32.0000000000 0.0032196045 0.0000000000 34.4600000000
33.0000000000 0.0032226562 0.0000000000 34.7600000000
34.0000000000 0.0032257080 0.0000000000 34.6700000000
35.0000000000 0.0032287598 0.0000000000 34.3800000000
36.0000000000 0.0032318115 0.0000000000 34.9900000000
37.0000000000 0.0032348633 0.0100000000 34.8300000000
38.0000000000 0.0032379150 0.0000000000 34.7000000000
39.0000000000 0.0032409668 0.0000000000 34.4000000000
40.0000000000 0.0032440186 0.0000000000 35.0700000000
41.0000000000 0.0032470703 0.0000000000 34.7000000000
42.0000000000 0.0032501221 0.0000000000 35.0600000000
43.0000000000 0.0032531738 0.0000000000 35.1000000000
44.0000000000 0.0032562256 0.0000000000 35.5400000000
45.0000000000 0.0032592773 0.0000000000 34.8400000000
46.0000000000 0.0032623291 0.0000000000 34.4800000000
47.0000000000 0.0032653809 0.0000000000 34.8700000000
48.0000000000 0.0032684326 0.0000000000 34.5600000000
49.0000000000 0.0032714844 0.0100000000 34.5200000000
50.0000000000 0.0032745361 0.0000000000 34.4400000000
51.0000000000 0.0032775879 0.0100000000 34.5500000000
52.0000000000 0.0032806396 0.0000000000 34.8500000000
53.0000000000 0.0032836914 0.0000000000 34.5400000000
54.0000000000 0.0032867432 0.0000000000 34.8400000000
55.0000000000 0.0032897949 0.0000000000 34.4800000000
56.0000000000 0.0032928467 0.0000000000 34.5600000000
57.0000000000 0.0032958984 0.0000000000 34.9600000000
58.0000000000 0.0032989502 0.0000000000 34.8400000000
59.0000000000 0.0033020020 0.0100000000 34.4800000000
60.0000000000 0.0033050537 0.0000000000 34.4500000000
61.0000000000 0.0033081055 0.0000000000 34.7500000000
62.0000000000 0.0033111572 0.0000000000 34.7900000000
63.0000000000 0.0033142090 0.0000000000 34.7900000000
64.0000000000 0.0033172607 0.0000000000 34.9100000000
65.0000000000 0.0033203125 0.0000000000 35.0800000000
66.0000000000 0.0033233643 0.0000000000 34.7400000000
67.0000000000 0.0033264160 0.0000000000 34.7000000000
68.0000000000 0.0033294678 0.0000000000 35.0100000000
69.0000000000 0.0033325195 0.0000000000 34.6200000000
70.0000000000 0.0033355713 0.0000000000 34.8300000000
71.0000000000 0.0033386230 0.0000000000 34.7000000000
72.0000000000 0.0033416748 0.0000000000 34.7700000000
73.0000000000 0.0033447266 0.0000000000 34.5000000000
74.0000000000 0.0033477783 0.0000000000 34.9100000000
75.0000000000 0.0033508301 0.0100000000 35.1900000000
76.0000000000 0.0033538818 0.0000000000 34.6300000000
77.0000000000 0.0033569336 0.0000000000 34.8300000000
78.0000000000 0.0033599854 0.0000000000 35.4000000000
79.0000000000 0.0033630371 0.0000000000 34.5700000000
80.0000000000 0.0033660889 0.0100000000 34.8300000000
81.0000000000 0.0033691406 0.0000000000 34.9800000000
82.0000000000 0.0033721924 0.0000000000 34.5400000000
83.0000000000 0.0033752441 0.0000000000 35.0200000000
84.0000000000 0.0033782959 0.0200000000 34.8400000000
85.0000000000 0.0033813477 0.0000000000 34.8900000000
86.0000000000 0.0033843994 0.0000000000 34.8500000000
87.0000000000 0.0033874512 0.0000000000 34.6600000000
88.0000000000 0.0033905029 0.0100000000 34.6500000000
89.0000000000 0.0033935547 0.0000000000 34.6100000000
90.0000000000 0.0033966064 0.0100000000 34.7400000000
91.0000000000 0.0033996582 0.0000000000 34.6200000000
92.0000000000 0.0034027100 0.0100000000 35.0900000000
93.0000000000 0.0034057617 0.0000000000 34.8100000000
94.0000000000 0.0034088135 0.0000000000 34.5800000000
95.0000000000 0.0034118652 0.0000000000 34.6700000000
96.0000000000 0.0034149170 0.0000000000 35.0900000000
97.0000000000 0.0034179687 0.0000000000 34.8100000000
98.0000000000 0.0034210205 0.0000000000 34.8000000000
99.0000000000 0.0034240723 0.0000000000 34.8800000000
100.0000000000 0.0034271240 0.0000000000 34.6300000000
101.0000000000 0.0034301758 0.0000000000 34.6800000000
102.0000000000 0.0034332275 0.0100000000 34.5400000000
103.0000000000 0.0034362793 0.0000000000 35.0400000000
104.0000000000 0.0034393311 0.0000000000 34.6900000000
105.0000000000 0.0034423828 0.0000000000 34.5800000000
106.0000000000 0.0034454346 0.0000000000 34.9000000000
107.0000000000 0.0034484863 0.0000000000 34.8800000000
108.0000000000 0.0034515381 0.0000000000 34.6500000000
109.0000000000 0.0034545898 0.0000000000 34.9900000000
110.0000000000 0.0034576416 0.0000000000 34.6100000000
111.0000000000 0.0034606934 0.0000000000 34.9800000000
112.0000000000 0.0034637451 0.0000000000 34.8700000000
113.0000000000 0.0034667969 0.0100000000 34.5000000000
114.0000000000 0.0034698486 0.0000000000 34.8600000000
115.0000000000 0.0034729004 0.0000000000 34.6600000000
116.0000000000 0.0034759521 0.0000000000 34.5500000000
117.0000000000 0.0034790039 0.0000000000 34.7800000000
118.0000000000 0.0034820557 0.0000000000 34.8600000000
119.0000000000 0.0034851074 0.0000000000 35.0400000000
120.0000000000 0.0034881592 0.0000000000 34.7400000000
121.0000000000 0.0034912109 0.0000000000 34.7300000000
122.0000000000 0.0034942627 0.0000000000 34.6200000000
123.0000000000 0.0034973145 0.0000000000 34.6100000000
124.0000000000 0.0035003662 0.0000000000 34.5000000000
125.0000000000 0.0035034180 0.0000000000 34.6100000000
126.0000000000 0.0035064697 0.0000000000 34.8000000000
127.0000000000 0.0035095215 0.0000000000 34.7200000000
128.0000000000 0.0035125732 0.0100000000 35.0400000000
129.0000000000 0.0035156250 0.0100000000 34.3700000000
130.0000000000 0.0035186768 0.0000000000 34.8600000000
131.0000000000 0.0035217285 0.0200000000 34.6000000000
132.0000000000 0.0035247803 0.0000000000 34.6100000000
133.0000000000 0.0035278320 0.0100000000 34.9800000000
134.0000000000 0.0035308838 0.0000000000 34.5700000000
135.0000000000 0.0035339355 0.0000000000 34.7600000000
136.0000000000 0.0035369873 0.0000000000 34.5000000000
137.0000000000 0.0035400391 0.0000000000 34.5700000000
138.0000000000 0.0035430908 0.0100000000 34.5500000000
139.0000000000 0.0035461426 0.0100000000 34.9100000000
140.0000000000 0.0035491943 0.0000000000 34.5400000000
141.0000000000 0.0035522461 0.0000000000 34.9700000000
142.0000000000 0.0035552979 0.0100000000 34.6300000000
143.0000000000 0.0035583496 0.0000000000 34.5300000000
144.0000000000 0.0035614014 0.0000000000 34.5200000000
145.0000000000 0.0035644531 0.0100000000 34.6100000000
146.0000000000 0.0035675049 0.0000000000 34.5100000000
147.0000000000 0.0035705566 0.0000000000 34.6100000000
148.0000000000 0.0035736084 0.0100000000 34.8500000000
149.0000000000 0.0035766602 0.0000000000 34.4100000000
150.0000000000 0.0035797119 0.0000000000 34.7200000000
151.0000000000 0.0035827637 0.0000000000 34.6900000000
152.0000000000 0.0035858154 0.0000000000 34.4800000000
153.0000000000 0.0035888672 0.0000000000 34.6100000000
154.0000000000 0.0035919189 0.0000000000 34.8900000000
155.0000000000 0.0035949707 0.0000000000 34.4600000000
156.0000000000 0.0035980225 0.0000000000 34.9300000000
157.0000000000 0.0036010742 0.0200000000 34.6900000000
158.0000000000 0.0036041260 0.0000000000 34.7300000000
159.0000000000 0.0036071777 0.0000000000 34.5800000000
160.0000000000 0.0036102295 0.0000000000 34.5700000000
161.0000000000 0.0036132812 0.0100000000 34.7900000000
162.0000000000 0.0036163330 0.0000000000 34.4900000000
163.0000000000 0.0036193848 0.0000000000 34.6400000000
164.0000000000 0.0036224365 0.0000000000 35.1000000000
165.0000000000 0.0036254883 0.0000000000 34.5200000000
166.0000000000 0.0036285400 0.0000000000 34.9200000000
167.0000000000 0.0036315918 0.0000000000 34.7700000000
168.0000000000 0.0036346436 0.0000000000 34.9300000000
169.0000000000 0.0036376953 0.0000000000 34.7200000000
170.0000000000 0.0036407471 0.0000000000 34.4400000000
171.0000000000 0.0036437988 0.0000000000 34.4700000000
172.0000000000 0.0036468506 0.0000000000 34.6300000000
173.0000000000 0.0036499023 0.0000000000 34.8700000000
174.0000000000 0.0036529541 0.0100000000 34.7300000000
175.0000000000 0.0036560059 0.0000000000 34.8500000000
176.0000000000 0.0036590576 0.0100000000 34.6300000000
177.0000000000 0.0036621094 0.0100000000 34.9800000000
178.0000000000 0.0036651611 0.0000000000 34.6800000000
179.0000000000 0.0036682129 0.0100000000 34.7600000000
180.0000000000 0.0036712646 0.0000000000 34.6700000000
181.0000000000 0.0036743164 0.0000000000 34.8300000000
182.0000000000 0.0036773682 0.0000000000 34.9300000000
183.0000000000 0.0036804199 0.0100000000 34.7500000000
184.0000000000 0.0036834717 0.0000000000 34.8000000000
185.0000000000 0.0036865234 0.0000000000 34.4600000000
186.0000000000 0.0036895752 0.0000000000 34.5400000000
187.0000000000 0.0036926270 0.0000000000 34.9000000000
188.0000000000 0.0036956787 0.0000000000 35.0200000000
189.0000000000 0.0036987305 0.0000000000 34.5700000000
190.0000000000 0.0037017822 0.0000000000 34.8300000000
191.0000000000 0.0037048340 0.0000000000 35.0800000000
192.0000000000 0.0037078857 0.0000000000 34.8700000000
193.0000000000 0.0037109375 0.0100000000 35.0000000000
194.0000000000 0.0037139893 0.0000000000 34.6600000000
195.0000000000 0.0037170410 0.0100000000 35.0700000000
196.0000000000 0.0037200928 0.0000000000 34.6200000000
197.0000000000 0.0037231445 0.0000000000 34.6800000000
198.0000000000 0.0037261963 0.0000000000 35.0500000000
199.0000000000 0.0037292480 0.0000000000 34.8200000000
200.0000000000 0.0037322998 0.0000000000 34.9600000000
201.0000000000 0.0037353516 0.0000000000 34.8500000000
202.0000000000 0.0037384033 0.0000000000 34.9000000000
203.0000000000 0.0037414551 0.0000000000 34.7600000000
204.0000000000 0.0037445068 0.0000000000 34.8600000000
205.0000000000 0.0037475586 0.0000000000 34.8000000000
206.0000000000 0.0037506104 0.0000000000 34.9400000000
207.0000000000 0.0037536621 0.0000000000 34.8500000000
208.0000000000 0.0037567139 0.0000000000 35.1500000000
209.0000000000 0.0037597656 0.0000000000 34.9100000000
210.0000000000 0.0037628174 0.0000000000 34.9400000000
211.0000000000 0.0037658691 0.0000000000 35.0600000000
212.0000000000 0.0037689209 0.0000000000 35.0600000000
213.0000000000 0.0037719727 0.0000000000 34.8600000000
214.0000000000 0.0037750244 0.0000000000 34.6600000000
215.0000000000 0.0037780762 0.0000000000 34.8700000000
216.0000000000 0.0037811279 0.0100000000 35.1900000000
217.0000000000 0.0037841797 0.0000000000 34.7000000000
218.0000000000 0.0037872314 0.0000000000 34.7200000000
219.0000000000 0.0037902832 0.0000000000 34.6900000000
220.0000000000 0.0037933350 0.0000000000 34.9700000000
221.0000000000 0.0037963867 0.0100000000 34.8900000000
222.0000000000 0.0037994385 0.0000000000 34.6500000000
223.0000000000 0.0038024902 0.0000000000 34.8100000000
224.0000000000 0.0038055420 0.0000000000 34.7900000000
225.0000000000 0.0038085937 0.0000000000 34.4900000000
226.0000000000 0.0038116455 0.0000000000 34.6000000000
227.0000000000 0.0038146973 0.0000000000 34.8100000000
228.0000000000 0.0038177490 0.0000000000 34.4900000000
229.0000000000 0.0038208008 0.0000000000 34.6500000000
230.0000000000 0.0038238525 0.0000000000 34.4900000000
231.0000000000 0.0038269043 0.0000000000 34.8000000000
232.0000000000 0.0038299561 0.0000000000 34.7900000000
233.0000000000 0.0038330078 0.0100000000 34.8300000000
234.0000000000 0.0038360596 0.0000000000 34.7500000000
235.0000000000 0.0038391113 0.0000000000 34.5900000000
236.0000000000 0.0038421631 0.0000000000 34.6700000000
237.0000000000 0.0038452148 0.0000000000 34.9900000000
238.0000000000 0.0038482666 0.0000000000 34.9900000000
239.0000000000 0.0038513184 0.0000000000 34.4500000000
240.0000000000 0.0038543701 0.0100000000 34.5800000000
241.0000000000 0.0038574219 0.0100000000 34.7000000000
242.0000000000 0.0038604736 0.0000000000 34.5900000000
243.0000000000 0.0038635254 0.0000000000 34.7900000000
244.0000000000 0.0038665771 0.0000000000 34.5100000000
245.0000000000 0.0038696289 0.0100000000 35.0200000000
246.0000000000 0.0038726807 0.0000000000 34.8300000000
247.0000000000 0.0038757324 0.0000000000 34.9600000000
248.0000000000 0.0038787842 0.0000000000 34.6700000000
249.0000000000 0.0038818359 0.0000000000 34.6600000000
250.0000000000 0.0038848877 0.0000000000 34.9600000000
251.0000000000 0.0038879395 0.0000000000 34.6500000000
252.0000000000 0.0038909912 0.0000000000 34.6000000000
253.0000000000 0.0038940430 0.0000000000 35.0200000000
254.0000000000 0.0038970947 0.0000000000 34.6900000000
255.0000000000 0.0039001465 0.0000000000 34.8400000000
256.0000000000 0.0039031982 0.0000000000 34.6500000000
257.0000000000 0.0039062500 0.0000000000 34.6100000000
258.0000000000 0.0039093018 0.0000000000 34.8400000000
259.0000000000 0.0039123535 0.0000000000 34.6600000000
260.0000000000 0.0039154053 0.0000000000 34.8400000000
261.0000000000 0.0039184570 0.0200000000 34.8100000000
262.0000000000 0.0039215088 0.0100000000 34.6300000000
263.0000000000 0.0039245605 0.0000000000 34.9600000000
264.0000000000 0.0039276123 0.0000000000 34.6300000000
265.0000000000 0.0039306641 0.0000000000 34.8200000000
266.0000000000 0.0039337158 0.0000000000 34.6800000000
267.0000000000 0.0039367676 0.0000000000 34.7800000000
268.0000000000 0.0039398193 0.0000000000 34.9400000000
269.0000000000 0.0039428711 0.0000000000 34.9100000000
270.0000000000 0.0039459229 0.0000000000 34.4300000000
271.0000000000 0.0039489746 0.0100000000 34.8600000000
272.0000000000 0.0039520264 0.0100000000 34.6100000000
273.0000000000 0.0039550781 0.0000000000 34.6500000000
274.0000000000 0.0039581299 0.0000000000 34.5800000000
275.0000000000 0.0039611816 0.0100000000 35.0500000000
276.0000000000 0.0039642334 0.0000000000 34.7000000000
277.0000000000 0.0039672852 0.0000000000 34.9000000000
278.0000000000 0.0039703369 0.0000000000 34.8400000000
279.0000000000 0.0039733887 0.0100000000 34.8500000000
280.0000000000 0.0039764404 0.0100000000 34.7000000000
281.0000000000 0.0039794922 0.0100000000 35.8900000000
282.0000000000 0.0039825439 0.0000000000 34.5800000000
283.0000000000 0.0039855957 0.0000000000 34.5700000000
284.0000000000 0.0039886475 0.0100000000 34.7900000000
285.0000000000 0.0039916992 0.0000000000 34.7700000000
286.0000000000 0.0039947510 0.0100000000 34.6600000000
287.0000000000 0.0039978027 0.0000000000 34.8300000000
288.0000000000 0.0040008545 0.0000000000 34.5600000000
289.0000000000 0.0040039062 0.0100000000 35.0900000000
290.0000000000 0.0040069580 0.0100000000 34.9300000000
291.0000000000 0.0040100098 0.0000000000 34.9900000000
292.0000000000 0.0040130615 0.0000000000 34.8700000000
293.0000000000 0.0040161133 0.0100000000 35.1700000000
294.0000000000 0.0040191650 0.0100000000 34.4400000000
295.0000000000 0.0040222168 0.0000000000 35.1700000000
296.0000000000 0.0040252686 0.0000000000 34.8400000000
297.0000000000 0.0040283203 0.0000000000 35.1100000000
298.0000000000 0.0040313721 0.0000000000 34.6500000000
299.0000000000 0.0040344238 0.0000000000 34.7200000000
300.0000000000 0.0040374756 0.0000000000 34.7300000000
301.0000000000 0.0040405273 0.0000000000 34.8400000000
302.0000000000 0.0040435791 0.0000000000 34.9700000000
303.0000000000 0.0040466309 0.0000000000 34.4700000000
304.0000000000 0.0040496826 0.0000000000 34.9400000000
305.0000000000 0.0040527344 0.0000000000 34.8600000000
306.0000000000 0.0040557861 0.0000000000 34.6800000000
307.0000000000 0.0040588379 0.0000000000 35.0500000000
308.0000000000 0.0040618896 0.0000000000 35.0700000000
309.0000000000 0.0040649414 0.0000000000 34.4700000000
310.0000000000 0.0040679932 0.0100000000 34.3700000000
311.0000000000 0.0040710449 0.0000000000 34.6900000000
312.0000000000 0.0040740967 0.0000000000 34.7000000000
313.0000000000 0.0040771484 0.0000000000 34.7800000000
314.0000000000 0.0040802002 0.0000000000 34.9400000000
315.0000000000 0.0040832520 0.0100000000 34.9300000000
316.0000000000 0.0040863037 0.0100000000 34.6400000000
317.0000000000 0.0040893555 0.0000000000 34.8800000000
318.0000000000 0.0040924072 0.0100000000 34.9400000000
319.0000000000 0.0040954590 0.0000000000 34.8400000000
320.0000000000 0.0040985107 0.0100000000 35.1000000000
321.0000000000 0.0041015625 0.0000000000 34.9400000000
322.0000000000 0.0041046143 0.0000000000 34.8100000000
323.0000000000 0.0041076660 0.0100000000 34.9600000000
324.0000000000 0.0041107178 0.0100000000 34.9300000000
325.0000000000 0.0041137695 0.0000000000 34.9800000000
326.0000000000 0.0041168213 0.0000000000 34.8700000000
327.0000000000 0.0041198730 0.0000000000 34.6400000000
328.0000000000 0.0041229248 0.0000000000 34.7200000000
329.0000000000 0.0041259766 0.0000000000 34.6700000000
330.0000000000 0.0041290283 0.0000000000 34.4900000000
331.0000000000 0.0041320801 0.0100000000 34.9500000000
332.0000000000 0.0041351318 0.0100000000 34.9100000000
333.0000000000 0.0041381836 0.0100000000 34.7700000000
334.0000000000 0.0041412354 0.0200000000 34.6400000000
335.0000000000 0.0041442871 0.0000000000 34.4300000000
336.0000000000 0.0041473389 0.0000000000 34.7300000000
337.0000000000 0.0041503906 0.0000000000 34.7500000000
338.0000000000 0.0041534424 0.0100000000 34.8100000000
339.0000000000 0.0041564941 0.0000000000 34.9300000000
340.0000000000 0.0041595459 0.0100000000 34.7500000000
341.0000000000 0.0041625977 0.0000000000 35.1500000000
342.0000000000 0.0041656494 0.0100000000 34.5800000000
343.0000000000 0.0041687012 0.0000000000 34.9000000000
344.0000000000 0.0041717529 0.0100000000 34.8500000000
345.0000000000 0.0041748047 0.0000000000 34.7900000000
346.0000000000 0.0041778564 0.0000000000 34.9400000000
347.0000000000 0.0041809082 0.0000000000 34.5900000000
348.0000000000 0.0041839600 0.0100000000 34.6900000000
349.0000000000 0.0041870117 0.0000000000 34.9300000000
350.0000000000 0.0041900635 0.0100000000 34.5900000000
351.0000000000 0.0041931152 0.0000000000 34.8600000000
352.0000000000 0.0041961670 0.0000000000 34.8900000000
353.0000000000 0.0041992187 0.0100000000 34.6500000000
354.0000000000 0.0042022705 0.0100000000 34.8500000000
355.0000000000 0.0042053223 0.0000000000 34.6800000000
356.0000000000 0.0042083740 0.0000000000 34.9000000000
357.0000000000 0.0042114258 0.0000000000 34.8800000000
358.0000000000 0.0042144775 0.0000000000 34.6700000000
359.0000000000 0.0042175293 0.0000000000 34.6100000000
360.0000000000 0.0042205811 0.0000000000 35.5000000000
361.0000000000 0.0042236328 0.0100000000 34.7300000000
362.0000000000 0.0042266846 0.0100000000 34.3700000000
363.0000000000 0.0042297363 0.0100000000 35.0500000000
364.0000000000 0.0042327881 0.0000000000 34.6600000000
365.0000000000 0.0042358398 0.0000000000 34.6800000000
366.0000000000 0.0042388916 0.0000000000 34.9200000000
367.0000000000 0.0042419434 0.0000000000 34.7500000000
368.0000000000 0.0042449951 0.0000000000 34.8800000000
369.0000000000 0.0042480469 0.0000000000 34.5900000000
370.0000000000 0.0042510986 0.0000000000 34.8000000000
371.0000000000 0.0042541504 0.0000000000 35.8500000000
372.0000000000 0.0042572021 0.0000000000 34.8000000000
373.0000000000 0.0042602539 0.0000000000 34.7700000000
374.0000000000 0.0042633057 0.0000000000 34.6400000000
375.0000000000 0.0042663574 0.0000000000 35.1500000000
376.0000000000 0.0042694092 0.0000000000 34.8000000000
377.0000000000 0.0042724609 0.0000000000 34.7400000000
378.0000000000 0.0042755127 0.0000000000 34.7600000000
379.0000000000 0.0042785645 0.0000000000 34.8700000000
380.0000000000 0.0042816162 0.0100000000 35.1100000000
381.0000000000 0.0042846680 0.0100000000 34.8100000000
382.0000000000 0.0042877197 0.0000000000 34.5800000000
383.0000000000 0.0042907715 0.0000000000 34.8800000000
384.0000000000 0.0042938232 0.0000000000 34.7000000000
385.0000000000 0.0042968750 0.0000000000 34.7300000000
386.0000000000 0.0042999268 0.0100000000 34.6800000000
387.0000000000 0.0043029785 0.0000000000 34.5400000000
388.0000000000 0.0043060303 0.0000000000 35.0100000000
389.0000000000 0.0043090820 0.0100000000 34.7400000000
390.0000000000 0.0043121338 0.0000000000 34.9300000000
391.0000000000 0.0043151855 0.0000000000 34.9400000000
392.0000000000 0.0043182373 0.0000000000 34.8700000000
393.0000000000 0.0043212891 0.0000000000 35.2600000000
394.0000000000 0.0043243408 0.0000000000 35.0500000000
395.0000000000 0.0043273926 0.0000000000 35.0300000000
396.0000000000 0.0043304443 0.0000000000 34.8300000000
397.0000000000 0.0043334961 0.0000000000 34.8600000000
398.0000000000 0.0043365479 0.0000000000 34.6700000000
399.0000000000 0.0043395996 0.0000000000 34.7900000000
400.0000000000 0.0043426514 0.0000000000 34.7700000000
401.0000000000 0.0043457031 0.0000000000 34.7400000000
402.0000000000 0.0043487549 0.0000000000 34.5200000000
403.0000000000 0.0043518066 0.0000000000 34.5800000000
404.0000000000 0.0043548584 0.0000000000 35.0500000000
405.0000000000 0.0043579102 0.0000000000 35.0500000000
406.0000000000 0.0043609619 0.0000000000 35.1400000000
407.0000000000 0.0043640137 0.0000000000 34.8400000000
408.0000000000 0.0043670654 0.0100000000 34.6800000000
409.0000000000 0.0043701172 0.0000000000 34.9100000000
410.0000000000 0.0043731689 0.0000000000 34.9900000000
411.0000000000 0.0043762207 0.0000000000 34.7400000000
412.0000000000 0.0043792725 0.0000000000 34.8800000000
413.0000000000 0.0043823242 0.0000000000 34.7600000000
414.0000000000 0.0043853760 0.0100000000 34.6900000000
415.0000000000 0.0043884277 0.0000000000 34.7900000000
416.0000000000 0.0043914795 0.0100000000 34.5900000000
417.0000000000 0.0043945312 0.0000000000 34.9600000000
418.0000000000 0.0043975830 0.0000000000 34.4800000000
419.0000000000 0.0044006348 0.0000000000 34.6500000000
420.0000000000 0.0044036865 0.0000000000 34.8300000000
421.0000000000 0.0044067383 0.0100000000 34.9100000000
422.0000000000 0.0044097900 0.0000000000 34.9600000000
423.0000000000 0.0044128418 0.0000000000 34.9000000000
424.0000000000 0.0044158936 0.0000000000 34.6700000000
425.0000000000 0.0044189453 0.0100000000 34.7700000000
426.0000000000 0.0044219971 0.0100000000 34.6700000000
427.0000000000 0.0044250488 0.0100000000 34.6400000000
428.0000000000 0.0044281006 0.0100000000 34.6200000000
429.0000000000 0.0044311523 0.0000000000 34.8300000000
430.0000000000 0.0044342041 0.0000000000 34.8300000000
431.0000000000 0.0044372559 0.0000000000 34.7100000000
432.0000000000 0.0044403076 0.0000000000 34.7800000000
433.0000000000 0.0044433594 0.0000000000 34.9200000000
434.0000000000 0.0044464111 0.0100000000 34.6500000000
435.0000000000 0.0044494629 0.0000000000 34.7900000000
436.0000000000 0.0044525146 0.0000000000 34.6800000000
437.0000000000 0.0044555664 0.0000000000 34.7400000000
438.0000000000 0.0044586182 0.0000000000 34.8100000000
439.0000000000 0.0044616699 0.0000000000 34.7600000000
440.0000000000 0.0044647217 0.0000000000 34.6800000000
441.0000000000 0.0044677734 0.0000000000 35.0300000000
442.0000000000 0.0044708252 0.0000000000 34.6100000000
443.0000000000 0.0044738770 0.0100000000 34.8700000000
444.0000000000 0.0044769287 0.0000000000 34.6400000000
445.0000000000 0.0044799805 0.0100000000 34.5400000000
446.0000000000 0.0044830322 0.0000000000 34.6500000000
447.0000000000 0.0044860840 0.0100000000 34.6900000000
448.0000000000 0.0044891357 0.0100000000 34.9400000000
449.0000000000 0.0044921875 0.0000000000 35.2500000000
450.0000000000 0.0044952393 0.0000000000 34.7800000000
451.0000000000 0.0044982910 0.0000000000 34.7900000000
452.0000000000 0.0045013428 0.0000000000 34.6800000000
453.0000000000 0.0045043945 0.0100000000 34.8400000000
454.0000000000 0.0045074463 0.0000000000 34.8800000000
455.0000000000 0.0045104980 0.0000000000 34.8500000000
456.0000000000 0.0045135498 0.0100000000 34.8200000000
457.0000000000 0.0045166016 0.0100000000 34.6900000000
458.0000000000 0.0045196533 0.0100000000 34.7800000000
459.0000000000 0.0045227051 0.0000000000 34.6900000000
460.0000000000 0.0045257568 0.0000000000 34.7300000000
461.0000000000 0.0045288086 0.0100000000 35.0400000000
462.0000000000 0.0045318604 0.0000000000 34.4600000000
463.0000000000 0.0045349121 0.0000000000 34.5500000000
464.0000000000 0.0045379639 0.0000000000 35.1100000000
465.0000000000 0.0045410156 0.0100000000 34.6600000000
466.0000000000 0.0045440674 0.0100000000 34.6800000000
467.0000000000 0.0045471191 0.0100000000 34.5100000000
468.0000000000 0.0045501709 0.0100000000 34.5900000000
469.0000000000 0.0045532227 0.0000000000 34.7900000000
470.0000000000 0.0045562744 0.0000000000 34.9200000000
471.0000000000 0.0045593262 0.0000000000 34.6300000000
472.0000000000 0.0045623779 0.0000000000 35.0000000000
473.0000000000 0.0045654297 0.0000000000 34.7400000000
474.0000000000 0.0045684814 0.0000000000 34.8400000000
475.0000000000 0.0045715332 0.0000000000 34.7400000000
476.0000000000 0.0045745850 0.0000000000 34.9600000000
477.0000000000 0.0045776367 0.0100000000 34.8400000000
478.0000000000 0.0045806885 0.0000000000 34.4800000000
479.0000000000 0.0045837402 0.0000000000 34.9100000000
480.0000000000 0.0045867920 0.0000000000 34.9500000000
481.0000000000 0.0045898437 0.0000000000 34.6600000000
482.0000000000 0.0045928955 0.0000000000 34.7000000000
483.0000000000 0.0045959473 0.0000000000 34.8100000000
484.0000000000 0.0045989990 0.0100000000 34.7000000000
485.0000000000 0.0046020508 0.0000000000 34.6400000000
486.0000000000 0.0046051025 0.0000000000 34.5800000000
487.0000000000 0.0046081543 0.0000000000 35.6100000000
488.0000000000 0.0046112061 0.0000000000 35.4200000000
489.0000000000 0.0046142578 0.0000000000 35.4900000000
490.0000000000 0.0046173096 0.0000000000 34.6600000000
491.0000000000 0.0046203613 0.0000000000 34.6800000000
492.0000000000 0.0046234131 0.0000000000 34.7900000000
493.0000000000 0.0046264648 0.0000000000 34.7200000000
494.0000000000 0.0046295166 0.0000000000 34.5600000000
495.0000000000 0.0046325684 0.0000000000 34.9900000000
496.0000000000 0.0046356201 0.0000000000 34.9200000000
497.0000000000 0.0046386719 0.0000000000 34.6400000000
498.0000000000 0.0046417236 0.0000000000 34.8400000000
499.0000000000 0.0046447754 0.0100000000 34.6000000000
500.0000000000 0.0046478271 0.0000000000 34.9800000000
501.0000000000 0.0046508789 0.0000000000 34.7800000000
502.0000000000 0.0046539307 0.0100000000 34.5700000000
503.0000000000 0.0046569824 0.0000000000 34.6600000000
504.0000000000 0.0046600342 0.0000000000 34.6100000000
505.0000000000 0.0046630859 0.0000000000 34.6600000000
506.0000000000 0.0046661377 0.0000000000 34.4800000000
507.0000000000 0.0046691895 0.0000000000 34.7300000000
508.0000000000 0.0046722412 0.0000000000 34.9800000000
509.0000000000 0.0046752930 0.0000000000 34.5400000000
510.0000000000 0.0046783447 0.0000000000 34.9400000000
511.0000000000 0.0046813965 0.0000000000 34.8000000000
512.0000000000 0.0046844482 0.0100000000 34.6400000000
513.0000000000 0.0046875000 0.0100000000 34.8900000000
