dpl Lambda(micro m) RefractiveIndex ParticleDiameter(micro m) CorrectionFactor
16.0000000000 0.9000000000 1.4000000000 1.0000000000 0.1858792280
16.0000000000 0.9000000000 1.4000000000 1.1000000000 0.1735383073
16.0000000000 0.9000000000 1.4000000000 1.2000000000 0.1663126879
16.0000000000 0.9000000000 1.4000000000 1.3000000000 0.1661506638
16.0000000000 0.9000000000 1.4000000000 1.4000000000 0.1678521222
16.0000000000 0.9000000000 1.4000000000 1.5000000000 0.1683010809
16.0000000000 0.9000000000 1.4000000000 1.6000000000 0.1709246765
16.0000000000 0.9000000000 1.4000000000 1.7000000000 0.1874949814
16.0000000000 0.9000000000 1.4000000000 1.8000000000 0.1865580543
16.0000000000 0.9000000000 1.4000000000 1.9000000000 0.2028230475
16.0000000000 0.9000000000 1.4000000000 2.0000000000 0.2235657638
16.0000000000 0.9000000000 1.4500000000 1.0000000000 0.1989347427
16.0000000000 0.9000000000 1.4500000000 1.1000000000 0.1871874081
16.0000000000 0.9000000000 1.4500000000 1.2000000000 0.1876433178
16.0000000000 0.9000000000 1.4500000000 1.3000000000 0.1891576594
16.0000000000 0.9000000000 1.4500000000 1.4000000000 0.1944979445
16.0000000000 0.9000000000 1.4500000000 1.5000000000 0.1994805527
16.0000000000 0.9000000000 1.4500000000 1.6000000000 0.2129930124
16.0000000000 0.9000000000 1.4500000000 1.7000000000 0.2355555805
16.0000000000 0.9000000000 1.4500000000 1.8000000000 0.2351519220
16.0000000000 0.9000000000 1.4500000000 1.9000000000 0.2807152267
16.0000000000 0.9000000000 1.4500000000 2.0000000000 0.2765623110
16.0000000000 0.9000000000 1.5000000000 1.0000000000 0.2118259440
16.0000000000 0.9000000000 1.5000000000 1.1000000000 0.2038574605
16.0000000000 0.9000000000 1.5000000000 1.2000000000 0.2155112611
16.0000000000 0.9000000000 1.5000000000 1.3000000000 0.2141686014
16.0000000000 0.9000000000 1.5000000000 1.4000000000 0.2327466976
16.0000000000 0.9000000000 1.5000000000 1.5000000000 0.2362806979
16.0000000000 0.9000000000 1.5000000000 1.6000000000 0.2703233226
16.0000000000 0.9000000000 1.5000000000 1.7000000000 0.2791627718
16.0000000000 0.9000000000 1.5000000000 1.8000000000 0.3092795722
16.0000000000 0.9000000000 1.5000000000 1.9000000000 0.3431892107
16.0000000000 0.9000000000 1.5000000000 2.0000000000 0.3416823476
16.0000000000 0.9000000000 1.5500000000 1.0000000000 0.2244665323
16.0000000000 0.9000000000 1.5500000000 1.1000000000 0.2272099795
16.0000000000 0.9000000000 1.5500000000 1.2000000000 0.2427954551
16.0000000000 0.9000000000 1.5500000000 1.3000000000 0.2454678784
16.0000000000 0.9000000000 1.5500000000 1.4000000000 0.2798768201
16.0000000000 0.9000000000 1.5500000000 1.5000000000 0.2856157196
16.0000000000 0.9000000000 1.5500000000 1.6000000000 0.3419497149
16.0000000000 0.9000000000 1.5500000000 1.7000000000 0.3338455964
16.0000000000 0.9000000000 1.5500000000 1.8000000000 0.3951703391
16.0000000000 0.9000000000 1.5500000000 1.9000000000 0.3791123433
16.0000000000 0.9000000000 1.5500000000 2.0000000000 0.3841423904
16.0000000000 0.9000000000 1.6000000000 1.0000000000 0.2382955172
16.0000000000 0.9000000000 1.6000000000 1.1000000000 0.2618697647
16.0000000000 0.9000000000 1.6000000000 1.2000000000 0.2658720202
16.0000000000 0.9000000000 1.6000000000 1.3000000000 0.2913015165
16.0000000000 0.9000000000 1.6000000000 1.4000000000 0.3170301845
16.0000000000 0.9000000000 1.6000000000 1.5000000000 0.3484533997
16.0000000000 0.9000000000 1.6000000000 1.6000000000 0.3815388522
16.0000000000 0.9000000000 1.6000000000 1.7000000000 0.3879015414
16.0000000000 0.9000000000 1.6000000000 1.8000000000 0.4159801517
16.0000000000 0.9000000000 1.6000000000 1.9000000000 0.3687530841
16.0000000000 0.9000000000 1.6000000000 2.0000000000 0.3750909601
16.0000000000 1.0000000000 1.4000000000 1.0000000000 0.1917662793
16.0000000000 1.0000000000 1.4000000000 1.1000000000 0.1869684079
16.0000000000 1.0000000000 1.4000000000 1.2000000000 0.1754475682
16.0000000000 1.0000000000 1.4000000000 1.3000000000 0.1674172719
16.0000000000 1.0000000000 1.4000000000 1.4000000000 0.1661596329
16.0000000000 1.0000000000 1.4000000000 1.5000000000 0.1669428174
16.0000000000 1.0000000000 1.4000000000 1.6000000000 0.1685575328
16.0000000000 1.0000000000 1.4000000000 1.7000000000 0.1676899383
16.0000000000 1.0000000000 1.4000000000 1.8000000000 0.1739046889
16.0000000000 1.0000000000 1.4000000000 1.9000000000 0.1886344300
16.0000000000 1.0000000000 1.4000000000 2.0000000000 0.1865580327
16.0000000000 1.0000000000 1.4500000000 1.0000000000 0.2055281116
16.0000000000 1.0000000000 1.4500000000 1.1000000000 0.2004310379
16.0000000000 1.0000000000 1.4500000000 1.2000000000 0.1883984196
16.0000000000 1.0000000000 1.4500000000 1.3000000000 0.1858177172
16.0000000000 1.0000000000 1.4500000000 1.4000000000 0.1894088140
16.0000000000 1.0000000000 1.4500000000 1.5000000000 0.1909940111
16.0000000000 1.0000000000 1.4500000000 1.6000000000 0.1987414806
16.0000000000 1.0000000000 1.4500000000 1.7000000000 0.1999515602
16.0000000000 1.0000000000 1.4500000000 1.8000000000 0.2188524989
16.0000000000 1.0000000000 1.4500000000 1.9000000000 0.2348952437
16.0000000000 1.0000000000 1.4500000000 2.0000000000 0.2351519234
16.0000000000 1.0000000000 1.5000000000 1.0000000000 0.2219779754
16.0000000000 1.0000000000 1.5000000000 1.1000000000 0.2137348559
16.0000000000 1.0000000000 1.5000000000 1.2000000000 0.2033892546
16.0000000000 1.0000000000 1.5000000000 1.3000000000 0.2121848999
16.0000000000 1.0000000000 1.5000000000 1.4000000000 0.2135483470
16.0000000000 1.0000000000 1.5000000000 1.5000000000 0.2210136672
16.0000000000 1.0000000000 1.5000000000 1.6000000000 0.2377456626
16.0000000000 1.0000000000 1.5000000000 1.7000000000 0.2424675927
16.0000000000 1.0000000000 1.5000000000 1.8000000000 0.2797171265
16.0000000000 1.0000000000 1.5000000000 1.9000000000 0.2782191146
16.0000000000 1.0000000000 1.5000000000 2.0000000000 0.3092797319
16.0000000000 1.0000000000 1.5500000000 1.0000000000 0.2408409136
16.0000000000 1.0000000000 1.5500000000 1.1000000000 0.2263616979
16.0000000000 1.0000000000 1.5500000000 1.2000000000 0.2230653122
16.0000000000 1.0000000000 1.5500000000 1.3000000000 0.2447857001
16.0000000000 1.0000000000 1.5500000000 1.4000000000 0.2391602519
16.0000000000 1.0000000000 1.5500000000 1.5000000000 0.2650947228
16.0000000000 1.0000000000 1.5500000000 1.6000000000 0.2749505588
16.0000000000 1.0000000000 1.5500000000 1.7000000000 0.2994738110
16.0000000000 1.0000000000 1.5500000000 1.8000000000 0.3415404194
16.0000000000 1.0000000000 1.5500000000 1.9000000000 0.3366502668
16.0000000000 1.0000000000 1.5500000000 2.0000000000 0.3951705909
16.0000000000 1.0000000000 1.6000000000 1.0000000000 0.2608848247
16.0000000000 1.0000000000 1.6000000000 1.1000000000 0.2393294699
16.0000000000 1.0000000000 1.6000000000 1.2000000000 0.2521482759
16.0000000000 1.0000000000 1.6000000000 1.3000000000 0.2724615522
16.0000000000 1.0000000000 1.6000000000 1.4000000000 0.2721673495
16.0000000000 1.0000000000 1.6000000000 1.5000000000 0.3249184308
16.0000000000 1.0000000000 1.6000000000 1.6000000000 0.3201132144
16.0000000000 1.0000000000 1.6000000000 1.7000000000 0.3741855611
16.0000000000 1.0000000000 1.6000000000 1.8000000000 0.3769128048
16.0000000000 1.0000000000 1.6000000000 1.9000000000 0.3926228469
16.0000000000 1.0000000000 1.6000000000 2.0000000000 0.4159802191
