dpl Lambda(micro m) RefractiveIndex ParticleDiameter(micro m) CorrectionFactor
15.0000000000 0.9000000000 1.1859519224 2.0000000000 0.0734357589
15.0000000000 0.9000000000 1.1859519224 2.0000000000 0.0734357589
15.0000000000 0.9000000000 1.1859519224 2.0000000000 0.0734357589
15.0000000000 0.9000000000 1.1859519224 2.0000000000 0.0734357589
15.0000000000 0.9000000000 1.1859519224 2.0000000000 0.0734357589
15.0000000000 0.9000000000 1.1859519224 2.0000000000 0.0734357589
15.0000000000 0.9000000000 1.1859519224 2.0000000000 0.0734357589
15.0000000000 0.9000000000 1.1859519224 2.0000000000 0.0734357589
15.0000000000 0.9000000000 1.1859519224 2.0000000000 0.0734357589
15.0000000000 0.9000000000 1.1859519224 2.0000000000 0.0734357589
15.0000000000 0.9000000000 1.1859519224 2.0000000000 0.0734357589
15.0000000000 0.9000000000 1.1859519224 2.0000000000 0.0734357589
15.0000000000 0.9000000000 1.1859519224 2.0000000000 0.0734357589
15.0000000000 0.9000000000 1.1859519224 2.0000000000 0.0734357589
15.0000000000 0.9000000000 1.1859519224 2.0000000000 0.0734357589
15.0000000000 0.9000000000 1.1859519224 2.0000000000 0.0734357589
15.0000000000 0.9000000000 1.1859519224 2.0000000000 0.0734357589
15.0000000000 0.9000000000 1.1859519224 2.0000000000 0.0734357589
15.0000000000 0.9000000000 1.1859519224 2.0000000000 0.0734357589
15.0000000000 0.9000000000 1.1859519224 2.0000000000 0.0734357589
15.0000000000 0.9000000000 1.1859519224 2.0000000000 0.0734357589
15.0000000000 0.9000000000 1.1859519224 2.0000000000 0.0734357589
15.0000000000 0.9000000000 1.1859519224 2.0000000000 0.0734357589
15.0000000000 0.9000000000 1.1859519224 2.0000000000 0.0734357589
15.0000000000 0.9000000000 1.1859519224 2.0000000000 0.0734357589
15.0000000000 0.9000000000 1.1859519224 2.0000000000 0.0734357589
15.0000000000 0.9000000000 1.1859519224 2.0000000000 0.0734357589
15.0000000000 0.9000000000 1.1859519224 2.0000000000 0.0734357589
15.0000000000 0.9000000000 1.1859519224 2.0000000000 0.0734357589
15.0000000000 0.9000000000 1.1859519224 2.0000000000 0.0734357589
15.0000000000 0.9000000000 1.1859519224 2.0000000000 0.0734357589
15.0000000000 0.9000000000 1.1859519224 2.0000000000 0.0734357589
15.0000000000 0.9000000000 1.1859519224 2.0000000000 0.0734357589
15.0000000000 0.9000000000 1.1859519224 2.0000000000 0.0734357589
15.0000000000 0.9000000000 1.1859519224 2.0000000000 0.0734357589
15.0000000000 0.9000000000 1.1859519224 2.0000000000 0.0734357589
15.0000000000 0.9000000000 1.1859519224 2.0000000000 0.0734357589
15.0000000000 0.9000000000 1.1859519224 2.0000000000 0.0734357589
15.0000000000 0.9000000000 1.1859519224 2.0000000000 0.0734357589
15.0000000000 0.9000000000 1.1859519224 2.0000000000 0.0734357589
15.0000000000 0.9000000000 1.1859519224 2.0000000000 0.0734357589
15.0000000000 0.9000000000 1.1859519224 2.0000000000 0.0734357589
15.0000000000 0.9000000000 1.1859519224 2.0000000000 0.0734357589
15.0000000000 0.9000000000 1.1859519224 2.0000000000 0.0734357589
15.0000000000 0.9000000000 1.1859519224 2.0000000000 0.0734357589
15.0000000000 0.9000000000 1.1859519224 2.0000000000 0.0734357589
15.0000000000 0.9000000000 1.1859519224 2.0000000000 0.0734357589
15.0000000000 0.9000000000 1.1859519224 2.0000000000 0.0734357589
15.0000000000 0.9000000000 1.1859519224 2.0000000000 0.0734357589
15.0000000000 0.9000000000 1.1859519224 2.0000000000 0.0734357589
15.0000000000 0.9000000000 1.1859519224 2.0000000000 0.0734357589
15.0000000000 0.9000000000 1.1859519224 2.0000000000 0.0734357589
15.0000000000 0.9000000000 1.1859519224 2.0000000000 0.0734357589
15.0000000000 0.9000000000 1.1859519224 2.0000000000 0.0734357589
15.0000000000 0.9000000000 1.1859519224 2.0000000000 0.0734357589
15.0000000000 0.9000000000 1.1859519224 2.0000000000 0.0734357589
15.0000000000 0.9000000000 1.1859519224 2.0000000000 0.0734357589
15.0000000000 0.9000000000 1.1859519224 2.0000000000 0.0734357589
15.0000000000 0.9000000000 1.1859519224 2.0000000000 0.0734357589
15.0000000000 0.9000000000 1.1859519224 2.0000000000 0.0734357589
15.0000000000 0.9000000000 1.1859519224 2.0000000000 0.0734357589
15.0000000000 0.9000000000 1.1859519224 2.0000000000 0.0734357589
15.0000000000 0.9000000000 1.1859519224 2.0000000000 0.0734357589
15.0000000000 0.9000000000 1.1859519224 2.0000000000 0.0734357589
15.0000000000 0.9000000000 1.1859519224 2.0000000000 0.0734357589
15.0000000000 0.9000000000 1.1859519224 2.0000000000 0.0734357589
15.0000000000 0.9000000000 1.1859519224 2.0000000000 0.0734357589
15.0000000000 0.9000000000 1.1859519224 2.0000000000 0.0734357589
15.0000000000 0.9000000000 1.1859519224 2.0000000000 0.0734357589
15.0000000000 0.9000000000 1.1859519224 2.0000000000 0.0734357589
15.0000000000 0.9000000000 1.1859519224 2.0000000000 0.0734357589
15.0000000000 0.9000000000 1.1859519224 2.0000000000 0.0734357589
15.0000000000 0.9000000000 1.1859519224 2.0000000000 0.0734357589
15.0000000000 0.9000000000 1.1859519224 2.0000000000 0.0734357589
15.0000000000 0.9000000000 1.1859519224 2.0000000000 0.0734357589
15.0000000000 0.9000000000 1.1859519224 2.0000000000 0.0734357589
15.0000000000 0.9000000000 1.1859519224 2.0000000000 0.0734357589
15.0000000000 0.9000000000 1.1859519224 2.0000000000 0.0734357589
15.0000000000 0.9000000000 1.1859519224 2.0000000000 0.0734357589
15.0000000000 0.9000000000 1.1859519224 2.0000000000 0.0734357589
15.0000000000 0.9000000000 1.1859519224 2.0000000000 0.0734357589
15.0000000000 0.9000000000 1.1859519224 2.0000000000 0.0734357589
15.0000000000 0.9000000000 1.1859519224 2.0000000000 0.0734357589
15.0000000000 0.9000000000 1.1859519224 2.0000000000 0.0734357589
15.0000000000 0.9000000000 1.1859519224 2.0000000000 0.0734357589
15.0000000000 0.9000000000 1.1859519224 2.0000000000 0.0734357589
15.0000000000 0.9000000000 1.1859519224 2.0000000000 0.0734357589
15.0000000000 0.9000000000 1.1859519224 2.0000000000 0.0734357589
15.0000000000 0.9000000000 1.1859519224 2.0000000000 0.0734357589
15.0000000000 0.9000000000 1.1859519224 2.0000000000 0.0734357589
15.0000000000 0.9000000000 1.1859519224 2.0000000000 0.0734357589
15.0000000000 0.9000000000 1.1859519224 2.0000000000 0.0734357589
15.0000000000 0.9000000000 1.1859519224 2.0000000000 0.0734357589
15.0000000000 0.9000000000 1.1859519224 2.0000000000 0.0734357589
15.0000000000 0.9000000000 1.1859519224 2.0000000000 0.0734357589
15.0000000000 0.9000000000 1.1859519224 2.0000000000 0.0734357589
15.0000000000 0.9000000000 1.1859519224 2.0000000000 0.0734357589
15.0000000000 0.9000000000 1.1859519224 2.0000000000 0.0734357589
15.0000000000 0.9000000000 1.1859519224 2.0000000000 0.0734357589
15.0000000000 0.9000000000 1.1859519224 2.0000000000 0.0734357589
