-2.500000e+00 -2.500000e+00 0.000000e+00 3.105766e-20 1.807624e-20 0.000000e+00
-2.500000e+00 -2.250000e+00 0.000000e+00 2.067181e-19 1.023105e-19 0.000000e+00
-2.500000e+00 -2.000000e+00 0.000000e+00 1.032339e-18 4.252651e-19 0.000000e+00
-2.500000e+00 -1.750000e+00 0.000000e+00 3.958162e-18 1.315782e-18 0.000000e+00
-2.500000e+00 -1.500000e+00 0.000000e+00 1.193487e-17 3.039634e-18 0.000000e+00
-2.500000e+00 -1.250000e+00 0.000000e+00 2.882080e-17 5.112260e-18 0.000000e+00
-2.500000e+00 -1.000000e+00 0.000000e+00 5.652836e-17 5.669249e-18 0.000000e+00
-2.500000e+00 -7.500000e-01 0.000000e+00 9.124774e-17 2.249182e-18 0.000000e+00
-2.500000e+00 -5.000000e-01 0.000000e+00 1.231228e-16 -5.772765e-18 0.000000e+00
-2.500000e+00 -2.500000e-01 0.000000e+00 1.417897e-16 -1.571069e-17 0.000000e+00
-2.500000e+00 0.000000e+00 0.000000e+00 1.431376e-16 -2.356910e-17 0.000000e+00
-2.500000e+00 2.500000e-01 0.000000e+00 1.302058e-16 -2.744871e-17 0.000000e+00
-2.500000e+00 5.000000e-01 0.000000e+00 1.084037e-16 -2.803459e-17 0.000000e+00
-2.500000e+00 7.500000e-01 0.000000e+00 8.193751e-17 -2.621670e-17 0.000000e+00
-2.500000e+00 1.000000e+00 0.000000e+00 5.458680e-17 -2.193546e-17 0.000000e+00
-2.500000e+00 1.250000e+00 0.000000e+00 3.084791e-17 -1.557763e-17 0.000000e+00
-2.500000e+00 1.500000e+00 0.000000e+00 1.424584e-17 -8.938843e-18 0.000000e+00
-2.500000e+00 1.750000e+00 0.000000e+00 5.191498e-18 -3.985912e-18 0.000000e+00
-2.500000e+00 2.000000e+00 0.000000e+00 1.440194e-18 -1.332973e-18 0.000000e+00
-2.500000e+00 2.250000e+00 0.000000e+00 2.918410e-19 -3.214591e-19 0.000000e+00
-2.500000e+00 2.500000e+00 0.000000e+00 4.123718e-20 -5.348111e-20 0.000000e+00
-2.250000e+00 -2.500000e+00 0.000000e+00 2.471558e-19 1.655426e-19 0.000000e+00
-2.250000e+00 -2.250000e+00 0.000000e+00 1.519362e-18 8.750874e-19 0.000000e+00
-2.250000e+00 -2.000000e+00 0.000000e+00 7.000411e-18 3.397672e-18 0.000000e+00
-2.250000e+00 -1.750000e+00 0.000000e+00 2.499503e-17 9.928629e-18 0.000000e+00
-2.250000e+00 -1.500000e+00 0.000000e+00 7.092281e-17 2.200014e-17 0.000000e+00
-2.250000e+00 -1.250000e+00 0.000000e+00 1.628333e-16 3.634000e-17 0.000000e+00
-2.250000e+00 -1.000000e+00 0.000000e+00 3.067163e-16 4.172263e-17 0.000000e+00
-2.250000e+00 -7.500000e-01 0.000000e+00 4.801086e-16 2.402548e-17 0.000000e+00
-2.250000e+00 -5.000000e-01 0.000000e+00 6.337880e-16 -2.031830e-17 0.000000e+00
-2.250000e+00 -2.500000e-01 0.000000e+00 7.191212e-16 -7.664047e-17 0.000000e+00
-2.250000e+00 0.000000e+00 0.000000e+00 7.182337e-16 -1.226343e-16 0.000000e+00
-2.250000e+00 2.500000e-01 0.000000e+00 6.470410e-16 -1.465274e-16 0.000000e+00
-2.250000e+00 5.000000e-01 0.000000e+00 5.334175e-16 -1.508905e-16 0.000000e+00
-2.250000e+00 7.500000e-01 0.000000e+00 4.000935e-16 -1.411304e-16 0.000000e+00
-2.250000e+00 1.000000e+00 0.000000e+00 2.661682e-16 -1.184033e-16 0.000000e+00
-2.250000e+00 1.250000e+00 0.000000e+00 1.516619e-16 -8.513927e-17 0.000000e+00
-2.250000e+00 1.500000e+00 0.000000e+00 7.143908e-17 -5.008081e-17 0.000000e+00
-2.250000e+00 1.750000e+00 0.000000e+00 2.689686e-17 -2.319435e-17 0.000000e+00
-2.250000e+00 2.000000e+00 0.000000e+00 7.819447e-18 -8.171415e-18 0.000000e+00
-2.250000e+00 2.250000e+00 0.000000e+00 1.686518e-18 -2.108190e-18 0.000000e+00
-2.250000e+00 2.500000e+00 0.000000e+00 2.565900e-19 -3.797264e-19 0.000000e+00
-2.000000e+00 -2.500000e+00 0.000000e+00 1.300673e-18 1.017160e-18 0.000000e+00
-2.000000e+00 -2.250000e+00 0.000000e+00 7.401054e-18 5.027451e-18 0.000000e+00
-2.000000e+00 -2.000000e+00 0.000000e+00 3.190329e-17 1.846376e-17 0.000000e+00
-2.000000e+00 -1.750000e+00 0.000000e+00 1.076649e-16 5.165723e-17 0.000000e+00
-2.000000e+00 -1.500000e+00 0.000000e+00 2.913206e-16 1.110747e-16 0.000000e+00
-2.000000e+00 -1.250000e+00 0.000000e+00 6.430503e-16 1.814751e-16 0.000000e+00
-2.000000e+00 -1.000000e+00 0.000000e+00 1.173891e-15 2.142884e-16 0.000000e+00
-2.000000e+00 -7.500000e-01 0.000000e+00 1.795024e-15 1.501921e-16 0.000000e+00
-2.000000e+00 -5.000000e-01 0.000000e+00 2.332542e-15 -2.669502e-17 0.000000e+00
-2.000000e+00 -2.500000e-01 0.000000e+00 2.622634e-15 -2.590056e-16 0.000000e+00
-2.000000e+00 0.000000e+00 0.000000e+00 2.608014e-15 -4.568734e-16 0.000000e+00
-2.000000e+00 2.500000e-01 0.000000e+00 2.344281e-15 -5.685501e-16 0.000000e+00
-2.000000e+00 5.000000e-01 0.000000e+00 1.928855e-15 -5.986429e-16 0.000000e+00
-2.000000e+00 7.500000e-01 0.000000e+00 1.445009e-15 -5.672731e-16 0.000000e+00
-2.000000e+00 1.000000e+00 0.000000e+00 9.633012e-16 -4.813058e-16 0.000000e+00
-2.000000e+00 1.250000e+00 0.000000e+00 5.533930e-16 -3.515445e-16 0.000000e+00
-2.000000e+00 1.500000e+00 0.000000e+00 2.649752e-16 -2.117018e-16 0.000000e+00
-2.000000e+00 1.750000e+00 0.000000e+00 1.024015e-16 -1.013467e-16 0.000000e+00
-2.000000e+00 2.000000e+00 0.000000e+00 3.090487e-17 -3.732104e-17 0.000000e+00
-2.000000e+00 2.250000e+00 0.000000e+00 7.013384e-18 -1.019963e-17 0.000000e+00
-2.000000e+00 2.500000e+00 0.000000e+00 1.140116e-18 -1.976337e-18 0.000000e+00
-1.750000e+00 -2.500000e+00 0.000000e+00 4.712027e-18 4.382316e-18 0.000000e+00
-1.750000e+00 -2.250000e+00 0.000000e+00 2.520330e-17 2.054871e-17 0.000000e+00
-1.750000e+00 -2.000000e+00 0.000000e+00 1.031347e-16 7.237346e-17 0.000000e+00
-1.750000e+00 -1.750000e+00 0.000000e+00 3.330354e-16 1.961179e-16 0.000000e+00
-1.750000e+00 -1.500000e+00 0.000000e+00 8.680716e-16 4.129162e-16 0.000000e+00
-1.750000e+00 -1.250000e+00 0.000000e+00 1.857586e-15 6.708943e-16 0.000000e+00
-1.750000e+00 -1.000000e+00 0.000000e+00 3.308647e-15 8.118316e-16 0.000000e+00
-1.750000e+00 -7.500000e-01 0.000000e+00 4.969705e-15 6.453139e-16 0.000000e+00
-1.750000e+00 -5.000000e-01 0.000000e+00 6.387027e-15 1.148867e-16 0.000000e+00
-1.750000e+00 -2.500000e-01 0.000000e+00 7.148354e-15 -6.119877e-16 0.000000e+00
-1.750000e+00 0.000000e+00 0.000000e+00 7.111798e-15 -1.262232e-15 0.000000e+00
-1.750000e+00 2.500000e-01 0.000000e+00 6.413053e-15 -1.665563e-15 0.000000e+00
-1.750000e+00 5.000000e-01 0.000000e+00 5.295411e-15 -1.816201e-15 0.000000e+00
-1.750000e+00 7.500000e-01 0.000000e+00 3.979751e-15 -1.762556e-15 0.000000e+00
-1.750000e+00 1.000000e+00 0.000000e+00 2.664195e-15 -1.523508e-15 0.000000e+00
-1.750000e+00 1.250000e+00 0.000000e+00 1.542087e-15 -1.133827e-15 0.000000e+00
-1.750000e+00 1.500000e+00 0.000000e+00 7.480704e-16 -6.986032e-16 0.000000e+00
-1.750000e+00 1.750000e+00 0.000000e+00 2.950014e-16 -3.444507e-16 0.000000e+00
-1.750000e+00 2.000000e+00 0.000000e+00 9.164844e-17 -1.317565e-16 0.000000e+00
-1.750000e+00 2.250000e+00 0.000000e+00 2.164095e-17 -3.780380e-17 0.000000e+00
-1.750000e+00 2.500000e+00 0.000000e+00 3.710727e-18 -7.795522e-18 0.000000e+00
-1.500000e+00 -2.500000e+00 0.000000e+00 1.224662e-17 1.385035e-17 0.000000e+00
-1.500000e+00 -2.250000e+00 0.000000e+00 6.252992e-17 6.252055e-17 0.000000e+00
-1.500000e+00 -2.000000e+00 0.000000e+00 2.459833e-16 2.137123e-16 0.000000e+00
-1.500000e+00 -1.750000e+00 0.000000e+00 7.677307e-16 5.662717e-16 0.000000e+00
-1.500000e+00 -1.500000e+00 0.000000e+00 1.943260e-15 1.175887e-15 0.000000e+00
-1.500000e+00 -1.250000e+00 0.000000e+00 4.057203e-15 1.908178e-15 0.000000e+00
-1.500000e+00 -1.000000e+00 0.000000e+00 7.087322e-15 2.361423e-15 0.000000e+00
-1.500000e+00 -7.500000e-01 0.000000e+00 1.050123e-14 2.053214e-15 0.000000e+00
-1.500000e+00 -5.000000e-01 0.000000e+00 1.339759e-14 8.212382e-16 0.000000e+00
-1.500000e+00 -2.500000e-01 0.000000e+00 1.497908e-14 -9.592113e-16 0.000000e+00
-1.500000e+00 0.000000e+00 0.000000e+00 1.496453e-14 -2.642010e-15 0.000000e+00
-1.500000e+00 2.500000e-01 0.000000e+00 1.358797e-14 -3.791541e-15 0.000000e+00
-1.500000e+00 5.000000e-01 0.000000e+00 1.129648e-14 -4.340023e-15 0.000000e+00
-1.500000e+00 7.500000e-01 0.000000e+00 8.533503e-15 -4.354794e-15 0.000000e+00
-1.500000e+00 1.000000e+00 0.000000e+00 5.736198e-15 -3.857756e-15 0.000000e+00
-1.500000e+00 1.250000e+00 0.000000e+00 3.337414e-15 -2.932350e-15 0.000000e+00
-1.500000e+00 1.500000e+00 0.000000e+00 1.632680e-15 -1.847382e-15 0.000000e+00
-1.500000e+00 1.750000e+00 0.000000e+00 6.525823e-16 -9.352490e-16 0.000000e+00
-1.500000e+00 2.000000e+00 0.000000e+00 2.068468e-16 -3.696641e-16 0.000000e+00
-1.500000e+00 2.250000e+00 0.000000e+00 5.025097e-17 -1.105268e-16 0.000000e+00
-1.500000e+00 2.500000e+00 0.000000e+00 8.963163e-18 -2.401826e-17 0.000000e+00
-1.250000e+00 -2.500000e+00 0.000000e+00 2.366526e-17 3.337260e-17 0.000000e+00
-1.250000e+00 -2.250000e+00 0.000000e+00 1.170433e-16 1.469663e-16 0.000000e+00
-1.250000e+00 -2.000000e+00 0.000000e+00 4.476281e-16 4.926398e-16 0.000000e+00
-1.250000e+00 -1.750000e+00 0.000000e+00 1.361831e-15 1.286535e-15 0.000000e+00
-1.250000e+00 -1.500000e+00 0.000000e+00 3.368492e-15 2.650105e-15 0.000000e+00
-1.250000e+00 -1.250000e+00 0.000000e+00 6.893323e-15 4.309167e-15 0.000000e+00
-1.250000e+00 -1.000000e+00 0.000000e+00 1.184919e-14 5.444900e-15 0.000000e+00
-1.250000e+00 -7.500000e-01 0.000000e+00 1.736323e-14 5.067214e-15 0.000000e+00
-1.250000e+00 -5.000000e-01 0.000000e+00 2.203858e-14 2.795550e-15 0.000000e+00
-1.250000e+00 -2.500000e-01 0.000000e+00 2.466556e-14 -7.106354e-16 0.000000e+00
-1.250000e+00 0.000000e+00 0.000000e+00 2.479086e-14 -4.230359e-15 0.000000e+00
-1.250000e+00 2.500000e-01 0.000000e+00 2.269511e-14 -6.871153e-15 0.000000e+00
-1.250000e+00 5.000000e-01 0.000000e+00 1.899672e-14 -8.382818e-15 0.000000e+00
-1.250000e+00 7.500000e-01 0.000000e+00 1.439854e-14 -8.768184e-15 0.000000e+00
-1.250000e+00 1.000000e+00 0.000000e+00 9.680916e-15 -7.992546e-15 0.000000e+00
-1.250000e+00 1.250000e+00 0.000000e+00 5.627360e-15 -6.210574e-15 0.000000e+00
-1.250000e+00 1.500000e+00 0.000000e+00 2.753448e-15 -3.994692e-15 0.000000e+00
-1.250000e+00 1.750000e+00 0.000000e+00 1.103983e-15 -2.069536e-15 0.000000e+00
-1.250000e+00 2.000000e+00 0.000000e+00 3.525384e-16 -8.410404e-16 0.000000e+00
-1.250000e+00 2.250000e+00 0.000000e+00 8.678027e-17 -2.602863e-16 0.000000e+00
-1.250000e+00 2.500000e+00 0.000000e+00 1.580772e-17 -5.908355e-17 0.000000e+00
-1.000000e+00 -2.500000e+00 0.000000e+00 3.537536e-17 6.359339e-17 0.000000e+00
-1.000000e+00 -2.250000e+00 0.000000e+00 1.719518e-16 2.765366e-16 0.000000e+00
-1.000000e+00 -2.000000e+00 0.000000e+00 6.458769e-16 9.170784e-16 0.000000e+00
-1.000000e+00 -1.750000e+00 0.000000e+00 1.928139e-15 2.375252e-15 0.000000e+00
-1.000000e+00 -1.500000e+00 0.000000e+00 4.678325e-15 4.873054e-15 0.000000e+00
-1.000000e+00 -1.250000e+00 0.000000e+00 9.399302e-15 7.953147e-15 0.000000e+00
-1.000000e+00 -1.000000e+00 0.000000e+00 1.590075e-14 1.023699e-14 0.000000e+00
-1.000000e+00 -7.500000e-01 0.000000e+00 2.302558e-14 1.003989e-14 0.000000e+00
-1.000000e+00 -5.000000e-01 0.000000e+00 2.904190e-14 6.629857e-15 0.000000e+00
-1.000000e+00 -2.500000e-01 0.000000e+00 3.249195e-14 9.339559e-16 0.000000e+00
-1.000000e+00 0.000000e+00 0.000000e+00 3.278909e-14 -5.161430e-15 0.000000e+00
-1.000000e+00 2.500000e-01 0.000000e+00 3.016070e-14 -1.015338e-14 0.000000e+00
-1.000000e+00 5.000000e-01 0.000000e+00 2.527713e-14 -1.342341e-14 0.000000e+00
-1.000000e+00 7.500000e-01 0.000000e+00 1.906635e-14 -1.472024e-14 0.000000e+00
-1.000000e+00 1.000000e+00 0.000000e+00 1.268172e-14 -1.382271e-14 0.000000e+00
-1.000000e+00 1.250000e+00 0.000000e+00 7.262240e-15 -1.096511e-14 0.000000e+00
-1.000000e+00 1.500000e+00 0.000000e+00 3.493083e-15 -7.179090e-15 0.000000e+00
-1.000000e+00 1.750000e+00 0.000000e+00 1.375728e-15 -3.789783e-15 0.000000e+00
-1.000000e+00 2.000000e+00 0.000000e+00 4.314991e-16 -1.574846e-15 0.000000e+00
-1.000000e+00 2.250000e+00 0.000000e+00 1.043387e-16 -5.010504e-16 0.000000e+00
-1.000000e+00 2.500000e+00 0.000000e+00 1.867614e-17 -1.177928e-16 0.000000e+00
-7.500000e-01 -2.500000e+00 0.000000e+00 4.338428e-17 9.983632e-17 0.000000e+00
-7.500000e-01 -2.250000e+00 0.000000e+00 2.099988e-16 4.330949e-16 0.000000e+00
-7.500000e-01 -2.000000e+00 0.000000e+00 7.803887e-16 1.430369e-15 0.000000e+00
-7.500000e-01 -1.750000e+00 0.000000e+00 2.292385e-15 3.688279e-15 0.000000e+00
-7.500000e-01 -1.500000e+00 0.000000e+00 5.451565e-15 7.548132e-15 0.000000e+00
-7.500000e-01 -1.250000e+00 0.000000e+00 1.071358e-14 1.235567e-14 0.000000e+00
-7.500000e-01 -1.000000e+00 0.000000e+00 1.773236e-14 1.613340e-14 0.000000e+00
-7.500000e-01 -7.500000e-01 0.000000e+00 2.518894e-14 1.645064e-14 0.000000e+00
-7.500000e-01 -5.000000e-01 0.000000e+00 3.131126e-14 1.214551e-14 0.000000e+00
-7.500000e-01 -2.500000e-01 0.000000e+00 3.470708e-14 4.291336e-15 0.000000e+00
-7.500000e-01 0.000000e+00 0.000000e+00 3.481203e-14 -4.666463e-15 0.000000e+00
-7.500000e-01 2.500000e-01 0.000000e+00 3.177582e-14 -1.259374e-14 0.000000e+00
-7.500000e-01 5.000000e-01 0.000000e+00 2.623556e-14 -1.831801e-14 0.000000e+00
-7.500000e-01 7.500000e-01 0.000000e+00 1.927991e-14 -2.108870e-14 0.000000e+00
-7.500000e-01 1.000000e+00 0.000000e+00 1.233809e-14 -2.034567e-14 0.000000e+00
-7.500000e-01 1.250000e+00 0.000000e+00 6.711650e-15 -1.640827e-14 0.000000e+00
-7.500000e-01 1.500000e+00 0.000000e+00 3.024710e-15 -1.088123e-14 0.000000e+00
-7.500000e-01 1.750000e+00 0.000000e+00 1.097129e-15 -5.820144e-15 0.000000e+00
-7.500000e-01 2.000000e+00 0.000000e+00 3.090263e-16 -2.457266e-15 0.000000e+00
-7.500000e-01 2.250000e+00 0.000000e+00 6.432956e-17 -7.977721e-16 0.000000e+00
-7.500000e-01 2.500000e+00 0.000000e+00 9.143522e-18 -1.925318e-16 0.000000e+00
-5.000000e-01 -2.500000e+00 0.000000e+00 4.739162e-17 1.353931e-16 0.000000e+00
-5.000000e-01 -2.250000e+00 0.000000e+00 2.296551e-16 5.897585e-16 0.000000e+00
-5.000000e-01 -2.000000e+00 0.000000e+00 8.443238e-16 1.945782e-15 0.000000e+00
-5.000000e-01 -1.750000e+00 0.000000e+00 2.430756e-15 4.997984e-15 0.000000e+00
-5.000000e-01 -1.500000e+00 0.000000e+00 5.623564e-15 1.018785e-14 0.000000e+00
-5.000000e-01 -1.250000e+00 0.000000e+00 1.069234e-14 1.666612e-14 0.000000e+00
-5.000000e-01 -1.000000e+00 0.000000e+00 1.706450e-14 2.193078e-14 0.000000e+00
-5.000000e-01 -7.500000e-01 0.000000e+00 2.335391e-14 2.293753e-14 0.000000e+00
-5.000000e-01 -5.000000e-01 0.000000e+00 2.801603e-14 1.815257e-14 0.000000e+00
-5.000000e-01 -2.500000e-01 0.000000e+00 3.005237e-14 8.656011e-15 0.000000e+00
-5.000000e-01 0.000000e+00 0.000000e+00 2.917688e-14 -2.807294e-15 0.000000e+00
-5.000000e-01 2.500000e-01 0.000000e+00 2.559828e-14 -1.361621e-14 0.000000e+00
-5.000000e-01 5.000000e-01 0.000000e+00 1.996049e-14 -2.195979e-14 0.000000e+00
-5.000000e-01 7.500000e-01 0.000000e+00 1.344315e-14 -2.641462e-14 0.000000e+00
-5.000000e-01 1.000000e+00 0.000000e+00 7.522258e-15 -2.600851e-14 0.000000e+00
-5.000000e-01 1.250000e+00 0.000000e+00 3.302598e-15 -2.118004e-14 0.000000e+00
-5.000000e-01 1.500000e+00 0.000000e+00 1.010437e-15 -1.413055e-14 0.000000e+00
-5.000000e-01 1.750000e+00 0.000000e+00 1.262414e-16 -7.605176e-15 0.000000e+00
-5.000000e-01 2.000000e+00 0.000000e+00 -6.425342e-17 -3.238419e-15 0.000000e+00
-5.000000e-01 2.250000e+00 0.000000e+00 -4.723450e-17 -1.064303e-15 0.000000e+00
-5.000000e-01 2.500000e+00 0.000000e+00 -1.593874e-17 -2.613056e-16 0.000000e+00
-2.500000e-01 -2.500000e+00 0.000000e+00 4.882755e-17 1.657669e-16 0.000000e+00
-2.500000e-01 -2.250000e+00 0.000000e+00 2.348989e-16 7.259886e-16 0.000000e+00
-2.500000e-01 -2.000000e+00 0.000000e+00 8.466981e-16 2.391442e-15 0.000000e+00
-2.500000e-01 -1.750000e+00 0.000000e+00 2.365019e-15 6.106713e-15 0.000000e+00
-2.500000e-01 -1.500000e+00 0.000000e+00 5.256897e-15 1.235521e-14 0.000000e+00
-2.500000e-01 -1.250000e+00 0.000000e+00 9.508887e-15 2.009263e-14 0.000000e+00
-2.500000e-01 -1.000000e+00 0.000000e+00 1.429128e-14 2.643641e-14 0.000000e+00
-2.500000e-01 -7.500000e-01 0.000000e+00 1.823450e-14 2.799653e-14 0.000000e+00
-2.500000e-01 -5.000000e-01 0.000000e+00 2.020544e-14 2.307033e-14 0.000000e+00
-2.500000e-01 -2.500000e-01 0.000000e+00 1.983225e-14 1.268422e-14 0.000000e+00
-2.500000e-01 0.000000e+00 0.000000e+00 1.733933e-14 -4.051086e-16 0.000000e+00
-2.500000e-01 2.500000e-01 0.000000e+00 1.317987e-14 -1.335100e-14 0.000000e+00
-2.500000e-01 5.000000e-01 0.000000e+00 8.068589e-15 -2.378331e-14 0.000000e+00
-2.500000e-01 7.500000e-01 0.000000e+00 3.146322e-15 -2.960469e-14 0.000000e+00
-2.500000e-01 1.000000e+00 0.000000e+00 -3.705084e-16 -2.948954e-14 0.000000e+00
-2.500000e-01 1.250000e+00 0.000000e+00 -1.921816e-15 -2.405751e-14 0.000000e+00
-2.500000e-01 1.500000e+00 0.000000e+00 -1.905012e-15 -1.602569e-14 0.000000e+00
-2.500000e-01 1.750000e+00 0.000000e+00 -1.214416e-15 -8.614035e-15 0.000000e+00
-2.500000e-01 2.000000e+00 0.000000e+00 -5.604322e-16 -3.671334e-15 0.000000e+00
-2.500000e-01 2.250000e+00 0.000000e+00 -1.911087e-16 -1.211796e-15 0.000000e+00
-2.500000e-01 2.500000e+00 0.000000e+00 -4.755370e-17 -3.001571e-16 0.000000e+00
0.000000e+00 -2.500000e+00 0.000000e+00 4.547724e-17 1.868221e-16 0.000000e+00
0.000000e+00 -2.250000e+00 0.000000e+00 2.138463e-16 8.212656e-16 0.000000e+00
0.000000e+00 -2.000000e+00 0.000000e+00 7.455519e-16 2.697193e-15 0.000000e+00
0.000000e+00 -1.750000e+00 0.000000e+00 1.991697e-15 6.836419e-15 0.000000e+00
0.000000e+00 -1.500000e+00 0.000000e+00 4.174522e-15 1.369728e-14 0.000000e+00
0.000000e+00 -1.250000e+00 0.000000e+00 6.981122e-15 2.206315e-14 0.000000e+00
0.000000e+00 -1.000000e+00 0.000000e+00 9.421218e-15 2.885856e-14 0.000000e+00
0.000000e+00 -7.500000e-01 0.000000e+00 1.031829e-14 3.065992e-14 0.000000e+00
0.000000e+00 -5.000000e-01 0.000000e+00 9.111817e-15 2.584768e-14 0.000000e+00
0.000000e+00 -2.500000e-01 0.000000e+00 6.147794e-15 1.539978e-14 0.000000e+00
0.000000e+00 0.000000e+00 0.000000e+00 2.211964e-15 1.842788e-15 0.000000e+00
0.000000e+00 2.500000e-01 0.000000e+00 -1.973883e-15 -1.205881e-14 0.000000e+00
0.000000e+00 5.000000e-01 0.000000e+00 -5.697040e-15 -2.360107e-14 0.000000e+00
0.000000e+00 7.500000e-01 0.000000e+00 -8.078511e-15 -3.016862e-14 0.000000e+00
0.000000e+00 1.000000e+00 0.000000e+00 -8.442769e-15 -3.020877e-14 0.000000e+00
0.000000e+00 1.250000e+00 0.000000e+00 -6.935681e-15 -2.454218e-14 0.000000e+00
0.000000e+00 1.500000e+00 0.000000e+00 -4.537410e-15 -1.622565e-14 0.000000e+00
0.000000e+00 1.750000e+00 0.000000e+00 -2.357268e-15 -8.656302e-15 0.000000e+00
0.000000e+00 2.000000e+00 0.000000e+00 -9.611959e-16 -3.669487e-15 0.000000e+00
0.000000e+00 2.250000e+00 0.000000e+00 -3.016189e-16 -1.208909e-15 0.000000e+00
0.000000e+00 2.500000e+00 0.000000e+00 -7.075491e-17 -3.003394e-16 0.000000e+00
2.500000e-01 -2.500000e+00 0.000000e+00 3.334511e-17 1.908456e-16 0.000000e+00
2.500000e-01 -2.250000e+00 0.000000e+00 1.498920e-16 8.423966e-16 0.000000e+00
2.500000e-01 -2.000000e+00 0.000000e+00 4.912649e-16 2.762600e-15 0.000000e+00
2.500000e-01 -1.750000e+00 0.000000e+00 1.203145e-15 6.964293e-15 0.000000e+00
2.500000e-01 -1.500000e+00 0.000000e+00 2.213695e-15 1.384278e-14 0.000000e+00
2.500000e-01 -1.250000e+00 0.000000e+00 2.976118e-15 2.210628e-14 0.000000e+00
2.500000e-01 -1.000000e+00 0.000000e+00 2.552119e-15 2.873431e-14 0.000000e+00
2.500000e-01 -7.500000e-01 0.000000e+00 2.128202e-16 3.056234e-14 0.000000e+00
2.500000e-01 -5.000000e-01 0.000000e+00 -3.906955e-15 2.623129e-14 0.000000e+00
2.500000e-01 -2.500000e-01 0.000000e+00 -8.815570e-15 1.664112e-14 0.000000e+00
2.500000e-01 0.000000e+00 0.000000e+00 -1.333339e-14 3.880372e-15 0.000000e+00
2.500000e-01 2.500000e-01 0.000000e+00 -1.662667e-14 -9.665722e-15 0.000000e+00
2.500000e-01 5.000000e-01 0.000000e+00 -1.814490e-14 -2.125956e-14 0.000000e+00
2.500000e-01 7.500000e-01 0.000000e+00 -1.746978e-14 -2.800243e-14 0.000000e+00
2.500000e-01 1.000000e+00 0.000000e+00 -1.461699e-14 -2.821206e-14 0.000000e+00
2.500000e-01 1.250000e+00 0.000000e+00 -1.040155e-14 -2.281391e-14 0.000000e+00
2.500000e-01 1.500000e+00 0.000000e+00 -6.164148e-15 -1.494438e-14 0.000000e+00
2.500000e-01 1.750000e+00 0.000000e+00 -2.981894e-15 -7.893036e-15 0.000000e+00
2.500000e-01 2.000000e+00 0.000000e+00 -1.152913e-15 -3.318339e-15 0.000000e+00
2.500000e-01 2.250000e+00 0.000000e+00 -3.475621e-16 -1.088347e-15 0.000000e+00
2.500000e-01 2.500000e+00 0.000000e+00 -7.918010e-17 -2.707528e-16 0.000000e+00
5.000000e-01 -2.500000e+00 0.000000e+00 1.448678e-17 1.707636e-16 0.000000e+00
5.000000e-01 -2.250000e+00 0.000000e+00 5.562069e-17 7.605362e-16 0.000000e+00
5.000000e-01 -2.000000e+00 0.000000e+00 1.378207e-16 2.504223e-15 0.000000e+00
5.000000e-01 -1.750000e+00 0.000000e+00 1.730775e-16 6.315018e-15 0.000000e+00
5.000000e-01 -1.500000e+00 0.000000e+00 -1.872072e-16 1.252395e-14 0.000000e+00
5.000000e-01 -1.250000e+00 0.000000e+00 -1.609674e-15 1.993677e-14 0.000000e+00
5.000000e-01 -1.000000e+00 0.000000e+00 -4.790548e-15 2.588447e-14 0.000000e+00
5.000000e-01 -7.500000e-01 0.000000e+00 -9.873644e-15 2.770320e-14 0.000000e+00
5.000000e-01 -5.000000e-01 0.000000e+00 -1.608219e-14 2.434834e-14 0.000000e+00
5.000000e-01 -2.500000e-01 0.000000e+00 -2.201528e-14 1.654112e-14 0.000000e+00
5.000000e-01 0.000000e+00 0.000000e+00 -2.635759e-14 5.767310e-15 0.000000e+00
5.000000e-01 2.500000e-01 0.000000e+00 -2.830467e-14 -6.190427e-15 0.000000e+00
5.000000e-01 5.000000e-01 0.000000e+00 -2.750379e-14 -1.686081e-14 0.000000e+00
5.000000e-01 7.500000e-01 0.000000e+00 -2.400024e-14 -2.333692e-14 0.000000e+00
5.000000e-01 1.000000e+00 0.000000e+00 -1.846419e-14 -2.387919e-14 0.000000e+00
5.000000e-01 1.250000e+00 0.000000e+00 -1.224848e-14 -1.932889e-14 0.000000e+00
5.000000e-01 1.500000e+00 0.000000e+00 -6.853280e-15 -1.258763e-14 0.000000e+00
5.000000e-01 1.750000e+00 0.000000e+00 -3.166077e-15 -6.594423e-15 0.000000e+00
5.000000e-01 2.000000e+00 0.000000e+00 -1.181297e-15 -2.752607e-15 0.000000e+00
5.000000e-01 2.250000e+00 0.000000e+00 -3.472007e-16 -8.996559e-16 0.000000e+00
5.000000e-01 2.500000e+00 0.000000e+00 -7.799914e-17 -2.244389e-16 0.000000e+00
7.500000e-01 -2.500000e+00 0.000000e+00 -2.335269e-18 1.296621e-16 0.000000e+00
7.500000e-01 -2.250000e+00 0.000000e+00 -2.657631e-17 5.874227e-16 0.000000e+00
7.500000e-01 -2.000000e+00 0.000000e+00 -1.614548e-16 1.957217e-15 0.000000e+00
7.500000e-01 -1.750000e+00 0.000000e+00 -6.685413e-16 4.974722e-15 0.000000e+00
7.500000e-01 -1.500000e+00 0.000000e+00 -2.066798e-15 9.917124e-15 0.000000e+00
7.500000e-01 -1.250000e+00 0.000000e+00 -5.022679e-15 1.585435e-14 0.000000e+00
7.500000e-01 -1.000000e+00 0.000000e+00 -9.945441e-15 2.071905e-14 0.000000e+00
7.500000e-01 -7.500000e-01 0.000000e+00 -1.651646e-14 2.250165e-14 0.000000e+00
7.500000e-01 -5.000000e-01 0.000000e+00 -2.360825e-14 2.044760e-14 0.000000e+00
7.500000e-01 -2.500000e-01 0.000000e+00 -2.974248e-14 1.500922e-14 0.000000e+00
7.500000e-01 0.000000e+00 0.000000e+00 -3.367436e-14 7.026608e-15 0.000000e+00
7.500000e-01 2.500000e-01 0.000000e+00 -3.463542e-14 -2.393481e-15 0.000000e+00
7.500000e-01 5.000000e-01 0.000000e+00 -3.232881e-14 -1.128057e-14 0.000000e+00
7.500000e-01 7.500000e-01 0.000000e+00 -2.706234e-14 -1.702628e-14 0.000000e+00
7.500000e-01 1.000000e+00 0.000000e+00 -1.995181e-14 -1.796112e-14 0.000000e+00
7.500000e-01 1.250000e+00 0.000000e+00 -1.269969e-14 -1.468107e-14 0.000000e+00
7.500000e-01 1.500000e+00 0.000000e+00 -6.843897e-15 -9.560934e-15 0.000000e+00
7.500000e-01 1.750000e+00 0.000000e+00 -3.062829e-15 -4.988078e-15 0.000000e+00
7.500000e-01 2.000000e+00 0.000000e+00 -1.115338e-15 -2.072605e-15 0.000000e+00
7.500000e-01 2.250000e+00 0.000000e+00 -3.229260e-16 -6.759948e-16 0.000000e+00
7.500000e-01 2.500000e+00 0.000000e+00 -7.229772e-17 -1.691315e-16 0.000000e+00
1.000000e+00 -2.500000e+00 0.000000e+00 -1.020986e-17 8.177889e-17 0.000000e+00
1.000000e+00 -2.250000e+00 0.000000e+00 -6.379462e-17 3.804160e-16 0.000000e+00
1.000000e+00 -2.000000e+00 0.000000e+00 -2.900896e-16 1.293261e-15 0.000000e+00
1.000000e+00 -1.750000e+00 0.000000e+00 -1.004026e-15 3.338532e-15 0.000000e+00
1.000000e+00 -1.500000e+00 0.000000e+00 -2.739212e-15 6.738438e-15 0.000000e+00
1.000000e+00 -1.250000e+00 0.000000e+00 -6.064972e-15 1.089525e-14 0.000000e+00
1.000000e+00 -1.000000e+00 0.000000e+00 -1.118444e-14 1.443430e-14 0.000000e+00
1.000000e+00 -7.500000e-01 0.000000e+00 -1.760664e-14 1.602448e-14 0.000000e+00
1.000000e+00 -5.000000e-01 0.000000e+00 -2.423494e-14 1.515778e-14 0.000000e+00
1.000000e+00 -2.500000e-01 0.000000e+00 -2.981194e-14 1.202876e-14 0.000000e+00
1.000000e+00 0.000000e+00 0.000000e+00 -3.328786e-14 6.960358e-15 0.000000e+00
1.000000e+00 2.500000e-01 0.000000e+00 -3.390473e-14 4.855385e-16 0.000000e+00
1.000000e+00 5.000000e-01 0.000000e+00 -3.128859e-14 -6.033810e-15 0.000000e+00
1.000000e+00 7.500000e-01 0.000000e+00 -2.577333e-14 -1.056074e-14 0.000000e+00
1.000000e+00 1.000000e+00 0.000000e+00 -1.860964e-14 -1.168633e-14 0.000000e+00
1.000000e+00 1.250000e+00 0.000000e+00 -1.156805e-14 -9.726191e-15 0.000000e+00
1.000000e+00 1.500000e+00 0.000000e+00 -6.085830e-15 -6.364749e-15 0.000000e+00
1.000000e+00 1.750000e+00 0.000000e+00 -2.664222e-15 -3.315567e-15 0.000000e+00
1.000000e+00 2.000000e+00 0.000000e+00 -9.529822e-16 -1.372307e-15 0.000000e+00
1.000000e+00 2.250000e+00 0.000000e+00 -2.726375e-16 -4.459700e-16 0.000000e+00
1.000000e+00 2.500000e+00 0.000000e+00 -6.076108e-17 -1.114076e-16 0.000000e+00
1.250000e+00 -2.500000e+00 0.000000e+00 -9.733266e-18 4.226107e-17 0.000000e+00
1.250000e+00 -2.250000e+00 0.000000e+00 -5.878759e-17 2.037622e-16 0.000000e+00
1.250000e+00 -2.000000e+00 0.000000e+00 -2.593331e-16 7.123963e-16 0.000000e+00
1.250000e+00 -1.750000e+00 0.000000e+00 -8.730935e-16 1.880657e-15 0.000000e+00
1.250000e+00 -1.500000e+00 0.000000e+00 -2.321688e-15 3.866779e-15 0.000000e+00
1.250000e+00 -1.250000e+00 0.000000e+00 -5.020437e-15 6.358179e-15 0.000000e+00
1.250000e+00 -1.000000e+00 0.000000e+00 -9.068033e-15 8.581652e-15 0.000000e+00
1.250000e+00 -7.500000e-01 0.000000e+00 -1.404566e-14 9.777733e-15 0.000000e+00
1.250000e+00 -5.000000e-01 0.000000e+00 -1.914487e-14 9.640580e-15 0.000000e+00
1.250000e+00 -2.500000e-01 0.000000e+00 -2.348585e-14 8.206524e-15 0.000000e+00
1.250000e+00 0.000000e+00 0.000000e+00 -2.628733e-14 5.509593e-15 0.000000e+00
1.250000e+00 2.500000e-01 0.000000e+00 -2.686566e-14 1.720025e-15 0.000000e+00
1.250000e+00 5.000000e-01 0.000000e+00 -2.479549e-14 -2.365684e-15 0.000000e+00
1.250000e+00 7.500000e-01 0.000000e+00 -2.031240e-14 -5.403217e-15 0.000000e+00
1.250000e+00 1.000000e+00 0.000000e+00 -1.450269e-14 -6.394312e-15 0.000000e+00
1.250000e+00 1.250000e+00 0.000000e+00 -8.875266e-15 -5.452686e-15 0.000000e+00
1.250000e+00 1.500000e+00 0.000000e+00 -4.584912e-15 -3.592928e-15 0.000000e+00
1.250000e+00 1.750000e+00 0.000000e+00 -1.969348e-15 -1.868219e-15 0.000000e+00
1.250000e+00 2.000000e+00 0.000000e+00 -6.916225e-16 -7.683047e-16 0.000000e+00
1.250000e+00 2.250000e+00 0.000000e+00 -1.945822e-16 -2.475121e-16 0.000000e+00
1.250000e+00 2.500000e+00 0.000000e+00 -4.272401e-17 -6.121375e-17 0.000000e+00
1.500000e+00 -2.500000e+00 0.000000e+00 -5.884124e-18 1.769259e-17 0.000000e+00
1.500000e+00 -2.250000e+00 0.000000e+00 -3.619981e-17 8.923333e-17 0.000000e+00
1.500000e+00 -2.000000e+00 0.000000e+00 -1.613982e-16 3.232136e-16 0.000000e+00
1.500000e+00 -1.750000e+00 0.000000e+00 -5.461899e-16 8.778091e-16 0.000000e+00
1.500000e+00 -1.500000e+00 0.000000e+00 -1.453952e-15 1.847509e-15 0.000000e+00
1.500000e+00 -1.250000e+00 0.000000e+00 -3.138508e-15 3.100962e-15 0.000000e+00
1.500000e+00 -1.000000e+00 0.000000e+00 -5.652192e-15 4.274144e-15 0.000000e+00
1.500000e+00 -7.500000e-01 0.000000e+00 -8.737519e-15 4.999901e-15 0.000000e+00
1.500000e+00 -5.000000e-01 0.000000e+00 -1.192350e-14 5.121591e-15 0.000000e+00
1.500000e+00 -2.500000e-01 0.000000e+00 -1.470375e-14 4.621620e-15 0.000000e+00
1.500000e+00 0.000000e+00 0.000000e+00 -1.658675e-14 3.443575e-15 0.000000e+00
1.500000e+00 2.500000e-01 0.000000e+00 -1.707027e-14 1.598963e-15 0.000000e+00
1.500000e+00 5.000000e-01 0.000000e+00 -1.579845e-14 -5.280465e-16 0.000000e+00
1.500000e+00 7.500000e-01 0.000000e+00 -1.290051e-14 -2.207066e-15 0.000000e+00
1.500000e+00 1.000000e+00 0.000000e+00 -9.125684e-15 -2.862428e-15 0.000000e+00
1.500000e+00 1.250000e+00 0.000000e+00 -5.504459e-15 -2.512477e-15 0.000000e+00
1.500000e+00 1.500000e+00 0.000000e+00 -2.791547e-15 -1.666320e-15 0.000000e+00
1.500000e+00 1.750000e+00 0.000000e+00 -1.173713e-15 -8.622891e-16 0.000000e+00
1.500000e+00 2.000000e+00 0.000000e+00 -4.026368e-16 -3.505344e-16 0.000000e+00
1.500000e+00 2.250000e+00 0.000000e+00 -1.104369e-16 -1.110908e-16 0.000000e+00
1.500000e+00 2.500000e+00 0.000000e+00 -2.358036e-17 -2.690959e-17 0.000000e+00
1.750000e+00 -2.500000e+00 0.000000e+00 -2.556101e-18 5.917187e-18 0.000000e+00
1.750000e+00 -2.250000e+00 0.000000e+00 -1.636781e-17 3.151082e-17 0.000000e+00
1.750000e+00 -2.000000e+00 0.000000e+00 -7.509002e-17 1.191037e-16 0.000000e+00
1.750000e+00 -1.750000e+00 0.000000e+00 -2.592565e-16 3.346173e-16 0.000000e+00
1.750000e+00 -1.500000e+00 0.000000e+00 -6.994667e-16 7.237639e-16 0.000000e+00
1.750000e+00 -1.250000e+00 0.000000e+00 -1.522499e-15 1.242878e-15 0.000000e+00
1.750000e+00 -1.000000e+00 0.000000e+00 -2.755432e-15 1.749821e-15 0.000000e+00
1.750000e+00 -7.500000e-01 0.000000e+00 -4.275082e-15 2.096279e-15 0.000000e+00
1.750000e+00 -5.000000e-01 0.000000e+00 -5.860629e-15 2.216700e-15 0.000000e+00
1.750000e+00 -2.500000e-01 0.000000e+00 -7.275175e-15 2.093910e-15 0.000000e+00
1.750000e+00 0.000000e+00 0.000000e+00 -8.269585e-15 1.679869e-15 0.000000e+00
1.750000e+00 2.500000e-01 0.000000e+00 -8.560305e-15 9.502543e-16 0.000000e+00
1.750000e+00 5.000000e-01 0.000000e+00 -7.932211e-15 5.369230e-17 0.000000e+00
1.750000e+00 7.500000e-01 0.000000e+00 -6.445710e-15 -6.908189e-16 0.000000e+00
1.750000e+00 1.000000e+00 0.000000e+00 -4.508861e-15 -1.019260e-15 0.000000e+00
1.750000e+00 1.250000e+00 0.000000e+00 -2.673729e-15 -9.248578e-16 0.000000e+00
1.750000e+00 1.500000e+00 0.000000e+00 -1.326229e-15 -6.161229e-16 0.000000e+00
1.750000e+00 1.750000e+00 0.000000e+00 -5.429306e-16 -3.157795e-16 0.000000e+00
1.750000e+00 2.000000e+00 0.000000e+00 -1.805764e-16 -1.260097e-16 0.000000e+00
1.750000e+00 2.250000e+00 0.000000e+00 -4.779928e-17 -3.892237e-17 0.000000e+00
1.750000e+00 2.500000e+00 0.000000e+00 -9.792103e-18 -9.122984e-18 0.000000e+00
2.000000e+00 -2.500000e+00 0.000000e+00 -8.200719e-19 1.548832e-18 0.000000e+00
2.000000e+00 -2.250000e+00 0.000000e+00 -5.548425e-18 8.798029e-18 0.000000e+00
2.000000e+00 -2.000000e+00 0.000000e+00 -2.651907e-17 3.497706e-17 0.000000e+00
2.000000e+00 -1.750000e+00 0.000000e+00 -9.434888e-17 1.022334e-16 0.000000e+00
2.000000e+00 -1.500000e+00 0.000000e+00 -2.600092e-16 2.280863e-16 0.000000e+00
2.000000e+00 -1.250000e+00 0.000000e+00 -5.739582e-16 4.013230e-16 0.000000e+00
2.000000e+00 -1.000000e+00 0.000000e+00 -1.047615e-15 5.764144e-16 0.000000e+00
2.000000e+00 -7.500000e-01 0.000000e+00 -1.633481e-15 7.039512e-16 0.000000e+00
2.000000e+00 -5.000000e-01 0.000000e+00 -2.247788e-15 7.621498e-16 0.000000e+00
2.000000e+00 -2.500000e-01 0.000000e+00 -2.802149e-15 7.444613e-16 0.000000e+00
2.000000e+00 0.000000e+00 0.000000e+00 -3.199221e-15 6.296108e-16 0.000000e+00
2.000000e+00 2.500000e-01 0.000000e+00 -3.319615e-15 4.008080e-16 0.000000e+00
2.000000e+00 5.000000e-01 0.000000e+00 -3.069462e-15 1.027083e-16 0.000000e+00
2.000000e+00 7.500000e-01 0.000000e+00 -2.473681e-15 -1.554910e-16 0.000000e+00
2.000000e+00 1.000000e+00 0.000000e+00 -1.704662e-15 -2.796555e-16 0.000000e+00
2.000000e+00 1.250000e+00 0.000000e+00 -9.892778e-16 -2.638085e-16 0.000000e+00
2.000000e+00 1.500000e+00 0.000000e+00 -4.772255e-16 -1.760073e-16 0.000000e+00
2.000000e+00 1.750000e+00 0.000000e+00 -1.888627e-16 -8.879209e-17 0.000000e+00
2.000000e+00 2.000000e+00 0.000000e+00 -6.035138e-17 -3.448561e-17 0.000000e+00
2.000000e+00 2.250000e+00 0.000000e+00 -1.524164e-17 -1.026999e-17 0.000000e+00
2.000000e+00 2.500000e+00 0.000000e+00 -2.953091e-18 -2.297882e-18 0.000000e+00
2.250000e+00 -2.500000e+00 0.000000e+00 -1.928320e-19 3.083837e-19 0.000000e+00
2.250000e+00 -2.250000e+00 0.000000e+00 -1.396670e-18 1.888845e-18 0.000000e+00
2.250000e+00 -2.000000e+00 0.000000e+00 -7.036973e-18 7.972347e-18 0.000000e+00
2.250000e+00 -1.750000e+00 0.000000e+00 -2.603481e-17 2.440699e-17 0.000000e+00
2.250000e+00 -1.500000e+00 0.000000e+00 -7.377184e-17 5.640214e-17 0.000000e+00
2.250000e+00 -1.250000e+00 0.000000e+00 -1.658447e-16 1.018311e-16 0.000000e+00
2.250000e+00 -1.000000e+00 0.000000e+00 -3.057918e-16 1.489251e-16 0.000000e+00
2.250000e+00 -7.500000e-01 0.000000e+00 -4.786900e-16 1.843152e-16 0.000000e+00
2.250000e+00 -5.000000e-01 0.000000e+00 -6.589561e-16 2.023491e-16 0.000000e+00
2.250000e+00 -2.500000e-01 0.000000e+00 -8.209459e-16 2.019248e-16 0.000000e+00
2.250000e+00 0.000000e+00 0.000000e+00 -9.365584e-16 1.771606e-16 0.000000e+00
2.250000e+00 2.500000e-01 0.000000e+00 -9.695218e-16 1.218563e-16 0.000000e+00
2.250000e+00 5.000000e-01 0.000000e+00 -8.906722e-16 4.599818e-17 0.000000e+00
2.250000e+00 7.500000e-01 0.000000e+00 -7.087506e-16 -2.201187e-17 0.000000e+00
2.250000e+00 1.000000e+00 0.000000e+00 -4.787616e-16 -5.680440e-17 0.000000e+00
2.250000e+00 1.250000e+00 0.000000e+00 -2.702795e-16 -5.621376e-17 0.000000e+00
2.250000e+00 1.500000e+00 0.000000e+00 -1.258661e-16 -3.742478e-17 0.000000e+00
2.250000e+00 1.750000e+00 0.000000e+00 -4.771736e-17 -1.843981e-17 0.000000e+00
2.250000e+00 2.000000e+00 0.000000e+00 -1.448822e-17 -6.898384e-18 0.000000e+00
2.250000e+00 2.250000e+00 0.000000e+00 -3.444249e-18 -1.955540e-18 0.000000e+00
2.250000e+00 2.500000e+00 0.000000e+00 -6.214057e-19 -4.115708e-19 0.000000e+00
2.500000e+00 -2.500000e+00 0.000000e+00 -3.253651e-20 4.529079e-20 0.000000e+00
2.500000e+00 -2.250000e+00 0.000000e+00 -2.539324e-19 3.007128e-19 0.000000e+00
2.500000e+00 -2.000000e+00 0.000000e+00 -1.364852e-18 1.361351e-18 0.000000e+00
2.500000e+00 -1.750000e+00 0.000000e+00 -5.303891e-18 4.401808e-18 0.000000e+00
2.500000e+00 -1.500000e+00 0.000000e+00 -1.556401e-17 1.059365e-17 0.000000e+00
2.500000e+00 -1.250000e+00 0.000000e+00 -3.578282e-17 1.966800e-17 0.000000e+00
2.500000e+00 -1.000000e+00 0.000000e+00 -6.672242e-17 2.923425e-17 0.000000e+00
2.500000e+00 -7.500000e-01 0.000000e+00 -1.046236e-16 3.641760e-17 0.000000e+00
2.500000e+00 -5.000000e-01 0.000000e+00 -1.433068e-16 4.008047e-17 0.000000e+00
2.500000e+00 -2.500000e-01 0.000000e+00 -1.771469e-16 4.031578e-17 0.000000e+00
2.500000e+00 0.000000e+00 0.000000e+00 -2.004915e-16 3.617748e-17 0.000000e+00
2.500000e+00 2.500000e-01 0.000000e+00 -2.057758e-16 2.622115e-17 0.000000e+00
2.500000e+00 5.000000e-01 0.000000e+00 -1.867917e-16 1.200744e-17 0.000000e+00
2.500000e+00 7.500000e-01 0.000000e+00 -1.459492e-16 -1.082977e-18 0.000000e+00
2.500000e+00 1.000000e+00 0.000000e+00 -9.601389e-17 -8.080330e-18 0.000000e+00
2.500000e+00 1.250000e+00 0.000000e+00 -5.230749e-17 -8.522019e-18 0.000000e+00
2.500000e+00 1.500000e+00 0.000000e+00 -2.328411e-17 -5.635838e-18 0.000000e+00
2.500000e+00 1.750000e+00 0.000000e+00 -8.355793e-18 -2.684981e-18 0.000000e+00
2.500000e+00 2.000000e+00 0.000000e+00 -2.377181e-18 -9.551682e-19 0.000000e+00
2.500000e+00 2.250000e+00 0.000000e+00 -5.240120e-19 -2.541940e-19 0.000000e+00
2.500000e+00 2.500000e+00 0.000000e+00 -8.704510e-20 -4.981828e-20 0.000000e+00
