0.0000000000 -5.0000000000 5.0000000000 0.0000000000 0.0000002424 -0.0000002567
0.0000000000 -4.9000000000 5.0000000000 0.0000000000 0.0000003201 -0.0000003234
0.0000000000 -4.8000000000 5.0000000000 0.0000000000 0.0000004199 -0.0000004022
0.0000000000 -4.7000000000 5.0000000000 0.0000000000 0.0000005471 -0.0000004942
0.0000000000 -4.6000000000 5.0000000000 0.0000000000 0.0000007083 -0.0000006002
0.0000000000 -4.5000000000 5.0000000000 0.0000000000 0.0000009111 -0.0000007211
0.0000000000 -4.4000000000 5.0000000000 0.0000000000 0.0000011641 -0.0000008581
0.0000000000 -4.3000000000 5.0000000000 0.0000000000 0.0000014774 -0.0000010128
0.0000000000 -4.2000000000 5.0000000000 0.0000000000 0.0000018621 -0.0000011884
0.0000000000 -4.1000000000 5.0000000000 0.0000000000 0.0000023300 -0.0000013902
0.0000000000 -4.0000000000 5.0000000000 0.0000000000 0.0000028935 -0.0000016268
0.0000000000 -3.9000000000 5.0000000000 0.0000000000 0.0000035646 -0.0000019125
0.0000000000 -3.8000000000 5.0000000000 0.0000000000 0.0000043541 -0.0000022688
0.0000000000 -3.7000000000 5.0000000000 0.0000000000 0.0000052697 -0.0000027282
0.0000000000 -3.6000000000 5.0000000000 0.0000000000 0.0000063142 -0.0000033375
0.0000000000 -3.5000000000 5.0000000000 0.0000000000 0.0000074825 -0.0000041634
0.0000000000 -3.4000000000 5.0000000000 0.0000000000 0.0000087578 -0.0000052983
0.0000000000 -3.3000000000 5.0000000000 0.0000000000 0.0000101068 -0.0000068679
0.0000000000 -3.2000000000 5.0000000000 0.0000000000 0.0000114740 -0.0000090416
0.0000000000 -3.1000000000 5.0000000000 0.0000000000 0.0000127743 -0.0000120431
0.0000000000 -3.0000000000 5.0000000000 0.0000000000 0.0000138854 -0.0000161646
0.0000000000 -2.9000000000 5.0000000000 0.0000000000 0.0000146394 -0.0000217829
0.0000000000 -2.8000000000 5.0000000000 0.0000000000 0.0000148145 -0.0000293765
0.0000000000 -2.7000000000 5.0000000000 0.0000000000 0.0000141280 -0.0000395445
0.0000000000 -2.6000000000 5.0000000000 0.0000000000 0.0000122320 -0.0000530251
0.0000000000 -2.5000000000 5.0000000000 0.0000000000 0.0000087140 -0.0000707112
0.0000000000 -2.4000000000 5.0000000000 0.0000000000 0.0000031028 -0.0000936618
0.0000000000 -2.3000000000 5.0000000000 0.0000000000 -0.0000051156 -0.0001231047
0.0000000000 -2.2000000000 5.0000000000 0.0000000000 -0.0000164730 -0.0001604275
0.0000000000 -2.1000000000 5.0000000000 0.0000000000 -0.0000314815 -0.0002071524
0.0000000000 -2.0000000000 5.0000000000 0.0000000000 -0.0000505849 -0.0002648918
0.0000000000 -1.9000000000 5.0000000000 0.0000000000 -0.0000740999 -0.0003352820
0.0000000000 -1.8000000000 5.0000000000 0.0000000000 -0.0001021489 -0.0004198938
0.0000000000 -1.7000000000 5.0000000000 0.0000000000 -0.0001345922 -0.0005201208
0.0000000000 -1.6000000000 5.0000000000 0.0000000000 -0.0001709636 -0.0006370499
0.0000000000 -1.5000000000 5.0000000000 0.0000000000 -0.0002104200 -0.0007713201
0.0000000000 -1.4000000000 5.0000000000 0.0000000000 -0.0002517137 -0.0009229786
0.0000000000 -1.3000000000 5.0000000000 0.0000000000 -0.0002931950 -0.0010913473
0.0000000000 -1.2000000000 5.0000000000 0.0000000000 -0.0003328547 -0.0012749116
0.0000000000 -1.1000000000 5.0000000000 0.0000000000 -0.0003684082 -0.0014712470
0.0000000000 -1.0000000000 5.0000000000 0.0000000000 -0.0003974225 -0.0016769946
0.0000000000 -0.9000000000 5.0000000000 0.0000000000 -0.0004174801 -0.0018878971
0.0000000000 -0.8000000000 5.0000000000 0.0000000000 -0.0004263683 -0.0020989005
0.0000000000 -0.7000000000 5.0000000000 0.0000000000 -0.0004222785 -0.0023043236
0.0000000000 -0.6000000000 5.0000000000 0.0000000000 -0.0004039950 -0.0024980888
0.0000000000 -0.5000000000 5.0000000000 0.0000000000 -0.0003710521 -0.0026740047
0.0000000000 -0.4000000000 5.0000000000 0.0000000000 -0.0003238396 -0.0028260817
0.0000000000 -0.3000000000 5.0000000000 0.0000000000 -0.0002636404 -0.0029488607
0.0000000000 -0.2000000000 5.0000000000 0.0000000000 -0.0001925902 -0.0030377295
0.0000000000 -0.1000000000 5.0000000000 0.0000000000 -0.0001135593 -0.0030892027
0.0000000000 -0.0000000000 5.0000000000 0.0000000000 -0.0000299644 -0.0031011419
0.0000000000 0.1000000000 5.0000000000 0.0000000000 0.0000544724 -0.0030728960
0.0000000000 0.2000000000 5.0000000000 0.0000000000 0.0001359943 -0.0030053518
0.0000000000 0.3000000000 5.0000000000 0.0000000000 0.0002110814 -0.0029008864
0.0000000000 0.4000000000 5.0000000000 0.0000000000 0.0002766983 -0.0027632276
0.0000000000 0.5000000000 5.0000000000 0.0000000000 0.0003304899 -0.0025972315
0.0000000000 0.6000000000 5.0000000000 0.0000000000 0.0003709120 -0.0024085976
0.0000000000 0.7000000000 5.0000000000 0.0000000000 0.0003972847 -0.0022035426
0.0000000000 0.8000000000 5.0000000000 0.0000000000 0.0004097697 -0.0019884606
0.0000000000 0.9000000000 5.0000000000 0.0000000000 0.0004092805 -0.0017695948
0.0000000000 1.0000000000 5.0000000000 0.0000000000 0.0003973399 -0.0015527441
0.0000000000 1.1000000000 5.0000000000 0.0000000000 0.0003759044 -0.0013430236
0.0000000000 1.2000000000 5.0000000000 0.0000000000 0.0003471766 -0.0011446905
0.0000000000 1.3000000000 5.0000000000 0.0000000000 0.0003134234 -0.0009610420
0.0000000000 1.4000000000 5.0000000000 0.0000000000 0.0002768174 -0.0007943841
0.0000000000 1.5000000000 5.0000000000 0.0000000000 0.0002393110 -0.0006460631
0.0000000000 1.6000000000 5.0000000000 0.0000000000 0.0002025496 -0.0005165504
0.0000000000 1.7000000000 5.0000000000 0.0000000000 0.0001678245 -0.0004055648
0.0000000000 1.8000000000 5.0000000000 0.0000000000 0.0001360612 -0.0003122187
0.0000000000 1.9000000000 5.0000000000 0.0000000000 0.0001078386 -0.0002351732
0.0000000000 2.0000000000 5.0000000000 0.0000000000 0.0000834282 -0.0001727895
0.0000000000 2.1000000000 5.0000000000 0.0000000000 0.0000628489 -0.0001232671
0.0000000000 2.2000000000 5.0000000000 0.0000000000 0.0000459255 -0.0000847624
0.0000000000 2.3000000000 5.0000000000 0.0000000000 0.0000323480 -0.0000554825
0.0000000000 2.4000000000 5.0000000000 0.0000000000 0.0000217253 -0.0000337551
0.0000000000 2.5000000000 5.0000000000 0.0000000000 0.0000136298 -0.0000180747
0.0000000000 2.6000000000 5.0000000000 0.0000000000 0.0000076332 -0.0000071272
0.0000000000 2.7000000000 5.0000000000 0.0000000000 0.0000033319 0.0000002021
0.0000000000 2.8000000000 5.0000000000 0.0000000000 0.0000003630 0.0000048335
0.0000000000 2.9000000000 5.0000000000 0.0000000000 -0.0000015865 0.0000075078
0.0000000000 3.0000000000 5.0000000000 0.0000000000 -0.0000027778 0.0000088061
0.0000000000 3.1000000000 5.0000000000 0.0000000000 -0.0000034217 0.0000091731
0.0000000000 3.2000000000 5.0000000000 0.0000000000 -0.0000036834 0.0000089401
0.0000000000 3.3000000000 5.0000000000 0.0000000000 -0.0000036887 0.0000083472
0.0000000000 3.4000000000 5.0000000000 0.0000000000 -0.0000035306 0.0000075629
0.0000000000 3.5000000000 5.0000000000 0.0000000000 -0.0000032762 0.0000067017
0.0000000000 3.6000000000 5.0000000000 0.0000000000 -0.0000029722 0.0000058376
0.0000000000 3.7000000000 5.0000000000 0.0000000000 -0.0000026500 0.0000050157
0.0000000000 3.8000000000 5.0000000000 0.0000000000 -0.0000023301 0.0000042612
0.0000000000 3.9000000000 5.0000000000 0.0000000000 -0.0000020250 0.0000035855
0.0000000000 4.0000000000 5.0000000000 0.0000000000 -0.0000017421 0.0000029915
0.0000000000 4.1000000000 5.0000000000 0.0000000000 -0.0000014849 0.0000024768
0.0000000000 4.2000000000 5.0000000000 0.0000000000 -0.0000012546 0.0000020357
0.0000000000 4.3000000000 5.0000000000 0.0000000000 -0.0000010511 0.0000016614
0.0000000000 4.4000000000 5.0000000000 0.0000000000 -0.0000008733 0.0000013465
0.0000000000 4.5000000000 5.0000000000 0.0000000000 -0.0000007194 0.0000010836
0.0000000000 4.6000000000 5.0000000000 0.0000000000 -0.0000005876 0.0000008657
0.0000000000 4.7000000000 5.0000000000 0.0000000000 -0.0000004758 0.0000006864
0.0000000000 4.8000000000 5.0000000000 0.0000000000 -0.0000003818 0.0000005401
0.0000000000 4.9000000000 5.0000000000 0.0000000000 -0.0000003036 0.0000004216
0.0000000000 5.0000000000 5.0000000000 0.0000000000 -0.0000002391 0.0000003264
