-2.500000e+00 -2.500000e+00 0.000000e+00 3.631788e-20 -2.437962e-20 0.000000e+00
-2.500000e+00 -2.250000e+00 0.000000e+00 2.629065e-19 -2.038493e-19 0.000000e+00
-2.500000e+00 -2.000000e+00 0.000000e+00 1.344487e-18 -1.217005e-18 0.000000e+00
-2.500000e+00 -1.750000e+00 0.000000e+00 5.024896e-18 -5.366998e-18 0.000000e+00
-2.500000e+00 -1.500000e+00 0.000000e+00 1.419719e-17 -1.811843e-17 0.000000e+00
-2.500000e+00 -1.250000e+00 0.000000e+00 3.109025e-17 -4.819139e-17 0.000000e+00
-2.500000e+00 -1.000000e+00 0.000000e+00 5.355195e-17 -1.031928e-16 0.000000e+00
-2.500000e+00 -7.500000e-01 0.000000e+00 7.279690e-17 -1.806386e-16 0.000000e+00
-2.500000e+00 -5.000000e-01 0.000000e+00 7.720722e-17 -2.611575e-16 0.000000e+00
-2.500000e+00 -2.500000e-01 0.000000e+00 6.145122e-17 -3.138655e-16 0.000000e+00
-2.500000e+00 0.000000e+00 0.000000e+00 3.244946e-17 -3.148669e-16 0.000000e+00
-2.500000e+00 2.500000e-01 0.000000e+00 4.727870e-18 -2.645550e-16 0.000000e+00
-2.500000e+00 5.000000e-01 0.000000e+00 -1.088590e-17 -1.870642e-16 0.000000e+00
-2.500000e+00 7.500000e-01 0.000000e+00 -1.373307e-17 -1.123536e-16 0.000000e+00
-2.500000e+00 1.000000e+00 0.000000e+00 -9.982410e-18 -5.829739e-17 0.000000e+00
-2.500000e+00 1.250000e+00 0.000000e+00 -5.521979e-18 -2.674724e-17 0.000000e+00
-2.500000e+00 1.500000e+00 0.000000e+00 -2.631348e-18 -1.103630e-17 0.000000e+00
-2.500000e+00 1.750000e+00 0.000000e+00 -1.147568e-18 -4.055221e-18 0.000000e+00
-2.500000e+00 2.000000e+00 0.000000e+00 -4.432970e-19 -1.271138e-18 0.000000e+00
-2.500000e+00 2.250000e+00 0.000000e+00 -1.386720e-19 -3.200308e-19 0.000000e+00
-2.500000e+00 2.500000e+00 0.000000e+00 -3.236696e-20 -6.109367e-20 0.000000e+00
-2.250000e+00 -2.500000e+00 0.000000e+00 2.178031e-19 -1.232651e-19 0.000000e+00
-2.250000e+00 -2.250000e+00 0.000000e+00 1.476932e-18 -9.733004e-19 0.000000e+00
-2.250000e+00 -2.000000e+00 0.000000e+00 7.114942e-18 -5.511714e-18 0.000000e+00
-2.250000e+00 -1.750000e+00 0.000000e+00 2.537128e-17 -2.333975e-17 0.000000e+00
-2.250000e+00 -1.500000e+00 0.000000e+00 6.919389e-17 -7.654891e-17 0.000000e+00
-2.250000e+00 -1.250000e+00 0.000000e+00 1.476168e-16 -1.997910e-16 0.000000e+00
-2.250000e+00 -1.000000e+00 0.000000e+00 2.493994e-16 -4.233728e-16 0.000000e+00
-2.250000e+00 -7.500000e-01 0.000000e+00 3.340646e-16 -7.389251e-16 0.000000e+00
-2.250000e+00 -5.000000e-01 0.000000e+00 3.497654e-16 -1.072740e-15 0.000000e+00
-2.250000e+00 -2.500000e-01 0.000000e+00 2.736899e-16 -1.304179e-15 0.000000e+00
-2.250000e+00 0.000000e+00 0.000000e+00 1.378361e-16 -1.334481e-15 0.000000e+00
-2.250000e+00 2.500000e-01 0.000000e+00 8.192682e-18 -1.154915e-15 0.000000e+00
-2.250000e+00 5.000000e-01 0.000000e+00 -6.540703e-17 -8.511462e-16 0.000000e+00
-2.250000e+00 7.500000e-01 0.000000e+00 -7.878408e-17 -5.400866e-16 0.000000e+00
-2.250000e+00 1.000000e+00 0.000000e+00 -5.958075e-17 -2.999459e-16 0.000000e+00
-2.250000e+00 1.250000e+00 0.000000e+00 -3.552721e-17 -1.484169e-16 0.000000e+00
-2.250000e+00 1.500000e+00 0.000000e+00 -1.846928e-17 -6.591523e-17 0.000000e+00
-2.250000e+00 1.750000e+00 0.000000e+00 -8.659621e-18 -2.585401e-17 0.000000e+00
-2.250000e+00 2.000000e+00 0.000000e+00 -3.523932e-18 -8.602484e-18 0.000000e+00
-2.250000e+00 2.250000e+00 0.000000e+00 -1.155173e-18 -2.303343e-18 0.000000e+00
-2.250000e+00 2.500000e+00 0.000000e+00 -2.840067e-19 -4.696982e-19 0.000000e+00
-2.000000e+00 -2.500000e+00 0.000000e+00 9.558110e-19 -4.428227e-19 0.000000e+00
-2.000000e+00 -2.250000e+00 0.000000e+00 6.092715e-18 -3.323100e-18 0.000000e+00
-2.000000e+00 -2.000000e+00 0.000000e+00 2.788493e-17 -1.803211e-17 0.000000e+00
-2.000000e+00 -1.750000e+00 0.000000e+00 9.552025e-17 -7.389942e-17 0.000000e+00
-2.000000e+00 -1.500000e+00 0.000000e+00 2.525712e-16 -2.367034e-16 0.000000e+00
-2.000000e+00 -1.250000e+00 0.000000e+00 5.262040e-16 -6.081479e-16 0.000000e+00
-2.000000e+00 -1.000000e+00 0.000000e+00 8.728913e-16 -1.277577e-15 0.000000e+00
-2.000000e+00 -7.500000e-01 0.000000e+00 1.152165e-15 -2.225050e-15 0.000000e+00
-2.000000e+00 -5.000000e-01 0.000000e+00 1.190185e-15 -3.244389e-15 0.000000e+00
-2.000000e+00 -2.500000e-01 0.000000e+00 9.145641e-16 -3.989278e-15 0.000000e+00
-2.000000e+00 0.000000e+00 0.000000e+00 4.371245e-16 -4.161339e-15 0.000000e+00
-2.000000e+00 2.500000e-01 0.000000e+00 -1.748403e-17 -3.706187e-15 0.000000e+00
-2.000000e+00 5.000000e-01 0.000000e+00 -2.786917e-16 -2.842376e-15 0.000000e+00
-2.000000e+00 7.500000e-01 0.000000e+00 -3.289139e-16 -1.899881e-15 0.000000e+00
-2.000000e+00 1.000000e+00 0.000000e+00 -2.595516e-16 -1.123277e-15 0.000000e+00
-2.000000e+00 1.250000e+00 0.000000e+00 -1.661282e-16 -5.945397e-16 0.000000e+00
-2.000000e+00 1.500000e+00 0.000000e+00 -9.332771e-17 -2.815151e-16 0.000000e+00
-2.000000e+00 1.750000e+00 0.000000e+00 -4.663075e-17 -1.168246e-16 0.000000e+00
-2.000000e+00 2.000000e+00 0.000000e+00 -1.988626e-17 -4.092160e-17 0.000000e+00
-2.000000e+00 2.250000e+00 0.000000e+00 -6.799960e-18 -1.155457e-17 0.000000e+00
-2.000000e+00 2.500000e+00 0.000000e+00 -1.755815e-18 -2.503954e-18 0.000000e+00
-1.750000e+00 -2.500000e+00 0.000000e+00 3.232054e-18 -1.208846e-18 0.000000e+00
-1.750000e+00 -2.250000e+00 0.000000e+00 1.947858e-17 -8.660550e-18 0.000000e+00
-1.750000e+00 -2.000000e+00 0.000000e+00 8.508462e-17 -4.513817e-17 0.000000e+00
-1.750000e+00 -1.750000e+00 0.000000e+00 2.806981e-16 -1.790879e-16 0.000000e+00
-1.750000e+00 -1.500000e+00 0.000000e+00 7.203176e-16 -5.597165e-16 0.000000e+00
-1.750000e+00 -1.250000e+00 0.000000e+00 1.465570e-15 -1.413658e-15 0.000000e+00
-1.750000e+00 -1.000000e+00 0.000000e+00 2.385924e-15 -2.940129e-15 0.000000e+00
-1.750000e+00 -7.500000e-01 0.000000e+00 3.101610e-15 -5.104539e-15 0.000000e+00
-1.750000e+00 -5.000000e-01 0.000000e+00 3.160165e-15 -7.471847e-15 0.000000e+00
-1.750000e+00 -2.500000e-01 0.000000e+00 2.385537e-15 -9.292216e-15 0.000000e+00
-1.750000e+00 0.000000e+00 0.000000e+00 1.081713e-15 -9.886307e-15 0.000000e+00
-1.750000e+00 2.500000e-01 0.000000e+00 -1.593876e-16 -9.067811e-15 0.000000e+00
-1.750000e+00 5.000000e-01 0.000000e+00 -8.876530e-16 -7.240096e-15 0.000000e+00
-1.750000e+00 7.500000e-01 0.000000e+00 -1.047338e-15 -5.093000e-15 0.000000e+00
-1.750000e+00 1.000000e+00 0.000000e+00 -8.667047e-16 -3.194058e-15 0.000000e+00
-1.750000e+00 1.250000e+00 0.000000e+00 -5.940503e-16 -1.796142e-15 0.000000e+00
-1.750000e+00 1.500000e+00 0.000000e+00 -3.574766e-16 -8.989024e-16 0.000000e+00
-1.750000e+00 1.750000e+00 0.000000e+00 -1.884187e-16 -3.911702e-16 0.000000e+00
-1.750000e+00 2.000000e+00 0.000000e+00 -8.350199e-17 -1.429405e-16 0.000000e+00
-1.750000e+00 2.250000e+00 0.000000e+00 -2.952785e-17 -4.211865e-17 0.000000e+00
-1.750000e+00 2.500000e+00 0.000000e+00 -7.922292e-18 -9.580314e-18 0.000000e+00
-1.500000e+00 -2.500000e+00 0.000000e+00 8.989627e-18 -2.789490e-18 0.000000e+00
-1.500000e+00 -2.250000e+00 0.000000e+00 5.111956e-17 -1.881529e-17 0.000000e+00
-1.500000e+00 -2.000000e+00 0.000000e+00 2.125292e-16 -9.296221e-17 0.000000e+00
-1.500000e+00 -1.750000e+00 0.000000e+00 6.729418e-16 -3.526967e-16 0.000000e+00
-1.500000e+00 -1.500000e+00 0.000000e+00 1.669809e-15 -1.063678e-15 0.000000e+00
-1.500000e+00 -1.250000e+00 0.000000e+00 3.306438e-15 -2.616096e-15 0.000000e+00
-1.500000e+00 -1.000000e+00 0.000000e+00 5.267440e-15 -5.346857e-15 0.000000e+00
-1.500000e+00 -7.500000e-01 0.000000e+00 6.730354e-15 -9.205860e-15 0.000000e+00
-1.500000e+00 -5.000000e-01 0.000000e+00 6.758825e-15 -1.348651e-14 0.000000e+00
-1.500000e+00 -2.500000e-01 0.000000e+00 5.019353e-15 -1.694568e-14 0.000000e+00
-1.500000e+00 0.000000e+00 0.000000e+00 2.170832e-15 -1.839847e-14 0.000000e+00
-1.500000e+00 2.500000e-01 0.000000e+00 -5.498993e-16 -1.740507e-14 0.000000e+00
-1.500000e+00 5.000000e-01 0.000000e+00 -2.202108e-15 -1.448811e-14 0.000000e+00
-1.500000e+00 7.500000e-01 0.000000e+00 -2.642935e-15 -1.072300e-14 0.000000e+00
-1.500000e+00 1.000000e+00 0.000000e+00 -2.306159e-15 -7.109798e-15 0.000000e+00
-1.500000e+00 1.250000e+00 0.000000e+00 -1.687971e-15 -4.220323e-15 0.000000e+00
-1.500000e+00 1.500000e+00 0.000000e+00 -1.077991e-15 -2.214281e-15 0.000000e+00
-1.500000e+00 1.750000e+00 0.000000e+00 -5.931711e-16 -1.002102e-15 0.000000e+00
-1.500000e+00 2.000000e+00 0.000000e+00 -2.707483e-16 -3.788320e-16 0.000000e+00
-1.500000e+00 2.250000e+00 0.000000e+00 -9.813006e-17 -1.153857e-16 0.000000e+00
-1.500000e+00 2.500000e+00 0.000000e+00 -2.705754e-17 -2.722358e-17 0.000000e+00
-1.250000e+00 -2.500000e+00 0.000000e+00 2.188157e-17 -5.985649e-18 0.000000e+00
-1.250000e+00 -2.250000e+00 0.000000e+00 1.162882e-16 -3.708200e-17 0.000000e+00
-1.250000e+00 -2.000000e+00 0.000000e+00 4.560063e-16 -1.698544e-16 0.000000e+00
-1.250000e+00 -1.750000e+00 0.000000e+00 1.373659e-15 -6.031323e-16 0.000000e+00
-1.250000e+00 -1.500000e+00 0.000000e+00 3.268776e-15 -1.719555e-15 0.000000e+00
-1.250000e+00 -1.250000e+00 0.000000e+00 6.253352e-15 -4.042271e-15 0.000000e+00
-1.250000e+00 -1.000000e+00 0.000000e+00 9.690698e-15 -7.992156e-15 0.000000e+00
-1.250000e+00 -7.500000e-01 0.000000e+00 1.211902e-14 -1.348366e-14 0.000000e+00
-1.250000e+00 -5.000000e-01 0.000000e+00 1.197147e-14 -1.961502e-14 0.000000e+00
-1.250000e+00 -2.500000e-01 0.000000e+00 8.758409e-15 -2.480219e-14 0.000000e+00
-1.250000e+00 0.000000e+00 0.000000e+00 3.645407e-15 -2.745684e-14 0.000000e+00
-1.250000e+00 2.500000e-01 0.000000e+00 -1.277986e-15 -2.681535e-14 0.000000e+00
-1.250000e+00 5.000000e-01 0.000000e+00 -4.420646e-15 -2.329231e-14 0.000000e+00
-1.250000e+00 7.500000e-01 0.000000e+00 -5.473275e-15 -1.811778e-14 0.000000e+00
-1.250000e+00 1.000000e+00 0.000000e+00 -5.052677e-15 -1.264523e-14 0.000000e+00
-1.250000e+00 1.250000e+00 0.000000e+00 -3.927622e-15 -7.867832e-15 0.000000e+00
-1.250000e+00 1.500000e+00 0.000000e+00 -2.633392e-15 -4.293566e-15 0.000000e+00
-1.250000e+00 1.750000e+00 0.000000e+00 -1.496671e-15 -2.005616e-15 0.000000e+00
-1.250000e+00 2.000000e+00 0.000000e+00 -6.974061e-16 -7.786986e-16 0.000000e+00
-1.250000e+00 2.250000e+00 0.000000e+00 -2.568965e-16 -2.432174e-16 0.000000e+00
-1.250000e+00 2.500000e+00 0.000000e+00 -7.207419e-17 -5.893521e-17 0.000000e+00
-1.000000e+00 -2.500000e+00 0.000000e+00 4.813224e-17 -1.175403e-17 0.000000e+00
-1.000000e+00 -2.250000e+00 0.000000e+00 2.372390e-16 -6.677850e-17 0.000000e+00
-1.000000e+00 -2.000000e+00 0.000000e+00 8.702668e-16 -2.821916e-16 0.000000e+00
-1.000000e+00 -1.750000e+00 0.000000e+00 2.471416e-15 -9.285214e-16 0.000000e+00
-1.000000e+00 -1.500000e+00 0.000000e+00 5.585840e-15 -2.465406e-15 0.000000e+00
-1.000000e+00 -1.250000e+00 0.000000e+00 1.022744e-14 -5.437668e-15 0.000000e+00
-1.000000e+00 -1.000000e+00 0.000000e+00 1.528878e-14 -1.019823e-14 0.000000e+00
-1.000000e+00 -7.500000e-01 0.000000e+00 1.859041e-14 -1.656168e-14 0.000000e+00
-1.000000e+00 -5.000000e-01 0.000000e+00 1.798953e-14 -2.359863e-14 0.000000e+00
-1.000000e+00 -2.500000e-01 0.000000e+00 1.295527e-14 -2.977276e-14 0.000000e+00
-1.000000e+00 0.000000e+00 0.000000e+00 5.209974e-15 -3.347137e-14 0.000000e+00
-1.000000e+00 2.500000e-01 0.000000e+00 -2.342860e-15 -3.369848e-14 0.000000e+00
-1.000000e+00 5.000000e-01 0.000000e+00 -7.480550e-15 -3.049765e-14 0.000000e+00
-1.000000e+00 7.500000e-01 0.000000e+00 -9.621358e-15 -2.483811e-14 0.000000e+00
-1.000000e+00 1.000000e+00 0.000000e+00 -9.373804e-15 -1.813027e-14 0.000000e+00
-1.000000e+00 1.250000e+00 0.000000e+00 -7.660373e-15 -1.173031e-14 0.000000e+00
-1.000000e+00 1.500000e+00 0.000000e+00 -5.323859e-15 -6.606832e-15 0.000000e+00
-1.000000e+00 1.750000e+00 0.000000e+00 -3.091177e-15 -3.164450e-15 0.000000e+00
-1.000000e+00 2.000000e+00 0.000000e+00 -1.457899e-15 -1.254469e-15 0.000000e+00
-1.000000e+00 2.250000e+00 0.000000e+00 -5.415433e-16 -3.993444e-16 0.000000e+00
-1.000000e+00 2.500000e+00 0.000000e+00 -1.532336e-16 -9.863954e-17 0.000000e+00
-7.500000e-01 -2.500000e+00 0.000000e+00 9.475905e-17 -1.866575e-17 0.000000e+00
-7.500000e-01 -2.250000e+00 0.000000e+00 4.345960e-16 -1.001365e-16 0.000000e+00
-7.500000e-01 -2.000000e+00 0.000000e+00 1.492113e-15 -3.995711e-16 0.000000e+00
-7.500000e-01 -1.750000e+00 0.000000e+00 3.984572e-15 -1.238102e-15 0.000000e+00
-7.500000e-01 -1.500000e+00 0.000000e+00 8.508985e-15 -3.085232e-15 0.000000e+00
-7.500000e-01 -1.250000e+00 0.000000e+00 1.480385e-14 -6.375252e-15 0.000000e+00
-7.500000e-01 -1.000000e+00 0.000000e+00 2.117584e-14 -1.123293e-14 0.000000e+00
-7.500000e-01 -7.500000e-01 0.000000e+00 2.484311e-14 -1.730430e-14 0.000000e+00
-7.500000e-01 -5.000000e-01 0.000000e+00 2.339645e-14 -2.378952e-14 0.000000e+00
-7.500000e-01 -2.500000e-01 0.000000e+00 1.648853e-14 -2.959409e-14 0.000000e+00
-7.500000e-01 0.000000e+00 0.000000e+00 6.297069e-15 -3.352964e-14 0.000000e+00
-7.500000e-01 2.500000e-01 0.000000e+00 -3.794972e-15 -3.461649e-14 0.000000e+00
-7.500000e-01 5.000000e-01 0.000000e+00 -1.115492e-14 -3.245875e-14 0.000000e+00
-7.500000e-01 7.500000e-01 0.000000e+00 -1.481585e-14 -2.747121e-14 0.000000e+00
-7.500000e-01 1.000000e+00 0.000000e+00 -1.505911e-14 -2.078357e-14 0.000000e+00
-7.500000e-01 1.250000e+00 0.000000e+00 -1.273966e-14 -1.386072e-14 0.000000e+00
-7.500000e-01 1.500000e+00 0.000000e+00 -9.045317e-15 -7.999980e-15 0.000000e+00
-7.500000e-01 1.750000e+00 0.000000e+00 -5.306112e-15 -3.908548e-15 0.000000e+00
-7.500000e-01 2.000000e+00 0.000000e+00 -2.511825e-15 -1.575896e-15 0.000000e+00
-7.500000e-01 2.250000e+00 0.000000e+00 -9.339825e-16 -5.094448e-16 0.000000e+00
-7.500000e-01 2.500000e+00 0.000000e+00 -2.644433e-16 -1.276945e-16 0.000000e+00
-5.000000e-01 -2.500000e+00 0.000000e+00 1.619323e-16 -1.976055e-17 0.000000e+00
-5.000000e-01 -2.250000e+00 0.000000e+00 6.997202e-16 -1.055136e-16 0.000000e+00
-5.000000e-01 -2.000000e+00 0.000000e+00 2.270058e-15 -4.153105e-16 0.000000e+00
-5.000000e-01 -1.750000e+00 0.000000e+00 5.736061e-15 -1.256996e-15 0.000000e+00
-5.000000e-01 -1.500000e+00 0.000000e+00 1.160420e-14 -3.027482e-15 0.000000e+00
-5.000000e-01 -1.250000e+00 0.000000e+00 1.916635e-14 -5.984856e-15 0.000000e+00
-5.000000e-01 -1.000000e+00 0.000000e+00 2.613262e-14 -1.001502e-14 0.000000e+00
-5.000000e-01 -7.500000e-01 0.000000e+00 2.940429e-14 -1.465050e-14 0.000000e+00
-5.000000e-01 -5.000000e-01 0.000000e+00 2.674380e-14 -1.932801e-14 0.000000e+00
-5.000000e-01 -2.500000e-01 0.000000e+00 1.820527e-14 -2.354115e-14 0.000000e+00
-5.000000e-01 0.000000e+00 0.000000e+00 6.198679e-15 -2.671374e-14 0.000000e+00
-5.000000e-01 2.500000e-01 0.000000e+00 -5.874125e-15 -2.810416e-14 0.000000e+00
-5.000000e-01 5.000000e-01 0.000000e+00 -1.524794e-14 -2.707655e-14 0.000000e+00
-5.000000e-01 7.500000e-01 0.000000e+00 -2.048394e-14 -2.356641e-14 0.000000e+00
-5.000000e-01 1.000000e+00 0.000000e+00 -2.127903e-14 -1.828304e-14 0.000000e+00
-5.000000e-01 1.250000e+00 0.000000e+00 -1.827714e-14 -1.245975e-14 0.000000e+00
-5.000000e-01 1.500000e+00 0.000000e+00 -1.305396e-14 -7.329474e-15 0.000000e+00
-5.000000e-01 1.750000e+00 0.000000e+00 -7.650292e-15 -3.644289e-15 0.000000e+00
-5.000000e-01 2.000000e+00 0.000000e+00 -3.604668e-15 -1.494156e-15 0.000000e+00
-5.000000e-01 2.250000e+00 0.000000e+00 -1.332079e-15 -4.908501e-16 0.000000e+00
-5.000000e-01 2.500000e+00 0.000000e+00 -3.746196e-16 -1.248979e-16 0.000000e+00
-2.500000e-01 -2.500000e+00 0.000000e+00 2.339809e-16 -5.484348e-18 0.000000e+00
-2.500000e-01 -2.250000e+00 0.000000e+00 9.667421e-16 -4.144978e-17 0.000000e+00
-2.500000e-01 -2.000000e+00 0.000000e+00 3.002936e-15 -1.942343e-16 0.000000e+00
-2.500000e-01 -1.750000e+00 0.000000e+00 7.262114e-15 -6.457217e-16 0.000000e+00
-2.500000e-01 -1.500000e+00 0.000000e+00 1.404442e-14 -1.626587e-15 0.000000e+00
-2.500000e-01 -1.250000e+00 0.000000e+00 2.215807e-14 -3.248846e-15 0.000000e+00
-2.500000e-01 -1.000000e+00 0.000000e+00 2.888009e-14 -5.361340e-15 0.000000e+00
-2.500000e-01 -7.500000e-01 0.000000e+00 3.114487e-14 -7.647761e-15 0.000000e+00
-2.500000e-01 -5.000000e-01 0.000000e+00 2.720354e-14 -9.901783e-15 0.000000e+00
-2.500000e-01 -2.500000e-01 0.000000e+00 1.754100e-14 -1.209163e-14 0.000000e+00
-2.500000e-01 0.000000e+00 0.000000e+00 4.524975e-15 -1.406286e-14 0.000000e+00
-2.500000e-01 2.500000e-01 0.000000e+00 -8.742182e-15 -1.530410e-14 0.000000e+00
-2.500000e-01 5.000000e-01 0.000000e+00 -1.948585e-14 -1.519784e-14 0.000000e+00
-2.500000e-01 7.500000e-01 0.000000e+00 -2.576067e-14 -1.352530e-14 0.000000e+00
-2.500000e-01 1.000000e+00 0.000000e+00 -2.668600e-14 -1.067326e-14 0.000000e+00
-2.500000e-01 1.250000e+00 0.000000e+00 -2.279940e-14 -7.399243e-15 0.000000e+00
-2.500000e-01 1.500000e+00 0.000000e+00 -1.612770e-14 -4.445435e-15 0.000000e+00
-2.500000e-01 1.750000e+00 0.000000e+00 -9.335512e-15 -2.268691e-15 0.000000e+00
-2.500000e-01 2.000000e+00 0.000000e+00 -4.339835e-15 -9.581577e-16 0.000000e+00
-2.500000e-01 2.250000e+00 0.000000e+00 -1.581730e-15 -3.246056e-16 0.000000e+00
-2.500000e-01 2.500000e+00 0.000000e+00 -4.384984e-16 -8.505323e-17 0.000000e+00
0.000000e+00 -2.500000e+00 0.000000e+00 2.818427e-16 2.578234e-17 0.000000e+00
0.000000e+00 -2.250000e+00 0.000000e+00 1.127987e-15 9.784859e-17 0.000000e+00
0.000000e+00 -2.000000e+00 0.000000e+00 3.396758e-15 2.795478e-16 0.000000e+00
0.000000e+00 -1.750000e+00 0.000000e+00 7.957577e-15 6.283686e-16 0.000000e+00
0.000000e+00 -1.500000e+00 0.000000e+00 1.488465e-14 1.162067e-15 0.000000e+00
0.000000e+00 -1.250000e+00 0.000000e+00 2.267888e-14 1.847039e-15 0.000000e+00
0.000000e+00 -1.000000e+00 0.000000e+00 2.852803e-14 2.601374e-15 0.000000e+00
0.000000e+00 -7.500000e-01 0.000000e+00 2.969599e-14 3.248390e-15 0.000000e+00
0.000000e+00 -5.000000e-01 0.000000e+00 2.494169e-14 3.476908e-15 0.000000e+00
0.000000e+00 -2.500000e-01 0.000000e+00 1.492762e-14 2.996895e-15 0.000000e+00
0.000000e+00 0.000000e+00 0.000000e+00 1.714221e-15 1.859337e-15 0.000000e+00
0.000000e+00 2.500000e-01 0.000000e+00 -1.194243e-14 5.447952e-16 0.000000e+00
0.000000e+00 5.000000e-01 0.000000e+00 -2.315731e-14 -4.018404e-16 0.000000e+00
0.000000e+00 7.500000e-01 0.000000e+00 -2.951258e-14 -7.991253e-16 0.000000e+00
0.000000e+00 1.000000e+00 0.000000e+00 -2.984081e-14 -8.301457e-16 0.000000e+00
0.000000e+00 1.250000e+00 0.000000e+00 -2.489372e-14 -7.242552e-16 0.000000e+00
0.000000e+00 1.500000e+00 0.000000e+00 -1.718349e-14 -5.709767e-16 0.000000e+00
0.000000e+00 1.750000e+00 0.000000e+00 -9.709101e-15 -3.874291e-16 0.000000e+00
0.000000e+00 2.000000e+00 0.000000e+00 -4.409477e-15 -2.117920e-16 0.000000e+00
0.000000e+00 2.250000e+00 0.000000e+00 -1.571051e-15 -8.889409e-17 0.000000e+00
0.000000e+00 2.500000e+00 0.000000e+00 -4.256239e-16 -2.760622e-17 0.000000e+00
2.500000e-01 -2.500000e+00 0.000000e+00 2.814069e-16 6.124139e-17 0.000000e+00
2.500000e-01 -2.250000e+00 0.000000e+00 1.102301e-15 2.559335e-16 0.000000e+00
2.500000e-01 -2.000000e+00 0.000000e+00 3.251240e-15 8.180577e-16 0.000000e+00
2.500000e-01 -1.750000e+00 0.000000e+00 7.458101e-15 2.076408e-15 0.000000e+00
2.500000e-01 -1.500000e+00 0.000000e+00 1.365192e-14 4.319893e-15 0.000000e+00
2.500000e-01 -1.250000e+00 0.000000e+00 2.035372e-14 7.567219e-15 0.000000e+00
2.500000e-01 -1.000000e+00 0.000000e+00 2.507637e-14 1.140695e-14 0.000000e+00
2.500000e-01 -7.500000e-01 0.000000e+00 2.558773e-14 1.504210e-14 0.000000e+00
2.500000e-01 -5.000000e-01 0.000000e+00 2.092579e-14 1.756405e-14 0.000000e+00
2.500000e-01 -2.500000e-01 0.000000e+00 1.152107e-14 1.837188e-14 0.000000e+00
2.500000e-01 0.000000e+00 0.000000e+00 -1.077457e-15 1.749138e-14 0.000000e+00
2.500000e-01 2.500000e-01 0.000000e+00 -1.434319e-14 1.548432e-14 0.000000e+00
2.500000e-01 5.000000e-01 0.000000e+00 -2.512100e-14 1.296848e-14 0.000000e+00
2.500000e-01 7.500000e-01 0.000000e+00 -3.064453e-14 1.024580e-14 0.000000e+00
2.500000e-01 1.000000e+00 0.000000e+00 -2.984321e-14 7.419982e-15 0.000000e+00
2.500000e-01 1.250000e+00 0.000000e+00 -2.397127e-14 4.721650e-15 0.000000e+00
2.500000e-01 1.500000e+00 0.000000e+00 -1.593551e-14 2.532258e-15 0.000000e+00
2.500000e-01 1.750000e+00 0.000000e+00 -8.683163e-15 1.102983e-15 0.000000e+00
2.500000e-01 2.000000e+00 0.000000e+00 -3.809522e-15 3.764297e-16 0.000000e+00
2.500000e-01 2.250000e+00 0.000000e+00 -1.312613e-15 9.653796e-17 0.000000e+00
2.500000e-01 2.500000e+00 0.000000e+00 -3.437940e-16 1.753809e-17 0.000000e+00
5.000000e-01 -2.500000e+00 0.000000e+00 2.322673e-16 8.197945e-17 0.000000e+00
5.000000e-01 -2.250000e+00 0.000000e+00 8.980620e-16 3.506570e-16 0.000000e+00
5.000000e-01 -2.000000e+00 0.000000e+00 2.616386e-15 1.149242e-15 0.000000e+00
5.000000e-01 -1.750000e+00 0.000000e+00 5.931076e-15 2.990523e-15 0.000000e+00
5.000000e-01 -1.500000e+00 0.000000e+00 1.074169e-14 6.366176e-15 0.000000e+00
5.000000e-01 -1.250000e+00 0.000000e+00 1.589107e-14 1.137665e-14 0.000000e+00
5.000000e-01 -1.000000e+00 0.000000e+00 1.952274e-14 1.745059e-14 0.000000e+00
5.000000e-01 -7.500000e-01 0.000000e+00 1.995791e-14 2.341136e-14 0.000000e+00
5.000000e-01 -5.000000e-01 0.000000e+00 1.626765e-14 2.790028e-14 0.000000e+00
5.000000e-01 -2.500000e-01 0.000000e+00 8.362649e-15 2.993189e-14 0.000000e+00
5.000000e-01 0.000000e+00 0.000000e+00 -2.802205e-15 2.926709e-14 0.000000e+00
5.000000e-01 2.500000e-01 0.000000e+00 -1.486321e-14 2.637669e-14 0.000000e+00
5.000000e-01 5.000000e-01 0.000000e+00 -2.443311e-14 2.204838e-14 0.000000e+00
5.000000e-01 7.500000e-01 0.000000e+00 -2.863639e-14 1.701654e-14 0.000000e+00
5.000000e-01 1.000000e+00 0.000000e+00 -2.674791e-14 1.191165e-14 0.000000e+00
5.000000e-01 1.250000e+00 0.000000e+00 -2.053026e-14 7.359219e-15 0.000000e+00
5.000000e-01 1.500000e+00 0.000000e+00 -1.301652e-14 3.891810e-15 0.000000e+00
5.000000e-01 1.750000e+00 0.000000e+00 -6.764180e-15 1.708849e-15 0.000000e+00
5.000000e-01 2.000000e+00 0.000000e+00 -2.832523e-15 6.043117e-16 0.000000e+00
5.000000e-01 2.250000e+00 0.000000e+00 -9.320028e-16 1.665596e-16 0.000000e+00
5.000000e-01 2.500000e+00 0.000000e+00 -2.328922e-16 3.440819e-17 0.000000e+00
7.500000e-01 -2.500000e+00 0.000000e+00 1.578789e-16 7.857849e-17 0.000000e+00
7.500000e-01 -2.250000e+00 0.000000e+00 6.071721e-16 3.408419e-16 0.000000e+00
7.500000e-01 -2.000000e+00 0.000000e+00 1.760202e-15 1.134090e-15 0.000000e+00
7.500000e-01 -1.750000e+00 0.000000e+00 3.975627e-15 2.998678e-15 0.000000e+00
7.500000e-01 -1.500000e+00 0.000000e+00 7.198423e-15 6.493914e-15 0.000000e+00
7.500000e-01 -1.250000e+00 0.000000e+00 1.071842e-14 1.182858e-14 0.000000e+00
7.500000e-01 -1.000000e+00 0.000000e+00 1.338456e-14 1.855095e-14 0.000000e+00
7.500000e-01 -7.500000e-01 0.000000e+00 1.403382e-14 2.554757e-14 0.000000e+00
7.500000e-01 -5.000000e-01 0.000000e+00 1.170300e-14 3.136200e-14 0.000000e+00
7.500000e-01 -2.500000e-01 0.000000e+00 5.810065e-15 3.466314e-14 0.000000e+00
7.500000e-01 0.000000e+00 0.000000e+00 -3.211539e-15 3.469032e-14 0.000000e+00
7.500000e-01 2.500000e-01 0.000000e+00 -1.325349e-14 3.151441e-14 0.000000e+00
7.500000e-01 5.000000e-01 0.000000e+00 -2.102578e-14 2.597569e-14 0.000000e+00
7.500000e-01 7.500000e-01 0.000000e+00 -2.387686e-14 1.933459e-14 0.000000e+00
7.500000e-01 1.000000e+00 0.000000e+00 -2.145690e-14 1.285895e-14 0.000000e+00
7.500000e-01 1.250000e+00 0.000000e+00 -1.573051e-14 7.512901e-15 0.000000e+00
7.500000e-01 1.500000e+00 0.000000e+00 -9.475199e-15 3.771039e-15 0.000000e+00
7.500000e-01 1.750000e+00 0.000000e+00 -4.662339e-15 1.584224e-15 0.000000e+00
7.500000e-01 2.000000e+00 0.000000e+00 -1.844892e-15 5.408832e-16 0.000000e+00
7.500000e-01 2.250000e+00 0.000000e+00 -5.725887e-16 1.451157e-16 0.000000e+00
7.500000e-01 2.500000e+00 0.000000e+00 -1.345773e-16 2.937546e-17 0.000000e+00
1.000000e+00 -2.500000e+00 0.000000e+00 8.772168e-17 5.731434e-17 0.000000e+00
1.000000e+00 -2.250000e+00 0.000000e+00 3.381571e-16 2.524224e-16 0.000000e+00
1.000000e+00 -2.000000e+00 0.000000e+00 9.824782e-16 8.531097e-16 0.000000e+00
1.000000e+00 -1.750000e+00 0.000000e+00 2.228357e-15 2.294152e-15 0.000000e+00
1.000000e+00 -1.500000e+00 0.000000e+00 4.075078e-15 5.066624e-15 0.000000e+00
1.000000e+00 -1.250000e+00 0.000000e+00 6.193919e-15 9.454570e-15 0.000000e+00
1.000000e+00 -1.000000e+00 0.000000e+00 8.005024e-15 1.528314e-14 0.000000e+00
1.000000e+00 -7.500000e-01 0.000000e+00 8.776379e-15 2.182730e-14 0.000000e+00
1.000000e+00 -5.000000e-01 0.000000e+00 7.622770e-15 2.789042e-14 0.000000e+00
1.000000e+00 -2.500000e-01 0.000000e+00 3.752731e-15 3.203910e-14 0.000000e+00
1.000000e+00 0.000000e+00 0.000000e+00 -2.739224e-15 3.304881e-14 0.000000e+00
1.000000e+00 2.500000e-01 0.000000e+00 -1.017695e-14 3.047646e-14 0.000000e+00
1.000000e+00 5.000000e-01 0.000000e+00 -1.581695e-14 2.498676e-14 0.000000e+00
1.000000e+00 7.500000e-01 0.000000e+00 -1.754624e-14 1.810078e-14 0.000000e+00
1.000000e+00 1.000000e+00 0.000000e+00 -1.527530e-14 1.149473e-14 0.000000e+00
1.000000e+00 1.250000e+00 0.000000e+00 -1.075621e-14 6.328288e-15 0.000000e+00
1.000000e+00 1.500000e+00 0.000000e+00 -6.175255e-15 2.973582e-15 0.000000e+00
1.000000e+00 1.750000e+00 0.000000e+00 -2.877190e-15 1.167921e-15 0.000000e+00
1.000000e+00 2.000000e+00 0.000000e+00 -1.071983e-15 3.733521e-16 0.000000e+00
1.000000e+00 2.250000e+00 0.000000e+00 -3.116015e-16 9.395442e-17 0.000000e+00
1.000000e+00 2.500000e+00 0.000000e+00 -6.817805e-17 1.783594e-17 0.000000e+00
1.250000e+00 -2.500000e+00 0.000000e+00 3.934338e-17 3.231967e-17 0.000000e+00
1.250000e+00 -2.250000e+00 0.000000e+00 1.533174e-16 1.453483e-16 0.000000e+00
1.250000e+00 -2.000000e+00 0.000000e+00 4.497681e-16 5.011587e-16 0.000000e+00
1.250000e+00 -1.750000e+00 0.000000e+00 1.032555e-15 1.376432e-15 0.000000e+00
1.250000e+00 -1.500000e+00 0.000000e+00 1.926657e-15 3.115961e-15 0.000000e+00
1.250000e+00 -1.250000e+00 0.000000e+00 3.029741e-15 5.997419e-15 0.000000e+00
1.250000e+00 -1.000000e+00 0.000000e+00 4.113165e-15 1.007672e-14 0.000000e+00
1.250000e+00 -7.500000e-01 0.000000e+00 4.769300e-15 1.505583e-14 0.000000e+00
1.250000e+00 -5.000000e-01 0.000000e+00 4.334687e-15 2.017223e-14 0.000000e+00
1.250000e+00 -2.500000e-01 0.000000e+00 2.114772e-15 2.421057e-14 0.000000e+00
1.250000e+00 0.000000e+00 0.000000e+00 -1.941157e-15 2.585119e-14 0.000000e+00
1.250000e+00 2.500000e-01 0.000000e+00 -6.697537e-15 2.434563e-14 0.000000e+00
1.250000e+00 5.000000e-01 0.000000e+00 -1.024559e-14 2.005744e-14 0.000000e+00
1.250000e+00 7.500000e-01 0.000000e+00 -1.116480e-14 1.434911e-14 0.000000e+00
1.250000e+00 1.000000e+00 0.000000e+00 -9.484993e-15 8.845983e-15 0.000000e+00
1.250000e+00 1.250000e+00 0.000000e+00 -6.468733e-15 4.655283e-15 0.000000e+00
1.250000e+00 1.500000e+00 0.000000e+00 -3.569143e-15 2.064643e-15 0.000000e+00
1.250000e+00 1.750000e+00 0.000000e+00 -1.585850e-15 7.580893e-16 0.000000e+00
1.250000e+00 2.000000e+00 0.000000e+00 -5.591226e-16 2.249552e-16 0.000000e+00
1.250000e+00 2.250000e+00 0.000000e+00 -1.525774e-16 5.224008e-17 0.000000e+00
1.250000e+00 2.500000e+00 0.000000e+00 -3.107116e-17 9.091867e-18 0.000000e+00
1.500000e+00 -2.500000e+00 0.000000e+00 1.398285e-17 1.402326e-17 0.000000e+00
1.500000e+00 -2.250000e+00 0.000000e+00 5.561768e-17 6.495913e-17 0.000000e+00
1.500000e+00 -2.000000e+00 0.000000e+00 1.660821e-16 2.300744e-16 0.000000e+00
1.500000e+00 -1.750000e+00 0.000000e+00 3.891277e-16 6.493678e-16 0.000000e+00
1.500000e+00 -1.500000e+00 0.000000e+00 7.484146e-16 1.516777e-15 0.000000e+00
1.500000e+00 -1.250000e+00 0.000000e+00 1.232663e-15 3.034022e-15 0.000000e+00
1.500000e+00 -1.000000e+00 0.000000e+00 1.776723e-15 5.340802e-15 0.000000e+00
1.500000e+00 -7.500000e-01 0.000000e+00 2.186667e-15 8.404194e-15 0.000000e+00
1.500000e+00 -5.000000e-01 0.000000e+00 2.067738e-15 1.185368e-14 0.000000e+00
1.500000e+00 -2.500000e-01 0.000000e+00 9.719650e-16 1.488367e-14 0.000000e+00
1.500000e+00 0.000000e+00 0.000000e+00 -1.171330e-15 1.646002e-14 0.000000e+00
1.500000e+00 2.500000e-01 0.000000e+00 -3.725181e-15 1.586743e-14 0.000000e+00
1.500000e+00 5.000000e-01 0.000000e+00 -5.602149e-15 1.321772e-14 0.000000e+00
1.500000e+00 7.500000e-01 0.000000e+00 -6.013434e-15 9.443110e-15 0.000000e+00
1.500000e+00 1.000000e+00 0.000000e+00 -5.012835e-15 5.742153e-15 0.000000e+00
1.500000e+00 1.250000e+00 0.000000e+00 -3.336283e-15 2.944573e-15 0.000000e+00
1.500000e+00 1.500000e+00 0.000000e+00 -1.785070e-15 1.257681e-15 0.000000e+00
1.500000e+00 1.750000e+00 0.000000e+00 -7.637525e-16 4.398334e-16 0.000000e+00
1.500000e+00 2.000000e+00 0.000000e+00 -2.573097e-16 1.230299e-16 0.000000e+00
1.500000e+00 2.250000e+00 0.000000e+00 -6.653586e-17 2.666884e-17 0.000000e+00
1.500000e+00 2.500000e+00 0.000000e+00 -1.272411e-17 4.291980e-18 0.000000e+00
1.750000e+00 -2.500000e+00 0.000000e+00 3.841322e-18 4.599134e-18 0.000000e+00
1.750000e+00 -2.250000e+00 0.000000e+00 1.576724e-17 2.218942e-17 0.000000e+00
1.750000e+00 -2.000000e+00 0.000000e+00 4.835342e-17 8.144272e-17 0.000000e+00
1.750000e+00 -1.750000e+00 0.000000e+00 1.166169e-16 2.380266e-16 0.000000e+00
1.750000e+00 -1.500000e+00 0.000000e+00 2.335421e-16 5.780202e-16 0.000000e+00
1.750000e+00 -1.250000e+00 0.000000e+00 4.073195e-16 1.211216e-15 0.000000e+00
1.750000e+00 -1.000000e+00 0.000000e+00 6.276733e-16 2.250323e-15 0.000000e+00
1.750000e+00 -7.500000e-01 0.000000e+00 8.187571e-16 3.748018e-15 0.000000e+00
1.750000e+00 -5.000000e-01 0.000000e+00 7.967924e-16 5.574331e-15 0.000000e+00
1.750000e+00 -2.500000e-01 0.000000e+00 3.420096e-16 7.316697e-15 0.000000e+00
1.750000e+00 0.000000e+00 0.000000e+00 -5.905186e-16 8.369150e-15 0.000000e+00
1.750000e+00 2.500000e-01 0.000000e+00 -1.711861e-15 8.256794e-15 0.000000e+00
1.750000e+00 5.000000e-01 0.000000e+00 -2.523370e-15 6.970504e-15 0.000000e+00
1.750000e+00 7.500000e-01 0.000000e+00 -2.670514e-15 5.001383e-15 0.000000e+00
1.750000e+00 1.000000e+00 0.000000e+00 -2.191366e-15 3.028049e-15 0.000000e+00
1.750000e+00 1.250000e+00 0.000000e+00 -1.430273e-15 1.532974e-15 0.000000e+00
1.750000e+00 1.500000e+00 0.000000e+00 -7.467532e-16 6.409297e-16 0.000000e+00
1.750000e+00 1.750000e+00 0.000000e+00 -3.099012e-16 2.175295e-16 0.000000e+00
1.750000e+00 2.000000e+00 0.000000e+00 -1.005538e-16 5.854182e-17 0.000000e+00
1.750000e+00 2.250000e+00 0.000000e+00 -2.483955e-17 1.210583e-17 0.000000e+00
1.750000e+00 2.500000e+00 0.000000e+00 -4.498329e-18 1.845123e-18 0.000000e+00
2.000000e+00 -2.500000e+00 0.000000e+00 7.903137e-19 1.108745e-18 0.000000e+00
2.000000e+00 -2.250000e+00 0.000000e+00 3.387764e-18 5.643981e-18 0.000000e+00
2.000000e+00 -2.000000e+00 0.000000e+00 1.077070e-17 2.169074e-17 0.000000e+00
2.000000e+00 -1.750000e+00 0.000000e+00 2.697200e-17 6.622234e-17 0.000000e+00
2.000000e+00 -1.500000e+00 0.000000e+00 5.680752e-17 1.685971e-16 0.000000e+00
2.000000e+00 -1.250000e+00 0.000000e+00 1.059737e-16 3.732080e-16 0.000000e+00
2.000000e+00 -1.000000e+00 0.000000e+00 1.754301e-16 7.370934e-16 0.000000e+00
2.000000e+00 -7.500000e-01 0.000000e+00 2.417524e-16 1.304945e-15 0.000000e+00
2.000000e+00 -5.000000e-01 0.000000e+00 2.391242e-16 2.048612e-15 0.000000e+00
2.000000e+00 -2.500000e-01 0.000000e+00 8.527701e-17 2.808078e-15 0.000000e+00
2.000000e+00 0.000000e+00 0.000000e+00 -2.392987e-16 3.317144e-15 0.000000e+00
2.000000e+00 2.500000e-01 0.000000e+00 -6.312117e-16 3.346170e-15 0.000000e+00
2.000000e+00 5.000000e-01 0.000000e+00 -9.101000e-16 2.863704e-15 0.000000e+00
2.000000e+00 7.500000e-01 0.000000e+00 -9.497580e-16 2.067383e-15 0.000000e+00
2.000000e+00 1.000000e+00 0.000000e+00 -7.682283e-16 1.250749e-15 0.000000e+00
2.000000e+00 1.250000e+00 0.000000e+00 -4.927831e-16 6.285180e-16 0.000000e+00
2.000000e+00 1.500000e+00 0.000000e+00 -2.517179e-16 2.590624e-16 0.000000e+00
2.000000e+00 1.750000e+00 0.000000e+00 -1.015978e-16 8.605666e-17 0.000000e+00
2.000000e+00 2.000000e+00 0.000000e+00 -3.182388e-17 2.249229e-17 0.000000e+00
2.000000e+00 2.250000e+00 0.000000e+00 -7.521353e-18 4.480498e-18 0.000000e+00
2.000000e+00 2.500000e+00 0.000000e+00 -1.290318e-18 6.530284e-19 0.000000e+00
2.250000e+00 -2.500000e+00 0.000000e+00 1.174008e-19 1.897650e-19 0.000000e+00
2.250000e+00 -2.250000e+00 0.000000e+00 5.309800e-19 1.031359e-18 0.000000e+00
2.250000e+00 -2.000000e+00 0.000000e+00 1.765630e-18 4.196261e-18 0.000000e+00
2.250000e+00 -1.750000e+00 0.000000e+00 4.627241e-18 1.350931e-17 0.000000e+00
2.250000e+00 -1.500000e+00 0.000000e+00 1.034735e-17 3.638318e-17 0.000000e+00
2.250000e+00 -1.250000e+00 0.000000e+00 2.085023e-17 8.584964e-17 0.000000e+00
2.250000e+00 -1.000000e+00 0.000000e+00 3.725147e-17 1.816384e-16 0.000000e+00
2.250000e+00 -7.500000e-01 0.000000e+00 5.409420e-17 3.434529e-16 0.000000e+00
2.250000e+00 -5.000000e-01 0.000000e+00 5.368505e-17 5.701904e-16 0.000000e+00
2.250000e+00 -2.500000e-01 0.000000e+00 1.286139e-17 8.163258e-16 0.000000e+00
2.250000e+00 0.000000e+00 0.000000e+00 -7.458662e-17 9.954550e-16 0.000000e+00
2.250000e+00 2.500000e-01 0.000000e+00 -1.803538e-16 1.026314e-15 0.000000e+00
2.250000e+00 5.000000e-01 0.000000e+00 -2.543067e-16 8.902629e-16 0.000000e+00
2.250000e+00 7.500000e-01 0.000000e+00 -2.617506e-16 6.467619e-16 0.000000e+00
2.250000e+00 1.000000e+00 0.000000e+00 -2.087805e-16 3.911591e-16 0.000000e+00
2.250000e+00 1.250000e+00 0.000000e+00 -1.316467e-16 1.952120e-16 0.000000e+00
2.250000e+00 1.500000e+00 0.000000e+00 -6.576802e-17 7.935008e-17 0.000000e+00
2.250000e+00 1.750000e+00 0.000000e+00 -2.578110e-17 2.578928e-17 0.000000e+00
2.250000e+00 2.000000e+00 0.000000e+00 -7.772389e-18 6.534686e-18 0.000000e+00
2.250000e+00 2.250000e+00 0.000000e+00 -1.748482e-18 1.248982e-18 0.000000e+00
2.250000e+00 2.500000e+00 0.000000e+00 -2.822463e-19 1.729697e-19 0.000000e+00
2.500000e+00 -2.500000e+00 0.000000e+00 1.227820e-20 2.250878e-20 0.000000e+00
2.500000e+00 -2.250000e+00 0.000000e+00 5.828996e-20 1.300751e-19 0.000000e+00
2.500000e+00 -2.000000e+00 0.000000e+00 2.031865e-19 5.637916e-19 0.000000e+00
2.500000e+00 -1.750000e+00 0.000000e+00 5.589420e-19 1.928168e-18 0.000000e+00
2.500000e+00 -1.500000e+00 0.000000e+00 1.335940e-18 5.538346e-18 0.000000e+00
2.500000e+00 -1.250000e+00 0.000000e+00 2.936939e-18 1.406281e-17 0.000000e+00
2.500000e+00 -1.000000e+00 0.000000e+00 5.700930e-18 3.216773e-17 0.000000e+00
2.500000e+00 -7.500000e-01 0.000000e+00 8.723785e-18 6.540344e-17 0.000000e+00
2.500000e+00 -5.000000e-01 0.000000e+00 8.564618e-18 1.152994e-16 0.000000e+00
2.500000e+00 -2.500000e-01 0.000000e+00 4.587213e-19 1.728289e-16 0.000000e+00
2.500000e+00 0.000000e+00 0.000000e+00 -1.705321e-17 2.178896e-16 0.000000e+00
2.500000e+00 2.500000e-01 0.000000e+00 -3.828145e-17 2.298219e-16 0.000000e+00
2.500000e+00 5.000000e-01 0.000000e+00 -5.288789e-17 2.021648e-16 0.000000e+00
2.500000e+00 7.500000e-01 0.000000e+00 -5.373789e-17 1.477923e-16 0.000000e+00
2.500000e+00 1.000000e+00 0.000000e+00 -4.227496e-17 8.928959e-17 0.000000e+00
2.500000e+00 1.250000e+00 0.000000e+00 -2.618170e-17 4.417735e-17 0.000000e+00
2.500000e+00 1.500000e+00 0.000000e+00 -1.276336e-17 1.765200e-17 0.000000e+00
2.500000e+00 1.750000e+00 0.000000e+00 -4.838703e-18 5.583421e-18 0.000000e+00
2.500000e+00 2.000000e+00 0.000000e+00 -1.394719e-18 1.360777e-18 0.000000e+00
2.500000e+00 2.250000e+00 0.000000e+00 -2.961216e-19 2.470050e-19 0.000000e+00
2.500000e+00 2.500000e+00 0.000000e+00 -4.476434e-20 3.226200e-20 0.000000e+00
