0.000000e+00 2.004305e-20
1.000000e+00 2.504025e-20
2.000000e+00 3.000848e-20
3.000000e+00 3.494167e-20
4.000000e+00 3.983381e-20
5.000000e+00 4.467895e-20
6.000000e+00 4.947118e-20
7.000000e+00 5.420467e-20
8.000000e+00 5.887351e-20
9.000000e+00 6.347227e-20
1.000000e+01 6.799523e-20
1.100000e+01 7.243687e-20
1.200000e+01 7.679180e-20
1.300000e+01 8.105468e-20
1.400000e+01 8.522035e-20
1.500000e+01 8.928371e-20
1.600000e+01 9.323983e-20
1.700000e+01 9.708387e-20
1.800000e+01 1.008112e-19
1.900000e+01 1.044172e-19
2.000000e+01 1.078975e-19
2.100000e+01 1.112478e-19
2.200000e+01 1.144642e-19
2.300000e+01 1.175427e-19
2.400000e+01 1.204794e-19
2.500000e+01 1.232709e-19
2.600000e+01 1.259138e-19
2.700000e+01 1.284047e-19
2.800000e+01 1.307408e-19
2.900000e+01 1.329191e-19
3.000000e+01 1.349370e-19
3.100000e+01 1.367920e-19
3.200000e+01 1.384819e-19
3.300000e+01 1.400045e-19
3.400000e+01 1.413582e-19
3.500000e+01 1.425411e-19
3.600000e+01 1.435519e-19
3.700000e+01 1.443894e-19
3.800000e+01 1.450524e-19
3.900000e+01 1.455403e-19
4.000000e+01 1.458524e-19
4.100000e+01 1.459882e-19
4.200000e+01 1.459478e-19
4.300000e+01 1.457311e-19
4.400000e+01 1.453383e-19
4.500000e+01 1.447700e-19
4.600000e+01 1.440269e-19
4.700000e+01 1.431097e-19
4.800000e+01 1.420198e-19
4.900000e+01 1.407584e-19
5.000000e+01 1.393270e-19
5.100000e+01 1.377273e-19
5.200000e+01 1.359614e-19
5.300000e+01 1.340314e-19
5.400000e+01 1.319396e-19
5.500000e+01 1.296886e-19
5.600000e+01 1.272811e-19
5.700000e+01 1.247201e-19
5.800000e+01 1.220086e-19
5.900000e+01 1.191500e-19
6.000000e+01 1.161478e-19
6.100000e+01 1.130056e-19
6.200000e+01 1.097272e-19
6.300000e+01 1.063167e-19
6.400000e+01 1.027781e-19
6.500000e+01 9.911589e-20
6.600000e+01 9.533443e-20
6.700000e+01 9.143835e-20
6.800000e+01 8.743239e-20
6.900000e+01 8.332143e-20
7.000000e+01 7.911048e-20
7.100000e+01 7.480467e-20
7.200000e+01 7.040925e-20
7.300000e+01 6.592958e-20
7.400000e+01 6.137111e-20
7.500000e+01 5.673939e-20
7.600000e+01 5.204007e-20
7.700000e+01 4.727887e-20
7.800000e+01 4.246160e-20
7.900000e+01 3.759412e-20
8.000000e+01 3.268236e-20
8.100000e+01 2.773231e-20
8.200000e+01 2.275000e-20
8.300000e+01 1.774150e-20
8.400000e+01 1.271291e-20
8.500000e+01 7.670359e-21
8.600000e+01 2.619990e-21
8.700000e+01 -2.432046e-21
8.800000e+01 -7.479591e-21
8.900000e+01 -1.251650e-20
9.000000e+01 -1.753663e-20
9.100000e+01 -2.253386e-20
9.200000e+01 -2.750212e-20
9.300000e+01 -3.243534e-20
9.400000e+01 -3.732752e-20
9.500000e+01 -4.217270e-20
9.600000e+01 -4.696496e-20
9.700000e+01 -5.169848e-20
9.800000e+01 -5.636748e-20
9.900000e+01 -6.096629e-20
1.000000e+02 -6.548928e-20
1.010000e+02 -6.993097e-20
1.020000e+02 -7.428592e-20
1.030000e+02 -7.854884e-20
1.040000e+02 -8.271454e-20
1.050000e+02 -8.677793e-20
1.060000e+02 -9.073407e-20
1.070000e+02 -9.457813e-20
1.080000e+02 -9.830544e-20
1.090000e+02 -1.019115e-19
1.100000e+02 -1.053918e-19
1.110000e+02 -1.087422e-19
1.120000e+02 -1.119585e-19
1.130000e+02 -1.150372e-19
1.140000e+02 -1.179740e-19
1.150000e+02 -1.207655e-19
1.160000e+02 -1.234083e-19
1.170000e+02 -1.258992e-19
1.180000e+02 -1.282353e-19
1.190000e+02 -1.304135e-19
1.200000e+02 -1.324314e-19
1.210000e+02 -1.342864e-19
1.220000e+02 -1.359762e-19
1.230000e+02 -1.374989e-19
1.240000e+02 -1.388525e-19
1.250000e+02 -1.400354e-19
1.260000e+02 -1.410462e-19
1.270000e+02 -1.418836e-19
1.280000e+02 -1.425466e-19
1.290000e+02 -1.430344e-19
1.300000e+02 -1.433464e-19
1.310000e+02 -1.434822e-19
1.320000e+02 -1.434417e-19
1.330000e+02 -1.432250e-19
1.340000e+02 -1.428322e-19
1.350000e+02 -1.422638e-19
1.360000e+02 -1.415206e-19
1.370000e+02 -1.406035e-19
1.380000e+02 -1.395135e-19
1.390000e+02 -1.382520e-19
1.400000e+02 -1.368205e-19
1.410000e+02 -1.352209e-19
1.420000e+02 -1.334549e-19
1.430000e+02 -1.315249e-19
1.440000e+02 -1.294330e-19
1.450000e+02 -1.271820e-19
1.460000e+02 -1.247745e-19
1.470000e+02 -1.222134e-19
1.480000e+02 -1.195019e-19
1.490000e+02 -1.166433e-19
1.500000e+02 -1.136410e-19
1.510000e+02 -1.104988e-19
1.520000e+02 -1.072204e-19
1.530000e+02 -1.038099e-19
1.540000e+02 -1.002713e-19
1.550000e+02 -9.660906e-20
1.560000e+02 -9.282760e-20
1.570000e+02 -8.893151e-20
1.580000e+02 -8.492554e-20
1.590000e+02 -8.081458e-20
1.600000e+02 -7.660364e-20
1.610000e+02 -7.229783e-20
1.620000e+02 -6.790242e-20
1.630000e+02 -6.342276e-20
1.640000e+02 -5.886429e-20
1.650000e+02 -5.423259e-20
1.660000e+02 -4.953328e-20
1.670000e+02 -4.477210e-20
1.680000e+02 -3.995484e-20
1.690000e+02 -3.508738e-20
1.700000e+02 -3.017565e-20
1.710000e+02 -2.522563e-20
1.720000e+02 -2.024334e-20
1.730000e+02 -1.523487e-20
1.740000e+02 -1.020630e-20
1.750000e+02 -5.163782e-21
1.760000e+02 -1.134412e-22
1.770000e+02 4.938564e-21
1.780000e+02 9.986078e-21
1.790000e+02 1.502295e-20
1.800000e+02 2.004305e-20
1.810000e+02 2.504025e-20
1.820000e+02 3.000848e-20
1.830000e+02 3.494167e-20
1.840000e+02 3.983381e-20
1.850000e+02 4.467895e-20
1.860000e+02 4.947118e-20
1.870000e+02 5.420467e-20
1.880000e+02 5.887351e-20
1.890000e+02 6.347227e-20
1.900000e+02 6.799523e-20
1.910000e+02 7.243687e-20
1.920000e+02 7.679180e-20
1.930000e+02 8.105468e-20
1.940000e+02 8.522035e-20
1.950000e+02 8.928371e-20
1.960000e+02 9.323983e-20
1.970000e+02 9.708387e-20
1.980000e+02 1.008112e-19
1.990000e+02 1.044172e-19
2.000000e+02 1.078975e-19
2.010000e+02 1.112478e-19
2.020000e+02 1.144642e-19
2.030000e+02 1.175427e-19
2.040000e+02 1.204794e-19
2.050000e+02 1.232709e-19
2.060000e+02 1.259138e-19
2.070000e+02 1.284047e-19
2.080000e+02 1.307408e-19
2.090000e+02 1.329191e-19
2.100000e+02 1.349370e-19
2.110000e+02 1.367920e-19
2.120000e+02 1.384819e-19
2.130000e+02 1.400045e-19
2.140000e+02 1.413582e-19
2.150000e+02 1.425411e-19
2.160000e+02 1.435519e-19
2.170000e+02 1.443894e-19
2.180000e+02 1.450524e-19
2.190000e+02 1.455403e-19
2.200000e+02 1.458524e-19
2.210000e+02 1.459882e-19
2.220000e+02 1.459478e-19
2.230000e+02 1.457311e-19
2.240000e+02 1.453383e-19
2.250000e+02 1.447700e-19
2.260000e+02 1.440269e-19
2.270000e+02 1.431097e-19
2.280000e+02 1.420198e-19
2.290000e+02 1.407584e-19
2.300000e+02 1.393270e-19
2.310000e+02 1.377273e-19
2.320000e+02 1.359614e-19
2.330000e+02 1.340314e-19
2.340000e+02 1.319396e-19
2.350000e+02 1.296886e-19
2.360000e+02 1.272811e-19
2.370000e+02 1.247201e-19
2.380000e+02 1.220086e-19
2.390000e+02 1.191500e-19
2.400000e+02 1.161478e-19
2.410000e+02 1.130056e-19
2.420000e+02 1.097272e-19
2.430000e+02 1.063167e-19
2.440000e+02 1.027781e-19
2.450000e+02 9.911589e-20
2.460000e+02 9.533443e-20
2.470000e+02 9.143835e-20
2.480000e+02 8.743239e-20
2.490000e+02 8.332143e-20
2.500000e+02 7.911048e-20
2.510000e+02 7.480467e-20
2.520000e+02 7.040925e-20
2.530000e+02 6.592958e-20
2.540000e+02 6.137111e-20
2.550000e+02 5.673939e-20
2.560000e+02 5.204007e-20
2.570000e+02 4.727887e-20
2.580000e+02 4.246160e-20
2.590000e+02 3.759412e-20
2.600000e+02 3.268236e-20
2.610000e+02 2.773231e-20
2.620000e+02 2.275000e-20
2.630000e+02 1.774150e-20
2.640000e+02 1.271291e-20
2.650000e+02 7.670359e-21
2.660000e+02 2.619990e-21
2.670000e+02 -2.432046e-21
2.680000e+02 -7.479591e-21
2.690000e+02 -1.251650e-20
2.700000e+02 -1.753663e-20
2.710000e+02 -2.253386e-20
2.720000e+02 -2.750212e-20
2.730000e+02 -3.243534e-20
2.740000e+02 -3.732752e-20
2.750000e+02 -4.217270e-20
2.760000e+02 -4.696496e-20
2.770000e+02 -5.169848e-20
2.780000e+02 -5.636748e-20
2.790000e+02 -6.096629e-20
2.800000e+02 -6.548928e-20
2.810000e+02 -6.993097e-20
2.820000e+02 -7.428592e-20
2.830000e+02 -7.854884e-20
2.840000e+02 -8.271454e-20
2.850000e+02 -8.677793e-20
2.860000e+02 -9.073407e-20
2.870000e+02 -9.457813e-20
2.880000e+02 -9.830544e-20
2.890000e+02 -1.019115e-19
2.900000e+02 -1.053918e-19
2.910000e+02 -1.087422e-19
2.920000e+02 -1.119585e-19
2.930000e+02 -1.150372e-19
2.940000e+02 -1.179740e-19
2.950000e+02 -1.207655e-19
2.960000e+02 -1.234083e-19
2.970000e+02 -1.258992e-19
2.980000e+02 -1.282353e-19
2.990000e+02 -1.304135e-19
3.000000e+02 -1.324314e-19
3.010000e+02 -1.342864e-19
3.020000e+02 -1.359762e-19
3.030000e+02 -1.374989e-19
3.040000e+02 -1.388525e-19
3.050000e+02 -1.400354e-19
3.060000e+02 -1.410462e-19
3.070000e+02 -1.418836e-19
3.080000e+02 -1.425466e-19
3.090000e+02 -1.430344e-19
3.100000e+02 -1.433464e-19
3.110000e+02 -1.434822e-19
3.120000e+02 -1.434417e-19
3.130000e+02 -1.432250e-19
3.140000e+02 -1.428322e-19
3.150000e+02 -1.422638e-19
3.160000e+02 -1.415206e-19
3.170000e+02 -1.406035e-19
3.180000e+02 -1.395135e-19
3.190000e+02 -1.382520e-19
3.200000e+02 -1.368205e-19
3.210000e+02 -1.352209e-19
3.220000e+02 -1.334549e-19
3.230000e+02 -1.315249e-19
3.240000e+02 -1.294330e-19
3.250000e+02 -1.271820e-19
3.260000e+02 -1.247745e-19
3.270000e+02 -1.222134e-19
3.280000e+02 -1.195019e-19
3.290000e+02 -1.166433e-19
3.300000e+02 -1.136410e-19
3.310000e+02 -1.104988e-19
3.320000e+02 -1.072204e-19
3.330000e+02 -1.038099e-19
3.340000e+02 -1.002713e-19
3.350000e+02 -9.660906e-20
3.360000e+02 -9.282760e-20
3.370000e+02 -8.893151e-20
3.380000e+02 -8.492554e-20
3.390000e+02 -8.081458e-20
3.400000e+02 -7.660364e-20
3.410000e+02 -7.229783e-20
3.420000e+02 -6.790242e-20
3.430000e+02 -6.342276e-20
3.440000e+02 -5.886429e-20
3.450000e+02 -5.423259e-20
3.460000e+02 -4.953328e-20
3.470000e+02 -4.477210e-20
3.480000e+02 -3.995484e-20
3.490000e+02 -3.508738e-20
3.500000e+02 -3.017565e-20
3.510000e+02 -2.522563e-20
3.520000e+02 -2.024334e-20
3.530000e+02 -1.523487e-20
3.540000e+02 -1.020630e-20
3.550000e+02 -5.163782e-21
3.560000e+02 -1.134412e-22
3.570000e+02 4.938564e-21
3.580000e+02 9.986078e-21
3.590000e+02 1.502295e-20
3.600000e+02 2.004305e-20
