x y z |F|^2 Fx Fy Fz 
-0.2493384083 -0.2493384083 -0.9142408304 0.0009872473 0.0002889881 -0.0001014392 -0.0009385378
-0.0831128028 -0.2493384083 -0.9142408304 0.0011989731 0.0003573033 0.0006627659 -0.0009330660
0.0831128028 -0.2493384083 -0.9142408304 0.0011989732 -0.0003573033 0.0006627659 -0.0009330661
0.2493384083 -0.2493384083 -0.9142408304 0.0009872474 -0.0002889881 -0.0001014393 -0.0009385379
-0.2493384083 -0.0831128028 -0.9142408304 0.0013152799 0.0007966549 -0.0000436693 -0.0010456553
-0.0831128028 -0.0831128028 -0.9142408304 0.0019757737 0.0010272330 0.0004689808 -0.0016212746
0.0831128028 -0.0831128028 -0.9142408304 0.0019757738 -0.0010272330 0.0004689807 -0.0016212747
0.2493384083 -0.0831128028 -0.9142408304 0.0013152800 -0.0007966549 -0.0000436693 -0.0010456555
-0.2493384083 0.0831128028 -0.9142408304 0.0013152796 0.0007966550 0.0000436693 -0.0010456550
-0.0831128028 0.0831128028 -0.9142408304 0.0019757734 0.0010272330 -0.0004689807 -0.0016212742
0.0831128028 0.0831128028 -0.9142408304 0.0019757735 -0.0010272330 -0.0004689806 -0.0016212743
0.2493384083 0.0831128028 -0.9142408304 0.0013152798 -0.0007966549 0.0000436693 -0.0010456552
-0.2493384083 0.2493384083 -0.9142408304 0.0009872465 0.0002889881 0.0001014392 -0.0009385369
-0.0831128028 0.2493384083 -0.9142408304 0.0011989723 0.0003573034 -0.0006627660 -0.0009330649
0.0831128028 0.2493384083 -0.9142408304 0.0011989724 -0.0003573034 -0.0006627660 -0.0009330650
0.2493384083 0.2493384083 -0.9142408304 0.0009872466 -0.0002889881 0.0001014392 -0.0009385370
-0.2493384083 -0.5817896193 -0.7480152248 0.0006208272 0.0000224246 0.0000671574 -0.0006167766
-0.0831128028 -0.5817896193 -0.7480152248 0.0007652705 0.0000137671 0.0002260352 -0.0007309976
0.0831128028 -0.5817896193 -0.7480152248 0.0007652705 -0.0000137671 0.0002260352 -0.0007309976
0.2493384083 -0.5817896193 -0.7480152248 0.0006208272 -0.0000224246 0.0000671574 -0.0006167766
-0.4155640138 -0.4155640138 -0.7480152248 0.0003553502 0.0001537755 0.0000786643 -0.0003105460
-0.2493384083 -0.4155640138 -0.7480152248 0.0008412408 0.0001627046 0.0001495475 -0.0008116951
-0.0831128028 -0.4155640138 -0.7480152248 0.0018054307 0.0000828225 0.0002704511 -0.0017831367
0.0831128028 -0.4155640138 -0.7480152248 0.0018054307 -0.0000828225 0.0002704511 -0.0017831367
0.2493384083 -0.4155640138 -0.7480152248 0.0008412408 -0.0001627046 0.0001495475 -0.0008116951
0.4155640138 -0.4155640138 -0.7480152248 0.0003553503 -0.0001537755 0.0000786643 -0.0003105460
-0.5817896193 -0.2493384083 -0.7480152248 0.0003468554 -0.0000841200 0.0001198974 -0.0003144154
-0.4155640138 -0.2493384083 -0.7480152248 0.0003724126 0.0001899975 0.0002182818 0.0002344038
-0.2493384083 -0.2493384083 -0.7480152248 0.0007319410 0.0000749364 0.0000401948 0.0007269846
-0.0831128028 -0.2493384083 -0.7480152248 0.0006670997 0.0002183048 0.0002302189 -0.0005868256
0.0831128028 -0.2493384083 -0.7480152248 0.0006670997 -0.0002183049 0.0002302189 -0.0005868256
0.2493384083 -0.2493384083 -0.7480152248 0.0007319410 -0.0000749364 0.0000401948 0.0007269845
0.4155640138 -0.2493384083 -0.7480152248 0.0003724125 -0.0001899975 0.0002182817 0.0002344038
0.5817896193 -0.2493384083 -0.7480152248 0.0003468554 0.0000841201 0.0001198973 -0.0003144155
-0.5817896193 -0.0831128028 -0.7480152248 0.0002318104 -0.0001265550 0.0000958849 -0.0001688963
-0.4155640138 -0.0831128028 -0.7480152248 0.0007990372 0.0000676923 0.0000854257 0.0007915685
-0.2493384083 -0.0831128028 -0.7480152248 0.0008700943 0.0000198064 -0.0000655825 0.0008673930
-0.0831128028 -0.0831128028 -0.7480152248 0.0014311458 0.0005440991 0.0001284493 -0.0013174351
0.0831128028 -0.0831128028 -0.7480152248 0.0014311458 -0.0005440992 0.0001284493 -0.0013174351
0.2493384083 -0.0831128028 -0.7480152248 0.0008700942 -0.0000198064 -0.0000655825 0.0008673930
0.4155640138 -0.0831128028 -0.7480152248 0.0007990372 -0.0000676923 0.0000854257 0.0007915685
0.5817896193 -0.0831128028 -0.7480152248 0.0002318105 0.0001265551 0.0000958849 -0.0001688964
-0.5817896193 0.0831128028 -0.7480152248 0.0002318103 -0.0001265549 -0.0000958848 -0.0001688964
-0.4155640138 0.0831128028 -0.7480152248 0.0007990370 0.0000676923 -0.0000854256 0.0007915683
-0.2493384083 0.0831128028 -0.7480152248 0.0008700941 0.0000198065 0.0000655827 0.0008673929
-0.0831128028 0.0831128028 -0.7480152248 0.0014311459 0.0005440992 -0.0001284489 -0.0013174353
0.0831128028 0.0831128028 -0.7480152248 0.0014311460 -0.0005440992 -0.0001284489 -0.0013174353
0.2493384083 0.0831128028 -0.7480152248 0.0008700941 -0.0000198065 0.0000655827 0.0008673928
0.4155640138 0.0831128028 -0.7480152248 0.0007990370 -0.0000676923 -0.0000854255 0.0007915683
0.5817896193 0.0831128028 -0.7480152248 0.0002318104 0.0001265550 -0.0000958848 -0.0001688964
-0.5817896193 0.2493384083 -0.7480152248 0.0003468552 -0.0000841198 -0.0001198973 -0.0003144154
-0.4155640138 0.2493384083 -0.7480152248 0.0003724122 0.0001899975 -0.0002182816 0.0002344034
-0.2493384083 0.2493384083 -0.7480152248 0.0007319408 0.0000749365 -0.0000401946 0.0007269843
-0.0831128028 0.2493384083 -0.7480152248 0.0006671000 0.0002183050 -0.0002302187 -0.0005868259
0.0831128028 0.2493384083 -0.7480152248 0.0006671000 -0.0002183050 -0.0002302187 -0.0005868260
0.2493384083 0.2493384083 -0.7480152248 0.0007319407 -0.0000749365 -0.0000401945 0.0007269843
0.4155640138 0.2493384083 -0.7480152248 0.0003724122 -0.0001899975 -0.0002182816 0.0002344034
0.5817896193 0.2493384083 -0.7480152248 0.0003468553 0.0000841199 -0.0001198973 -0.0003144155
-0.4155640138 0.4155640138 -0.7480152248 0.0003553504 0.0001537757 -0.0000786643 -0.0003105461
-0.2493384083 0.4155640138 -0.7480152248 0.0008412416 0.0001627048 -0.0001495475 -0.0008116959
-0.0831128028 0.4155640138 -0.7480152248 0.0018054319 0.0000828226 -0.0002704512 -0.0017831379
0.0831128028 0.4155640138 -0.7480152248 0.0018054319 -0.0000828226 -0.0002704512 -0.0017831379
0.2493384083 0.4155640138 -0.7480152248 0.0008412416 -0.0001627048 -0.0001495474 -0.0008116958
0.4155640138 0.4155640138 -0.7480152248 0.0003553504 -0.0001537756 -0.0000786643 -0.0003105461
-0.2493384083 0.5817896193 -0.7480152248 0.0006208270 0.0000224247 -0.0000671575 -0.0006167764
-0.0831128028 0.5817896193 -0.7480152248 0.0007652706 0.0000137672 -0.0002260354 -0.0007309977
0.0831128028 0.5817896193 -0.7480152248 0.0007652706 -0.0000137672 -0.0002260353 -0.0007309977
0.2493384083 0.5817896193 -0.7480152248 0.0006208270 -0.0000224247 -0.0000671575 -0.0006167765
-0.2493384083 -0.7480152248 -0.5817896193 0.0013240451 -0.0000872103 -0.0000793533 -0.0013187846
-0.0831128028 -0.7480152248 -0.5817896193 0.0010669641 -0.0000324439 0.0000347922 -0.0010659031
0.0831128028 -0.7480152248 -0.5817896193 0.0010669641 0.0000324439 0.0000347922 -0.0010659031
0.2493384083 -0.7480152248 -0.5817896193 0.0013240451 0.0000872103 -0.0000793533 -0.0013187847
-0.4155640138 -0.5817896193 -0.5817896193 0.0010402981 0.0000613651 -0.0000450415 -0.0010375094
-0.2493384083 -0.5817896193 -0.5817896193 0.0005169290 0.0001532507 0.0000557765 0.0004905291
-0.0831128028 -0.5817896193 -0.5817896193 0.0006990280 0.0000343121 0.0000699576 0.0006946717
0.0831128028 -0.5817896193 -0.5817896193 0.0006990280 -0.0000343121 0.0000699576 0.0006946717
0.2493384083 -0.5817896193 -0.5817896193 0.0005169290 -0.0001532507 0.0000557765 0.0004905291
0.4155640138 -0.5817896193 -0.5817896193 0.0010402981 -0.0000613651 -0.0000450416 -0.0010375094
-0.5817896193 -0.4155640138 -0.5817896193 0.0016879327 -0.0002688120 -0.0000711701 -0.0016648699
-0.4155640138 -0.4155640138 -0.5817896193 0.0005517432 0.0002561590 0.0001979458 0.0004467892
-0.2493384083 -0.4155640138 -0.5817896193 0.0011311344 0.0001150289 0.0002094187 0.0011056116
-0.0831128028 -0.4155640138 -0.5817896193 0.0011812369 -0.0000520501 -0.0000759343 0.0011776440
0.0831128028 -0.4155640138 -0.5817896193 0.0011812370 0.0000520501 -0.0000759342 0.0011776441
0.2493384083 -0.4155640138 -0.5817896193 0.0011311344 -0.0001150290 0.0002094187 0.0011056117
0.4155640138 -0.4155640138 -0.5817896193 0.0005517432 -0.0002561590 0.0001979458 0.0004467892
0.5817896193 -0.4155640138 -0.5817896193 0.0016879328 0.0002688120 -0.0000711702 -0.0016648699
-0.7480152248 -0.2493384083 -0.5817896193 0.0029047142 -0.0005839803 0.0001285241 -0.0028425013
-0.5817896193 -0.2493384083 -0.5817896193 0.0004257571 -0.0000400003 0.0000332230 -0.0004225699
-0.4155640138 -0.2493384083 -0.5817896193 0.0010711427 0.0004805463 0.0003868015 0.0008756749
-0.2493384083 -0.2493384083 -0.5817896193 0.0014654471 -0.0002043104 0.0001599797 0.0014422895
-0.0831128028 -0.2493384083 -0.5817896193 0.0012756582 -0.0002045331 -0.0001452333 0.0012507507
0.0831128028 -0.2493384083 -0.5817896193 0.0012756582 0.0002045331 -0.0001452333 0.0012507508
0.2493384083 -0.2493384083 -0.5817896193 0.0014654472 0.0002043104 0.0001599797 0.0014422896
0.4155640138 -0.2493384083 -0.5817896193 0.0010711428 -0.0004805463 0.0003868015 0.0008756749
0.5817896193 -0.2493384083 -0.5817896193 0.0004257572 0.0000400003 0.0000332230 -0.0004225700
0.7480152248 -0.2493384083 -0.5817896193 0.0029047145 0.0005839804 0.0001285241 -0.0028425015
-0.7480152248 -0.0831128028 -0.5817896193 0.0037443088 -0.0009652572 0.0000906953 -0.0036166147
-0.5817896193 -0.0831128028 -0.5817896193 0.0003625751 0.0001635331 0.0000490187 -0.0003198668
-0.4155640138 -0.0831128028 -0.5817896193 0.0011937762 0.0005061492 0.0001840919 0.0010653754
-0.2493384083 -0.0831128028 -0.5817896193 0.0017079990 -0.0005233063 0.0000151888 0.0016257861
-0.0831128028 -0.0831128028 -0.5817896193 0.0012035966 -0.0002206715 -0.0000657783 0.0011813645
0.0831128028 -0.0831128028 -0.5817896193 0.0012035967 0.0002206716 -0.0000657783 0.0011813646
0.2493384083 -0.0831128028 -0.5817896193 0.0017079991 0.0005233063 0.0000151888 0.0016257862
0.4155640138 -0.0831128028 -0.5817896193 0.0011937763 -0.0005061493 0.0001840919 0.0010653754
0.5817896193 -0.0831128028 -0.5817896193 0.0003625751 -0.0001635330 0.0000490187 -0.0003198669
0.7480152248 -0.0831128028 -0.5817896193 0.0037443091 0.0009652574 0.0000906953 -0.0036166148
-0.7480152248 0.0831128028 -0.5817896193 0.0037443089 -0.0009652571 -0.0000906953 -0.0036166147
-0.5817896193 0.0831128028 -0.5817896193 0.0003625752 0.0001635331 -0.0000490187 -0.0003198669
-0.4155640138 0.0831128028 -0.5817896193 0.0011937760 0.0005061491 -0.0001840920 0.0010653752
-0.2493384083 0.0831128028 -0.5817896193 0.0017079988 -0.0005233063 -0.0000151891 0.0016257859
-0.0831128028 0.0831128028 -0.5817896193 0.0012035963 -0.0002206715 0.0000657781 0.0011813642
0.0831128028 0.0831128028 -0.5817896193 0.0012035964 0.0002206715 0.0000657781 0.0011813643
0.2493384083 0.0831128028 -0.5817896193 0.0017079989 0.0005233063 -0.0000151891 0.0016257860
0.4155640138 0.0831128028 -0.5817896193 0.0011937761 -0.0005061492 -0.0001840920 0.0010653753
0.5817896193 0.0831128028 -0.5817896193 0.0003625751 -0.0001635330 -0.0000490187 -0.0003198670
0.7480152248 0.0831128028 -0.5817896193 0.0037443091 0.0009652573 -0.0000906953 -0.0036166149
-0.7480152248 0.2493384083 -0.5817896193 0.0029047142 -0.0005839800 -0.0001285241 -0.0028425012
-0.5817896193 0.2493384083 -0.5817896193 0.0004257573 -0.0000400002 -0.0000332229 -0.0004225701
-0.4155640138 0.2493384083 -0.5817896193 0.0010711422 0.0004805460 -0.0003868014 0.0008756744
-0.2493384083 0.2493384083 -0.5817896193 0.0014654465 -0.0002043106 -0.0001599797 0.0014422889
-0.0831128028 0.2493384083 -0.5817896193 0.0012756574 -0.0002045331 0.0001452331 0.0012507500
0.0831128028 0.2493384083 -0.5817896193 0.0012756575 0.0002045331 0.0001452331 0.0012507500
0.2493384083 0.2493384083 -0.5817896193 0.0014654466 0.0002043105 -0.0001599798 0.0014422889
0.4155640138 0.2493384083 -0.5817896193 0.0010711422 -0.0004805460 -0.0003868014 0.0008756745
0.5817896193 0.2493384083 -0.5817896193 0.0004257574 0.0000400003 -0.0000332229 -0.0004225702
0.7480152248 0.2493384083 -0.5817896193 0.0029047144 0.0005839802 -0.0001285241 -0.0028425014
-0.5817896193 0.4155640138 -0.5817896193 0.0016879331 -0.0002688118 0.0000711701 -0.0016648703
-0.4155640138 0.4155640138 -0.5817896193 0.0005517425 0.0002561588 -0.0001979456 0.0004467885
-0.2493384083 0.4155640138 -0.5817896193 0.0011311333 0.0001150287 -0.0002094185 0.0011056106
-0.0831128028 0.4155640138 -0.5817896193 0.0011812357 -0.0000520502 0.0000759344 0.0011776428
0.0831128028 0.4155640138 -0.5817896193 0.0011812357 0.0000520502 0.0000759344 0.0011776428
0.2493384083 0.4155640138 -0.5817896193 0.0011311333 -0.0001150287 -0.0002094185 0.0011056106
0.4155640138 0.4155640138 -0.5817896193 0.0005517425 -0.0002561587 -0.0001979456 0.0004467885
0.5817896193 0.4155640138 -0.5817896193 0.0016879332 0.0002688119 0.0000711702 -0.0016648704
-0.4155640138 0.5817896193 -0.5817896193 0.0010402990 0.0000613651 0.0000450416 -0.0010375103
-0.2493384083 0.5817896193 -0.5817896193 0.0005169279 0.0001532505 -0.0000557762 0.0004905281
-0.0831128028 0.5817896193 -0.5817896193 0.0006990266 0.0000343121 -0.0000699571 0.0006946704
0.0831128028 0.5817896193 -0.5817896193 0.0006990266 -0.0000343121 -0.0000699571 0.0006946704
0.2493384083 0.5817896193 -0.5817896193 0.0005169279 -0.0001532505 -0.0000557761 0.0004905281
0.4155640138 0.5817896193 -0.5817896193 0.0010402990 -0.0000613651 0.0000450417 -0.0010375103
-0.2493384083 0.7480152248 -0.5817896193 0.0013240462 -0.0000872102 0.0000793534 -0.0013187857
-0.0831128028 0.7480152248 -0.5817896193 0.0010669654 -0.0000324439 -0.0000347919 -0.0010659044
0.0831128028 0.7480152248 -0.5817896193 0.0010669654 0.0000324439 -0.0000347919 -0.0010659044
0.2493384083 0.7480152248 -0.5817896193 0.0013240462 0.0000872103 0.0000793535 -0.0013187857
-0.4155640138 -0.7480152248 -0.4155640138 0.0004171404 0.0000220587 0.0000289458 -0.0004155499
-0.2493384083 -0.7480152248 -0.4155640138 0.0005493048 0.0000421192 0.0001842290 0.0005157727
-0.0831128028 -0.7480152248 -0.4155640138 0.0006899086 0.0000086537 0.0002339820 0.0006489618
0.0831128028 -0.7480152248 -0.4155640138 0.0006899086 -0.0000086537 0.0002339820 0.0006489618
0.2493384083 -0.7480152248 -0.4155640138 0.0005493048 -0.0000421192 0.0001842290 0.0005157726
0.4155640138 -0.7480152248 -0.4155640138 0.0004171405 -0.0000220587 0.0000289458 -0.0004155499
-0.5817896193 -0.5817896193 -0.4155640138 0.0001916848 0.0001343868 0.0000550264 0.0001251213
-0.4155640138 -0.5817896193 -0.4155640138 0.0008834550 0.0002205700 0.0002008843 0.0008315570
-0.2493384083 -0.5817896193 -0.4155640138 0.0009969426 0.0001400478 0.0002797302 0.0009465898
-0.0831128028 -0.5817896193 -0.4155640138 0.0010123580 0.0000340412 0.0002832928 0.0009713162
0.0831128028 -0.5817896193 -0.4155640138 0.0010123580 -0.0000340412 0.0002832928 0.0009713162
0.2493384083 -0.5817896193 -0.4155640138 0.0009969427 -0.0001400478 0.0002797302 0.0009465898
0.4155640138 -0.5817896193 -0.4155640138 0.0008834550 -0.0002205700 0.0002008843 0.0008315570
0.5817896193 -0.5817896193 -0.4155640138 0.0001916848 -0.0001343868 0.0000550264 0.0001251213
-0.7480152248 -0.4155640138 -0.4155640138 0.0002081927 0.0000810855 0.0000192051 0.0001907891
-0.5817896193 -0.4155640138 -0.4155640138 0.0011134056 0.0002524029 0.0001658371 0.0010716636
-0.4155640138 -0.4155640138 -0.4155640138 0.0012080441 0.0002860264 0.0002365606 0.0011496080
-0.2493384083 -0.4155640138 -0.4155640138 0.0010030258 0.0001272685 0.0002108837 0.0009723125
-0.0831128028 -0.4155640138 -0.4155640138 0.0010040095 0.0000109513 0.0001271515 0.0009958653
0.0831128028 -0.4155640138 -0.4155640138 0.0010040096 -0.0000109512 0.0001271515 0.0009958653
0.2493384083 -0.4155640138 -0.4155640138 0.0010030258 -0.0001272685 0.0002108837 0.0009723125
0.4155640138 -0.4155640138 -0.4155640138 0.0012080442 -0.0002860264 0.0002365606 0.0011496080
0.5817896193 -0.4155640138 -0.4155640138 0.0011134056 -0.0002524029 0.0001658371 0.0010716636
0.7480152248 -0.4155640138 -0.4155640138 0.0002081925 -0.0000810854 0.0000192051 0.0001907890
-0.7480152248 -0.2493384083 -0.4155640138 0.0009781212 0.0001872024 0.0000763751 0.0009569970
-0.5817896193 -0.2493384083 -0.4155640138 0.0014860252 0.0003122752 0.0001307747 0.0014469461
-0.4155640138 -0.2493384083 -0.4155640138 0.0011438899 0.0002921202 0.0001800740 0.0010912026
-0.2493384083 -0.2493384083 -0.4155640138 0.0008500869 0.0000297180 0.0001051077 0.0008430403
-0.0831128028 -0.2493384083 -0.4155640138 0.0010422245 -0.0000147942 0.0000675866 0.0010399255
0.0831128028 -0.2493384083 -0.4155640138 0.0010422245 0.0000147942 0.0000675866 0.0010399255
0.2493384083 -0.2493384083 -0.4155640138 0.0008500869 -0.0000297180 0.0001051077 0.0008430403
0.4155640138 -0.2493384083 -0.4155640138 0.0011438900 -0.0002921202 0.0001800740 0.0010912027
0.5817896193 -0.2493384083 -0.4155640138 0.0014860252 -0.0003122753 0.0001307747 0.0014469461
0.7480152248 -0.2493384083 -0.4155640138 0.0009781211 -0.0001872024 0.0000763751 0.0009569968
-0.7480152248 -0.0831128028 -0.4155640138 0.0013553401 0.0002251379 0.0000314301 0.0013361407
-0.5817896193 -0.0831128028 -0.4155640138 0.0016212885 0.0003437973 0.0000444983 0.0015837928
-0.4155640138 -0.0831128028 -0.4155640138 0.0009885928 0.0002647465 0.0000609182 0.0009505336
-0.2493384083 -0.0831128028 -0.4155640138 0.0008002161 -0.0000339287 0.0000213405 0.0007992116
-0.0831128028 -0.0831128028 -0.4155640138 0.0011171790 0.0000208689 0.0000415035 0.0011162127
0.0831128028 -0.0831128028 -0.4155640138 0.0011171790 -0.0000208689 0.0000415035 0.0011162127
0.2493384083 -0.0831128028 -0.4155640138 0.0008002161 0.0000339287 0.0000213405 0.0007992117
0.4155640138 -0.0831128028 -0.4155640138 0.0009885930 -0.0002647465 0.0000609182 0.0009505337
0.5817896193 -0.0831128028 -0.4155640138 0.0016212886 -0.0003437973 0.0000444983 0.0015837929
0.7480152248 -0.0831128028 -0.4155640138 0.0013553400 -0.0002251379 0.0000314301 0.0013361405
-0.7480152248 0.0831128028 -0.4155640138 0.0013553401 0.0002251379 -0.0000314302 0.0013361407
-0.5817896193 0.0831128028 -0.4155640138 0.0016212885 0.0003437973 -0.0000444983 0.0015837928
-0.4155640138 0.0831128028 -0.4155640138 0.0009885929 0.0002647465 -0.0000609182 0.0009505337
-0.2493384083 0.0831128028 -0.4155640138 0.0008002163 -0.0000339287 -0.0000213405 0.0007992118
-0.0831128028 0.0831128028 -0.4155640138 0.0011171792 0.0000208690 -0.0000415034 0.0011162129
0.0831128028 0.0831128028 -0.4155640138 0.0011171792 -0.0000208689 -0.0000415034 0.0011162129
0.2493384083 0.0831128028 -0.4155640138 0.0008002163 0.0000339287 -0.0000213405 0.0007992119
0.4155640138 0.0831128028 -0.4155640138 0.0009885931 -0.0002647465 -0.0000609183 0.0009505338
0.5817896193 0.0831128028 -0.4155640138 0.0016212886 -0.0003437973 -0.0000444983 0.0015837929
0.7480152248 0.0831128028 -0.4155640138 0.0013553400 -0.0002251379 -0.0000314302 0.0013361405
-0.7480152248 0.2493384083 -0.4155640138 0.0009781213 0.0001872024 -0.0000763751 0.0009569970
-0.5817896193 0.2493384083 -0.4155640138 0.0014860251 0.0003122752 -0.0001307747 0.0014469461
-0.4155640138 0.2493384083 -0.4155640138 0.0011438901 0.0002921201 -0.0001800741 0.0010912028
-0.2493384083 0.2493384083 -0.4155640138 0.0008500874 0.0000297181 -0.0001051078 0.0008430408
-0.0831128028 0.2493384083 -0.4155640138 0.0010422251 -0.0000147941 -0.0000675867 0.0010399261
0.0831128028 0.2493384083 -0.4155640138 0.0010422251 0.0000147942 -0.0000675867 0.0010399261
0.2493384083 0.2493384083 -0.4155640138 0.0008500874 -0.0000297181 -0.0001051078 0.0008430408
0.4155640138 0.2493384083 -0.4155640138 0.0011438902 -0.0002921202 -0.0001800741 0.0010912030
0.5817896193 0.2493384083 -0.4155640138 0.0014860252 -0.0003122753 -0.0001307748 0.0014469461
0.7480152248 0.2493384083 -0.4155640138 0.0009781211 -0.0001872024 -0.0000763751 0.0009569969
-0.7480152248 0.4155640138 -0.4155640138 0.0002081927 0.0000810854 -0.0000192051 0.0001907892
-0.5817896193 0.4155640138 -0.4155640138 0.0011134055 0.0002524028 -0.0001658371 0.0010716635
-0.4155640138 0.4155640138 -0.4155640138 0.0012080442 0.0002860263 -0.0002365606 0.0011496081
-0.2493384083 0.4155640138 -0.4155640138 0.0010030263 0.0001272684 -0.0002108838 0.0009723130
-0.0831128028 0.4155640138 -0.4155640138 0.0010040103 0.0000109513 -0.0001271518 0.0009958661
0.0831128028 0.4155640138 -0.4155640138 0.0010040103 -0.0000109513 -0.0001271518 0.0009958661
0.2493384083 0.4155640138 -0.4155640138 0.0010030264 -0.0001272685 -0.0002108839 0.0009723130
0.4155640138 0.4155640138 -0.4155640138 0.0012080442 -0.0002860263 -0.0002365607 0.0011496081
0.5817896193 0.4155640138 -0.4155640138 0.0011134055 -0.0002524029 -0.0001658371 0.0010716635
0.7480152248 0.4155640138 -0.4155640138 0.0002081926 -0.0000810854 -0.0000192051 0.0001907891
-0.5817896193 0.5817896193 -0.4155640138 0.0001916846 0.0001343867 -0.0000550264 0.0001251212
-0.4155640138 0.5817896193 -0.4155640138 0.0008834547 0.0002205698 -0.0002008843 0.0008315568
-0.2493384083 0.5817896193 -0.4155640138 0.0009969426 0.0001400476 -0.0002797302 0.0009465898
-0.0831128028 0.5817896193 -0.4155640138 0.0010123583 0.0000340412 -0.0002832929 0.0009713164
0.0831128028 0.5817896193 -0.4155640138 0.0010123583 -0.0000340412 -0.0002832929 0.0009713165
0.2493384083 0.5817896193 -0.4155640138 0.0009969427 -0.0001400476 -0.0002797302 0.0009465898
0.4155640138 0.5817896193 -0.4155640138 0.0008834547 -0.0002205699 -0.0002008843 0.0008315568
0.5817896193 0.5817896193 -0.4155640138 0.0001916846 -0.0001343867 -0.0000550264 0.0001251211
-0.4155640138 0.7480152248 -0.4155640138 0.0004171407 0.0000220586 -0.0000289457 -0.0004155502
-0.2493384083 0.7480152248 -0.4155640138 0.0005493042 0.0000421191 -0.0001842288 0.0005157721
-0.0831128028 0.7480152248 -0.4155640138 0.0006899080 0.0000086536 -0.0002339818 0.0006489613
0.0831128028 0.7480152248 -0.4155640138 0.0006899080 -0.0000086536 -0.0002339818 0.0006489613
0.2493384083 0.7480152248 -0.4155640138 0.0005493042 -0.0000421191 -0.0001842288 0.0005157721
0.4155640138 0.7480152248 -0.4155640138 0.0004171408 -0.0000220586 -0.0000289456 -0.0004155502
-0.2493384083 -0.9142408304 -0.2493384083 0.0001386284 -0.0000104335 0.0000886117 -0.0001060987
-0.0831128028 -0.9142408304 -0.2493384083 0.0001247005 0.0000020864 0.0001240748 0.0000123010
0.0831128028 -0.9142408304 -0.2493384083 0.0001247005 -0.0000020864 0.0001240748 0.0000123010
0.2493384083 -0.9142408304 -0.2493384083 0.0001386284 0.0000104335 0.0000886117 -0.0001060987
-0.5817896193 -0.7480152248 -0.2493384083 0.0003820022 -0.0000841787 0.0001052479 -0.0003574389
-0.4155640138 -0.7480152248 -0.2493384083 0.0006623171 0.0000670160 0.0000589481 0.0006562758
-0.2493384083 -0.7480152248 -0.2493384083 0.0008092195 0.0001048338 0.0000528473 0.0008006580
-0.0831128028 -0.7480152248 -0.2493384083 0.0008971093 0.0000236792 0.0000549259 0.0008951131
0.0831128028 -0.7480152248 -0.2493384083 0.0008971093 -0.0000236792 0.0000549259 0.0008951131
0.2493384083 -0.7480152248 -0.2493384083 0.0008092196 -0.0001048338 0.0000528473 0.0008006581
0.4155640138 -0.7480152248 -0.2493384083 0.0006623171 -0.0000670161 0.0000589481 0.0006562758
0.5817896193 -0.7480152248 -0.2493384083 0.0003820022 0.0000841787 0.0001052479 -0.0003574388
-0.7480152248 -0.5817896193 -0.2493384083 0.0006790905 -0.0000211063 0.0001933609 -0.0006506381
-0.5817896193 -0.5817896193 -0.2493384083 0.0007093993 0.0000117085 0.0000851701 0.0007041707
-0.4155640138 -0.5817896193 -0.2493384083 0.0006548180 -0.0000179218 0.0000461727 0.0006529422
-0.2493384083 -0.5817896193 -0.2493384083 0.0007221217 0.0000066530 -0.0000510321 0.0007202855
-0.0831128028 -0.5817896193 -0.2493384083 0.0008253479 0.0000085549 -0.0000512186 0.0008237127
0.0831128028 -0.5817896193 -0.2493384083 0.0008253479 -0.0000085549 -0.0000512186 0.0008237127
0.2493384083 -0.5817896193 -0.2493384083 0.0007221217 -0.0000066530 -0.0000510320 0.0007202855
0.4155640138 -0.5817896193 -0.2493384083 0.0006548181 0.0000179217 0.0000461727 0.0006529423
0.5817896193 -0.5817896193 -0.2493384083 0.0007093994 -0.0000117085 0.0000851702 0.0007041708
0.7480152248 -0.5817896193 -0.2493384083 0.0006790904 0.0000211063 0.0001933609 -0.0006506380
-0.7480152248 -0.4155640138 -0.2493384083 0.0007431863 -0.0003537991 0.0001705444 0.0006309253
-0.5817896193 -0.4155640138 -0.2493384083 0.0005728650 -0.0000861913 0.0000269083 0.0005657043
-0.4155640138 -0.4155640138 -0.2493384083 0.0006955337 -0.0000386504 0.0000098661 0.0006943889
-0.2493384083 -0.4155640138 -0.2493384083 0.0008905327 0.0000229932 0.0000432361 0.0008891852
-0.0831128028 -0.4155640138 -0.2493384083 0.0010259149 0.0000307294 0.0001227700 0.0010180789
0.0831128028 -0.4155640138 -0.2493384083 0.0010259149 -0.0000307294 0.0001227700 0.0010180789
0.2493384083 -0.4155640138 -0.2493384083 0.0008905327 -0.0000229931 0.0000432361 0.0008891853
0.4155640138 -0.4155640138 -0.2493384083 0.0006955338 0.0000386504 0.0000098662 0.0006943890
0.5817896193 -0.4155640138 -0.2493384083 0.0005728651 0.0000861913 0.0000269083 0.0005657043
0.7480152248 -0.4155640138 -0.2493384083 0.0007431863 0.0003537990 0.0001705444 0.0006309254
-0.9142408304 -0.2493384083 -0.2493384083 0.0013357162 -0.0001306280 0.0003535220 -0.0012814431
-0.7480152248 -0.2493384083 -0.2493384083 0.0004880107 -0.0001150969 0.0000641474 0.0004698854
-0.5817896193 -0.2493384083 -0.2493384083 0.0005294531 -0.0000990254 0.0000259152 0.0005194641
-0.4155640138 -0.2493384083 -0.2493384083 0.0008888756 0.0000109893 0.0000388871 0.0008879566
-0.2493384083 -0.2493384083 -0.2493384083 0.0011817432 0.0001301064 0.0001242160 0.0011679725
-0.0831128028 -0.2493384083 -0.2493384083 0.0012772490 0.0000945528 0.0002389512 0.0012511303
0.0831128028 -0.2493384083 -0.2493384083 0.0012772490 -0.0000945528 0.0002389512 0.0012511303
0.2493384083 -0.2493384083 -0.2493384083 0.0011817432 -0.0001301064 0.0001242160 0.0011679725
0.4155640138 -0.2493384083 -0.2493384083 0.0008888756 -0.0000109892 0.0000388871 0.0008879566
0.5817896193 -0.2493384083 -0.2493384083 0.0005294532 0.0000990254 0.0000259152 0.0005194642
0.7480152248 -0.2493384083 -0.2493384083 0.0004880107 0.0001150967 0.0000641474 0.0004698855
0.9142408304 -0.2493384083 -0.2493384083 0.0013357161 0.0001306280 0.0003535220 -0.0012814429
-0.9142408304 -0.0831128028 -0.2493384083 0.0020939974 -0.0005899216 0.0002314904 -0.0019958031
-0.7480152248 -0.0831128028 -0.2493384083 0.0004790944 -0.0002876307 0.0000353974 0.0003815063
-0.5817896193 -0.0831128028 -0.2493384083 0.0005640296 -0.0001031133 0.0000104988 0.0005544248
-0.4155640138 -0.0831128028 -0.2493384083 0.0010495795 0.0000670018 0.0000223206 0.0010472009
-0.2493384083 -0.0831128028 -0.2493384083 0.0013476954 0.0002252516 0.0000642726 0.0013271826
-0.0831128028 -0.0831128028 -0.2493384083 0.0013267272 0.0001528575 0.0001197406 0.0013124412
0.0831128028 -0.0831128028 -0.2493384083 0.0013267272 -0.0001528574 0.0001197406 0.0013124411
0.2493384083 -0.0831128028 -0.2493384083 0.0013476954 -0.0002252515 0.0000642726 0.0013271826
0.4155640138 -0.0831128028 -0.2493384083 0.0010495795 -0.0000670018 0.0000223206 0.0010472009
0.5817896193 -0.0831128028 -0.2493384083 0.0005640297 0.0001031132 0.0000104988 0.0005544249
0.7480152248 -0.0831128028 -0.2493384083 0.0004790944 0.0002876305 0.0000353975 0.0003815064
0.9142408304 -0.0831128028 -0.2493384083 0.0020939972 0.0005899215 0.0002314904 -0.0019958029
-0.9142408304 0.0831128028 -0.2493384083 0.0020939975 -0.0005899216 -0.0002314903 -0.0019958032
-0.7480152248 0.0831128028 -0.2493384083 0.0004790944 -0.0002876307 -0.0000353974 0.0003815063
-0.5817896193 0.0831128028 -0.2493384083 0.0005640296 -0.0001031132 -0.0000104988 0.0005544248
-0.4155640138 0.0831128028 -0.2493384083 0.0010495794 0.0000670018 -0.0000223206 0.0010472008
-0.2493384083 0.0831128028 -0.2493384083 0.0013476953 0.0002252516 -0.0000642726 0.0013271825
-0.0831128028 0.0831128028 -0.2493384083 0.0013267270 0.0001528575 -0.0001197406 0.0013124410
0.0831128028 0.0831128028 -0.2493384083 0.0013267270 -0.0001528574 -0.0001197406 0.0013124410
0.2493384083 0.0831128028 -0.2493384083 0.0013476953 -0.0002252515 -0.0000642726 0.0013271825
0.4155640138 0.0831128028 -0.2493384083 0.0010495795 -0.0000670018 -0.0000223206 0.0010472008
0.5817896193 0.0831128028 -0.2493384083 0.0005640297 0.0001031132 -0.0000104988 0.0005544248
0.7480152248 0.0831128028 -0.2493384083 0.0004790944 0.0002876306 -0.0000353975 0.0003815064
0.9142408304 0.0831128028 -0.2493384083 0.0020939973 0.0005899215 -0.0002314903 -0.0019958029
-0.9142408304 0.2493384083 -0.2493384083 0.0013357163 -0.0001306281 -0.0003535220 -0.0012814432
-0.7480152248 0.2493384083 -0.2493384083 0.0004880106 -0.0001150970 -0.0000641473 0.0004698853
-0.5817896193 0.2493384083 -0.2493384083 0.0005294530 -0.0000990254 -0.0000259152 0.0005194640
-0.4155640138 0.2493384083 -0.2493384083 0.0008888754 0.0000109893 -0.0000388871 0.0008879564
-0.2493384083 0.2493384083 -0.2493384083 0.0011817430 0.0001301064 -0.0001242159 0.0011679723
-0.0831128028 0.2493384083 -0.2493384083 0.0012772486 0.0000945528 -0.0002389510 0.0012511300
0.0831128028 0.2493384083 -0.2493384083 0.0012772486 -0.0000945528 -0.0002389510 0.0012511300
0.2493384083 0.2493384083 -0.2493384083 0.0011817430 -0.0001301064 -0.0001242159 0.0011679723
0.4155640138 0.2493384083 -0.2493384083 0.0008888755 -0.0000109893 -0.0000388871 0.0008879564
0.5817896193 0.2493384083 -0.2493384083 0.0005294530 0.0000990253 -0.0000259153 0.0005194640
0.7480152248 0.2493384083 -0.2493384083 0.0004880107 0.0001150969 -0.0000641474 0.0004698854
0.9142408304 0.2493384083 -0.2493384083 0.0013357162 0.0001306281 -0.0003535220 -0.0012814430
-0.7480152248 0.4155640138 -0.2493384083 0.0007431864 -0.0003537992 -0.0001705443 0.0006309253
-0.5817896193 0.4155640138 -0.2493384083 0.0005728649 -0.0000861914 -0.0000269082 0.0005657042
-0.4155640138 0.4155640138 -0.2493384083 0.0006955337 -0.0000386503 -0.0000098661 0.0006943889
-0.2493384083 0.4155640138 -0.2493384083 0.0008905327 0.0000229932 -0.0000432360 0.0008891852
-0.0831128028 0.4155640138 -0.2493384083 0.0010259148 0.0000307294 -0.0001227698 0.0010180789
0.0831128028 0.4155640138 -0.2493384083 0.0010259148 -0.0000307294 -0.0001227698 0.0010180789
0.2493384083 0.4155640138 -0.2493384083 0.0008905327 -0.0000229932 -0.0000432360 0.0008891852
0.4155640138 0.4155640138 -0.2493384083 0.0006955337 0.0000386503 -0.0000098662 0.0006943889
0.5817896193 0.4155640138 -0.2493384083 0.0005728650 0.0000861913 -0.0000269083 0.0005657043
0.7480152248 0.4155640138 -0.2493384083 0.0007431864 0.0003537991 -0.0001705443 0.0006309253
-0.7480152248 0.5817896193 -0.2493384083 0.0006790906 -0.0000211064 -0.0001933609 -0.0006506383
-0.5817896193 0.5817896193 -0.2493384083 0.0007093994 0.0000117084 -0.0000851701 0.0007041708
-0.4155640138 0.5817896193 -0.2493384083 0.0006548182 -0.0000179217 -0.0000461728 0.0006529424
-0.2493384083 0.5817896193 -0.2493384083 0.0007221221 0.0000066531 0.0000510319 0.0007202859
-0.0831128028 0.5817896193 -0.2493384083 0.0008253484 0.0000085549 0.0000512184 0.0008237132
0.0831128028 0.5817896193 -0.2493384083 0.0008253484 -0.0000085549 0.0000512184 0.0008237132
0.2493384083 0.5817896193 -0.2493384083 0.0007221221 -0.0000066531 0.0000510319 0.0007202859
0.4155640138 0.5817896193 -0.2493384083 0.0006548183 0.0000179217 -0.0000461728 0.0006529425
0.5817896193 0.5817896193 -0.2493384083 0.0007093994 -0.0000117084 -0.0000851701 0.0007041708
0.7480152248 0.5817896193 -0.2493384083 0.0006790905 0.0000211064 -0.0001933608 -0.0006506382
-0.5817896193 0.7480152248 -0.2493384083 0.0003820023 -0.0000841788 -0.0001052479 -0.0003574389
-0.4155640138 0.7480152248 -0.2493384083 0.0006623172 0.0000670160 -0.0000589481 0.0006562759
-0.2493384083 0.7480152248 -0.2493384083 0.0008092200 0.0001048338 -0.0000528475 0.0008006585
-0.0831128028 0.7480152248 -0.2493384083 0.0008971099 0.0000236793 -0.0000549261 0.0008951137
0.0831128028 0.7480152248 -0.2493384083 0.0008971099 -0.0000236793 -0.0000549261 0.0008951137
0.2493384083 0.7480152248 -0.2493384083 0.0008092200 -0.0001048338 -0.0000528475 0.0008006585
0.4155640138 0.7480152248 -0.2493384083 0.0006623173 -0.0000670160 -0.0000589482 0.0006562759
0.5817896193 0.7480152248 -0.2493384083 0.0003820022 0.0000841788 -0.0001052479 -0.0003574388
-0.2493384083 0.9142408304 -0.2493384083 0.0001386283 -0.0000104335 -0.0000886118 -0.0001060985
-0.0831128028 0.9142408304 -0.2493384083 0.0001247007 0.0000020863 -0.0001240749 0.0000123014
0.0831128028 0.9142408304 -0.2493384083 0.0001247007 -0.0000020863 -0.0001240749 0.0000123014
0.2493384083 0.9142408304 -0.2493384083 0.0001386282 0.0000104335 -0.0000886118 -0.0001060985
-0.2493384083 -0.9142408304 -0.0831128028 0.0003247642 -0.0000427076 -0.0002964519 0.0001255553
-0.0831128028 -0.9142408304 -0.0831128028 0.0003068864 -0.0000147652 -0.0002490789 0.0001786644
0.0831128028 -0.9142408304 -0.0831128028 0.0003068864 0.0000147652 -0.0002490789 0.0001786644
0.2493384083 -0.9142408304 -0.0831128028 0.0003247642 0.0000427076 -0.0002964519 0.0001255553
-0.5817896193 -0.7480152248 -0.0831128028 0.0002941343 -0.0001751928 -0.0002238892 -0.0000754725
-0.4155640138 -0.7480152248 -0.0831128028 0.0002231585 -0.0000205916 -0.0000844523 0.0002055323
-0.2493384083 -0.7480152248 -0.0831128028 0.0004598274 0.0000633719 0.0000008466 0.0004554388
-0.0831128028 -0.7480152248 -0.0831128028 0.0006081106 0.0000313718 0.0000846137 0.0006013774
0.0831128028 -0.7480152248 -0.0831128028 0.0006081106 -0.0000313718 0.0000846137 0.0006013774
0.2493384083 -0.7480152248 -0.0831128028 0.0004598274 -0.0000633719 0.0000008466 0.0004554388
0.4155640138 -0.7480152248 -0.0831128028 0.0002231586 0.0000205916 -0.0000844523 0.0002055323
0.5817896193 -0.7480152248 -0.0831128028 0.0002941343 0.0001751928 -0.0002238892 -0.0000754724
-0.7480152248 -0.5817896193 -0.0831128028 0.0004188132 -0.0001775912 -0.0002028247 -0.0003205122
-0.5817896193 -0.5817896193 -0.0831128028 0.0002726590 0.0000249419 -0.0000427699 0.0002681260
-0.4155640138 -0.5817896193 -0.0831128028 0.0009088019 0.0001821344 0.0002482342 0.0008550601
-0.2493384083 -0.5817896193 -0.0831128028 0.0011722838 0.0001535004 0.0003829271 0.0010972938
-0.0831128028 -0.5817896193 -0.0831128028 0.0012158794 0.0000577348 0.0004006474 0.0011465213
0.0831128028 -0.5817896193 -0.0831128028 0.0012158794 -0.0000577348 0.0004006474 0.0011465213
0.2493384083 -0.5817896193 -0.0831128028 0.0011722837 -0.0001535004 0.0003829271 0.0010972938
0.4155640138 -0.5817896193 -0.0831128028 0.0009088019 -0.0001821344 0.0002482342 0.0008550601
0.5817896193 -0.5817896193 -0.0831128028 0.0002726590 -0.0000249419 -0.0000427699 0.0002681260
0.7480152248 -0.5817896193 -0.0831128028 0.0004188132 0.0001775912 -0.0002028247 -0.0003205121
-0.7480152248 -0.4155640138 -0.0831128028 0.0001964361 -0.0001072873 -0.0000942950 -0.0001348519
-0.5817896193 -0.4155640138 -0.0831128028 0.0010806783 0.0003722030 0.0002080366 0.0009930012
-0.4155640138 -0.4155640138 -0.0831128028 0.0014782923 0.0003764919 0.0004313800 0.0013629062
-0.2493384083 -0.4155640138 -0.0831128028 0.0012834398 0.0001686682 0.0004366862 0.0011950205
-0.0831128028 -0.4155640138 -0.0831128028 0.0010621360 0.0000389809 0.0003812928 0.0009905701
0.0831128028 -0.4155640138 -0.0831128028 0.0010621360 -0.0000389809 0.0003812928 0.0009905701
0.2493384083 -0.4155640138 -0.0831128028 0.0012834398 -0.0001686682 0.0004366862 0.0011950205
0.4155640138 -0.4155640138 -0.0831128028 0.0014782923 -0.0003764919 0.0004313800 0.0013629061
0.5817896193 -0.4155640138 -0.0831128028 0.0010806783 -0.0003722030 0.0002080366 0.0009930012
0.7480152248 -0.4155640138 -0.0831128028 0.0001964360 0.0001072873 -0.0000942950 -0.0001348518
-0.9142408304 -0.2493384083 -0.0831128028 0.0008571325 -0.0004058965 -0.0000710572 -0.0007515817
-0.7480152248 -0.2493384083 -0.0831128028 0.0004180428 0.0001239579 0.0000242634 0.0003985041
-0.5817896193 -0.2493384083 -0.0831128028 0.0016416393 0.0006145912 0.0002611363 0.0014996884
-0.4155640138 -0.2493384083 -0.0831128028 0.0014825064 0.0004000310 0.0003130930 0.0013927574
-0.2493384083 -0.2493384083 -0.0831128028 0.0008685867 0.0000993497 0.0002378468 0.0008294585
-0.0831128028 -0.2493384083 -0.0831128028 0.0004989813 0.0000036941 0.0001765253 0.0004666985
0.0831128028 -0.2493384083 -0.0831128028 0.0004989813 -0.0000036941 0.0001765253 0.0004666985
0.2493384083 -0.2493384083 -0.0831128028 0.0008685868 -0.0000993497 0.0002378468 0.0008294585
0.4155640138 -0.2493384083 -0.0831128028 0.0014825064 -0.0004000310 0.0003130930 0.0013927574
0.5817896193 -0.2493384083 -0.0831128028 0.0016416393 -0.0006145912 0.0002611363 0.0014996884
0.7480152248 -0.2493384083 -0.0831128028 0.0004180428 -0.0001239579 0.0000242634 0.0003985041
0.9142408304 -0.2493384083 -0.0831128028 0.0008571324 0.0004058965 -0.0000710572 -0.0007515816
-0.9142408304 -0.0831128028 -0.0831128028 0.0010990127 -0.0004724061 -0.0000227738 -0.0009920397
-0.7480152248 -0.0831128028 -0.0831128028 0.0007927634 0.0003064513 0.0000200819 0.0007308612
-0.5817896193 -0.0831128028 -0.0831128028 0.0018352717 0.0007092143 0.0001070695 0.0016893116
-0.4155640138 -0.0831128028 -0.0831128028 0.0013055373 0.0003513543 0.0001011330 0.0012532956
-0.2493384083 -0.0831128028 -0.0831128028 0.0005265176 0.0000376313 0.0000608636 0.0005216323
-0.0831128028 -0.0831128028 -0.0831128028 0.0001422315 -0.0000191049 0.0000362485 0.0001362015
0.0831128028 -0.0831128028 -0.0831128028 0.0001422315 0.0000191049 0.0000362485 0.0001362015
0.2493384083 -0.0831128028 -0.0831128028 0.0005265176 -0.0000376313 0.0000608636 0.0005216324
0.4155640138 -0.0831128028 -0.0831128028 0.0013055373 -0.0003513542 0.0001011330 0.0012532956
0.5817896193 -0.0831128028 -0.0831128028 0.0018352717 -0.0007092143 0.0001070695 0.0016893115
0.7480152248 -0.0831128028 -0.0831128028 0.0007927634 -0.0003064514 0.0000200819 0.0007308612
0.9142408304 -0.0831128028 -0.0831128028 0.0010990126 0.0004724060 -0.0000227738 -0.0009920396
-0.9142408304 0.0831128028 -0.0831128028 0.0010990128 -0.0004724061 0.0000227738 -0.0009920398
-0.7480152248 0.0831128028 -0.0831128028 0.0007927633 0.0003064513 -0.0000200819 0.0007308611
-0.5817896193 0.0831128028 -0.0831128028 0.0018352717 0.0007092142 -0.0001070697 0.0016893115
-0.4155640138 0.0831128028 -0.0831128028 0.0013055372 0.0003513542 -0.0001011333 0.0012532955
-0.2493384083 0.0831128028 -0.0831128028 0.0005265176 0.0000376313 -0.0000608640 0.0005216323
-0.0831128028 0.0831128028 -0.0831128028 0.0001422316 -0.0000191049 -0.0000362490 0.0001362015
0.0831128028 0.0831128028 -0.0831128028 0.0001422316 0.0000191049 -0.0000362490 0.0001362015
0.2493384083 0.0831128028 -0.0831128028 0.0005265176 -0.0000376313 -0.0000608640 0.0005216323
0.4155640138 0.0831128028 -0.0831128028 0.0013055372 -0.0003513542 -0.0001011332 0.0012532955
0.5817896193 0.0831128028 -0.0831128028 0.0018352716 -0.0007092142 -0.0001070697 0.0016893115
0.7480152248 0.0831128028 -0.0831128028 0.0007927633 -0.0003064513 -0.0000200819 0.0007308611
0.9142408304 0.0831128028 -0.0831128028 0.0010990127 0.0004724061 0.0000227738 -0.0009920397
-0.9142408304 0.2493384083 -0.0831128028 0.0008571328 -0.0004058967 0.0000710573 -0.0007515820
-0.7480152248 0.2493384083 -0.0831128028 0.0004180425 0.0001239577 -0.0000242634 0.0003985039
-0.5817896193 0.2493384083 -0.0831128028 0.0016416392 0.0006145911 -0.0002611363 0.0014996882
-0.4155640138 0.2493384083 -0.0831128028 0.0014825061 0.0004000309 -0.0003130931 0.0013927571
-0.2493384083 0.2493384083 -0.0831128028 0.0008685865 0.0000993495 -0.0002378470 0.0008294583
-0.0831128028 0.2493384083 -0.0831128028 0.0004989812 0.0000036940 -0.0001765255 0.0004666983
0.0831128028 0.2493384083 -0.0831128028 0.0004989812 -0.0000036940 -0.0001765255 0.0004666983
0.2493384083 0.2493384083 -0.0831128028 0.0008685865 -0.0000993495 -0.0002378469 0.0008294583
0.4155640138 0.2493384083 -0.0831128028 0.0014825061 -0.0004000309 -0.0003130930 0.0013927571
0.5817896193 0.2493384083 -0.0831128028 0.0016416391 -0.0006145911 -0.0002611363 0.0014996882
0.7480152248 0.2493384083 -0.0831128028 0.0004180426 -0.0001239578 -0.0000242634 0.0003985039
0.9142408304 0.2493384083 -0.0831128028 0.0008571327 0.0004058966 0.0000710573 -0.0007515819
-0.7480152248 0.4155640138 -0.0831128028 0.0001964365 -0.0001072875 0.0000942951 -0.0001348522
-0.5817896193 0.4155640138 -0.0831128028 0.0010806780 0.0003722029 -0.0002080365 0.0009930009
-0.4155640138 0.4155640138 -0.0831128028 0.0014782919 0.0003764918 -0.0004313799 0.0013629058
-0.2493384083 0.4155640138 -0.0831128028 0.0012834393 0.0001686680 -0.0004366860 0.0011950200
-0.0831128028 0.4155640138 -0.0831128028 0.0010621354 0.0000389808 -0.0003812926 0.0009905696
0.0831128028 0.4155640138 -0.0831128028 0.0010621354 -0.0000389808 -0.0003812926 0.0009905696
0.2493384083 0.4155640138 -0.0831128028 0.0012834393 -0.0001686680 -0.0004366860 0.0011950200
0.4155640138 0.4155640138 -0.0831128028 0.0014782919 -0.0003764917 -0.0004313798 0.0013629058
0.5817896193 0.4155640138 -0.0831128028 0.0010806780 -0.0003722029 -0.0002080365 0.0009930009
0.7480152248 0.4155640138 -0.0831128028 0.0001964364 0.0001072874 0.0000942951 -0.0001348522
-0.7480152248 0.5817896193 -0.0831128028 0.0004188136 -0.0001775913 0.0002028248 -0.0003205125
-0.5817896193 0.5817896193 -0.0831128028 0.0002726587 0.0000249418 0.0000427700 0.0002681257
-0.4155640138 0.5817896193 -0.0831128028 0.0009088016 0.0001821344 -0.0002482341 0.0008550598
-0.2493384083 0.5817896193 -0.0831128028 0.0011722833 0.0001535003 -0.0003829268 0.0010972934
-0.0831128028 0.5817896193 -0.0831128028 0.0012158788 0.0000577347 -0.0004006470 0.0011465208
0.0831128028 0.5817896193 -0.0831128028 0.0012158788 -0.0000577347 -0.0004006470 0.0011465208
0.2493384083 0.5817896193 -0.0831128028 0.0011722833 -0.0001535003 -0.0003829268 0.0010972934
0.4155640138 0.5817896193 -0.0831128028 0.0009088016 -0.0001821344 -0.0002482341 0.0008550598
0.5817896193 0.5817896193 -0.0831128028 0.0002726587 -0.0000249418 0.0000427700 0.0002681258
0.7480152248 0.5817896193 -0.0831128028 0.0004188135 0.0001775913 0.0002028248 -0.0003205124
-0.5817896193 0.7480152248 -0.0831128028 0.0002941344 -0.0001751929 0.0002238892 -0.0000754726
-0.4155640138 0.7480152248 -0.0831128028 0.0002231585 -0.0000205916 0.0000844524 0.0002055323
-0.2493384083 0.7480152248 -0.0831128028 0.0004598274 0.0000633719 -0.0000008466 0.0004554388
-0.0831128028 0.7480152248 -0.0831128028 0.0006081105 0.0000313718 -0.0000846136 0.0006013774
0.0831128028 0.7480152248 -0.0831128028 0.0006081105 -0.0000313718 -0.0000846136 0.0006013774
0.2493384083 0.7480152248 -0.0831128028 0.0004598274 -0.0000633719 -0.0000008466 0.0004554388
0.4155640138 0.7480152248 -0.0831128028 0.0002231586 0.0000205916 0.0000844523 0.0002055323
0.5817896193 0.7480152248 -0.0831128028 0.0002941344 0.0001751929 0.0002238892 -0.0000754726
-0.2493384083 0.9142408304 -0.0831128028 0.0003247642 -0.0000427076 0.0002964517 0.0001255556
-0.0831128028 0.9142408304 -0.0831128028 0.0003068864 -0.0000147652 0.0002490787 0.0001786647
0.0831128028 0.9142408304 -0.0831128028 0.0003068864 0.0000147652 0.0002490787 0.0001786647
0.2493384083 0.9142408304 -0.0831128028 0.0003247642 0.0000427076 0.0002964517 0.0001255556
-0.2493384083 -0.9142408304 0.0831128028 0.0003437240 -0.0000002335 0.0000241493 0.0003428745
-0.0831128028 -0.9142408304 0.0831128028 0.0004887640 0.0000102450 0.0001051906 0.0004772004
0.0831128028 -0.9142408304 0.0831128028 0.0004887640 -0.0000102450 0.0001051906 0.0004772004
0.2493384083 -0.9142408304 0.0831128028 0.0003437239 0.0000002335 0.0000241492 0.0003428745
-0.5817896193 -0.7480152248 0.0831128028 0.0004987027 -0.0000122669 0.0001175244 0.0004845018
-0.4155640138 -0.7480152248 0.0831128028 0.0008162726 0.0001470423 0.0002576519 0.0007604571
-0.2493384083 -0.7480152248 0.0831128028 0.0011352432 0.0001617069 0.0003860634 0.0010552644
-0.0831128028 -0.7480152248 0.0831128028 0.0011897585 0.0000564855 0.0004007263 0.0011188177
0.0831128028 -0.7480152248 0.0831128028 0.0011897585 -0.0000564855 0.0004007263 0.0011188177
0.2493384083 -0.7480152248 0.0831128028 0.0011352431 -0.0001617069 0.0003860634 0.0010552644
0.4155640138 -0.7480152248 0.0831128028 0.0008162725 -0.0001470423 0.0002576519 0.0007604571
0.5817896193 -0.7480152248 0.0831128028 0.0004987027 0.0000122669 0.0001175244 0.0004845017
-0.7480152248 -0.5817896193 0.0831128028 0.0008019920 0.0001244515 0.0002205287 0.0007609665
-0.5817896193 -0.5817896193 0.0831128028 0.0012234144 0.0002395166 0.0003982028 0.0011317284
-0.4155640138 -0.5817896193 0.0831128028 0.0010112083 0.0001359461 0.0003126579 0.0009520010
-0.2493384083 -0.5817896193 0.0831128028 0.0007676521 0.0000587007 0.0001224748 0.0007555421
-0.0831128028 -0.5817896193 0.0831128028 0.0006347929 0.0000149762 0.0000360924 0.0006335891
0.0831128028 -0.5817896193 0.0831128028 0.0006347929 -0.0000149762 0.0000360924 0.0006335891
0.2493384083 -0.5817896193 0.0831128028 0.0007676521 -0.0000587007 0.0001224748 0.0007555421
0.4155640138 -0.5817896193 0.0831128028 0.0010112083 -0.0001359462 0.0003126579 0.0009520010
0.5817896193 -0.5817896193 0.0831128028 0.0012234144 -0.0002395166 0.0003982028 0.0011317283
0.7480152248 -0.5817896193 0.0831128028 0.0008019919 -0.0001244515 0.0002205287 0.0007609665
-0.7480152248 -0.4155640138 0.0831128028 0.0015855235 0.0001409688 0.0004089961 0.0015253638
-0.5817896193 -0.4155640138 0.0831128028 0.0010801956 0.0000852608 0.0002616799 0.0010445462
-0.4155640138 -0.4155640138 0.0831128028 0.0004323039 -0.0000741929 0.0000290477 0.0004248980
-0.2493384083 -0.4155640138 0.0831128028 0.0002047256 -0.0000142994 -0.0000015303 0.0002042199
-0.0831128028 -0.4155640138 0.0831128028 0.0001844603 0.0000115678 0.0000682042 0.0001709970
0.0831128028 -0.4155640138 0.0831128028 0.0001844603 -0.0000115678 0.0000682042 0.0001709970
0.2493384083 -0.4155640138 0.0831128028 0.0002047257 0.0000142994 -0.0000015303 0.0002042199
0.4155640138 -0.4155640138 0.0831128028 0.0004323040 0.0000741928 0.0000290477 0.0004248981
0.5817896193 -0.4155640138 0.0831128028 0.0010801956 -0.0000852608 0.0002616799 0.0010445462
0.7480152248 -0.4155640138 0.0831128028 0.0015855234 -0.0001409689 0.0004089961 0.0015253637
-0.9142408304 -0.2493384083 0.0831128028 0.0012919499 0.0003207033 0.0001960443 0.0012360625
-0.7480152248 -0.2493384083 0.0831128028 0.0017020208 0.0003809468 0.0002788524 0.0016352357
-0.5817896193 -0.2493384083 0.0831128028 0.0006201876 -0.0001712954 0.0000434953 0.0005944734
-0.4155640138 -0.2493384083 0.0831128028 0.0001275446 -0.0000915765 -0.0000315150 0.0000829950
-0.2493384083 -0.2493384083 0.0831128028 0.0002724894 0.0001509310 0.0001464900 0.0001732368
-0.0831128028 -0.2493384083 0.0831128028 0.0004343316 0.0000994186 0.0003143662 0.0002827257
0.0831128028 -0.2493384083 0.0831128028 0.0004343316 -0.0000994186 0.0003143662 0.0002827257
0.2493384083 -0.2493384083 0.0831128028 0.0002724894 -0.0001509310 0.0001464900 0.0001732368
0.4155640138 -0.2493384083 0.0831128028 0.0001275446 0.0000915765 -0.0000315150 0.0000829950
0.5817896193 -0.2493384083 0.0831128028 0.0006201876 0.0001712954 0.0000434953 0.0005944735
0.7480152248 -0.2493384083 0.0831128028 0.0017020208 -0.0003809469 0.0002788524 0.0016352356
0.9142408304 -0.2493384083 0.0831128028 0.0012919498 -0.0003207033 0.0001960443 0.0012360624
-0.9142408304 -0.0831128028 0.0831128028 0.0019737329 0.0003465667 0.0001492891 0.0019373244
-0.7480152248 -0.0831128028 0.0831128028 0.0015879654 0.0001703851 0.0000926120 0.0015760793
-0.5817896193 -0.0831128028 0.0831128028 0.0004328256 -0.0003097326 -0.0000133182 0.0003020369
-0.4155640138 -0.0831128028 0.0831128028 0.0000591140 0.0000268173 -0.0000012943 0.0000526652
-0.2493384083 -0.0831128028 0.0831128028 0.0004993489 0.0003456138 0.0001075814 0.0003439864
-0.0831128028 -0.0831128028 0.0831128028 0.0005532654 0.0001816720 0.0001894611 0.0004870343
0.0831128028 -0.0831128028 0.0831128028 0.0005532654 -0.0001816720 0.0001894611 0.0004870343
0.2493384083 -0.0831128028 0.0831128028 0.0004993489 -0.0003456138 0.0001075814 0.0003439864
0.4155640138 -0.0831128028 0.0831128028 0.0000591140 -0.0000268173 -0.0000012942 0.0000526652
0.5817896193 -0.0831128028 0.0831128028 0.0004328256 0.0003097326 -0.0000133182 0.0003020370
0.7480152248 -0.0831128028 0.0831128028 0.0015879653 -0.0001703852 0.0000926120 0.0015760793
0.9142408304 -0.0831128028 0.0831128028 0.0019737328 -0.0003465667 0.0001492891 0.0019373243
-0.9142408304 0.0831128028 0.0831128028 0.0019737328 0.0003465668 -0.0001492892 0.0019373243
-0.7480152248 0.0831128028 0.0831128028 0.0015879654 0.0001703852 -0.0000926120 0.0015760793
-0.5817896193 0.0831128028 0.0831128028 0.0004328256 -0.0003097326 0.0000133183 0.0003020370
-0.4155640138 0.0831128028 0.0831128028 0.0000591140 0.0000268173 0.0000012943 0.0000526652
-0.2493384083 0.0831128028 0.0831128028 0.0004993490 0.0003456139 -0.0001075814 0.0003439865
-0.0831128028 0.0831128028 0.0831128028 0.0005532654 0.0001816720 -0.0001894610 0.0004870343
0.0831128028 0.0831128028 0.0831128028 0.0005532654 -0.0001816720 -0.0001894610 0.0004870343
0.2493384083 0.0831128028 0.0831128028 0.0004993490 -0.0003456139 -0.0001075814 0.0003439865
0.4155640138 0.0831128028 0.0831128028 0.0000591141 -0.0000268173 0.0000012943 0.0000526653
0.5817896193 0.0831128028 0.0831128028 0.0004328256 0.0003097326 0.0000133183 0.0003020370
0.7480152248 0.0831128028 0.0831128028 0.0015879654 -0.0001703852 -0.0000926120 0.0015760793
0.9142408304 0.0831128028 0.0831128028 0.0019737327 -0.0003465668 -0.0001492892 0.0019373242
-0.9142408304 0.2493384083 0.0831128028 0.0012919497 0.0003207033 -0.0001960443 0.0012360623
-0.7480152248 0.2493384083 0.0831128028 0.0017020209 0.0003809469 -0.0002788524 0.0016352357
-0.5817896193 0.2493384083 0.0831128028 0.0006201877 -0.0001712954 -0.0000434954 0.0005944736
-0.4155640138 0.2493384083 0.0831128028 0.0001275447 -0.0000915766 0.0000315150 0.0000829951
-0.2493384083 0.2493384083 0.0831128028 0.0002724896 0.0001509311 -0.0001464901 0.0001732369
-0.0831128028 0.2493384083 0.0831128028 0.0004343319 0.0000994186 -0.0003143663 0.0002827259
0.0831128028 0.2493384083 0.0831128028 0.0004343319 -0.0000994186 -0.0003143663 0.0002827259
0.2493384083 0.2493384083 0.0831128028 0.0002724896 -0.0001509311 -0.0001464901 0.0001732370
0.4155640138 0.2493384083 0.0831128028 0.0001275447 0.0000915766 0.0000315150 0.0000829952
0.5817896193 0.2493384083 0.0831128028 0.0006201877 0.0001712954 -0.0000434954 0.0005944736
0.7480152248 0.2493384083 0.0831128028 0.0017020209 -0.0003809470 -0.0002788524 0.0016352357
0.9142408304 0.2493384083 0.0831128028 0.0012919496 -0.0003207033 -0.0001960443 0.0012360622
-0.7480152248 0.4155640138 0.0831128028 0.0015855234 0.0001409689 -0.0004089961 0.0015253637
-0.5817896193 0.4155640138 0.0831128028 0.0010801957 0.0000852608 -0.0002616800 0.0010445463
-0.4155640138 0.4155640138 0.0831128028 0.0004323040 -0.0000741929 -0.0000290477 0.0004248981
-0.2493384083 0.4155640138 0.0831128028 0.0002047257 -0.0000142994 0.0000015301 0.0002042200
-0.0831128028 0.4155640138 0.0831128028 0.0001844605 0.0000115678 -0.0000682045 0.0001709971
0.0831128028 0.4155640138 0.0831128028 0.0001844605 -0.0000115678 -0.0000682045 0.0001709971
0.2493384083 0.4155640138 0.0831128028 0.0002047258 0.0000142994 0.0000015301 0.0002042200
0.4155640138 0.4155640138 0.0831128028 0.0004323041 0.0000741929 -0.0000290478 0.0004248982
0.5817896193 0.4155640138 0.0831128028 0.0010801957 -0.0000852608 -0.0002616800 0.0010445463
0.7480152248 0.4155640138 0.0831128028 0.0015855233 -0.0001409689 -0.0004089961 0.0015253636
-0.7480152248 0.5817896193 0.0831128028 0.0008019917 0.0001244515 -0.0002205286 0.0007609663
-0.5817896193 0.5817896193 0.0831128028 0.0012234143 0.0002395166 -0.0003982029 0.0011317283
-0.4155640138 0.5817896193 0.0831128028 0.0010112082 0.0001359461 -0.0003126579 0.0009520009
-0.2493384083 0.5817896193 0.0831128028 0.0007676519 0.0000587006 -0.0001224748 0.0007555419
-0.0831128028 0.5817896193 0.0831128028 0.0006347927 0.0000149762 -0.0000360923 0.0006335889
0.0831128028 0.5817896193 0.0831128028 0.0006347927 -0.0000149762 -0.0000360923 0.0006335889
0.2493384083 0.5817896193 0.0831128028 0.0007676519 -0.0000587006 -0.0001224748 0.0007555420
0.4155640138 0.5817896193 0.0831128028 0.0010112082 -0.0001359461 -0.0003126579 0.0009520009
0.5817896193 0.5817896193 0.0831128028 0.0012234143 -0.0002395166 -0.0003982029 0.0011317283
0.7480152248 0.5817896193 0.0831128028 0.0008019917 -0.0001244515 -0.0002205286 0.0007609662
-0.5817896193 0.7480152248 0.0831128028 0.0004987025 -0.0000122669 -0.0001175243 0.0004845016
-0.4155640138 0.7480152248 0.0831128028 0.0008162724 0.0001470423 -0.0002576518 0.0007604570
-0.2493384083 0.7480152248 0.0831128028 0.0011352429 0.0001617068 -0.0003860632 0.0010552642
-0.0831128028 0.7480152248 0.0831128028 0.0011897581 0.0000564854 -0.0004007260 0.0011188174
0.0831128028 0.7480152248 0.0831128028 0.0011897581 -0.0000564854 -0.0004007260 0.0011188174
0.2493384083 0.7480152248 0.0831128028 0.0011352429 -0.0001617068 -0.0003860632 0.0010552642
0.4155640138 0.7480152248 0.0831128028 0.0008162724 -0.0001470423 -0.0002576518 0.0007604569
0.5817896193 0.7480152248 0.0831128028 0.0004987025 0.0000122669 -0.0001175243 0.0004845015
-0.2493384083 0.9142408304 0.0831128028 0.0003437240 -0.0000002335 -0.0000241491 0.0003428745
-0.0831128028 0.9142408304 0.0831128028 0.0004887640 0.0000102450 -0.0001051904 0.0004772004
0.0831128028 0.9142408304 0.0831128028 0.0004887640 -0.0000102450 -0.0001051904 0.0004772004
0.2493384083 0.9142408304 0.0831128028 0.0003437239 0.0000002335 -0.0000241491 0.0003428745
-0.2493384083 -0.9142408304 0.2493384083 0.0012399579 0.0000414160 0.0000978496 0.0012353970
-0.0831128028 -0.9142408304 0.2493384083 0.0012673250 0.0000285290 0.0000839938 0.0012642167
0.0831128028 -0.9142408304 0.2493384083 0.0012673250 -0.0000285290 0.0000839938 0.0012642167
0.2493384083 -0.9142408304 0.2493384083 0.0012399579 -0.0000414160 0.0000978496 0.0012353970
-0.5817896193 -0.7480152248 0.2493384083 0.0009265992 0.0000344422 0.0000498571 0.0009246156
-0.4155640138 -0.7480152248 0.2493384083 0.0005635513 0.0001438720 -0.0001100098 0.0005336560
-0.2493384083 -0.7480152248 0.2493384083 0.0005149040 0.0000836932 -0.0000349287 0.0005068546
-0.0831128028 -0.7480152248 0.2493384083 0.0004458629 0.0000192723 -0.0000989679 0.0004343129
0.0831128028 -0.7480152248 0.2493384083 0.0004458630 -0.0000192723 -0.0000989679 0.0004343129
0.2493384083 -0.7480152248 0.2493384083 0.0005149040 -0.0000836932 -0.0000349287 0.0005068546
0.4155640138 -0.7480152248 0.2493384083 0.0005635513 -0.0001438720 -0.0001100098 0.0005336560
0.5817896193 -0.7480152248 0.2493384083 0.0009265992 -0.0000344422 0.0000498571 0.0009246156
-0.7480152248 -0.5817896193 0.2493384083 0.0008919435 -0.0000568948 0.0000723202 0.0008871843
-0.5817896193 -0.5817896193 0.2493384083 0.0003132058 0.0000178384 -0.0000254441 0.0003116604
-0.4155640138 -0.5817896193 0.2493384083 0.0003389766 0.0000768524 -0.0000067766 0.0003300801
-0.2493384083 -0.5817896193 0.2493384083 0.0003165310 0.0000618915 0.0001480423 0.0002728457
-0.0831128028 -0.5817896193 0.2493384083 0.0003253292 0.0000183133 0.0002531424 0.0002035256
0.0831128028 -0.5817896193 0.2493384083 0.0003253292 -0.0000183133 0.0002531424 0.0002035256
0.2493384083 -0.5817896193 0.2493384083 0.0003165310 -0.0000618915 0.0001480423 0.0002728457
0.4155640138 -0.5817896193 0.2493384083 0.0003389766 -0.0000768524 -0.0000067765 0.0003300802
0.5817896193 -0.5817896193 0.2493384083 0.0003132058 -0.0000178384 -0.0000254441 0.0003116605
0.7480152248 -0.5817896193 0.2493384083 0.0008919434 0.0000568948 0.0000723202 0.0008871842
-0.7480152248 -0.4155640138 0.2493384083 0.0004488016 -0.0004442259 -0.0000327492 0.0000548976
-0.5817896193 -0.4155640138 0.2493384083 0.0003336188 0.0000918541 -0.0000109875 0.0003205364
-0.4155640138 -0.4155640138 0.2493384083 0.0008735089 0.0004423322 0.0004713335 0.0005875413
-0.2493384083 -0.4155640138 0.2493384083 0.0009705814 0.0003365327 0.0008217932 0.0003917014
-0.0831128028 -0.4155640138 0.2493384083 0.0009112596 0.0000950743 0.0009013023 0.0000949170
0.0831128028 -0.4155640138 0.2493384083 0.0009112596 -0.0000950743 0.0009013023 0.0000949170
0.2493384083 -0.4155640138 0.2493384083 0.0009705814 -0.0003365327 0.0008217932 0.0003917014
0.4155640138 -0.4155640138 0.2493384083 0.0008735089 -0.0004423321 0.0004713335 0.0005875413
0.5817896193 -0.4155640138 0.2493384083 0.0003336188 -0.0000918541 -0.0000109875 0.0003205365
0.7480152248 -0.4155640138 0.2493384083 0.0004488015 0.0004442258 -0.0000327491 0.0000548976
-0.9142408304 -0.2493384083 0.2493384083 0.0010593974 -0.0003787292 0.0001574218 0.0009767832
-0.7480152248 -0.2493384083 0.2493384083 0.0003097899 -0.0002652250 -0.0001321025 -0.0000904123
-0.5817896193 -0.2493384083 0.2493384083 0.0009545609 0.0005846913 0.0001892577 0.0007304136
-0.4155640138 -0.2493384083 0.2493384083 0.0013816066 0.0008972433 0.0006879750 0.0007940287
-0.2493384083 -0.2493384083 0.2493384083 0.0008741565 0.0004046424 0.0007494574 -0.0001967934
-0.0831128028 -0.2493384083 0.2493384083 0.0011370142 0.0000665357 0.0006262263 -0.0009466863
0.0831128028 -0.2493384083 0.2493384083 0.0011370142 -0.0000665357 0.0006262263 -0.0009466863
0.2493384083 -0.2493384083 0.2493384083 0.0008741564 -0.0004046424 0.0007494574 -0.0001967934
0.4155640138 -0.2493384083 0.2493384083 0.0013816065 -0.0008972432 0.0006879749 0.0007940287
0.5817896193 -0.2493384083 0.2493384083 0.0009545609 -0.0005846913 0.0001892577 0.0007304137
0.7480152248 -0.2493384083 0.2493384083 0.0003097898 0.0002652249 -0.0001321025 -0.0000904122
0.9142408304 -0.2493384083 0.2493384083 0.0010593973 0.0003787292 0.0001574218 0.0009767831
-0.9142408304 -0.0831128028 0.2493384083 0.0013976813 -0.0009004560 0.0001119271 0.0010630919
-0.7480152248 -0.0831128028 0.2493384083 0.0002813112 -0.0002630073 -0.0000529043 -0.0000846422
-0.5817896193 -0.0831128028 0.2493384083 0.0014992446 0.0010220764 0.0001286203 0.0010892892
-0.4155640138 -0.0831128028 0.2493384083 0.0012871145 0.0010582944 0.0003004901 0.0006681185
-0.2493384083 -0.0831128028 0.2493384083 0.0010515557 0.0002721203 0.0002522231 -0.0009839224
-0.0831128028 -0.0831128028 0.2493384083 0.0019892452 -0.0000203593 0.0001559861 -0.0019830155
0.0831128028 -0.0831128028 0.2493384083 0.0019892452 0.0000203592 0.0001559861 -0.0019830155
0.2493384083 -0.0831128028 0.2493384083 0.0010515557 -0.0002721203 0.0002522231 -0.0009839225
0.4155640138 -0.0831128028 0.2493384083 0.0012871144 -0.0010582943 0.0003004901 0.0006681185
0.5817896193 -0.0831128028 0.2493384083 0.0014992446 -0.0010220763 0.0001286203 0.0010892893
0.7480152248 -0.0831128028 0.2493384083 0.0002813111 0.0002630072 -0.0000529043 -0.0000846421
0.9142408304 -0.0831128028 0.2493384083 0.0013976811 0.0009004559 0.0001119271 0.0010630918
-0.9142408304 0.0831128028 0.2493384083 0.0013976813 -0.0009004559 -0.0001119272 0.0010630919
-0.7480152248 0.0831128028 0.2493384083 0.0002813112 -0.0002630072 0.0000529044 -0.0000846422
-0.5817896193 0.0831128028 0.2493384083 0.0014992445 0.0010220763 -0.0001286202 0.0010892892
-0.4155640138 0.0831128028 0.2493384083 0.0012871144 0.0010582944 -0.0003004900 0.0006681184
-0.2493384083 0.0831128028 0.2493384083 0.0010515558 0.0002721203 -0.0002522230 -0.0009839226
-0.0831128028 0.0831128028 0.2493384083 0.0019892454 -0.0000203592 -0.0001559858 -0.0019830157
0.0831128028 0.0831128028 0.2493384083 0.0019892455 0.0000203592 -0.0001559858 -0.0019830157
0.2493384083 0.0831128028 0.2493384083 0.0010515559 -0.0002721203 -0.0002522229 -0.0009839227
0.4155640138 0.0831128028 0.2493384083 0.0012871143 -0.0010582943 -0.0003004900 0.0006681183
0.5817896193 0.0831128028 0.2493384083 0.0014992445 -0.0010220763 -0.0001286202 0.0010892892
0.7480152248 0.0831128028 0.2493384083 0.0002813111 0.0002630071 0.0000529044 -0.0000846420
0.9142408304 0.0831128028 0.2493384083 0.0013976811 0.0009004558 -0.0001119272 0.0010630918
-0.9142408304 0.2493384083 0.2493384083 0.0010593973 -0.0003787290 -0.0001574219 0.0009767832
-0.7480152248 0.2493384083 0.2493384083 0.0003097897 -0.0002652249 0.0001321025 -0.0000904122
-0.5817896193 0.2493384083 0.2493384083 0.0009545607 0.0005846913 -0.0001892576 0.0007304135
-0.4155640138 0.2493384083 0.2493384083 0.0013816064 0.0008972433 -0.0006879750 0.0007940284
-0.2493384083 0.2493384083 0.2493384083 0.0008741566 0.0004046426 -0.0007494574 -0.0001967938
-0.0831128028 0.2493384083 0.2493384083 0.0011370145 0.0000665358 -0.0006262262 -0.0009466867
0.0831128028 0.2493384083 0.2493384083 0.0011370146 -0.0000665358 -0.0006262262 -0.0009466868
0.2493384083 0.2493384083 0.2493384083 0.0008741566 -0.0004046426 -0.0007494574 -0.0001967938
0.4155640138 0.2493384083 0.2493384083 0.0013816063 -0.0008972433 -0.0006879749 0.0007940284
0.5817896193 0.2493384083 0.2493384083 0.0009545608 -0.0005846912 -0.0001892577 0.0007304136
0.7480152248 0.2493384083 0.2493384083 0.0003097896 0.0002652248 0.0001321025 -0.0000904121
0.9142408304 0.2493384083 0.2493384083 0.0010593972 0.0003787290 -0.0001574218 0.0009767831
-0.7480152248 0.4155640138 0.2493384083 0.0004488015 -0.0004442257 0.0000327490 0.0000548977
-0.5817896193 0.4155640138 0.2493384083 0.0003336187 0.0000918541 0.0000109875 0.0003205364
-0.4155640138 0.4155640138 0.2493384083 0.0008735088 0.0004423322 -0.0004713336 0.0005875411
-0.2493384083 0.4155640138 0.2493384083 0.0009705815 0.0003365328 -0.0008217934 0.0003917011
-0.0831128028 0.4155640138 0.2493384083 0.0009112599 0.0000950744 -0.0009013026 0.0000949167
0.0831128028 0.4155640138 0.2493384083 0.0009112599 -0.0000950744 -0.0009013025 0.0000949167
0.2493384083 0.4155640138 0.2493384083 0.0009705815 -0.0003365328 -0.0008217933 0.0003917011
0.4155640138 0.4155640138 0.2493384083 0.0008735088 -0.0004423321 -0.0004713336 0.0005875411
0.5817896193 0.4155640138 0.2493384083 0.0003336188 -0.0000918541 0.0000109874 0.0003205365
0.7480152248 0.4155640138 0.2493384083 0.0004488014 0.0004442257 0.0000327490 0.0000548978
-0.7480152248 0.5817896193 0.2493384083 0.0008919434 -0.0000568947 -0.0000723203 0.0008871842
-0.5817896193 0.5817896193 0.2493384083 0.0003132058 0.0000178384 0.0000254440 0.0003116605
-0.4155640138 0.5817896193 0.2493384083 0.0003389765 0.0000768523 0.0000067765 0.0003300801
-0.2493384083 0.5817896193 0.2493384083 0.0003165309 0.0000618915 -0.0001480424 0.0002728456
-0.0831128028 0.5817896193 0.2493384083 0.0003253293 0.0000183133 -0.0002531427 0.0002035254
0.0831128028 0.5817896193 0.2493384083 0.0003253293 -0.0000183133 -0.0002531427 0.0002035254
0.2493384083 0.5817896193 0.2493384083 0.0003165310 -0.0000618915 -0.0001480425 0.0002728456
0.4155640138 0.5817896193 0.2493384083 0.0003389765 -0.0000768523 0.0000067764 0.0003300801
0.5817896193 0.5817896193 0.2493384083 0.0003132059 -0.0000178384 0.0000254439 0.0003116606
0.7480152248 0.5817896193 0.2493384083 0.0008919434 0.0000568947 -0.0000723203 0.0008871842
-0.5817896193 0.7480152248 0.2493384083 0.0009265992 0.0000344422 -0.0000498572 0.0009246156
-0.4155640138 0.7480152248 0.2493384083 0.0005635513 0.0001438720 0.0001100097 0.0005336560
-0.2493384083 0.7480152248 0.2493384083 0.0005149039 0.0000836931 0.0000349287 0.0005068545
-0.0831128028 0.7480152248 0.2493384083 0.0004458628 0.0000192723 0.0000989679 0.0004343128
0.0831128028 0.7480152248 0.2493384083 0.0004458628 -0.0000192723 0.0000989679 0.0004343128
0.2493384083 0.7480152248 0.2493384083 0.0005149040 -0.0000836931 0.0000349287 0.0005068546
0.4155640138 0.7480152248 0.2493384083 0.0005635513 -0.0001438720 0.0001100097 0.0005336560
0.5817896193 0.7480152248 0.2493384083 0.0009265991 -0.0000344422 -0.0000498572 0.0009246156
-0.2493384083 0.9142408304 0.2493384083 0.0012399579 0.0000414160 -0.0000978495 0.0012353970
-0.0831128028 0.9142408304 0.2493384083 0.0012673250 0.0000285289 -0.0000839936 0.0012642167
0.0831128028 0.9142408304 0.2493384083 0.0012673250 -0.0000285289 -0.0000839936 0.0012642166
0.2493384083 0.9142408304 0.2493384083 0.0012399579 -0.0000414160 -0.0000978495 0.0012353970
-0.4155640138 -0.7480152248 0.4155640138 0.0004304164 -0.0001178029 -0.0002092240 0.0003572200
-0.2493384083 -0.7480152248 0.4155640138 0.0001998318 -0.0000570146 -0.0001023741 0.0001618692
-0.0831128028 -0.7480152248 0.4155640138 0.0001635354 -0.0000139493 0.0000002605 0.0001629392
0.0831128028 -0.7480152248 0.4155640138 0.0001635354 0.0000139493 0.0000002605 0.0001629392
0.2493384083 -0.7480152248 0.4155640138 0.0001998318 0.0000570146 -0.0001023741 0.0001618692
0.4155640138 -0.7480152248 0.4155640138 0.0004304164 0.0001178029 -0.0002092240 0.0003572200
-0.5817896193 -0.5817896193 0.4155640138 0.0005400413 -0.0000413363 0.0001451067 0.0005185364
-0.4155640138 -0.5817896193 0.4155640138 0.0006607932 0.0001853558 0.0004676071 0.0004285260
-0.2493384083 -0.5817896193 0.4155640138 0.0008712130 0.0002031400 0.0007394508 0.0004134715
-0.0831128028 -0.5817896193 0.4155640138 0.0008835100 0.0000754225 0.0008015417 0.0003639125
0.0831128028 -0.5817896193 0.4155640138 0.0008835100 -0.0000754225 0.0008015417 0.0003639125
0.2493384083 -0.5817896193 0.4155640138 0.0008712129 -0.0002031400 0.0007394508 0.0004134715
0.4155640138 -0.5817896193 0.4155640138 0.0006607932 -0.0001853557 0.0004676070 0.0004285260
0.5817896193 -0.5817896193 0.4155640138 0.0005400414 0.0000413363 0.0001451067 0.0005185365
-0.7480152248 -0.4155640138 0.4155640138 0.0007085575 0.0001221998 0.0001292901 0.0006858608
-0.5817896193 -0.4155640138 0.4155640138 0.0010696747 0.0004502072 0.0006071956 0.0007568559
-0.4155640138 -0.4155640138 0.4155640138 0.0007786853 0.0003796972 0.0006672786 0.0001300772
-0.2493384083 -0.4155640138 0.4155640138 0.0006551679 0.0001681229 0.0003943794 -0.0004954236
-0.0831128028 -0.4155640138 0.4155640138 0.0008469478 0.0000330657 0.0002340147 -0.0008133046
0.0831128028 -0.4155640138 0.4155640138 0.0008469478 -0.0000330657 0.0002340147 -0.0008133046
0.2493384083 -0.4155640138 0.4155640138 0.0006551679 -0.0001681230 0.0003943793 -0.0004954236
0.4155640138 -0.4155640138 0.4155640138 0.0007786852 -0.0003796972 0.0006672786 0.0001300772
0.5817896193 -0.4155640138 0.4155640138 0.0010696747 -0.0004502072 0.0006071955 0.0007568560
0.7480152248 -0.4155640138 0.4155640138 0.0007085576 -0.0001221998 0.0001292901 0.0006858609
-0.7480152248 -0.2493384083 0.4155640138 0.0012853481 0.0004953773 0.0003033696 0.0011465984
-0.5817896193 -0.2493384083 0.4155640138 0.0010076307 0.0005380037 0.0005829106 0.0006213590
-0.4155640138 -0.2493384083 0.4155640138 0.0010373437 -0.0000670543 0.0001481041 -0.0010245247
-0.2493384083 -0.2493384083 0.4155640138 0.0014350847 -0.0000019487 -0.0000745834 -0.0014331439
-0.0831128028 -0.2493384083 0.4155640138 0.0011677867 0.0000810321 0.0000750433 -0.0011625524
0.0831128028 -0.2493384083 0.4155640138 0.0011677867 -0.0000810322 0.0000750433 -0.0011625524
0.2493384083 -0.2493384083 0.4155640138 0.0014350846 0.0000019487 -0.0000745834 -0.0014331439
0.4155640138 -0.2493384083 0.4155640138 0.0010373437 0.0000670543 0.0001481040 -0.0010245247
0.5817896193 -0.2493384083 0.4155640138 0.0010076307 -0.0005380035 0.0005829106 0.0006213590
0.7480152248 -0.2493384083 0.4155640138 0.0012853482 -0.0004953772 0.0003033696 0.0011465985
-0.7480152248 -0.0831128028 0.4155640138 0.0017211377 0.0006940988 0.0001682417 0.0015659619
-0.5817896193 -0.0831128028 0.4155640138 0.0003785819 0.0002800510 0.0001972165 0.0001612494
-0.4155640138 -0.0831128028 0.4155640138 0.0018174711 -0.0004213198 -0.0000411955 -0.0017674824
-0.2493384083 -0.0831128028 0.4155640138 0.0012550493 0.0001130675 -0.0000396163 -0.0012493178
-0.0831128028 -0.0831128028 0.4155640138 0.0004167821 0.0001962725 0.0000541859 -0.0003636595
0.0831128028 -0.0831128028 0.4155640138 0.0004167820 -0.0001962726 0.0000541859 -0.0003636595
0.2493384083 -0.0831128028 0.4155640138 0.0012550492 -0.0001130676 -0.0000396163 -0.0012493177
0.4155640138 -0.0831128028 0.4155640138 0.0018174711 0.0004213198 -0.0000411955 -0.0017674823
0.5817896193 -0.0831128028 0.4155640138 0.0003785818 -0.0002800508 0.0001972164 0.0001612494
0.7480152248 -0.0831128028 0.4155640138 0.0017211378 -0.0006940987 0.0001682417 0.0015659620
-0.7480152248 0.0831128028 0.4155640138 0.0017211376 0.0006940987 -0.0001682417 0.0015659618
-0.5817896193 0.0831128028 0.4155640138 0.0003785819 0.0002800509 -0.0001972167 0.0001612493
-0.4155640138 0.0831128028 0.4155640138 0.0018174712 -0.0004213197 0.0000411953 -0.0017674824
-0.2493384083 0.0831128028 0.4155640138 0.0012550493 0.0001130676 0.0000396165 -0.0012493178
-0.0831128028 0.0831128028 0.4155640138 0.0004167820 0.0001962725 -0.0000541856 -0.0003636595
0.0831128028 0.0831128028 0.4155640138 0.0004167820 -0.0001962726 -0.0000541856 -0.0003636595
0.2493384083 0.0831128028 0.4155640138 0.0012550492 -0.0001130677 0.0000396164 -0.0012493177
0.4155640138 0.0831128028 0.4155640138 0.0018174711 0.0004213197 0.0000411953 -0.0017674823
0.5817896193 0.0831128028 0.4155640138 0.0003785818 -0.0002800508 -0.0001972167 0.0001612493
0.7480152248 0.0831128028 0.4155640138 0.0017211377 -0.0006940986 -0.0001682417 0.0015659620
-0.7480152248 0.2493384083 0.4155640138 0.0012853479 0.0004953770 -0.0003033696 0.0011465983
-0.5817896193 0.2493384083 0.4155640138 0.0010076304 0.0005380035 -0.0005829106 0.0006213587
-0.4155640138 0.2493384083 0.4155640138 0.0010373439 -0.0000670540 -0.0001481041 -0.0010245249
-0.2493384083 0.2493384083 0.4155640138 0.0014350847 -0.0000019484 0.0000745835 -0.0014331439
-0.0831128028 0.2493384083 0.4155640138 0.0011677867 0.0000810322 -0.0000750431 -0.0011625524
0.0831128028 0.2493384083 0.4155640138 0.0011677867 -0.0000810323 -0.0000750431 -0.0011625524
0.2493384083 0.2493384083 0.4155640138 0.0014350846 0.0000019483 0.0000745835 -0.0014331439
0.4155640138 0.2493384083 0.4155640138 0.0010373439 0.0000670541 -0.0001481041 -0.0010245249
0.5817896193 0.2493384083 0.4155640138 0.0010076304 -0.0005380033 -0.0005829106 0.0006213587
0.7480152248 0.2493384083 0.4155640138 0.0012853480 -0.0004953770 -0.0003033696 0.0011465985
-0.7480152248 0.4155640138 0.4155640138 0.0007085576 0.0001221997 -0.0001292901 0.0006858609
-0.5817896193 0.4155640138 0.4155640138 0.0010696743 0.0004502070 -0.0006071954 0.0007568557
-0.4155640138 0.4155640138 0.4155640138 0.0007786853 0.0003796974 -0.0006672785 0.0001300769
-0.2493384083 0.4155640138 0.4155640138 0.0006551682 0.0001681233 -0.0003943795 -0.0004954238
-0.0831128028 0.4155640138 0.4155640138 0.0008469480 0.0000330659 -0.0002340149 -0.0008133048
0.0831128028 0.4155640138 0.4155640138 0.0008469480 -0.0000330659 -0.0002340149 -0.0008133048
0.2493384083 0.4155640138 0.4155640138 0.0006551682 -0.0001681234 -0.0003943794 -0.0004954238
0.4155640138 0.4155640138 0.4155640138 0.0007786852 -0.0003796973 -0.0006672785 0.0001300769
0.5817896193 0.4155640138 0.4155640138 0.0010696743 -0.0004502069 -0.0006071954 0.0007568558
0.7480152248 0.4155640138 0.4155640138 0.0007085577 -0.0001221997 -0.0001292902 0.0006858610
-0.5817896193 0.5817896193 0.4155640138 0.0005400413 -0.0000413364 -0.0001451067 0.0005185364
-0.4155640138 0.5817896193 0.4155640138 0.0006607930 0.0001853558 -0.0004676069 0.0004285258
-0.2493384083 0.5817896193 0.4155640138 0.0008712130 0.0002031402 -0.0007394509 0.0004134712
-0.0831128028 0.5817896193 0.4155640138 0.0008835102 0.0000754226 -0.0008015420 0.0003639122
0.0831128028 0.5817896193 0.4155640138 0.0008835102 -0.0000754226 -0.0008015420 0.0003639122
0.2493384083 0.5817896193 0.4155640138 0.0008712130 -0.0002031402 -0.0007394509 0.0004134712
0.4155640138 0.5817896193 0.4155640138 0.0006607930 -0.0001853558 -0.0004676069 0.0004285258
0.5817896193 0.5817896193 0.4155640138 0.0005400414 0.0000413364 -0.0001451067 0.0005185365
-0.4155640138 0.7480152248 0.4155640138 0.0004304164 -0.0001178029 0.0002092239 0.0003572200
-0.2493384083 0.7480152248 0.4155640138 0.0001998316 -0.0000570146 0.0001023739 0.0001618690
-0.0831128028 0.7480152248 0.4155640138 0.0001635352 -0.0000139493 -0.0000002607 0.0001629390
0.0831128028 0.7480152248 0.4155640138 0.0001635352 0.0000139493 -0.0000002607 0.0001629390
0.2493384083 0.7480152248 0.4155640138 0.0001998316 0.0000570146 0.0001023739 0.0001618690
0.4155640138 0.7480152248 0.4155640138 0.0004304164 0.0001178029 0.0002092239 0.0003572200
-0.2493384083 -0.7480152248 0.5817896193 0.0003375022 0.0000258281 0.0002613610 0.0002119695
-0.0831128028 -0.7480152248 0.5817896193 0.0004292168 0.0000330639 0.0003716194 0.0002122095
0.0831128028 -0.7480152248 0.5817896193 0.0004292168 -0.0000330639 0.0003716194 0.0002122095
0.2493384083 -0.7480152248 0.5817896193 0.0003375022 -0.0000258281 0.0002613610 0.0002119695
-0.4155640138 -0.5817896193 0.5817896193 0.0004174128 0.0002623947 0.0002466404 0.0002110710
-0.2493384083 -0.5817896193 0.5817896193 0.0006431602 0.0003484050 0.0005312359 -0.0001002871
-0.0831128028 -0.5817896193 0.5817896193 0.0005532733 0.0000703750 0.0003445598 -0.0004271267
0.0831128028 -0.5817896193 0.5817896193 0.0005532733 -0.0000703750 0.0003445598 -0.0004271267
0.2493384083 -0.5817896193 0.5817896193 0.0006431602 -0.0003484050 0.0005312359 -0.0001002871
0.4155640138 -0.5817896193 0.5817896193 0.0004174128 -0.0002623947 0.0002466403 0.0002110710
-0.5817896193 -0.4155640138 0.5817896193 0.0002640740 -0.0000224441 0.0000206906 0.0002623037
-0.4155640138 -0.4155640138 0.5817896193 0.0006635776 0.0005349037 0.0002792261 -0.0002761268
-0.2493384083 -0.4155640138 0.5817896193 0.0011657008 0.0002418440 0.0004946259 -0.0010274800
-0.0831128028 -0.4155640138 0.5817896193 0.0017288816 0.0000192193 0.0006523863 -0.0016009542
0.0831128028 -0.4155640138 0.5817896193 0.0017288816 -0.0000192192 0.0006523863 -0.0016009542
0.2493384083 -0.4155640138 0.5817896193 0.0011657008 -0.0002418441 0.0004946260 -0.0010274800
0.4155640138 -0.4155640138 0.5817896193 0.0006635776 -0.0005349037 0.0002792261 -0.0002761268
0.5817896193 -0.4155640138 0.5817896193 0.0002640740 0.0000224441 0.0000206906 0.0002623037
-0.7480152248 -0.2493384083 0.5817896193 0.0010700953 -0.0004563888 0.0001803379 0.0009509423
-0.5817896193 -0.2493384083 0.5817896193 0.0001737584 -0.0000504518 -0.0001028494 -0.0001306468
-0.4155640138 -0.2493384083 0.5817896193 0.0012395078 0.0011533580 0.0004479376 -0.0000741405
-0.2493384083 -0.2493384083 0.5817896193 0.0022073784 0.0011691095 0.0017344220 -0.0007053246
-0.0831128028 -0.2493384083 0.5817896193 0.0027791918 0.0004751975 0.0023354703 -0.0014295707
0.0831128028 -0.2493384083 0.5817896193 0.0027791918 -0.0004751974 0.0023354704 -0.0014295707
0.2493384083 -0.2493384083 0.5817896193 0.0022073785 -0.0011691095 0.0017344221 -0.0007053245
0.4155640138 -0.2493384083 0.5817896193 0.0012395080 -0.0011533582 0.0004479377 -0.0000741404
0.5817896193 -0.2493384083 0.5817896193 0.0001737584 0.0000504518 -0.0001028494 -0.0001306468
0.7480152248 -0.2493384083 0.5817896193 0.0010700954 0.0004563889 0.0001803379 0.0009509424
-0.7480152248 -0.0831128028 0.5817896193 0.0015764074 -0.0011050085 0.0001264590 0.0011171503
-0.5817896193 -0.0831128028 0.5817896193 0.0002817600 -0.0000716449 -0.0001034410 -0.0002521025
-0.4155640138 -0.0831128028 0.5817896193 0.0024517308 0.0023371470 0.0003628618 0.0006458012
-0.2493384083 -0.0831128028 0.5817896193 0.0022673739 0.0019526330 0.0009560677 -0.0006435398
-0.0831128028 -0.0831128028 0.5817896193 0.0030143196 0.0005138813 0.0008066814 -0.0028585510
0.0831128028 -0.0831128028 0.5817896193 0.0030143196 -0.0005138811 0.0008066814 -0.0028585510
0.2493384083 -0.0831128028 0.5817896193 0.0022673740 -0.0019526330 0.0009560677 -0.0006435397
0.4155640138 -0.0831128028 0.5817896193 0.0024517310 -0.0023371472 0.0003628619 0.0006458013
0.5817896193 -0.0831128028 0.5817896193 0.0002817599 0.0000716449 -0.0001034410 -0.0002521024
0.7480152248 -0.0831128028 0.5817896193 0.0015764076 0.0011050087 0.0001264590 0.0011171503
-0.7480152248 0.0831128028 0.5817896193 0.0015764075 -0.0011050086 -0.0001264590 0.0011171502
-0.5817896193 0.0831128028 0.5817896193 0.0002817598 -0.0000716448 0.0001034408 -0.0002521024
-0.4155640138 0.0831128028 0.5817896193 0.0024517311 0.0023371473 -0.0003628616 0.0006458014
-0.2493384083 0.0831128028 0.5817896193 0.0022673737 0.0019526331 -0.0009560671 -0.0006435396
-0.0831128028 0.0831128028 0.5817896193 0.0030143195 0.0005138812 -0.0008066808 -0.0028585510
0.0831128028 0.0831128028 0.5817896193 0.0030143195 -0.0005138811 -0.0008066809 -0.0028585510
0.2493384083 0.0831128028 0.5817896193 0.0022673737 -0.0019526331 -0.0009560671 -0.0006435395
0.4155640138 0.0831128028 0.5817896193 0.0024517313 -0.0023371475 -0.0003628617 0.0006458015
0.5817896193 0.0831128028 0.5817896193 0.0002817597 0.0000716448 0.0001034408 -0.0002521023
0.7480152248 0.0831128028 0.5817896193 0.0015764077 0.0011050088 -0.0001264590 0.0011171503
-0.7480152248 0.2493384083 0.5817896193 0.0010700954 -0.0004563891 -0.0001803379 0.0009509424
-0.5817896193 0.2493384083 0.5817896193 0.0001737582 -0.0000504517 0.0001028494 -0.0001306467
-0.4155640138 0.2493384083 0.5817896193 0.0012395084 0.0011533587 -0.0004479377 -0.0000741401
-0.2493384083 0.2493384083 0.5817896193 0.0022073784 0.0011691098 -0.0017344219 -0.0007053244
-0.0831128028 0.2493384083 0.5817896193 0.0027791916 0.0004751974 -0.0023354701 -0.0014295709
0.0831128028 0.2493384083 0.5817896193 0.0027791916 -0.0004751973 -0.0023354701 -0.0014295709
0.2493384083 0.2493384083 0.5817896193 0.0022073785 -0.0011691098 -0.0017344220 -0.0007053243
0.4155640138 0.2493384083 0.5817896193 0.0012395086 -0.0011533588 -0.0004479377 -0.0000741400
0.5817896193 0.2493384083 0.5817896193 0.0001737583 0.0000504518 0.0001028494 -0.0001306466
0.7480152248 0.2493384083 0.5817896193 0.0010700955 0.0004563892 -0.0001803379 0.0009509424
-0.5817896193 0.4155640138 0.5817896193 0.0002640740 -0.0000224441 -0.0000206905 0.0002623037
-0.4155640138 0.4155640138 0.5817896193 0.0006635779 0.0005349041 -0.0002792262 -0.0002761268
-0.2493384083 0.4155640138 0.5817896193 0.0011657012 0.0002418444 -0.0004946262 -0.0010274801
-0.0831128028 0.4155640138 0.5817896193 0.0017288822 0.0000192193 -0.0006523866 -0.0016009548
0.0831128028 0.4155640138 0.5817896193 0.0017288822 -0.0000192193 -0.0006523866 -0.0016009547
0.2493384083 0.4155640138 0.5817896193 0.0011657012 -0.0002418445 -0.0004946263 -0.0010274801
0.4155640138 0.4155640138 0.5817896193 0.0006635779 -0.0005349041 -0.0002792262 -0.0002761267
0.5817896193 0.4155640138 0.5817896193 0.0002640740 0.0000224442 -0.0000206904 0.0002623037
-0.4155640138 0.5817896193 0.5817896193 0.0004174129 0.0002623949 -0.0002466404 0.0002110710
-0.2493384083 0.5817896193 0.5817896193 0.0006431606 0.0003484052 -0.0005312361 -0.0001002874
-0.0831128028 0.5817896193 0.5817896193 0.0005532739 0.0000703751 -0.0003445601 -0.0004271272
0.0831128028 0.5817896193 0.5817896193 0.0005532739 -0.0000703751 -0.0003445601 -0.0004271272
0.2493384083 0.5817896193 0.5817896193 0.0006431606 -0.0003484052 -0.0005312361 -0.0001002874
0.4155640138 0.5817896193 0.5817896193 0.0004174128 -0.0002623948 -0.0002466404 0.0002110710
-0.2493384083 0.7480152248 0.5817896193 0.0003375023 0.0000258281 -0.0002613613 0.0002119693
-0.0831128028 0.7480152248 0.5817896193 0.0004292169 0.0000330639 -0.0003716197 0.0002122092
0.0831128028 0.7480152248 0.5817896193 0.0004292169 -0.0000330639 -0.0003716197 0.0002122092
0.2493384083 0.7480152248 0.5817896193 0.0003375023 -0.0000258281 -0.0002613613 0.0002119694
-0.2493384083 -0.5817896193 0.7480152248 0.0005036063 -0.0002004357 -0.0002516110 -0.0003874748
-0.0831128028 -0.5817896193 0.7480152248 0.0005456325 -0.0000475215 -0.0004172872 -0.0003483216
0.0831128028 -0.5817896193 0.7480152248 0.0005456325 0.0000475215 -0.0004172872 -0.0003483216
0.2493384083 -0.5817896193 0.7480152248 0.0005036063 0.0002004357 -0.0002516109 -0.0003874748
-0.4155640138 -0.4155640138 0.7480152248 0.0007621531 -0.0002814727 0.0006536241 -0.0002728112
-0.2493384083 -0.4155640138 0.7480152248 0.0008885005 -0.0000676081 0.0008692701 -0.0001709732
-0.0831128028 -0.4155640138 0.7480152248 0.0020044150 0.0002175246 0.0015444255 0.0012590124
0.0831128028 -0.4155640138 0.7480152248 0.0020044150 -0.0002175246 0.0015444256 0.0012590124
0.2493384083 -0.4155640138 0.7480152248 0.0008885006 0.0000676082 0.0008692702 -0.0001709732
0.4155640138 -0.4155640138 0.7480152248 0.0007621532 0.0002814727 0.0006536242 -0.0002728112
-0.5817896193 -0.2493384083 0.7480152248 0.0008210963 0.0007691493 0.0002469603 0.0001470344
-0.4155640138 -0.2493384083 0.7480152248 0.0015595146 0.0008451990 0.0012963134 0.0001931216
-0.2493384083 -0.2493384083 0.7480152248 0.0027631148 0.0008083555 0.0013933678 -0.0022449702
-0.0831128028 -0.2493384083 0.7480152248 0.0021491581 0.0012458170 0.0017511163 -0.0000202968
0.0831128028 -0.2493384083 0.7480152248 0.0021491580 -0.0012458169 0.0017511163 -0.0000202969
0.2493384083 -0.2493384083 0.7480152248 0.0027631149 -0.0008083554 0.0013933678 -0.0022449703
0.4155640138 -0.2493384083 0.7480152248 0.0015595147 -0.0008451991 0.0012963135 0.0001931217
0.5817896193 -0.2493384083 0.7480152248 0.0008210964 -0.0007691493 0.0002469604 0.0001470344
-0.5817896193 -0.0831128028 0.7480152248 0.0016433389 0.0014754997 0.0002595567 0.0006753472
-0.4155640138 -0.0831128028 0.7480152248 0.0011481179 0.0009839050 0.0005884626 0.0000617854
-0.2493384083 -0.0831128028 0.7480152248 0.0049883193 -0.0000192507 -0.0001142383 -0.0049869739
-0.0831128028 -0.0831128028 0.7480152248 0.0023863106 0.0010155542 -0.0010794866 -0.0018702504
0.0831128028 -0.0831128028 0.7480152248 0.0023863107 -0.0010155541 -0.0010794866 -0.0018702506
0.2493384083 -0.0831128028 0.7480152248 0.0049883196 0.0000192509 -0.0001142383 -0.0049869742
0.4155640138 -0.0831128028 0.7480152248 0.0011481180 -0.0009839051 0.0005884626 0.0000617854
0.5817896193 -0.0831128028 0.7480152248 0.0016433390 -0.0014754998 0.0002595567 0.0006753472
-0.5817896193 0.0831128028 0.7480152248 0.0016433391 0.0014754999 -0.0002595566 0.0006753473
-0.4155640138 0.0831128028 0.7480152248 0.0011481178 0.0009839052 -0.0005884620 0.0000617855
-0.2493384083 0.0831128028 0.7480152248 0.0049883196 -0.0000192509 0.0001142388 -0.0049869741
-0.0831128028 0.0831128028 0.7480152248 0.0023863108 0.0010155540 0.0010794866 -0.0018702508
0.0831128028 0.0831128028 0.7480152248 0.0023863109 -0.0010155539 0.0010794866 -0.0018702509
0.2493384083 0.0831128028 0.7480152248 0.0049883198 0.0000192511 0.0001142388 -0.0049869744
0.4155640138 0.0831128028 0.7480152248 0.0011481179 -0.0009839053 -0.0005884620 0.0000617856
0.5817896193 0.0831128028 0.7480152248 0.0016433392 -0.0014755000 -0.0002595566 0.0006753473
-0.5817896193 0.2493384083 0.7480152248 0.0008210967 0.0007691496 -0.0002469603 0.0001470345
-0.4155640138 0.2493384083 0.7480152248 0.0015595149 0.0008451994 -0.0012963135 0.0001931218
-0.2493384083 0.2493384083 0.7480152248 0.0027631152 0.0008083551 -0.0013933678 -0.0022449707
-0.0831128028 0.2493384083 0.7480152248 0.0021491579 0.0012458166 -0.0017511164 -0.0000202975
0.0831128028 0.2493384083 0.7480152248 0.0021491578 -0.0012458165 -0.0017511164 -0.0000202976
0.2493384083 0.2493384083 0.7480152248 0.0027631153 -0.0008083550 -0.0013933679 -0.0022449708
0.4155640138 0.2493384083 0.7480152248 0.0015595151 -0.0008451995 -0.0012963136 0.0001931219
0.5817896193 0.2493384083 0.7480152248 0.0008210967 -0.0007691497 -0.0002469604 0.0001470345
-0.4155640138 0.4155640138 0.7480152248 0.0007621533 -0.0002814726 -0.0006536244 -0.0002728112
-0.2493384083 0.4155640138 0.7480152248 0.0008885008 -0.0000676084 -0.0008692703 -0.0001709736
-0.0831128028 0.4155640138 0.7480152248 0.0020044142 0.0002175243 -0.0015444254 0.0012590114
0.0831128028 0.4155640138 0.7480152248 0.0020044142 -0.0002175243 -0.0015444254 0.0012590113
0.2493384083 0.4155640138 0.7480152248 0.0008885009 0.0000676084 -0.0008692704 -0.0001709736
0.4155640138 0.4155640138 0.7480152248 0.0007621533 0.0002814725 -0.0006536245 -0.0002728112
-0.2493384083 0.5817896193 0.7480152248 0.0005036065 -0.0002004358 0.0002516109 -0.0003874752
-0.0831128028 0.5817896193 0.7480152248 0.0005456331 -0.0000475216 0.0004172875 -0.0003483221
0.0831128028 0.5817896193 0.7480152248 0.0005456331 0.0000475216 0.0004172875 -0.0003483221
0.2493384083 0.5817896193 0.7480152248 0.0005036065 0.0002004358 0.0002516109 -0.0003874752
-0.2493384083 -0.2493384083 0.9142408304 0.0038614925 0.0030784828 -0.0003828590 0.0022994535
-0.0831128028 -0.2493384083 0.9142408304 0.0085380165 0.0032935274 0.0021396622 0.0075810454
0.0831128028 -0.2493384083 0.9142408304 0.0085380164 -0.0032935274 0.0021396622 0.0075810453
0.2493384083 -0.2493384083 0.9142408304 0.0038614924 -0.0030784828 -0.0003828591 0.0022994534
-0.2493384083 -0.0831128028 0.9142408304 0.0073178974 0.0053682931 -0.0002088130 0.0049688479
-0.0831128028 -0.0831128028 0.9142408304 0.0191334807 0.0061385736 0.0018111102 0.0180313027
0.0831128028 -0.0831128028 0.9142408304 0.0191334806 -0.0061385737 0.0018111101 0.0180313026
0.2493384083 -0.0831128028 0.9142408304 0.0073178972 -0.0053682929 -0.0002088131 0.0049688477
-0.2493384083 0.0831128028 0.9142408304 0.0073178969 0.0053682928 0.0002088130 0.0049688475
-0.0831128028 0.0831128028 0.9142408304 0.0191334802 0.0061385733 -0.0018111108 0.0180313022
0.0831128028 0.0831128028 0.9142408304 0.0191334801 -0.0061385735 -0.0018111108 0.0180313021
0.2493384083 0.0831128028 0.9142408304 0.0073178967 -0.0053682926 0.0002088130 0.0049688472
-0.2493384083 0.2493384083 0.9142408304 0.0038614917 0.0030784824 0.0003828590 0.0022994528
-0.0831128028 0.2493384083 0.9142408304 0.0085380157 0.0032935270 -0.0021396623 0.0075810446
0.0831128028 0.2493384083 0.9142408304 0.0085380156 -0.0032935270 -0.0021396622 0.0075810446
0.2493384083 0.2493384083 0.9142408304 0.0038614916 -0.0030784823 0.0003828591 0.0022994526
