x y z |Einc|^2 Eincx.r Eincx.i Eincy.r Eincy.i Eincz.r Eincz.i
-0.2493384083 -0.2493384083 -0.9142408304 1 0 0 0.8583041147 0.5131413516 0 0
-0.08311280276 -0.2493384083 -0.9142408304 1 0 0 0.8583041147 0.5131413516 0 0
0.08311280276 -0.2493384083 -0.9142408304 1 0 0 0.8583041147 0.5131413516 0 0
0.2493384083 -0.2493384083 -0.9142408304 1 0 0 0.8583041147 0.5131413516 0 0
-0.2493384083 -0.08311280276 -0.9142408304 1 0 0 0.8583041147 0.5131413516 0 0
-0.08311280276 -0.08311280276 -0.9142408304 1 0 0 0.8583041147 0.5131413516 0 0
0.08311280276 -0.08311280276 -0.9142408304 1 0 0 0.8583041147 0.5131413516 0 0
0.2493384083 -0.08311280276 -0.9142408304 1 0 0 0.8583041147 0.5131413516 0 0
-0.2493384083 0.08311280276 -0.9142408304 1 0 0 0.8583041147 0.5131413516 0 0
-0.08311280276 0.08311280276 -0.9142408304 1 0 0 0.8583041147 0.5131413516 0 0
0.08311280276 0.08311280276 -0.9142408304 1 0 0 0.8583041147 0.5131413516 0 0
0.2493384083 0.08311280276 -0.9142408304 1 0 0 0.8583041147 0.5131413516 0 0
-0.2493384083 0.2493384083 -0.9142408304 1 0 0 0.8583041147 0.5131413516 0 0
-0.08311280276 0.2493384083 -0.9142408304 1 0 0 0.8583041147 0.5131413516 0 0
0.08311280276 0.2493384083 -0.9142408304 1 0 0 0.8583041147 0.5131413516 0 0
0.2493384083 0.2493384083 -0.9142408304 1 0 0 0.8583041147 0.5131413516 0 0
-0.2493384083 -0.5817896193 -0.7480152248 1 -0 0 -0.01247038688 0.9999222417 -0 0
-0.08311280276 -0.5817896193 -0.7480152248 1 -0 0 -0.01247038688 0.9999222417 -0 0
0.08311280276 -0.5817896193 -0.7480152248 1 -0 0 -0.01247038688 0.9999222417 -0 0
0.2493384083 -0.5817896193 -0.7480152248 1 -0 0 -0.01247038688 0.9999222417 -0 0
-0.4155640138 -0.4155640138 -0.7480152248 1 -0 0 -0.01247038688 0.9999222417 -0 0
-0.2493384083 -0.4155640138 -0.7480152248 1 -0 0 -0.01247038688 0.9999222417 -0 0
-0.08311280276 -0.4155640138 -0.7480152248 1 -0 0 -0.01247038688 0.9999222417 -0 0
0.08311280276 -0.4155640138 -0.7480152248 1 -0 0 -0.01247038688 0.9999222417 -0 0
0.2493384083 -0.4155640138 -0.7480152248 1 -0 0 -0.01247038688 0.9999222417 -0 0
0.4155640138 -0.4155640138 -0.7480152248 1 -0 0 -0.01247038688 0.9999222417 -0 0
-0.5817896193 -0.2493384083 -0.7480152248 1 -0 0 -0.01247038688 0.9999222417 -0 0
-0.4155640138 -0.2493384083 -0.7480152248 1 -0 0 -0.01247038688 0.9999222417 -0 0
-0.2493384083 -0.2493384083 -0.7480152248 1 -0 0 -0.01247038688 0.9999222417 -0 0
-0.08311280276 -0.2493384083 -0.7480152248 1 -0 0 -0.01247038688 0.9999222417 -0 0
0.08311280276 -0.2493384083 -0.7480152248 1 -0 0 -0.01247038688 0.9999222417 -0 0
0.2493384083 -0.2493384083 -0.7480152248 1 -0 0 -0.01247038688 0.9999222417 -0 0
0.4155640138 -0.2493384083 -0.7480152248 1 -0 0 -0.01247038688 0.9999222417 -0 0
0.5817896193 -0.2493384083 -0.7480152248 1 -0 0 -0.01247038688 0.9999222417 -0 0
-0.5817896193 -0.08311280276 -0.7480152248 1 -0 0 -0.01247038688 0.9999222417 -0 0
-0.4155640138 -0.08311280276 -0.7480152248 1 -0 0 -0.01247038688 0.9999222417 -0 0
-0.2493384083 -0.08311280276 -0.7480152248 1 -0 0 -0.01247038688 0.9999222417 -0 0
-0.08311280276 -0.08311280276 -0.7480152248 1 -0 0 -0.01247038688 0.9999222417 -0 0
0.08311280276 -0.08311280276 -0.7480152248 1 -0 0 -0.01247038688 0.9999222417 -0 0
0.2493384083 -0.08311280276 -0.7480152248 1 -0 0 -0.01247038688 0.9999222417 -0 0
0.4155640138 -0.08311280276 -0.7480152248 1 -0 0 -0.01247038688 0.9999222417 -0 0
0.5817896193 -0.08311280276 -0.7480152248 1 -0 0 -0.01247038688 0.9999222417 -0 0
-0.5817896193 0.08311280276 -0.7480152248 1 -0 0 -0.01247038688 0.9999222417 -0 0
-0.4155640138 0.08311280276 -0.7480152248 1 -0 0 -0.01247038688 0.9999222417 -0 0
-0.2493384083 0.08311280276 -0.7480152248 1 -0 0 -0.01247038688 0.9999222417 -0 0
-0.08311280276 0.08311280276 -0.7480152248 1 -0 0 -0.01247038688 0.9999222417 -0 0
0.08311280276 0.08311280276 -0.7480152248 1 -0 0 -0.01247038688 0.9999222417 -0 0
0.2493384083 0.08311280276 -0.7480152248 1 -0 0 -0.01247038688 0.9999222417 -0 0
0.4155640138 0.08311280276 -0.7480152248 1 -0 0 -0.01247038688 0.9999222417 -0 0
0.5817896193 0.08311280276 -0.7480152248 1 -0 0 -0.01247038688 0.9999222417 -0 0
-0.5817896193 0.2493384083 -0.7480152248 1 -0 0 -0.01247038688 0.9999222417 -0 0
-0.4155640138 0.2493384083 -0.7480152248 1 -0 0 -0.01247038688 0.9999222417 -0 0
-0.2493384083 0.2493384083 -0.7480152248 1 -0 0 -0.01247038688 0.9999222417 -0 0
-0.08311280276 0.2493384083 -0.7480152248 1 -0 0 -0.01247038688 0.9999222417 -0 0
0.08311280276 0.2493384083 -0.7480152248 1 -0 0 -0.01247038688 0.9999222417 -0 0
0.2493384083 0.2493384083 -0.7480152248 1 -0 0 -0.01247038688 0.9999222417 -0 0
0.4155640138 0.2493384083 -0.7480152248 1 -0 0 -0.01247038688 0.9999222417 -0 0
0.5817896193 0.2493384083 -0.7480152248 1 -0 0 -0.01247038688 0.9999222417 -0 0
-0.4155640138 0.4155640138 -0.7480152248 1 -0 0 -0.01247038688 0.9999222417 -0 0
-0.2493384083 0.4155640138 -0.7480152248 1 -0 0 -0.01247038688 0.9999222417 -0 0
-0.08311280276 0.4155640138 -0.7480152248 1 -0 0 -0.01247038688 0.9999222417 -0 0
0.08311280276 0.4155640138 -0.7480152248 1 -0 0 -0.01247038688 0.9999222417 -0 0
0.2493384083 0.4155640138 -0.7480152248 1 -0 0 -0.01247038688 0.9999222417 -0 0
0.4155640138 0.4155640138 -0.7480152248 1 -0 0 -0.01247038688 0.9999222417 -0 0
-0.2493384083 0.5817896193 -0.7480152248 1 -0 0 -0.01247038688 0.9999222417 -0 0
-0.08311280276 0.5817896193 -0.7480152248 1 -0 0 -0.01247038688 0.9999222417 -0 0
0.08311280276 0.5817896193 -0.7480152248 1 -0 0 -0.01247038688 0.9999222417 -0 0
0.2493384083 0.5817896193 -0.7480152248 1 -0 0 -0.01247038688 0.9999222417 -0 0
-0.2493384083 -0.7480152248 -0.5817896193 1 -0 0 -0.8708343112 0.4915766496 -0 0
-0.08311280276 -0.7480152248 -0.5817896193 1 -0 0 -0.8708343112 0.4915766496 -0 0
0.08311280276 -0.7480152248 -0.5817896193 1 -0 0 -0.8708343112 0.4915766496 -0 0
0.2493384083 -0.7480152248 -0.5817896193 1 -0 0 -0.8708343112 0.4915766496 -0 0
-0.4155640138 -0.5817896193 -0.5817896193 1 -0 0 -0.8708343112 0.4915766496 -0 0
-0.2493384083 -0.5817896193 -0.5817896193 1 -0 0 -0.8708343112 0.4915766496 -0 0
-0.08311280276 -0.5817896193 -0.5817896193 1 -0 0 -0.8708343112 0.4915766496 -0 0
0.08311280276 -0.5817896193 -0.5817896193 1 -0 0 -0.8708343112 0.4915766496 -0 0
0.2493384083 -0.5817896193 -0.5817896193 1 -0 0 -0.8708343112 0.4915766496 -0 0
0.4155640138 -0.5817896193 -0.5817896193 1 -0 0 -0.8708343112 0.4915766496 -0 0
-0.5817896193 -0.4155640138 -0.5817896193 1 -0 0 -0.8708343112 0.4915766496 -0 0
-0.4155640138 -0.4155640138 -0.5817896193 1 -0 0 -0.8708343112 0.4915766496 -0 0
-0.2493384083 -0.4155640138 -0.5817896193 1 -0 0 -0.8708343112 0.4915766496 -0 0
-0.08311280276 -0.4155640138 -0.5817896193 1 -0 0 -0.8708343112 0.4915766496 -0 0
0.08311280276 -0.4155640138 -0.5817896193 1 -0 0 -0.8708343112 0.4915766496 -0 0
0.2493384083 -0.4155640138 -0.5817896193 1 -0 0 -0.8708343112 0.4915766496 -0 0
0.4155640138 -0.4155640138 -0.5817896193 1 -0 0 -0.8708343112 0.4915766496 -0 0
0.5817896193 -0.4155640138 -0.5817896193 1 -0 0 -0.8708343112 0.4915766496 -0 0
-0.7480152248 -0.2493384083 -0.5817896193 1 -0 0 -0.8708343112 0.4915766496 -0 0
-0.5817896193 -0.2493384083 -0.5817896193 1 -0 0 -0.8708343112 0.4915766496 -0 0
-0.4155640138 -0.2493384083 -0.5817896193 1 -0 0 -0.8708343112 0.4915766496 -0 0
-0.2493384083 -0.2493384083 -0.5817896193 1 -0 0 -0.8708343112 0.4915766496 -0 0
-0.08311280276 -0.2493384083 -0.5817896193 1 -0 0 -0.8708343112 0.4915766496 -0 0
0.08311280276 -0.2493384083 -0.5817896193 1 -0 0 -0.8708343112 0.4915766496 -0 0
0.2493384083 -0.2493384083 -0.5817896193 1 -0 0 -0.8708343112 0.4915766496 -0 0
0.4155640138 -0.2493384083 -0.5817896193 1 -0 0 -0.8708343112 0.4915766496 -0 0
0.5817896193 -0.2493384083 -0.5817896193 1 -0 0 -0.8708343112 0.4915766496 -0 0
0.7480152248 -0.2493384083 -0.5817896193 1 -0 0 -0.8708343112 0.4915766496 -0 0
-0.7480152248 -0.08311280276 -0.5817896193 1 -0 0 -0.8708343112 0.4915766496 -0 0
-0.5817896193 -0.08311280276 -0.5817896193 1 -0 0 -0.8708343112 0.4915766496 -0 0
-0.4155640138 -0.08311280276 -0.5817896193 1 -0 0 -0.8708343112 0.4915766496 -0 0
-0.2493384083 -0.08311280276 -0.5817896193 1 -0 0 -0.8708343112 0.4915766496 -0 0
-0.08311280276 -0.08311280276 -0.5817896193 1 -0 0 -0.8708343112 0.4915766496 -0 0
0.08311280276 -0.08311280276 -0.5817896193 1 -0 0 -0.8708343112 0.4915766496 -0 0
0.2493384083 -0.08311280276 -0.5817896193 1 -0 0 -0.8708343112 0.4915766496 -0 0
0.4155640138 -0.08311280276 -0.5817896193 1 -0 0 -0.8708343112 0.4915766496 -0 0
0.5817896193 -0.08311280276 -0.5817896193 1 -0 0 -0.8708343112 0.4915766496 -0 0
0.7480152248 -0.08311280276 -0.5817896193 1 -0 0 -0.8708343112 0.4915766496 -0 0
-0.7480152248 0.08311280276 -0.5817896193 1 -0 0 -0.8708343112 0.4915766496 -0 0
-0.5817896193 0.08311280276 -0.5817896193 1 -0 0 -0.8708343112 0.4915766496 -0 0
-0.4155640138 0.08311280276 -0.5817896193 1 -0 0 -0.8708343112 0.4915766496 -0 0
-0.2493384083 0.08311280276 -0.5817896193 1 -0 0 -0.8708343112 0.4915766496 -0 0
-0.08311280276 0.08311280276 -0.5817896193 1 -0 0 -0.8708343112 0.4915766496 -0 0
0.08311280276 0.08311280276 -0.5817896193 1 -0 0 -0.8708343112 0.4915766496 -0 0
0.2493384083 0.08311280276 -0.5817896193 1 -0 0 -0.8708343112 0.4915766496 -0 0
0.4155640138 0.08311280276 -0.5817896193 1 -0 0 -0.8708343112 0.4915766496 -0 0
0.5817896193 0.08311280276 -0.5817896193 1 -0 0 -0.8708343112 0.4915766496 -0 0
0.7480152248 0.08311280276 -0.5817896193 1 -0 0 -0.8708343112 0.4915766496 -0 0
-0.7480152248 0.2493384083 -0.5817896193 1 -0 0 -0.8708343112 0.4915766496 -0 0
-0.5817896193 0.2493384083 -0.5817896193 1 -0 0 -0.8708343112 0.4915766496 -0 0
-0.4155640138 0.2493384083 -0.5817896193 1 -0 0 -0.8708343112 0.4915766496 -0 0
-0.2493384083 0.2493384083 -0.5817896193 1 -0 0 -0.8708343112 0.4915766496 -0 0
-0.08311280276 0.2493384083 -0.5817896193 1 -0 0 -0.8708343112 0.4915766496 -0 0
0.08311280276 0.2493384083 -0.5817896193 1 -0 0 -0.8708343112 0.4915766496 -0 0
0.2493384083 0.2493384083 -0.5817896193 1 -0 0 -0.8708343112 0.4915766496 -0 0
0.4155640138 0.2493384083 -0.5817896193 1 -0 0 -0.8708343112 0.4915766496 -0 0
0.5817896193 0.2493384083 -0.5817896193 1 -0 0 -0.8708343112 0.4915766496 -0 0
0.7480152248 0.2493384083 -0.5817896193 1 -0 0 -0.8708343112 0.4915766496 -0 0
-0.5817896193 0.4155640138 -0.5817896193 1 -0 0 -0.8708343112 0.4915766496 -0 0
-0.4155640138 0.4155640138 -0.5817896193 1 -0 0 -0.8708343112 0.4915766496 -0 0
-0.2493384083 0.4155640138 -0.5817896193 1 -0 0 -0.8708343112 0.4915766496 -0 0
-0.08311280276 0.4155640138 -0.5817896193 1 -0 0 -0.8708343112 0.4915766496 -0 0
0.08311280276 0.4155640138 -0.5817896193 1 -0 0 -0.8708343112 0.4915766496 -0 0
0.2493384083 0.4155640138 -0.5817896193 1 -0 0 -0.8708343112 0.4915766496 -0 0
0.4155640138 0.4155640138 -0.5817896193 1 -0 0 -0.8708343112 0.4915766496 -0 0
0.5817896193 0.4155640138 -0.5817896193 1 -0 0 -0.8708343112 0.4915766496 -0 0
-0.4155640138 0.5817896193 -0.5817896193 1 -0 0 -0.8708343112 0.4915766496 -0 0
-0.2493384083 0.5817896193 -0.5817896193 1 -0 0 -0.8708343112 0.4915766496 -0 0
-0.08311280276 0.5817896193 -0.5817896193 1 -0 0 -0.8708343112 0.4915766496 -0 0
0.08311280276 0.5817896193 -0.5817896193 1 -0 0 -0.8708343112 0.4915766496 -0 0
0.2493384083 0.5817896193 -0.5817896193 1 -0 0 -0.8708343112 0.4915766496 -0 0
0.4155640138 0.5817896193 -0.5817896193 1 -0 0 -0.8708343112 0.4915766496 -0 0
-0.2493384083 0.7480152248 -0.5817896193 1 -0 0 -0.8708343112 0.4915766496 -0 0
-0.08311280276 0.7480152248 -0.5817896193 1 -0 0 -0.8708343112 0.4915766496 -0 0
0.08311280276 0.7480152248 -0.5817896193 1 -0 0 -0.8708343112 0.4915766496 -0 0
0.2493384083 0.7480152248 -0.5817896193 1 -0 0 -0.8708343112 0.4915766496 -0 0
-0.4155640138 -0.7480152248 -0.4155640138 1 -0 -0 -0.862540561 -0.5059879254 -0 -0
-0.2493384083 -0.7480152248 -0.4155640138 1 -0 -0 -0.862540561 -0.5059879254 -0 -0
-0.08311280276 -0.7480152248 -0.4155640138 1 -0 -0 -0.862540561 -0.5059879254 -0 -0
0.08311280276 -0.7480152248 -0.4155640138 1 -0 -0 -0.862540561 -0.5059879254 -0 -0
0.2493384083 -0.7480152248 -0.4155640138 1 -0 -0 -0.862540561 -0.5059879254 -0 -0
0.4155640138 -0.7480152248 -0.4155640138 1 -0 -0 -0.862540561 -0.5059879254 -0 -0
-0.5817896193 -0.5817896193 -0.4155640138 1 -0 -0 -0.862540561 -0.5059879254 -0 -0
-0.4155640138 -0.5817896193 -0.4155640138 1 -0 -0 -0.862540561 -0.5059879254 -0 -0
-0.2493384083 -0.5817896193 -0.4155640138 1 -0 -0 -0.862540561 -0.5059879254 -0 -0
-0.08311280276 -0.5817896193 -0.4155640138 1 -0 -0 -0.862540561 -0.5059879254 -0 -0
0.08311280276 -0.5817896193 -0.4155640138 1 -0 -0 -0.862540561 -0.5059879254 -0 -0
0.2493384083 -0.5817896193 -0.4155640138 1 -0 -0 -0.862540561 -0.5059879254 -0 -0
0.4155640138 -0.5817896193 -0.4155640138 1 -0 -0 -0.862540561 -0.5059879254 -0 -0
0.5817896193 -0.5817896193 -0.4155640138 1 -0 -0 -0.862540561 -0.5059879254 -0 -0
-0.7480152248 -0.4155640138 -0.4155640138 1 -0 -0 -0.862540561 -0.5059879254 -0 -0
-0.5817896193 -0.4155640138 -0.4155640138 1 -0 -0 -0.862540561 -0.5059879254 -0 -0
-0.4155640138 -0.4155640138 -0.4155640138 1 -0 -0 -0.862540561 -0.5059879254 -0 -0
-0.2493384083 -0.4155640138 -0.4155640138 1 -0 -0 -0.862540561 -0.5059879254 -0 -0
-0.08311280276 -0.4155640138 -0.4155640138 1 -0 -0 -0.862540561 -0.5059879254 -0 -0
0.08311280276 -0.4155640138 -0.4155640138 1 -0 -0 -0.862540561 -0.5059879254 -0 -0
0.2493384083 -0.4155640138 -0.4155640138 1 -0 -0 -0.862540561 -0.5059879254 -0 -0
0.4155640138 -0.4155640138 -0.4155640138 1 -0 -0 -0.862540561 -0.5059879254 -0 -0
0.5817896193 -0.4155640138 -0.4155640138 1 -0 -0 -0.862540561 -0.5059879254 -0 -0
0.7480152248 -0.4155640138 -0.4155640138 1 -0 -0 -0.862540561 -0.5059879254 -0 -0
-0.7480152248 -0.2493384083 -0.4155640138 1 -0 -0 -0.862540561 -0.5059879254 -0 -0
-0.5817896193 -0.2493384083 -0.4155640138 1 -0 -0 -0.862540561 -0.5059879254 -0 -0
-0.4155640138 -0.2493384083 -0.4155640138 1 -0 -0 -0.862540561 -0.5059879254 -0 -0
-0.2493384083 -0.2493384083 -0.4155640138 1 -0 -0 -0.862540561 -0.5059879254 -0 -0
-0.08311280276 -0.2493384083 -0.4155640138 1 -0 -0 -0.862540561 -0.5059879254 -0 -0
0.08311280276 -0.2493384083 -0.4155640138 1 -0 -0 -0.862540561 -0.5059879254 -0 -0
0.2493384083 -0.2493384083 -0.4155640138 1 -0 -0 -0.862540561 -0.5059879254 -0 -0
0.4155640138 -0.2493384083 -0.4155640138 1 -0 -0 -0.862540561 -0.5059879254 -0 -0
0.5817896193 -0.2493384083 -0.4155640138 1 -0 -0 -0.862540561 -0.5059879254 -0 -0
0.7480152248 -0.2493384083 -0.4155640138 1 -0 -0 -0.862540561 -0.5059879254 -0 -0
-0.7480152248 -0.08311280276 -0.4155640138 1 -0 -0 -0.862540561 -0.5059879254 -0 -0
-0.5817896193 -0.08311280276 -0.4155640138 1 -0 -0 -0.862540561 -0.5059879254 -0 -0
-0.4155640138 -0.08311280276 -0.4155640138 1 -0 -0 -0.862540561 -0.5059879254 -0 -0
-0.2493384083 -0.08311280276 -0.4155640138 1 -0 -0 -0.862540561 -0.5059879254 -0 -0
-0.08311280276 -0.08311280276 -0.4155640138 1 -0 -0 -0.862540561 -0.5059879254 -0 -0
0.08311280276 -0.08311280276 -0.4155640138 1 -0 -0 -0.862540561 -0.5059879254 -0 -0
0.2493384083 -0.08311280276 -0.4155640138 1 -0 -0 -0.862540561 -0.5059879254 -0 -0
0.4155640138 -0.08311280276 -0.4155640138 1 -0 -0 -0.862540561 -0.5059879254 -0 -0
0.5817896193 -0.08311280276 -0.4155640138 1 -0 -0 -0.862540561 -0.5059879254 -0 -0
0.7480152248 -0.08311280276 -0.4155640138 1 -0 -0 -0.862540561 -0.5059879254 -0 -0
-0.7480152248 0.08311280276 -0.4155640138 1 -0 -0 -0.862540561 -0.5059879254 -0 -0
-0.5817896193 0.08311280276 -0.4155640138 1 -0 -0 -0.862540561 -0.5059879254 -0 -0
-0.4155640138 0.08311280276 -0.4155640138 1 -0 -0 -0.862540561 -0.5059879254 -0 -0
-0.2493384083 0.08311280276 -0.4155640138 1 -0 -0 -0.862540561 -0.5059879254 -0 -0
-0.08311280276 0.08311280276 -0.4155640138 1 -0 -0 -0.862540561 -0.5059879254 -0 -0
0.08311280276 0.08311280276 -0.4155640138 1 -0 -0 -0.862540561 -0.5059879254 -0 -0
0.2493384083 0.08311280276 -0.4155640138 1 -0 -0 -0.862540561 -0.5059879254 -0 -0
0.4155640138 0.08311280276 -0.4155640138 1 -0 -0 -0.862540561 -0.5059879254 -0 -0
0.5817896193 0.08311280276 -0.4155640138 1 -0 -0 -0.862540561 -0.5059879254 -0 -0
0.7480152248 0.08311280276 -0.4155640138 1 -0 -0 -0.862540561 -0.5059879254 -0 -0
-0.7480152248 0.2493384083 -0.4155640138 1 -0 -0 -0.862540561 -0.5059879254 -0 -0
-0.5817896193 0.2493384083 -0.4155640138 1 -0 -0 -0.862540561 -0.5059879254 -0 -0
-0.4155640138 0.2493384083 -0.4155640138 1 -0 -0 -0.862540561 -0.5059879254 -0 -0
-0.2493384083 0.2493384083 -0.4155640138 1 -0 -0 -0.862540561 -0.5059879254 -0 -0
-0.08311280276 0.2493384083 -0.4155640138 1 -0 -0 -0.862540561 -0.5059879254 -0 -0
0.08311280276 0.2493384083 -0.4155640138 1 -0 -0 -0.862540561 -0.5059879254 -0 -0
0.2493384083 0.2493384083 -0.4155640138 1 -0 -0 -0.862540561 -0.5059879254 -0 -0
0.4155640138 0.2493384083 -0.4155640138 1 -0 -0 -0.862540561 -0.5059879254 -0 -0
0.5817896193 0.2493384083 -0.4155640138 1 -0 -0 -0.862540561 -0.5059879254 -0 -0
0.7480152248 0.2493384083 -0.4155640138 1 -0 -0 -0.862540561 -0.5059879254 -0 -0
-0.7480152248 0.4155640138 -0.4155640138 1 -0 -0 -0.862540561 -0.5059879254 -0 -0
-0.5817896193 0.4155640138 -0.4155640138 1 -0 -0 -0.862540561 -0.5059879254 -0 -0
-0.4155640138 0.4155640138 -0.4155640138 1 -0 -0 -0.862540561 -0.5059879254 -0 -0
-0.2493384083 0.4155640138 -0.4155640138 1 -0 -0 -0.862540561 -0.5059879254 -0 -0
-0.08311280276 0.4155640138 -0.4155640138 1 -0 -0 -0.862540561 -0.5059879254 -0 -0
0.08311280276 0.4155640138 -0.4155640138 1 -0 -0 -0.862540561 -0.5059879254 -0 -0
0.2493384083 0.4155640138 -0.4155640138 1 -0 -0 -0.862540561 -0.5059879254 -0 -0
0.4155640138 0.4155640138 -0.4155640138 1 -0 -0 -0.862540561 -0.5059879254 -0 -0
0.5817896193 0.4155640138 -0.4155640138 1 -0 -0 -0.862540561 -0.5059879254 -0 -0
0.7480152248 0.4155640138 -0.4155640138 1 -0 -0 -0.862540561 -0.5059879254 -0 -0
-0.5817896193 0.5817896193 -0.4155640138 1 -0 -0 -0.862540561 -0.5059879254 -0 -0
-0.4155640138 0.5817896193 -0.4155640138 1 -0 -0 -0.862540561 -0.5059879254 -0 -0
-0.2493384083 0.5817896193 -0.4155640138 1 -0 -0 -0.862540561 -0.5059879254 -0 -0
-0.08311280276 0.5817896193 -0.4155640138 1 -0 -0 -0.862540561 -0.5059879254 -0 -0
0.08311280276 0.5817896193 -0.4155640138 1 -0 -0 -0.862540561 -0.5059879254 -0 -0
0.2493384083 0.5817896193 -0.4155640138 1 -0 -0 -0.862540561 -0.5059879254 -0 -0
0.4155640138 0.5817896193 -0.4155640138 1 -0 -0 -0.862540561 -0.5059879254 -0 -0
0.5817896193 0.5817896193 -0.4155640138 1 -0 -0 -0.862540561 -0.5059879254 -0 -0
-0.4155640138 0.7480152248 -0.4155640138 1 -0 -0 -0.862540561 -0.5059879254 -0 -0
-0.2493384083 0.7480152248 -0.4155640138 1 -0 -0 -0.862540561 -0.5059879254 -0 -0
-0.08311280276 0.7480152248 -0.4155640138 1 -0 -0 -0.862540561 -0.5059879254 -0 -0
0.08311280276 0.7480152248 -0.4155640138 1 -0 -0 -0.862540561 -0.5059879254 -0 -0
0.2493384083 0.7480152248 -0.4155640138 1 -0 -0 -0.862540561 -0.5059879254 -0 -0
0.4155640138 0.7480152248 -0.4155640138 1 -0 -0 -0.862540561 -0.5059879254 -0 -0
-0.2493384083 -0.9142408304 -0.2493384083 1 0 -0 0.004156891399 -0.9999913601 0 -0
-0.08311280276 -0.9142408304 -0.2493384083 1 0 -0 0.004156891399 -0.9999913601 0 -0
0.08311280276 -0.9142408304 -0.2493384083 1 0 -0 0.004156891399 -0.9999913601 0 -0
0.2493384083 -0.9142408304 -0.2493384083 1 0 -0 0.004156891399 -0.9999913601 0 -0
-0.5817896193 -0.7480152248 -0.2493384083 1 0 -0 0.004156891399 -0.9999913601 0 -0
-0.4155640138 -0.7480152248 -0.2493384083 1 0 -0 0.004156891399 -0.9999913601 0 -0
-0.2493384083 -0.7480152248 -0.2493384083 1 0 -0 0.004156891399 -0.9999913601 0 -0
-0.08311280276 -0.7480152248 -0.2493384083 1 0 -0 0.004156891399 -0.9999913601 0 -0
0.08311280276 -0.7480152248 -0.2493384083 1 0 -0 0.004156891399 -0.9999913601 0 -0
0.2493384083 -0.7480152248 -0.2493384083 1 0 -0 0.004156891399 -0.9999913601 0 -0
0.4155640138 -0.7480152248 -0.2493384083 1 0 -0 0.004156891399 -0.9999913601 0 -0
0.5817896193 -0.7480152248 -0.2493384083 1 0 -0 0.004156891399 -0.9999913601 0 -0
-0.7480152248 -0.5817896193 -0.2493384083 1 0 -0 0.004156891399 -0.9999913601 0 -0
-0.5817896193 -0.5817896193 -0.2493384083 1 0 -0 0.004156891399 -0.9999913601 0 -0
-0.4155640138 -0.5817896193 -0.2493384083 1 0 -0 0.004156891399 -0.9999913601 0 -0
-0.2493384083 -0.5817896193 -0.2493384083 1 0 -0 0.004156891399 -0.9999913601 0 -0
-0.08311280276 -0.5817896193 -0.2493384083 1 0 -0 0.004156891399 -0.9999913601 0 -0
0.08311280276 -0.5817896193 -0.2493384083 1 0 -0 0.004156891399 -0.9999913601 0 -0
0.2493384083 -0.5817896193 -0.2493384083 1 0 -0 0.004156891399 -0.9999913601 0 -0
0.4155640138 -0.5817896193 -0.2493384083 1 0 -0 0.004156891399 -0.9999913601 0 -0
0.5817896193 -0.5817896193 -0.2493384083 1 0 -0 0.004156891399 -0.9999913601 0 -0
0.7480152248 -0.5817896193 -0.2493384083 1 0 -0 0.004156891399 -0.9999913601 0 -0
-0.7480152248 -0.4155640138 -0.2493384083 1 0 -0 0.004156891399 -0.9999913601 0 -0
-0.5817896193 -0.4155640138 -0.2493384083 1 0 -0 0.004156891399 -0.9999913601 0 -0
-0.4155640138 -0.4155640138 -0.2493384083 1 0 -0 0.004156891399 -0.9999913601 0 -0
-0.2493384083 -0.4155640138 -0.2493384083 1 0 -0 0.004156891399 -0.9999913601 0 -0
-0.08311280276 -0.4155640138 -0.2493384083 1 0 -0 0.004156891399 -0.9999913601 0 -0
0.08311280276 -0.4155640138 -0.2493384083 1 0 -0 0.004156891399 -0.9999913601 0 -0
0.2493384083 -0.4155640138 -0.2493384083 1 0 -0 0.004156891399 -0.9999913601 0 -0
0.4155640138 -0.4155640138 -0.2493384083 1 0 -0 0.004156891399 -0.9999913601 0 -0
0.5817896193 -0.4155640138 -0.2493384083 1 0 -0 0.004156891399 -0.9999913601 0 -0
0.7480152248 -0.4155640138 -0.2493384083 1 0 -0 0.004156891399 -0.9999913601 0 -0
-0.9142408304 -0.2493384083 -0.2493384083 1 0 -0 0.004156891399 -0.9999913601 0 -0
-0.7480152248 -0.2493384083 -0.2493384083 1 0 -0 0.004156891399 -0.9999913601 0 -0
-0.5817896193 -0.2493384083 -0.2493384083 1 0 -0 0.004156891399 -0.9999913601 0 -0
-0.4155640138 -0.2493384083 -0.2493384083 1 0 -0 0.004156891399 -0.9999913601 0 -0
-0.2493384083 -0.2493384083 -0.2493384083 1 0 -0 0.004156891399 -0.9999913601 0 -0
-0.08311280276 -0.2493384083 -0.2493384083 1 0 -0 0.004156891399 -0.9999913601 0 -0
0.08311280276 -0.2493384083 -0.2493384083 1 0 -0 0.004156891399 -0.9999913601 0 -0
0.2493384083 -0.2493384083 -0.2493384083 1 0 -0 0.004156891399 -0.9999913601 0 -0
0.4155640138 -0.2493384083 -0.2493384083 1 0 -0 0.004156891399 -0.9999913601 0 -0
0.5817896193 -0.2493384083 -0.2493384083 1 0 -0 0.004156891399 -0.9999913601 0 -0
0.7480152248 -0.2493384083 -0.2493384083 1 0 -0 0.004156891399 -0.9999913601 0 -0
0.9142408304 -0.2493384083 -0.2493384083 1 0 -0 0.004156891399 -0.9999913601 0 -0
-0.9142408304 -0.08311280276 -0.2493384083 1 0 -0 0.004156891399 -0.9999913601 0 -0
-0.7480152248 -0.08311280276 -0.2493384083 1 0 -0 0.004156891399 -0.9999913601 0 -0
-0.5817896193 -0.08311280276 -0.2493384083 1 0 -0 0.004156891399 -0.9999913601 0 -0
-0.4155640138 -0.08311280276 -0.2493384083 1 0 -0 0.004156891399 -0.9999913601 0 -0
-0.2493384083 -0.08311280276 -0.2493384083 1 0 -0 0.004156891399 -0.9999913601 0 -0
-0.08311280276 -0.08311280276 -0.2493384083 1 0 -0 0.004156891399 -0.9999913601 0 -0
0.08311280276 -0.08311280276 -0.2493384083 1 0 -0 0.004156891399 -0.9999913601 0 -0
0.2493384083 -0.08311280276 -0.2493384083 1 0 -0 0.004156891399 -0.9999913601 0 -0
0.4155640138 -0.08311280276 -0.2493384083 1 0 -0 0.004156891399 -0.9999913601 0 -0
0.5817896193 -0.08311280276 -0.2493384083 1 0 -0 0.004156891399 -0.9999913601 0 -0
0.7480152248 -0.08311280276 -0.2493384083 1 0 -0 0.004156891399 -0.9999913601 0 -0
0.9142408304 -0.08311280276 -0.2493384083 1 0 -0 0.004156891399 -0.9999913601 0 -0
-0.9142408304 0.08311280276 -0.2493384083 1 0 -0 0.004156891399 -0.9999913601 0 -0
-0.7480152248 0.08311280276 -0.2493384083 1 0 -0 0.004156891399 -0.9999913601 0 -0
-0.5817896193 0.08311280276 -0.2493384083 1 0 -0 0.004156891399 -0.9999913601 0 -0
-0.4155640138 0.08311280276 -0.2493384083 1 0 -0 0.004156891399 -0.9999913601 0 -0
-0.2493384083 0.08311280276 -0.2493384083 1 0 -0 0.004156891399 -0.9999913601 0 -0
-0.08311280276 0.08311280276 -0.2493384083 1 0 -0 0.004156891399 -0.9999913601 0 -0
0.08311280276 0.08311280276 -0.2493384083 1 0 -0 0.004156891399 -0.9999913601 0 -0
0.2493384083 0.08311280276 -0.2493384083 1 0 -0 0.004156891399 -0.9999913601 0 -0
0.4155640138 0.08311280276 -0.2493384083 1 0 -0 0.004156891399 -0.9999913601 0 -0
0.5817896193 0.08311280276 -0.2493384083 1 0 -0 0.004156891399 -0.9999913601 0 -0
0.7480152248 0.08311280276 -0.2493384083 1 0 -0 0.004156891399 -0.9999913601 0 -0
0.9142408304 0.08311280276 -0.2493384083 1 0 -0 0.004156891399 -0.9999913601 0 -0
-0.9142408304 0.2493384083 -0.2493384083 1 0 -0 0.004156891399 -0.9999913601 0 -0
-0.7480152248 0.2493384083 -0.2493384083 1 0 -0 0.004156891399 -0.9999913601 0 -0
-0.5817896193 0.2493384083 -0.2493384083 1 0 -0 0.004156891399 -0.9999913601 0 -0
-0.4155640138 0.2493384083 -0.2493384083 1 0 -0 0.004156891399 -0.9999913601 0 -0
-0.2493384083 0.2493384083 -0.2493384083 1 0 -0 0.004156891399 -0.9999913601 0 -0
-0.08311280276 0.2493384083 -0.2493384083 1 0 -0 0.004156891399 -0.9999913601 0 -0
0.08311280276 0.2493384083 -0.2493384083 1 0 -0 0.004156891399 -0.9999913601 0 -0
0.2493384083 0.2493384083 -0.2493384083 1 0 -0 0.004156891399 -0.9999913601 0 -0
0.4155640138 0.2493384083 -0.2493384083 1 0 -0 0.004156891399 -0.9999913601 0 -0
0.5817896193 0.2493384083 -0.2493384083 1 0 -0 0.004156891399 -0.9999913601 0 -0
0.7480152248 0.2493384083 -0.2493384083 1 0 -0 0.004156891399 -0.9999913601 0 -0
0.9142408304 0.2493384083 -0.2493384083 1 0 -0 0.004156891399 -0.9999913601 0 -0
-0.7480152248 0.4155640138 -0.2493384083 1 0 -0 0.004156891399 -0.9999913601 0 -0
-0.5817896193 0.4155640138 -0.2493384083 1 0 -0 0.004156891399 -0.9999913601 0 -0
-0.4155640138 0.4155640138 -0.2493384083 1 0 -0 0.004156891399 -0.9999913601 0 -0
-0.2493384083 0.4155640138 -0.2493384083 1 0 -0 0.004156891399 -0.9999913601 0 -0
-0.08311280276 0.4155640138 -0.2493384083 1 0 -0 0.004156891399 -0.9999913601 0 -0
0.08311280276 0.4155640138 -0.2493384083 1 0 -0 0.004156891399 -0.9999913601 0 -0
0.2493384083 0.4155640138 -0.2493384083 1 0 -0 0.004156891399 -0.9999913601 0 -0
0.4155640138 0.4155640138 -0.2493384083 1 0 -0 0.004156891399 -0.9999913601 0 -0
0.5817896193 0.4155640138 -0.2493384083 1 0 -0 0.004156891399 -0.9999913601 0 -0
0.7480152248 0.4155640138 -0.2493384083 1 0 -0 0.004156891399 -0.9999913601 0 -0
-0.7480152248 0.5817896193 -0.2493384083 1 0 -0 0.004156891399 -0.9999913601 0 -0
-0.5817896193 0.5817896193 -0.2493384083 1 0 -0 0.004156891399 -0.9999913601 0 -0
-0.4155640138 0.5817896193 -0.2493384083 1 0 -0 0.004156891399 -0.9999913601 0 -0
-0.2493384083 0.5817896193 -0.2493384083 1 0 -0 0.004156891399 -0.9999913601 0 -0
-0.08311280276 0.5817896193 -0.2493384083 1 0 -0 0.004156891399 -0.9999913601 0 -0
0.08311280276 0.5817896193 -0.2493384083 1 0 -0 0.004156891399 -0.9999913601 0 -0
0.2493384083 0.5817896193 -0.2493384083 1 0 -0 0.004156891399 -0.9999913601 0 -0
0.4155640138 0.5817896193 -0.2493384083 1 0 -0 0.004156891399 -0.9999913601 0 -0
0.5817896193 0.5817896193 -0.2493384083 1 0 -0 0.004156891399 -0.9999913601 0 -0
0.7480152248 0.5817896193 -0.2493384083 1 0 -0 0.004156891399 -0.9999913601 0 -0
-0.5817896193 0.7480152248 -0.2493384083 1 0 -0 0.004156891399 -0.9999913601 0 -0
-0.4155640138 0.7480152248 -0.2493384083 1 0 -0 0.004156891399 -0.9999913601 0 -0
-0.2493384083 0.7480152248 -0.2493384083 1 0 -0 0.004156891399 -0.9999913601 0 -0
-0.08311280276 0.7480152248 -0.2493384083 1 0 -0 0.004156891399 -0.9999913601 0 -0
0.08311280276 0.7480152248 -0.2493384083 1 0 -0 0.004156891399 -0.9999913601 0 -0
0.2493384083 0.7480152248 -0.2493384083 1 0 -0 0.004156891399 -0.9999913601 0 -0
0.4155640138 0.7480152248 -0.2493384083 1 0 -0 0.004156891399 -0.9999913601 0 -0
0.5817896193 0.7480152248 -0.2493384083 1 0 -0 0.004156891399 -0.9999913601 0 -0
-0.2493384083 0.9142408304 -0.2493384083 1 0 -0 0.004156891399 -0.9999913601 0 -0
-0.08311280276 0.9142408304 -0.2493384083 1 0 -0 0.004156891399 -0.9999913601 0 -0
0.08311280276 0.9142408304 -0.2493384083 1 0 -0 0.004156891399 -0.9999913601 0 -0
0.2493384083 0.9142408304 -0.2493384083 1 0 -0 0.004156891399 -0.9999913601 0 -0
-0.2493384083 -0.9142408304 -0.08311280276 1 0 -0 0.8667173894 -0.4987995257 0 -0
-0.08311280276 -0.9142408304 -0.08311280276 1 0 -0 0.8667173894 -0.4987995257 0 -0
0.08311280276 -0.9142408304 -0.08311280276 1 0 -0 0.8667173894 -0.4987995257 0 -0
0.2493384083 -0.9142408304 -0.08311280276 1 0 -0 0.8667173894 -0.4987995257 0 -0
-0.5817896193 -0.7480152248 -0.08311280276 1 0 -0 0.8667173894 -0.4987995257 0 -0
-0.4155640138 -0.7480152248 -0.08311280276 1 0 -0 0.8667173894 -0.4987995257 0 -0
-0.2493384083 -0.7480152248 -0.08311280276 1 0 -0 0.8667173894 -0.4987995257 0 -0
-0.08311280276 -0.7480152248 -0.08311280276 1 0 -0 0.8667173894 -0.4987995257 0 -0
0.08311280276 -0.7480152248 -0.08311280276 1 0 -0 0.8667173894 -0.4987995257 0 -0
0.2493384083 -0.7480152248 -0.08311280276 1 0 -0 0.8667173894 -0.4987995257 0 -0
0.4155640138 -0.7480152248 -0.08311280276 1 0 -0 0.8667173894 -0.4987995257 0 -0
0.5817896193 -0.7480152248 -0.08311280276 1 0 -0 0.8667173894 -0.4987995257 0 -0
-0.7480152248 -0.5817896193 -0.08311280276 1 0 -0 0.8667173894 -0.4987995257 0 -0
-0.5817896193 -0.5817896193 -0.08311280276 1 0 -0 0.8667173894 -0.4987995257 0 -0
-0.4155640138 -0.5817896193 -0.08311280276 1 0 -0 0.8667173894 -0.4987995257 0 -0
-0.2493384083 -0.5817896193 -0.08311280276 1 0 -0 0.8667173894 -0.4987995257 0 -0
-0.08311280276 -0.5817896193 -0.08311280276 1 0 -0 0.8667173894 -0.4987995257 0 -0
0.08311280276 -0.5817896193 -0.08311280276 1 0 -0 0.8667173894 -0.4987995257 0 -0
0.2493384083 -0.5817896193 -0.08311280276 1 0 -0 0.8667173894 -0.4987995257 0 -0
0.4155640138 -0.5817896193 -0.08311280276 1 0 -0 0.8667173894 -0.4987995257 0 -0
0.5817896193 -0.5817896193 -0.08311280276 1 0 -0 0.8667173894 -0.4987995257 0 -0
0.7480152248 -0.5817896193 -0.08311280276 1 0 -0 0.8667173894 -0.4987995257 0 -0
-0.7480152248 -0.4155640138 -0.08311280276 1 0 -0 0.8667173894 -0.4987995257 0 -0
-0.5817896193 -0.4155640138 -0.08311280276 1 0 -0 0.8667173894 -0.4987995257 0 -0
-0.4155640138 -0.4155640138 -0.08311280276 1 0 -0 0.8667173894 -0.4987995257 0 -0
-0.2493384083 -0.4155640138 -0.08311280276 1 0 -0 0.8667173894 -0.4987995257 0 -0
-0.08311280276 -0.4155640138 -0.08311280276 1 0 -0 0.8667173894 -0.4987995257 0 -0
0.08311280276 -0.4155640138 -0.08311280276 1 0 -0 0.8667173894 -0.4987995257 0 -0
0.2493384083 -0.4155640138 -0.08311280276 1 0 -0 0.8667173894 -0.4987995257 0 -0
0.4155640138 -0.4155640138 -0.08311280276 1 0 -0 0.8667173894 -0.4987995257 0 -0
0.5817896193 -0.4155640138 -0.08311280276 1 0 -0 0.8667173894 -0.4987995257 0 -0
0.7480152248 -0.4155640138 -0.08311280276 1 0 -0 0.8667173894 -0.4987995257 0 -0
-0.9142408304 -0.2493384083 -0.08311280276 1 0 -0 0.8667173894 -0.4987995257 0 -0
-0.7480152248 -0.2493384083 -0.08311280276 1 0 -0 0.8667173894 -0.4987995257 0 -0
-0.5817896193 -0.2493384083 -0.08311280276 1 0 -0 0.8667173894 -0.4987995257 0 -0
-0.4155640138 -0.2493384083 -0.08311280276 1 0 -0 0.8667173894 -0.4987995257 0 -0
-0.2493384083 -0.2493384083 -0.08311280276 1 0 -0 0.8667173894 -0.4987995257 0 -0
-0.08311280276 -0.2493384083 -0.08311280276 1 0 -0 0.8667173894 -0.4987995257 0 -0
0.08311280276 -0.2493384083 -0.08311280276 1 0 -0 0.8667173894 -0.4987995257 0 -0
0.2493384083 -0.2493384083 -0.08311280276 1 0 -0 0.8667173894 -0.4987995257 0 -0
0.4155640138 -0.2493384083 -0.08311280276 1 0 -0 0.8667173894 -0.4987995257 0 -0
0.5817896193 -0.2493384083 -0.08311280276 1 0 -0 0.8667173894 -0.4987995257 0 -0
0.7480152248 -0.2493384083 -0.08311280276 1 0 -0 0.8667173894 -0.4987995257 0 -0
0.9142408304 -0.2493384083 -0.08311280276 1 0 -0 0.8667173894 -0.4987995257 0 -0
-0.9142408304 -0.08311280276 -0.08311280276 1 0 -0 0.8667173894 -0.4987995257 0 -0
-0.7480152248 -0.08311280276 -0.08311280276 1 0 -0 0.8667173894 -0.4987995257 0 -0
-0.5817896193 -0.08311280276 -0.08311280276 1 0 -0 0.8667173894 -0.4987995257 0 -0
-0.4155640138 -0.08311280276 -0.08311280276 1 0 -0 0.8667173894 -0.4987995257 0 -0
-0.2493384083 -0.08311280276 -0.08311280276 1 0 -0 0.8667173894 -0.4987995257 0 -0
-0.08311280276 -0.08311280276 -0.08311280276 1 0 -0 0.8667173894 -0.4987995257 0 -0
0.08311280276 -0.08311280276 -0.08311280276 1 0 -0 0.8667173894 -0.4987995257 0 -0
0.2493384083 -0.08311280276 -0.08311280276 1 0 -0 0.8667173894 -0.4987995257 0 -0
0.4155640138 -0.08311280276 -0.08311280276 1 0 -0 0.8667173894 -0.4987995257 0 -0
0.5817896193 -0.08311280276 -0.08311280276 1 0 -0 0.8667173894 -0.4987995257 0 -0
0.7480152248 -0.08311280276 -0.08311280276 1 0 -0 0.8667173894 -0.4987995257 0 -0
0.9142408304 -0.08311280276 -0.08311280276 1 0 -0 0.8667173894 -0.4987995257 0 -0
-0.9142408304 0.08311280276 -0.08311280276 1 0 -0 0.8667173894 -0.4987995257 0 -0
-0.7480152248 0.08311280276 -0.08311280276 1 0 -0 0.8667173894 -0.4987995257 0 -0
-0.5817896193 0.08311280276 -0.08311280276 1 0 -0 0.8667173894 -0.4987995257 0 -0
-0.4155640138 0.08311280276 -0.08311280276 1 0 -0 0.8667173894 -0.4987995257 0 -0
-0.2493384083 0.08311280276 -0.08311280276 1 0 -0 0.8667173894 -0.4987995257 0 -0
-0.08311280276 0.08311280276 -0.08311280276 1 0 -0 0.8667173894 -0.4987995257 0 -0
0.08311280276 0.08311280276 -0.08311280276 1 0 -0 0.8667173894 -0.4987995257 0 -0
0.2493384083 0.08311280276 -0.08311280276 1 0 -0 0.8667173894 -0.4987995257 0 -0
0.4155640138 0.08311280276 -0.08311280276 1 0 -0 0.8667173894 -0.4987995257 0 -0
0.5817896193 0.08311280276 -0.08311280276 1 0 -0 0.8667173894 -0.4987995257 0 -0
0.7480152248 0.08311280276 -0.08311280276 1 0 -0 0.8667173894 -0.4987995257 0 -0
0.9142408304 0.08311280276 -0.08311280276 1 0 -0 0.8667173894 -0.4987995257 0 -0
-0.9142408304 0.2493384083 -0.08311280276 1 0 -0 0.8667173894 -0.4987995257 0 -0
-0.7480152248 0.2493384083 -0.08311280276 1 0 -0 0.8667173894 -0.4987995257 0 -0
-0.5817896193 0.2493384083 -0.08311280276 1 0 -0 0.8667173894 -0.4987995257 0 -0
-0.4155640138 0.2493384083 -0.08311280276 1 0 -0 0.8667173894 -0.4987995257 0 -0
-0.2493384083 0.2493384083 -0.08311280276 1 0 -0 0.8667173894 -0.4987995257 0 -0
-0.08311280276 0.2493384083 -0.08311280276 1 0 -0 0.8667173894 -0.4987995257 0 -0
0.08311280276 0.2493384083 -0.08311280276 1 0 -0 0.8667173894 -0.4987995257 0 -0
0.2493384083 0.2493384083 -0.08311280276 1 0 -0 0.8667173894 -0.4987995257 0 -0
0.4155640138 0.2493384083 -0.08311280276 1 0 -0 0.8667173894 -0.4987995257 0 -0
0.5817896193 0.2493384083 -0.08311280276 1 0 -0 0.8667173894 -0.4987995257 0 -0
0.7480152248 0.2493384083 -0.08311280276 1 0 -0 0.8667173894 -0.4987995257 0 -0
0.9142408304 0.2493384083 -0.08311280276 1 0 -0 0.8667173894 -0.4987995257 0 -0
-0.7480152248 0.4155640138 -0.08311280276 1 0 -0 0.8667173894 -0.4987995257 0 -0
-0.5817896193 0.4155640138 -0.08311280276 1 0 -0 0.8667173894 -0.4987995257 0 -0
-0.4155640138 0.4155640138 -0.08311280276 1 0 -0 0.8667173894 -0.4987995257 0 -0
-0.2493384083 0.4155640138 -0.08311280276 1 0 -0 0.8667173894 -0.4987995257 0 -0
-0.08311280276 0.4155640138 -0.08311280276 1 0 -0 0.8667173894 -0.4987995257 0 -0
0.08311280276 0.4155640138 -0.08311280276 1 0 -0 0.8667173894 -0.4987995257 0 -0
0.2493384083 0.4155640138 -0.08311280276 1 0 -0 0.8667173894 -0.4987995257 0 -0
0.4155640138 0.4155640138 -0.08311280276 1 0 -0 0.8667173894 -0.4987995257 0 -0
0.5817896193 0.4155640138 -0.08311280276 1 0 -0 0.8667173894 -0.4987995257 0 -0
0.7480152248 0.4155640138 -0.08311280276 1 0 -0 0.8667173894 -0.4987995257 0 -0
-0.7480152248 0.5817896193 -0.08311280276 1 0 -0 0.8667173894 -0.4987995257 0 -0
-0.5817896193 0.5817896193 -0.08311280276 1 0 -0 0.8667173894 -0.4987995257 0 -0
-0.4155640138 0.5817896193 -0.08311280276 1 0 -0 0.8667173894 -0.4987995257 0 -0
-0.2493384083 0.5817896193 -0.08311280276 1 0 -0 0.8667173894 -0.4987995257 0 -0
-0.08311280276 0.5817896193 -0.08311280276 1 0 -0 0.8667173894 -0.4987995257 0 -0
0.08311280276 0.5817896193 -0.08311280276 1 0 -0 0.8667173894 -0.4987995257 0 -0
0.2493384083 0.5817896193 -0.08311280276 1 0 -0 0.8667173894 -0.4987995257 0 -0
0.4155640138 0.5817896193 -0.08311280276 1 0 -0 0.8667173894 -0.4987995257 0 -0
0.5817896193 0.5817896193 -0.08311280276 1 0 -0 0.8667173894 -0.4987995257 0 -0
0.7480152248 0.5817896193 -0.08311280276 1 0 -0 0.8667173894 -0.4987995257 0 -0
-0.5817896193 0.7480152248 -0.08311280276 1 0 -0 0.8667173894 -0.4987995257 0 -0
-0.4155640138 0.7480152248 -0.08311280276 1 0 -0 0.8667173894 -0.4987995257 0 -0
-0.2493384083 0.7480152248 -0.08311280276 1 0 -0 0.8667173894 -0.4987995257 0 -0
-0.08311280276 0.7480152248 -0.08311280276 1 0 -0 0.8667173894 -0.4987995257 0 -0
0.08311280276 0.7480152248 -0.08311280276 1 0 -0 0.8667173894 -0.4987995257 0 -0
0.2493384083 0.7480152248 -0.08311280276 1 0 -0 0.8667173894 -0.4987995257 0 -0
0.4155640138 0.7480152248 -0.08311280276 1 0 -0 0.8667173894 -0.4987995257 0 -0
0.5817896193 0.7480152248 -0.08311280276 1 0 -0 0.8667173894 -0.4987995257 0 -0
-0.2493384083 0.9142408304 -0.08311280276 1 0 -0 0.8667173894 -0.4987995257 0 -0
-0.08311280276 0.9142408304 -0.08311280276 1 0 -0 0.8667173894 -0.4987995257 0 -0
0.08311280276 0.9142408304 -0.08311280276 1 0 -0 0.8667173894 -0.4987995257 0 -0
0.2493384083 0.9142408304 -0.08311280276 1 0 -0 0.8667173894 -0.4987995257 0 -0
-0.2493384083 -0.9142408304 0.08311280276 1 0 0 0.8667173894 0.4987995257 0 0
-0.08311280276 -0.9142408304 0.08311280276 1 0 0 0.8667173894 0.4987995257 0 0
0.08311280276 -0.9142408304 0.08311280276 1 0 0 0.8667173894 0.4987995257 0 0
0.2493384083 -0.9142408304 0.08311280276 1 0 0 0.8667173894 0.4987995257 0 0
-0.5817896193 -0.7480152248 0.08311280276 1 0 0 0.8667173894 0.4987995257 0 0
-0.4155640138 -0.7480152248 0.08311280276 1 0 0 0.8667173894 0.4987995257 0 0
-0.2493384083 -0.7480152248 0.08311280276 1 0 0 0.8667173894 0.4987995257 0 0
-0.08311280276 -0.7480152248 0.08311280276 1 0 0 0.8667173894 0.4987995257 0 0
0.08311280276 -0.7480152248 0.08311280276 1 0 0 0.8667173894 0.4987995257 0 0
0.2493384083 -0.7480152248 0.08311280276 1 0 0 0.8667173894 0.4987995257 0 0
0.4155640138 -0.7480152248 0.08311280276 1 0 0 0.8667173894 0.4987995257 0 0
0.5817896193 -0.7480152248 0.08311280276 1 0 0 0.8667173894 0.4987995257 0 0
-0.7480152248 -0.5817896193 0.08311280276 1 0 0 0.8667173894 0.4987995257 0 0
-0.5817896193 -0.5817896193 0.08311280276 1 0 0 0.8667173894 0.4987995257 0 0
-0.4155640138 -0.5817896193 0.08311280276 1 0 0 0.8667173894 0.4987995257 0 0
-0.2493384083 -0.5817896193 0.08311280276 1 0 0 0.8667173894 0.4987995257 0 0
-0.08311280276 -0.5817896193 0.08311280276 1 0 0 0.8667173894 0.4987995257 0 0
0.08311280276 -0.5817896193 0.08311280276 1 0 0 0.8667173894 0.4987995257 0 0
0.2493384083 -0.5817896193 0.08311280276 1 0 0 0.8667173894 0.4987995257 0 0
0.4155640138 -0.5817896193 0.08311280276 1 0 0 0.8667173894 0.4987995257 0 0
0.5817896193 -0.5817896193 0.08311280276 1 0 0 0.8667173894 0.4987995257 0 0
0.7480152248 -0.5817896193 0.08311280276 1 0 0 0.8667173894 0.4987995257 0 0
-0.7480152248 -0.4155640138 0.08311280276 1 0 0 0.8667173894 0.4987995257 0 0
-0.5817896193 -0.4155640138 0.08311280276 1 0 0 0.8667173894 0.4987995257 0 0
-0.4155640138 -0.4155640138 0.08311280276 1 0 0 0.8667173894 0.4987995257 0 0
-0.2493384083 -0.4155640138 0.08311280276 1 0 0 0.8667173894 0.4987995257 0 0
-0.08311280276 -0.4155640138 0.08311280276 1 0 0 0.8667173894 0.4987995257 0 0
0.08311280276 -0.4155640138 0.08311280276 1 0 0 0.8667173894 0.4987995257 0 0
0.2493384083 -0.4155640138 0.08311280276 1 0 0 0.8667173894 0.4987995257 0 0
0.4155640138 -0.4155640138 0.08311280276 1 0 0 0.8667173894 0.4987995257 0 0
0.5817896193 -0.4155640138 0.08311280276 1 0 0 0.8667173894 0.4987995257 0 0
0.7480152248 -0.4155640138 0.08311280276 1 0 0 0.8667173894 0.4987995257 0 0
-0.9142408304 -0.2493384083 0.08311280276 1 0 0 0.8667173894 0.4987995257 0 0
-0.7480152248 -0.2493384083 0.08311280276 1 0 0 0.8667173894 0.4987995257 0 0
-0.5817896193 -0.2493384083 0.08311280276 1 0 0 0.8667173894 0.4987995257 0 0
-0.4155640138 -0.2493384083 0.08311280276 1 0 0 0.8667173894 0.4987995257 0 0
-0.2493384083 -0.2493384083 0.08311280276 1 0 0 0.8667173894 0.4987995257 0 0
-0.08311280276 -0.2493384083 0.08311280276 1 0 0 0.8667173894 0.4987995257 0 0
0.08311280276 -0.2493384083 0.08311280276 1 0 0 0.8667173894 0.4987995257 0 0
0.2493384083 -0.2493384083 0.08311280276 1 0 0 0.8667173894 0.4987995257 0 0
0.4155640138 -0.2493384083 0.08311280276 1 0 0 0.8667173894 0.4987995257 0 0
0.5817896193 -0.2493384083 0.08311280276 1 0 0 0.8667173894 0.4987995257 0 0
0.7480152248 -0.2493384083 0.08311280276 1 0 0 0.8667173894 0.4987995257 0 0
0.9142408304 -0.2493384083 0.08311280276 1 0 0 0.8667173894 0.4987995257 0 0
-0.9142408304 -0.08311280276 0.08311280276 1 0 0 0.8667173894 0.4987995257 0 0
-0.7480152248 -0.08311280276 0.08311280276 1 0 0 0.8667173894 0.4987995257 0 0
-0.5817896193 -0.08311280276 0.08311280276 1 0 0 0.8667173894 0.4987995257 0 0
-0.4155640138 -0.08311280276 0.08311280276 1 0 0 0.8667173894 0.4987995257 0 0
-0.2493384083 -0.08311280276 0.08311280276 1 0 0 0.8667173894 0.4987995257 0 0
-0.08311280276 -0.08311280276 0.08311280276 1 0 0 0.8667173894 0.4987995257 0 0
0.08311280276 -0.08311280276 0.08311280276 1 0 0 0.8667173894 0.4987995257 0 0
0.2493384083 -0.08311280276 0.08311280276 1 0 0 0.8667173894 0.4987995257 0 0
0.4155640138 -0.08311280276 0.08311280276 1 0 0 0.8667173894 0.4987995257 0 0
0.5817896193 -0.08311280276 0.08311280276 1 0 0 0.8667173894 0.4987995257 0 0
0.7480152248 -0.08311280276 0.08311280276 1 0 0 0.8667173894 0.4987995257 0 0
0.9142408304 -0.08311280276 0.08311280276 1 0 0 0.8667173894 0.4987995257 0 0
-0.9142408304 0.08311280276 0.08311280276 1 0 0 0.8667173894 0.4987995257 0 0
-0.7480152248 0.08311280276 0.08311280276 1 0 0 0.8667173894 0.4987995257 0 0
-0.5817896193 0.08311280276 0.08311280276 1 0 0 0.8667173894 0.4987995257 0 0
-0.4155640138 0.08311280276 0.08311280276 1 0 0 0.8667173894 0.4987995257 0 0
-0.2493384083 0.08311280276 0.08311280276 1 0 0 0.8667173894 0.4987995257 0 0
-0.08311280276 0.08311280276 0.08311280276 1 0 0 0.8667173894 0.4987995257 0 0
0.08311280276 0.08311280276 0.08311280276 1 0 0 0.8667173894 0.4987995257 0 0
0.2493384083 0.08311280276 0.08311280276 1 0 0 0.8667173894 0.4987995257 0 0
0.4155640138 0.08311280276 0.08311280276 1 0 0 0.8667173894 0.4987995257 0 0
0.5817896193 0.08311280276 0.08311280276 1 0 0 0.8667173894 0.4987995257 0 0
0.7480152248 0.08311280276 0.08311280276 1 0 0 0.8667173894 0.4987995257 0 0
0.9142408304 0.08311280276 0.08311280276 1 0 0 0.8667173894 0.4987995257 0 0
-0.9142408304 0.2493384083 0.08311280276 1 0 0 0.8667173894 0.4987995257 0 0
-0.7480152248 0.2493384083 0.08311280276 1 0 0 0.8667173894 0.4987995257 0 0
-0.5817896193 0.2493384083 0.08311280276 1 0 0 0.8667173894 0.4987995257 0 0
-0.4155640138 0.2493384083 0.08311280276 1 0 0 0.8667173894 0.4987995257 0 0
-0.2493384083 0.2493384083 0.08311280276 1 0 0 0.8667173894 0.4987995257 0 0
-0.08311280276 0.2493384083 0.08311280276 1 0 0 0.8667173894 0.4987995257 0 0
0.08311280276 0.2493384083 0.08311280276 1 0 0 0.8667173894 0.4987995257 0 0
0.2493384083 0.2493384083 0.08311280276 1 0 0 0.8667173894 0.4987995257 0 0
0.4155640138 0.2493384083 0.08311280276 1 0 0 0.8667173894 0.4987995257 0 0
0.5817896193 0.2493384083 0.08311280276 1 0 0 0.8667173894 0.4987995257 0 0
0.7480152248 0.2493384083 0.08311280276 1 0 0 0.8667173894 0.4987995257 0 0
0.9142408304 0.2493384083 0.08311280276 1 0 0 0.8667173894 0.4987995257 0 0
-0.7480152248 0.4155640138 0.08311280276 1 0 0 0.8667173894 0.4987995257 0 0
-0.5817896193 0.4155640138 0.08311280276 1 0 0 0.8667173894 0.4987995257 0 0
-0.4155640138 0.4155640138 0.08311280276 1 0 0 0.8667173894 0.4987995257 0 0
-0.2493384083 0.4155640138 0.08311280276 1 0 0 0.8667173894 0.4987995257 0 0
-0.08311280276 0.4155640138 0.08311280276 1 0 0 0.8667173894 0.4987995257 0 0
0.08311280276 0.4155640138 0.08311280276 1 0 0 0.8667173894 0.4987995257 0 0
0.2493384083 0.4155640138 0.08311280276 1 0 0 0.8667173894 0.4987995257 0 0
0.4155640138 0.4155640138 0.08311280276 1 0 0 0.8667173894 0.4987995257 0 0
0.5817896193 0.4155640138 0.08311280276 1 0 0 0.8667173894 0.4987995257 0 0
0.7480152248 0.4155640138 0.08311280276 1 0 0 0.8667173894 0.4987995257 0 0
-0.7480152248 0.5817896193 0.08311280276 1 0 0 0.8667173894 0.4987995257 0 0
-0.5817896193 0.5817896193 0.08311280276 1 0 0 0.8667173894 0.4987995257 0 0
-0.4155640138 0.5817896193 0.08311280276 1 0 0 0.8667173894 0.4987995257 0 0
-0.2493384083 0.5817896193 0.08311280276 1 0 0 0.8667173894 0.4987995257 0 0
-0.08311280276 0.5817896193 0.08311280276 1 0 0 0.8667173894 0.4987995257 0 0
0.08311280276 0.5817896193 0.08311280276 1 0 0 0.8667173894 0.4987995257 0 0
0.2493384083 0.5817896193 0.08311280276 1 0 0 0.8667173894 0.4987995257 0 0
0.4155640138 0.5817896193 0.08311280276 1 0 0 0.8667173894 0.4987995257 0 0
0.5817896193 0.5817896193 0.08311280276 1 0 0 0.8667173894 0.4987995257 0 0
0.7480152248 0.5817896193 0.08311280276 1 0 0 0.8667173894 0.4987995257 0 0
-0.5817896193 0.7480152248 0.08311280276 1 0 0 0.8667173894 0.4987995257 0 0
-0.4155640138 0.7480152248 0.08311280276 1 0 0 0.8667173894 0.4987995257 0 0
-0.2493384083 0.7480152248 0.08311280276 1 0 0 0.8667173894 0.4987995257 0 0
-0.08311280276 0.7480152248 0.08311280276 1 0 0 0.8667173894 0.4987995257 0 0
0.08311280276 0.7480152248 0.08311280276 1 0 0 0.8667173894 0.4987995257 0 0
0.2493384083 0.7480152248 0.08311280276 1 0 0 0.8667173894 0.4987995257 0 0
0.4155640138 0.7480152248 0.08311280276 1 0 0 0.8667173894 0.4987995257 0 0
0.5817896193 0.7480152248 0.08311280276 1 0 0 0.8667173894 0.4987995257 0 0
-0.2493384083 0.9142408304 0.08311280276 1 0 0 0.8667173894 0.4987995257 0 0
-0.08311280276 0.9142408304 0.08311280276 1 0 0 0.8667173894 0.4987995257 0 0
0.08311280276 0.9142408304 0.08311280276 1 0 0 0.8667173894 0.4987995257 0 0
0.2493384083 0.9142408304 0.08311280276 1 0 0 0.8667173894 0.4987995257 0 0
-0.2493384083 -0.9142408304 0.2493384083 1 0 0 0.004156891399 0.9999913601 0 0
-0.08311280276 -0.9142408304 0.2493384083 1 0 0 0.004156891399 0.9999913601 0 0
0.08311280276 -0.9142408304 0.2493384083 1 0 0 0.004156891399 0.9999913601 0 0
0.2493384083 -0.9142408304 0.2493384083 1 0 0 0.004156891399 0.9999913601 0 0
-0.5817896193 -0.7480152248 0.2493384083 1 0 0 0.004156891399 0.9999913601 0 0
-0.4155640138 -0.7480152248 0.2493384083 1 0 0 0.004156891399 0.9999913601 0 0
-0.2493384083 -0.7480152248 0.2493384083 1 0 0 0.004156891399 0.9999913601 0 0
-0.08311280276 -0.7480152248 0.2493384083 1 0 0 0.004156891399 0.9999913601 0 0
0.08311280276 -0.7480152248 0.2493384083 1 0 0 0.004156891399 0.9999913601 0 0
0.2493384083 -0.7480152248 0.2493384083 1 0 0 0.004156891399 0.9999913601 0 0
0.4155640138 -0.7480152248 0.2493384083 1 0 0 0.004156891399 0.9999913601 0 0
0.5817896193 -0.7480152248 0.2493384083 1 0 0 0.004156891399 0.9999913601 0 0
-0.7480152248 -0.5817896193 0.2493384083 1 0 0 0.004156891399 0.9999913601 0 0
-0.5817896193 -0.5817896193 0.2493384083 1 0 0 0.004156891399 0.9999913601 0 0
-0.4155640138 -0.5817896193 0.2493384083 1 0 0 0.004156891399 0.9999913601 0 0
-0.2493384083 -0.5817896193 0.2493384083 1 0 0 0.004156891399 0.9999913601 0 0
-0.08311280276 -0.5817896193 0.2493384083 1 0 0 0.004156891399 0.9999913601 0 0
0.08311280276 -0.5817896193 0.2493384083 1 0 0 0.004156891399 0.9999913601 0 0
0.2493384083 -0.5817896193 0.2493384083 1 0 0 0.004156891399 0.9999913601 0 0
0.4155640138 -0.5817896193 0.2493384083 1 0 0 0.004156891399 0.9999913601 0 0
0.5817896193 -0.5817896193 0.2493384083 1 0 0 0.004156891399 0.9999913601 0 0
0.7480152248 -0.5817896193 0.2493384083 1 0 0 0.004156891399 0.9999913601 0 0
-0.7480152248 -0.4155640138 0.2493384083 1 0 0 0.004156891399 0.9999913601 0 0
-0.5817896193 -0.4155640138 0.2493384083 1 0 0 0.004156891399 0.9999913601 0 0
-0.4155640138 -0.4155640138 0.2493384083 1 0 0 0.004156891399 0.9999913601 0 0
-0.2493384083 -0.4155640138 0.2493384083 1 0 0 0.004156891399 0.9999913601 0 0
-0.08311280276 -0.4155640138 0.2493384083 1 0 0 0.004156891399 0.9999913601 0 0
0.08311280276 -0.4155640138 0.2493384083 1 0 0 0.004156891399 0.9999913601 0 0
0.2493384083 -0.4155640138 0.2493384083 1 0 0 0.004156891399 0.9999913601 0 0
0.4155640138 -0.4155640138 0.2493384083 1 0 0 0.004156891399 0.9999913601 0 0
0.5817896193 -0.4155640138 0.2493384083 1 0 0 0.004156891399 0.9999913601 0 0
0.7480152248 -0.4155640138 0.2493384083 1 0 0 0.004156891399 0.9999913601 0 0
-0.9142408304 -0.2493384083 0.2493384083 1 0 0 0.004156891399 0.9999913601 0 0
-0.7480152248 -0.2493384083 0.2493384083 1 0 0 0.004156891399 0.9999913601 0 0
-0.5817896193 -0.2493384083 0.2493384083 1 0 0 0.004156891399 0.9999913601 0 0
-0.4155640138 -0.2493384083 0.2493384083 1 0 0 0.004156891399 0.9999913601 0 0
-0.2493384083 -0.2493384083 0.2493384083 1 0 0 0.004156891399 0.9999913601 0 0
-0.08311280276 -0.2493384083 0.2493384083 1 0 0 0.004156891399 0.9999913601 0 0
0.08311280276 -0.2493384083 0.2493384083 1 0 0 0.004156891399 0.9999913601 0 0
0.2493384083 -0.2493384083 0.2493384083 1 0 0 0.004156891399 0.9999913601 0 0
0.4155640138 -0.2493384083 0.2493384083 1 0 0 0.004156891399 0.9999913601 0 0
0.5817896193 -0.2493384083 0.2493384083 1 0 0 0.004156891399 0.9999913601 0 0
0.7480152248 -0.2493384083 0.2493384083 1 0 0 0.004156891399 0.9999913601 0 0
0.9142408304 -0.2493384083 0.2493384083 1 0 0 0.004156891399 0.9999913601 0 0
-0.9142408304 -0.08311280276 0.2493384083 1 0 0 0.004156891399 0.9999913601 0 0
-0.7480152248 -0.08311280276 0.2493384083 1 0 0 0.004156891399 0.9999913601 0 0
-0.5817896193 -0.08311280276 0.2493384083 1 0 0 0.004156891399 0.9999913601 0 0
-0.4155640138 -0.08311280276 0.2493384083 1 0 0 0.004156891399 0.9999913601 0 0
-0.2493384083 -0.08311280276 0.2493384083 1 0 0 0.004156891399 0.9999913601 0 0
-0.08311280276 -0.08311280276 0.2493384083 1 0 0 0.004156891399 0.9999913601 0 0
0.08311280276 -0.08311280276 0.2493384083 1 0 0 0.004156891399 0.9999913601 0 0
0.2493384083 -0.08311280276 0.2493384083 1 0 0 0.004156891399 0.9999913601 0 0
0.4155640138 -0.08311280276 0.2493384083 1 0 0 0.004156891399 0.9999913601 0 0
0.5817896193 -0.08311280276 0.2493384083 1 0 0 0.004156891399 0.9999913601 0 0
0.7480152248 -0.08311280276 0.2493384083 1 0 0 0.004156891399 0.9999913601 0 0
0.9142408304 -0.08311280276 0.2493384083 1 0 0 0.004156891399 0.9999913601 0 0
-0.9142408304 0.08311280276 0.2493384083 1 0 0 0.004156891399 0.9999913601 0 0
-0.7480152248 0.08311280276 0.2493384083 1 0 0 0.004156891399 0.9999913601 0 0
-0.5817896193 0.08311280276 0.2493384083 1 0 0 0.004156891399 0.9999913601 0 0
-0.4155640138 0.08311280276 0.2493384083 1 0 0 0.004156891399 0.9999913601 0 0
-0.2493384083 0.08311280276 0.2493384083 1 0 0 0.004156891399 0.9999913601 0 0
-0.08311280276 0.08311280276 0.2493384083 1 0 0 0.004156891399 0.9999913601 0 0
0.08311280276 0.08311280276 0.2493384083 1 0 0 0.004156891399 0.9999913601 0 0
0.2493384083 0.08311280276 0.2493384083 1 0 0 0.004156891399 0.9999913601 0 0
0.4155640138 0.08311280276 0.2493384083 1 0 0 0.004156891399 0.9999913601 0 0
0.5817896193 0.08311280276 0.2493384083 1 0 0 0.004156891399 0.9999913601 0 0
0.7480152248 0.08311280276 0.2493384083 1 0 0 0.004156891399 0.9999913601 0 0
0.9142408304 0.08311280276 0.2493384083 1 0 0 0.004156891399 0.9999913601 0 0
-0.9142408304 0.2493384083 0.2493384083 1 0 0 0.004156891399 0.9999913601 0 0
-0.7480152248 0.2493384083 0.2493384083 1 0 0 0.004156891399 0.9999913601 0 0
-0.5817896193 0.2493384083 0.2493384083 1 0 0 0.004156891399 0.9999913601 0 0
-0.4155640138 0.2493384083 0.2493384083 1 0 0 0.004156891399 0.9999913601 0 0
-0.2493384083 0.2493384083 0.2493384083 1 0 0 0.004156891399 0.9999913601 0 0
-0.08311280276 0.2493384083 0.2493384083 1 0 0 0.004156891399 0.9999913601 0 0
0.08311280276 0.2493384083 0.2493384083 1 0 0 0.004156891399 0.9999913601 0 0
0.2493384083 0.2493384083 0.2493384083 1 0 0 0.004156891399 0.9999913601 0 0
0.4155640138 0.2493384083 0.2493384083 1 0 0 0.004156891399 0.9999913601 0 0
0.5817896193 0.2493384083 0.2493384083 1 0 0 0.004156891399 0.9999913601 0 0
0.7480152248 0.2493384083 0.2493384083 1 0 0 0.004156891399 0.9999913601 0 0
0.9142408304 0.2493384083 0.2493384083 1 0 0 0.004156891399 0.9999913601 0 0
-0.7480152248 0.4155640138 0.2493384083 1 0 0 0.004156891399 0.9999913601 0 0
-0.5817896193 0.4155640138 0.2493384083 1 0 0 0.004156891399 0.9999913601 0 0
-0.4155640138 0.4155640138 0.2493384083 1 0 0 0.004156891399 0.9999913601 0 0
-0.2493384083 0.4155640138 0.2493384083 1 0 0 0.004156891399 0.9999913601 0 0
-0.08311280276 0.4155640138 0.2493384083 1 0 0 0.004156891399 0.9999913601 0 0
0.08311280276 0.4155640138 0.2493384083 1 0 0 0.004156891399 0.9999913601 0 0
0.2493384083 0.4155640138 0.2493384083 1 0 0 0.004156891399 0.9999913601 0 0
0.4155640138 0.4155640138 0.2493384083 1 0 0 0.004156891399 0.9999913601 0 0
0.5817896193 0.4155640138 0.2493384083 1 0 0 0.004156891399 0.9999913601 0 0
0.7480152248 0.4155640138 0.2493384083 1 0 0 0.004156891399 0.9999913601 0 0
-0.7480152248 0.5817896193 0.2493384083 1 0 0 0.004156891399 0.9999913601 0 0
-0.5817896193 0.5817896193 0.2493384083 1 0 0 0.004156891399 0.9999913601 0 0
-0.4155640138 0.5817896193 0.2493384083 1 0 0 0.004156891399 0.9999913601 0 0
-0.2493384083 0.5817896193 0.2493384083 1 0 0 0.004156891399 0.9999913601 0 0
-0.08311280276 0.5817896193 0.2493384083 1 0 0 0.004156891399 0.9999913601 0 0
0.08311280276 0.5817896193 0.2493384083 1 0 0 0.004156891399 0.9999913601 0 0
0.2493384083 0.5817896193 0.2493384083 1 0 0 0.004156891399 0.9999913601 0 0
0.4155640138 0.5817896193 0.2493384083 1 0 0 0.004156891399 0.9999913601 0 0
0.5817896193 0.5817896193 0.2493384083 1 0 0 0.004156891399 0.9999913601 0 0
0.7480152248 0.5817896193 0.2493384083 1 0 0 0.004156891399 0.9999913601 0 0
-0.5817896193 0.7480152248 0.2493384083 1 0 0 0.004156891399 0.9999913601 0 0
-0.4155640138 0.7480152248 0.2493384083 1 0 0 0.004156891399 0.9999913601 0 0
-0.2493384083 0.7480152248 0.2493384083 1 0 0 0.004156891399 0.9999913601 0 0
-0.08311280276 0.7480152248 0.2493384083 1 0 0 0.004156891399 0.9999913601 0 0
0.08311280276 0.7480152248 0.2493384083 1 0 0 0.004156891399 0.9999913601 0 0
0.2493384083 0.7480152248 0.2493384083 1 0 0 0.004156891399 0.9999913601 0 0
0.4155640138 0.7480152248 0.2493384083 1 0 0 0.004156891399 0.9999913601 0 0
0.5817896193 0.7480152248 0.2493384083 1 0 0 0.004156891399 0.9999913601 0 0
-0.2493384083 0.9142408304 0.2493384083 1 0 0 0.004156891399 0.9999913601 0 0
-0.08311280276 0.9142408304 0.2493384083 1 0 0 0.004156891399 0.9999913601 0 0
0.08311280276 0.9142408304 0.2493384083 1 0 0 0.004156891399 0.9999913601 0 0
0.2493384083 0.9142408304 0.2493384083 1 0 0 0.004156891399 0.9999913601 0 0
-0.4155640138 -0.7480152248 0.4155640138 1 -0 0 -0.862540561 0.5059879254 -0 0
-0.2493384083 -0.7480152248 0.4155640138 1 -0 0 -0.862540561 0.5059879254 -0 0
-0.08311280276 -0.7480152248 0.4155640138 1 -0 0 -0.862540561 0.5059879254 -0 0
0.08311280276 -0.7480152248 0.4155640138 1 -0 0 -0.862540561 0.5059879254 -0 0
0.2493384083 -0.7480152248 0.4155640138 1 -0 0 -0.862540561 0.5059879254 -0 0
0.4155640138 -0.7480152248 0.4155640138 1 -0 0 -0.862540561 0.5059879254 -0 0
-0.5817896193 -0.5817896193 0.4155640138 1 -0 0 -0.862540561 0.5059879254 -0 0
-0.4155640138 -0.5817896193 0.4155640138 1 -0 0 -0.862540561 0.5059879254 -0 0
-0.2493384083 -0.5817896193 0.4155640138 1 -0 0 -0.862540561 0.5059879254 -0 0
-0.08311280276 -0.5817896193 0.4155640138 1 -0 0 -0.862540561 0.5059879254 -0 0
0.08311280276 -0.5817896193 0.4155640138 1 -0 0 -0.862540561 0.5059879254 -0 0
0.2493384083 -0.5817896193 0.4155640138 1 -0 0 -0.862540561 0.5059879254 -0 0
0.4155640138 -0.5817896193 0.4155640138 1 -0 0 -0.862540561 0.5059879254 -0 0
0.5817896193 -0.5817896193 0.4155640138 1 -0 0 -0.862540561 0.5059879254 -0 0
-0.7480152248 -0.4155640138 0.4155640138 1 -0 0 -0.862540561 0.5059879254 -0 0
-0.5817896193 -0.4155640138 0.4155640138 1 -0 0 -0.862540561 0.5059879254 -0 0
-0.4155640138 -0.4155640138 0.4155640138 1 -0 0 -0.862540561 0.5059879254 -0 0
-0.2493384083 -0.4155640138 0.4155640138 1 -0 0 -0.862540561 0.5059879254 -0 0
-0.08311280276 -0.4155640138 0.4155640138 1 -0 0 -0.862540561 0.5059879254 -0 0
0.08311280276 -0.4155640138 0.4155640138 1 -0 0 -0.862540561 0.5059879254 -0 0
0.2493384083 -0.4155640138 0.4155640138 1 -0 0 -0.862540561 0.5059879254 -0 0
0.4155640138 -0.4155640138 0.4155640138 1 -0 0 -0.862540561 0.5059879254 -0 0
0.5817896193 -0.4155640138 0.4155640138 1 -0 0 -0.862540561 0.5059879254 -0 0
0.7480152248 -0.4155640138 0.4155640138 1 -0 0 -0.862540561 0.5059879254 -0 0
-0.7480152248 -0.2493384083 0.4155640138 1 -0 0 -0.862540561 0.5059879254 -0 0
-0.5817896193 -0.2493384083 0.4155640138 1 -0 0 -0.862540561 0.5059879254 -0 0
-0.4155640138 -0.2493384083 0.4155640138 1 -0 0 -0.862540561 0.5059879254 -0 0
-0.2493384083 -0.2493384083 0.4155640138 1 -0 0 -0.862540561 0.5059879254 -0 0
-0.08311280276 -0.2493384083 0.4155640138 1 -0 0 -0.862540561 0.5059879254 -0 0
0.08311280276 -0.2493384083 0.4155640138 1 -0 0 -0.862540561 0.5059879254 -0 0
0.2493384083 -0.2493384083 0.4155640138 1 -0 0 -0.862540561 0.5059879254 -0 0
0.4155640138 -0.2493384083 0.4155640138 1 -0 0 -0.862540561 0.5059879254 -0 0
0.5817896193 -0.2493384083 0.4155640138 1 -0 0 -0.862540561 0.5059879254 -0 0
0.7480152248 -0.2493384083 0.4155640138 1 -0 0 -0.862540561 0.5059879254 -0 0
-0.7480152248 -0.08311280276 0.4155640138 1 -0 0 -0.862540561 0.5059879254 -0 0
-0.5817896193 -0.08311280276 0.4155640138 1 -0 0 -0.862540561 0.5059879254 -0 0
-0.4155640138 -0.08311280276 0.4155640138 1 -0 0 -0.862540561 0.5059879254 -0 0
-0.2493384083 -0.08311280276 0.4155640138 1 -0 0 -0.862540561 0.5059879254 -0 0
-0.08311280276 -0.08311280276 0.4155640138 1 -0 0 -0.862540561 0.5059879254 -0 0
0.08311280276 -0.08311280276 0.4155640138 1 -0 0 -0.862540561 0.5059879254 -0 0
0.2493384083 -0.08311280276 0.4155640138 1 -0 0 -0.862540561 0.5059879254 -0 0
0.4155640138 -0.08311280276 0.4155640138 1 -0 0 -0.862540561 0.5059879254 -0 0
0.5817896193 -0.08311280276 0.4155640138 1 -0 0 -0.862540561 0.5059879254 -0 0
0.7480152248 -0.08311280276 0.4155640138 1 -0 0 -0.862540561 0.5059879254 -0 0
-0.7480152248 0.08311280276 0.4155640138 1 -0 0 -0.862540561 0.5059879254 -0 0
-0.5817896193 0.08311280276 0.4155640138 1 -0 0 -0.862540561 0.5059879254 -0 0
-0.4155640138 0.08311280276 0.4155640138 1 -0 0 -0.862540561 0.5059879254 -0 0
-0.2493384083 0.08311280276 0.4155640138 1 -0 0 -0.862540561 0.5059879254 -0 0
-0.08311280276 0.08311280276 0.4155640138 1 -0 0 -0.862540561 0.5059879254 -0 0
0.08311280276 0.08311280276 0.4155640138 1 -0 0 -0.862540561 0.5059879254 -0 0
0.2493384083 0.08311280276 0.4155640138 1 -0 0 -0.862540561 0.5059879254 -0 0
0.4155640138 0.08311280276 0.4155640138 1 -0 0 -0.862540561 0.5059879254 -0 0
0.5817896193 0.08311280276 0.4155640138 1 -0 0 -0.862540561 0.5059879254 -0 0
0.7480152248 0.08311280276 0.4155640138 1 -0 0 -0.862540561 0.5059879254 -0 0
-0.7480152248 0.2493384083 0.4155640138 1 -0 0 -0.862540561 0.5059879254 -0 0
-0.5817896193 0.2493384083 0.4155640138 1 -0 0 -0.862540561 0.5059879254 -0 0
-0.4155640138 0.2493384083 0.4155640138 1 -0 0 -0.862540561 0.5059879254 -0 0
-0.2493384083 0.2493384083 0.4155640138 1 -0 0 -0.862540561 0.5059879254 -0 0
-0.08311280276 0.2493384083 0.4155640138 1 -0 0 -0.862540561 0.5059879254 -0 0
0.08311280276 0.2493384083 0.4155640138 1 -0 0 -0.862540561 0.5059879254 -0 0
0.2493384083 0.2493384083 0.4155640138 1 -0 0 -0.862540561 0.5059879254 -0 0
0.4155640138 0.2493384083 0.4155640138 1 -0 0 -0.862540561 0.5059879254 -0 0
0.5817896193 0.2493384083 0.4155640138 1 -0 0 -0.862540561 0.5059879254 -0 0
0.7480152248 0.2493384083 0.4155640138 1 -0 0 -0.862540561 0.5059879254 -0 0
-0.7480152248 0.4155640138 0.4155640138 1 -0 0 -0.862540561 0.5059879254 -0 0
-0.5817896193 0.4155640138 0.4155640138 1 -0 0 -0.862540561 0.5059879254 -0 0
-0.4155640138 0.4155640138 0.4155640138 1 -0 0 -0.862540561 0.5059879254 -0 0
-0.2493384083 0.4155640138 0.4155640138 1 -0 0 -0.862540561 0.5059879254 -0 0
-0.08311280276 0.4155640138 0.4155640138 1 -0 0 -0.862540561 0.5059879254 -0 0
0.08311280276 0.4155640138 0.4155640138 1 -0 0 -0.862540561 0.5059879254 -0 0
0.2493384083 0.4155640138 0.4155640138 1 -0 0 -0.862540561 0.5059879254 -0 0
0.4155640138 0.4155640138 0.4155640138 1 -0 0 -0.862540561 0.5059879254 -0 0
0.5817896193 0.4155640138 0.4155640138 1 -0 0 -0.862540561 0.5059879254 -0 0
0.7480152248 0.4155640138 0.4155640138 1 -0 0 -0.862540561 0.5059879254 -0 0
-0.5817896193 0.5817896193 0.4155640138 1 -0 0 -0.862540561 0.5059879254 -0 0
-0.4155640138 0.5817896193 0.4155640138 1 -0 0 -0.862540561 0.5059879254 -0 0
-0.2493384083 0.5817896193 0.4155640138 1 -0 0 -0.862540561 0.5059879254 -0 0
-0.08311280276 0.5817896193 0.4155640138 1 -0 0 -0.862540561 0.5059879254 -0 0
0.08311280276 0.5817896193 0.4155640138 1 -0 0 -0.862540561 0.5059879254 -0 0
0.2493384083 0.5817896193 0.4155640138 1 -0 0 -0.862540561 0.5059879254 -0 0
0.4155640138 0.5817896193 0.4155640138 1 -0 0 -0.862540561 0.5059879254 -0 0
0.5817896193 0.5817896193 0.4155640138 1 -0 0 -0.862540561 0.5059879254 -0 0
-0.4155640138 0.7480152248 0.4155640138 1 -0 0 -0.862540561 0.5059879254 -0 0
-0.2493384083 0.7480152248 0.4155640138 1 -0 0 -0.862540561 0.5059879254 -0 0
-0.08311280276 0.7480152248 0.4155640138 1 -0 0 -0.862540561 0.5059879254 -0 0
0.08311280276 0.7480152248 0.4155640138 1 -0 0 -0.862540561 0.5059879254 -0 0
0.2493384083 0.7480152248 0.4155640138 1 -0 0 -0.862540561 0.5059879254 -0 0
0.4155640138 0.7480152248 0.4155640138 1 -0 0 -0.862540561 0.5059879254 -0 0
-0.2493384083 -0.7480152248 0.5817896193 1 -0 -0 -0.8708343112 -0.4915766496 -0 -0
-0.08311280276 -0.7480152248 0.5817896193 1 -0 -0 -0.8708343112 -0.4915766496 -0 -0
0.08311280276 -0.7480152248 0.5817896193 1 -0 -0 -0.8708343112 -0.4915766496 -0 -0
0.2493384083 -0.7480152248 0.5817896193 1 -0 -0 -0.8708343112 -0.4915766496 -0 -0
-0.4155640138 -0.5817896193 0.5817896193 1 -0 -0 -0.8708343112 -0.4915766496 -0 -0
-0.2493384083 -0.5817896193 0.5817896193 1 -0 -0 -0.8708343112 -0.4915766496 -0 -0
-0.08311280276 -0.5817896193 0.5817896193 1 -0 -0 -0.8708343112 -0.4915766496 -0 -0
0.08311280276 -0.5817896193 0.5817896193 1 -0 -0 -0.8708343112 -0.4915766496 -0 -0
0.2493384083 -0.5817896193 0.5817896193 1 -0 -0 -0.8708343112 -0.4915766496 -0 -0
0.4155640138 -0.5817896193 0.5817896193 1 -0 -0 -0.8708343112 -0.4915766496 -0 -0
-0.5817896193 -0.4155640138 0.5817896193 1 -0 -0 -0.8708343112 -0.4915766496 -0 -0
-0.4155640138 -0.4155640138 0.5817896193 1 -0 -0 -0.8708343112 -0.4915766496 -0 -0
-0.2493384083 -0.4155640138 0.5817896193 1 -0 -0 -0.8708343112 -0.4915766496 -0 -0
-0.08311280276 -0.4155640138 0.5817896193 1 -0 -0 -0.8708343112 -0.4915766496 -0 -0
0.08311280276 -0.4155640138 0.5817896193 1 -0 -0 -0.8708343112 -0.4915766496 -0 -0
0.2493384083 -0.4155640138 0.5817896193 1 -0 -0 -0.8708343112 -0.4915766496 -0 -0
0.4155640138 -0.4155640138 0.5817896193 1 -0 -0 -0.8708343112 -0.4915766496 -0 -0
0.5817896193 -0.4155640138 0.5817896193 1 -0 -0 -0.8708343112 -0.4915766496 -0 -0
-0.7480152248 -0.2493384083 0.5817896193 1 -0 -0 -0.8708343112 -0.4915766496 -0 -0
-0.5817896193 -0.2493384083 0.5817896193 1 -0 -0 -0.8708343112 -0.4915766496 -0 -0
-0.4155640138 -0.2493384083 0.5817896193 1 -0 -0 -0.8708343112 -0.4915766496 -0 -0
-0.2493384083 -0.2493384083 0.5817896193 1 -0 -0 -0.8708343112 -0.4915766496 -0 -0
-0.08311280276 -0.2493384083 0.5817896193 1 -0 -0 -0.8708343112 -0.4915766496 -0 -0
0.08311280276 -0.2493384083 0.5817896193 1 -0 -0 -0.8708343112 -0.4915766496 -0 -0
0.2493384083 -0.2493384083 0.5817896193 1 -0 -0 -0.8708343112 -0.4915766496 -0 -0
0.4155640138 -0.2493384083 0.5817896193 1 -0 -0 -0.8708343112 -0.4915766496 -0 -0
0.5817896193 -0.2493384083 0.5817896193 1 -0 -0 -0.8708343112 -0.4915766496 -0 -0
0.7480152248 -0.2493384083 0.5817896193 1 -0 -0 -0.8708343112 -0.4915766496 -0 -0
-0.7480152248 -0.08311280276 0.5817896193 1 -0 -0 -0.8708343112 -0.4915766496 -0 -0
-0.5817896193 -0.08311280276 0.5817896193 1 -0 -0 -0.8708343112 -0.4915766496 -0 -0
-0.4155640138 -0.08311280276 0.5817896193 1 -0 -0 -0.8708343112 -0.4915766496 -0 -0
-0.2493384083 -0.08311280276 0.5817896193 1 -0 -0 -0.8708343112 -0.4915766496 -0 -0
-0.08311280276 -0.08311280276 0.5817896193 1 -0 -0 -0.8708343112 -0.4915766496 -0 -0
0.08311280276 -0.08311280276 0.5817896193 1 -0 -0 -0.8708343112 -0.4915766496 -0 -0
0.2493384083 -0.08311280276 0.5817896193 1 -0 -0 -0.8708343112 -0.4915766496 -0 -0
0.4155640138 -0.08311280276 0.5817896193 1 -0 -0 -0.8708343112 -0.4915766496 -0 -0
0.5817896193 -0.08311280276 0.5817896193 1 -0 -0 -0.8708343112 -0.4915766496 -0 -0
0.7480152248 -0.08311280276 0.5817896193 1 -0 -0 -0.8708343112 -0.4915766496 -0 -0
-0.7480152248 0.08311280276 0.5817896193 1 -0 -0 -0.8708343112 -0.4915766496 -0 -0
-0.5817896193 0.08311280276 0.5817896193 1 -0 -0 -0.8708343112 -0.4915766496 -0 -0
-0.4155640138 0.08311280276 0.5817896193 1 -0 -0 -0.8708343112 -0.4915766496 -0 -0
-0.2493384083 0.08311280276 0.5817896193 1 -0 -0 -0.8708343112 -0.4915766496 -0 -0
-0.08311280276 0.08311280276 0.5817896193 1 -0 -0 -0.8708343112 -0.4915766496 -0 -0
0.08311280276 0.08311280276 0.5817896193 1 -0 -0 -0.8708343112 -0.4915766496 -0 -0
0.2493384083 0.08311280276 0.5817896193 1 -0 -0 -0.8708343112 -0.4915766496 -0 -0
0.4155640138 0.08311280276 0.5817896193 1 -0 -0 -0.8708343112 -0.4915766496 -0 -0
0.5817896193 0.08311280276 0.5817896193 1 -0 -0 -0.8708343112 -0.4915766496 -0 -0
0.7480152248 0.08311280276 0.5817896193 1 -0 -0 -0.8708343112 -0.4915766496 -0 -0
-0.7480152248 0.2493384083 0.5817896193 1 -0 -0 -0.8708343112 -0.4915766496 -0 -0
-0.5817896193 0.2493384083 0.5817896193 1 -0 -0 -0.8708343112 -0.4915766496 -0 -0
-0.4155640138 0.2493384083 0.5817896193 1 -0 -0 -0.8708343112 -0.4915766496 -0 -0
-0.2493384083 0.2493384083 0.5817896193 1 -0 -0 -0.8708343112 -0.4915766496 -0 -0
-0.08311280276 0.2493384083 0.5817896193 1 -0 -0 -0.8708343112 -0.4915766496 -0 -0
0.08311280276 0.2493384083 0.5817896193 1 -0 -0 -0.8708343112 -0.4915766496 -0 -0
0.2493384083 0.2493384083 0.5817896193 1 -0 -0 -0.8708343112 -0.4915766496 -0 -0
0.4155640138 0.2493384083 0.5817896193 1 -0 -0 -0.8708343112 -0.4915766496 -0 -0
0.5817896193 0.2493384083 0.5817896193 1 -0 -0 -0.8708343112 -0.4915766496 -0 -0
0.7480152248 0.2493384083 0.5817896193 1 -0 -0 -0.8708343112 -0.4915766496 -0 -0
-0.5817896193 0.4155640138 0.5817896193 1 -0 -0 -0.8708343112 -0.4915766496 -0 -0
-0.4155640138 0.4155640138 0.5817896193 1 -0 -0 -0.8708343112 -0.4915766496 -0 -0
-0.2493384083 0.4155640138 0.5817896193 1 -0 -0 -0.8708343112 -0.4915766496 -0 -0
-0.08311280276 0.4155640138 0.5817896193 1 -0 -0 -0.8708343112 -0.4915766496 -0 -0
0.08311280276 0.4155640138 0.5817896193 1 -0 -0 -0.8708343112 -0.4915766496 -0 -0
0.2493384083 0.4155640138 0.5817896193 1 -0 -0 -0.8708343112 -0.4915766496 -0 -0
0.4155640138 0.4155640138 0.5817896193 1 -0 -0 -0.8708343112 -0.4915766496 -0 -0
0.5817896193 0.4155640138 0.5817896193 1 -0 -0 -0.8708343112 -0.4915766496 -0 -0
-0.4155640138 0.5817896193 0.5817896193 1 -0 -0 -0.8708343112 -0.4915766496 -0 -0
-0.2493384083 0.5817896193 0.5817896193 1 -0 -0 -0.8708343112 -0.4915766496 -0 -0
-0.08311280276 0.5817896193 0.5817896193 1 -0 -0 -0.8708343112 -0.4915766496 -0 -0
0.08311280276 0.5817896193 0.5817896193 1 -0 -0 -0.8708343112 -0.4915766496 -0 -0
0.2493384083 0.5817896193 0.5817896193 1 -0 -0 -0.8708343112 -0.4915766496 -0 -0
0.4155640138 0.5817896193 0.5817896193 1 -0 -0 -0.8708343112 -0.4915766496 -0 -0
-0.2493384083 0.7480152248 0.5817896193 1 -0 -0 -0.8708343112 -0.4915766496 -0 -0
-0.08311280276 0.7480152248 0.5817896193 1 -0 -0 -0.8708343112 -0.4915766496 -0 -0
0.08311280276 0.7480152248 0.5817896193 1 -0 -0 -0.8708343112 -0.4915766496 -0 -0
0.2493384083 0.7480152248 0.5817896193 1 -0 -0 -0.8708343112 -0.4915766496 -0 -0
-0.2493384083 -0.5817896193 0.7480152248 1 -0 -0 -0.01247038688 -0.9999222417 -0 -0
-0.08311280276 -0.5817896193 0.7480152248 1 -0 -0 -0.01247038688 -0.9999222417 -0 -0
0.08311280276 -0.5817896193 0.7480152248 1 -0 -0 -0.01247038688 -0.9999222417 -0 -0
0.2493384083 -0.5817896193 0.7480152248 1 -0 -0 -0.01247038688 -0.9999222417 -0 -0
-0.4155640138 -0.4155640138 0.7480152248 1 -0 -0 -0.01247038688 -0.9999222417 -0 -0
-0.2493384083 -0.4155640138 0.7480152248 1 -0 -0 -0.01247038688 -0.9999222417 -0 -0
-0.08311280276 -0.4155640138 0.7480152248 1 -0 -0 -0.01247038688 -0.9999222417 -0 -0
0.08311280276 -0.4155640138 0.7480152248 1 -0 -0 -0.01247038688 -0.9999222417 -0 -0
0.2493384083 -0.4155640138 0.7480152248 1 -0 -0 -0.01247038688 -0.9999222417 -0 -0
0.4155640138 -0.4155640138 0.7480152248 1 -0 -0 -0.01247038688 -0.9999222417 -0 -0
-0.5817896193 -0.2493384083 0.7480152248 1 -0 -0 -0.01247038688 -0.9999222417 -0 -0
-0.4155640138 -0.2493384083 0.7480152248 1 -0 -0 -0.01247038688 -0.9999222417 -0 -0
-0.2493384083 -0.2493384083 0.7480152248 1 -0 -0 -0.01247038688 -0.9999222417 -0 -0
-0.08311280276 -0.2493384083 0.7480152248 1 -0 -0 -0.01247038688 -0.9999222417 -0 -0
0.08311280276 -0.2493384083 0.7480152248 1 -0 -0 -0.01247038688 -0.9999222417 -0 -0
0.2493384083 -0.2493384083 0.7480152248 1 -0 -0 -0.01247038688 -0.9999222417 -0 -0
0.4155640138 -0.2493384083 0.7480152248 1 -0 -0 -0.01247038688 -0.9999222417 -0 -0
0.5817896193 -0.2493384083 0.7480152248 1 -0 -0 -0.01247038688 -0.9999222417 -0 -0
-0.5817896193 -0.08311280276 0.7480152248 1 -0 -0 -0.01247038688 -0.9999222417 -0 -0
-0.4155640138 -0.08311280276 0.7480152248 1 -0 -0 -0.01247038688 -0.9999222417 -0 -0
-0.2493384083 -0.08311280276 0.7480152248 1 -0 -0 -0.01247038688 -0.9999222417 -0 -0
-0.08311280276 -0.08311280276 0.7480152248 1 -0 -0 -0.01247038688 -0.9999222417 -0 -0
0.08311280276 -0.08311280276 0.7480152248 1 -0 -0 -0.01247038688 -0.9999222417 -0 -0
0.2493384083 -0.08311280276 0.7480152248 1 -0 -0 -0.01247038688 -0.9999222417 -0 -0
0.4155640138 -0.08311280276 0.7480152248 1 -0 -0 -0.01247038688 -0.9999222417 -0 -0
0.5817896193 -0.08311280276 0.7480152248 1 -0 -0 -0.01247038688 -0.9999222417 -0 -0
-0.5817896193 0.08311280276 0.7480152248 1 -0 -0 -0.01247038688 -0.9999222417 -0 -0
-0.4155640138 0.08311280276 0.7480152248 1 -0 -0 -0.01247038688 -0.9999222417 -0 -0
-0.2493384083 0.08311280276 0.7480152248 1 -0 -0 -0.01247038688 -0.9999222417 -0 -0
-0.08311280276 0.08311280276 0.7480152248 1 -0 -0 -0.01247038688 -0.9999222417 -0 -0
0.08311280276 0.08311280276 0.7480152248 1 -0 -0 -0.01247038688 -0.9999222417 -0 -0
0.2493384083 0.08311280276 0.7480152248 1 -0 -0 -0.01247038688 -0.9999222417 -0 -0
0.4155640138 0.08311280276 0.7480152248 1 -0 -0 -0.01247038688 -0.9999222417 -0 -0
0.5817896193 0.08311280276 0.7480152248 1 -0 -0 -0.01247038688 -0.9999222417 -0 -0
-0.5817896193 0.2493384083 0.7480152248 1 -0 -0 -0.01247038688 -0.9999222417 -0 -0
-0.4155640138 0.2493384083 0.7480152248 1 -0 -0 -0.01247038688 -0.9999222417 -0 -0
-0.2493384083 0.2493384083 0.7480152248 1 -0 -0 -0.01247038688 -0.9999222417 -0 -0
-0.08311280276 0.2493384083 0.7480152248 1 -0 -0 -0.01247038688 -0.9999222417 -0 -0
0.08311280276 0.2493384083 0.7480152248 1 -0 -0 -0.01247038688 -0.9999222417 -0 -0
0.2493384083 0.2493384083 0.7480152248 1 -0 -0 -0.01247038688 -0.9999222417 -0 -0
0.4155640138 0.2493384083 0.7480152248 1 -0 -0 -0.01247038688 -0.9999222417 -0 -0
0.5817896193 0.2493384083 0.7480152248 1 -0 -0 -0.01247038688 -0.9999222417 -0 -0
-0.4155640138 0.4155640138 0.7480152248 1 -0 -0 -0.01247038688 -0.9999222417 -0 -0
-0.2493384083 0.4155640138 0.7480152248 1 -0 -0 -0.01247038688 -0.9999222417 -0 -0
-0.08311280276 0.4155640138 0.7480152248 1 -0 -0 -0.01247038688 -0.9999222417 -0 -0
0.08311280276 0.4155640138 0.7480152248 1 -0 -0 -0.01247038688 -0.9999222417 -0 -0
0.2493384083 0.4155640138 0.7480152248 1 -0 -0 -0.01247038688 -0.9999222417 -0 -0
0.4155640138 0.4155640138 0.7480152248 1 -0 -0 -0.01247038688 -0.9999222417 -0 -0
-0.2493384083 0.5817896193 0.7480152248 1 -0 -0 -0.01247038688 -0.9999222417 -0 -0
-0.08311280276 0.5817896193 0.7480152248 1 -0 -0 -0.01247038688 -0.9999222417 -0 -0
0.08311280276 0.5817896193 0.7480152248 1 -0 -0 -0.01247038688 -0.9999222417 -0 -0
0.2493384083 0.5817896193 0.7480152248 1 -0 -0 -0.01247038688 -0.9999222417 -0 -0
-0.2493384083 -0.2493384083 0.9142408304 1 0 -0 0.8583041147 -0.5131413516 0 -0
-0.08311280276 -0.2493384083 0.9142408304 1 0 -0 0.8583041147 -0.5131413516 0 -0
0.08311280276 -0.2493384083 0.9142408304 1 0 -0 0.8583041147 -0.5131413516 0 -0
0.2493384083 -0.2493384083 0.9142408304 1 0 -0 0.8583041147 -0.5131413516 0 -0
-0.2493384083 -0.08311280276 0.9142408304 1 0 -0 0.8583041147 -0.5131413516 0 -0
-0.08311280276 -0.08311280276 0.9142408304 1 0 -0 0.8583041147 -0.5131413516 0 -0
0.08311280276 -0.08311280276 0.9142408304 1 0 -0 0.8583041147 -0.5131413516 0 -0
0.2493384083 -0.08311280276 0.9142408304 1 0 -0 0.8583041147 -0.5131413516 0 -0
-0.2493384083 0.08311280276 0.9142408304 1 0 -0 0.8583041147 -0.5131413516 0 -0
-0.08311280276 0.08311280276 0.9142408304 1 0 -0 0.8583041147 -0.5131413516 0 -0
0.08311280276 0.08311280276 0.9142408304 1 0 -0 0.8583041147 -0.5131413516 0 -0
0.2493384083 0.08311280276 0.9142408304 1 0 -0 0.8583041147 -0.5131413516 0 -0
-0.2493384083 0.2493384083 0.9142408304 1 0 -0 0.8583041147 -0.5131413516 0 -0
-0.08311280276 0.2493384083 0.9142408304 1 0 -0 0.8583041147 -0.5131413516 0 -0
0.08311280276 0.2493384083 0.9142408304 1 0 -0 0.8583041147 -0.5131413516 0 -0
0.2493384083 0.2493384083 0.9142408304 1 0 -0 0.8583041147 -0.5131413516 0 -0
