theta s11 s12 s13 s14 s21 s22 s23 s24 s31 s32 s33 s34 s41 s42 s43 s44
0.00 6.3792618420E+02 0.0000000000E+00 -7.7548182427E-26 1.0842739618E-09 1.7044668087E-37 6.3792618420E+02 3.1584323405E-09 0.0000000000E+00 -7.7548182427E-26 -3.1584323405E-09 6.3792618420E+02 0.0000000000E+00 1.0842739618E-09 0.0000000000E+00 0.0000000000E+00 6.3792618420E+02
1.00 6.3498825435E+02 -2.1895646848E-03 7.1713393269E-07 2.8920076651E-06 -2.1895646848E-03 6.3498825435E+02 2.0068512800E-06 2.1491160287E-06 7.1799155560E-07 -2.0074858669E-06 6.3498822688E+02 1.8679226613E-01 2.8918039918E-06 -2.1485355588E-06 -1.8679226613E-01 6.3498822688E+02
2.00 6.2624096417E+02 -6.2819139239E-03 1.4149153740E-06 5.7480933986E-06 -6.2819139239E-03 6.2624096417E+02 3.9632759543E-06 4.2721047972E-06 1.4217482139E-06 -3.9683369081E-06 6.2624052670E+02 7.4019230347E-01 5.7464598162E-06 -4.2674750194E-06 -7.4019230347E-01 6.2624052670E+02
3.00 6.1188178743E+02 -5.0216366778E-03 2.0743120815E-06 8.5348884319E-06 -5.0216366777E-03 6.1188178743E+02 5.8262302960E-06 6.3431829764E-06 2.0972214693E-06 -5.8432228884E-06 6.1187959090E+02 1.6395118731E+00 8.5293516902E-06 -6.3276190626E-06 -1.6395118731E+00 6.1187959090E+02
4.00 5.9223316555E+02 1.3078796564E-02 2.6769368014E-06 1.1218709302E-05 1.3078796564E-02 5.9223316555E+02 7.5515704502E-06 8.3372351257E-06 2.7307447128E-06 -7.5915578790E-06 5.9222630306E+02 2.8509954026E+00 1.1205509292E-05 -8.3005379890E-06 -2.8509954026E+00 5.9222630306E+02
5.00 5.6773274197E+02 6.2869189607E-02 3.2053615388E-06 1.3767022540E-05 6.2869189608E-02 5.6773274197E+02 9.0981821057E-06 1.0230134540E-05 3.3092239900E-06 -9.1755545365E-06 5.6771623466E+02 4.3288870660E+00 1.3741056820E-05 -1.0158943007E-05 -4.3288870660E+00 5.6771623466E+02
6.00 5.3892019232E+02 1.6141651981E-01 3.6434217262E-06 1.6148819439E-05 1.6141651981E-01 5.3892019232E+02 1.0428883757E-05 1.1999048871E-05 3.8203280471E-06 -1.0561054863E-05 5.3888657873E+02 6.0168847671E+00 1.6103577083E-05 -1.1877041740E-05 -6.0168847671E+00 5.3888657873E+02
7.00 5.0642112703E+02 3.2665243882E-01 3.9765063348E-06 1.8334982640E-05 3.2665243882E-01 5.0642112703E+02 1.1511241595E-05 1.3622726068E-05 4.2526764409E-06 -1.1718276514E-05 5.0636017776E+02 7.8499417208E+00 1.8262473670E-05 -1.3430873186E-05 -7.8499417208E+00 5.0636017776E+02
8.00 4.7092864413E+02 5.7589402707E-01 4.1918298040E-06 2.0298641600E-05 5.7589402707E-01 4.7092864413E+02 1.2318277685E-05 1.5081756496E-05 4.5960239910E-06 -1.2622457363E-05 4.7082721834E+02 9.7563660566E+00 2.0189329355E-05 -1.4798617594E-05 -9.7563660566E+00 4.7082721834E+02
9.00 4.3318318695E+02 9.2432680141E-01 4.2786813269E-06 2.2015513674E-05 9.2432680141E-01 4.3318318695E+02 1.2829055122E-05 1.6358808006E-05 4.8414391303E-06 -1.3254383139E-05 4.3302524148E+02 1.1660159397E+01 2.1858258208E-05 -1.5960877508E-05 -1.1660159397E+01 4.3302524148E+02
10.00 3.9395141197E+02 1.3835424088E+00 4.2286465382E-06 2.3464226421E-05 1.3835424088E+00 3.9395141197E+02 1.3029126670E-05 1.7438830558E-05 4.9814727696E-06 -1.3600785719E-05 3.9371816735E+02 1.3483526968E+01 2.3246247454E-05 -1.6900925992E-05 -1.3483526968E+01 3.9371816735E+02
11.00 3.5400479354E+02 1.9602217562E+00 4.0357970392E-06 2.4626617158E-05 1.9602217562E+00 3.5400479354E+02 1.2910836730E-05 1.8309228660E-05 5.0103142204E-06 -1.3654603078E-05 3.5367505494E+02 1.5149484771E+01 2.4333485143E-05 -1.7604919522E-05 -1.5149484771E+01 3.5367505494E+02
12.00 3.1409868526E+02 2.6550476014E+00 3.6968425899E-06 2.5488004231E-05 2.6550476014E+00 3.1409868526E+02 1.2473469412E-05 1.8959999370E-05 4.9239295925E-06 -1.3415094719E-05 3.1364931004E+02 1.6584484012E+01 2.5103667804E-05 -1.8062072528E-05 -1.6584484012E+01 3.1364931004E+02
13.00 2.7495252258E+02 3.4619192096E+00 3.2112415070E-06 2.6037425039E-05 3.4619192096E+00 2.7495252258E+02 1.1723239338E-05 1.9383835207E-05 4.7201783145E-06 -1.2887810250E-05 2.7435902031E+02 1.7720969641E+01 2.5544282378E-05 -1.8264791971E-05 -1.7720969641E+01 2.7435902031E+02
14.00 2.3723179054E+02 4.3675261568E+00 2.5812649548E-06 2.6267834813E-05 4.3675261568E+00 2.3723179054E+02 1.0673125470E-05 1.9576190971E-05 4.3989030460E-06 -1.2084412293E-05 2.3646903596E+02 1.8499788841E+01 2.5646855446E-05 -1.8208770070E-05 -1.8499788841E+01 2.3646903596E+02
15.00 2.0153229708E+02 5.3513195600E+00 1.8120116174E-06 2.6176260770E-05 5.3513195600E+00 2.0153229708E+02 9.3425520011E-06 1.9535314973E-05 3.9619886128E-06 -1.1022358541E-05 2.0057533226E+02 1.8872366879E+01 2.5407162927E-05 -1.7893034650E-05 -1.8872366879E+01 2.0057533226E+02
16.00 1.6836719114E+02 6.3858979160E+00 9.1137016247E-07 2.5763905644E-05 6.3858979161E+00 1.6836719114E+02 7.7569241898E-06 1.9262244564E-05 3.4133860386E-06 -9.7244513928E-06 1.6719208906E+02 1.8802572047E+01 2.4825392667E-05 -1.7319956101E-05 -1.8802572047E+01 1.6719208906E+02
17.00 1.3815704928E+02 7.4378024495E+00 -1.1007213686E-07 2.5036195769E-05 7.4378024495E+00 1.3815704928E+02 5.9470305082E-06 1.8760767329E-05 2.7590983725E-06 -8.2182669003E-06 1.3674180881E+02 1.8268198684E+01 2.3906253125E-05 -1.6495211415E-05 -1.8268198684E+01 1.3674180881E+02
18.00 1.1122323184E+02 8.4686945883E+00 -1.2391748941E-06 2.4002768751E-05 8.4686945883E+00 1.1122323184E+02 3.9483258388E-06 1.8037348961E-05 2.0071259981E-06 -6.5354778388E-06 1.0954867236E+02 1.7262007345E+01 2.2659021209E-05 -1.5427705554E-05 -1.7262007345E+01 1.0954867236E+02
19.00 8.7784583366E+01 9.4368670615E+00 -2.4604429525E-06 2.2677397158E-05 9.4368670615E+00 8.7784583366E+01 1.8001136609E-06 1.7101029448E-05 1.1673704179E-06 -4.7110886379E-06 8.5835206617E+01 1.5792274116E+01 2.1097523470E-05 -1.4129451160E-05 -1.5792274116E+01 8.5835206617E+01
20.00 6.7957428960E+01 1.0299021273E+01 -3.7562751645E-06 2.1077845549E-05 1.0299021273E+01 6.7957428960E+01 -4.5535255603E-07 1.5963289660E-05 2.5149647306E-07 -2.7826019179E-06 6.5722216346E+01 1.3882816363E+01 1.9240045796E-05 -1.2615408274E-05 -1.3882816363E+01 6.5722216346E+01
21.00 5.1758702421E+01 1.1012228035E+01 -5.1072594427E-06 1.9225659481E-05 1.1012228035E+01 5.1758702421E+01 -2.7738262999E-06 1.4637890254E-05 -7.2724542696E-07 -7.8913822777E-07 4.9231817192E+01 1.1572479681E+01 1.7109168085E-05 -1.0903285800E-05 -1.1572479681E+01 4.9231817192E+01
22.00 3.9111938252E+01 1.1535977262E+01 -6.4925088078E-06 1.7145886995E-05 1.1535977262E+01 3.9111938252E+01 -5.1100595381E-06 1.3140685735E-05 -1.7542343474E-06 1.2294682734E-06 3.6293304434E+01 8.9140897300E+00 1.4731522310E-05 -9.0133076099E-06 -8.9140897300E+00 3.6293304434E+01
23.00 2.9855771676E+01 1.1834215487E+01 -7.8900316362E-06 1.4866734279E-05 1.1834215487E+01 2.9855771676E+01 -7.4188042008E-06 1.1489415988E-05 -2.8137269742E-06 3.2335750560E-06 2.6751504679E+01 5.9728923959E+00 1.2137473833E-05 -6.9679459704E-06 -5.9728923959E+00 2.6751504679E+01
24.00 2.3754521116E+01 1.1877268332E+01 -9.2771286087E-06 1.2419159461E-05 1.1877268332E+01 2.3754521116E+01 -9.6557991385E-06 9.7034783707E-06 -3.8891337784E-06 5.1846144724E-06 2.0377188852E+01 2.8245256068E+00 9.3607282454E-06 -4.7916260442E-06 -2.8245256068E+00 2.0377188852E+01
25.00 2.0510378265E+01 1.1643548627E+01 -1.0630807662E-05 9.8364101245E-06 1.1643548627E+01 2.0510378265E+01 -1.1778718408E-05 7.8036834078E-06 -4.9633168740E-06 7.0459328223E-06 1.6879076156E+01 -4.4741483861E-01 6.4378679595E-06 -2.5104054073E-06 4.4741483861E-01 1.6879076156E+01
26.00 1.9776702553E+01 1.1120959398E+01 -1.1928208196E-05 7.1535118416E-06 1.1120959398E+01 1.9776702553E+01 -1.3748058499E-05 5.8119972086E-06 -6.0189028852E-06 8.7835648439E-06 1.5916930980E+01 -3.7541356025E+00 3.4078248742E-06 -1.5163298723E-07 3.7541356025E+00 1.5916930980E+01
27.00 2.1171909428E+01 1.0307914152E+01 -1.3147025070E-05 4.4067168009E-06 1.0307914152E+01 2.1171909428E+01 -1.5527943626E-05 3.7512739435E-06 -7.0386033397E-06 1.0366925064E-05 1.7115247820E+01 -7.0046375163E+00 3.1129751988E-07 2.2564077918E-06 7.0046375163E+00 1.7115247820E+01
28.00 2.4293454266E+01 9.2139141164E+00 -1.4265923512E-05 1.6329229795E-06 9.2139141164E+00 2.4293454266E+01 -1.7086831280E-05 1.6449817008E-06 -8.0055352564E-06 1.1769400396E-05 2.0077032132E+01 -1.0108832158E+01 -2.8098770907E-06 4.6848666158E-06 1.0108832158E+01 2.0077032132E+01
29.00 2.8731444089E+01 7.8596424395E+00 -1.5264935916E-05 -1.1309244897E-06 7.8596424395E+00 2.8731444089E+01 -1.8398102773E-05 -4.8307498225E-07 -8.9035344202E-06 1.2968831177E-05 2.4397215672E+01 -1.2980668996E+01 -5.9133850461E-06 7.1046994397E-06 1.2980668996E+01 2.4397215672E+01
30.00 3.4081455087E+01 6.2765579742E+00 -1.6125832586E-05 -3.8484372475E-06 6.2765579742E+00 3.4081455087E+01 -1.9440527396E-05 -2.6090326332E-06 -9.7174544395E-06 1.3947871548E-05 2.9675290888E+01 -1.5541155413E+01 -8.9571174649E-06 9.4870419124E-06 1.5541155413E+01 2.9675290888E+01
31.00 3.9956192173E+01 4.5059948825E+00 -1.6832458972E-05 -6.4843799888E-06 4.5059948825E+00 3.9956192172E+01 -2.0198592187E-05 -4.7092433846E-06 -1.0433445075E-05 1.4694223438E-05 3.5526807169E+01 -1.7721153332E+01 -1.1899858727E-05 1.1803577937E-05 1.7721153332E+01 3.5526807169E+01
32.00 4.5995694147E+01 2.5977979172E+00 -1.7371033185E-05 -9.0052459664E-06 2.5977979172E+00 4.5995694147E+01 -2.0662693308E-05 -6.7605435422E-06 -1.1039204265E-05 1.5200742365E-05 4.1593438954E+01 -1.9463842428E+01 -1.4701966487E-05 1.4026898297E-05 1.9463842428E+01 4.1593438954E+01
33.00 5.1875861168E+01 6.0854560831E-01 -1.7730398484E-05 -1.1379799099E-05 6.0854560832E-01 5.1875861168E+01 -2.0829188690E-05 -8.7405136266E-06 -1.1524198980E-05 1.5465416674E-05 4.7551408393E+01 -2.0726750926E+01 -1.7326028960E-05 1.6130844700E-05 2.0726750926E+01 4.7551408393E+01
34.00 5.7315156545E+01 -1.4005663216E+00 -1.7902226838E-05 -1.3579570661E-05 -1.4005663216E+00 5.7315156545E+01 -2.0700315499E-05 -1.0627727491E-05 -1.1879851230E-05 1.5491225563E-05 5.3118120009E+01 -2.1483270477E+01 -1.9737485296E-05 1.8090834970E-05 2.1483270477E+01 5.3118120009E+01
35.00 6.2079409456E+01 -3.3660921692E+00 -1.7881170496E-05 -1.5579299727E-05 -3.3660921692E+00 6.2079409456E+01 -2.0283979054E-05 -1.2401988480E-05 -1.2099686228E-05 1.5285884103E-05 5.8056938435E+01 -2.1723590899E+01 -2.1905195675E-05 1.9884165505E-05 2.1723590899E+01 5.8056938435E+01
36.00 6.5984715952E+01 -5.2248521982E+00 -1.7664960051E-05 -1.7357308102E-05 -5.2248521982E+00 6.5984715952E+01 -1.9593423315E-05 -1.4044550896E-05 -1.2179441061E-05 1.4861486630E-05 6.2180109973E+01 -2.1455012994E+01 -2.3801949117E-05 2.1490287815E-05 2.1455012994E+01 6.2180109973E+01
37.00 6.8898500307E+01 -6.9164873816E+00 -1.7254448179E-05 -1.8895802035E-05 -6.9164873815E+00 6.8898500307E+01 -1.8646795345E-05 -1.5538325340E-05 -1.2117132805E-05 1.4234061872E-05 6.5349891990E+01 -2.0701622251E+01 -2.5404898294E-05 2.2891056374E-05 2.0701622251E+01 6.5349891990E+01
38.00 7.0738855444E+01 -8.3859400344E+00 -1.6653599233E-05 -2.0181095190E-05 -8.3859400344E+00 7.0738855444E+01 -1.7466618291E-05 -1.6868066689E-05 -1.1913085846E-05 1.3423055020E-05 6.7478009173E+01 -1.9503331955E+01 -2.6695912654E-05 2.4070945528E-05 1.9503331955E+01 6.7478009173E+01
39.00 7.1472328364E+01 -9.5857496935E+00 -1.5869426011E-05 -2.1203749329E-05 -9.5857496935E+00 7.1472328364E+01 -1.6079189286E-05 -1.8020543748E-05 -1.1569919169E-05 1.2450753402E-05 6.8523601099E+01 -1.7914329933E+01 -2.7661843148E-05 2.5017233924E-05 1.7914329933E+01 6.8523601099E+01
40.00 7.1110353560E+01 -1.0478060995E+01 -1.4911875191E-05 -2.1958631329E-05 -1.0478060995E+01 7.1110353560E+01 -1.4513919212E-05 -1.8984689532E-05 -1.1092494440E-05 1.1341672670E-05 6.8489860658E+01 -1.6000987731E+01 -2.8294693860E-05 2.5720154949E-05 1.6000987731E+01 6.8489860658E+01
41.00 6.9704563857E+01 -1.1036252475E+01 -1.3793664050E-05 -2.2444887360E-05 -1.1036252475E+01 6.9704563857E+01 -1.2802632118E-05 -1.9751731405E-05 -1.0487826657E-05 1.0121920835E-05 6.7419587359E+01 -1.3839313353E+01 -2.8591698257E-05 2.6173012473E-05 1.3839313353E+01 6.7419587359E+01
42.00 6.7341224218E+01 -1.1246111607E+01 -1.2530071233E-05 -2.2665836939E-05 -1.1246111607E+01 6.7341224218E+01 -1.0978841798E-05 -2.0315299938E-05 -9.7649591733E-06 8.8185568930E-06 6.5389893789E+01 -1.1512047743E+01 -2.8555299694E-05 2.6372261035E-05 1.1512047743E+01 6.5389893789E+01
43.00 6.4135040410E+01 -1.1106501224E+01 -1.1138684982E-05 -2.2628791529E-05 -1.1106501224E+01 6.4135040410E+01 -9.0770225293E-06 -2.0671515387E-05 -8.9348053852E-06 7.4589598809E-06 6.2506308018E+01 -9.1055201389E+00 -2.8193038053E-05 2.6317549974E-05 9.1055201389E+00 6.2506308018E+01
44.00 6.0222591757E+01 -1.0629484835E+01 -9.6391125507E-06 -2.2344803859E-05 -1.0629484835E+01 6.0222591757E+01 -7.1318900740E-06 -2.0819050373E-05 -8.0099595529E-06 6.0702230220E-06 5.8896510725E+01 -6.7063875828E+00 -2.7517346176E-05 2.6011730993E-05 6.7063875828E+00 5.8896510725E+01
45.00 5.5755626884E+01 -9.8399022204E+00 -8.0526549607E-06 -2.1828355677E-05 -9.8399022204E+00 5.5755626884E+01 -5.1777076992E-06 -2.0759167197E-05 -7.0044794503E-06 4.6785858759E-06 5.4703934322E+01 -4.3983886976E+00 -2.6545261712E-05 2.5460828780E-05 4.3983886976E+00 5.4703934322E+01
46.00 5.0894444429E+01 -8.7744109005E+00 -6.4019517498E-06 -2.1096992307E-05 -8.7744109005E+00 5.0894444429E+01 -3.2476305638E-06 -2.0495727748E-05 -5.9336439983E-06 3.3089158173E-06 5.0081433846E+01 -2.2592412525E+00 -2.5298061089E-05 2.4673973974E-05 2.2592412525E+00 5.0081433846E+01
47.00 4.5801558624E+01 -7.4800326556E+00 -4.7106005450E-06 -2.0170913686E-05 -7.4800326556E+00 4.5801558624E+01 -1.3730998512E-06 -2.0035174124E-05 -4.8136889164E-06 1.9842477952E-06 4.5185217251E+01 -3.5780690582E-01 -2.3800824228E-05 2.3663298261E-05 3.5780690582E-01 4.5185217251E+01
48.00 4.0635823744E+01 -6.0122659962E+00 -3.0027572022E-06 -1.9072531382E-05 -6.0122659962E+00 4.0635823744E+01 4.1670335581E-07 -1.9386477540E-05 -3.6615243930E-06 7.2538987262E-07 4.0169197332E+01 1.2483647783E+00 -2.2081939001E-05 2.2443790888E-05 -1.2483647783E+00 4.0169197332E+01
49.00 3.5547162932E+01 -4.4328444938E+00 -1.3027222874E-06 -1.7826001729E-05 -4.4328444938E+00 3.5547162932E+01 2.0953367683E-06 -1.8561053392E-05 -2.4944385533E-06 -4.4940058860E-07 3.5179900112E+01 2.5150169591E+00 -2.0172555740E-05 2.1033116367E-05 -2.5150169591E+00 3.5179900112E+01
50.00 3.0672016957E+01 -2.8072362800E+00 3.6547947037E-07 -1.6456744908E-05 -2.8072362799E+00 3.0672016957E+01 3.6395018960E-06 -1.7572640469E-05 -1.3297913861E-06 -1.5246667264E-06 3.0352036331E+01 3.4126147162E+00 -1.8106002546E-05 1.9451393358E-05 -3.4126147162E+00 3.0352036331E+01
51.00 2.6129598117E+01 -1.2019911442E+00 1.9785197183E-06 -1.4990959476E-05 -1.2019911442E+00 2.6129598117E+01 5.0293710517E-06 -1.6437142502E-05 -1.8470410707E-07 -2.4879266598E-06 2.5804814510E+01 3.9271698605E+00 -1.5917172420E-05 1.7720934933E-05 -3.9271698605E+00 2.5804814510E+01
52.00 2.2019004580E+01 3.1795194583E-01 3.5141796209E-06 -1.3455141516E-05 3.1795194584E-01 2.2019004580E+01 6.2488337141E-06 -1.5172430988E-05 9.2425069712E-07 -3.3297730900E-06 2.1639046834E+01 4.0604336393E+00 -1.3641893730E-05 1.5865951226E-05 -4.0604336393E+00 2.1639046834E+01
53.00 1.8417221612E+01 1.6918826829E+00 4.9517476620E-06 -1.1875616860E-05 1.6918826829E+00 1.8417221612E+01 7.2856609918E-06 -1.3798108976E-05 1.9813521864E-06 -4.0438997954E-06 1.7935073254E+01 3.8294558711E+00 -1.1316295381E-05 1.3912216171E-05 -3.8294558711E+00 1.7935073254E+01
54.00 1.5378009002E+01 2.8657520104E+00 6.2723940572E-06 -1.0278094141E-05 2.8657520104E+00 1.5378009002E+01 8.1315885156E-06 -1.2335236358E-05 2.9720215171E-06 -4.6270583700E-06 1.4751505217E+01 3.2655351980E+00 -8.9761780077E-06 1.1886700795E-05 -3.2655351980E+00 1.4751505217E+01
55.00 1.2931648908E+01 3.7943172846E+00 7.4595136149E-06 -8.6872457624E-06 3.7943172846E+00 1.2931648908E+01 8.7823193100E-06 -1.0806018576E-05 3.8830928134E-06 -5.0789496199E-06 1.2124768549E+01 2.4126100921E+00 -6.6564023636E-06 9.8171768138E-06 -2.4126100921E+00 1.2124768549E+01
56.00 1.1085505642E+01 4.4429106505E+00 8.4990290930E-06 -7.1263230118E-06 4.4429106505E+00 1.1085505642E+01 9.2374494574E-06 -9.2334618367E-06 4.7030584782E-06 -5.4020551295E-06 1.0069405318E+01 1.3251629443E+00 -4.3903056280E-06 7.7317952449E-06 -1.3251629443E+00 1.0069405318E+01
57.00 9.8253288534E+00 4.7887578903E+00 9.3796473931E-06 -5.6168107705E-06 4.7887578903E+00 9.8253288534E+00 9.5003204054E-06 -7.6409993565E-06 5.4222825271E-06 -5.6014153232E-06 8.5790771435E+00 6.5729074486E-02 -2.2091558643E-06 5.6586459806E-06 -6.5729074483E-02 8.5790771435E+00
58.00 9.1172142689E+00 4.8217946528E+00 1.0093061790E-05 -4.1781264699E-06 4.8217946528E+00 9.1172142689E+00 9.5778029254E-06 -6.0520945793E-06 6.0331761776E-06 -5.6843611564E-06 7.6281973459E+00 -1.2978819678E+00 -1.4165422962E-07 3.6253054406E-06 1.2978819678E+00 7.6281973459E+00
59.00 8.9101218122E+00 4.5449487641E+00 1.0634094163E-05 -2.8273671753E-06 4.5449487641E+00 8.9101218122E+00 9.4800185890E-06 -4.4898287067E-06 6.5303304002E-06 -5.6602071097E-06 7.1741065748E+00 -2.6955345097E+00 1.7865062794E-06 1.6583804580E-06 2.6955345097E+00 7.1741065748E+00
60.00 9.1388396445E+00 3.9738802932E+00 1.1000772555E-05 -1.5791078099E-06 3.9738802932E+00 9.1388396444E+00 9.2200056136E-06 -2.9764810416E-06 6.9106011336E-06 -5.5399136872E-06 7.1596961452E+00 -4.0577600434E+00 3.5530177452E-06 -2.1694256785E-07 4.0577600434E+00 7.1596961452E+00
61.00 9.7272745428E+00 3.1361941902E+00 1.1194340809E-05 -4.4525276011E-07 3.1361941902E+00 9.7272745427E+00 8.8133367790E-06 -1.5331117516E-06 7.1731439135E-06 -5.3357279894E-06 7.5163752734E+00 -5.3186707721E+00 5.1392632488E-06 -1.9773335113E-06 5.3186707721E+00 7.5163752734E+00
62.00 1.0591944196E+01 2.0701626323E+00 1.1219198678E-05 5.6505775575E-07 2.0701626323E+00 1.0591944196E+01 8.2776978277E-06 -1.7915736129E-07 7.3193959477E-06 -5.0608111281E-06 8.1672728243E+00 -6.4186730040E+00 6.5305464153E-06 -3.6017292644E-06 6.4186730040E+00 8.1672728243E+00
63.00 1.1645545491E+01 8.2301475922E-01 1.1082772711E-05 1.4454860525E-06 8.2301475923E-01 1.1645545491E+01 7.6324355583E-06 1.0679502683E-06 7.3530051582E-06 -4.7288614461E-06 9.0305611575E+00 -7.3068694854E+00 7.7162407241E-06 -5.0717092414E-06 7.3068694854E+00 9.0305611575E+00
64.00 1.2800474779E+01 -5.5113061703E-01 1.0795320019E-05 2.1924804793E-06 -5.5113061703E-01 1.2800474779E+01 6.8980852601E-06 2.1931306788E-06 7.2797071912E-06 -4.3537423898E-06 1.0022789306E+01 -7.9430538295E+00 8.6898562834E-06 -6.3718257737E-06 7.9430538295E+00 1.0022789306E+01
65.00 1.3972181387E+01 -1.9935992037E+00 1.0369669072E-05 2.8052054391E-06 -1.9935992037E+00 1.3972181387E+01 6.0958877022E-06 3.1839568833E-06 7.1071530377E-06 -3.9491237577E-06 1.1062115165E+01 -8.2992182168E+00 9.4490235847E-06 -7.4898802831E-06 8.2992182168E+00 1.1062115165E+01
66.00 1.5082244340E+01 -3.4436616180E+00 9.8209034468E-06 3.2854202386E-06 -3.4436616180E+00 1.5082244340E+01 5.2473060401E-06 4.0309030914E-06 6.8446914230E-06 -3.5281446737E-06 1.2071331689E+01 -8.3605167446E+00 9.9953954889E-06 -8.4171370770E-06 8.3605167446E+00 1.2071331689E+01
67.00 1.6061074053E+01 -4.8410930588E+00 9.1659961812E-06 3.6373101414E-06 -4.8410930587E+00 1.6061074053E+01 4.3735530882E-06 4.7275296637E-06 6.5031115538E-06 -3.1031060610E-06 1.2980590316E+01 -8.1256502990E+00 1.0334470594E-05 -9.1484680355E-06 8.1256502990E+00 1.2980590316E+01
68.00 1.6850155629E+01 -6.1286837141E+00 8.4234039342E-06 3.8672739402E-06 -6.1286837141E+00 1.6850155629E+01 3.4951392467E-06 5.2705984165E-06 6.0943531806E-06 -2.6851997014E-06 1.3729735952E+01 -7.6066636137E+00 1.0475342972E-05 -9.6824231519E-06 7.6066636137E+00 1.3729735952E+01
69.00 1.7403767793E+01 -7.2545943403E+00 7.6126312902E-06 3.9836733327E-06 -7.2545943403E+00 1.7403767793E+01 2.6314508526E-06 5.6601132534E-06 5.6311919081E-06 -2.2842799511E-06 1.4270181692E+01 -6.8281702414E+00 1.0430384941E-05 -1.0021223712E-05 6.8281702414E+00 1.4270181692E+01
70.00 1.7690131113E+01 -8.1744588791E+00 6.7537765184E-06 3.9965502528E-06 -8.1744588791E+00 1.7690131113E+01 1.8003681081E-06 5.8992832448E-06 5.1269086119E-06 -1.9086831562E-06 1.4566267725E+01 -5.8260454328E+00 1.0214871207E-05 -1.0170677030E-05 5.8260454328E+00 1.4566267725E+01
71.00 1.7691960318E+01 -8.8531475077E+00 5.8670705412E-06 3.9173191048E-06 -8.8531475077E+00 1.7691960318E+01 1.0179307106E-06 5.9944075947E-06 4.5949522398E-06 -1.5650984246E-06 1.4596067312E+01 -4.6456493788E+00 9.8465540590E-06 -1.0140013781E-05 4.6456493788E+00 1.4596067312E+01
72.00 1.7406417653E+01 -9.2661186189E+00 4.9724210145E-06 3.7584413847E-06 -9.2661186189E+00 1.7406417653E+01 2.9805805344E-07 5.9546842613E-06 4.0486055097E-06 -1.2584919796E-06 1.4351622640E+01 -3.3396629813E+00 9.3452003635E-06 -9.9416510305E-06 3.3396629813E+00 1.4351622640E+01
73.00 1.6844486427E+01 -9.4003062622E+00 4.0889731868E-06 3.5330906754E-06 -9.4003062622E+00 1.6844486427E+01 -3.4767048045E-07 5.7919464292E-06 3.5006629179E-06 -9.9208584370E-07 1.3838614325E+01 -1.9656344319E+00 8.7321019968E-06 -9.5908862252E-06 1.9656344319E+00 1.3838614325E+01
74.00 1.6029805597E+01 -9.2545097473E+00 3.2346985142E-06 3.2548161470E-06 -9.2545097473E+00 1.6029805597E+01 -9.1017135499E-07 5.5203332268E-06 2.9631299618E-06 -7.6738990429E-07 1.3075489415E+01 -5.8334670780E-01 8.0295717066E-06 -9.1055291938E-06 5.8334670781E-01 1.3075489415E+01
75.00 1.4997026330E+01 -8.8392735738E+00 2.4260210268E-06 2.9372126691E-06 -8.8392735738E+00 1.4997026330E+01 -1.3829467964E-06 5.1559031767E-06 2.4469517219E-06 -5.8428480787E-07 1.2092093351E+01 7.4787686769E-01 7.2604364931E-06 -8.5054808909E-06 -7.4787686769E-01 1.2092093351E+01
76.00 1.3789769415E+01 -8.1762676885E+00 1.6774902371E-06 2.5936053524E-06 -8.1762676885E+00 1.3789769415E+01 -1.7621085204E-06 4.7162006609E-06 1.9617780705E-06 -4.4115170555E-07 1.0927870461E+01 1.9718099303E+00 6.4475403156E-06 -7.8122690291E-06 -1.9718099303E+00 1.0927870461E+01
77.00 1.2458277233E+01 -7.2971993698E+00 1.0015077307E-06 2.2367557877E-06 -7.2971993698E+00 1.2458277233E+01 -2.0463369432E-06 4.2197871070E-06 1.5157713268E-06 -3.3504323350E-07 9.6297144474E+00 3.0377874566E+00 5.6132672153E-06 -7.0485517308E-06 -3.0377874566E+00 9.6297144474E+00
78.00 1.1056865140E+01 -6.2423078988E+00 4.0811299760E-07 1.8785964596E-06 -6.2423078988E+00 1.1056865140E+01 -2.2367792525E-06 3.6857496883E-06 1.1154609318E-06 -2.6188899628E-07 8.2495642348E+00 3.9028897965E+00 4.7790949786E-06 -6.2376010911E-06 -3.9028897965E+00 8.2495642348E+00
79.00 9.6412840795E+00 -5.0585107640E+00 -9.5167740953E-08 1.5299988749E-06 -5.0585107640E+00 9.6412840795E+00 -2.3368913417E-06 3.1332009796E-06 7.6564822690E-07 -2.1672782626E-07 6.8418506403E+00 4.5337520188E+00 3.9651882082E-06 -5.4027789005E-06 -4.5337520188E+00 6.8418506403E+00
80.00 8.2661085509E+00 -3.7972847199E+00 -5.0340787983E-07 1.2005796858E-06 -3.7972847199E+00 8.2661085509E+00 -2.3522301252E-06 2.5807831860E-06 4.6936262157E-07 -1.9395813377E-07 5.4609052304E+00 4.9079214945E+00 3.1900380853E-06 -4.5670167328E-06 -4.9079214945E+00 5.4609052304E+00
81.00 6.9822616742E+00 -2.5123759667E+00 -8.1430176751E-07 8.9854794670E-07 -2.5123759667E+00 6.9822616742E+00 -2.2902038410E-06 2.0461904168E-06 2.2786917568E-07 -1.8759750837E-07 4.1584438997E+00 5.0147073117E+00 2.4701545923E-06 -3.7523123964E-06 -5.0147073117E+00 4.1584438997E+00
82.00 5.8347819044E+00 -1.2574405642E+00 -1.0281226543E-06 6.3059516866E-07 -1.2574405642E+00 5.8347819044E+00 -2.1597889001E-06 1.5457217597E-06 4.0725831161E-08 -1.9154237734E-07 2.9812340583E+00 4.8554882957E+00 1.8198150894E-06 -2.9792540112E-06 -4.8554882957E+00 2.9812340583E+00
83.00 4.8609243231E+00 -8.3718645968E-02 -1.1476204060E-06 4.0182860577E-07 -8.3718645967E-02 4.8609243231E+00 -1.9712223980E-06 1.0938770311E-06 -9.4112726153E-08 -1.9981892378E-07 1.9690458389E+00 4.4434710473E+00 1.2508716012E-06 -2.2665822823E-06 -4.4434710473E+00 1.9690458389E+00
84.00 4.0886737443E+00 9.6215605307E-01 -1.1778634694E-06 2.1574681454E-07 9.6215605307E-01 4.0886737443E+00 -1.7356796245E-06 7.0300562629E-07 -1.8014894937E-07 -2.0681691944E-07 1.1529747156E+00 3.8029144116E+00 7.7261733590E-07 -1.6308002889E-06 -3.8029144116E+00 1.1529747156E+00
85.00 3.5357278083E+00 1.8401163292E+00 -1.1260307901E-06 7.4255391957E-08 1.8401163292E+00 3.5357278083E+00 -1.4649458097E-06 3.8301738678E-07 -2.2215951404E-07 -2.0749904832E-07 5.5420586325E-01 2.9678609959E+00 3.9171159568E-07 -1.0858389887E-06 -2.9678609959E+00 5.5420586325E-01
86.00 3.2089866041E+00 2.5183069277E+00 -1.0011603154E-06 -2.2280246274E-08 2.5183069277E+00 3.2089866041E+00 -1.1710909877E-06 1.4116255492E-07 -2.2598195343E-07 -1.9757939645E-07 1.8327018619E-01 1.9804386589E+00 1.1216087783E-07 -6.4278524398E-07 -1.9804386589E+00 1.8327018619E-01
87.00 3.1045621180E+00 2.9743452383E+00 -8.1386139410E-07 -7.4949046176E-08 2.9743452383E+00 3.1045621180E+00 -8.6615611272E-07 -1.8114092140E-08 -1.9827788768E-07 -1.7366612035E-07 3.9819114345E-02 8.8881425842E-01 -6.4647146927E-08 -3.0967766564E-07 -8.8881425842E-01 3.9819114344E-02
88.00 3.2082970013E+00 3.1961447360E+00 -5.7599891805E-07 -8.6180071462E-08 3.1961447360E+00 3.2082970013E+00 -5.6185772287E-07 -9.3241873054E-08 -1.4628035775E-07 -1.3336479639E-07 1.1292104135E-01 -2.5510255560E-01 -1.3986087997E-07 -9.1374116793E-08 2.5510255560E-01 1.1292104135E-01
89.00 3.4967588659E+00 3.1822684565E+00 -3.0035731217E-07 -5.9604871095E-08 3.1822684565E+00 3.4967588659E+00 -2.6931734793E-07 -8.5514662958E-08 -7.7532984906E-08 -7.5340515566E-08 3.8185781007E-01 -1.3980967956E+00 -1.1703797467E-07 1.0506846333E-08 1.3980967956E+00 3.8185781007E-01
90.00 3.9386546470E+00 2.9418010996E+00 -2.9257043701E-10 9.8371844149E-11 2.9418010996E+00 3.9386546470E+00 1.1793311454E-09 9.9573706850E-10 3.7129530632E-10 6.6160294477E-10 8.1737611693E-01 -2.4881123371E+00 -1.9794843720E-09 -2.4301316645E-09 2.4881123371E+00 8.1737611693E-01
91.00 4.4965905269E+00 2.4937501904E+00 3.1061954435E-07 8.7373714627E-08 2.4937501904E+00 4.4965905269E+00 2.4038980213E-07 1.5960018249E-07 8.0044397457E-08 9.3836300573E-08 1.3833272713E+00 -3.4766279661E+00 1.9746984565E-07 -1.2544720833E-07 3.4766279661E+00 1.3833272713E+00
92.00 5.1290874058E+00 1.8660081198E+00 6.1893124189E-07 1.9596445824E-07 1.8660081198E+00 5.1290874058E+00 4.4028598103E-07 3.8122177655E-07 1.5454299509E-07 2.0237584768E-07 2.0386104919E+00 -4.3208354024E+00 4.7165005401E-07 -3.5083495262E-07 4.3208354024E+00 2.0386104919E+00
93.00 5.7927506823E+00 1.0939268427E+00 9.1165885283E-07 3.1909370765E-07 1.0939268427E+00 5.7927506823E+00 5.9418806973E-07 6.5468776152E-07 2.1758762472E-07 3.2356163976E-07 2.7393207881E+00 -4.9855196469E+00 8.0933827259E-07 -6.6814186239E-07 4.9855196469E+00 2.7393207881E+00
94.00 6.4444867203E+00 2.1857461591E-01 1.1766002907E-06 4.4964443280E-07 2.1857461591E-01 6.4444867203E+00 6.9686072050E-07 9.6707548377E-07 2.6375515591E-07 4.5388481914E-07 3.4409932048E+00 -5.4445569140E+00 1.1980202040E-06 -1.0644666540E-06 5.4445569140E+00 3.4409932048E+00
95.00 7.0436571496E+00 -7.1524143384E-01 1.4026273259E-06 5.8033560223E-07 -7.1524143384E-01 7.0436571496E+00 7.4457221015E-07 1.3041029637E-06 2.8863962779E-07 5.8919029334E-07 4.1008313141E+00 -5.6819642964E+00 1.6241764259E-06 -1.5248069337E-06 5.6819642964E+00 4.1008313141E+00
96.00 7.5540661561E+00 -1.6610926123E+00 1.5799467705E-06 7.0389143690E-07 -1.6610926123E+00 7.5540661561E+00 7.3511809215E-07 1.6505534042E-06 2.8897749826E-07 7.2483792455E-07 4.6798095410E+00 -5.6924572448E+00 2.0735793873E-06 -2.0324565555E-06 5.6924572448E+00 4.6798095410E+00
97.00 7.9456849796E+00 -2.5730854489E+00 1.7003254204E-06 8.1320157543E-07 -2.5730854489E+00 7.9456849796E+00 6.6781145862E-07 1.9907223278E-06 2.6273430948E-07 8.5587453988E-07 5.1445461692E+00 -5.4814948491E+00 2.5315972553E-06 -2.5694429251E-06 5.4814948491E+00 5.1445461692E+00
98.00 8.1960315314E+00 -3.4079562732E+00 1.7572743527E-06 9.0147038999E-07 -3.4079562732E+00 8.1960315314E+00 5.4344239755E-07 2.3088753985E-06 2.0915092236E-07 9.7721039298E-07 5.4688563211E+00 -5.0648176121E+00 2.9835008376E-06 -3.1169944554E-06 5.0648176121E+00 5.4688563211E+00
99.00 8.2911407146E+00 -4.1270054193E+00 1.7461890539E-06 9.6235419719E-07 -4.1270054193E+00 8.2911407146E+00 3.6420959658E-07 2.5897047590E-06 1.2874861734E-07 1.0837939735E-06 5.6349112341E+00 -4.4675066874E+00 3.4147698429E-06 -3.6560275526E-06 4.4675066874E+00 5.6349112341E+00
100.00 8.2260818148E+00 -4.6977811891E+00 1.6644427662E-06 9.9008552966E-07 -4.6977811891E+00 8.2260818148E+00 1.3362722262E-07 2.8187718312E-06 2.3293446168E-08 1.1707796299E-06 5.6339508689E+00 -3.7226162211E+00 3.8113946884E-06 -4.1676418880E-06 3.7226162211E+00 5.6339508689E+00
101.00 8.0050022249E+00 -5.0954363746E+00 1.5114314064E-06 9.7958392170E-07 -5.0954363746E+00 8.0050022249E+00 -1.4358968704E-07 2.9829248286E-06 -1.0427865608E-07 1.2336831020E-06 5.4665202160E+00 -2.8694503831E+00 4.1601698738E-06 -4.6336122406E-06 2.8694503831E+00 5.4665202160E+00
102.00 7.6407006381E+00 -5.3036966043E+00 1.2885694531E-06 9.2655286193E-07 -5.3036966043E+00 7.6407006380E+00 -4.6165804629E-07 3.0706799144E-06 -2.4997341402E-07 1.2685208670E-06 5.1422243907E+00 -1.9515729259E+00 4.4489747225E-06 -5.0368650415E-06 1.9515729259E+00 5.1422243907E+00
103.00 7.1537565146E+00 -5.3153992562E+00 9.9923725287E-07 8.2756269734E-07 -5.3153992562E+00 7.1537565146E+00 -8.1387455201E-07 3.0725558886E-06 -4.0888288053E-07 1.2719301325E-06 4.6790224009E+00 -1.0146488998E+00 4.6670370189E-06 -5.3619278112E-06 1.0146488998E+00 4.6790224009E+00
104.00 6.5712649254E+00 -5.1325832117E+00 6.4868130052E-07 6.8011932208E-07 -5.1325832117E+00 6.5712649254E+00 -1.1927753314E-06 2.9813534975E-06 -5.7535876336E-07 1.2412671667E-06 4.1021030533E+00 -1.0422492253E-01 4.8051748522E-06 -5.5953400999E-06 1.0422492253E-01 4.1021030533E+00
105.00 5.9252456739E+00 -4.7661322476E+00 2.4387013891E-07 4.8271848699E-07 -4.7661322476E+00 5.9252456739E+00 -1.5903043263E-06 2.7923719574E-06 -7.4320919637E-07 1.1746826106E-06 3.4424075535E+00 7.3644411180E-01 4.8560117989E-06 -5.7260152359E-06 -7.3644411180E-01 3.4424075535E+00
106.00 5.2508119142E+00 -4.2349972182E+00 -2.0669043725E-07 2.3488551979E-07 -4.2349972182E+00 5.2508119142E+00 -1.9979873804E-06 2.5035569515E-06 -9.0591312507E-07 1.0711732644E-06 2.7348808693E+00 1.4684178393E+00 4.8141604822E-06 -5.7455431783E-06 -1.4684178393E+00 2.7348808693E+00
107.00 4.5841954741E+00 -3.5650432278E+00 -6.9317811823E-07 -6.2799773629E-08 -3.5650432278E+00 4.5841954741E+00 -2.4071090551E-06 2.1155762793E-06 -1.0568458873E-06 9.3061052727E-07 2.0165469405E+00 2.0588475818E+00 4.6763697186E-06 -5.6484261792E-06 -2.0588475818E+00 2.0165469405E+00
108.00 3.9607331520E+00 -2.7875866197E+00 -1.2047051713E-06 -4.0869330821E-07 -2.7875866197E+00 3.9607331520E+00 -2.8088892456E-06 1.6318212998E-06 -1.1895093694E-06 7.5374640580E-07 1.3245106730E+00 2.4824261150E+00 4.4416306555E-06 -5.4322404728E-06 -2.4824261150E+00 1.3245106730E+00
109.00 3.4129200063E+00 -1.9377018239E+00 -1.7295934265E-06 -8.0009229113E-07 -1.9377018239E+00 3.4129200063E+00 -3.1946567373E-06 1.0583344433E-06 -1.2977598572E-06 5.4219844452E-07 6.9399198337E-01 2.7224455436E+00 4.1112378846E-06 -5.0977191768E-06 -2.7224455436E+00 6.9399198337E-01
110.00 2.9686319821E+00 -1.0523890804E+00 -2.2556661206E-06 -1.2332564067E-06 -1.0523890804E+00 2.9686319821E+00 -3.5560168480E-06 4.0366513411E-07 -1.3760267846E-06 2.9841533056E-07 1.5649389145E-01 2.7714189021E+00 3.6888021848E-06 -4.6487535869E-06 -2.7714189021E+00 1.5649389145E-01
111.00 2.6496113022E+00 -1.6870019053E-01 -2.7705490873E-06 -1.7034447635E-06 -1.6870019052E-01 2.6496113022E+00 -3.8850104242E-06 -3.2134145357E-07 -1.4195157558E-06 2.5625153220E-08 -2.6180196211E-01 2.6312430582E+00 3.1802125455E-06 -4.0923123274E-06 -2.6312430582E+00 -2.6180196211E-01
112.00 2.4702942913E+00 6.7807962239E-01 -3.2619735583E-06 -2.2049686429E-06 6.7807962239E-01 2.4702942913E+00 -4.1742615227E-06 -1.1038164733E-06 -1.4243896389E-06 -2.7223156664E-07 -5.4133242822E-01 2.3129031786E+00 2.5935462149E-06 -3.4382800413E-06 -2.3129031786E+00 -5.4133242822E-01
113.00 2.4370434078E+00 1.4561000004E+00 -3.7180728254E-06 -2.7312598855E-06 1.4561000004E+00 2.4370434078E+00 -4.4171112920E-06 -1.9291922188E-06 -1.3879220580E-06 -5.9058197158E-07 -6.7008009881E-01 1.8357412730E+00 1.9389268611E-06 -2.6992196341E-06 -1.8357412730E+00 -6.7008009881E-01
114.00 2.5478240974E+00 2.1383795368E+00 -4.1276652455E-06 -3.2749545471E-06 2.1383795368E+00 2.5478240974E+00 -4.6077357668E-06 -2.7815700637E-06 -1.3086183578E-06 -9.2431203148E-07 -6.4408866221E-01 1.2263320852E+00 1.2283323330E-06 -1.8900642440E-06 -1.2263320852E+00 -6.4408866221E-01
115.00 2.7923437339E+00 2.7039352548E+00 -4.4805165272E-06 -3.8279912255E-06 2.7039352548E+00 2.7923437338E+00 -4.7412455765E-06 -3.6441207382E-06 -1.1862999998E-06 -1.2678668211E-06 -4.6754664987E-01 5.1702784834E-01 4.7535500140E-07 -1.0277471431E-06 -5.1702784834E-01 -4.6754664987E-01
116.00 3.1526455548E+00 3.1385548065E+00 -4.7675748943E-06 -4.3817231583E-06 3.1385548065E+00 3.1526455548E+00 -4.8137659151E-06 -4.4995052465E-06 -1.0221493389E-06 -1.6153581239E-06 -1.5244279269E-01 -2.5575166724E-01 -3.0508089329E-07 -1.3077955762E-07 2.5575166725E-01 -1.5244279269E-01
117.00 3.6041263882E+00 3.4351792536E+00 -4.9811736307E-06 -4.9270429695E-06 3.4351792536E+00 3.6041263882E+00 -4.8224955515E-06 -5.3303042879E-06 -8.1871285772E-07 -1.9606776757E-06 2.8218149288E-01 -1.0533964699E+00 -1.0970390296E-06 7.8121214218E-07 1.0533964699E+00 2.8218149288E-01
118.00 4.1169243396E+00 3.5938864755E+00 -5.1151965017E-06 -5.4545186484E-06 3.5938864755E+00 4.1169243396E+00 -4.7657441193E-06 -6.1194439220E-06 -5.7986211987E-07 -2.2976144965E-06 8.1133648145E-01 -1.8370571937E+00 -1.8839208509E-06 1.6879773292E-06 1.8370571937E+00 8.1133648145E-01
119.00 4.6576026641E+00 3.6214878295E+00 -5.1652027012E-06 -5.9545390753E-06 3.6214878295E+00 4.6576026641E+00 -4.6429474165E-06 -6.8506054923E-06 -3.1071294809E-07 -2.6199748106E-06 1.4054817558E+00 -2.5695737996E+00 -2.6488372978E-06 2.5691468115E-06 2.5695737996E+00 1.4054817558E+00
120.00 5.1910398393E+00 3.5307723640E+00 -5.1285092825E-06 -6.4174672683E-06 3.5307723640E+00 5.1910398393E+00 -4.4546610695E-06 -7.5086086056E-06 -1.7504569204E-08 -2.9217030871E-06 2.0321395682E+00 -3.2172892164E+00 -3.3749934645E-06 3.4047398143E-06 3.2172892164E+00 2.0321395682E+00
121.00 5.6824242673E+00 3.3394524223E+00 -5.0042301612E-06 -6.8337991831E-06 3.3394524223E+00 5.6824242673E+00 -4.2025333055E-06 -8.0797568531E-06 2.9255829082E-07 -3.1970026764E-06 2.6576369617E+00 -3.7516621454E+00 -4.0460766507E-06 4.1756588356E-06 3.7516621454E+00 2.6576369617E+00
122.00 6.0992457224E+00 3.0688807305E+00 -4.7932721605E-06 -7.1943258688E-06 3.0688807305E+00 6.0992457224E+00 -3.8892582296E-06 -8.5521374601E-06 6.1149624423E-07 -3.4404544403E-06 3.2488849394E+00 -4.1506043047E+00 -4.6466380813E-06 4.8641595740E-06 4.1506043047E+00 3.2488849394E+00
123.00 6.4131750133E+00 2.7426211027E+00 -4.4982896799E-06 -7.4902965221E-06 2.7426211027E+00 6.4131750133E+00 -3.5185113746E-06 -8.9158675600E-06 9.3077379032E-07 -3.6471316328E-06 3.7751031248E+00 -4.3994817462E+00 -5.1624586226E-06 5.4542840356E-06 4.3994817462E+00 3.7751031248E+00
124.00 6.6017284521E+00 2.3849620067E+00 -4.1236006483E-06 -7.7135799535E-06 2.3849620067E+00 6.6017284521E+00 -3.0948696905E-06 -9.1632816711E-06 1.2415394834E-06 -3.8127091402E-06 4.2094032176E+00 -4.4917367837E+00 -5.5808892198E-06 5.9322462157E-06 4.4917367837E+00 4.2094032176E+00
125.00 6.6496244066E+00 2.0194640068E+00 -3.6750674281E-06 -7.8568218143E-06 2.0194640068E+00 6.6496244066E+00 -2.6237184848E-06 -9.2890568429E-06 1.5348807909E-06 -3.9335649982E-06 4.5301537254E+00 -4.4291056771E+00 -5.8911574610E-06 6.2867613103E-06 4.4291056771E+00 4.5301537254E+00
126.00 6.5497549811E+00 1.6676284343E+00 -3.1599469964E-06 -7.9135949329E-06 1.6676284343E+00 6.5497549811E+00 -2.1111479338E-06 -9.2902739933E-06 1.8020862353E-06 -4.0068720001E-06 4.7220612996E+00 -4.2214266310E+00 -6.0846325596E-06 6.5093111499E-06 4.2214266310E+00 4.7220612996E+00
127.00 6.3037159437E+00 1.3477657473E+00 -2.5867154428E-06 -7.8785400127E-06 1.3477657473E+00 6.3037159437E+00 -1.5638419606E-06 -9.1664158998E-06 2.0349069692E-06 -4.0306770594E-06 4.7769197373E+00 -3.8860519828E+00 -6.1550422178E-06 6.5943404621E-06 3.8860519828E+00 4.7769197373E+00
128.00 5.9218613933E+00 1.0741284770E+00 -1.9648721232E-06 -7.7474940027E-06 1.0741284770E+00 5.9218613933E+00 -9.8896218681E-07 -8.9193042694E-06 2.2258099022E-06 -4.0039659936E-06 4.6939953974E+00 -3.4468968052E+00 -6.0986361201E-06 6.5393805244E-06 3.4468968052E+00 4.6939953974E+00
129.00 5.4228751426E+00 8.5635622625E-01 -1.3047290215E-06 -7.5176033710E-06 8.5635622626E-01 5.4228751426E+00 -3.9402954265E-07 -8.5529800035E-06 2.3682145625E-06 -3.9267114158E-06 4.4800364450E+00 -2.9331727323E+00 -5.9142921536E-06 6.3450986837E-06 2.9331727323E+00 4.4800364450E+00
130.00 4.8328770468E+00 6.9925995073E-01 -6.1719092047E-07 -7.1874196875E-06 6.9925995074E-01 4.8328770468E+00 2.1319406396E-07 -8.0735324104E-06 2.4567062872E-06 -3.7999015779E-06 4.1489119803E+00 -2.3778699399E+00 -5.6035630154E-06 6.0152741534E-06 2.3778699399E+00 4.1489119803E+00
131.00 4.1841081382E+00 6.0295093476E-01 8.6468243791E-08 -6.7569749306E-06 6.0295093477E-01 4.1841081382E+00 8.2482198300E-07 -7.4888843888E-06 2.4872189324E-06 -3.6255482963E-06 3.7209047923E+00 -1.8160612898E+00 -5.1706622462E-06 5.5567022015E-06 1.8160612899E+00 3.7209047923E+00
132.00 3.5132620472E+00 5.6329781181E-01 7.9482774983E-07 -6.2278341355E-06 5.6329781182E-01 3.5132620472E+00 1.4329552223E-06 -6.8085416420E-06 2.4571811354E-06 -3.4066724265E-06 3.2216973542E+00 -1.2831102622E+00 -4.6223902271E-06 4.9790304589E-06 1.2831102622E+00 3.2216973542E+00
133.00 2.8595504915E+00 5.7267401390E-01 1.4965365159E-06 -5.6031231982E-06 5.7267401391E-01 2.8595504915E+00 2.0297896740E-06 -6.0433147361E-06 2.3656211735E-06 -3.1472658747E-06 2.6811040320E+00 -8.1286816706E-01 -3.9680020297E-06 4.2945324730E-06 8.1286816706E-01 2.6811040320E+00
134.00 2.2626064397E+00 6.2093946147E-01 2.1805194846E-06 -4.8875299743E-06 6.2093946148E-01 2.2626064397E+00 2.6077172408E-06 -5.2050232259E-06 2.2132267137E-06 -2.8522297317E-06 2.1316127822E+00 -4.3594613524E-01 -3.2190203119E-06 3.5178248009E-06 4.3594613524E-01 2.1316127822E+00
135.00 1.7603389762E+00 6.9658527087E-01 2.8361704107E-06 -4.0872771407E-06 6.9658527088E-01 1.7603389762E+00 3.1594202435E-06 -4.3061911728E-06 2.0023570265E-06 -2.5272887466E-06 1.6068065027E+00 -1.7814357833E-01 -2.3889975928E-06 2.6655349218E-06 1.7814357833E-01 1.6068065027E+00
136.00 1.3868582404E+00 7.8795970188E-01 3.4535281720E-06 -3.2100657764E-06 7.8795970189E-01 1.3868582404E+00 3.6779588821E-06 -3.3597432087E-06 1.7370067208E-06 -2.1788831383E-06 1.1397375158E+00 -5.9107378488E-02 -1.4932332925E-06 1.7559279959E-06 5.9107378489E-02 1.1397375158E+00
137.00 1.1705867445E+00 8.8448816178E-01 4.0234342861E-06 -2.2649891262E-06 8.8448816179E-01 1.1705867445E+00 4.1568517208E-06 -2.3787097854E-06 1.4227214706E-06 -1.8140394497E-06 7.6132844527E-01 -9.1285358017E-02 -5.4845180935E-07 8.0850103324E-07 9.1285358018E-02 7.6132844527E-01
138.00 1.1326648832E+00 9.7780018682E-01 4.5376699842E-06 -1.2624166599E-06 9.7780018683E-01 1.1326648832E+00 4.5901494062E-06 -1.3759495769E-06 1.0664677277E-06 -1.4402229417E-06 4.9886918058E-01 -2.7922405494E-01 4.2755132307E-07 -1.5644656342E-07 2.7922405494E-01 4.9886918058E-01
139.00 1.2857438838E+00 1.0626819608E+00 4.9890717032E-06 -2.1384920253E-07 1.0626819608E+00 1.2857438838E+00 4.9725018901E-06 -3.6389602962E-07 6.7645978884E-07 -1.0651746991E-06 3.7467308952E-01 -6.1924507339E-01 1.4162875544E-06 -1.1182569335E-06 6.1924507339E-01 3.7467308953E-01
140.00 1.6332394909E+00 1.1377837921E+00 5.3716243882E-06 8.6825335534E-07 1.1377837921E+00 1.6332394909E+00 5.2992194685E-06 6.4566606785E-07 2.6194892224E-07 -6.9673728258E-07 4.0494659339E-01 -1.0995169546E+00 2.3989695876E-06 -2.0563629709E-06 1.0995169546E+00 4.0494659339E-01
141.00 2.1690953221E+00 1.2060274215E+00 5.6805324349E-06 1.9706694320E-06 1.2060274215E+00 2.1690953221E+00 5.5663278737E-06 1.6417893149E-06 -1.6701955796E-07 -3.4267327996E-07 5.9891524862E-01 -1.7005213613E+00 3.3569133380E-06 -2.9507336567E-06 1.7005213613E+00 5.9891524862E-01
142.00 2.8780773427E+00 1.2746771548E+00 5.9122684699E-06 3.0796351827E-06 1.2746771548E+00 2.8780773427E+00 5.7706175317E-06 2.6145144813E-06 -5.9987440894E-07 -1.0481497696E-08 9.5823719101E-01 -2.3958941603E+00 4.2719389398E-06 -3.7823065848E-06 2.3958941603E+00 9.5823719101E-01
143.00 3.7365917174E+00 1.3550604615E+00 6.0646004471E-06 4.1810820494E-06 1.3550604615E+00 3.7365917174E+00 5.9096868685E-06 3.5549813293E-06 -1.0258040846E-06 2.9278418878E-07 1.4767218349E+00 -3.1536045140E+00 5.1267620918E-06 -4.5333989934E-06 3.1536045140E+00 1.4767218349E+00
144.00 4.7139890056E+00 1.4619465351E+00 6.1365978243E-06 5.2608879186E-06 1.4619465351E+00 4.7139890056E+00 5.9819793806E-06 4.4554989915E-06 -1.4340516755E-06 5.6068828804E-07 2.1403586993E+00 -3.9374191181E+00 5.9053671779E-06 -5.1880890876E-06 3.9374191181E+00 2.1403586993E+00
145.00 5.7742898696E+00 1.6126139887E+00 6.1286176978E-06 6.3051366071E-06 1.6126139887E+00 5.7742898696E+00 5.9868138693E-06 5.3095766134E-06 -1.8142106448E-06 7.8757446245E-07 2.9276487277E+00 -4.7085849837E+00 6.5933538181E-06 -5.7325598906E-06 4.7085849837E+00 2.9276487277E+00
146.00 6.8782427348E+00 1.8256599508E+00 6.0422719685E-06 7.3003799319E-06 1.8256599508E+00 6.8782427348E+00 5.9244070532E-06 6.1119162975E-06 -2.1565128200E-06 9.6870894484E-07 3.8102189822E+00 -5.4276532839E+00 7.1782489824E-06 -6.1553985284E-06 5.4276532839E+00 3.8102189822E+00
147.00 7.9856036025E+00 2.1196210319E+00 5.8803766625E-06 8.2338961817E-06 2.1196210319E+00 7.9856036025E+00 5.7958875218E-06 6.8583714687E-06 -2.4521003225E-06 1.1004023724E-06 4.7536915383E+00 -6.0563593302E+00 7.6497773660E-06 -6.4478445782E-06 6.0563593302E+00 4.7536915383E+00
148.00 9.0575136686E+00 2.5114907873E+00 5.6468846629E-06 9.0939385904E-06 2.5114907873E+00 9.0575136686E+00 5.6032998907E-06 7.5458747761E-06 -2.6932735874E-06 1.1801063986E-06 5.7187690989E+00 -6.5594700911E+00 8.0000835438E-06 -6.6039820208E-06 6.5594700911E+00 5.7187690989E+00
149.00 1.0058842464E+01 3.0152275008E+00 5.3468031472E-06 9.8699673470E-06 3.0152275008E+00 1.0058842464E+01 5.3495978746E-06 8.1723404279E-06 -2.8737083313E-06 1.2064821922E-06 6.6624934918E+00 -6.9065110807E+00 8.2239003609E-06 -6.6208703056E-06 6.9065110807E+00 6.6624934918E+00
150.00 1.0960363469E+01 3.6403497169E+00 4.9860970930E-06 1.0552858848E-05 3.6403497169E+00 1.0960363469E+01 5.0386250455E-06 8.7365465117E-06 -2.9886352708E-06 1.1794387637E-06 7.5396289197E+00 -7.0732889852E+00 8.3186591436E-06 -6.4986112472E-06 7.0732889852E+00 7.5396289197E+00
151.00 1.1740635731E+01 4.3907146599E+00 4.5715803326E-06 1.1135086173E-05 4.3907146600E+00 1.1740635731E+01 4.6750820923E-06 9.2380031437E-06 -3.0349774089E-06 1.1001399282E-06 8.3041195971E+00 -7.0431349461E+00 8.2845385964E-06 -6.2403496381E-06 7.0431349461E+00 8.3041195971E+00
152.00 1.2387478729E+01 5.2635665417E+00 4.1107956896E-06 1.1610865427E-05 5.2635665417E+00 1.2387478729E+01 4.2644796415E-06 9.6768126201E-06 -3.0114410435E-06 9.7097969457E-07 8.9105711572E+00 -6.8078056806E+00 8.1244506828E-06 -5.8522069708E-06 6.8078056806E+00 8.9105711572E+00
153.00 1.2898947920E+01 6.2489281699E+00 3.6118858932E-06 1.1976263264E-05 6.2489281699E+00 1.2898947920E+01 3.8130759604E-06 1.0053527606E-05 -2.9185578808E-06 7.9552675886E-07 9.3157067786E+00 -6.3679950828E+00 7.8439632928E-06 -5.3431490289E-06 6.3679950828E+00 9.3157067786E+00
154.00 1.3283744106E+01 7.3293909483E+00 3.0834569661E-06 1.2229261862E-05 7.3293909483E+00 1.3283744106E+01 3.3277991701E-06 1.0369013185E-05 -2.7586771277E-06 5.7843972464E-07 9.4797521592E+00 -5.7334269673E+00 7.4511610394E-06 -4.7247896268E-06 5.7334269673E+00 9.4797521592E+00
155.00 1.3561019649E+01 8.4803363137E+00 2.5344360824E-06 1.2369778704E-05 8.4803363137E+00 1.3561019649E+01 2.8161542062E-06 1.0624318169E-05 -2.5359077547E-06 3.2535541644E-07 9.3677079858E+00 -4.9225193780E+00 6.9564471827E-06 -4.0111343803E-06 4.9225193780E+00 9.3677079858E+00
156.00 1.3759577022E+01 9.6705971268E+00 1.9739258230E-06 1.2399639778E-05 9.6705971268E+00 1.3759577022E+01 2.2861150523E-06 1.0820560447E-05 -2.2560125997E-06 4.2753497219E-08 8.9504741350E+00 -3.9616314571E+00 6.3722911725E-06 -3.2182697865E-06 3.9616314570E+00 8.9504741350E+00
157.00 1.3916488543E+01 1.0863541909E+01 1.4110570001E-06 1.2322506057E-05 1.0863541909E+01 1.3916488543E+01 1.7460034586E-06 1.0958830374E-05 -1.9262572538E-06 -2.6219888690E-07 8.2057961960E+00 -2.8839242931E+00 5.7129278025E-06 -2.3640043731E-06 2.8839242931E+00 8.2057961960E+00
158.00 1.4075198525E+01 1.2018539594E+01 8.5484221099E-07 1.2143754529E-05 1.2018539594E+01 1.4075198525E+01 1.2043557769E-06 1.1040115284E-05 -1.5552179431E-06 -5.8181817473E-07 7.1190117400E+00 -1.7278863975E+00 4.9940152574E-06 -1.4674699005E-06 1.7278863975E+00 7.1190117400E+00
159.00 1.4283198700E+01 1.3092739062E+01 3.1403242221E-07 1.1870316405E-05 1.3092739062E+01 1.4283198700E+01 6.6978013712E-07 1.1065247282E-05 -1.1525536920E-06 -9.0808660116E-07 5.6835807946E+00 -5.3559154673E-01 4.2322605028E-06 -5.4869173773E-07 5.3559154673E-01 5.6835807946E+00
160.00 1.4589392959E+01 1.4043077617E+01 -2.0302119497E-07 1.1510476444E-05 1.4043077617E+01 1.4589392959E+01 1.5080656491E-07 1.1034875320E-05 -7.2874904505E-07 -1.2328407909E-06 3.9013919724E+00 6.4922925015E-01 3.4450213292E-06 3.7186166529E-07 -6.4922925015E-01 3.9013919724E+00
161.00 1.5041286821E+01 1.4828416818E+01 -6.8849793414E-07 1.1073638633E-05 1.4828416818E+01 1.5041286821E+01 -3.4426690992E-07 1.0949461639E-05 -2.9483436083E-07 -1.5479619256E-06 1.7828424194E+00 1.7832096967E+00 2.6498950011E-06 1.2737396113E-06 -1.7832096967E+00 1.7828424194E+00
162.00 1.5682149304E+01 1.5411693802E+01 -1.1352286463E-06 1.0570064494E-05 1.5411693802E+01 1.5682149304E+01 -8.0752886767E-07 1.0809301444E-05 1.3790868914E-07 -1.8455628142E-06 -6.5330397901E-01 2.8253663224E+00 1.8643038050E-06 2.1369694628E-06 -2.8253663224E+00 -6.5330397901E-01
163.00 1.6548299400E+01 1.5761972009E+01 -1.5368051586E-06 1.0010591372E-05 1.5761972009E+01 1.6548299400E+01 -1.2316062015E-06 1.0614563925E-05 5.5824847948E-07 -2.1181673866E-06 -3.3802700261E+00 3.7390140334E+00 1.1050878040E-06 2.9425055265E-06 -3.7390140334E+00 -3.3802700261E+00
164.00 1.7666665712E+01 1.5856277375E+01 -1.8876763770E-06 9.4063385709E-06 1.5856277375E+01 1.7666665712E+01 -1.6098094290E-06 1.0365351537E-05 9.5530347162E-07 -2.3588784758E-06 -6.3638151975E+00 4.4934843198E+00 3.8811484010E-07 3.6726559401E-06 -4.4934843198E+00 -6.3638151975E+00
165.00 1.9052756087E+01 1.5681114618E+01 -2.1832294484E-06 8.7684100757E-06 1.5681114618E+01 1.9052756087E+01 -1.9362679480E-06 1.0061774169E-05 1.3188328901E-06 -2.5615302336E-06 -9.5629629080E+00 5.0655601129E+00 -2.7208273941E-07 4.3114775882E-06 -5.0655601129E+00 -9.5629629080E+00
166.00 2.0709154814E+01 1.5233572792E+01 -2.4198547794E-06 8.1076023555E-06 1.5233572792E+01 2.0709154814E+01 -2.2060518507E-06 9.7040336802E-06 1.6395102151E-06 -2.7208219545E-06 -1.2930882402E+01 5.4405545126E+00 -8.6263596378E-07 4.8451299023E-06 -5.4405545126E+00 -1.2930882402E+01
167.00 2.2624639135E+01 1.4521949022E+01 -2.5949939329E-06 7.4341261967E-06 1.4521949022E+01 2.2624639135E+01 -2.4152770769E-06 9.2925144190E-06 1.9091721693E-06 -2.8324306885E-06 -1.6415900040E+01 5.6129776833E+00 -1.3726241613E-06 5.2621795505E-06 -5.6129776833E+00 -1.6415900040E+01
168.00 2.4773975684E+01 1.3565843425E+01 -2.7071699250E-06 6.7573507993E-06 1.3565843425E+01 2.4773975684E+01 -2.5611912184E-06 8.8278747493E-06 2.1210365411E-06 -2.8931006216E-06 -1.9962612987E+01 5.5867563135E+00 -1.7933104999E-06 5.5538492572E-06 -5.5867563135E+00 -1.9962612987E+01
169.00 2.7118422709E+01 1.2395705158E+01 -2.7559995444E-06 6.0855780613E-06 1.2395705158E+01 2.7118422709E+01 -2.6422374951E-06 8.3111348571E-06 2.2698830022E-06 -2.9007077439E-06 -2.3513077276E+01 5.3749921708E+00 -2.1183232261E-06 5.7142054988E-06 -5.3749921708E+00 -2.3513077276E+01
170.00 2.9606927331E+01 1.1051838042E+01 -2.7421878843E-06 5.4258539094E-06 1.1051838042E+01 2.9606927331E+01 -2.6580951546E-06 7.7437561674E-06 2.3521920975E-06 -2.8542989616E-06 -2.7008041914E+01 4.9992693282E+00 -2.3437790048E-06 5.7402813099E-06 -4.9992693282E+00 -2.7008041914E+01
171.00 3.2177970674E+01 9.5829027116E+00 -2.6675054776E-06 4.7838225321E-06 9.5829027116E+00 3.2177970674E+01 -2.6096950333E-06 7.1277082006E-06 2.3662386803E-06 -2.7541053980E-06 -3.0388200987E+01 4.4885424187E+00 -2.4683463245E-06 5.6321320469E-06 -4.4885424187E+00 -3.0388200987E+01
172.00 3.4761979283E+01 8.0439791218E+00 -2.5347487147E-06 4.1636280736E-06 8.0439791218E+00 3.4761979283E+01 -2.4992095716E-06 6.4655192726E-06 2.3121372811E-06 -2.6015301043E-06 -3.3595436588E+01 3.8776596071E+00 -2.4932484278E-06 5.3928235472E-06 -3.8776596071E+00 -3.3595436588E+01
173.00 3.7284190863E+01 6.4942771000E+00 -2.3476845412E-06 3.5678667711E-06 6.4942771000E+00 3.7284190863E+01 -2.3300173024E-06 5.7603081456E-06 2.1918381851E-06 -2.3991109990E-06 -3.6574026692E+01 3.2055927292E+00 -2.4222065725E-06 5.0283536356E-06 -3.2055927292E+00 -3.6574026692E+01
174.00 3.9667837520E+01 4.9946021495E+00 -2.1109806135E-06 2.9975910039E-06 4.9946021495E+00 3.9667837520E+01 -2.1066423398E-06 5.0157946298E-06 2.0090743261E-06 -2.1504602329E-06 -3.9271793828E+01 2.5134622434E+00 -2.2613258305E-06 4.5475093936E-06 -2.5134622434E+00 -3.9271793828E+01
175.00 4.1837491873E+01 3.6046977366E+00 -1.8301222173E-06 2.4523650095E-06 3.6046977366E+00 4.1837491873E+01 -1.8346700017E-06 4.2362880624E-06 1.7692603516E-06 -1.8601816118E-06 -4.1641172394E+01 1.8424554497E+00 -2.0189268205E-06 3.9616639386E-06 -1.8424554497E+00 -4.1641172394E+01
176.00 4.3722411458E+01 2.3805931107E+00 -1.5113175171E-06 1.9303703671E-06 2.3805931107E+00 4.3722411458E+01 -1.5206403193E-06 3.4266536576E-06 1.4793466166E-06 -1.5337681242E-06 -4.3640174738E+01 1.2317422613E+00 -1.7053278559E-06 3.2845177314E-06 -1.2317422613E+00 -4.3640174738E+01
177.00 4.5259715563E+01 1.3720868103E+00 -1.1613926242E-06 1.4285576773E-06 1.3720868103E+00 4.5259715563E+01 -1.1719215331E-06 2.5922575461E-06 1.1476319232E-06 -1.1774817895E-06 -4.5233238531E+01 7.1649333333E-01 -1.3325829211E-06 2.5317903366E-06 -7.1649333333E-01 -4.5233238531E+01
178.00 4.6397235893E+01 6.2049031308E-01 -7.8767821661E-07 9.4283937844E-07 6.2049031308E-01 4.6397235893E+01 -7.9656630624E-07 1.7388924436E-06 7.8354009361E-07 -7.9821848581E-07 -4.6391940558E+01 3.2610049618E-01 -9.1418168351E-07 1.7208696121E-06 -3.2610049618E-01 -4.6391940558E+01
179.00 4.7095898079E+01 1.5674406600E-01 -3.9788932206E-07 4.6831727984E-07 1.5674406600E-01 4.7095898079E+01 -4.0315359447E-07 8.7268667861E-07 3.9736630133E-07 -4.0336046482E-07 -4.7095564649E+01 8.2689445915E-02 -4.6471842063E-07 8.7042598529E-07 -8.2689445915E-02 -4.7095564649E+01
180.00 4.7331514188E+01 6.2477800711E-14 -5.5747506718E-17 -4.6283720653E-10 6.2477800711E-14 4.7331514188E+01 -6.1949209779E-10 -1.0379710569E-15 5.5747506562E-17 -6.1949209779E-10 -4.7331514188E+01 -6.9277916737E-14 4.6283720653E-10 -1.0379710554E-15 6.9277916737E-14 -4.7331514188E+01
