x y z ADDATime OurCalcTime
0.0000000000 -4.2000000000 5.0000000000 0.0100000000 172.3300000000
0.0000000000 -3.2000000000 5.0000000000 0.0000000000 171.3300000000
0.0000000000 -2.2000000000 5.0000000000 0.0100000000 172.7800000000
0.0000000000 -1.2000000000 5.0000000000 0.0100000000 172.1000000000
0.0000000000 -0.2000000000 5.0000000000 0.0100000000 173.6500000000
0.0000000000 0.8000000000 5.0000000000 0.0100000000 173.5900000000
0.0000000000 1.8000000000 5.0000000000 0.0000000000 173.7900000000
0.0000000000 2.8000000000 5.0000000000 0.0000000000 173.1800000000
0.0000000000 3.8000000000 5.0000000000 0.0100000000 173.2400000000
0.0000000000 4.8000000000 5.0000000000 0.0100000000 173.0900000000
0.0000000000 0.0000000000 0.0000000000 0.0000000000 0.0000000000
