0.0000000000 -5.0000000000 5.0000000000 0.0000000000 -0.0000000000 0.0000000000
0.0000000000 -4.8000000000 5.0000000000 0.0000000000 -0.0000000000 0.0000000000
0.0000000000 -4.6000000000 5.0000000000 -0.0000000000 -0.0000000000 0.0000000000
0.0000000000 -4.4000000000 5.0000000000 -0.0000000000 -0.0000000000 0.0000000000
0.0000000000 -4.2000000000 5.0000000000 -0.0000000000 -0.0000000000 0.0000000000
0.0000000000 -4.0000000000 5.0000000000 0.0000000000 -0.0000000000 0.0000000000
0.0000000000 -3.8000000000 5.0000000000 -0.0000000000 -0.0000000000 0.0000000000
0.0000000000 -3.6000000000 5.0000000000 0.0000000000 -0.0000000000 0.0000000000
0.0000000000 -3.4000000000 5.0000000000 -0.0000000000 -0.0000000000 0.0000000000
0.0000000000 -3.2000000000 5.0000000000 0.0000000000 -0.0000000000 0.0000000000
0.0000000000 -3.0000000000 5.0000000000 0.0000000000 -0.0000000001 0.0000000001
0.0000000000 -2.8000000000 5.0000000000 -0.0000000000 -0.0000000001 0.0000000001
0.0000000000 -2.6000000000 5.0000000000 -0.0000000000 -0.0000000002 0.0000000002
0.0000000000 -2.4000000000 5.0000000000 0.0000000000 -0.0000000002 0.0000000004
0.0000000000 -2.2000000000 5.0000000000 0.0000000000 -0.0000000003 0.0000000006
0.0000000000 -2.0000000000 5.0000000000 0.0000000000 -0.0000000005 0.0000000009
0.0000000000 -1.8000000000 5.0000000000 0.0000000000 -0.0000000006 0.0000000014
0.0000000000 -1.6000000000 5.0000000000 -0.0000000000 -0.0000000007 0.0000000019
0.0000000000 -1.4000000000 5.0000000000 -0.0000000000 -0.0000000009 0.0000000026
0.0000000000 -1.2000000000 5.0000000000 -0.0000000000 -0.0000000009 0.0000000034
0.0000000000 -1.0000000000 5.0000000000 -0.0000000000 -0.0000000010 0.0000000043
0.0000000000 -0.8000000000 5.0000000000 0.0000000000 -0.0000000009 0.0000000051
0.0000000000 -0.6000000000 5.0000000000 0.0000000000 -0.0000000008 0.0000000059
0.0000000000 -0.4000000000 5.0000000000 0.0000000000 -0.0000000006 0.0000000066
0.0000000000 -0.2000000000 5.0000000000 -0.0000000000 -0.0000000003 0.0000000070
0.0000000000 0.0000000000 5.0000000000 -0.0000000000 0.0000000000 0.0000000071
0.0000000000 0.2000000000 5.0000000000 -0.0000000000 0.0000000003 0.0000000070
0.0000000000 0.4000000000 5.0000000000 -0.0000000000 0.0000000006 0.0000000066
0.0000000000 0.6000000000 5.0000000000 0.0000000000 0.0000000008 0.0000000059
0.0000000000 0.8000000000 5.0000000000 0.0000000000 0.0000000009 0.0000000051
0.0000000000 1.0000000000 5.0000000000 -0.0000000000 0.0000000010 0.0000000043
0.0000000000 1.2000000000 5.0000000000 0.0000000000 0.0000000009 0.0000000034
0.0000000000 1.4000000000 5.0000000000 0.0000000000 0.0000000009 0.0000000026
0.0000000000 1.6000000000 5.0000000000 0.0000000000 0.0000000007 0.0000000019
0.0000000000 1.8000000000 5.0000000000 0.0000000000 0.0000000006 0.0000000014
0.0000000000 2.0000000000 5.0000000000 -0.0000000000 0.0000000005 0.0000000009
0.0000000000 2.2000000000 5.0000000000 -0.0000000000 0.0000000003 0.0000000006
0.0000000000 2.4000000000 5.0000000000 0.0000000000 0.0000000002 0.0000000004
0.0000000000 2.6000000000 5.0000000000 0.0000000000 0.0000000002 0.0000000002
0.0000000000 2.8000000000 5.0000000000 0.0000000000 0.0000000001 0.0000000001
0.0000000000 3.0000000000 5.0000000000 -0.0000000000 0.0000000001 0.0000000001
0.0000000000 3.2000000000 5.0000000000 -0.0000000000 0.0000000000 0.0000000000
0.0000000000 3.4000000000 5.0000000000 -0.0000000000 0.0000000000 0.0000000000
0.0000000000 3.6000000000 5.0000000000 0.0000000000 0.0000000000 0.0000000000
0.0000000000 3.8000000000 5.0000000000 0.0000000000 0.0000000000 0.0000000000
0.0000000000 4.0000000000 5.0000000000 0.0000000000 0.0000000000 0.0000000000
0.0000000000 4.2000000000 5.0000000000 -0.0000000000 0.0000000000 0.0000000000
0.0000000000 4.4000000000 5.0000000000 -0.0000000000 0.0000000000 0.0000000000
0.0000000000 4.6000000000 5.0000000000 0.0000000000 0.0000000000 0.0000000000
0.0000000000 4.8000000000 5.0000000000 0.0000000000 0.0000000000 0.0000000000
