0.000000e+00 5.146024e-21
1.000000e+00 7.578454e-21
2.000000e+00 1.000946e-20
3.000000e+00 1.243608e-20
4.000000e+00 1.485535e-20
5.000000e+00 1.726433e-20
6.000000e+00 1.966009e-20
7.000000e+00 2.203970e-20
8.000000e+00 2.440027e-20
9.000000e+00 2.673891e-20
1.000000e+01 2.905279e-20
1.100000e+01 3.133908e-20
1.200000e+01 3.359500e-20
1.300000e+01 3.581780e-20
1.400000e+01 3.800476e-20
1.500000e+01 4.015323e-20
1.600000e+01 4.226059e-20
1.700000e+01 4.432427e-20
1.800000e+01 4.634176e-20
1.900000e+01 4.831060e-20
2.000000e+01 5.022838e-20
2.100000e+01 5.209278e-20
2.200000e+01 5.390152e-20
2.300000e+01 5.565239e-20
2.400000e+01 5.734328e-20
2.500000e+01 5.897210e-20
2.600000e+01 6.053689e-20
2.700000e+01 6.203573e-20
2.800000e+01 6.346680e-20
2.900000e+01 6.482835e-20
3.000000e+01 6.611872e-20
3.100000e+01 6.733635e-20
3.200000e+01 6.847975e-20
3.300000e+01 6.954752e-20
3.400000e+01 7.053837e-20
3.500000e+01 7.145108e-20
3.600000e+01 7.228456e-20
3.700000e+01 7.303777e-20
3.800000e+01 7.370980e-20
3.900000e+01 7.429984e-20
4.000000e+01 7.480717e-20
4.100000e+01 7.523116e-20
4.200000e+01 7.557130e-20
4.300000e+01 7.582718e-20
4.400000e+01 7.599848e-20
4.500000e+01 7.608500e-20
4.600000e+01 7.608663e-20
4.700000e+01 7.600336e-20
4.800000e+01 7.583531e-20
4.900000e+01 7.558267e-20
5.000000e+01 7.524576e-20
5.100000e+01 7.482497e-20
5.200000e+01 7.432083e-20
5.300000e+01 7.373395e-20
5.400000e+01 7.306505e-20
5.500000e+01 7.231494e-20
5.600000e+01 7.148453e-20
5.700000e+01 7.057483e-20
5.800000e+01 6.958696e-20
5.900000e+01 6.852211e-20
6.000000e+01 6.738159e-20
6.100000e+01 6.616679e-20
6.200000e+01 6.487917e-20
6.300000e+01 6.352032e-20
6.400000e+01 6.209189e-20
6.500000e+01 6.059562e-20
6.600000e+01 5.903332e-20
6.700000e+01 5.740692e-20
6.800000e+01 5.571838e-20
6.900000e+01 5.396976e-20
7.000000e+01 5.216319e-20
7.100000e+01 5.030088e-20
7.200000e+01 4.838510e-20
7.300000e+01 4.641817e-20
7.400000e+01 4.440173e-20
7.500000e+01 4.233982e-20
7.600000e+01 4.023414e-20
7.700000e+01 3.808724e-20
7.800000e+01 3.590175e-20
7.900000e+01 3.368033e-20
8.000000e+01 3.142568e-20
8.100000e+01 2.914056e-20
8.200000e+01 2.682773e-20
8.300000e+01 2.449004e-20
8.400000e+01 2.213031e-20
8.500000e+01 1.975143e-20
8.600000e+01 1.735629e-20
8.700000e+01 1.494781e-20
8.800000e+01 1.252893e-20
8.900000e+01 1.010260e-20
9.000000e+01 7.671762e-21
9.100000e+01 5.239388e-21
9.200000e+01 2.808439e-21
9.300000e+01 3.818765e-22
9.400000e+01 -2.037343e-21
9.500000e+01 -4.446272e-21
9.600000e+01 -6.841976e-21
9.700000e+01 -9.221536e-21
9.800000e+01 -1.158205e-20
9.900000e+01 -1.392065e-20
1.000000e+02 -1.623448e-20
1.010000e+02 -1.852072e-20
1.020000e+02 -2.077659e-20
1.030000e+02 -2.299934e-20
1.040000e+02 -2.518625e-20
1.050000e+02 -2.733468e-20
1.060000e+02 -2.944199e-20
1.070000e+02 -3.150562e-20
1.080000e+02 -3.352306e-20
1.090000e+02 -3.549185e-20
1.100000e+02 -3.740959e-20
1.110000e+02 -3.927395e-20
1.120000e+02 -4.108265e-20
1.130000e+02 -4.283348e-20
1.140000e+02 -4.452432e-20
1.150000e+02 -4.615311e-20
1.160000e+02 -4.771785e-20
1.170000e+02 -4.921666e-20
1.180000e+02 -5.064769e-20
1.190000e+02 -5.200920e-20
1.200000e+02 -5.329955e-20
1.210000e+02 -5.451714e-20
1.220000e+02 -5.566051e-20
1.230000e+02 -5.672825e-20
1.240000e+02 -5.771908e-20
1.250000e+02 -5.863177e-20
1.260000e+02 -5.946522e-20
1.270000e+02 -6.021841e-20
1.280000e+02 -6.089042e-20
1.290000e+02 -6.148044e-20
1.300000e+02 -6.198982e-20
1.310000e+02 -6.241380e-20
1.320000e+02 -6.275394e-20
1.330000e+02 -6.300981e-20
1.340000e+02 -6.318111e-20
1.350000e+02 -6.326762e-20
1.360000e+02 -6.326924e-20
1.370000e+02 -6.318597e-20
1.380000e+02 -6.301791e-20
1.390000e+02 -6.276527e-20
1.400000e+02 -6.242835e-20
1.410000e+02 -6.200756e-20
1.420000e+02 -6.150341e-20
1.430000e+02 -6.091653e-20
1.440000e+02 -6.024762e-20
1.450000e+02 -5.949750e-20
1.460000e+02 -5.866708e-20
1.470000e+02 -5.775738e-20
1.480000e+02 -5.676950e-20
1.490000e+02 -5.570465e-20
1.500000e+02 -5.456412e-20
1.510000e+02 -5.334931e-20
1.520000e+02 -5.206169e-20
1.530000e+02 -5.070283e-20
1.540000e+02 -4.927439e-20
1.550000e+02 -4.777811e-20
1.560000e+02 -4.621581e-20
1.570000e+02 -4.458939e-20
1.580000e+02 -4.290084e-20
1.590000e+02 -4.115222e-20
1.600000e+02 -3.934564e-20
1.610000e+02 -3.748333e-20
1.620000e+02 -3.556753e-20
1.630000e+02 -3.360060e-20
1.640000e+02 -3.158492e-20
1.650000e+02 -2.952295e-20
1.660000e+02 -2.741720e-20
1.670000e+02 -2.527025e-20
1.680000e+02 -2.308469e-20
1.690000e+02 -2.086321e-20
1.700000e+02 -1.860850e-20
1.710000e+02 -1.632331e-20
1.720000e+02 -1.401042e-20
1.730000e+02 -1.167266e-20
1.740000e+02 -9.312874e-21
1.750000e+02 -6.933931e-21
1.760000e+02 -4.538733e-21
1.770000e+02 -2.130198e-21
1.780000e+02 2.887391e-22
1.790000e+02 2.715132e-21
1.800000e+02 5.146024e-21
1.810000e+02 7.578454e-21
1.820000e+02 1.000946e-20
1.830000e+02 1.243608e-20
1.840000e+02 1.485535e-20
1.850000e+02 1.726433e-20
1.860000e+02 1.966009e-20
1.870000e+02 2.203970e-20
1.880000e+02 2.440027e-20
1.890000e+02 2.673891e-20
1.900000e+02 2.905279e-20
1.910000e+02 3.133908e-20
1.920000e+02 3.359500e-20
1.930000e+02 3.581780e-20
1.940000e+02 3.800476e-20
1.950000e+02 4.015323e-20
1.960000e+02 4.226059e-20
1.970000e+02 4.432427e-20
1.980000e+02 4.634176e-20
1.990000e+02 4.831060e-20
2.000000e+02 5.022838e-20
2.010000e+02 5.209278e-20
2.020000e+02 5.390152e-20
2.030000e+02 5.565239e-20
2.040000e+02 5.734328e-20
2.050000e+02 5.897210e-20
2.060000e+02 6.053689e-20
2.070000e+02 6.203573e-20
2.080000e+02 6.346680e-20
2.090000e+02 6.482835e-20
2.100000e+02 6.611872e-20
2.110000e+02 6.733635e-20
2.120000e+02 6.847975e-20
2.130000e+02 6.954752e-20
2.140000e+02 7.053837e-20
2.150000e+02 7.145108e-20
2.160000e+02 7.228456e-20
2.170000e+02 7.303777e-20
2.180000e+02 7.370980e-20
2.190000e+02 7.429984e-20
2.200000e+02 7.480717e-20
2.210000e+02 7.523116e-20
2.220000e+02 7.557130e-20
2.230000e+02 7.582718e-20
2.240000e+02 7.599848e-20
2.250000e+02 7.608500e-20
2.260000e+02 7.608663e-20
2.270000e+02 7.600336e-20
2.280000e+02 7.583531e-20
2.290000e+02 7.558267e-20
2.300000e+02 7.524576e-20
2.310000e+02 7.482497e-20
2.320000e+02 7.432083e-20
2.330000e+02 7.373395e-20
2.340000e+02 7.306505e-20
2.350000e+02 7.231494e-20
2.360000e+02 7.148453e-20
2.370000e+02 7.057483e-20
2.380000e+02 6.958696e-20
2.390000e+02 6.852211e-20
2.400000e+02 6.738159e-20
2.410000e+02 6.616679e-20
2.420000e+02 6.487917e-20
2.430000e+02 6.352032e-20
2.440000e+02 6.209189e-20
2.450000e+02 6.059562e-20
2.460000e+02 5.903332e-20
2.470000e+02 5.740692e-20
2.480000e+02 5.571838e-20
2.490000e+02 5.396976e-20
2.500000e+02 5.216319e-20
2.510000e+02 5.030088e-20
2.520000e+02 4.838510e-20
2.530000e+02 4.641817e-20
2.540000e+02 4.440173e-20
2.550000e+02 4.233982e-20
2.560000e+02 4.023414e-20
2.570000e+02 3.808724e-20
2.580000e+02 3.590175e-20
2.590000e+02 3.368033e-20
2.600000e+02 3.142568e-20
2.610000e+02 2.914056e-20
2.620000e+02 2.682773e-20
2.630000e+02 2.449004e-20
2.640000e+02 2.213031e-20
2.650000e+02 1.975143e-20
2.660000e+02 1.735629e-20
2.670000e+02 1.494781e-20
2.680000e+02 1.252893e-20
2.690000e+02 1.010260e-20
2.700000e+02 7.671762e-21
2.710000e+02 5.239388e-21
2.720000e+02 2.808439e-21
2.730000e+02 3.818765e-22
2.740000e+02 -2.037343e-21
2.750000e+02 -4.446272e-21
2.760000e+02 -6.841976e-21
2.770000e+02 -9.221536e-21
2.780000e+02 -1.158205e-20
2.790000e+02 -1.392065e-20
2.800000e+02 -1.623448e-20
2.810000e+02 -1.852072e-20
2.820000e+02 -2.077659e-20
2.830000e+02 -2.299934e-20
2.840000e+02 -2.518625e-20
2.850000e+02 -2.733468e-20
2.860000e+02 -2.944199e-20
2.870000e+02 -3.150562e-20
2.880000e+02 -3.352306e-20
2.890000e+02 -3.549185e-20
2.900000e+02 -3.740959e-20
2.910000e+02 -3.927395e-20
2.920000e+02 -4.108265e-20
2.930000e+02 -4.283348e-20
2.940000e+02 -4.452432e-20
2.950000e+02 -4.615311e-20
2.960000e+02 -4.771785e-20
2.970000e+02 -4.921666e-20
2.980000e+02 -5.064769e-20
2.990000e+02 -5.200920e-20
3.000000e+02 -5.329955e-20
3.010000e+02 -5.451714e-20
3.020000e+02 -5.566051e-20
3.030000e+02 -5.672825e-20
3.040000e+02 -5.771908e-20
3.050000e+02 -5.863177e-20
3.060000e+02 -5.946522e-20
3.070000e+02 -6.021841e-20
3.080000e+02 -6.089042e-20
3.090000e+02 -6.148044e-20
3.100000e+02 -6.198982e-20
3.110000e+02 -6.241380e-20
3.120000e+02 -6.275394e-20
3.130000e+02 -6.300981e-20
3.140000e+02 -6.318111e-20
3.150000e+02 -6.326762e-20
3.160000e+02 -6.326924e-20
3.170000e+02 -6.318597e-20
3.180000e+02 -6.301791e-20
3.190000e+02 -6.276527e-20
3.200000e+02 -6.242835e-20
3.210000e+02 -6.200756e-20
3.220000e+02 -6.150341e-20
3.230000e+02 -6.091653e-20
3.240000e+02 -6.024762e-20
3.250000e+02 -5.949750e-20
3.260000e+02 -5.866708e-20
3.270000e+02 -5.775738e-20
3.280000e+02 -5.676950e-20
3.290000e+02 -5.570465e-20
3.300000e+02 -5.456412e-20
3.310000e+02 -5.334931e-20
3.320000e+02 -5.206169e-20
3.330000e+02 -5.070283e-20
3.340000e+02 -4.927439e-20
3.350000e+02 -4.777811e-20
3.360000e+02 -4.621581e-20
3.370000e+02 -4.458939e-20
3.380000e+02 -4.290084e-20
3.390000e+02 -4.115222e-20
3.400000e+02 -3.934564e-20
3.410000e+02 -3.748333e-20
3.420000e+02 -3.556753e-20
3.430000e+02 -3.360060e-20
3.440000e+02 -3.158492e-20
3.450000e+02 -2.952295e-20
3.460000e+02 -2.741720e-20
3.470000e+02 -2.527025e-20
3.480000e+02 -2.308469e-20
3.490000e+02 -2.086321e-20
3.500000e+02 -1.860850e-20
3.510000e+02 -1.632331e-20
3.520000e+02 -1.401042e-20
3.530000e+02 -1.167266e-20
3.540000e+02 -9.312874e-21
3.550000e+02 -6.933931e-21
3.560000e+02 -4.538733e-21
3.570000e+02 -2.130198e-21
3.580000e+02 2.887391e-22
3.590000e+02 2.715132e-21
3.600000e+02 5.146024e-21
