-1.219287e-26 -8.546558e-26 -3.392227e-25 -6.221864e-25 6.981390e-25 7.788284e-24 2.463848e-23 4.782705e-23 6.349646e-23 5.771201e-23 3.166532e-23 2.028240e-24 -1.523486e-23 -1.747759e-23 -1.202336e-23 -6.118750e-24 -2.473890e-24 -8.105997e-25 -2.107339e-25 -4.140986e-26 -5.839759e-27
-7.485406e-26 -4.841083e-25 -1.838828e-24 -3.632425e-24 5.017052e-25 2.626880e-23 8.755351e-23 1.696554e-22 2.202455e-22 1.895659e-22 8.584342e-23 -2.591711e-23 -8.581391e-23 -8.612204e-23 -5.745207e-23 -2.921350e-23 -1.199945e-23 -4.055627e-24 -1.106061e-24 -2.320156e-25 -3.528156e-26
-3.404899e-25 -2.054067e-24 -7.549889e-24 -1.573559e-23 -7.452891e-24 6.363976e-23 2.357440e-22 4.612748e-22 5.865594e-22 4.737678e-22 1.584712e-22 -1.628150e-22 -3.178467e-22 -2.934451e-22 -1.885482e-22 -9.337889e-23 -3.754896e-23 -1.252672e-23 -3.412997e-24 -7.230352e-25 -1.114855e-25
-1.201248e-24 -6.859642e-24 -2.468677e-23 -5.402382e-23 -4.959275e-23 9.879772e-23 4.784009e-22 9.718974e-22 1.221186e-21 9.216220e-22 1.805042e-22 -5.334140e-22 -8.324910e-22 -7.141083e-22 -4.309852e-22 -1.972281e-22 -7.123685e-23 -2.069463e-23 -4.729386e-24 -7.713133e-25 -6.704924e-26
-3.378031e-24 -1.852966e-23 -6.599395e-23 -1.512095e-22 -1.893857e-22 3.568768e-23 6.972191e-22 1.574672e-21 1.996137e-21 1.410843e-21 5.613100e-23 -1.174575e-21 -1.588406e-21 -1.243812e-21 -6.595644e-22 -2.352980e-22 -4.552836e-23 5.101395e-24 8.025510e-24 3.540881e-24 9.807351e-25
-7.557682e-24 -4.049655e-23 -1.441669e-22 -3.442734e-22 -5.150877e-22 -3.009457e-22 6.045611e-22 1.889509e-21 2.528792e-21 1.691122e-21 -2.292531e-22 -1.860499e-21 -2.210545e-21 -1.480852e-21 -5.369007e-22 2.777676e-23 1.776023e-22 1.320521e-22 6.133664e-23 2.041615e-23 4.961506e-24
-1.299280e-23 -6.972295e-23 -2.513540e-22 -6.237659e-22 -1.041819e-21 -1.013519e-21 -6.100334e-23 1.497593e-21 2.384802e-21 1.539504e-21 -5.428564e-22 -2.159588e-21 -2.168177e-21 -9.761527e-22 2.379509e-22 7.671704e-22 6.923449e-22 4.066465e-22 1.749680e-22 5.659340e-23 1.361845e-23
-1.560774e-23 -8.862276e-23 -3.325197e-22 -8.633014e-22 -1.558105e-21 -1.854687e-21 -1.123553e-21 4.294929e-22 1.508379e-21 9.710415e-22 -7.131174e-22 -1.838991e-21 -1.349734e-21 1.748478e-22 1.434391e-21 1.749882e-21 1.343042e-21 7.536713e-22 3.219459e-22 1.048889e-22 2.555235e-23
-8.595239e-24 -6.782245e-23 -2.930550e-22 -8.303083e-22 -1.620869e-21 -2.163947e-21 -1.808142e-21 -5.955581e-22 4.272302e-22 2.662122e-22 -7.356227e-22 -1.220208e-21 -4.181937e-22 1.075990e-21 2.141471e-21 2.253435e-21 1.677038e-21 9.487567e-22 4.149055e-22 1.389639e-22 3.475183e-23
1.193269e-23 1.027967e-23 -7.196535e-23 -3.600532e-22 -8.786050e-22 -1.343787e-21 -1.305695e-21 -7.195010e-22 -1.922138e-22 -3.081883e-22 -8.285214e-22 -9.527107e-22 -3.024661e-22 7.127891e-22 1.442200e-21 1.583239e-21 1.257448e-21 7.678528e-22 3.622065e-22 1.296706e-22 3.421760e-23
4.013383e-23 1.236473e-22 2.702131e-22 4.252462e-22 4.903184e-22 4.304059e-22 2.964110e-22 8.352784e-23 -3.027297e-22 -8.265394e-22 -1.235118e-21 -1.339142e-21 -1.204732e-21 -9.555068e-22 -6.057466e-22 -1.977711e-22 1.110147e-22 2.107169e-22 1.569484e-22 7.272232e-23 2.249780e-23
6.151234e-23 2.145380e-22 5.596481e-22 1.121948e-21 1.753914e-21 2.116270e-21 1.832950e-21 7.949378e-22 -5.958146e-22 -1.626779e-21 -1.955153e-21 -1.988857e-21 -2.297630e-21 -2.782740e-21 -2.825495e-21 -2.162208e-21 -1.193601e-21 -4.503378e-22 -9.947133e-23 -2.843113e-24 5.877381e-24
6.406634e-23 2.334765e-22 6.408212e-22 1.351484e-21 2.192943e-21 2.647936e-21 2.086539e-21 3.788846e-22 -1.661268e-21 -2.800734e-21 -2.667595e-21 -2.221295e-21 -2.546191e-21 -3.474450e-21 -3.909194e-21 -3.258326e-21 -1.987266e-21 -8.803763e-22 -2.763997e-22 -5.792076e-23 -6.868830e-24
4.860912e-23 1.806991e-22 5.049671e-22 1.073553e-21 1.709064e-21 1.881245e-21 9.610628e-22 -1.073551e-21 -3.161047e-21 -3.868569e-21 -2.936313e-21 -1.731756e-21 -1.706170e-21 -2.735141e-21 -3.492782e-21 -3.134018e-21 -2.013000e-21 -9.373826e-22 -3.143969e-22 -7.385924e-23 -1.144800e-23
2.682858e-23 1.001715e-22 2.783096e-22 5.731963e-22 8.228837e-22 6.049231e-22 -5.328893e-22 -2.459929e-21 -4.095106e-21 -4.146002e-21 -2.549853e-21 -8.029227e-22 -4.142319e-22 -1.317925e-21 -2.228496e-21 -2.231469e-21 -1.509604e-21 -7.239896e-22 -2.482028e-22 -5.976919e-23 -9.672639e-24
1.013886e-23 3.689226e-23 9.647045e-23 1.695480e-22 1.286008e-22 -3.005302e-22 -1.361095e-21 -2.836840e-21 -3.839193e-21 -3.427348e-21 -1.699245e-21 3.869797e-23 5.384495e-22 -1.552227e-22 -1.005428e-21 -1.231475e-21 -8.911315e-22 -4.379525e-22 -1.509035e-22 -3.613647e-23 -5.782020e-24
2.058817e-24 6.120869e-24 8.936108e-24 -1.653145e-23 -1.539075e-22 -5.509193e-22 -1.304812e-21 -2.214942e-21 -2.690200e-21 -2.172433e-21 -8.152043e-22 4.645112e-22 8.404643e-22 3.611528e-22 -2.749714e-22 -5.353234e-22 -4.260771e-22 -2.144743e-22 -7.353442e-23 -1.721040e-23 -2.649396e-24
-1.850876e-25 -1.967745e-24 -1.145465e-23 -4.780747e-23 -1.552906e-22 -4.002349e-22 -8.102819e-22 -1.256065e-21 -1.421430e-21 -1.037280e-21 -2.281267e-22 4.895778e-22 6.785629e-22 3.862253e-22 2.121535e-24 -1.829689e-22 -1.671966e-22 -8.622137e-23 -2.916988e-23 -6.584451e-24 -9.569999e-25
-2.840392e-25 -1.713848e-24 -7.693456e-24 -2.722647e-23 -7.867005e-23 -1.865641e-22 -3.558718e-22 -5.254120e-22 -5.609532e-22 -3.581646e-22 1.345195e-23 3.222963e-22 3.847118e-22 2.341996e-22 4.791980e-23 -4.773837e-23 -5.370710e-23 -2.836317e-23 -9.388238e-24 -2.019035e-24 -2.728454e-25
-9.631065e-26 -5.784479e-25 -2.583467e-24 -9.047200e-24 -2.573659e-23 -5.993060e-23 -1.119518e-22 -1.603640e-22 -1.607458e-22 -8.110673e-23 5.024282e-23 1.517327e-22 1.628526e-22 1.004387e-22 2.887699e-23 -8.577359e-24 -1.380183e-23 -7.468637e-24 -2.396937e-24 -4.848918e-25 -6.014233e-26
-1.743609e-26 -1.118385e-25 -5.268798e-25 -1.918375e-24 -5.601022e-24 -1.322968e-23 -2.472343e-23 -3.457847e-23 -3.161304e-23 -8.235751e-24 2.708387e-23 5.222143e-23 5.178234e-23 3.179223e-23 1.049451e-23 -6.467208e-25 -2.712990e-24 -1.513472e-24 -4.665338e-25 -8.757898e-26 -9.937245e-27
