-2.500000e+00 -2.500000e+00 0.000000e+00 -2.502960e-20 -3.531968e-21 0.000000e+00
-2.500000e+00 -2.250000e+00 0.000000e+00 -1.792810e-19 -1.569544e-20 0.000000e+00
-2.500000e+00 -2.000000e+00 0.000000e+00 -9.328294e-19 -2.627585e-20 0.000000e+00
-2.500000e+00 -1.750000e+00 0.000000e+00 -3.586216e-18 1.189525e-19 0.000000e+00
-2.500000e+00 -1.500000e+00 0.000000e+00 -1.062126e-17 9.783208e-19 0.000000e+00
-2.500000e+00 -1.250000e+00 0.000000e+00 -2.534473e-17 3.661289e-18 0.000000e+00
-2.500000e+00 -1.000000e+00 0.000000e+00 -5.085246e-17 9.614165e-18 0.000000e+00
-2.500000e+00 -7.500000e-01 0.000000e+00 -8.868370e-17 2.052145e-17 0.000000e+00
-2.500000e+00 -5.000000e-01 0.000000e+00 -1.364381e-16 3.860921e-17 0.000000e+00
-2.500000e+00 -2.500000e-01 0.000000e+00 -1.842437e-16 6.541435e-17 0.000000e+00
-2.500000e+00 0.000000e+00 0.000000e+00 -2.146600e-16 9.739391e-17 0.000000e+00
-2.500000e+00 2.500000e-01 0.000000e+00 -2.115184e-16 1.229017e-16 0.000000e+00
-2.500000e+00 5.000000e-01 0.000000e+00 -1.730909e-16 1.278547e-16 0.000000e+00
-2.500000e+00 7.500000e-01 0.000000e+00 -1.156996e-16 1.076445e-16 0.000000e+00
-2.500000e+00 1.000000e+00 0.000000e+00 -6.210513e-17 7.226802e-17 0.000000e+00
-2.500000e+00 1.250000e+00 0.000000e+00 -2.623966e-17 3.806226e-17 0.000000e+00
-2.500000e+00 1.500000e+00 0.000000e+00 -8.503735e-18 1.538975e-17 0.000000e+00
-2.500000e+00 1.750000e+00 0.000000e+00 -2.040624e-18 4.632887e-18 0.000000e+00
-2.500000e+00 2.000000e+00 0.000000e+00 -3.447412e-19 9.933795e-19 0.000000e+00
-2.500000e+00 2.250000e+00 0.000000e+00 -3.809022e-20 1.424625e-19 0.000000e+00
-2.500000e+00 2.500000e+00 0.000000e+00 -2.545431e-21 1.289573e-20 0.000000e+00
-2.250000e+00 -2.500000e+00 0.000000e+00 -2.968121e-19 -5.845543e-20 0.000000e+00
-2.250000e+00 -2.250000e+00 0.000000e+00 -1.793360e-18 -2.491319e-19 0.000000e+00
-2.250000e+00 -2.000000e+00 0.000000e+00 -7.963024e-18 -6.045852e-19 0.000000e+00
-2.250000e+00 -1.750000e+00 0.000000e+00 -2.687690e-17 -2.553683e-19 0.000000e+00
-2.250000e+00 -1.500000e+00 0.000000e+00 -7.136797e-17 4.094342e-18 0.000000e+00
-2.250000e+00 -1.250000e+00 0.000000e+00 -1.543750e-16 1.862937e-17 0.000000e+00
-2.250000e+00 -1.000000e+00 0.000000e+00 -2.818007e-16 4.997466e-17 0.000000e+00
-2.250000e+00 -7.500000e-01 0.000000e+00 -4.481626e-16 1.026290e-16 0.000000e+00
-2.250000e+00 -5.000000e-01 0.000000e+00 -6.337294e-16 1.803772e-16 0.000000e+00
-2.250000e+00 -2.500000e-01 0.000000e+00 -7.989773e-16 2.857067e-16 0.000000e+00
-2.250000e+00 0.000000e+00 0.000000e+00 -8.866475e-16 4.071831e-16 0.000000e+00
-2.250000e+00 2.500000e-01 0.000000e+00 -8.486734e-16 5.060300e-16 0.000000e+00
-2.250000e+00 5.000000e-01 0.000000e+00 -6.861640e-16 5.305245e-16 0.000000e+00
-2.250000e+00 7.500000e-01 0.000000e+00 -4.596540e-16 4.578924e-16 0.000000e+00
-2.250000e+00 1.000000e+00 0.000000e+00 -2.503904e-16 3.195138e-16 0.000000e+00
-2.250000e+00 1.250000e+00 0.000000e+00 -1.086679e-16 1.772378e-16 0.000000e+00
-2.250000e+00 1.500000e+00 0.000000e+00 -3.664919e-17 7.661081e-17 0.000000e+00
-2.250000e+00 1.750000e+00 0.000000e+00 -9.296501e-18 2.512450e-17 0.000000e+00
-2.250000e+00 2.000000e+00 0.000000e+00 -1.694639e-18 6.020113e-18 0.000000e+00
-2.250000e+00 2.250000e+00 0.000000e+00 -2.074574e-19 9.971398e-19 0.000000e+00
-2.250000e+00 2.500000e+00 0.000000e+00 -1.538045e-20 1.053704e-19 0.000000e+00
-2.000000e+00 -2.500000e+00 0.000000e+00 -2.162023e-18 -5.672800e-19 0.000000e+00
-2.000000e+00 -2.250000e+00 0.000000e+00 -1.130050e-17 -2.270590e-18 0.000000e+00
-2.000000e+00 -2.000000e+00 0.000000e+00 -4.453768e-17 -5.982827e-18 0.000000e+00
-2.000000e+00 -1.750000e+00 0.000000e+00 -1.363779e-16 -8.579346e-18 0.000000e+00
-2.000000e+00 -1.500000e+00 0.000000e+00 -3.335616e-16 3.816893e-18 0.000000e+00
-2.000000e+00 -1.250000e+00 0.000000e+00 -6.702576e-16 5.715654e-17 0.000000e+00
-2.000000e+00 -1.000000e+00 0.000000e+00 -1.139914e-15 1.763897e-16 0.000000e+00
-2.000000e+00 -7.500000e-01 0.000000e+00 -1.689815e-15 3.696671e-16 0.000000e+00
-2.000000e+00 -5.000000e-01 0.000000e+00 -2.233732e-15 6.325612e-16 0.000000e+00
-2.000000e+00 -2.500000e-01 0.000000e+00 -2.655789e-15 9.597766e-16 0.000000e+00
-2.000000e+00 0.000000e+00 0.000000e+00 -2.818107e-15 1.321984e-15 0.000000e+00
-2.000000e+00 2.500000e-01 0.000000e+00 -2.619101e-15 1.621367e-15 0.000000e+00
-2.000000e+00 5.000000e-01 0.000000e+00 -2.084858e-15 1.712050e-15 0.000000e+00
-2.000000e+00 7.500000e-01 0.000000e+00 -1.390918e-15 1.511930e-15 0.000000e+00
-2.000000e+00 1.000000e+00 0.000000e+00 -7.616689e-16 1.092945e-15 0.000000e+00
-2.000000e+00 1.250000e+00 0.000000e+00 -3.349032e-16 6.351798e-16 0.000000e+00
-2.000000e+00 1.500000e+00 0.000000e+00 -1.152079e-16 2.911660e-16 0.000000e+00
-2.000000e+00 1.750000e+00 0.000000e+00 -2.998219e-17 1.027899e-16 0.000000e+00
-2.000000e+00 2.000000e+00 0.000000e+00 -5.632079e-18 2.705541e-17 0.000000e+00
-2.000000e+00 2.250000e+00 0.000000e+00 -7.107941e-19 5.069045e-18 0.000000e+00
-2.000000e+00 2.500000e+00 0.000000e+00 -5.328391e-20 6.306790e-19 0.000000e+00
-1.750000e+00 -2.500000e+00 0.000000e+00 -1.037229e-17 -3.538652e-18 0.000000e+00
-1.750000e+00 -2.250000e+00 0.000000e+00 -4.855219e-17 -1.343619e-17 0.000000e+00
-1.750000e+00 -2.000000e+00 0.000000e+00 -1.746763e-16 -3.608881e-17 0.000000e+00
-1.750000e+00 -1.750000e+00 0.000000e+00 -4.957577e-16 -6.455818e-17 0.000000e+00
-1.750000e+00 -1.500000e+00 0.000000e+00 -1.136414e-15 -5.513191e-17 0.000000e+00
-1.750000e+00 -1.250000e+00 0.000000e+00 -2.154836e-15 7.720677e-17 0.000000e+00
-1.750000e+00 -1.000000e+00 0.000000e+00 -3.468267e-15 4.121925e-16 0.000000e+00
-1.750000e+00 -7.500000e-01 0.000000e+00 -4.867431e-15 9.623626e-16 0.000000e+00
-1.750000e+00 -5.000000e-01 0.000000e+00 -6.096413e-15 1.678804e-15 0.000000e+00
-1.750000e+00 -2.500000e-01 0.000000e+00 -6.898340e-15 2.511500e-15 0.000000e+00
-1.750000e+00 0.000000e+00 0.000000e+00 -7.026816e-15 3.393878e-15 0.000000e+00
-1.750000e+00 2.500000e-01 0.000000e+00 -6.335696e-15 4.131880e-15 0.000000e+00
-1.750000e+00 5.000000e-01 0.000000e+00 -4.940874e-15 4.399857e-15 0.000000e+00
-1.750000e+00 7.500000e-01 0.000000e+00 -3.253417e-15 3.971448e-15 0.000000e+00
-1.750000e+00 1.000000e+00 0.000000e+00 -1.766320e-15 2.965635e-15 0.000000e+00
-1.750000e+00 1.250000e+00 0.000000e+00 -7.707788e-16 1.797100e-15 0.000000e+00
-1.750000e+00 1.500000e+00 0.000000e+00 -2.620763e-16 8.673490e-16 0.000000e+00
-1.750000e+00 1.750000e+00 0.000000e+00 -6.649116e-17 3.261715e-16 0.000000e+00
-1.750000e+00 2.000000e+00 0.000000e+00 -1.173136e-17 9.287679e-17 0.000000e+00
-1.750000e+00 2.250000e+00 0.000000e+00 -1.239790e-18 1.925107e-17 0.000000e+00
-1.750000e+00 2.500000e+00 0.000000e+00 -4.069947e-20 2.742562e-18 0.000000e+00
-1.500000e+00 -2.500000e+00 0.000000e+00 -3.490187e-17 -1.530092e-17 0.000000e+00
-1.500000e+00 -2.250000e+00 0.000000e+00 -1.500466e-16 -5.574515e-17 0.000000e+00
-1.500000e+00 -2.000000e+00 0.000000e+00 -5.023880e-16 -1.497695e-16 0.000000e+00
-1.500000e+00 -1.750000e+00 0.000000e+00 -1.341389e-15 -2.909612e-16 0.000000e+00
-1.500000e+00 -1.500000e+00 0.000000e+00 -2.916859e-15 -3.729427e-16 0.000000e+00
-1.500000e+00 -1.250000e+00 0.000000e+00 -5.276299e-15 -1.725583e-16 0.000000e+00
-1.500000e+00 -1.000000e+00 0.000000e+00 -8.124414e-15 5.276939e-16 0.000000e+00
-1.500000e+00 -7.500000e-01 0.000000e+00 -1.091427e-14 1.760648e-15 0.000000e+00
-1.500000e+00 -5.000000e-01 0.000000e+00 -1.308519e-14 3.362841e-15 0.000000e+00
-1.500000e+00 -2.500000e-01 0.000000e+00 -1.419512e-14 5.149725e-15 0.000000e+00
-1.500000e+00 0.000000e+00 0.000000e+00 -1.391902e-14 6.973094e-15 0.000000e+00
-1.500000e+00 2.500000e-01 0.000000e+00 -1.214506e-14 8.512586e-15 0.000000e+00
-1.500000e+00 5.000000e-01 0.000000e+00 -9.204265e-15 9.174272e-15 0.000000e+00
-1.500000e+00 7.500000e-01 0.000000e+00 -5.895642e-15 8.463936e-15 0.000000e+00
-1.500000e+00 1.000000e+00 0.000000e+00 -3.100107e-15 6.513594e-15 0.000000e+00
-1.500000e+00 1.250000e+00 0.000000e+00 -1.292536e-15 4.097779e-15 0.000000e+00
-1.500000e+00 1.500000e+00 0.000000e+00 -4.061354e-16 2.069031e-15 0.000000e+00
-1.500000e+00 1.750000e+00 0.000000e+00 -8.712891e-17 8.214551e-16 0.000000e+00
-1.500000e+00 2.000000e+00 0.000000e+00 -9.151350e-18 2.499367e-16 0.000000e+00
-1.500000e+00 2.250000e+00 0.000000e+00 9.741861e-19 5.631494e-17 0.000000e+00
-1.500000e+00 2.500000e+00 0.000000e+00 5.266942e-19 8.956811e-18 0.000000e+00
-1.250000e+00 -2.500000e+00 0.000000e+00 -8.592687e-17 -4.824283e-17 0.000000e+00
-1.250000e+00 -2.250000e+00 0.000000e+00 -3.456332e-16 -1.704212e-16 0.000000e+00
-1.250000e+00 -2.000000e+00 0.000000e+00 -1.092707e-15 -4.557781e-16 0.000000e+00
-1.250000e+00 -1.750000e+00 0.000000e+00 -2.776155e-15 -9.205100e-16 0.000000e+00
-1.250000e+00 -1.500000e+00 0.000000e+00 -5.780107e-15 -1.360454e-15 0.000000e+00
-1.250000e+00 -1.250000e+00 0.000000e+00 -1.005599e-14 -1.297575e-15 0.000000e+00
-1.250000e+00 -1.000000e+00 0.000000e+00 -1.492920e-14 -2.285628e-16 0.000000e+00
-1.250000e+00 -7.500000e-01 0.000000e+00 -1.934746e-14 1.970017e-15 0.000000e+00
-1.250000e+00 -5.000000e-01 0.000000e+00 -2.236123e-14 4.951834e-15 0.000000e+00
-1.250000e+00 -2.500000e-01 0.000000e+00 -2.336593e-14 8.256541e-15 0.000000e+00
-1.250000e+00 0.000000e+00 0.000000e+00 -2.205899e-14 1.155660e-14 0.000000e+00
-1.250000e+00 2.500000e-01 0.000000e+00 -1.851159e-14 1.437053e-14 0.000000e+00
-1.250000e+00 5.000000e-01 0.000000e+00 -1.343653e-14 1.577794e-14 0.000000e+00
-1.250000e+00 7.500000e-01 0.000000e+00 -8.151140e-15 1.489862e-14 0.000000e+00
-1.250000e+00 1.000000e+00 0.000000e+00 -3.954688e-15 1.179708e-14 0.000000e+00
-1.250000e+00 1.250000e+00 0.000000e+00 -1.427670e-15 7.677115e-15 0.000000e+00
-1.250000e+00 1.500000e+00 0.000000e+00 -3.176483e-16 4.033717e-15 0.000000e+00
-1.250000e+00 1.750000e+00 0.000000e+00 -5.188433e-19 1.678969e-15 0.000000e+00
-1.250000e+00 2.000000e+00 0.000000e+00 3.120940e-17 5.409329e-16 0.000000e+00
-1.250000e+00 2.250000e+00 0.000000e+00 1.314118e-17 1.309241e-16 0.000000e+00
-1.250000e+00 2.500000e+00 0.000000e+00 2.984568e-18 2.287144e-17 0.000000e+00
-1.000000e+00 -2.500000e+00 0.000000e+00 -1.592770e-16 -1.148804e-16 0.000000e+00
-1.000000e+00 -2.250000e+00 0.000000e+00 -6.085502e-16 -3.974898e-16 0.000000e+00
-1.000000e+00 -2.000000e+00 0.000000e+00 -1.838848e-15 -1.059475e-15 0.000000e+00
-1.000000e+00 -1.750000e+00 0.000000e+00 -4.489400e-15 -2.188709e-15 0.000000e+00
-1.000000e+00 -1.500000e+00 0.000000e+00 -9.021781e-15 -3.473202e-15 0.000000e+00
-1.000000e+00 -1.250000e+00 0.000000e+00 -1.519694e-14 -4.065286e-15 0.000000e+00
-1.000000e+00 -1.000000e+00 0.000000e+00 -2.187912e-14 -2.981745e-15 0.000000e+00
-1.000000e+00 -7.500000e-01 0.000000e+00 -2.749150e-14 1.538538e-16 0.000000e+00
-1.000000e+00 -5.000000e-01 0.000000e+00 -3.074556e-14 4.827808e-15 0.000000e+00
-1.000000e+00 -2.500000e-01 0.000000e+00 -3.097030e-14 1.017144e-14 0.000000e+00
-1.000000e+00 0.000000e+00 0.000000e+00 -2.801617e-14 1.551657e-14 0.000000e+00
-1.000000e+00 2.500000e-01 0.000000e+00 -2.229725e-14 2.013723e-14 0.000000e+00
-1.000000e+00 5.000000e-01 0.000000e+00 -1.504670e-14 2.276151e-14 0.000000e+00
-1.000000e+00 7.500000e-01 0.000000e+00 -8.126796e-15 2.206994e-14 0.000000e+00
-1.000000e+00 1.000000e+00 0.000000e+00 -3.128663e-15 1.797210e-14 0.000000e+00
-1.000000e+00 1.250000e+00 0.000000e+00 -5.237483e-16 1.206786e-14 0.000000e+00
-1.000000e+00 1.500000e+00 0.000000e+00 3.028532e-16 6.573661e-15 0.000000e+00
-1.000000e+00 1.750000e+00 0.000000e+00 3.082162e-16 2.855419e-15 0.000000e+00
-1.000000e+00 2.000000e+00 0.000000e+00 1.457202e-16 9.690236e-16 0.000000e+00
-1.000000e+00 2.250000e+00 0.000000e+00 4.460969e-17 2.504300e-16 0.000000e+00
-1.000000e+00 2.500000e+00 0.000000e+00 9.236488e-18 4.770409e-17 0.000000e+00
-7.500000e-01 -2.500000e+00 0.000000e+00 -2.269989e-16 -2.120891e-16 0.000000e+00
-7.500000e-01 -2.250000e+00 0.000000e+00 -8.355405e-16 -7.264164e-16 0.000000e+00
-7.500000e-01 -2.000000e+00 0.000000e+00 -2.442285e-15 -1.938896e-15 0.000000e+00
-7.500000e-01 -1.750000e+00 0.000000e+00 -5.787475e-15 -4.077212e-15 0.000000e+00
-7.500000e-01 -1.500000e+00 0.000000e+00 -1.131651e-14 -6.763690e-15 0.000000e+00
-7.500000e-01 -1.250000e+00 0.000000e+00 -1.857085e-14 -8.737766e-15 0.000000e+00
-7.500000e-01 -1.000000e+00 0.000000e+00 -2.603785e-14 -8.373311e-15 0.000000e+00
-7.500000e-01 -7.500000e-01 0.000000e+00 -3.178544e-14 -4.810688e-15 0.000000e+00
-7.500000e-01 -5.000000e-01 0.000000e+00 -3.435997e-14 1.429318e-15 0.000000e+00
-7.500000e-01 -2.500000e-01 0.000000e+00 -3.316004e-14 9.044819e-15 0.000000e+00
-7.500000e-01 0.000000e+00 0.000000e+00 -2.830824e-14 1.685652e-14 0.000000e+00
-7.500000e-01 2.500000e-01 0.000000e+00 -2.066494e-14 2.374612e-14 0.000000e+00
-7.500000e-01 5.000000e-01 0.000000e+00 -1.199814e-14 2.807098e-14 0.000000e+00
-7.500000e-01 7.500000e-01 0.000000e+00 -4.564779e-15 2.810722e-14 0.000000e+00
-7.500000e-01 1.000000e+00 0.000000e+00 3.398400e-17 2.356448e-14 0.000000e+00
-7.500000e-01 1.250000e+00 0.000000e+00 1.706270e-15 1.631154e-14 0.000000e+00
-7.500000e-01 1.500000e+00 0.000000e+00 1.563358e-15 9.195686e-15 0.000000e+00
-7.500000e-01 1.750000e+00 0.000000e+00 8.769829e-16 4.160469e-15 0.000000e+00
-7.500000e-01 2.000000e+00 0.000000e+00 3.481546e-16 1.484715e-15 0.000000e+00
-7.500000e-01 2.250000e+00 0.000000e+00 1.004451e-16 4.091854e-16 0.000000e+00
-7.500000e-01 2.500000e+00 0.000000e+00 2.090340e-17 8.487189e-17 0.000000e+00
-5.000000e-01 -2.500000e+00 0.000000e+00 -2.534051e-16 -3.102086e-16 0.000000e+00
-5.000000e-01 -2.250000e+00 0.000000e+00 -9.131009e-16 -1.064484e-15 0.000000e+00
-5.000000e-01 -2.000000e+00 0.000000e+00 -2.619027e-15 -2.867199e-15 0.000000e+00
-5.000000e-01 -1.750000e+00 0.000000e+00 -6.097657e-15 -6.145298e-15 0.000000e+00
-5.000000e-01 -1.500000e+00 0.000000e+00 -1.171209e-14 -1.054987e-14 0.000000e+00
-5.000000e-01 -1.250000e+00 0.000000e+00 -1.884130e-14 -1.448508e-14 0.000000e+00
-5.000000e-01 -1.000000e+00 0.000000e+00 -2.578035e-14 -1.564878e-14 0.000000e+00
-5.000000e-01 -7.500000e-01 0.000000e+00 -3.047397e-14 -1.250689e-14 0.000000e+00
-5.000000e-01 -5.000000e-01 0.000000e+00 -3.150418e-14 -5.333248e-15 0.000000e+00
-5.000000e-01 -2.500000e-01 0.000000e+00 -2.849757e-14 4.268949e-15 0.000000e+00
-5.000000e-01 0.000000e+00 0.000000e+00 -2.197195e-14 1.454279e-14 0.000000e+00
-5.000000e-01 2.500000e-01 0.000000e+00 -1.325825e-14 2.385139e-14 0.000000e+00
-5.000000e-01 5.000000e-01 0.000000e+00 -4.492545e-15 3.017394e-14 0.000000e+00
-5.000000e-01 7.500000e-01 0.000000e+00 2.009061e-15 3.147116e-14 0.000000e+00
-5.000000e-01 1.000000e+00 0.000000e+00 4.972572e-15 2.724906e-14 0.000000e+00
-5.000000e-01 1.250000e+00 0.000000e+00 4.857611e-15 1.946200e-14 0.000000e+00
-5.000000e-01 1.500000e+00 0.000000e+00 3.252810e-15 1.135615e-14 0.000000e+00
-5.000000e-01 1.750000e+00 0.000000e+00 1.628804e-15 5.351202e-15 0.000000e+00
-5.000000e-01 2.000000e+00 0.000000e+00 6.221734e-16 2.007990e-15 0.000000e+00
-5.000000e-01 2.250000e+00 0.000000e+00 1.809965e-16 5.898635e-16 0.000000e+00
-5.000000e-01 2.500000e+00 0.000000e+00 3.964492e-17 1.328546e-16 0.000000e+00
-2.500000e-01 -2.500000e+00 0.000000e+00 -2.267691e-16 -3.671042e-16 0.000000e+00
-2.500000e-01 -2.250000e+00 0.000000e+00 -8.171531e-16 -1.280559e-15 0.000000e+00
-2.500000e-01 -2.000000e+00 0.000000e+00 -2.344213e-15 -3.517835e-15 0.000000e+00
-2.500000e-01 -1.750000e+00 0.000000e+00 -5.446933e-15 -7.726666e-15 0.000000e+00
-2.500000e-01 -1.500000e+00 0.000000e+00 -1.039093e-14 -1.369759e-14 0.000000e+00
-2.500000e-01 -1.250000e+00 0.000000e+00 -1.646653e-14 -1.967871e-14 0.000000e+00
-2.500000e-01 -1.000000e+00 0.000000e+00 -2.191085e-14 -2.282705e-14 0.000000e+00
-2.500000e-01 -7.500000e-01 0.000000e+00 -2.469378e-14 -2.090220e-14 0.000000e+00
-2.500000e-01 -5.000000e-01 0.000000e+00 -2.359265e-14 -1.373240e-14 0.000000e+00
-2.500000e-01 -2.500000e-01 0.000000e+00 -1.865059e-14 -3.001542e-15 0.000000e+00
-2.500000e-01 0.000000e+00 0.000000e+00 -1.092663e-14 9.071344e-15 0.000000e+00
-2.500000e-01 2.500000e-01 0.000000e+00 -2.170726e-15 2.037334e-14 0.000000e+00
-2.500000e-01 5.000000e-01 0.000000e+00 5.421325e-15 2.858695e-14 0.000000e+00
-2.500000e-01 7.500000e-01 0.000000e+00 9.877618e-15 3.146694e-14 0.000000e+00
-2.500000e-01 1.000000e+00 0.000000e+00 1.049431e-14 2.830205e-14 0.000000e+00
-2.500000e-01 1.250000e+00 0.000000e+00 8.263796e-15 2.091248e-14 0.000000e+00
-2.500000e-01 1.500000e+00 0.000000e+00 5.084010e-15 1.264138e-14 0.000000e+00
-2.500000e-01 1.750000e+00 0.000000e+00 2.476541e-15 6.201084e-15 0.000000e+00
-2.500000e-01 2.000000e+00 0.000000e+00 9.547156e-16 2.441359e-15 0.000000e+00
-2.500000e-01 2.250000e+00 0.000000e+00 2.891757e-16 7.604866e-16 0.000000e+00
-2.500000e-01 2.500000e+00 0.000000e+00 6.800577e-17 1.839988e-16 0.000000e+00
0.000000e+00 -2.500000e+00 0.000000e+00 -1.687254e-16 -3.600171e-16 0.000000e+00
0.000000e+00 -2.250000e+00 0.000000e+00 -6.254060e-16 -1.299078e-15 0.000000e+00
0.000000e+00 -2.000000e+00 0.000000e+00 -1.835652e-15 -3.687482e-15 0.000000e+00
0.000000e+00 -1.750000e+00 0.000000e+00 -4.324176e-15 -8.366132e-15 0.000000e+00
0.000000e+00 -1.500000e+00 0.000000e+00 -8.253485e-15 -1.534360e-14 0.000000e+00
0.000000e+00 -1.250000e+00 0.000000e+00 -1.284235e-14 -2.291706e-14 0.000000e+00
0.000000e+00 -1.000000e+00 0.000000e+00 -1.630681e-14 -2.795413e-14 0.000000e+00
0.000000e+00 -7.500000e-01 0.000000e+00 -1.671652e-14 -2.766415e-14 0.000000e+00
0.000000e+00 -5.000000e-01 0.000000e+00 -1.318833e-14 -2.140503e-14 0.000000e+00
0.000000e+00 -2.500000e-01 0.000000e+00 -6.363027e-15 -1.076037e-14 0.000000e+00
0.000000e+00 0.000000e+00 0.000000e+00 2.074424e-15 1.841237e-15 0.000000e+00
0.000000e+00 2.500000e-01 0.000000e+00 1.009330e-14 1.407402e-14 0.000000e+00
0.000000e+00 5.000000e-01 0.000000e+00 1.575345e-14 2.356221e-14 0.000000e+00
0.000000e+00 7.500000e-01 0.000000e+00 1.770200e-14 2.800200e-14 0.000000e+00
0.000000e+00 1.000000e+00 0.000000e+00 1.585706e-14 2.642958e-14 0.000000e+00
0.000000e+00 1.250000e+00 0.000000e+00 1.159501e-14 2.029409e-14 0.000000e+00
0.000000e+00 1.500000e+00 0.000000e+00 6.943117e-15 1.271684e-14 0.000000e+00
0.000000e+00 1.750000e+00 0.000000e+00 3.390589e-15 6.475537e-15 0.000000e+00
0.000000e+00 2.000000e+00 0.000000e+00 1.339754e-15 2.656849e-15 0.000000e+00
0.000000e+00 2.250000e+00 0.000000e+00 4.236276e-16 8.673087e-16 0.000000e+00
0.000000e+00 2.500000e+00 0.000000e+00 1.055300e-16 2.212843e-16 0.000000e+00
2.500000e-01 -2.500000e+00 0.000000e+00 -1.099445e-16 -3.009939e-16 0.000000e+00
2.500000e-01 -2.250000e+00 0.000000e+00 -4.305524e-16 -1.144785e-15 0.000000e+00
2.500000e-01 -2.000000e+00 0.000000e+00 -1.312202e-15 -3.402242e-15 0.000000e+00
2.500000e-01 -1.750000e+00 0.000000e+00 -3.144091e-15 -8.036795e-15 0.000000e+00
2.500000e-01 -1.500000e+00 0.000000e+00 -5.951270e-15 -1.529168e-14 0.000000e+00
2.500000e-01 -1.250000e+00 0.000000e+00 -8.860019e-15 -2.367874e-14 0.000000e+00
2.500000e-01 -1.000000e+00 0.000000e+00 -1.010502e-14 -3.006035e-14 0.000000e+00
2.500000e-01 -7.500000e-01 0.000000e+00 -7.979202e-15 -3.137283e-14 0.000000e+00
2.500000e-01 -5.000000e-01 0.000000e+00 -2.089522e-15 -2.663212e-14 0.000000e+00
2.500000e-01 -2.500000e-01 0.000000e+00 6.267100e-15 -1.723917e-14 0.000000e+00
2.500000e-01 0.000000e+00 0.000000e+00 1.489332e-14 -5.571523e-15 0.000000e+00
2.500000e-01 2.500000e-01 0.000000e+00 2.170868e-14 6.182145e-15 0.000000e+00
2.500000e-01 5.000000e-01 0.000000e+00 2.522018e-14 1.592087e-14 0.000000e+00
2.500000e-01 7.500000e-01 0.000000e+00 2.472516e-14 2.149587e-14 0.000000e+00
2.500000e-01 1.000000e+00 0.000000e+00 2.064863e-14 2.170977e-14 0.000000e+00
2.500000e-01 1.250000e+00 0.000000e+00 1.460137e-14 1.745889e-14 0.000000e+00
2.500000e-01 1.500000e+00 0.000000e+00 8.651741e-15 1.135057e-14 0.000000e+00
2.500000e-01 1.750000e+00 0.000000e+00 4.246103e-15 5.972005e-15 0.000000e+00
2.500000e-01 2.000000e+00 0.000000e+00 1.704524e-15 2.528498e-15 0.000000e+00
2.500000e-01 2.250000e+00 0.000000e+00 5.514300e-16 8.519728e-16 0.000000e+00
2.500000e-01 2.500000e+00 0.000000e+00 1.410101e-16 2.245296e-16 0.000000e+00
5.000000e-01 -2.500000e+00 0.000000e+00 -6.537356e-17 -2.205874e-16 0.000000e+00
5.000000e-01 -2.250000e+00 0.000000e+00 -2.717288e-16 -8.980933e-16 0.000000e+00
5.000000e-01 -2.000000e+00 0.000000e+00 -8.514701e-16 -2.820941e-15 0.000000e+00
5.000000e-01 -1.750000e+00 0.000000e+00 -2.028658e-15 -6.972470e-15 0.000000e+00
5.000000e-01 -1.500000e+00 0.000000e+00 -3.655480e-15 -1.378370e-14 0.000000e+00
5.000000e-01 -1.250000e+00 0.000000e+00 -4.786018e-15 -2.208777e-14 0.000000e+00
5.000000e-01 -1.000000e+00 0.000000e+00 -3.804477e-15 -2.901492e-14 0.000000e+00
5.000000e-01 -7.500000e-01 0.000000e+00 5.816121e-16 -3.153979e-14 0.000000e+00
5.000000e-01 -5.000000e-01 0.000000e+00 8.190326e-15 -2.851113e-14 0.000000e+00
5.000000e-01 -2.500000e-01 0.000000e+00 1.722604e-14 -2.111298e-14 0.000000e+00
5.000000e-01 0.000000e+00 0.000000e+00 2.531088e-14 -1.149111e-14 0.000000e+00
5.000000e-01 2.500000e-01 0.000000e+00 3.058846e-14 -1.461834e-15 0.000000e+00
5.000000e-01 5.000000e-01 0.000000e+00 3.205784e-14 7.397173e-15 0.000000e+00
5.000000e-01 7.500000e-01 0.000000e+00 2.952057e-14 1.332710e-14 0.000000e+00
5.000000e-01 1.000000e+00 0.000000e+00 2.372730e-14 1.504540e-14 0.000000e+00
5.000000e-01 1.250000e+00 0.000000e+00 1.640495e-14 1.287384e-14 0.000000e+00
5.000000e-01 1.500000e+00 0.000000e+00 9.601298e-15 8.715138e-15 0.000000e+00
5.000000e-01 1.750000e+00 0.000000e+00 4.683702e-15 4.719434e-15 0.000000e+00
5.000000e-01 2.000000e+00 0.000000e+00 1.875143e-15 2.042236e-15 0.000000e+00
5.000000e-01 2.250000e+00 0.000000e+00 6.055865e-16 7.000950e-16 0.000000e+00
5.000000e-01 2.500000e+00 0.000000e+00 1.544272e-16 1.870835e-16 0.000000e+00
7.500000e-01 -2.500000e+00 0.000000e+00 -3.480139e-17 -1.437314e-16 0.000000e+00
7.500000e-01 -2.250000e+00 0.000000e+00 -1.494471e-16 -6.312592e-16 0.000000e+00
7.500000e-01 -2.000000e+00 0.000000e+00 -4.630006e-16 -2.102811e-15 0.000000e+00
7.500000e-01 -1.750000e+00 0.000000e+00 -1.031317e-15 -5.445191e-15 0.000000e+00
7.500000e-01 -1.500000e+00 0.000000e+00 -1.555534e-15 -1.118319e-14 0.000000e+00
7.500000e-01 -1.250000e+00 0.000000e+00 -1.112500e-15 -1.852027e-14 0.000000e+00
7.500000e-01 -1.000000e+00 0.000000e+00 1.596752e-15 -2.509097e-14 0.000000e+00
7.500000e-01 -7.500000e-01 0.000000e+00 7.325028e-15 -2.820253e-14 0.000000e+00
7.500000e-01 -5.000000e-01 0.000000e+00 1.540006e-14 -2.668656e-14 0.000000e+00
7.500000e-01 -2.500000e-01 0.000000e+00 2.385896e-14 -2.146198e-14 0.000000e+00
7.500000e-01 0.000000e+00 0.000000e+00 3.054111e-14 -1.433482e-14 0.000000e+00
7.500000e-01 2.500000e-01 0.000000e+00 3.403262e-14 -6.704917e-15 0.000000e+00
7.500000e-01 5.000000e-01 0.000000e+00 3.378801e-14 4.074117e-16 0.000000e+00
7.500000e-01 7.500000e-01 0.000000e+00 2.993906e-14 5.777158e-15 0.000000e+00
7.500000e-01 1.000000e+00 0.000000e+00 2.338283e-14 8.272075e-15 0.000000e+00
7.500000e-01 1.250000e+00 0.000000e+00 1.580269e-14 7.806579e-15 0.000000e+00
7.500000e-01 1.500000e+00 0.000000e+00 9.068696e-15 5.562788e-15 0.000000e+00
7.500000e-01 1.750000e+00 0.000000e+00 4.342088e-15 3.099176e-15 0.000000e+00
7.500000e-01 2.000000e+00 0.000000e+00 1.705189e-15 1.360990e-15 0.000000e+00
7.500000e-01 2.250000e+00 0.000000e+00 5.391814e-16 4.691023e-16 0.000000e+00
7.500000e-01 2.500000e+00 0.000000e+00 1.342359e-16 1.251691e-16 0.000000e+00
1.000000e+00 -2.500000e+00 0.000000e+00 -1.513975e-17 -8.234175e-17 0.000000e+00
1.000000e+00 -2.250000e+00 0.000000e+00 -6.362880e-17 -3.906144e-16 0.000000e+00
1.000000e+00 -2.000000e+00 0.000000e+00 -1.780066e-16 -1.380130e-15 0.000000e+00
1.000000e+00 -1.750000e+00 0.000000e+00 -2.956252e-16 -3.744520e-15 0.000000e+00
1.000000e+00 -1.500000e+00 0.000000e+00 -5.604009e-17 -7.990907e-15 0.000000e+00
1.000000e+00 -1.250000e+00 0.000000e+00 1.320967e-15 -1.367471e-14 0.000000e+00
1.000000e+00 -1.000000e+00 0.000000e+00 4.732468e-15 -1.908268e-14 0.000000e+00
1.000000e+00 -7.500000e-01 0.000000e+00 1.044851e-14 -2.208484e-14 0.000000e+00
1.000000e+00 -5.000000e-01 0.000000e+00 1.755747e-14 -2.162139e-14 0.000000e+00
1.000000e+00 -2.500000e-01 0.000000e+00 2.428368e-14 -1.830023e-14 0.000000e+00
1.000000e+00 0.000000e+00 0.000000e+00 2.895809e-14 -1.351690e-14 0.000000e+00
1.000000e+00 2.500000e-01 0.000000e+00 3.069064e-14 -8.317631e-15 0.000000e+00
1.000000e+00 5.000000e-01 0.000000e+00 2.931879e-14 -3.306088e-15 0.000000e+00
1.000000e+00 7.500000e-01 0.000000e+00 2.516932e-14 8.071153e-16 0.000000e+00
1.000000e+00 1.000000e+00 0.000000e+00 1.911618e-14 3.221470e-15 0.000000e+00
1.000000e+00 1.250000e+00 0.000000e+00 1.258057e-14 3.697801e-15 0.000000e+00
1.000000e+00 1.500000e+00 0.000000e+00 7.027110e-15 2.849529e-15 0.000000e+00
1.000000e+00 1.750000e+00 0.000000e+00 3.268657e-15 1.643180e-15 0.000000e+00
1.000000e+00 2.000000e+00 0.000000e+00 1.243315e-15 7.297648e-16 0.000000e+00
1.000000e+00 2.250000e+00 0.000000e+00 3.793330e-16 2.506101e-16 0.000000e+00
1.000000e+00 2.500000e+00 0.000000e+00 9.071459e-17 6.589933e-17 0.000000e+00
1.250000e+00 -2.500000e+00 0.000000e+00 -4.606688e-18 -4.011738e-17 0.000000e+00
1.250000e+00 -2.250000e+00 0.000000e+00 -1.634854e-17 -2.058724e-16 0.000000e+00
1.250000e+00 -2.000000e+00 0.000000e+00 -2.374724e-17 -7.728403e-16 0.000000e+00
1.250000e+00 -1.750000e+00 0.000000e+00 7.656176e-17 -2.201524e-15 0.000000e+00
1.250000e+00 -1.500000e+00 0.000000e+00 6.026322e-16 -4.892065e-15 0.000000e+00
1.250000e+00 -1.250000e+00 0.000000e+00 2.116820e-15 -8.665759e-15 0.000000e+00
1.250000e+00 -1.000000e+00 0.000000e+00 5.152678e-15 -1.246319e-14 0.000000e+00
1.250000e+00 -7.500000e-01 0.000000e+00 9.693359e-15 -1.482061e-14 0.000000e+00
1.250000e+00 -5.000000e-01 0.000000e+00 1.487675e-14 -1.489327e-14 0.000000e+00
1.250000e+00 -2.500000e-01 0.000000e+00 1.934916e-14 -1.299395e-14 0.000000e+00
1.250000e+00 0.000000e+00 0.000000e+00 2.200583e-14 -1.007972e-14 0.000000e+00
1.250000e+00 2.500000e-01 0.000000e+00 2.241263e-14 -6.904177e-15 0.000000e+00
1.250000e+00 5.000000e-01 0.000000e+00 2.067098e-14 -3.826808e-15 0.000000e+00
1.250000e+00 7.500000e-01 0.000000e+00 1.718203e-14 -1.187286e-15 0.000000e+00
1.250000e+00 1.000000e+00 0.000000e+00 1.265119e-14 5.741072e-16 0.000000e+00
1.250000e+00 1.250000e+00 0.000000e+00 8.067199e-15 1.255740e-15 0.000000e+00
1.250000e+00 1.500000e+00 0.000000e+00 4.356219e-15 1.123238e-15 0.000000e+00
1.250000e+00 1.750000e+00 0.000000e+00 1.951566e-15 6.827470e-16 0.000000e+00
1.250000e+00 2.000000e+00 0.000000e+00 7.114223e-16 3.070739e-16 0.000000e+00
1.250000e+00 2.250000e+00 0.000000e+00 2.068003e-16 1.043542e-16 0.000000e+00
1.250000e+00 2.500000e+00 0.000000e+00 4.679980e-17 2.671550e-17 0.000000e+00
1.500000e+00 -2.500000e+00 0.000000e+00 -6.196200e-19 -1.594697e-17 0.000000e+00
1.500000e+00 -2.250000e+00 0.000000e+00 6.699005e-19 -8.918426e-17 0.000000e+00
1.500000e+00 -2.000000e+00 0.000000e+00 2.402881e-17 -3.579215e-16 0.000000e+00
1.500000e+00 -1.750000e+00 0.000000e+00 1.548020e-16 -1.076232e-15 0.000000e+00
1.500000e+00 -1.500000e+00 0.000000e+00 6.096582e-16 -2.501585e-15 0.000000e+00
1.500000e+00 -1.250000e+00 0.000000e+00 1.731330e-15 -4.603081e-15 0.000000e+00
1.500000e+00 -1.000000e+00 0.000000e+00 3.797082e-15 -6.836971e-15 0.000000e+00
1.500000e+00 -7.500000e-01 0.000000e+00 6.700767e-15 -8.350473e-15 0.000000e+00
1.500000e+00 -5.000000e-01 0.000000e+00 9.814528e-15 -8.570670e-15 0.000000e+00
1.500000e+00 -2.500000e-01 0.000000e+00 1.226710e-14 -7.603132e-15 0.000000e+00
1.500000e+00 0.000000e+00 0.000000e+00 1.343285e-14 -6.009951e-15 0.000000e+00
1.500000e+00 2.500000e-01 0.000000e+00 1.317354e-14 -4.286244e-15 0.000000e+00
1.500000e+00 5.000000e-01 0.000000e+00 1.170123e-14 -2.654990e-15 0.000000e+00
1.500000e+00 7.500000e-01 0.000000e+00 9.373947e-15 -1.250808e-15 0.000000e+00
1.500000e+00 1.000000e+00 0.000000e+00 6.654333e-15 -2.527047e-16 0.000000e+00
1.500000e+00 1.250000e+00 0.000000e+00 4.086058e-15 2.371785e-16 0.000000e+00
1.500000e+00 1.500000e+00 0.000000e+00 2.117840e-15 3.188538e-16 0.000000e+00
1.500000e+00 1.750000e+00 0.000000e+00 9.059251e-16 2.142055e-16 0.000000e+00
1.500000e+00 2.000000e+00 0.000000e+00 3.131419e-16 9.849620e-17 0.000000e+00
1.500000e+00 2.250000e+00 0.000000e+00 8.558388e-17 3.297436e-17 0.000000e+00
1.500000e+00 2.500000e+00 0.000000e+00 1.802910e-17 8.116338e-18 0.000000e+00
1.750000e+00 -2.500000e+00 0.000000e+00 1.855409e-19 -4.969845e-18 0.000000e+00
1.750000e+00 -2.250000e+00 0.000000e+00 2.813157e-18 -3.075709e-17 0.000000e+00
1.750000e+00 -2.000000e+00 0.000000e+00 2.120216e-17 -1.334550e-16 0.000000e+00
1.750000e+00 -1.750000e+00 0.000000e+00 1.040013e-16 -4.272256e-16 0.000000e+00
1.750000e+00 -1.500000e+00 0.000000e+00 3.670174e-16 -1.045594e-15 0.000000e+00
1.750000e+00 -1.250000e+00 0.000000e+00 9.847822e-16 -2.008271e-15 0.000000e+00
1.750000e+00 -1.000000e+00 0.000000e+00 2.084449e-15 -3.090068e-15 0.000000e+00
1.750000e+00 -7.500000e-01 0.000000e+00 3.579197e-15 -3.879623e-15 0.000000e+00
1.750000e+00 -5.000000e-01 0.000000e+00 5.107518e-15 -4.056261e-15 0.000000e+00
1.750000e+00 -2.500000e-01 0.000000e+00 6.201066e-15 -3.626849e-15 0.000000e+00
1.750000e+00 0.000000e+00 0.000000e+00 6.560444e-15 -2.865333e-15 0.000000e+00
1.750000e+00 2.500000e-01 0.000000e+00 6.181210e-15 -2.050266e-15 0.000000e+00
1.750000e+00 5.000000e-01 0.000000e+00 5.255887e-15 -1.313774e-15 0.000000e+00
1.750000e+00 7.500000e-01 0.000000e+00 4.026729e-15 -7.015601e-16 0.000000e+00
1.750000e+00 1.000000e+00 0.000000e+00 2.733799e-15 -2.605223e-16 0.000000e+00
1.750000e+00 1.250000e+00 0.000000e+00 1.603532e-15 -2.012809e-17 0.000000e+00
1.750000e+00 1.500000e+00 0.000000e+00 7.909015e-16 5.570734e-17 0.000000e+00
1.750000e+00 1.750000e+00 0.000000e+00 3.197881e-16 4.795198e-17 0.000000e+00
1.750000e+00 2.000000e+00 0.000000e+00 1.035022e-16 2.316613e-17 0.000000e+00
1.750000e+00 2.250000e+00 0.000000e+00 2.617120e-17 7.631441e-18 0.000000e+00
1.750000e+00 2.500000e+00 0.000000e+00 5.027039e-18 1.780301e-18 0.000000e+00
2.000000e+00 -2.500000e+00 0.000000e+00 1.270182e-19 -1.170657e-18 0.000000e+00
2.000000e+00 -2.250000e+00 0.000000e+00 1.383614e-18 -8.204304e-18 0.000000e+00
2.000000e+00 -2.000000e+00 0.000000e+00 9.461904e-18 -3.910590e-17 0.000000e+00
2.000000e+00 -1.750000e+00 0.000000e+00 4.479133e-17 -1.347940e-16 0.000000e+00
2.000000e+00 -1.500000e+00 0.000000e+00 1.558966e-16 -3.501830e-16 0.000000e+00
2.000000e+00 -1.250000e+00 0.000000e+00 4.156606e-16 -7.061075e-16 0.000000e+00
2.000000e+00 -1.000000e+00 0.000000e+00 8.750464e-16 -1.129687e-15 0.000000e+00
2.000000e+00 -7.500000e-01 0.000000e+00 1.489905e-15 -1.460457e-15 0.000000e+00
2.000000e+00 -5.000000e-01 0.000000e+00 2.095513e-15 -1.554101e-15 0.000000e+00
2.000000e+00 -2.500000e-01 0.000000e+00 2.485713e-15 -1.393458e-15 0.000000e+00
2.000000e+00 0.000000e+00 0.000000e+00 2.541942e-15 -1.086279e-15 0.000000e+00
2.000000e+00 2.500000e-01 0.000000e+00 2.290374e-15 -7.604044e-16 0.000000e+00
2.000000e+00 5.000000e-01 0.000000e+00 1.848048e-15 -4.824667e-16 0.000000e+00
2.000000e+00 7.500000e-01 0.000000e+00 1.339233e-15 -2.665966e-16 0.000000e+00
2.000000e+00 1.000000e+00 0.000000e+00 8.597378e-16 -1.157899e-16 0.000000e+00
2.000000e+00 1.250000e+00 0.000000e+00 4.763990e-16 -3.072969e-17 0.000000e+00
2.000000e+00 1.500000e+00 0.000000e+00 2.210483e-16 2.012465e-18 0.000000e+00
2.000000e+00 1.750000e+00 0.000000e+00 8.337079e-17 6.851620e-18 0.000000e+00
2.000000e+00 2.000000e+00 0.000000e+00 2.484775e-17 3.769031e-18 0.000000e+00
2.000000e+00 2.250000e+00 0.000000e+00 5.686882e-18 1.229408e-18 0.000000e+00
2.000000e+00 2.500000e+00 0.000000e+00 9.684846e-19 2.670603e-19 0.000000e+00
2.250000e+00 -2.500000e+00 0.000000e+00 3.457887e-20 -2.016867e-19 0.000000e+00
2.250000e+00 -2.250000e+00 0.000000e+00 3.907992e-19 -1.644378e-18 0.000000e+00
2.250000e+00 -2.000000e+00 0.000000e+00 2.777979e-18 -8.783241e-18 0.000000e+00
2.250000e+00 -1.750000e+00 0.000000e+00 1.359451e-17 -3.304520e-17 0.000000e+00
2.250000e+00 -1.500000e+00 0.000000e+00 4.858968e-17 -9.198523e-17 0.000000e+00
2.250000e+00 -1.250000e+00 0.000000e+00 1.321013e-16 -1.959617e-16 0.000000e+00
2.250000e+00 -1.000000e+00 0.000000e+00 2.814021e-16 -3.273329e-16 0.000000e+00
2.250000e+00 -7.500000e-01 0.000000e+00 4.806355e-16 -4.367429e-16 0.000000e+00
2.250000e+00 -5.000000e-01 0.000000e+00 6.711592e-16 -4.732462e-16 0.000000e+00
2.250000e+00 -2.500000e-01 0.000000e+00 7.805280e-16 -4.245761e-16 0.000000e+00
2.250000e+00 0.000000e+00 0.000000e+00 7.709408e-16 -3.240129e-16 0.000000e+00
2.250000e+00 2.500000e-01 0.000000e+00 6.604823e-16 -2.177429e-16 0.000000e+00
2.250000e+00 5.000000e-01 0.000000e+00 5.001754e-16 -1.322702e-16 0.000000e+00
2.250000e+00 7.500000e-01 0.000000e+00 3.377916e-16 -7.172008e-17 0.000000e+00
2.250000e+00 1.000000e+00 0.000000e+00 2.017417e-16 -3.241426e-17 0.000000e+00
2.250000e+00 1.250000e+00 0.000000e+00 1.039133e-16 -1.067278e-17 0.000000e+00
2.250000e+00 1.500000e+00 0.000000e+00 4.461035e-17 -1.722562e-18 0.000000e+00
2.250000e+00 1.750000e+00 0.000000e+00 1.539713e-17 4.298088e-19 0.000000e+00
2.250000e+00 2.000000e+00 0.000000e+00 4.124158e-18 3.836578e-19 0.000000e+00
2.250000e+00 2.250000e+00 0.000000e+00 8.277265e-19 1.275618e-19 0.000000e+00
2.250000e+00 2.500000e+00 0.000000e+00 1.206694e-19 2.533146e-20 0.000000e+00
2.500000e+00 -2.500000e+00 0.000000e+00 5.658952e-21 -2.516808e-20 0.000000e+00
2.500000e+00 -2.250000e+00 0.000000e+00 7.178634e-20 -2.404323e-19 0.000000e+00
2.500000e+00 -2.000000e+00 0.000000e+00 5.622865e-19 -1.468158e-18 0.000000e+00
2.500000e+00 -1.750000e+00 0.000000e+00 2.954725e-18 -6.122305e-18 0.000000e+00
2.500000e+00 -1.500000e+00 0.000000e+00 1.112149e-17 -1.845416e-17 0.000000e+00
2.500000e+00 -1.250000e+00 0.000000e+00 3.136285e-17 -4.182982e-17 0.000000e+00
2.500000e+00 -1.000000e+00 0.000000e+00 6.840569e-17 -7.328520e-17 0.000000e+00
2.500000e+00 -7.500000e-01 0.000000e+00 1.181525e-16 -1.012007e-16 0.000000e+00
2.500000e+00 -5.000000e-01 0.000000e+00 1.646566e-16 -1.118412e-16 0.000000e+00
2.500000e+00 -2.500000e-01 0.000000e+00 1.882032e-16 -1.004153e-16 0.000000e+00
2.500000e+00 0.000000e+00 0.000000e+00 1.793987e-16 -7.475493e-17 0.000000e+00
2.500000e+00 2.500000e-01 0.000000e+00 1.452999e-16 -4.758726e-17 0.000000e+00
2.500000e+00 5.000000e-01 0.000000e+00 1.019871e-16 -2.685685e-17 0.000000e+00
2.500000e+00 7.500000e-01 0.000000e+00 6.295540e-17 -1.363770e-17 0.000000e+00
2.500000e+00 1.000000e+00 0.000000e+00 3.416186e-17 -5.992755e-18 0.000000e+00
2.500000e+00 1.250000e+00 0.000000e+00 1.595219e-17 -2.065693e-18 0.000000e+00
2.500000e+00 1.500000e+00 0.000000e+00 6.172763e-18 -4.659360e-19 0.000000e+00
2.500000e+00 1.750000e+00 0.000000e+00 1.892361e-18 -3.001635e-20 0.000000e+00
2.500000e+00 2.000000e+00 0.000000e+00 4.391888e-19 1.970730e-20 0.000000e+00
2.500000e+00 2.250000e+00 0.000000e+00 7.435823e-20 7.609105e-21 0.000000e+00
2.500000e+00 2.500000e+00 0.000000e+00 9.364925e-21 1.428858e-21 0.000000e+00
