-4.827696e-21 1.162742e-20 4.290654e-19 2.673149e-18 9.459544e-18 2.300926e-17 4.181184e-17 6.010023e-17 7.250370e-17 7.892452e-17 8.289300e-17 8.548572e-17 8.311389e-17 7.172594e-17 5.205081e-17 3.022658e-17 1.326963e-17 4.044137e-18 7.103404e-19 2.278591e-20 -1.250750e-20
1.570978e-20 7.397764e-19 5.813595e-18 2.554961e-17 7.648935e-17 1.698297e-16 2.945474e-16 4.166263e-16 5.037039e-16 5.494423e-16 5.671159e-16 5.630275e-16 5.260625e-16 4.438096e-16 3.234168e-16 1.947996e-16 9.243713e-17 3.252245e-17 7.697702e-18 9.669409e-19 -5.696182e-21
5.400745e-19 6.280282e-18 3.634628e-17 1.373947e-16 3.765507e-16 7.926912e-16 1.334947e-15 1.865607e-15 2.252400e-15 2.456082e-15 2.512363e-15 2.446643e-15 2.238209e-15 1.865059e-15 1.363944e-15 8.411411e-16 4.187874e-16 1.599237e-16 4.364451e-17 7.479975e-18 5.275280e-19
3.454303e-18 2.884297e-17 1.437489e-16 4.977921e-16 1.290253e-15 2.621795e-15 4.325854e-15 5.990023e-15 7.217294e-15 7.865864e-15 8.008763e-15 7.720330e-15 6.982271e-15 5.781037e-15 4.242815e-15 2.660395e-15 1.368132e-15 5.507614e-16 1.635649e-16 3.262539e-17 3.510584e-18
1.250350e-17 8.880633e-17 4.051937e-16 1.326736e-15 3.313190e-15 6.570368e-15 1.068325e-14 1.468754e-14 1.765792e-14 1.923221e-14 1.953478e-14 1.873647e-14 1.685310e-14 1.392251e-14 1.025932e-14 6.513175e-15 3.425742e-15 1.428682e-15 4.478192e-16 9.757551e-17 1.264895e-17
3.107561e-17 2.015471e-16 8.712936e-16 2.752946e-15 6.709046e-15 1.308682e-14 2.105691e-14 2.878165e-14 3.451091e-14 3.753769e-14 3.806728e-14 3.643360e-14 3.272397e-14 2.705962e-14 2.003522e-14 1.284240e-14 6.861022e-15 2.928895e-15 9.501760e-16 2.183880e-16 3.126515e-17
5.787151e-17 3.574919e-16 1.499672e-15 4.642500e-15 1.115063e-14 2.152416e-14 3.437725e-14 4.675160e-14 5.586634e-14 6.061836e-14 6.137391e-14 5.872195e-14 5.282878e-14 4.384820e-14 3.265107e-14 2.109149e-14 1.138618e-14 4.931223e-15 1.632942e-15 3.870688e-16 5.845944e-17
8.527180e-17 5.175605e-16 2.147115e-15 6.592750e-15 1.573010e-14 3.019058e-14 4.797620e-14 6.495236e-14 7.730481e-14 8.361295e-14 8.453949e-14 8.101868e-14 7.323311e-14 6.118310e-14 4.587111e-14 2.982240e-14 1.620524e-14 7.073954e-15 2.368182e-15 5.706138e-16 8.860377e-17
1.035634e-16 6.340476e-16 2.642473e-15 8.127545e-15 1.938174e-14 3.712098e-14 5.880858e-14 7.933924e-14 9.410589e-14 1.015530e-13 1.027337e-13 9.891757e-14 9.015306e-14 7.602393e-14 5.744897e-14 3.755730e-14 2.048867e-14 8.978907e-15 3.023316e-15 7.357359e-16 1.164141e-16
1.075737e-16 6.795471e-16 2.879961e-15 8.934858e-15 2.138206e-14 4.096811e-14 6.482822e-14 8.733013e-14 1.035071e-13 1.118371e-13 1.136670e-13 1.104070e-13 1.017749e-13 8.676697e-14 6.609497e-14 4.341118e-14 2.374378e-14 1.043352e-14 3.532064e-15 8.695158e-16 1.411163e-16
9.955555e-17 6.590857e-16 2.859034e-15 8.974113e-15 2.158657e-14 4.143218e-14 6.560979e-14 8.852134e-14 1.053114e-13 1.145389e-13 1.175278e-13 1.154982e-13 1.077426e-13 9.275648e-14 7.110516e-14 4.685519e-14 2.568005e-14 1.132276e-14 3.863578e-15 9.676188e-16 1.629975e-16
8.586284e-17 5.966532e-16 2.646057e-15 8.392974e-15 2.028062e-14 3.900777e-14 6.191901e-14 8.394223e-14 1.006814e-13 1.107115e-13 1.149693e-13 1.142311e-13 1.074826e-13 9.305936e-14 7.154841e-14 4.720931e-14 2.591318e-14 1.147221e-14 3.952770e-15 1.009945e-15 1.771244e-16
7.090724e-17 5.106092e-16 2.299951e-15 7.347677e-15 1.781267e-14 3.433874e-14 5.470945e-14 7.468002e-14 9.049903e-14 1.007060e-13 1.056805e-13 1.057298e-13 9.980736e-14 8.647435e-14 6.644241e-14 4.380371e-14 2.405128e-14 1.068137e-14 3.710334e-15 9.635315e-16 1.742272e-16
5.491519e-17 4.048850e-16 1.844506e-15 5.928578e-15 1.442485e-14 2.789893e-14 4.466119e-14 6.141506e-14 7.514375e-14 8.442705e-14 8.919335e-14 8.944873e-14 8.434798e-14 7.287835e-14 5.581997e-14 3.669844e-14 2.011474e-14 8.933892e-15 3.112268e-15 8.137390e-16 1.490148e-16
3.744375e-17 2.840242e-16 1.314440e-15 4.267804e-15 1.045814e-14 2.034565e-14 3.276533e-14 4.536872e-14 5.592132e-14 6.321989e-14 6.700088e-14 6.716945e-14 6.316264e-14 5.436202e-14 4.146056e-14 2.713620e-14 1.480425e-14 6.543325e-15 2.267472e-15 5.890657e-16 1.068626e-16
2.085897e-17 1.670874e-16 7.966335e-16 2.637426e-15 6.551732e-15 1.287420e-14 2.089478e-14 2.911475e-14 3.606145e-14 4.088741e-14 4.336141e-14 4.341540e-14 4.072454e-14 3.493245e-14 2.652125e-14 1.725014e-14 9.331145e-15 4.077159e-15 1.390791e-15 3.532481e-16 6.186400e-17
8.792759e-18 7.824820e-17 3.934492e-16 1.347224e-15 3.424248e-15 6.834887e-15 1.120734e-14 1.570911e-14 1.950449e-14 2.211105e-14 2.341371e-14 2.340477e-14 2.192120e-14 1.875897e-14 1.417453e-14 9.141397e-15 4.878924e-15 2.090004e-15 6.927932e-16 1.686448e-16 2.758763e-17
2.519251e-18 2.752993e-17 1.514635e-16 5.473713e-16 1.441404e-15 2.944451e-15 4.894554e-15 6.901245e-15 8.567003e-15 9.674394e-15 1.019881e-14 1.016802e-14 9.515179e-15 8.129605e-15 6.109730e-15 3.894761e-15 2.037956e-15 8.468498e-16 2.682650e-16 6.092296e-17 8.856606e-18
3.713367e-19 6.668126e-18 4.291395e-17 1.688852e-16 4.690869e-16 9.909366e-16 1.678269e-15 2.381412e-15 2.946287e-15 3.297044e-15 3.443368e-15 3.415227e-15 3.192805e-15 2.724705e-15 2.034257e-15 1.276229e-15 6.490380e-16 2.577928e-16 7.616537e-17 1.545098e-17 1.809437e-18
-1.823351e-20 9.139176e-19 8.136820e-18 3.696389e-17 1.115116e-16 2.475651e-16 4.305400e-16 6.156296e-16 7.559117e-16 8.315536e-16 8.531635e-16 8.376860e-16 7.818639e-16 6.669076e-16 4.938326e-16 3.029569e-16 1.477575e-16 5.476987e-17 1.444935e-17 2.386791e-18 1.637244e-19
-1.364796e-20 2.083129e-20 8.300517e-19 5.070330e-18 1.763866e-17 4.238498e-17 7.675088e-17 1.109178e-16 1.342833e-16 1.431697e-16 1.419934e-16 1.367129e-16 1.273808e-16 1.089145e-16 7.985420e-17 4.737286e-17 2.159868e-17 7.101934e-18 1.498835e-18 1.419932e-19 -8.143840e-21
