0.000000e+00 0.000000e+00 -1.000000e+00 2.195194e-15 1.511587e-15 3.655266e-14
0.000000e+00 0.000000e+00 -9.500000e-01 2.979601e-15 2.531124e-15 4.690777e-14
0.000000e+00 0.000000e+00 -9.000000e-01 4.498027e-15 -6.704937e-14 1.178949e-12
0.000000e+00 0.000000e+00 -8.500000e-01 1.444126e-14 -1.447841e-10 1.470279e-10
0.000000e+00 0.000000e+00 -8.000000e-01 -1.192649e-11 -5.370739e-11 1.072039e-11
0.000000e+00 0.000000e+00 -7.500000e-01 -2.961866e-11 -1.771675e-10 1.885104e-10
0.000000e+00 0.000000e+00 -7.000000e-01 -8.868669e-11 -3.970530e-10 4.199615e-10
0.000000e+00 0.000000e+00 -6.500000e-01 4.534999e-11 -2.138840e-10 4.544565e-10
0.000000e+00 0.000000e+00 -6.000000e-01 9.781980e-11 -7.620631e-11 3.035766e-10
0.000000e+00 0.000000e+00 -5.500000e-01 -2.761571e-10 -1.348335e-09 1.302773e-09
0.000000e+00 0.000000e+00 -5.000000e-01 -8.252407e-10 -4.404445e-09 4.154355e-09
0.000000e+00 0.000000e+00 -4.500000e-01 -1.090058e-09 -3.182358e-09 3.902959e-09
0.000000e+00 0.000000e+00 -4.000000e-01 -1.478611e-09 -5.382246e-09 6.229485e-09
0.000000e+00 0.000000e+00 -3.500000e-01 -1.757196e-09 -2.779536e-09 2.880251e-09
0.000000e+00 0.000000e+00 -3.000000e-01 -1.796787e-09 -1.020492e-08 1.327424e-08
0.000000e+00 0.000000e+00 -2.500000e-01 4.891908e-10 -5.702859e-10 9.103228e-09
0.000000e+00 0.000000e+00 -2.000000e-01 -3.136759e-10 -4.660209e-09 1.554061e-08
0.000000e+00 0.000000e+00 -1.500000e-01 -4.411412e-09 -2.793008e-08 3.319841e-08
0.000000e+00 0.000000e+00 -1.000000e-01 -9.791806e-09 -2.118672e-08 3.268023e-08
0.000000e+00 0.000000e+00 -5.000000e-02 -4.621646e-09 -3.161510e-08 4.869568e-08
0.000000e+00 0.000000e+00 3.191891e-16 -6.631308e-09 -1.402851e-08 2.425087e-08
0.000000e+00 0.000000e+00 5.000000e-02 -9.449566e-09 -2.885719e-08 5.620733e-08
0.000000e+00 0.000000e+00 1.000000e-01 -3.577687e-09 -2.821725e-08 7.378610e-08
0.000000e+00 0.000000e+00 1.500000e-01 2.254863e-09 -2.533774e-08 9.284886e-08
0.000000e+00 0.000000e+00 2.000000e-01 -7.921423e-09 -4.377512e-08 8.532013e-08
0.000000e+00 0.000000e+00 2.500000e-01 -2.257624e-08 -8.288583e-08 1.573973e-07
0.000000e+00 0.000000e+00 3.000000e-01 -2.648548e-08 -1.072912e-07 1.706036e-07
0.000000e+00 0.000000e+00 3.500000e-01 -1.680174e-08 -2.688486e-08 1.383525e-07
0.000000e+00 0.000000e+00 4.000000e-01 -1.528013e-08 -8.285178e-08 2.048328e-07
0.000000e+00 0.000000e+00 4.500000e-01 -1.475146e-08 -2.571327e-08 1.743565e-07
0.000000e+00 0.000000e+00 5.000000e-01 -1.213884e-08 -1.231247e-07 3.226033e-07
0.000000e+00 0.000000e+00 5.500000e-01 -4.855641e-09 -1.181932e-07 3.072995e-07
0.000000e+00 0.000000e+00 6.000000e-01 -3.398752e-08 -9.234765e-08 3.158793e-07
0.000000e+00 0.000000e+00 6.500000e-01 -6.195546e-08 -2.794923e-07 4.604203e-07
0.000000e+00 0.000000e+00 7.000000e-01 -5.234040e-08 -1.221183e-07 3.876168e-07
0.000000e+00 0.000000e+00 7.500000e-01 -1.064402e-08 -1.174820e-07 3.849911e-07
0.000000e+00 0.000000e+00 8.000000e-01 -8.797814e-09 -4.430979e-08 -3.329323e-08
0.000000e+00 0.000000e+00 8.500000e-01 -1.051063e-08 -7.183103e-08 -1.604646e-06
0.000000e+00 0.000000e+00 9.000000e-01 -1.608295e-08 -1.111672e-07 -1.468986e-07
0.000000e+00 0.000000e+00 9.500000e-01 8.978756e-09 -6.890321e-08 2.729331e-07
0.000000e+00 0.000000e+00 1.000000e+00 -1.408865e-08 2.419370e-09 1.988709e-07
0.000000e+00 0.000000e+00 1.050000e+00 -3.672551e-08 -1.791248e-07 -4.157563e-07
0.000000e+00 0.000000e+00 1.100000e+00 -2.357762e-08 -1.270986e-07 -1.480575e-06
0.000000e+00 0.000000e+00 1.150000e+00 -2.510651e-08 -4.916817e-08 -3.490735e-07
0.000000e+00 0.000000e+00 1.200000e+00 -4.577914e-09 -7.739859e-09 -4.092782e-08
0.000000e+00 0.000000e+00 1.250000e+00 -7.019387e-10 -1.109036e-09 -4.902478e-09
0.000000e+00 0.000000e+00 1.300000e+00 -1.177774e-10 -1.762707e-10 -6.931450e-10
0.000000e+00 0.000000e+00 1.350000e+00 -2.263036e-11 -3.236463e-11 -1.165576e-10
0.000000e+00 0.000000e+00 1.400000e+00 -4.949119e-12 -6.820701e-12 -2.278797e-11
0.000000e+00 0.000000e+00 1.450000e+00 -1.209342e-12 -1.619111e-12 -5.037700e-12
0.000000e+00 0.000000e+00 1.500000e+00 -3.232091e-13 -4.239454e-13 -1.224324e-12
0.000000e+00 0.000000e+00 1.550000e+00 -9.237707e-14 -1.199951e-13 -3.170449e-13
0.000000e+00 0.000000e+00 1.600000e+00 -2.755236e-14 -3.604346e-14 -8.337827e-14
0.000000e+00 0.000000e+00 1.650000e+00 -8.330163e-15 -1.131512e-14 -1.964206e-14
0.000000e+00 0.000000e+00 1.700000e+00 -2.456979e-15 -3.686254e-15 -1.641753e-15
0.000000e+00 0.000000e+00 1.750000e+00 -6.703966e-16 -1.267983e-15 3.479236e-15
0.000000e+00 0.000000e+00 1.800000e+00 -1.624176e-16 -4.974476e-16 4.883216e-15
0.000000e+00 0.000000e+00 1.850000e+00 -4.957139e-17 -2.572171e-16 5.213312e-15
0.000000e+00 0.000000e+00 1.900000e+00 -4.948700e-17 -1.861608e-16 5.241298e-15
0.000000e+00 0.000000e+00 1.950000e+00 -7.343851e-17 -1.662861e-16 5.188690e-15
