-2.500000e+00 -2.500000e+00 0.000000e+00 6.530780e-21 -1.221780e-21 0.000000e+00
-2.500000e+00 -2.250000e+00 0.000000e+00 6.612867e-20 -1.568159e-20 0.000000e+00
-2.500000e+00 -2.000000e+00 0.000000e+00 4.900209e-19 -1.475664e-19 0.000000e+00
-2.500000e+00 -1.750000e+00 0.000000e+00 2.569473e-18 -9.713373e-19 0.000000e+00
-2.500000e+00 -1.500000e+00 0.000000e+00 9.853627e-18 -4.644411e-18 0.000000e+00
-2.500000e+00 -1.250000e+00 0.000000e+00 2.857662e-17 -1.673959e-17 0.000000e+00
-2.500000e+00 -1.000000e+00 0.000000e+00 6.430196e-17 -4.678448e-17 0.000000e+00
-2.500000e+00 -7.500000e-01 0.000000e+00 1.143278e-16 -1.035582e-16 0.000000e+00
-2.500000e+00 -5.000000e-01 0.000000e+00 1.625097e-16 -1.843906e-16 0.000000e+00
-2.500000e+00 -2.500000e-01 0.000000e+00 1.857015e-16 -2.669689e-16 0.000000e+00
-2.500000e+00 0.000000e+00 0.000000e+00 1.704236e-16 -3.163842e-16 0.000000e+00
-2.500000e+00 2.500000e-01 0.000000e+00 1.244671e-16 -3.077285e-16 0.000000e+00
-2.500000e+00 5.000000e-01 0.000000e+00 7.078112e-17 -2.453823e-16 0.000000e+00
-2.500000e+00 7.500000e-01 0.000000e+00 2.987610e-17 -1.596259e-16 0.000000e+00
-2.500000e+00 1.000000e+00 0.000000e+00 8.237970e-18 -8.396040e-17 0.000000e+00
-2.500000e+00 1.250000e+00 0.000000e+00 6.998310e-19 -3.524478e-17 0.000000e+00
-2.500000e+00 1.500000e+00 0.000000e+00 -5.534311e-19 -1.161149e-17 0.000000e+00
-2.500000e+00 1.750000e+00 0.000000e+00 -3.014828e-19 -2.948824e-18 0.000000e+00
-2.500000e+00 2.000000e+00 0.000000e+00 -7.913787e-20 -5.717197e-19 0.000000e+00
-2.500000e+00 2.250000e+00 0.000000e+00 -1.306378e-20 -8.706781e-20 0.000000e+00
-2.500000e+00 2.500000e+00 0.000000e+00 -1.771430e-21 -1.178737e-20 0.000000e+00
-2.250000e+00 -2.500000e+00 0.000000e+00 4.749727e-20 -8.155728e-21 0.000000e+00
-2.250000e+00 -2.250000e+00 0.000000e+00 4.428869e-19 -9.627494e-20 0.000000e+00
-2.250000e+00 -2.000000e+00 0.000000e+00 2.856933e-18 -7.667731e-19 0.000000e+00
-2.250000e+00 -1.750000e+00 0.000000e+00 1.329920e-17 -4.402513e-18 0.000000e+00
-2.250000e+00 -1.500000e+00 0.000000e+00 4.656267e-17 -1.913246e-17 0.000000e+00
-2.250000e+00 -1.250000e+00 0.000000e+00 1.263273e-16 -6.488610e-17 0.000000e+00
-2.250000e+00 -1.000000e+00 0.000000e+00 2.711679e-16 -1.752615e-16 0.000000e+00
-2.250000e+00 -7.500000e-01 0.000000e+00 4.670128e-16 -3.826067e-16 0.000000e+00
-2.250000e+00 -5.000000e-01 0.000000e+00 6.505647e-16 -6.824422e-16 0.000000e+00
-2.250000e+00 -2.500000e-01 0.000000e+00 7.347157e-16 -1.002196e-15 0.000000e+00
-2.250000e+00 0.000000e+00 0.000000e+00 6.696892e-16 -1.217428e-15 0.000000e+00
-2.250000e+00 2.500000e-01 0.000000e+00 4.857452e-16 -1.225491e-15 0.000000e+00
-2.250000e+00 5.000000e-01 0.000000e+00 2.715326e-16 -1.021106e-15 0.000000e+00
-2.250000e+00 7.500000e-01 0.000000e+00 1.082013e-16 -7.014142e-16 0.000000e+00
-2.250000e+00 1.000000e+00 0.000000e+00 2.301175e-17 -3.944760e-16 0.000000e+00
-2.250000e+00 1.250000e+00 0.000000e+00 -4.216680e-18 -1.799320e-16 0.000000e+00
-2.250000e+00 1.500000e+00 0.000000e+00 -5.985630e-18 -6.584742e-17 0.000000e+00
-2.250000e+00 1.750000e+00 0.000000e+00 -2.720005e-18 -1.915463e-17 0.000000e+00
-2.250000e+00 2.000000e+00 0.000000e+00 -7.674252e-19 -4.421082e-18 0.000000e+00
-2.250000e+00 2.250000e+00 0.000000e+00 -1.528651e-19 -8.216273e-19 0.000000e+00
-2.250000e+00 2.500000e+00 0.000000e+00 -2.463037e-20 -1.273532e-19 0.000000e+00
-2.000000e+00 -2.500000e+00 0.000000e+00 3.233264e-19 -5.643470e-20 0.000000e+00
-2.000000e+00 -2.250000e+00 0.000000e+00 2.505668e-18 -5.337632e-19 0.000000e+00
-2.000000e+00 -2.000000e+00 0.000000e+00 1.367002e-17 -3.464343e-18 0.000000e+00
-2.000000e+00 -1.750000e+00 0.000000e+00 5.566051e-17 -1.682971e-17 0.000000e+00
-2.000000e+00 -1.500000e+00 0.000000e+00 1.758531e-16 -6.446406e-17 0.000000e+00
-2.000000e+00 -1.250000e+00 0.000000e+00 4.419765e-16 -2.003952e-16 0.000000e+00
-2.000000e+00 -1.000000e+00 0.000000e+00 8.976931e-16 -5.131853e-16 0.000000e+00
-2.000000e+00 -7.500000e-01 0.000000e+00 1.487052e-15 -1.090994e-15 0.000000e+00
-2.000000e+00 -5.000000e-01 0.000000e+00 2.016445e-15 -1.933734e-15 0.000000e+00
-2.000000e+00 -2.500000e-01 0.000000e+00 2.233702e-15 -2.864787e-15 0.000000e+00
-2.000000e+00 0.000000e+00 0.000000e+00 2.002334e-15 -3.551562e-15 0.000000e+00
-2.000000e+00 2.500000e-01 0.000000e+00 1.420984e-15 -3.683609e-15 0.000000e+00
-2.000000e+00 5.000000e-01 0.000000e+00 7.593464e-16 -3.190504e-15 0.000000e+00
-2.000000e+00 7.500000e-01 0.000000e+00 2.639375e-16 -2.299495e-15 0.000000e+00
-2.000000e+00 1.000000e+00 0.000000e+00 1.681848e-17 -1.371951e-15 0.000000e+00
-2.000000e+00 1.250000e+00 0.000000e+00 -4.815604e-17 -6.734049e-16 0.000000e+00
-2.000000e+00 1.500000e+00 0.000000e+00 -3.696189e-17 -2.703611e-16 0.000000e+00
-2.000000e+00 1.750000e+00 0.000000e+00 -1.616149e-17 -8.855392e-17 0.000000e+00
-2.000000e+00 2.000000e+00 0.000000e+00 -4.974455e-18 -2.374809e-17 0.000000e+00
-2.000000e+00 2.250000e+00 0.000000e+00 -1.180648e-18 -5.263049e-18 0.000000e+00
-2.000000e+00 2.500000e+00 0.000000e+00 -2.347972e-19 -9.680245e-19 0.000000e+00
-1.750000e+00 -2.500000e+00 0.000000e+00 1.826005e-18 -2.857466e-19 0.000000e+00
-1.750000e+00 -2.250000e+00 0.000000e+00 1.173548e-17 -2.313857e-18 0.000000e+00
-1.750000e+00 -2.000000e+00 0.000000e+00 5.457933e-17 -1.296823e-17 0.000000e+00
-1.750000e+00 -1.750000e+00 0.000000e+00 1.944217e-16 -5.474530e-17 0.000000e+00
-1.750000e+00 -1.500000e+00 0.000000e+00 5.506845e-16 -1.845724e-16 0.000000e+00
-1.750000e+00 -1.250000e+00 0.000000e+00 1.269774e-15 -5.166967e-16 0.000000e+00
-1.750000e+00 -1.000000e+00 0.000000e+00 2.415480e-15 -1.227297e-15 0.000000e+00
-1.750000e+00 -7.500000e-01 0.000000e+00 3.812093e-15 -2.493698e-15 0.000000e+00
-1.750000e+00 -5.000000e-01 0.000000e+00 4.987271e-15 -4.334395e-15 0.000000e+00
-1.750000e+00 -2.500000e-01 0.000000e+00 5.369835e-15 -6.423311e-15 0.000000e+00
-1.750000e+00 0.000000e+00 0.000000e+00 4.681490e-15 -8.083575e-15 0.000000e+00
-1.750000e+00 2.500000e-01 0.000000e+00 3.194092e-15 -8.606731e-15 0.000000e+00
-1.750000e+00 5.000000e-01 0.000000e+00 1.568127e-15 -7.725338e-15 0.000000e+00
-1.750000e+00 7.500000e-01 0.000000e+00 3.928220e-16 -5.824463e-15 0.000000e+00
-1.750000e+00 1.000000e+00 0.000000e+00 -1.493095e-16 -3.674648e-15 0.000000e+00
-1.750000e+00 1.250000e+00 0.000000e+00 -2.403073e-16 -1.933434e-15 0.000000e+00
-1.750000e+00 1.500000e+00 0.000000e+00 -1.568736e-16 -8.468900e-16 0.000000e+00
-1.750000e+00 1.750000e+00 0.000000e+00 -6.975596e-17 -3.092191e-16 0.000000e+00
-1.750000e+00 2.000000e+00 0.000000e+00 -2.370703e-17 -9.450095e-17 0.000000e+00
-1.750000e+00 2.250000e+00 0.000000e+00 -6.589096e-18 -2.421029e-17 0.000000e+00
-1.750000e+00 2.500000e+00 0.000000e+00 -1.555673e-18 -5.134540e-18 0.000000e+00
-1.500000e+00 -2.500000e+00 0.000000e+00 8.020205e-18 -8.881932e-19 0.000000e+00
-1.500000e+00 -2.250000e+00 0.000000e+00 4.430298e-17 -6.949930e-18 0.000000e+00
-1.500000e+00 -2.000000e+00 0.000000e+00 1.804878e-16 -3.674401e-17 0.000000e+00
-1.500000e+00 -1.750000e+00 0.000000e+00 5.710174e-16 -1.436336e-16 0.000000e+00
-1.500000e+00 -1.500000e+00 0.000000e+00 1.455913e-15 -4.424111e-16 0.000000e+00
-1.500000e+00 -1.250000e+00 0.000000e+00 3.068035e-15 -1.127734e-15 0.000000e+00
-1.500000e+00 -1.000000e+00 0.000000e+00 5.421622e-15 -2.464755e-15 0.000000e+00
-1.500000e+00 -7.500000e-01 0.000000e+00 8.072968e-15 -4.710240e-15 0.000000e+00
-1.500000e+00 -5.000000e-01 0.000000e+00 1.009008e-14 -7.906343e-15 0.000000e+00
-1.500000e+00 -2.500000e-01 0.000000e+00 1.045272e-14 -1.159324e-14 0.000000e+00
-1.500000e+00 0.000000e+00 0.000000e+00 8.752355e-15 -1.471614e-14 0.000000e+00
-1.500000e+00 2.500000e-01 0.000000e+00 5.616925e-15 -1.603354e-14 0.000000e+00
-1.500000e+00 5.000000e-01 0.000000e+00 2.366712e-15 -1.489548e-14 0.000000e+00
-1.500000e+00 7.500000e-01 0.000000e+00 1.297027e-16 -1.174504e-14 0.000000e+00
-1.500000e+00 1.000000e+00 0.000000e+00 -7.893275e-16 -7.836639e-15 0.000000e+00
-1.500000e+00 1.250000e+00 0.000000e+00 -8.044963e-16 -4.418492e-15 0.000000e+00
-1.500000e+00 1.500000e+00 0.000000e+00 -5.014835e-16 -2.106037e-15 0.000000e+00
-1.500000e+00 1.750000e+00 0.000000e+00 -2.342273e-16 -8.501186e-16 0.000000e+00
-1.500000e+00 2.000000e+00 0.000000e+00 -8.844979e-17 -2.907222e-16 0.000000e+00
-1.500000e+00 2.250000e+00 0.000000e+00 -2.811341e-17 -8.361713e-17 0.000000e+00
-1.500000e+00 2.500000e+00 0.000000e+00 -7.524093e-18 -1.978059e-17 0.000000e+00
-1.250000e+00 -2.500000e+00 0.000000e+00 2.704039e-17 -1.168506e-18 0.000000e+00
-1.250000e+00 -2.250000e+00 0.000000e+00 1.329600e-16 -1.221620e-17 0.000000e+00
-1.250000e+00 -2.000000e+00 0.000000e+00 4.882671e-16 -7.026391e-17 0.000000e+00
-1.250000e+00 -1.750000e+00 0.000000e+00 1.401512e-15 -2.783061e-16 0.000000e+00
-1.250000e+00 -1.500000e+00 0.000000e+00 3.258128e-15 -8.351672e-16 0.000000e+00
-1.250000e+00 -1.250000e+00 0.000000e+00 6.301169e-15 -2.021562e-15 0.000000e+00
-1.250000e+00 -1.000000e+00 0.000000e+00 1.031567e-14 -4.143003e-15 0.000000e+00
-1.250000e+00 -7.500000e-01 0.000000e+00 1.439166e-14 -7.448666e-15 0.000000e+00
-1.250000e+00 -5.000000e-01 0.000000e+00 1.703076e-14 -1.196817e-14 0.000000e+00
-1.250000e+00 -2.500000e-01 0.000000e+00 1.680147e-14 -1.720349e-14 0.000000e+00
-1.250000e+00 0.000000e+00 0.000000e+00 1.332655e-14 -2.189908e-14 0.000000e+00
-1.250000e+00 2.500000e-01 0.000000e+00 7.809012e-15 -2.436539e-14 0.000000e+00
-1.250000e+00 5.000000e-01 0.000000e+00 2.421120e-15 -2.344270e-14 0.000000e+00
-1.250000e+00 7.500000e-01 0.000000e+00 -1.083164e-15 -1.937101e-14 0.000000e+00
-1.250000e+00 1.000000e+00 0.000000e+00 -2.318053e-15 -1.369973e-14 0.000000e+00
-1.250000e+00 1.250000e+00 0.000000e+00 -2.048337e-15 -8.283902e-15 0.000000e+00
-1.250000e+00 1.500000e+00 0.000000e+00 -1.287030e-15 -4.283135e-15 0.000000e+00
-1.250000e+00 1.750000e+00 0.000000e+00 -6.436183e-16 -1.891979e-15 0.000000e+00
-1.250000e+00 2.000000e+00 0.000000e+00 -2.685430e-16 -7.101628e-16 0.000000e+00
-1.250000e+00 2.250000e+00 0.000000e+00 -9.461259e-17 -2.232695e-16 0.000000e+00
-1.250000e+00 2.500000e+00 0.000000e+00 -2.752779e-17 -5.724560e-17 0.000000e+00
-1.000000e+00 -2.500000e+00 0.000000e+00 7.057754e-17 2.918734e-18 0.000000e+00
-1.000000e+00 -2.250000e+00 0.000000e+00 3.170106e-16 -1.632927e-18 0.000000e+00
-1.000000e+00 -2.000000e+00 0.000000e+00 1.073603e-15 -6.196434e-17 0.000000e+00
-1.000000e+00 -1.750000e+00 0.000000e+00 2.852332e-15 -3.305669e-16 0.000000e+00
-1.000000e+00 -1.500000e+00 0.000000e+00 6.142423e-15 -1.101416e-15 0.000000e+00
-1.000000e+00 -1.250000e+00 0.000000e+00 1.101180e-14 -2.743996e-15 0.000000e+00
-1.000000e+00 -1.000000e+00 0.000000e+00 1.675716e-14 -5.555324e-15 0.000000e+00
-1.000000e+00 -7.500000e-01 0.000000e+00 2.185174e-14 -9.668662e-15 0.000000e+00
-1.000000e+00 -5.000000e-01 0.000000e+00 2.432862e-14 -1.502713e-14 0.000000e+00
-1.000000e+00 -2.500000e-01 0.000000e+00 2.264329e-14 -2.120318e-14 0.000000e+00
-1.000000e+00 0.000000e+00 0.000000e+00 1.674682e-14 -2.705926e-14 0.000000e+00
-1.000000e+00 2.500000e-01 0.000000e+00 8.540626e-15 -3.078697e-14 0.000000e+00
-1.000000e+00 5.000000e-01 0.000000e+00 9.853283e-16 -3.077130e-14 0.000000e+00
-1.000000e+00 7.500000e-01 0.000000e+00 -3.671782e-15 -2.674289e-14 0.000000e+00
-1.000000e+00 1.000000e+00 0.000000e+00 -5.046903e-15 -2.009793e-14 0.000000e+00
-1.000000e+00 1.250000e+00 0.000000e+00 -4.269305e-15 -1.302493e-14 0.000000e+00
-1.000000e+00 1.500000e+00 0.000000e+00 -2.783997e-15 -7.260598e-15 0.000000e+00
-1.000000e+00 1.750000e+00 0.000000e+00 -1.496098e-15 -3.463442e-15 0.000000e+00
-1.000000e+00 2.000000e+00 0.000000e+00 -6.766295e-16 -1.398805e-15 0.000000e+00
-1.000000e+00 2.250000e+00 0.000000e+00 -2.553869e-16 -4.695469e-16 0.000000e+00
-1.000000e+00 2.500000e+00 0.000000e+00 -7.805330e-17 -1.274505e-16 0.000000e+00
-7.500000e-01 -2.500000e+00 0.000000e+00 1.445709e-16 2.043572e-17 0.000000e+00
-7.500000e-01 -2.250000e+00 0.000000e+00 6.041544e-16 6.145723e-17 0.000000e+00
-7.500000e-01 -2.000000e+00 0.000000e+00 1.918728e-15 1.048123e-16 0.000000e+00
-7.500000e-01 -1.750000e+00 0.000000e+00 4.794412e-15 -2.227390e-18 0.000000e+00
-7.500000e-01 -1.500000e+00 0.000000e+00 9.706741e-15 -6.199386e-16 0.000000e+00
-7.500000e-01 -1.250000e+00 0.000000e+00 1.632731e-14 -2.227352e-15 0.000000e+00
-7.500000e-01 -1.000000e+00 0.000000e+00 2.327290e-14 -5.165750e-15 0.000000e+00
-7.500000e-01 -7.500000e-01 0.000000e+00 2.843048e-14 -9.474294e-15 0.000000e+00
-7.500000e-01 -5.000000e-01 0.000000e+00 2.968913e-14 -1.498078e-14 0.000000e+00
-7.500000e-01 -2.500000e-01 0.000000e+00 2.584098e-14 -2.134813e-14 0.000000e+00
-7.500000e-01 0.000000e+00 0.000000e+00 1.742793e-14 -2.775855e-14 0.000000e+00
-7.500000e-01 2.500000e-01 0.000000e+00 6.938485e-15 -3.263259e-14 0.000000e+00
-7.500000e-01 5.000000e-01 0.000000e+00 -2.250179e-15 -3.413215e-14 0.000000e+00
-7.500000e-01 7.500000e-01 0.000000e+00 -7.706773e-15 -3.134604e-14 0.000000e+00
-7.500000e-01 1.000000e+00 0.000000e+00 -9.076563e-15 -2.506307e-14 0.000000e+00
-7.500000e-01 1.250000e+00 0.000000e+00 -7.675870e-15 -1.734637e-14 0.000000e+00
-7.500000e-01 1.500000e+00 0.000000e+00 -5.238767e-15 -1.032856e-14 0.000000e+00
-7.500000e-01 1.750000e+00 0.000000e+00 -2.986461e-15 -5.242734e-15 0.000000e+00
-7.500000e-01 2.000000e+00 0.000000e+00 -1.424295e-15 -2.236975e-15 0.000000e+00
-7.500000e-01 2.250000e+00 0.000000e+00 -5.582012e-16 -7.863821e-16 0.000000e+00
-7.500000e-01 2.500000e+00 0.000000e+00 -1.744947e-16 -2.217838e-16 0.000000e+00
-5.000000e-01 -2.500000e+00 0.000000e+00 2.353522e-16 6.066245e-17 0.000000e+00
-5.000000e-01 -2.250000e+00 0.000000e+00 9.276232e-16 2.129817e-16 0.000000e+00
-5.000000e-01 -2.000000e+00 0.000000e+00 2.797345e-15 5.438612e-16 0.000000e+00
-5.000000e-01 -1.750000e+00 0.000000e+00 6.656212e-15 1.003945e-15 0.000000e+00
-5.000000e-01 -1.500000e+00 0.000000e+00 1.283020e-14 1.249556e-15 0.000000e+00
-5.000000e-01 -1.250000e+00 0.000000e+00 2.049470e-14 6.625387e-16 0.000000e+00
-5.000000e-01 -1.000000e+00 0.000000e+00 2.763721e-14 -1.328890e-15 0.000000e+00
-5.000000e-01 -7.500000e-01 0.000000e+00 3.181103e-14 -4.916974e-15 0.000000e+00
-5.000000e-01 -5.000000e-01 0.000000e+00 3.113646e-14 -9.934053e-15 0.000000e+00
-5.000000e-01 -2.500000e-01 0.000000e+00 2.504743e-14 -1.605220e-14 0.000000e+00
-5.000000e-01 0.000000e+00 0.000000e+00 1.470228e-14 -2.265817e-14 0.000000e+00
-5.000000e-01 2.500000e-01 0.000000e+00 2.854895e-15 -2.848343e-14 0.000000e+00
-5.000000e-01 5.000000e-01 0.000000e+00 -7.173464e-15 -3.173666e-14 0.000000e+00
-5.000000e-01 7.500000e-01 0.000000e+00 -1.304515e-14 -3.104129e-14 0.000000e+00
-5.000000e-01 1.000000e+00 0.000000e+00 -1.434209e-14 -2.642921e-14 0.000000e+00
-5.000000e-01 1.250000e+00 0.000000e+00 -1.227272e-14 -1.944146e-14 0.000000e+00
-5.000000e-01 1.500000e+00 0.000000e+00 -8.673202e-15 -1.224844e-14 0.000000e+00
-5.000000e-01 1.750000e+00 0.000000e+00 -5.121988e-15 -6.532225e-15 0.000000e+00
-5.000000e-01 2.000000e+00 0.000000e+00 -2.504816e-15 -2.903082e-15 0.000000e+00
-5.000000e-01 2.250000e+00 0.000000e+00 -9.939404e-16 -1.053597e-15 0.000000e+00
-5.000000e-01 2.500000e+00 0.000000e+00 -3.114380e-16 -3.044302e-16 0.000000e+00
-2.500000e-01 -2.500000e+00 0.000000e+00 3.073552e-16 1.209680e-16 0.000000e+00
-2.500000e-01 -2.250000e+00 0.000000e+00 1.155463e-15 4.412057e-16 0.000000e+00
-2.500000e-01 -2.000000e+00 0.000000e+00 3.342500e-15 1.222310e-15 0.000000e+00
-2.500000e-01 -1.750000e+00 0.000000e+00 7.652883e-15 2.628734e-15 0.000000e+00
-2.500000e-01 -1.500000e+00 0.000000e+00 1.420347e-14 4.449895e-15 0.000000e+00
-2.500000e-01 -1.250000e+00 0.000000e+00 2.180876e-14 5.944648e-15 0.000000e+00
-2.500000e-01 -1.000000e+00 0.000000e+00 2.815119e-14 6.120899e-15 0.000000e+00
-2.500000e-01 -7.500000e-01 0.000000e+00 3.078771e-14 4.282317e-15 0.000000e+00
-2.500000e-01 -5.000000e-01 0.000000e+00 2.822598e-14 3.268454e-16 0.000000e+00
-2.500000e-01 -2.500000e-01 0.000000e+00 2.046719e-14 -5.364538e-15 0.000000e+00
-2.500000e-01 0.000000e+00 0.000000e+00 9.057958e-15 -1.205942e-14 0.000000e+00
-2.500000e-01 2.500000e-01 0.000000e+00 -3.268023e-15 -1.858178e-14 0.000000e+00
-2.500000e-01 5.000000e-01 0.000000e+00 -1.348161e-14 -2.334798e-14 0.000000e+00
-2.500000e-01 7.500000e-01 0.000000e+00 -1.940951e-14 -2.491440e-14 0.000000e+00
-2.500000e-01 1.000000e+00 0.000000e+00 -2.045370e-14 -2.278950e-14 0.000000e+00
-2.500000e-01 1.250000e+00 0.000000e+00 -1.754715e-14 -1.783389e-14 0.000000e+00
-2.500000e-01 1.500000e+00 0.000000e+00 -1.256437e-14 -1.184529e-14 0.000000e+00
-2.500000e-01 1.750000e+00 0.000000e+00 -7.494264e-15 -6.596604e-15 0.000000e+00
-2.500000e-01 2.000000e+00 0.000000e+00 -3.671778e-15 -3.030993e-15 0.000000e+00
-2.500000e-01 2.250000e+00 0.000000e+00 -1.447564e-15 -1.126376e-15 0.000000e+00
-2.500000e-01 2.500000e+00 0.000000e+00 -4.476629e-16 -3.303797e-16 0.000000e+00
0.000000e+00 -2.500000e+00 0.000000e+00 3.237673e-16 1.792758e-16 0.000000e+00
0.000000e+00 -2.250000e+00 0.000000e+00 1.173096e-15 6.620654e-16 0.000000e+00
0.000000e+00 -2.000000e+00 0.000000e+00 3.286955e-15 1.891951e-15 0.000000e+00
0.000000e+00 -1.750000e+00 0.000000e+00 7.316353e-15 4.290402e-15 0.000000e+00
0.000000e+00 -1.500000e+00 0.000000e+00 1.323169e-14 7.879485e-15 0.000000e+00
0.000000e+00 -1.250000e+00 0.000000e+00 1.980263e-14 1.190883e-14 0.000000e+00
0.000000e+00 -1.000000e+00 0.000000e+00 2.482902e-14 1.497299e-14 0.000000e+00
0.000000e+00 -7.500000e-01 0.000000e+00 2.608467e-14 1.568382e-14 0.000000e+00
0.000000e+00 -5.000000e-01 0.000000e+00 2.229578e-14 1.339360e-14 0.000000e+00
0.000000e+00 -2.500000e-01 0.000000e+00 1.364907e-14 8.433209e-15 0.000000e+00
0.000000e+00 0.000000e+00 0.000000e+00 1.809580e-15 1.850043e-15 0.000000e+00
0.000000e+00 2.500000e-01 0.000000e+00 -1.051927e-14 -4.992681e-15 0.000000e+00
0.000000e+00 5.000000e-01 0.000000e+00 -2.046683e-14 -1.071098e-14 0.000000e+00
0.000000e+00 7.500000e-01 0.000000e+00 -2.594434e-14 -1.414081e-14 0.000000e+00
0.000000e+00 1.000000e+00 0.000000e+00 -2.623988e-14 -1.466486e-14 0.000000e+00
0.000000e+00 1.250000e+00 0.000000e+00 -2.216129e-14 -1.254616e-14 0.000000e+00
0.000000e+00 1.500000e+00 0.000000e+00 -1.571875e-14 -8.917710e-15 0.000000e+00
0.000000e+00 1.750000e+00 0.000000e+00 -9.272855e-15 -5.227928e-15 0.000000e+00
0.000000e+00 2.000000e+00 0.000000e+00 -4.473567e-15 -2.492639e-15 0.000000e+00
0.000000e+00 2.250000e+00 0.000000e+00 -1.727879e-15 -9.487669e-16 0.000000e+00
0.000000e+00 2.500000e+00 0.000000e+00 -5.209376e-16 -2.816594e-16 0.000000e+00
2.500000e-01 -2.500000e+00 0.000000e+00 2.755183e-16 2.052394e-16 0.000000e+00
2.500000e-01 -2.250000e+00 0.000000e+00 9.726233e-16 7.642591e-16 0.000000e+00
2.500000e-01 -2.000000e+00 0.000000e+00 2.668263e-15 2.226798e-15 0.000000e+00
2.500000e-01 -1.750000e+00 0.000000e+00 5.845627e-15 5.211693e-15 0.000000e+00
2.500000e-01 -1.500000e+00 0.000000e+00 1.045833e-14 1.001006e-14 0.000000e+00
2.500000e-01 -1.250000e+00 0.000000e+00 1.553367e-14 1.605516e-14 0.000000e+00
2.500000e-01 -1.000000e+00 0.000000e+00 1.927673e-14 2.179818e-14 0.000000e+00
2.500000e-01 -7.500000e-01 0.000000e+00 1.969557e-14 2.529682e-14 0.000000e+00
2.500000e-01 -5.000000e-01 0.000000e+00 1.543503e-14 2.522160e-14 0.000000e+00
2.500000e-01 -2.500000e-01 0.000000e+00 6.506205e-15 2.156293e-14 0.000000e+00
2.500000e-01 0.000000e+00 0.000000e+00 -5.411083e-15 1.552287e-14 0.000000e+00
2.500000e-01 2.500000e-01 0.000000e+00 -1.743268e-14 8.747306e-15 0.000000e+00
2.500000e-01 5.000000e-01 0.000000e+00 -2.658178e-14 2.584186e-15 0.000000e+00
2.500000e-01 7.500000e-01 0.000000e+00 -3.085426e-14 -2.118878e-15 0.000000e+00
2.500000e-01 1.000000e+00 0.000000e+00 -2.974398e-14 -4.873111e-15 0.000000e+00
2.500000e-01 1.250000e+00 0.000000e+00 -2.430173e-14 -5.567782e-15 0.000000e+00
2.500000e-01 1.500000e+00 0.000000e+00 -1.676557e-14 -4.650633e-15 0.000000e+00
2.500000e-01 1.750000e+00 0.000000e+00 -9.628987e-15 -3.020914e-15 0.000000e+00
2.500000e-01 2.000000e+00 0.000000e+00 -4.515758e-15 -1.539637e-15 0.000000e+00
2.500000e-01 2.250000e+00 0.000000e+00 -1.690214e-15 -6.104212e-16 0.000000e+00
2.500000e-01 2.500000e+00 0.000000e+00 -4.915926e-16 -1.848748e-16 0.000000e+00
5.000000e-01 -2.500000e+00 0.000000e+00 1.889487e-16 1.844042e-16 0.000000e+00
5.000000e-01 -2.250000e+00 0.000000e+00 6.579690e-16 6.956819e-16 0.000000e+00
5.000000e-01 -2.000000e+00 0.000000e+00 1.791382e-15 2.070180e-15 0.000000e+00
5.000000e-01 -1.750000e+00 0.000000e+00 3.927011e-15 4.994204e-15 0.000000e+00
5.000000e-01 -1.500000e+00 0.000000e+00 7.093271e-15 9.984776e-15 0.000000e+00
5.000000e-01 -1.250000e+00 0.000000e+00 1.069751e-14 1.682916e-14 0.000000e+00
5.000000e-01 -1.000000e+00 0.000000e+00 1.341265e-14 2.422195e-14 0.000000e+00
5.000000e-01 -7.500000e-01 0.000000e+00 1.342795e-14 3.005185e-14 0.000000e+00
5.000000e-01 -5.000000e-01 0.000000e+00 9.184774e-15 3.238649e-14 0.000000e+00
5.000000e-01 -2.500000e-01 0.000000e+00 4.397083e-16 3.056348e-14 0.000000e+00
5.000000e-01 0.000000e+00 0.000000e+00 -1.107476e-14 2.551621e-14 0.000000e+00
5.000000e-01 2.500000e-01 0.000000e+00 -2.218185e-14 1.902789e-14 0.000000e+00
5.000000e-01 5.000000e-01 0.000000e+00 -2.976920e-14 1.262924e-14 0.000000e+00
5.000000e-01 7.500000e-01 0.000000e+00 -3.211573e-14 7.136705e-15 0.000000e+00
5.000000e-01 1.000000e+00 0.000000e+00 -2.928880e-14 2.935503e-15 0.000000e+00
5.000000e-01 1.250000e+00 0.000000e+00 -2.283299e-14 2.662920e-16 0.000000e+00
5.000000e-01 1.500000e+00 0.000000e+00 -1.510668e-14 -8.952823e-16 0.000000e+00
5.000000e-01 1.750000e+00 0.000000e+00 -8.342483e-15 -9.828449e-16 0.000000e+00
5.000000e-01 2.000000e+00 0.000000e+00 -3.762887e-15 -6.248059e-16 0.000000e+00
5.000000e-01 2.250000e+00 0.000000e+00 -1.351649e-15 -2.775511e-16 0.000000e+00
5.000000e-01 2.500000e+00 0.000000e+00 -3.754707e-16 -8.900017e-17 0.000000e+00
7.500000e-01 -2.500000e+00 0.000000e+00 1.037734e-16 1.305307e-16 0.000000e+00
7.500000e-01 -2.250000e+00 0.000000e+00 3.618822e-16 5.039913e-16 0.000000e+00
7.500000e-01 -2.000000e+00 0.000000e+00 9.955773e-16 1.545643e-15 0.000000e+00
7.500000e-01 -1.750000e+00 0.000000e+00 2.233288e-15 3.876037e-15 0.000000e+00
7.500000e-01 -1.500000e+00 0.000000e+00 4.177614e-15 8.126914e-15 0.000000e+00
7.500000e-01 -1.250000e+00 0.000000e+00 6.549473e-15 1.447437e-14 0.000000e+00
7.500000e-01 -1.000000e+00 0.000000e+00 8.411093e-15 2.212604e-14 0.000000e+00
7.500000e-01 -7.500000e-01 0.000000e+00 8.159939e-15 2.922096e-14 0.000000e+00
7.500000e-01 -5.000000e-01 0.000000e+00 4.201207e-15 3.351682e-14 0.000000e+00
7.500000e-01 -2.500000e-01 0.000000e+00 -3.794366e-15 3.362281e-14 0.000000e+00
7.500000e-01 0.000000e+00 0.000000e+00 -1.405404e-14 2.983560e-14 0.000000e+00
7.500000e-01 2.500000e-01 0.000000e+00 -2.333102e-14 2.378988e-14 0.000000e+00
7.500000e-01 5.000000e-01 0.000000e+00 -2.868408e-14 1.727993e-14 0.000000e+00
7.500000e-01 7.500000e-01 0.000000e+00 -2.892806e-14 1.141315e-14 0.000000e+00
7.500000e-01 1.000000e+00 0.000000e+00 -2.480873e-14 6.654940e-15 0.000000e+00
7.500000e-01 1.250000e+00 0.000000e+00 -1.825546e-14 3.216491e-15 0.000000e+00
7.500000e-01 1.500000e+00 0.000000e+00 -1.144388e-14 1.143606e-15 0.000000e+00
7.500000e-01 1.750000e+00 0.000000e+00 -6.006379e-15 2.000931e-16 0.000000e+00
7.500000e-01 2.000000e+00 0.000000e+00 -2.577812e-15 -6.474009e-17 0.000000e+00
7.500000e-01 2.250000e+00 0.000000e+00 -8.795460e-16 -6.651074e-17 0.000000e+00
7.500000e-01 2.500000e+00 0.000000e+00 -2.308384e-16 -2.736219e-17 0.000000e+00
1.000000e+00 -2.500000e+00 0.000000e+00 4.517901e-17 7.247941e-17 0.000000e+00
1.000000e+00 -2.250000e+00 0.000000e+00 1.608392e-16 2.906027e-16 0.000000e+00
1.000000e+00 -2.000000e+00 0.000000e+00 4.580310e-16 9.320751e-16 0.000000e+00
1.000000e+00 -1.750000e+00 0.000000e+00 1.081288e-15 2.465985e-15 0.000000e+00
1.000000e+00 -1.500000e+00 0.000000e+00 2.149665e-15 5.497887e-15 0.000000e+00
1.000000e+00 -1.250000e+00 0.000000e+00 3.555895e-15 1.046169e-14 0.000000e+00
1.000000e+00 -1.000000e+00 0.000000e+00 4.655428e-15 1.709768e-14 0.000000e+00
1.000000e+00 -7.500000e-01 0.000000e+00 4.165571e-15 2.406595e-14 0.000000e+00
1.000000e+00 -5.000000e-01 0.000000e+00 7.442753e-16 2.923657e-14 0.000000e+00
1.000000e+00 -2.500000e-01 0.000000e+00 -5.835603e-15 3.078097e-14 0.000000e+00
1.000000e+00 0.000000e+00 0.000000e+00 -1.392754e-14 2.831559e-14 0.000000e+00
1.000000e+00 2.500000e-01 0.000000e+00 -2.066720e-14 2.305981e-14 0.000000e+00
1.000000e+00 5.000000e-01 0.000000e+00 -2.368711e-14 1.688267e-14 0.000000e+00
1.000000e+00 7.500000e-01 0.000000e+00 -2.241286e-14 1.121573e-14 0.000000e+00
1.000000e+00 1.000000e+00 0.000000e+00 -1.801089e-14 6.711105e-15 0.000000e+00
1.000000e+00 1.250000e+00 0.000000e+00 -1.240339e-14 3.513278e-15 0.000000e+00
1.000000e+00 1.500000e+00 0.000000e+00 -7.282565e-15 1.534107e-15 0.000000e+00
1.000000e+00 1.750000e+00 0.000000e+00 -3.586964e-15 5.228088e-16 0.000000e+00
1.000000e+00 2.000000e+00 0.000000e+00 -1.446244e-15 1.243181e-16 0.000000e+00
1.000000e+00 2.250000e+00 0.000000e+00 -4.628225e-16 1.449129e-17 0.000000e+00
1.000000e+00 2.500000e+00 0.000000e+00 -1.132379e-16 -1.996503e-18 0.000000e+00
1.250000e+00 -2.500000e+00 0.000000e+00 1.536589e-17 3.122173e-17 0.000000e+00
1.250000e+00 -2.250000e+00 0.000000e+00 5.726550e-17 1.324575e-16 0.000000e+00
1.250000e+00 -2.000000e+00 0.000000e+00 1.740963e-16 4.531400e-16 0.000000e+00
1.250000e+00 -1.750000e+00 0.000000e+00 4.456965e-16 1.289433e-15 0.000000e+00
1.250000e+00 -1.500000e+00 0.000000e+00 9.586409e-16 3.107107e-15 0.000000e+00
1.250000e+00 -1.250000e+00 0.000000e+00 1.669279e-15 6.387317e-15 0.000000e+00
1.250000e+00 -1.000000e+00 0.000000e+00 2.161805e-15 1.121873e-14 0.000000e+00
1.250000e+00 -7.500000e-01 0.000000e+00 1.556498e-15 1.683128e-14 0.000000e+00
1.250000e+00 -5.000000e-01 0.000000e+00 -1.060731e-15 2.157850e-14 0.000000e+00
1.250000e+00 -2.500000e-01 0.000000e+00 -5.763674e-15 2.369788e-14 0.000000e+00
1.250000e+00 0.000000e+00 0.000000e+00 -1.125322e-14 2.241417e-14 0.000000e+00
1.250000e+00 2.500000e-01 0.000000e+00 -1.541563e-14 1.842450e-14 0.000000e+00
1.250000e+00 5.000000e-01 0.000000e+00 -1.666059e-14 1.332443e-14 0.000000e+00
1.250000e+00 7.500000e-01 0.000000e+00 -1.486541e-14 8.579883e-15 0.000000e+00
1.250000e+00 1.000000e+00 0.000000e+00 -1.119327e-14 4.941129e-15 0.000000e+00
1.250000e+00 1.250000e+00 0.000000e+00 -7.174376e-15 2.517561e-15 0.000000e+00
1.250000e+00 1.500000e+00 0.000000e+00 -3.903784e-15 1.102874e-15 0.000000e+00
1.250000e+00 1.750000e+00 0.000000e+00 -1.778969e-15 3.978955e-16 0.000000e+00
1.250000e+00 2.000000e+00 0.000000e+00 -6.631326e-16 1.118702e-16 0.000000e+00
1.250000e+00 2.250000e+00 0.000000e+00 -1.957016e-16 2.272594e-17 0.000000e+00
1.250000e+00 2.500000e+00 0.000000e+00 -4.383561e-17 2.908653e-18 0.000000e+00
1.500000e+00 -2.500000e+00 0.000000e+00 4.001541e-18 1.024738e-17 0.000000e+00
1.500000e+00 -2.250000e+00 0.000000e+00 1.613065e-17 4.709381e-17 0.000000e+00
1.500000e+00 -2.000000e+00 0.000000e+00 5.427774e-17 1.760592e-16 0.000000e+00
1.500000e+00 -1.750000e+00 0.000000e+00 1.544911e-16 5.506391e-16 0.000000e+00
1.500000e+00 -1.500000e+00 0.000000e+00 3.605398e-16 1.456557e-15 0.000000e+00
1.500000e+00 -1.250000e+00 0.000000e+00 6.470133e-16 3.261227e-15 0.000000e+00
1.500000e+00 -1.000000e+00 0.000000e+00 7.766711e-16 6.168216e-15 0.000000e+00
1.500000e+00 -7.500000e-01 0.000000e+00 2.474441e-16 9.845805e-15 0.000000e+00
1.500000e+00 -5.000000e-01 0.000000e+00 -1.445480e-15 1.327580e-14 0.000000e+00
1.500000e+00 -2.500000e-01 0.000000e+00 -4.284558e-15 1.515963e-14 0.000000e+00
1.500000e+00 0.000000e+00 0.000000e+00 -7.428435e-15 1.471846e-14 0.000000e+00
1.500000e+00 2.500000e-01 0.000000e+00 -9.588920e-15 1.221853e-14 0.000000e+00
1.500000e+00 5.000000e-01 0.000000e+00 -9.878401e-15 8.738101e-15 0.000000e+00
1.500000e+00 7.500000e-01 0.000000e+00 -8.374690e-15 5.430771e-15 0.000000e+00
1.500000e+00 1.000000e+00 0.000000e+00 -5.934405e-15 2.954574e-15 0.000000e+00
1.500000e+00 1.250000e+00 0.000000e+00 -3.537644e-15 1.407385e-15 0.000000e+00
1.500000e+00 1.500000e+00 0.000000e+00 -1.770956e-15 5.794647e-16 0.000000e+00
1.500000e+00 1.750000e+00 0.000000e+00 -7.364164e-16 2.003574e-16 0.000000e+00
1.500000e+00 2.000000e+00 0.000000e+00 -2.490227e-16 5.569232e-17 0.000000e+00
1.500000e+00 2.250000e+00 0.000000e+00 -6.626956e-17 1.175056e-17 0.000000e+00
1.500000e+00 2.500000e+00 0.000000e+00 -1.324813e-17 1.742009e-18 0.000000e+00
1.750000e+00 -2.500000e+00 0.000000e+00 7.759857e-19 2.496367e-18 0.000000e+00
1.750000e+00 -2.250000e+00 0.000000e+00 3.525266e-18 1.278742e-17 0.000000e+00
1.750000e+00 -2.000000e+00 0.000000e+00 1.362704e-17 5.374970e-17 0.000000e+00
1.750000e+00 -1.750000e+00 0.000000e+00 4.371765e-17 1.889271e-16 0.000000e+00
1.750000e+00 -1.500000e+00 0.000000e+00 1.093491e-16 5.557705e-16 0.000000e+00
1.750000e+00 -1.250000e+00 0.000000e+00 1.943499e-16 1.362070e-15 0.000000e+00
1.750000e+00 -1.000000e+00 0.000000e+00 1.850533e-16 2.774571e-15 0.000000e+00
1.750000e+00 -7.500000e-01 0.000000e+00 -1.530946e-16 4.703183e-15 0.000000e+00
1.750000e+00 -5.000000e-01 0.000000e+00 -1.047391e-15 6.655863e-15 0.000000e+00
1.750000e+00 -2.500000e-01 0.000000e+00 -2.462810e-15 7.894454e-15 0.000000e+00
1.750000e+00 0.000000e+00 0.000000e+00 -3.960428e-15 7.877031e-15 0.000000e+00
1.750000e+00 2.500000e-01 0.000000e+00 -4.897424e-15 6.634506e-15 0.000000e+00
1.750000e+00 5.000000e-01 0.000000e+00 -4.862335e-15 4.732628e-15 0.000000e+00
1.750000e+00 7.500000e-01 0.000000e+00 -3.954138e-15 2.869096e-15 0.000000e+00
1.750000e+00 1.000000e+00 0.000000e+00 -2.658428e-15 1.483001e-15 0.000000e+00
1.750000e+00 1.250000e+00 0.000000e+00 -1.481295e-15 6.544155e-16 0.000000e+00
1.750000e+00 1.500000e+00 0.000000e+00 -6.816104e-16 2.454426e-16 0.000000e+00
1.750000e+00 1.750000e+00 0.000000e+00 -2.562800e-16 7.703371e-17 0.000000e+00
1.750000e+00 2.000000e+00 0.000000e+00 -7.720200e-17 1.960378e-17 0.000000e+00
1.750000e+00 2.250000e+00 0.000000e+00 -1.804307e-17 3.844817e-18 0.000000e+00
1.750000e+00 2.500000e+00 0.000000e+00 -3.113123e-18 5.394709e-19 0.000000e+00
2.000000e+00 -2.500000e+00 0.000000e+00 1.078518e-19 4.358657e-19 0.000000e+00
2.000000e+00 -2.250000e+00 0.000000e+00 5.781274e-19 2.568180e-18 0.000000e+00
2.000000e+00 -2.000000e+00 0.000000e+00 2.654963e-18 1.253340e-17 0.000000e+00
2.000000e+00 -1.750000e+00 0.000000e+00 9.621975e-18 5.062448e-17 0.000000e+00
2.000000e+00 -1.500000e+00 0.000000e+00 2.519643e-17 1.674803e-16 0.000000e+00
2.000000e+00 -1.250000e+00 0.000000e+00 4.122033e-17 4.511520e-16 0.000000e+00
2.000000e+00 -1.000000e+00 0.000000e+00 1.370826e-17 9.908048e-16 0.000000e+00
2.000000e+00 -7.500000e-01 0.000000e+00 -1.458291e-16 1.783830e-15 0.000000e+00
2.000000e+00 -5.000000e-01 0.000000e+00 -5.211949e-16 2.650295e-15 0.000000e+00
2.000000e+00 -2.500000e-01 0.000000e+00 -1.091654e-15 3.268478e-15 0.000000e+00
2.000000e+00 0.000000e+00 0.000000e+00 -1.675761e-15 3.359968e-15 0.000000e+00
2.000000e+00 2.500000e-01 0.000000e+00 -2.013638e-15 2.885928e-15 0.000000e+00
2.000000e+00 5.000000e-01 0.000000e+00 -1.947153e-15 2.072261e-15 0.000000e+00
2.000000e+00 7.500000e-01 0.000000e+00 -1.533906e-15 1.242667e-15 0.000000e+00
2.000000e+00 1.000000e+00 0.000000e+00 -9.881695e-16 6.207415e-16 0.000000e+00
2.000000e+00 1.250000e+00 0.000000e+00 -5.194350e-16 2.572148e-16 0.000000e+00
2.000000e+00 1.500000e+00 0.000000e+00 -2.210880e-16 8.781437e-17 0.000000e+00
2.000000e+00 1.750000e+00 0.000000e+00 -7.515940e-17 2.440459e-17 0.000000e+00
2.000000e+00 2.000000e+00 0.000000e+00 -1.996888e-17 5.395888e-18 0.000000e+00
2.000000e+00 2.250000e+00 0.000000e+00 -4.008867e-18 9.098012e-19 0.000000e+00
2.000000e+00 2.500000e+00 0.000000e+00 -5.776320e-19 1.087366e-19 0.000000e+00
2.250000e+00 -2.500000e+00 0.000000e+00 1.033285e-20 5.289988e-20 0.000000e+00
2.250000e+00 -2.250000e+00 0.000000e+00 6.718433e-20 3.644232e-19 0.000000e+00
2.250000e+00 -2.000000e+00 0.000000e+00 3.767800e-19 2.133957e-18 0.000000e+00
2.250000e+00 -1.750000e+00 0.000000e+00 1.538205e-18 1.014377e-17 0.000000e+00
2.250000e+00 -1.500000e+00 0.000000e+00 4.067863e-18 3.823379e-17 0.000000e+00
2.250000e+00 -1.250000e+00 0.000000e+00 5.013820e-18 1.140091e-16 0.000000e+00
2.250000e+00 -1.000000e+00 0.000000e+00 -8.915954e-18 2.712148e-16 0.000000e+00
2.250000e+00 -7.500000e-01 0.000000e+00 -6.422146e-17 5.205835e-16 0.000000e+00
2.250000e+00 -5.000000e-01 0.000000e+00 -1.861748e-16 8.147423e-16 0.000000e+00
2.250000e+00 -2.500000e-01 0.000000e+00 -3.677014e-16 1.048093e-15 0.000000e+00
2.250000e+00 0.000000e+00 0.000000e+00 -5.505332e-16 1.113922e-15 0.000000e+00
2.250000e+00 2.500000e-01 0.000000e+00 -6.508880e-16 9.801688e-16 0.000000e+00
2.250000e+00 5.000000e-01 0.000000e+00 -6.188016e-16 7.134358e-16 0.000000e+00
2.250000e+00 7.500000e-01 0.000000e+00 -4.763282e-16 4.278923e-16 0.000000e+00
2.250000e+00 1.000000e+00 0.000000e+00 -2.967253e-16 2.100022e-16 0.000000e+00
2.250000e+00 1.250000e+00 0.000000e+00 -1.486160e-16 8.348200e-17 0.000000e+00
2.250000e+00 1.500000e+00 0.000000e+00 -5.911391e-17 2.650971e-17 0.000000e+00
2.250000e+00 1.750000e+00 0.000000e+00 -1.832639e-17 6.598810e-18 0.000000e+00
2.250000e+00 2.000000e+00 0.000000e+00 -4.310489e-18 1.253131e-18 0.000000e+00
2.250000e+00 2.250000e+00 0.000000e+00 -7.407906e-19 1.741088e-19 0.000000e+00
2.250000e+00 2.500000e+00 0.000000e+00 -8.899539e-20 1.665674e-20 0.000000e+00
2.500000e+00 -2.500000e+00 0.000000e+00 7.355301e-22 4.805555e-21 0.000000e+00
2.500000e+00 -2.250000e+00 0.000000e+00 5.112566e-21 3.507539e-20 0.000000e+00
2.500000e+00 -2.000000e+00 0.000000e+00 3.525000e-20 2.483405e-19 0.000000e+00
2.500000e+00 -1.750000e+00 0.000000e+00 1.618784e-19 1.426055e-18 0.000000e+00
2.500000e+00 -1.500000e+00 0.000000e+00 4.010253e-19 6.249556e-18 0.000000e+00
2.500000e+00 -1.250000e+00 0.000000e+00 1.409704e-20 2.093357e-17 0.000000e+00
2.500000e+00 -1.000000e+00 0.000000e+00 -4.021652e-18 5.455136e-17 0.000000e+00
2.500000e+00 -7.500000e-01 0.000000e+00 -1.784728e-17 1.126427e-16 0.000000e+00
2.500000e+00 -5.000000e-01 0.000000e+00 -4.761154e-17 1.870587e-16 0.000000e+00
2.500000e+00 -2.500000e-01 0.000000e+00 -9.192764e-17 2.524775e-16 0.000000e+00
2.500000e+00 0.000000e+00 0.000000e+00 -1.366444e-16 2.787520e-16 0.000000e+00
2.500000e+00 2.500000e-01 0.000000e+00 -1.607210e-16 2.523627e-16 0.000000e+00
2.500000e+00 5.000000e-01 0.000000e+00 -1.514345e-16 1.870824e-16 0.000000e+00
2.500000e+00 7.500000e-01 0.000000e+00 -1.146697e-16 1.129609e-16 0.000000e+00
2.500000e+00 1.000000e+00 0.000000e+00 -6.952815e-17 5.502827e-17 0.000000e+00
2.500000e+00 1.250000e+00 0.000000e+00 -3.342549e-17 2.132435e-17 0.000000e+00
2.500000e+00 1.500000e+00 0.000000e+00 -1.253569e-17 6.446706e-18 0.000000e+00
2.500000e+00 1.750000e+00 0.000000e+00 -3.582924e-18 1.481238e-18 0.000000e+00
2.500000e+00 2.000000e+00 0.000000e+00 -7.565184e-19 2.499251e-19 0.000000e+00
2.500000e+00 2.250000e+00 0.000000e+00 -1.139735e-19 2.977820e-20 0.000000e+00
2.500000e+00 2.500000e+00 0.000000e+00 -1.226982e-20 2.520180e-21 0.000000e+00
