0.000000e+00 0.000000e+00 -1.000000e+00 8.539514e-15 4.869983e-15 1.232322e-13
0.000000e+00 0.000000e+00 -9.500000e-01 1.095068e-14 4.897110e-15 1.412970e-13
0.000000e+00 0.000000e+00 -9.000000e-01 1.459133e-14 -5.781619e-16 1.664481e-13
0.000000e+00 0.000000e+00 -8.500000e-01 1.938321e-14 -1.449522e-14 1.988863e-13
0.000000e+00 0.000000e+00 -8.000000e-01 2.314954e-14 -2.640859e-14 2.299313e-13
0.000000e+00 0.000000e+00 -7.500000e-01 2.352491e-14 -8.495915e-14 3.213990e-13
0.000000e+00 0.000000e+00 -7.000000e-01 1.470810e-14 -1.547924e-13 4.176071e-13
0.000000e+00 0.000000e+00 -6.500000e-01 1.037088e-14 -2.746133e-13 5.838050e-13
0.000000e+00 0.000000e+00 -6.000000e-01 1.545936e-14 -4.278308e-13 8.359807e-13
0.000000e+00 0.000000e+00 -5.500000e-01 -9.880011e-15 -5.496712e-13 1.076550e-12
0.000000e+00 0.000000e+00 -5.000000e-01 -2.345782e-14 -4.793596e-13 1.275117e-12
0.000000e+00 0.000000e+00 -4.500000e-01 2.487507e-14 -4.847539e-13 1.763273e-12
0.000000e+00 0.000000e+00 -4.000000e-01 1.330059e-14 -3.876185e-13 2.168420e-12
0.000000e+00 0.000000e+00 -3.500000e-01 -1.350951e-13 -2.410478e-13 2.313546e-12
0.000000e+00 0.000000e+00 -3.000000e-01 -2.562546e-13 -4.393573e-13 2.736862e-12
0.000000e+00 0.000000e+00 -2.500000e-01 -3.445466e-13 -7.748430e-13 3.465508e-12
0.000000e+00 0.000000e+00 -2.000000e-01 -4.282049e-13 -1.059908e-12 3.964889e-12
0.000000e+00 0.000000e+00 -1.500000e-01 -4.627474e-13 -1.532705e-12 4.892702e-12
0.000000e+00 0.000000e+00 -1.000000e-01 -5.020527e-13 -2.117933e-12 6.458926e-12
0.000000e+00 0.000000e+00 -5.000000e-02 -6.369943e-13 -2.169822e-12 7.349166e-12
0.000000e+00 0.000000e+00 3.191891e-16 -7.442791e-13 -3.136662e-12 9.988587e-12
0.000000e+00 0.000000e+00 5.000000e-02 -8.928946e-13 -3.282175e-12 1.149780e-11
0.000000e+00 0.000000e+00 1.000000e-01 -1.019171e-12 -3.837726e-12 1.312461e-11
0.000000e+00 0.000000e+00 1.500000e-01 -1.189220e-12 -4.715008e-12 1.679921e-11
0.000000e+00 0.000000e+00 2.000000e-01 -1.593226e-12 -5.387188e-12 2.007417e-11
0.000000e+00 0.000000e+00 2.500000e-01 -1.961336e-12 -5.175923e-12 2.229429e-11
0.000000e+00 0.000000e+00 3.000000e-01 -2.040605e-12 -6.465740e-12 2.775492e-11
0.000000e+00 0.000000e+00 3.500000e-01 -2.261886e-12 -6.662514e-12 3.103116e-11
0.000000e+00 0.000000e+00 4.000000e-01 -2.478955e-12 -6.475578e-12 3.403404e-11
0.000000e+00 0.000000e+00 4.500000e-01 -2.755841e-12 -8.456560e-12 4.133883e-11
0.000000e+00 0.000000e+00 5.000000e-01 -2.928210e-12 -8.511748e-12 4.457053e-11
0.000000e+00 0.000000e+00 5.500000e-01 -2.704327e-12 -9.362646e-12 4.493413e-11
0.000000e+00 0.000000e+00 6.000000e-01 -1.901251e-12 -9.427168e-12 3.778419e-11
0.000000e+00 0.000000e+00 6.500000e-01 -1.028322e-12 -7.628387e-12 5.765504e-12
0.000000e+00 0.000000e+00 7.000000e-01 -3.699092e-14 -3.010377e-12 -5.650779e-11
0.000000e+00 0.000000e+00 7.500000e-01 5.205978e-13 -1.913863e-12 -9.269547e-11
0.000000e+00 0.000000e+00 8.000000e-01 -4.381690e-13 -1.906998e-12 -5.986070e-11
0.000000e+00 0.000000e+00 8.500000e-01 -1.038885e-12 -2.859703e-12 -1.119238e-11
0.000000e+00 0.000000e+00 9.000000e-01 -8.420533e-13 -4.180860e-12 1.520526e-11
0.000000e+00 0.000000e+00 9.500000e-01 -8.648658e-13 -3.326464e-12 2.054974e-11
0.000000e+00 0.000000e+00 1.000000e+00 -8.971151e-13 -4.076627e-12 2.374556e-11
0.000000e+00 0.000000e+00 1.050000e+00 -8.920589e-13 -5.385844e-12 2.064898e-11
0.000000e+00 0.000000e+00 1.100000e+00 -1.242534e-12 -4.594863e-12 -9.160719e-12
0.000000e+00 0.000000e+00 1.150000e+00 -1.485109e-12 -5.496857e-12 -5.623886e-11
0.000000e+00 0.000000e+00 1.200000e+00 -1.798243e-12 -7.125462e-12 -7.852841e-11
0.000000e+00 0.000000e+00 1.250000e+00 -2.775308e-12 -7.373437e-12 -5.974795e-11
0.000000e+00 0.000000e+00 1.300000e+00 -2.581923e-12 -5.192015e-12 -3.154220e-11
0.000000e+00 0.000000e+00 1.350000e+00 -1.612856e-12 -2.757679e-12 -1.353872e-11
0.000000e+00 0.000000e+00 1.400000e+00 -8.108246e-13 -1.246311e-12 -5.185539e-12
0.000000e+00 0.000000e+00 1.450000e+00 -3.637983e-13 -5.162556e-13 -1.852689e-12
0.000000e+00 0.000000e+00 1.500000e+00 -1.535149e-13 -2.036155e-13 -6.198031e-13
0.000000e+00 0.000000e+00 1.550000e+00 -6.231215e-14 -7.755578e-14 -1.831142e-13
0.000000e+00 0.000000e+00 1.600000e+00 -2.439320e-14 -2.841039e-14 -3.421540e-14
0.000000e+00 0.000000e+00 1.650000e+00 -9.066433e-15 -9.764399e-15 1.360004e-14
0.000000e+00 0.000000e+00 1.700000e+00 -3.062341e-15 -2.951398e-15 2.694678e-14
0.000000e+00 0.000000e+00 1.750000e+00 -8.342266e-16 -6.382763e-16 2.913438e-14
0.000000e+00 0.000000e+00 1.800000e+00 -1.003064e-16 1.773339e-17 2.811434e-14
0.000000e+00 0.000000e+00 1.850000e+00 6.745302e-17 1.027864e-16 2.646535e-14
0.000000e+00 0.000000e+00 1.900000e+00 4.029080e-17 2.085379e-17 2.492953e-14
0.000000e+00 0.000000e+00 1.950000e+00 -3.817770e-17 -8.628024e-17 2.365210e-14
