0.000000e+00 1.337215e-21
1.000000e+00 1.742945e-21
2.000000e+00 2.148748e-21
3.000000e+00 2.554128e-21
4.000000e+00 2.958592e-21
5.000000e+00 3.361648e-21
6.000000e+00 3.762804e-21
7.000000e+00 4.161572e-21
8.000000e+00 4.557465e-21
9.000000e+00 4.950002e-21
1.000000e+01 5.338704e-21
1.100000e+01 5.723098e-21
1.200000e+01 6.102715e-21
1.300000e+01 6.477093e-21
1.400000e+01 6.845775e-21
1.500000e+01 7.208313e-21
1.600000e+01 7.564264e-21
1.700000e+01 7.913196e-21
1.800000e+01 8.254683e-21
1.900000e+01 8.588308e-21
2.000000e+01 8.913666e-21
2.100000e+01 9.230360e-21
2.200000e+01 9.538004e-21
2.300000e+01 9.836223e-21
2.400000e+01 1.012465e-20
2.500000e+01 1.040295e-20
2.600000e+01 1.067076e-20
2.700000e+01 1.092777e-20
2.800000e+01 1.117366e-20
2.900000e+01 1.140813e-20
3.000000e+01 1.163090e-20
3.100000e+01 1.184169e-20
3.200000e+01 1.204026e-20
3.300000e+01 1.222635e-20
3.400000e+01 1.239974e-20
3.500000e+01 1.256021e-20
3.600000e+01 1.270759e-20
3.700000e+01 1.284167e-20
3.800000e+01 1.296230e-20
3.900000e+01 1.306934e-20
4.000000e+01 1.316265e-20
4.100000e+01 1.324212e-20
4.200000e+01 1.330765e-20
4.300000e+01 1.335917e-20
4.400000e+01 1.339660e-20
4.500000e+01 1.341991e-20
4.600000e+01 1.342906e-20
4.700000e+01 1.342405e-20
4.800000e+01 1.340488e-20
4.900000e+01 1.337157e-20
5.000000e+01 1.332416e-20
5.100000e+01 1.326272e-20
5.200000e+01 1.318732e-20
5.300000e+01 1.309804e-20
5.400000e+01 1.299500e-20
5.500000e+01 1.287833e-20
5.600000e+01 1.274816e-20
5.700000e+01 1.260465e-20
5.800000e+01 1.244799e-20
5.900000e+01 1.227835e-20
6.000000e+01 1.209595e-20
6.100000e+01 1.190101e-20
6.200000e+01 1.169376e-20
6.300000e+01 1.147446e-20
6.400000e+01 1.124338e-20
6.500000e+01 1.100080e-20
6.600000e+01 1.074701e-20
6.700000e+01 1.048232e-20
6.800000e+01 1.020706e-20
6.900000e+01 9.921553e-21
7.000000e+01 9.626157e-21
7.100000e+01 9.321229e-21
7.200000e+01 9.007140e-21
7.300000e+01 8.684272e-21
7.400000e+01 8.353021e-21
7.500000e+01 8.013788e-21
7.600000e+01 7.666987e-21
7.700000e+01 7.313041e-21
7.800000e+01 6.952381e-21
7.900000e+01 6.585447e-21
8.000000e+01 6.212684e-21
8.100000e+01 5.834549e-21
8.200000e+01 5.451501e-21
8.300000e+01 5.064006e-21
8.400000e+01 4.672538e-21
8.500000e+01 4.277573e-21
8.600000e+01 3.879592e-21
8.700000e+01 3.479080e-21
8.800000e+01 3.076525e-21
8.900000e+01 2.672417e-21
9.000000e+01 2.267250e-21
9.100000e+01 1.861516e-21
9.200000e+01 1.455710e-21
9.300000e+01 1.050326e-21
9.400000e+01 6.458581e-22
9.500000e+01 2.427992e-22
9.600000e+01 -1.583596e-22
9.700000e+01 -5.571297e-22
9.800000e+01 -9.530253e-22
9.900000e+01 -1.345564e-21
1.000000e+02 -1.734267e-21
1.010000e+02 -2.118662e-21
1.020000e+02 -2.498280e-21
1.030000e+02 -2.872658e-21
1.040000e+02 -3.241340e-21
1.050000e+02 -3.603878e-21
1.060000e+02 -3.959829e-21
1.070000e+02 -4.308759e-21
1.080000e+02 -4.650245e-21
1.090000e+02 -4.983869e-21
1.100000e+02 -5.309225e-21
1.110000e+02 -5.625917e-21
1.120000e+02 -5.933558e-21
1.130000e+02 -6.231775e-21
1.140000e+02 -6.520203e-21
1.150000e+02 -6.798492e-21
1.160000e+02 -7.066302e-21
1.170000e+02 -7.323307e-21
1.180000e+02 -7.569194e-21
1.190000e+02 -7.803664e-21
1.200000e+02 -8.026430e-21
1.210000e+02 -8.237221e-21
1.220000e+02 -8.435780e-21
1.230000e+02 -8.621866e-21
1.240000e+02 -8.795252e-21
1.250000e+02 -8.955726e-21
1.260000e+02 -9.103094e-21
1.270000e+02 -9.237174e-21
1.280000e+02 -9.357805e-21
1.290000e+02 -9.464840e-21
1.300000e+02 -9.558146e-21
1.310000e+02 -9.637612e-21
1.320000e+02 -9.703140e-21
1.330000e+02 -9.754651e-21
1.340000e+02 -9.792081e-21
1.350000e+02 -9.815385e-21
1.360000e+02 -9.824535e-21
1.370000e+02 -9.819520e-21
1.380000e+02 -9.800345e-21
1.390000e+02 -9.767034e-21
1.400000e+02 -9.719627e-21
1.410000e+02 -9.658183e-21
1.420000e+02 -9.582776e-21
1.430000e+02 -9.493499e-21
1.440000e+02 -9.390459e-21
1.450000e+02 -9.273783e-21
1.460000e+02 -9.143612e-21
1.470000e+02 -9.000105e-21
1.480000e+02 -8.843438e-21
1.490000e+02 -8.673800e-21
1.500000e+02 -8.491399e-21
1.510000e+02 -8.296457e-21
1.520000e+02 -8.089211e-21
1.530000e+02 -7.869915e-21
1.540000e+02 -7.638834e-21
1.550000e+02 -7.396251e-21
1.560000e+02 -7.142461e-21
1.570000e+02 -6.877774e-21
1.580000e+02 -6.602511e-21
1.590000e+02 -6.317009e-21
1.600000e+02 -6.021615e-21
1.610000e+02 -5.716688e-21
1.620000e+02 -5.402602e-21
1.630000e+02 -5.079737e-21
1.640000e+02 -4.748489e-21
1.650000e+02 -4.409259e-21
1.660000e+02 -4.062462e-21
1.670000e+02 -3.708519e-21
1.680000e+02 -3.347863e-21
1.690000e+02 -2.980933e-21
1.700000e+02 -2.608175e-21
1.710000e+02 -2.230043e-21
1.720000e+02 -1.846999e-21
1.730000e+02 -1.459510e-21
1.740000e+02 -1.068046e-21
1.750000e+02 -6.730852e-22
1.760000e+02 -2.751087e-22
1.770000e+02 1.253987e-22
1.780000e+02 5.279491e-22
1.790000e+02 9.320522e-22
1.800000e+02 1.337215e-21
1.810000e+02 1.742945e-21
1.820000e+02 2.148748e-21
1.830000e+02 2.554128e-21
1.840000e+02 2.958592e-21
1.850000e+02 3.361648e-21
1.860000e+02 3.762804e-21
1.870000e+02 4.161572e-21
1.880000e+02 4.557465e-21
1.890000e+02 4.950002e-21
1.900000e+02 5.338704e-21
1.910000e+02 5.723098e-21
1.920000e+02 6.102715e-21
1.930000e+02 6.477093e-21
1.940000e+02 6.845775e-21
1.950000e+02 7.208313e-21
1.960000e+02 7.564264e-21
1.970000e+02 7.913196e-21
1.980000e+02 8.254683e-21
1.990000e+02 8.588308e-21
2.000000e+02 8.913666e-21
2.010000e+02 9.230360e-21
2.020000e+02 9.538004e-21
2.030000e+02 9.836223e-21
2.040000e+02 1.012465e-20
2.050000e+02 1.040295e-20
2.060000e+02 1.067076e-20
2.070000e+02 1.092777e-20
2.080000e+02 1.117366e-20
2.090000e+02 1.140813e-20
2.100000e+02 1.163090e-20
2.110000e+02 1.184169e-20
2.120000e+02 1.204026e-20
2.130000e+02 1.222635e-20
2.140000e+02 1.239974e-20
2.150000e+02 1.256021e-20
2.160000e+02 1.270759e-20
2.170000e+02 1.284167e-20
2.180000e+02 1.296230e-20
2.190000e+02 1.306934e-20
2.200000e+02 1.316265e-20
2.210000e+02 1.324212e-20
2.220000e+02 1.330765e-20
2.230000e+02 1.335917e-20
2.240000e+02 1.339660e-20
2.250000e+02 1.341991e-20
2.260000e+02 1.342906e-20
2.270000e+02 1.342405e-20
2.280000e+02 1.340488e-20
2.290000e+02 1.337157e-20
2.300000e+02 1.332416e-20
2.310000e+02 1.326272e-20
2.320000e+02 1.318732e-20
2.330000e+02 1.309804e-20
2.340000e+02 1.299500e-20
2.350000e+02 1.287833e-20
2.360000e+02 1.274816e-20
2.370000e+02 1.260465e-20
2.380000e+02 1.244799e-20
2.390000e+02 1.227835e-20
2.400000e+02 1.209595e-20
2.410000e+02 1.190101e-20
2.420000e+02 1.169376e-20
2.430000e+02 1.147446e-20
2.440000e+02 1.124338e-20
2.450000e+02 1.100080e-20
2.460000e+02 1.074701e-20
2.470000e+02 1.048232e-20
2.480000e+02 1.020706e-20
2.490000e+02 9.921553e-21
2.500000e+02 9.626157e-21
2.510000e+02 9.321229e-21
2.520000e+02 9.007140e-21
2.530000e+02 8.684272e-21
2.540000e+02 8.353021e-21
2.550000e+02 8.013788e-21
2.560000e+02 7.666987e-21
2.570000e+02 7.313041e-21
2.580000e+02 6.952381e-21
2.590000e+02 6.585447e-21
2.600000e+02 6.212684e-21
2.610000e+02 5.834549e-21
2.620000e+02 5.451501e-21
2.630000e+02 5.064006e-21
2.640000e+02 4.672538e-21
2.650000e+02 4.277573e-21
2.660000e+02 3.879592e-21
2.670000e+02 3.479080e-21
2.680000e+02 3.076525e-21
2.690000e+02 2.672417e-21
2.700000e+02 2.267250e-21
2.710000e+02 1.861516e-21
2.720000e+02 1.455710e-21
2.730000e+02 1.050326e-21
2.740000e+02 6.458581e-22
2.750000e+02 2.427992e-22
2.760000e+02 -1.583596e-22
2.770000e+02 -5.571297e-22
2.780000e+02 -9.530253e-22
2.790000e+02 -1.345564e-21
2.800000e+02 -1.734267e-21
2.810000e+02 -2.118662e-21
2.820000e+02 -2.498280e-21
2.830000e+02 -2.872658e-21
2.840000e+02 -3.241340e-21
2.850000e+02 -3.603878e-21
2.860000e+02 -3.959829e-21
2.870000e+02 -4.308759e-21
2.880000e+02 -4.650245e-21
2.890000e+02 -4.983869e-21
2.900000e+02 -5.309225e-21
2.910000e+02 -5.625917e-21
2.920000e+02 -5.933558e-21
2.930000e+02 -6.231775e-21
2.940000e+02 -6.520203e-21
2.950000e+02 -6.798492e-21
2.960000e+02 -7.066302e-21
2.970000e+02 -7.323307e-21
2.980000e+02 -7.569194e-21
2.990000e+02 -7.803664e-21
3.000000e+02 -8.026430e-21
3.010000e+02 -8.237221e-21
3.020000e+02 -8.435780e-21
3.030000e+02 -8.621866e-21
3.040000e+02 -8.795252e-21
3.050000e+02 -8.955726e-21
3.060000e+02 -9.103094e-21
3.070000e+02 -9.237174e-21
3.080000e+02 -9.357805e-21
3.090000e+02 -9.464840e-21
3.100000e+02 -9.558146e-21
3.110000e+02 -9.637612e-21
3.120000e+02 -9.703140e-21
3.130000e+02 -9.754651e-21
3.140000e+02 -9.792081e-21
3.150000e+02 -9.815385e-21
3.160000e+02 -9.824535e-21
3.170000e+02 -9.819520e-21
3.180000e+02 -9.800345e-21
3.190000e+02 -9.767034e-21
3.200000e+02 -9.719627e-21
3.210000e+02 -9.658183e-21
3.220000e+02 -9.582776e-21
3.230000e+02 -9.493499e-21
3.240000e+02 -9.390459e-21
3.250000e+02 -9.273783e-21
3.260000e+02 -9.143612e-21
3.270000e+02 -9.000105e-21
3.280000e+02 -8.843438e-21
3.290000e+02 -8.673800e-21
3.300000e+02 -8.491399e-21
3.310000e+02 -8.296457e-21
3.320000e+02 -8.089211e-21
3.330000e+02 -7.869915e-21
3.340000e+02 -7.638834e-21
3.350000e+02 -7.396251e-21
3.360000e+02 -7.142461e-21
3.370000e+02 -6.877774e-21
3.380000e+02 -6.602511e-21
3.390000e+02 -6.317009e-21
3.400000e+02 -6.021615e-21
3.410000e+02 -5.716688e-21
3.420000e+02 -5.402602e-21
3.430000e+02 -5.079737e-21
3.440000e+02 -4.748489e-21
3.450000e+02 -4.409259e-21
3.460000e+02 -4.062462e-21
3.470000e+02 -3.708519e-21
3.480000e+02 -3.347863e-21
3.490000e+02 -2.980933e-21
3.500000e+02 -2.608175e-21
3.510000e+02 -2.230043e-21
3.520000e+02 -1.846999e-21
3.530000e+02 -1.459510e-21
3.540000e+02 -1.068046e-21
3.550000e+02 -6.730852e-22
3.560000e+02 -2.751087e-22
3.570000e+02 1.253987e-22
3.580000e+02 5.279491e-22
3.590000e+02 9.320522e-22
3.600000e+02 1.337215e-21
