-2.500000e+00 -2.500000e+00 0.000000e+00 6.805573e-21 6.477074e-21 0.000000e+00
-2.500000e+00 -2.250000e+00 0.000000e+00 3.381210e-20 2.885280e-20 0.000000e+00
-2.500000e+00 -2.000000e+00 0.000000e+00 1.356583e-19 1.023238e-19 0.000000e+00
-2.500000e+00 -1.750000e+00 0.000000e+00 4.518476e-19 2.961730e-19 0.000000e+00
-2.500000e+00 -1.500000e+00 0.000000e+00 1.274726e-18 7.110638e-19 0.000000e+00
-2.500000e+00 -1.250000e+00 0.000000e+00 3.081644e-18 1.423833e-18 0.000000e+00
-2.500000e+00 -1.000000e+00 0.000000e+00 6.413596e-18 2.363582e-18 0.000000e+00
-2.500000e+00 -7.500000e-01 0.000000e+00 1.148654e-17 3.185632e-18 0.000000e+00
-2.500000e+00 -5.000000e-01 0.000000e+00 1.764077e-17 3.320635e-18 0.000000e+00
-2.500000e+00 -2.500000e-01 0.000000e+00 2.312663e-17 2.330431e-18 0.000000e+00
-2.500000e+00 0.000000e+00 0.000000e+00 2.578305e-17 3.668824e-19 0.000000e+00
-2.500000e+00 2.500000e-01 0.000000e+00 2.439966e-17 -1.763211e-18 0.000000e+00
-2.500000e+00 5.000000e-01 0.000000e+00 1.961199e-17 -3.129755e-18 0.000000e+00
-2.500000e+00 7.500000e-01 0.000000e+00 1.342800e-17 -3.335721e-18 0.000000e+00
-2.500000e+00 1.000000e+00 0.000000e+00 7.865455e-18 -2.668236e-18 0.000000e+00
-2.500000e+00 1.250000e+00 0.000000e+00 3.957320e-18 -1.710940e-18 0.000000e+00
-2.500000e+00 1.500000e+00 0.000000e+00 1.712946e-18 -9.041445e-19 0.000000e+00
-2.500000e+00 1.750000e+00 0.000000e+00 6.360820e-19 -3.978053e-19 0.000000e+00
-2.500000e+00 2.000000e+00 0.000000e+00 2.007424e-19 -1.454192e-19 0.000000e+00
-2.500000e+00 2.250000e+00 0.000000e+00 5.289449e-20 -4.358504e-20 0.000000e+00
-2.500000e+00 2.500000e+00 0.000000e+00 1.133500e-20 -1.046616e-20 0.000000e+00
-2.250000e+00 -2.500000e+00 0.000000e+00 3.233900e-20 3.408499e-20 0.000000e+00
-2.250000e+00 -2.250000e+00 0.000000e+00 1.527986e-19 1.443462e-19 0.000000e+00
-2.250000e+00 -2.000000e+00 0.000000e+00 5.986102e-19 4.995135e-19 0.000000e+00
-2.250000e+00 -1.750000e+00 0.000000e+00 1.994345e-18 1.445368e-18 0.000000e+00
-2.250000e+00 -1.500000e+00 0.000000e+00 5.731562e-18 3.534916e-18 0.000000e+00
-2.250000e+00 -1.250000e+00 0.000000e+00 1.428683e-17 7.303009e-18 0.000000e+00
-2.250000e+00 -1.000000e+00 0.000000e+00 3.084047e-17 1.258649e-17 0.000000e+00
-2.250000e+00 -7.500000e-01 0.000000e+00 5.726850e-17 1.760482e-17 0.000000e+00
-2.250000e+00 -5.000000e-01 0.000000e+00 9.066849e-17 1.893121e-17 0.000000e+00
-2.250000e+00 -2.500000e-01 0.000000e+00 1.213683e-16 1.357641e-17 0.000000e+00
-2.250000e+00 0.000000e+00 0.000000e+00 1.365192e-16 2.170033e-18 0.000000e+00
-2.250000e+00 2.500000e-01 0.000000e+00 1.286708e-16 -1.029873e-17 0.000000e+00
-2.250000e+00 5.000000e-01 0.000000e+00 1.017173e-16 -1.799018e-17 0.000000e+00
-2.250000e+00 7.500000e-01 0.000000e+00 6.776359e-17 -1.865300e-17 0.000000e+00
-2.250000e+00 1.000000e+00 0.000000e+00 3.833527e-17 -1.440156e-17 0.000000e+00
-2.250000e+00 1.250000e+00 0.000000e+00 1.858221e-17 -8.889561e-18 0.000000e+00
-2.250000e+00 1.500000e+00 0.000000e+00 7.778580e-18 -4.540175e-18 0.000000e+00
-2.250000e+00 1.750000e+00 0.000000e+00 2.822037e-18 -1.951684e-18 0.000000e+00
-2.250000e+00 2.000000e+00 0.000000e+00 8.846242e-19 -7.091568e-19 0.000000e+00
-2.250000e+00 2.250000e+00 0.000000e+00 2.368798e-19 -2.162322e-19 0.000000e+00
-2.250000e+00 2.500000e+00 0.000000e+00 5.298666e-20 -5.425362e-20 0.000000e+00
-2.000000e+00 -2.500000e+00 0.000000e+00 1.224175e-19 1.446037e-19 0.000000e+00
-2.000000e+00 -2.250000e+00 0.000000e+00 5.664258e-19 5.993249e-19 0.000000e+00
-2.000000e+00 -2.000000e+00 0.000000e+00 2.232583e-18 2.085500e-18 0.000000e+00
-2.000000e+00 -1.750000e+00 0.000000e+00 7.641083e-18 6.199790e-18 0.000000e+00
-2.000000e+00 -1.500000e+00 0.000000e+00 2.290262e-17 1.582740e-17 0.000000e+00
-2.000000e+00 -1.250000e+00 0.000000e+00 6.004628e-17 3.443177e-17 0.000000e+00
-2.000000e+00 -1.000000e+00 0.000000e+00 1.364136e-16 6.250839e-17 0.000000e+00
-2.000000e+00 -7.500000e-01 0.000000e+00 2.651153e-16 9.157157e-17 0.000000e+00
-2.000000e+00 -5.000000e-01 0.000000e+00 4.352431e-16 1.021862e-16 0.000000e+00
-2.000000e+00 -2.500000e-01 0.000000e+00 5.969311e-16 7.514976e-17 0.000000e+00
-2.000000e+00 0.000000e+00 0.000000e+00 6.783427e-16 1.219719e-17 0.000000e+00
-2.000000e+00 2.500000e-01 0.000000e+00 6.362937e-16 -5.722094e-17 0.000000e+00
-2.000000e+00 5.000000e-01 0.000000e+00 4.933435e-16 -9.806508e-17 0.000000e+00
-2.000000e+00 7.500000e-01 0.000000e+00 3.181916e-16 -9.840675e-17 0.000000e+00
-2.000000e+00 1.000000e+00 0.000000e+00 1.724507e-16 -7.275275e-17 0.000000e+00
-2.000000e+00 1.250000e+00 0.000000e+00 7.950980e-17 -4.268587e-17 0.000000e+00
-2.000000e+00 1.500000e+00 0.000000e+00 3.160055e-17 -2.067867e-17 0.000000e+00
-2.000000e+00 1.750000e+00 0.000000e+00 1.095000e-17 -8.482876e-18 0.000000e+00
-2.000000e+00 2.000000e+00 0.000000e+00 3.322152e-18 -2.983252e-18 0.000000e+00
-2.000000e+00 2.250000e+00 0.000000e+00 8.774017e-19 -8.981188e-19 0.000000e+00
-2.000000e+00 2.500000e+00 0.000000e+00 1.985098e-19 -2.282929e-19 0.000000e+00
-1.750000e+00 -2.500000e+00 0.000000e+00 3.803457e-19 5.107962e-19 0.000000e+00
-1.750000e+00 -2.250000e+00 0.000000e+00 1.768388e-18 2.126090e-18 0.000000e+00
-1.750000e+00 -2.000000e+00 0.000000e+00 7.168869e-18 7.608773e-18 0.000000e+00
-1.750000e+00 -1.750000e+00 0.000000e+00 2.570670e-17 2.371501e-17 0.000000e+00
-1.750000e+00 -1.500000e+00 0.000000e+00 8.167304e-17 6.423448e-17 0.000000e+00
-1.750000e+00 -1.250000e+00 0.000000e+00 2.273298e-16 1.484790e-16 0.000000e+00
-1.750000e+00 -1.000000e+00 0.000000e+00 5.455117e-16 2.850207e-16 0.000000e+00
-1.750000e+00 -7.500000e-01 0.000000e+00 1.110937e-15 4.381142e-16 0.000000e+00
-1.750000e+00 -5.000000e-01 0.000000e+00 1.890806e-15 5.074459e-16 0.000000e+00
-1.750000e+00 -2.500000e-01 0.000000e+00 2.653702e-15 3.821909e-16 0.000000e+00
-1.750000e+00 0.000000e+00 0.000000e+00 3.043611e-15 6.278193e-17 0.000000e+00
-1.750000e+00 2.500000e-01 0.000000e+00 2.841920e-15 -2.921090e-16 0.000000e+00
-1.750000e+00 5.000000e-01 0.000000e+00 2.163321e-15 -4.914782e-16 0.000000e+00
-1.750000e+00 7.500000e-01 0.000000e+00 1.351627e-15 -4.773833e-16 0.000000e+00
-1.750000e+00 1.000000e+00 0.000000e+00 7.014185e-16 -3.375265e-16 0.000000e+00
-1.750000e+00 1.250000e+00 0.000000e+00 3.068811e-16 -1.877236e-16 0.000000e+00
-1.750000e+00 1.500000e+00 0.000000e+00 1.149983e-16 -8.568407e-17 0.000000e+00
-1.750000e+00 1.750000e+00 0.000000e+00 3.751991e-17 -3.307417e-17 0.000000e+00
-1.750000e+00 2.000000e+00 0.000000e+00 1.080635e-17 -1.103861e-17 0.000000e+00
-1.750000e+00 2.250000e+00 0.000000e+00 2.754215e-18 -3.209650e-18 0.000000e+00
-1.750000e+00 2.500000e+00 0.000000e+00 6.141085e-19 -8.056355e-19 0.000000e+00
-1.500000e+00 -2.500000e+00 0.000000e+00 9.865858e-19 1.534108e-18 0.000000e+00
-1.500000e+00 -2.250000e+00 0.000000e+00 4.690245e-18 6.527274e-18 0.000000e+00
-1.500000e+00 -2.000000e+00 0.000000e+00 1.984977e-17 2.439565e-17 0.000000e+00
-1.500000e+00 -1.750000e+00 0.000000e+00 7.546436e-17 8.067143e-17 0.000000e+00
-1.500000e+00 -1.500000e+00 0.000000e+00 2.551078e-16 2.326844e-16 0.000000e+00
-1.500000e+00 -1.250000e+00 0.000000e+00 7.521358e-16 5.704693e-16 0.000000e+00
-1.500000e+00 -1.000000e+00 0.000000e+00 1.897551e-15 1.153184e-15 0.000000e+00
-1.500000e+00 -7.500000e-01 0.000000e+00 4.016575e-15 1.844120e-15 0.000000e+00
-1.500000e+00 -5.000000e-01 0.000000e+00 7.006502e-15 2.188866e-15 0.000000e+00
-1.500000e+00 -2.500000e-01 0.000000e+00 9.956473e-15 1.668127e-15 0.000000e+00
-1.500000e+00 0.000000e+00 0.000000e+00 1.146586e-14 2.748518e-16 0.000000e+00
-1.500000e+00 2.500000e-01 0.000000e+00 1.068316e-14 -1.277492e-15 0.000000e+00
-1.500000e+00 5.000000e-01 0.000000e+00 8.056234e-15 -2.130312e-15 0.000000e+00
-1.500000e+00 7.500000e-01 0.000000e+00 4.933158e-15 -2.028600e-15 0.000000e+00
-1.500000e+00 1.000000e+00 0.000000e+00 2.474929e-15 -1.385740e-15 0.000000e+00
-1.500000e+00 1.250000e+00 0.000000e+00 1.033590e-15 -7.345829e-16 0.000000e+00
-1.500000e+00 1.500000e+00 0.000000e+00 3.663917e-16 -3.168024e-16 0.000000e+00
-1.500000e+00 1.750000e+00 0.000000e+00 1.123673e-16 -1.149326e-16 0.000000e+00
-1.500000e+00 2.000000e+00 0.000000e+00 3.040121e-17 -3.605062e-17 0.000000e+00
-1.500000e+00 2.250000e+00 0.000000e+00 7.361289e-18 -9.969717e-18 0.000000e+00
-1.500000e+00 2.500000e+00 0.000000e+00 1.589560e-18 -2.428660e-18 0.000000e+00
-1.250000e+00 -2.500000e+00 0.000000e+00 2.142345e-18 3.952727e-18 0.000000e+00
-1.250000e+00 -2.250000e+00 0.000000e+00 1.052208e-17 1.737361e-17 0.000000e+00
-1.250000e+00 -2.000000e+00 0.000000e+00 4.685552e-17 6.835549e-17 0.000000e+00
-1.250000e+00 -1.750000e+00 0.000000e+00 1.888528e-16 2.398255e-16 0.000000e+00
-1.250000e+00 -1.500000e+00 0.000000e+00 6.746594e-16 7.320695e-16 0.000000e+00
-1.250000e+00 -1.250000e+00 0.000000e+00 2.087371e-15 1.886948e-15 0.000000e+00
-1.250000e+00 -1.000000e+00 0.000000e+00 5.452935e-15 3.952658e-15 0.000000e+00
-1.250000e+00 -7.500000e-01 0.000000e+00 1.173191e-14 6.419122e-15 0.000000e+00
-1.250000e+00 -5.000000e-01 0.000000e+00 2.049219e-14 7.616913e-15 0.000000e+00
-1.250000e+00 -2.500000e-01 0.000000e+00 2.898048e-14 5.768859e-15 0.000000e+00
-1.250000e+00 0.000000e+00 0.000000e+00 3.326323e-14 9.446905e-16 0.000000e+00
-1.250000e+00 2.500000e-01 0.000000e+00 3.103814e-14 -4.413070e-15 0.000000e+00
-1.250000e+00 5.000000e-01 0.000000e+00 2.351454e-14 -7.399548e-15 0.000000e+00
-1.250000e+00 7.500000e-01 0.000000e+00 1.442029e-14 -7.068624e-15 0.000000e+00
-1.250000e+00 1.000000e+00 0.000000e+00 7.158015e-15 -4.784683e-15 0.000000e+00
-1.250000e+00 1.250000e+00 0.000000e+00 2.903839e-15 -2.464345e-15 0.000000e+00
-1.250000e+00 1.500000e+00 0.000000e+00 9.836954e-16 -1.014778e-15 0.000000e+00
-1.250000e+00 1.750000e+00 0.000000e+00 2.854855e-16 -3.483283e-16 0.000000e+00
-1.250000e+00 2.000000e+00 0.000000e+00 7.265157e-17 -1.029045e-16 0.000000e+00
-1.250000e+00 2.250000e+00 0.000000e+00 1.658698e-17 -2.688449e-17 0.000000e+00
-1.250000e+00 2.500000e+00 0.000000e+00 3.430962e-18 -6.287996e-18 0.000000e+00
-1.000000e+00 -2.500000e+00 0.000000e+00 3.856090e-18 8.744994e-18 0.000000e+00
-1.000000e+00 -2.250000e+00 0.000000e+00 1.966325e-17 3.989435e-17 0.000000e+00
-1.000000e+00 -2.000000e+00 0.000000e+00 9.203238e-17 1.650305e-16 0.000000e+00
-1.000000e+00 -1.750000e+00 0.000000e+00 3.897300e-16 6.090468e-16 0.000000e+00
-1.000000e+00 -1.500000e+00 0.000000e+00 1.454525e-15 1.946153e-15 0.000000e+00
-1.000000e+00 -1.250000e+00 0.000000e+00 4.643409e-15 5.183114e-15 0.000000e+00
-1.000000e+00 -1.000000e+00 0.000000e+00 1.224028e-14 1.095211e-14 0.000000e+00
-1.000000e+00 -7.500000e-01 0.000000e+00 2.601532e-14 1.754741e-14 0.000000e+00
-1.000000e+00 -5.000000e-01 0.000000e+00 4.444411e-14 2.034179e-14 0.000000e+00
-1.000000e+00 -2.500000e-01 0.000000e+00 6.161142e-14 1.509220e-14 0.000000e+00
-1.000000e+00 0.000000e+00 0.000000e+00 7.004228e-14 2.439293e-15 0.000000e+00
-1.000000e+00 2.500000e-01 0.000000e+00 6.561832e-14 -1.150743e-14 0.000000e+00
-1.000000e+00 5.000000e-01 0.000000e+00 5.050708e-14 -1.961914e-14 0.000000e+00
-1.000000e+00 7.500000e-01 0.000000e+00 3.163396e-14 -1.918177e-14 0.000000e+00
-1.000000e+00 1.000000e+00 0.000000e+00 1.594290e-14 -1.322174e-14 0.000000e+00
-1.000000e+00 1.250000e+00 0.000000e+00 6.446974e-15 -6.806096e-15 0.000000e+00
-1.000000e+00 1.500000e+00 0.000000e+00 2.125528e-15 -2.730724e-15 0.000000e+00
-1.000000e+00 1.750000e+00 0.000000e+00 5.902106e-16 -8.970698e-16 0.000000e+00
-1.000000e+00 2.000000e+00 0.000000e+00 1.425388e-16 -2.518131e-16 0.000000e+00
-1.000000e+00 2.250000e+00 0.000000e+00 3.078248e-17 -6.235926e-17 0.000000e+00
-1.000000e+00 2.500000e+00 0.000000e+00 6.077126e-18 -1.394827e-17 0.000000e+00
-7.500000e-01 -2.500000e+00 0.000000e+00 5.614493e-18 1.655163e-17 0.000000e+00
-7.500000e-01 -2.250000e+00 0.000000e+00 2.971198e-17 7.827896e-17 0.000000e+00
-7.500000e-01 -2.000000e+00 0.000000e+00 1.450347e-16 3.376664e-16 0.000000e+00
-7.500000e-01 -1.750000e+00 0.000000e+00 6.379292e-16 1.295792e-15 0.000000e+00
-7.500000e-01 -1.500000e+00 0.000000e+00 2.452262e-15 4.272445e-15 0.000000e+00
-7.500000e-01 -1.250000e+00 0.000000e+00 7.903977e-15 1.149942e-14 0.000000e+00
-7.500000e-01 -1.000000e+00 0.000000e+00 2.049685e-14 2.390456e-14 0.000000e+00
-7.500000e-01 -7.500000e-01 0.000000e+00 4.211091e-14 3.702466e-14 0.000000e+00
-7.500000e-01 -5.000000e-01 0.000000e+00 6.928426e-14 4.136026e-14 0.000000e+00
-7.500000e-01 -2.500000e-01 0.000000e+00 9.323892e-14 2.980905e-14 0.000000e+00
-7.500000e-01 0.000000e+00 0.000000e+00 1.045177e-13 4.712667e-15 0.000000e+00
-7.500000e-01 2.500000e-01 0.000000e+00 9.837345e-14 -2.267020e-14 0.000000e+00
-7.500000e-01 5.000000e-01 0.000000e+00 7.736617e-14 -3.951428e-14 0.000000e+00
-7.500000e-01 7.500000e-01 0.000000e+00 5.002684e-14 -3.997258e-14 0.000000e+00
-7.500000e-01 1.000000e+00 0.000000e+00 2.602527e-14 -2.853983e-14 0.000000e+00
-7.500000e-01 1.250000e+00 0.000000e+00 1.071642e-14 -1.502223e-14 0.000000e+00
-7.500000e-01 1.500000e+00 0.000000e+00 3.510392e-15 -6.008163e-15 0.000000e+00
-7.500000e-01 1.750000e+00 0.000000e+00 9.463385e-16 -1.918962e-15 0.000000e+00
-7.500000e-01 2.000000e+00 0.000000e+00 2.194485e-16 -5.176198e-16 0.000000e+00
-7.500000e-01 2.250000e+00 0.000000e+00 4.532006e-17 -1.226996e-16 0.000000e+00
-7.500000e-01 2.500000e+00 0.000000e+00 8.582931e-18 -2.634110e-17 0.000000e+00
-5.000000e-01 -2.500000e+00 0.000000e+00 6.276196e-18 2.662516e-17 0.000000e+00
-5.000000e-01 -2.250000e+00 0.000000e+00 3.428995e-17 1.297359e-16 0.000000e+00
-5.000000e-01 -2.000000e+00 0.000000e+00 1.728296e-16 5.772450e-16 0.000000e+00
-5.000000e-01 -1.750000e+00 0.000000e+00 7.808372e-16 2.276356e-15 0.000000e+00
-5.000000e-01 -1.500000e+00 0.000000e+00 3.046528e-15 7.628448e-15 0.000000e+00
-5.000000e-01 -1.250000e+00 0.000000e+00 9.740226e-15 2.039342e-14 0.000000e+00
-5.000000e-01 -1.000000e+00 0.000000e+00 2.449528e-14 4.116404e-14 0.000000e+00
-5.000000e-01 -7.500000e-01 0.000000e+00 4.822002e-14 6.119568e-14 0.000000e+00
-5.000000e-01 -5.000000e-01 0.000000e+00 7.598117e-14 6.561430e-14 0.000000e+00
-5.000000e-01 -2.500000e-01 0.000000e+00 9.884200e-14 4.578207e-14 0.000000e+00
-5.000000e-01 0.000000e+00 0.000000e+00 1.089439e-13 6.989042e-15 0.000000e+00
-5.000000e-01 2.500000e-01 0.000000e+00 1.029431e-13 -3.485332e-14 0.000000e+00
-5.000000e-01 5.000000e-01 0.000000e+00 8.280240e-14 -6.213329e-14 0.000000e+00
-5.000000e-01 7.500000e-01 0.000000e+00 5.539560e-14 -6.516513e-14 0.000000e+00
-5.000000e-01 1.000000e+00 0.000000e+00 2.987918e-14 -4.840011e-14 0.000000e+00
-5.000000e-01 1.250000e+00 0.000000e+00 1.264234e-14 -2.629462e-14 0.000000e+00
-5.000000e-01 1.500000e+00 0.000000e+00 4.171575e-15 -1.064105e-14 0.000000e+00
-5.000000e-01 1.750000e+00 0.000000e+00 1.107253e-15 -3.355426e-15 0.000000e+00
-5.000000e-01 2.000000e+00 0.000000e+00 2.496139e-16 -8.804465e-16 0.000000e+00
-5.000000e-01 2.250000e+00 0.000000e+00 4.996289e-17 -2.021767e-16 0.000000e+00
-5.000000e-01 2.500000e+00 0.000000e+00 9.179477e-18 -4.204095e-17 0.000000e+00
-2.500000e-01 -2.500000e+00 0.000000e+00 4.685316e-18 3.611228e-17 0.000000e+00
-2.500000e-01 -2.250000e+00 0.000000e+00 2.619469e-17 1.795809e-16 0.000000e+00
-2.500000e-01 -2.000000e+00 0.000000e+00 1.349038e-16 8.149230e-16 0.000000e+00
-2.500000e-01 -1.750000e+00 0.000000e+00 6.194712e-16 3.265721e-15 0.000000e+00
-2.500000e-01 -1.500000e+00 0.000000e+00 2.425928e-15 1.100104e-14 0.000000e+00
-2.500000e-01 -1.250000e+00 0.000000e+00 7.640010e-15 2.903364e-14 0.000000e+00
-2.500000e-01 -1.000000e+00 0.000000e+00 1.864104e-14 5.699566e-14 0.000000e+00
-2.500000e-01 -7.500000e-01 0.000000e+00 3.534618e-14 8.183099e-14 0.000000e+00
-2.500000e-01 -5.000000e-01 0.000000e+00 5.364501e-14 8.473779e-14 0.000000e+00
-2.500000e-01 -2.500000e-01 0.000000e+00 6.768761e-14 5.743462e-14 0.000000e+00
-2.500000e-01 0.000000e+00 0.000000e+00 7.341242e-14 8.400986e-15 0.000000e+00
-2.500000e-01 2.500000e-01 0.000000e+00 6.954589e-14 -4.392682e-14 0.000000e+00
-2.500000e-01 5.000000e-01 0.000000e+00 5.700259e-14 -7.974226e-14 0.000000e+00
-2.500000e-01 7.500000e-01 0.000000e+00 3.921795e-14 -8.614624e-14 0.000000e+00
-2.500000e-01 1.000000e+00 0.000000e+00 2.178516e-14 -6.606930e-14 0.000000e+00
-2.500000e-01 1.250000e+00 0.000000e+00 9.435861e-15 -3.688763e-14 0.000000e+00
-2.500000e-01 1.500000e+00 0.000000e+00 3.144492e-15 -1.514670e-14 0.000000e+00
-2.500000e-01 1.750000e+00 0.000000e+00 8.287432e-16 -4.760666e-15 0.000000e+00
-2.500000e-01 2.000000e+00 0.000000e+00 1.835351e-16 -1.229261e-15 0.000000e+00
-2.500000e-01 2.250000e+00 0.000000e+00 3.602849e-17 -2.767450e-16 0.000000e+00
-2.500000e-01 2.500000e+00 0.000000e+00 6.499398e-18 -5.638973e-17 0.000000e+00
0.000000e+00 -2.500000e+00 0.000000e+00 8.850904e-19 4.100116e-17 0.000000e+00
0.000000e+00 -2.250000e+00 0.000000e+00 5.017613e-18 2.056957e-16 0.000000e+00
0.000000e+00 -2.000000e+00 0.000000e+00 2.615046e-17 9.411421e-16 0.000000e+00
0.000000e+00 -1.750000e+00 0.000000e+00 1.207432e-16 3.794934e-15 0.000000e+00
0.000000e+00 -1.500000e+00 0.000000e+00 4.691028e-16 1.278873e-14 0.000000e+00
0.000000e+00 -1.250000e+00 0.000000e+00 1.447266e-15 3.348806e-14 0.000000e+00
0.000000e+00 -1.000000e+00 0.000000e+00 3.443165e-15 6.482759e-14 0.000000e+00
0.000000e+00 -7.500000e-01 0.000000e+00 6.371080e-15 9.152147e-14 0.000000e+00
0.000000e+00 -5.000000e-01 0.000000e+00 9.466131e-15 9.316511e-14 0.000000e+00
0.000000e+00 -2.500000e-01 0.000000e+00 1.175766e-14 6.220764e-14 0.000000e+00
0.000000e+00 0.000000e+00 0.000000e+00 1.265976e-14 8.854959e-15 0.000000e+00
0.000000e+00 2.500000e-01 0.000000e+00 1.201874e-14 -4.776380e-14 0.000000e+00
0.000000e+00 5.000000e-01 0.000000e+00 9.934555e-15 -8.744697e-14 0.000000e+00
0.000000e+00 7.500000e-01 0.000000e+00 6.902585e-15 -9.580507e-14 0.000000e+00
0.000000e+00 1.000000e+00 0.000000e+00 3.861889e-15 -7.457366e-14 0.000000e+00
0.000000e+00 1.250000e+00 0.000000e+00 1.674175e-15 -4.216419e-14 0.000000e+00
0.000000e+00 1.500000e+00 0.000000e+00 5.528480e-16 -1.743914e-14 0.000000e+00
0.000000e+00 1.750000e+00 0.000000e+00 1.426535e-16 -5.478489e-15 0.000000e+00
0.000000e+00 2.000000e+00 0.000000e+00 3.065015e-17 -1.405347e-15 0.000000e+00
0.000000e+00 2.250000e+00 0.000000e+00 5.837822e-18 -3.137483e-16 0.000000e+00
0.000000e+00 2.500000e+00 0.000000e+00 1.029980e-18 -6.339562e-17 0.000000e+00
2.500000e-01 -2.500000e+00 0.000000e+00 -3.386253e-18 3.881584e-17 0.000000e+00
2.500000e-01 -2.250000e+00 0.000000e+00 -1.903461e-17 1.939868e-16 0.000000e+00
2.500000e-01 -2.000000e+00 0.000000e+00 -9.857158e-17 8.843524e-16 0.000000e+00
2.500000e-01 -1.750000e+00 0.000000e+00 -4.547745e-16 3.555799e-15 0.000000e+00
2.500000e-01 -1.500000e+00 0.000000e+00 -1.786038e-15 1.197476e-14 0.000000e+00
2.500000e-01 -1.250000e+00 0.000000e+00 -5.620064e-15 3.144713e-14 0.000000e+00
2.500000e-01 -1.000000e+00 0.000000e+00 -1.364381e-14 6.123801e-14 0.000000e+00
2.500000e-01 -7.500000e-01 0.000000e+00 -2.566527e-14 8.710733e-14 0.000000e+00
2.500000e-01 -5.000000e-01 0.000000e+00 -3.859491e-14 8.936978e-14 0.000000e+00
2.500000e-01 -2.500000e-01 0.000000e+00 -4.828758e-14 6.008685e-14 0.000000e+00
2.500000e-01 0.000000e+00 0.000000e+00 -5.209760e-14 8.651575e-15 0.000000e+00
2.500000e-01 2.500000e-01 0.000000e+00 -4.934579e-14 -4.607654e-14 0.000000e+00
2.500000e-01 5.000000e-01 0.000000e+00 -4.064287e-14 -8.400345e-14 0.000000e+00
2.500000e-01 7.500000e-01 0.000000e+00 -2.819268e-14 -9.139862e-14 0.000000e+00
2.500000e-01 1.000000e+00 0.000000e+00 -1.581273e-14 -7.061270e-14 0.000000e+00
2.500000e-01 1.250000e+00 0.000000e+00 -6.915503e-15 -3.965582e-14 0.000000e+00
2.500000e-01 1.500000e+00 0.000000e+00 -2.323920e-15 -1.632688e-14 0.000000e+00
2.500000e-01 1.750000e+00 0.000000e+00 -6.163646e-16 -5.122950e-15 0.000000e+00
2.500000e-01 2.000000e+00 0.000000e+00 -1.372239e-16 -1.316182e-15 0.000000e+00
2.500000e-01 2.250000e+00 0.000000e+00 -2.706075e-17 -2.946040e-16 0.000000e+00
2.500000e-01 2.500000e+00 0.000000e+00 -4.893464e-18 -5.972367e-17 0.000000e+00
5.000000e-01 -2.500000e+00 0.000000e+00 -5.977988e-18 3.066981e-17 0.000000e+00
5.000000e-01 -2.250000e+00 0.000000e+00 -3.302913e-17 1.507882e-16 0.000000e+00
5.000000e-01 -2.000000e+00 0.000000e+00 -1.683071e-16 6.766815e-16 0.000000e+00
5.000000e-01 -1.750000e+00 0.000000e+00 -7.667769e-16 2.687159e-15 0.000000e+00
5.000000e-01 -1.500000e+00 0.000000e+00 -2.998661e-15 9.020930e-15 0.000000e+00
5.000000e-01 -1.250000e+00 0.000000e+00 -9.526921e-15 2.396183e-14 0.000000e+00
5.000000e-01 -1.000000e+00 0.000000e+00 -2.364632e-14 4.776135e-14 0.000000e+00
5.000000e-01 -7.500000e-01 0.000000e+00 -4.580162e-14 6.993421e-14 0.000000e+00
5.000000e-01 -5.000000e-01 0.000000e+00 -7.103173e-14 7.387981e-14 0.000000e+00
5.000000e-01 -2.500000e-01 0.000000e+00 -9.123815e-14 5.092319e-14 0.000000e+00
5.000000e-01 0.000000e+00 0.000000e+00 -9.989287e-14 7.630427e-15 0.000000e+00
5.000000e-01 2.500000e-01 0.000000e+00 -9.447054e-14 -3.886279e-14 0.000000e+00
5.000000e-01 5.000000e-01 0.000000e+00 -7.655552e-14 -6.979785e-14 0.000000e+00
5.000000e-01 7.500000e-01 0.000000e+00 -5.179938e-14 -7.408725e-14 0.000000e+00
5.000000e-01 1.000000e+00 0.000000e+00 -2.828001e-14 -5.572075e-14 0.000000e+00
5.000000e-01 1.250000e+00 0.000000e+00 -1.208398e-14 -3.056704e-14 0.000000e+00
5.000000e-01 1.500000e+00 0.000000e+00 -4.005285e-15 -1.241086e-14 0.000000e+00
5.000000e-01 1.750000e+00 0.000000e+00 -1.060933e-15 -3.893939e-15 0.000000e+00
5.000000e-01 2.000000e+00 0.000000e+00 -2.377869e-16 -1.010871e-15 0.000000e+00
5.000000e-01 2.250000e+00 0.000000e+00 -4.730083e-17 -2.294094e-16 0.000000e+00
5.000000e-01 2.500000e+00 0.000000e+00 -8.640283e-18 -4.721044e-17 0.000000e+00
7.500000e-01 -2.500000e+00 0.000000e+00 -6.109270e-18 2.033467e-17 0.000000e+00
7.500000e-01 -2.250000e+00 0.000000e+00 -3.277483e-17 9.728506e-17 0.000000e+00
7.500000e-01 -2.000000e+00 0.000000e+00 -1.622104e-16 4.246581e-16 0.000000e+00
7.500000e-01 -1.750000e+00 0.000000e+00 -7.217241e-16 1.647265e-15 0.000000e+00
7.500000e-01 -1.500000e+00 0.000000e+00 -2.791708e-15 5.467735e-15 0.000000e+00
7.500000e-01 -1.250000e+00 0.000000e+00 -8.966338e-15 1.467959e-14 0.000000e+00
7.500000e-01 -1.000000e+00 0.000000e+00 -2.295790e-14 3.016620e-14 0.000000e+00
7.500000e-01 -7.500000e-01 0.000000e+00 -4.636288e-14 4.597544e-14 0.000000e+00
7.500000e-01 -5.000000e-01 0.000000e+00 -7.500619e-14 5.053407e-14 0.000000e+00
7.500000e-01 -2.500000e-01 0.000000e+00 -9.965946e-14 3.595707e-14 0.000000e+00
7.500000e-01 0.000000e+00 0.000000e+00 -1.110408e-13 5.607429e-15 0.000000e+00
7.500000e-01 2.500000e-01 0.000000e+00 -1.046945e-13 -2.735890e-14 0.000000e+00
7.500000e-01 5.000000e-01 0.000000e+00 -8.303913e-14 -4.811981e-14 0.000000e+00
7.500000e-01 7.500000e-01 0.000000e+00 -5.436807e-14 -4.937017e-14 0.000000e+00
7.500000e-01 1.000000e+00 0.000000e+00 -2.864268e-14 -3.576880e-14 0.000000e+00
7.500000e-01 1.250000e+00 0.000000e+00 -1.189121e-14 -1.901700e-14 0.000000e+00
7.500000e-01 1.500000e+00 0.000000e+00 -3.893363e-15 -7.608665e-15 0.000000e+00
7.500000e-01 1.750000e+00 0.000000e+00 -1.039505e-15 -2.404589e-15 0.000000e+00
7.500000e-01 2.000000e+00 0.000000e+00 -2.376725e-16 -6.378230e-16 0.000000e+00
7.500000e-01 2.250000e+00 0.000000e+00 -4.838766e-17 -1.485451e-16 0.000000e+00
7.500000e-01 2.500000e+00 0.000000e+00 -9.051675e-18 -3.139905e-17 0.000000e+00
1.000000e+00 -2.500000e+00 0.000000e+00 -4.605082e-18 1.139995e-17 0.000000e+00
1.000000e+00 -2.250000e+00 0.000000e+00 -2.380521e-17 5.266354e-17 0.000000e+00
1.000000e+00 -2.000000e+00 0.000000e+00 -1.131517e-16 2.211223e-16 0.000000e+00
1.000000e+00 -1.750000e+00 0.000000e+00 -4.859672e-16 8.280465e-16 0.000000e+00
1.000000e+00 -1.500000e+00 0.000000e+00 -1.834975e-15 2.680136e-15 0.000000e+00
1.000000e+00 -1.250000e+00 0.000000e+00 -5.885566e-15 7.178926e-15 0.000000e+00
1.000000e+00 -1.000000e+00 0.000000e+00 -1.543651e-14 1.509986e-14 0.000000e+00
1.000000e+00 -7.500000e-01 0.000000e+00 -3.242174e-14 2.390331e-14 0.000000e+00
1.000000e+00 -5.000000e-01 0.000000e+00 -5.465156e-14 2.732056e-14 0.000000e+00
1.000000e+00 -2.500000e-01 0.000000e+00 -7.497361e-14 2.003481e-14 0.000000e+00
1.000000e+00 0.000000e+00 0.000000e+00 -8.483686e-14 3.204676e-15 0.000000e+00
1.000000e+00 2.500000e-01 0.000000e+00 -7.965496e-14 -1.526353e-14 0.000000e+00
1.000000e+00 5.000000e-01 0.000000e+00 -6.181512e-14 -2.625151e-14 0.000000e+00
1.000000e+00 7.500000e-01 0.000000e+00 -3.915624e-14 -2.601182e-14 0.000000e+00
1.000000e+00 1.000000e+00 0.000000e+00 -1.992831e-14 -1.815920e-14 0.000000e+00
1.000000e+00 1.250000e+00 0.000000e+00 -8.080298e-15 -9.400680e-15 0.000000e+00
1.000000e+00 1.500000e+00 0.000000e+00 -2.642038e-15 -3.747814e-15 0.000000e+00
1.000000e+00 1.750000e+00 0.000000e+00 -7.209093e-16 -1.210222e-15 0.000000e+00
1.000000e+00 2.000000e+00 0.000000e+00 -1.704695e-16 -3.323029e-16 0.000000e+00
1.000000e+00 2.250000e+00 0.000000e+00 -3.605112e-17 -8.044587e-17 0.000000e+00
1.000000e+00 2.500000e+00 0.000000e+00 -6.995260e-18 -1.764982e-17 0.000000e+00
1.250000e+00 -2.500000e+00 0.000000e+00 -2.756213e-18 5.444701e-18 0.000000e+00
1.250000e+00 -2.250000e+00 0.000000e+00 -1.369764e-17 2.421655e-17 0.000000e+00
1.250000e+00 -2.000000e+00 0.000000e+00 -6.200537e-17 9.693043e-17 0.000000e+00
1.250000e+00 -1.750000e+00 0.000000e+00 -2.542240e-16 3.464780e-16 0.000000e+00
1.250000e+00 -1.500000e+00 0.000000e+00 -9.233324e-16 1.077061e-15 0.000000e+00
1.250000e+00 -1.250000e+00 0.000000e+00 -2.896270e-15 2.816956e-15 0.000000e+00
1.250000e+00 -1.000000e+00 0.000000e+00 -7.614877e-15 5.935845e-15 0.000000e+00
1.250000e+00 -7.500000e-01 0.000000e+00 -1.635410e-14 9.606462e-15 0.000000e+00
1.250000e+00 -5.000000e-01 0.000000e+00 -2.838289e-14 1.129934e-14 0.000000e+00
1.250000e+00 -2.500000e-01 0.000000e+00 -3.988242e-14 8.479650e-15 0.000000e+00
1.250000e+00 0.000000e+00 0.000000e+00 -4.563763e-14 1.370348e-15 0.000000e+00
1.250000e+00 2.500000e-01 0.000000e+00 -4.266171e-14 -6.487738e-15 0.000000e+00
1.250000e+00 5.000000e-01 0.000000e+00 -3.251100e-14 -1.093977e-14 0.000000e+00
1.250000e+00 7.500000e-01 0.000000e+00 -2.007439e-14 -1.054316e-14 0.000000e+00
1.250000e+00 1.000000e+00 0.000000e+00 -9.992296e-15 -7.178640e-15 0.000000e+00
1.250000e+00 1.250000e+00 0.000000e+00 -4.027904e-15 -3.685395e-15 0.000000e+00
1.250000e+00 1.500000e+00 0.000000e+00 -1.341761e-15 -1.495598e-15 0.000000e+00
1.250000e+00 1.750000e+00 0.000000e+00 -3.803838e-16 -5.020536e-16 0.000000e+00
1.250000e+00 2.000000e+00 0.000000e+00 -9.432311e-17 -1.445628e-16 0.000000e+00
1.250000e+00 2.250000e+00 0.000000e+00 -2.100149e-17 -3.681112e-17 0.000000e+00
1.250000e+00 2.500000e+00 0.000000e+00 -4.260771e-18 -8.435223e-18 0.000000e+00
1.500000e+00 -2.500000e+00 0.000000e+00 -1.354298e-18 2.227824e-18 0.000000e+00
1.500000e+00 -2.250000e+00 0.000000e+00 -6.493324e-18 9.569016e-18 0.000000e+00
1.500000e+00 -2.000000e+00 0.000000e+00 -2.790973e-17 3.638135e-17 0.000000e+00
1.500000e+00 -1.750000e+00 0.000000e+00 -1.082345e-16 1.229688e-16 0.000000e+00
1.500000e+00 -1.500000e+00 0.000000e+00 -3.735540e-16 3.627417e-16 0.000000e+00
1.500000e+00 -1.250000e+00 0.000000e+00 -1.123443e-15 9.077353e-16 0.000000e+00
1.500000e+00 -1.000000e+00 0.000000e+00 -2.880252e-15 1.862949e-15 0.000000e+00
1.500000e+00 -7.500000e-01 0.000000e+00 -6.153107e-15 2.999404e-15 0.000000e+00
1.500000e+00 -5.000000e-01 0.000000e+00 -1.076157e-14 3.557228e-15 0.000000e+00
1.500000e+00 -2.500000e-01 0.000000e+00 -1.527865e-14 2.696813e-15 0.000000e+00
1.500000e+00 0.000000e+00 0.000000e+00 -1.757391e-14 4.341224e-16 0.000000e+00
1.500000e+00 2.500000e-01 0.000000e+00 -1.637774e-14 -2.073294e-15 0.000000e+00
1.500000e+00 5.000000e-01 0.000000e+00 -1.236349e-14 -3.454192e-15 0.000000e+00
1.500000e+00 7.500000e-01 0.000000e+00 -7.563411e-15 -3.290131e-15 0.000000e+00
1.500000e+00 1.000000e+00 0.000000e+00 -3.768319e-15 -2.237231e-15 0.000000e+00
1.500000e+00 1.250000e+00 0.000000e+00 -1.549985e-15 -1.170799e-15 0.000000e+00
1.500000e+00 1.500000e+00 0.000000e+00 -5.374027e-16 -4.948098e-16 0.000000e+00
1.500000e+00 1.750000e+00 0.000000e+00 -1.605340e-16 -1.751213e-16 0.000000e+00
1.500000e+00 2.000000e+00 0.000000e+00 -4.222978e-17 -5.345604e-17 0.000000e+00
1.500000e+00 2.250000e+00 0.000000e+00 -9.970950e-18 -1.441580e-17 0.000000e+00
1.500000e+00 2.500000e+00 0.000000e+00 -2.114543e-18 -3.447411e-18 0.000000e+00
1.750000e+00 -2.500000e+00 0.000000e+00 -5.549827e-19 7.823844e-19 0.000000e+00
1.750000e+00 -2.250000e+00 0.000000e+00 -2.590694e-18 3.274776e-18 0.000000e+00
1.750000e+00 -2.000000e+00 0.000000e+00 -1.063083e-17 1.188724e-17 0.000000e+00
1.750000e+00 -1.750000e+00 0.000000e+00 -3.886791e-17 3.785978e-17 0.000000e+00
1.750000e+00 -1.500000e+00 0.000000e+00 -1.264077e-16 1.051378e-16 0.000000e+00
1.750000e+00 -1.250000e+00 0.000000e+00 -3.601419e-16 2.488141e-16 0.000000e+00
1.750000e+00 -1.000000e+00 0.000000e+00 -8.823016e-16 4.870054e-16 0.000000e+00
1.750000e+00 -7.500000e-01 0.000000e+00 -1.825664e-15 7.586243e-16 0.000000e+00
1.750000e+00 -5.000000e-01 0.000000e+00 -3.137771e-15 8.838919e-16 0.000000e+00
1.750000e+00 -2.500000e-01 0.000000e+00 -4.422281e-15 6.646284e-16 0.000000e+00
1.750000e+00 0.000000e+00 0.000000e+00 -5.073953e-15 1.047228e-16 0.000000e+00
1.750000e+00 2.500000e-01 0.000000e+00 -4.727774e-15 -5.132346e-16 0.000000e+00
1.750000e+00 5.000000e-01 0.000000e+00 -3.582067e-15 -8.553246e-16 0.000000e+00
1.750000e+00 7.500000e-01 0.000000e+00 -2.218689e-15 -8.233659e-16 0.000000e+00
1.750000e+00 1.000000e+00 0.000000e+00 -1.135225e-15 -5.745364e-16 0.000000e+00
1.750000e+00 1.250000e+00 0.000000e+00 -4.870789e-16 -3.137843e-16 0.000000e+00
1.750000e+00 1.500000e+00 0.000000e+00 -1.782252e-16 -1.400588e-16 0.000000e+00
1.750000e+00 1.750000e+00 0.000000e+00 -5.661098e-17 -5.270446e-17 0.000000e+00
1.750000e+00 2.000000e+00 0.000000e+00 -1.588143e-17 -1.714730e-17 0.000000e+00
1.750000e+00 2.250000e+00 0.000000e+00 -3.963102e-18 -4.883349e-18 0.000000e+00
1.750000e+00 2.500000e+00 0.000000e+00 -8.714319e-19 -1.208896e-18 0.000000e+00
2.000000e+00 -2.500000e+00 0.000000e+00 -1.901953e-19 2.346366e-19 0.000000e+00
2.000000e+00 -2.250000e+00 0.000000e+00 -8.778848e-19 9.720485e-19 0.000000e+00
2.000000e+00 -2.000000e+00 0.000000e+00 -3.485000e-18 3.413972e-18 0.000000e+00
2.000000e+00 -1.750000e+00 0.000000e+00 -1.210911e-17 1.032495e-17 0.000000e+00
2.000000e+00 -1.500000e+00 0.000000e+00 -3.707950e-17 2.696699e-17 0.000000e+00
2.000000e+00 -1.250000e+00 0.000000e+00 -9.956207e-17 6.008133e-17 0.000000e+00
2.000000e+00 -1.000000e+00 0.000000e+00 -2.312379e-16 1.113208e-16 0.000000e+00
2.000000e+00 -7.500000e-01 0.000000e+00 -4.574559e-16 1.654870e-16 0.000000e+00
2.000000e+00 -5.000000e-01 0.000000e+00 -7.601983e-16 1.860935e-16 0.000000e+00
2.000000e+00 -2.500000e-01 0.000000e+00 -1.049107e-15 1.366684e-16 0.000000e+00
2.000000e+00 0.000000e+00 0.000000e+00 -1.193112e-15 2.075265e-17 0.000000e+00
2.000000e+00 2.500000e-01 0.000000e+00 -1.114831e-15 -1.059616e-16 0.000000e+00
2.000000e+00 5.000000e-01 0.000000e+00 -8.574354e-16 -1.786783e-16 0.000000e+00
2.000000e+00 7.500000e-01 0.000000e+00 -5.462781e-16 -1.768210e-16 0.000000e+00
2.000000e+00 1.000000e+00 0.000000e+00 -2.912184e-16 -1.285902e-16 0.000000e+00
2.000000e+00 1.250000e+00 0.000000e+00 -1.315479e-16 -7.396679e-17 0.000000e+00
2.000000e+00 1.500000e+00 0.000000e+00 -5.107074e-17 -3.502881e-17 0.000000e+00
2.000000e+00 1.750000e+00 0.000000e+00 -1.728070e-17 -1.404069e-17 0.000000e+00
2.000000e+00 2.000000e+00 0.000000e+00 -5.137202e-18 -4.840964e-18 0.000000e+00
2.000000e+00 2.250000e+00 0.000000e+00 -1.337234e-18 -1.437188e-18 0.000000e+00
2.000000e+00 2.500000e+00 0.000000e+00 -3.004484e-19 -3.629226e-19 0.000000e+00
2.250000e+00 -2.500000e+00 0.000000e+00 -5.388078e-20 5.911457e-20 0.000000e+00
2.250000e+00 -2.250000e+00 0.000000e+00 -2.518404e-19 2.482308e-19 0.000000e+00
2.250000e+00 -2.000000e+00 0.000000e+00 -9.863971e-19 8.605315e-19 0.000000e+00
2.250000e+00 -1.750000e+00 0.000000e+00 -3.314697e-18 2.515454e-18 0.000000e+00
2.250000e+00 -1.500000e+00 0.000000e+00 -9.672088e-18 6.251701e-18 0.000000e+00
2.250000e+00 -1.250000e+00 0.000000e+00 -2.457889e-17 1.316381e-17 0.000000e+00
2.250000e+00 -1.000000e+00 0.000000e+00 -5.412159e-17 2.310048e-17 0.000000e+00
2.250000e+00 -7.500000e-01 0.000000e+00 -1.022188e-16 3.275209e-17 0.000000e+00
2.250000e+00 -5.000000e-01 0.000000e+00 -1.637791e-16 3.546167e-17 0.000000e+00
2.250000e+00 -2.500000e-01 0.000000e+00 -2.205873e-16 2.535688e-17 0.000000e+00
2.250000e+00 0.000000e+00 0.000000e+00 -2.482551e-16 3.716328e-18 0.000000e+00
2.250000e+00 2.500000e-01 0.000000e+00 -2.329380e-16 -1.970624e-17 0.000000e+00
2.250000e+00 5.000000e-01 0.000000e+00 -1.825172e-16 -3.377295e-17 0.000000e+00
2.250000e+00 7.500000e-01 0.000000e+00 -1.200328e-16 -3.448895e-17 0.000000e+00
2.250000e+00 1.000000e+00 0.000000e+00 -6.679101e-17 -2.617910e-17 0.000000e+00
2.250000e+00 1.250000e+00 0.000000e+00 -3.176321e-17 -1.585331e-17 0.000000e+00
2.250000e+00 1.500000e+00 0.000000e+00 -1.304031e-17 -7.941326e-18 0.000000e+00
2.250000e+00 1.750000e+00 0.000000e+00 -4.651184e-18 -3.356924e-18 0.000000e+00
2.250000e+00 2.000000e+00 0.000000e+00 -1.440097e-18 -1.205365e-18 0.000000e+00
2.250000e+00 2.250000e+00 0.000000e+00 -3.834277e-19 -3.656472e-19 0.000000e+00
2.250000e+00 2.500000e+00 0.000000e+00 -8.603153e-20 -9.205351e-20 0.000000e+00
2.500000e+00 -2.500000e+00 0.000000e+00 -1.228967e-20 1.215041e-20 0.000000e+00
2.500000e+00 -2.250000e+00 0.000000e+00 -5.994860e-20 5.327951e-20 0.000000e+00
2.500000e+00 -2.000000e+00 0.000000e+00 -2.382249e-19 1.874847e-19 0.000000e+00
2.500000e+00 -1.750000e+00 0.000000e+00 -7.930126e-19 5.428725e-19 0.000000e+00
2.500000e+00 -1.500000e+00 0.000000e+00 -2.252279e-18 1.312135e-18 0.000000e+00
2.500000e+00 -1.250000e+00 0.000000e+00 -5.507378e-18 2.654786e-18 0.000000e+00
2.500000e+00 -1.000000e+00 0.000000e+00 -1.161626e-17 4.456527e-18 0.000000e+00
2.500000e+00 -7.500000e-01 0.000000e+00 -2.106739e-17 6.061690e-18 0.000000e+00
2.500000e+00 -5.000000e-01 0.000000e+00 -3.266289e-17 6.346475e-18 0.000000e+00
2.500000e+00 -2.500000e-01 0.000000e+00 -4.303584e-17 4.434229e-18 0.000000e+00
2.500000e+00 0.000000e+00 0.000000e+00 -4.798800e-17 6.335651e-19 0.000000e+00
2.500000e+00 2.500000e-01 0.000000e+00 -4.521717e-17 -3.448786e-18 0.000000e+00
2.500000e+00 5.000000e-01 0.000000e+00 -3.604622e-17 -6.003446e-18 0.000000e+00
2.500000e+00 7.500000e-01 0.000000e+00 -2.439950e-17 -6.308122e-18 0.000000e+00
2.500000e+00 1.000000e+00 0.000000e+00 -1.409971e-17 -4.973752e-18 0.000000e+00
2.500000e+00 1.250000e+00 0.000000e+00 -6.995614e-18 -3.144370e-18 0.000000e+00
2.500000e+00 1.500000e+00 0.000000e+00 -2.991187e-18 -1.641518e-18 0.000000e+00
2.500000e+00 1.750000e+00 0.000000e+00 -1.101448e-18 -7.164289e-19 0.000000e+00
2.500000e+00 2.000000e+00 0.000000e+00 -3.467851e-19 -2.613938e-19 0.000000e+00
2.500000e+00 2.250000e+00 0.000000e+00 -9.187861e-20 -7.880427e-20 0.000000e+00
2.500000e+00 2.500000e+00 0.000000e+00 -1.995940e-20 -1.918293e-20 0.000000e+00
