Iteration# z ADDATime OurCalcTime
1.0000000000 -0.0500000000 0.0000000000 32.4600000000
2.0000000000 0.0000000000 0.0000000000 31.1300000000
3.0000000000 0.0500000000 0.0000000000 32.1500000000
4.0000000000 0.1000000000 0.0000000000 32.3800000000
5.0000000000 0.1500000000 0.0100000000 32.5300000000
6.0000000000 0.2000000000 0.0000000000 30.8300000000
7.0000000000 0.1750000000 0.0100000000 34.1400000000
8.0000000000 0.1625000000 0.0100000000 31.8900000000
9.0000000000 0.1562500000 0.0000000000 30.9300000000
10.0000000000 0.1531250000 0.0000000000 32.1600000000
11.0000000000 0.1515625000 0.0000000000 32.5400000000
12.0000000000 0.1507812500 0.0100000000 32.8400000000
13.0000000000 0.1503906250 0.0000000000 33.1700000000
14.0000000000 0.1507812500 0.0100000000 31.9100000000
15.0000000000 0.1505859375 0.0100000000 32.2600000000
16.0000000000 0.1504882813 0.0000000000 33.8500000000
17.0000000000 0.1505859375 0.0000000000 31.6900000000
18.0000000000 0.1505371094 0.0100000000 31.5900000000
19.0000000000 0.1505859375 0.0100000000 32.3700000000
20.0000000000 0.1505615234 0.0000000000 31.9900000000
21.0000000000 0.1505493164 0.0000000000 32.9300000000
22.0000000000 0.1505615234 0.0000000000 31.3600000000
23.0000000000 0.1505554199 0.0100000000 31.8900000000
24.0000000000 0.1505615234 0.0000000000 32.4200000000
25.0000000000 0.1505584717 0.0000000000 31.7100000000
26.0000000000 0.1505569458 0.0000000000 31.9700000000
27.0000000000 0.1505561829 0.0100000000 31.9400000000
28.0000000000 0.1505569458 0.0000000000 32.2600000000
29.0000000000 0.1505565643 0.0000000000 31.1500000000
30.0000000000 0.1505563736 0.0000000000 33.0700000000
31.0000000000 0.1505565643 0.0000000000 31.3100000000
32.0000000000 0.1505564690 0.0000000000 33.4600000000
33.0000000000 0.1505564213 0.0000000000 31.4900000000
34.0000000000 0.1505563974 0.0000000000 32.9700000000
35.0000000000 0.1505564213 0.0000000000 31.5400000000
36.0000000000 0.1505564094 0.0000000000 32.7500000000
37.0000000000 0.1505564213 0.0100000000 33.1100000000
38.0000000000 0.1505564153 0.0100000000 31.1600000000
39.0000000000 0.1505564123 0.0000000000 31.0200000000
40.0000000000 0.1505564108 0.0000000000 31.4900000000
41.0000000000 0.1505564101 0.0000000000 31.7600000000
42.0000000000 0.1505564108 0.0000000000 33.0500000000
43.0000000000 0.1505564105 0.0000000000 32.6400000000
44.0000000000 0.1505564103 0.0000000000 32.1100000000
45.0000000000 0.1505564105 0.0100000000 31.3200000000
46.0000000000 0.1505564104 0.0100000000 32.3000000000
47.0000000000 0.1505564105 0.0000000000 32.8400000000
48.0000000000 0.1505564104 0.0100000000 31.4200000000
49.0000000000 0.1505564104 0.0000000000 32.2000000000
50.0000000000 0.1505564104 0.0100000000 31.3500000000
51.0000000000 0.1505564104 0.0000000000 32.8700000000
52.0000000000 0.1505564104 0.0100000000 31.1500000000
53.0000000000 0.1505564104 0.0000000000 32.3900000000
54.0000000000 0.1505564104 0.0000000000 32.3900000000
55.0000000000 0.1505564104 0.0100000000 31.3700000000
56.0000000000 0.1505564104 0.0000000000 33.2700000000
57.0000000000 0.1505564104 0.0100000000 30.8900000000
58.0000000000 0.1505564104 0.0000000000 32.2700000000
59.0000000000 0.1505564104 0.0100000000 33.1900000000
60.0000000000 0.1505564104 0.0100000000 32.1600000000
61.0000000000 0.1505564104 0.0100000000 30.8100000000
62.0000000000 0.1505564104 0.0000000000 31.8500000000
63.0000000000 0.1505564104 0.0000000000 31.8300000000
64.0000000000 0.1505564104 0.0000000000 31.1100000000
65.0000000000 0.1505564104 0.0000000000 31.3800000000
66.0000000000 0.1505564104 0.0100000000 31.6200000000
67.0000000000 0.1505564104 0.0000000000 32.4400000000
68.0000000000 0.1505564104 0.0100000000 30.3800000000
69.0000000000 0.1505564104 0.0000000000 32.0900000000
70.0000000000 0.1505564104 0.0000000000 33.0500000000
71.0000000000 0.1505564104 0.0000000000 33.6100000000
72.0000000000 0.1505564104 0.0000000000 31.4000000000
73.0000000000 0.1505564104 0.0000000000 34.0100000000
74.0000000000 0.1505564104 0.0100000000 32.8400000000
75.0000000000 0.1505564104 0.0000000000 33.4000000000
76.0000000000 0.1505564104 0.0000000000 31.3600000000
77.0000000000 0.1505564104 0.0000000000 30.9500000000
78.0000000000 0.1505564104 0.0100000000 32.4500000000
79.0000000000 0.1505564104 0.0000000000 32.4400000000
80.0000000000 0.1505564104 0.0000000000 30.9500000000
81.0000000000 0.1505564104 0.0000000000 32.6400000000
82.0000000000 0.1505564104 0.0000000000 31.9600000000
83.0000000000 0.1505564104 0.0000000000 30.9800000000
84.0000000000 0.1505564104 0.0000000000 32.1900000000
85.0000000000 0.1505564104 0.0200000000 30.8500000000
86.0000000000 0.1505564104 0.0000000000 32.4400000000
87.0000000000 0.1505564104 0.0000000000 32.1800000000
88.0000000000 0.1505564104 0.0000000000 31.4600000000
89.0000000000 0.1505564104 0.0000000000 30.8900000000
90.0000000000 0.1505564104 0.0100000000 31.3200000000
91.0000000000 0.1505564104 0.0000000000 33.0700000000
92.0000000000 0.1505564104 0.0000000000 31.4300000000
93.0000000000 0.1505564104 0.0000000000 32.3400000000
94.0000000000 0.1505564104 0.0000000000 32.6900000000
95.0000000000 0.1505564104 0.0100000000 32.2800000000
96.0000000000 0.1505564104 0.0000000000 33.8800000000
97.0000000000 0.1505564104 0.0000000000 31.9800000000
98.0000000000 0.1505564104 0.0000000000 31.1300000000
99.0000000000 0.1505564104 0.0100000000 31.2400000000
100.0000000000 0.1505564104 0.0100000000 29.4000000000
