0.000000e+00 0.000000e+00 -1.000000e+00 -1.077274e-14 -2.456843e-14 4.118710e-13
0.000000e+00 0.000000e+00 -9.500000e-01 -1.007684e-14 -2.652070e-14 4.875548e-13
0.000000e+00 0.000000e+00 -9.000000e-01 -7.654543e-15 -2.489120e-14 5.348682e-13
0.000000e+00 0.000000e+00 -8.500000e-01 -4.023523e-15 -2.016354e-14 5.314177e-13
0.000000e+00 0.000000e+00 -8.000000e-01 6.302133e-17 -1.461138e-14 4.711492e-13
0.000000e+00 0.000000e+00 -7.500000e-01 4.059162e-15 -1.054326e-14 3.746516e-13
0.000000e+00 0.000000e+00 -7.000000e-01 7.645714e-15 -8.416124e-15 2.793380e-13
0.000000e+00 0.000000e+00 -6.500000e-01 1.074483e-14 -7.424957e-15 2.132301e-13
0.000000e+00 0.000000e+00 -6.000000e-01 1.343974e-14 -6.996627e-15 1.806793e-13
0.000000e+00 0.000000e+00 -5.500000e-01 1.573526e-14 -6.919778e-15 1.729853e-13
0.000000e+00 0.000000e+00 -5.000000e-01 1.754597e-14 -7.033400e-15 1.822299e-13
0.000000e+00 0.000000e+00 -4.500000e-01 1.879332e-14 -7.160748e-15 2.052213e-13
0.000000e+00 0.000000e+00 -4.000000e-01 1.948500e-14 -7.086660e-15 2.431448e-13
0.000000e+00 0.000000e+00 -3.500000e-01 1.982763e-14 -6.395396e-15 3.008700e-13
0.000000e+00 0.000000e+00 -3.000000e-01 2.048312e-14 -3.958769e-15 3.838522e-13
0.000000e+00 0.000000e+00 -2.500000e-01 2.250775e-14 1.693611e-15 4.857441e-13
0.000000e+00 0.000000e+00 -2.000000e-01 2.597715e-14 9.239416e-15 5.701717e-13
0.000000e+00 0.000000e+00 -1.500000e-01 2.866164e-14 1.310331e-14 5.811093e-13
0.000000e+00 0.000000e+00 -1.000000e-01 2.727699e-14 8.038892e-15 4.891923e-13
0.000000e+00 0.000000e+00 -5.000000e-02 2.023368e-14 -6.311991e-15 3.173583e-13
0.000000e+00 0.000000e+00 3.191891e-16 9.083038e-15 -2.551272e-14 1.206599e-13
0.000000e+00 0.000000e+00 5.000000e-02 -2.614605e-15 -4.359483e-14 -4.945665e-14
0.000000e+00 0.000000e+00 1.000000e-01 -1.156958e-14 -5.648594e-14 -1.663544e-13
0.000000e+00 0.000000e+00 1.500000e-01 -1.628434e-14 -6.341811e-14 -2.278436e-13
0.000000e+00 0.000000e+00 2.000000e-01 -1.718944e-14 -6.566119e-14 -2.455226e-13
0.000000e+00 0.000000e+00 2.500000e-01 -1.579970e-14 -6.442096e-14 -2.354133e-13
0.000000e+00 0.000000e+00 3.000000e-01 -1.367194e-14 -6.014815e-14 -2.121054e-13
0.000000e+00 0.000000e+00 3.500000e-01 -1.181167e-14 -5.330973e-14 -1.854601e-13
0.000000e+00 0.000000e+00 4.000000e-01 -1.060114e-14 -4.497519e-14 -1.600395e-13
0.000000e+00 0.000000e+00 4.500000e-01 -9.943662e-15 -3.656486e-14 -1.365848e-13
0.000000e+00 0.000000e+00 5.000000e-01 -9.490625e-15 -2.923562e-14 -1.143566e-13
0.000000e+00 0.000000e+00 5.500000e-01 -8.934422e-15 -2.347402e-14 -9.309189e-14
0.000000e+00 0.000000e+00 6.000000e-01 -8.155569e-15 -1.916446e-14 -7.324010e-14
0.000000e+00 0.000000e+00 6.500000e-01 -7.164447e-15 -1.593732e-14 -5.498776e-14
0.000000e+00 0.000000e+00 7.000000e-01 -6.024229e-15 -1.342724e-14 -3.771174e-14
0.000000e+00 0.000000e+00 7.500000e-01 -4.824595e-15 -1.133592e-14 -2.036608e-14
0.000000e+00 0.000000e+00 8.000000e-01 -3.667923e-15 -9.392790e-15 -2.637142e-15
0.000000e+00 0.000000e+00 8.500000e-01 -2.643739e-15 -7.406980e-15 1.424201e-14
0.000000e+00 0.000000e+00 9.000000e-01 -1.807318e-15 -5.407283e-15 2.827744e-14
0.000000e+00 0.000000e+00 9.500000e-01 -1.175256e-15 -3.599578e-15 3.819174e-14
0.000000e+00 0.000000e+00 1.000000e+00 -7.326772e-16 -2.170959e-15 4.398499e-14
0.000000e+00 0.000000e+00 1.050000e+00 -4.457334e-16 -1.177031e-15 4.651213e-14
0.000000e+00 0.000000e+00 1.100000e+00 -2.743653e-16 -5.616237e-16 4.684882e-14
0.000000e+00 0.000000e+00 1.150000e+00 -1.816247e-16 -2.229171e-16 4.590672e-14
0.000000e+00 0.000000e+00 1.200000e+00 -1.382162e-16 -6.243394e-17 4.431980e-14
0.000000e+00 0.000000e+00 1.250000e+00 -1.232762e-16 -5.229386e-18 4.247510e-14
0.000000e+00 0.000000e+00 1.300000e+00 -1.231448e-16 -1.694769e-18 4.058539e-14
0.000000e+00 0.000000e+00 1.350000e+00 -1.295130e-16 -2.210724e-17 3.875561e-14
0.000000e+00 0.000000e+00 1.400000e+00 -1.376911e-16 -5.013997e-17 3.702983e-14
0.000000e+00 0.000000e+00 1.450000e+00 -1.452695e-16 -7.765550e-17 3.542052e-14
0.000000e+00 0.000000e+00 1.500000e+00 -1.511885e-16 -1.011610e-16 3.392515e-14
0.000000e+00 0.000000e+00 1.550000e+00 -1.551373e-16 -1.196151e-16 3.253507e-14
0.000000e+00 0.000000e+00 1.600000e+00 -1.571878e-16 -1.331597e-16 3.123989e-14
0.000000e+00 0.000000e+00 1.650000e+00 -1.575824e-16 -1.424284e-16 3.002949e-14
0.000000e+00 0.000000e+00 1.700000e+00 -1.566179e-16 -1.481921e-16 2.889479e-14
0.000000e+00 0.000000e+00 1.750000e+00 -1.545860e-16 -1.511921e-16 2.782794e-14
0.000000e+00 0.000000e+00 1.800000e+00 -1.517465e-16 -1.520735e-16 2.682226e-14
0.000000e+00 0.000000e+00 1.850000e+00 -1.483188e-16 -1.513673e-16 2.587208e-14
0.000000e+00 0.000000e+00 1.900000e+00 -1.444811e-16 -1.494967e-16 2.497256e-14
0.000000e+00 0.000000e+00 1.950000e+00 -1.403748e-16 -1.467915e-16 2.411956e-14
