7.276492e-21 3.554495e-20 1.618979e-19 6.577408e-19 2.292030e-18 6.677731e-18 1.608475e-17 3.197453e-17 5.258762e-17 7.179868e-17 8.157746e-17 7.719473e-17 6.077389e-17 3.970121e-17 2.144206e-17 9.543273e-18 3.499830e-18 1.065661e-18 2.751199e-19 6.245056e-20 1.303331e-20
2.998895e-20 1.629279e-19 8.018040e-19 3.391778e-18 1.191639e-17 3.429108e-17 8.079204e-17 1.567747e-16 2.524581e-16 3.396175e-16 3.833433e-16 3.636362e-16 2.894958e-16 1.926405e-16 1.064806e-16 4.852764e-17 1.811424e-17 5.526142e-18 1.389821e-18 2.961609e-19 5.610930e-20
1.128435e-19 6.636797e-19 3.398214e-18 1.443158e-17 4.976374e-17 1.390442e-16 3.171627e-16 5.970786e-16 9.378972e-16 1.240506e-15 1.389896e-15 1.322241e-15 1.066307e-15 7.251217e-16 4.123872e-16 1.941309e-16 7.482938e-17 2.341052e-17 5.933109e-18 1.234643e-18 2.192953e-19
3.727714e-19 2.295078e-18 1.183293e-17 4.930688e-17 1.646854e-16 4.436718e-16 9.760969e-16 1.778563e-15 2.720668e-15 3.533915e-15 3.928322e-15 3.748904e-15 3.065588e-15 2.133817e-15 1.251289e-15 6.103719e-16 2.442931e-16 7.919476e-17 2.061166e-17 4.315019e-18 7.443723e-19
1.042577e-18 6.527781e-18 3.320761e-17 1.343324e-16 4.326261e-16 1.121958e-15 2.378999e-15 4.192470e-15 6.239145e-15 7.950930e-15 8.764313e-15 8.392531e-15 6.964977e-15 4.967578e-15 3.006273e-15 1.520483e-15 6.324873e-16 2.130617e-16 5.737406e-17 1.227893e-17 2.112227e-18
2.400723e-18 1.500064e-17 7.458741e-17 2.920745e-16 9.072531e-16 2.267587e-15 4.638326e-15 7.906425e-15 1.143892e-14 1.428782e-14 1.560871e-14 1.500137e-14 1.264628e-14 9.250025e-15 5.778112e-15 3.027775e-15 1.307151e-15 4.570057e-16 1.274303e-16 2.804463e-17 4.881891e-18
4.454137e-18 2.751262e-17 1.334189e-16 5.065842e-16 1.522340e-15 3.678218e-15 7.274285e-15 1.200637e-14 1.688566e-14 2.065671e-14 2.235272e-14 2.156683e-14 1.848188e-14 1.386941e-14 8.936580e-15 4.842051e-15 2.162839e-15 7.820180e-16 2.251355e-16 5.093961e-17 9.024751e-18
6.500614e-18 3.958432e-17 1.876211e-16 6.937646e-16 2.026947e-15 4.756445e-15 9.129600e-15 1.462835e-14 2.002219e-14 2.399165e-14 2.571085e-14 2.490613e-14 2.169885e-14 1.669435e-14 1.107214e-14 6.181084e-15 2.843331e-15 1.057625e-15 3.127558e-16 7.248129e-17 1.306884e-17
7.134110e-18 4.288939e-17 1.996409e-16 7.233009e-16 2.067823e-15 4.742387e-15 8.885487e-15 1.388769e-14 1.856279e-14 2.182838e-14 2.318222e-14 2.254100e-14 1.993878e-14 1.568283e-14 1.065939e-14 6.096871e-15 2.869897e-15 1.090806e-15 3.291241e-16 7.766660e-17 1.420189e-17
5.154521e-18 3.071793e-17 1.413161e-16 5.053287e-16 1.424538e-15 3.218154e-15 5.931772e-15 9.110244e-15 1.196661e-14 1.387100e-14 1.462764e-14 1.426578e-14 1.276859e-14 1.021012e-14 7.061622e-15 4.105719e-15 1.961389e-15 7.554348e-16 2.306582e-16 5.499787e-17 1.013645e-17
8.238889e-19 4.905013e-18 2.251699e-17 8.030803e-17 2.256348e-16 5.072201e-16 9.277851e-16 1.408967e-15 1.824395e-15 2.085567e-15 2.183522e-15 2.137880e-15 1.938309e-15 1.573452e-15 1.100912e-15 6.437044e-16 3.073456e-16 1.176523e-16 3.552729e-17 8.340418e-18 1.507480e-18
-3.914645e-18 -2.325921e-17 -1.066120e-16 -3.797246e-16 -1.066203e-15 -2.399773e-15 -4.409981e-15 -6.759646e-15 -8.872160e-15 -1.028518e-14 -1.084801e-14 -1.057516e-14 -9.458523e-15 -7.563207e-15 -5.239014e-15 -3.056435e-15 -1.467699e-15 -5.690812e-16 -1.751365e-16 -4.212681e-17 -7.834617e-18
-6.801631e-18 -4.072540e-17 -1.885390e-16 -6.789706e-16 -1.928948e-15 -4.395888e-15 -8.184719e-15 -1.271610e-14 -1.690715e-14 -1.980287e-14 -2.099091e-14 -2.042173e-14 -1.811512e-14 -1.431178e-14 -9.780285e-15 -5.627439e-15 -2.665505e-15 -1.019588e-15 -3.095882e-16 -7.349736e-17 -1.350850e-17
-6.948585e-18 -4.210642e-17 -1.981408e-16 -7.266949e-16 -2.104985e-15 -4.896143e-15 -9.313882e-15 -1.479210e-14 -2.008235e-14 -2.391259e-14 -2.554669e-14 -2.477014e-14 -2.168047e-14 -1.679858e-14 -1.123275e-14 -6.323458e-15 -2.932428e-15 -1.099035e-15 -3.272247e-16 -7.626871e-17 -1.380384e-17
-5.188654e-18 -3.189919e-17 -1.534021e-16 -5.767166e-16 -1.714891e-15 -4.098454e-15 -8.015588e-15 -1.308465e-14 -1.821621e-14 -2.210944e-14 -2.383004e-14 -2.301494e-14 -1.983433e-14 -1.501659e-14 -9.776509e-15 -5.353468e-15 -2.415371e-15 -8.812595e-16 -2.556661e-16 -5.818007e-17 -1.033357e-17
-3.010017e-18 -1.875523e-17 -9.247798e-17 -3.582046e-16 -1.099394e-15 -2.713462e-15 -5.479125e-15 -9.220672e-15 -1.318426e-14 -1.631788e-14 -1.774216e-14 -1.706596e-14 -1.447623e-14 -1.069645e-14 -6.763623e-15 -3.589266e-15 -1.568234e-15 -5.541314e-16 -1.558415e-16 -3.448590e-17 -6.006128e-18
-1.394900e-18 -8.748942e-18 -4.421792e-17 -1.769628e-16 -5.627049e-16 -1.439273e-15 -3.008101e-15 -5.225144e-15 -7.673257e-15 -9.677381e-15 -1.060802e-14 -1.016317e-14 -8.489677e-15 -6.123164e-15 -3.757302e-15 -1.928309e-15 -8.133666e-16 -2.773228e-16 -7.536126e-17 -1.619924e-17 -2.777899e-18
-5.274583e-19 -3.278692e-18 -1.687494e-17 -6.971067e-17 -2.299649e-16 -6.106088e-16 -1.322374e-15 -2.371149e-15 -3.573427e-15 -4.587121e-15 -5.065604e-15 -4.834399e-15 -3.979864e-15 -2.803920e-15 -1.669732e-15 -8.280082e-16 -3.366210e-16 -1.105672e-16 -2.902813e-17 -6.086149e-18 -1.040222e-18
-1.669914e-19 -1.002088e-18 -5.166645e-18 -2.186478e-17 -7.463077e-17 -2.055694e-16 -4.611360e-16 -8.529217e-16 -1.317570e-15 -1.719437e-15 -1.911536e-15 -1.817376e-15 -1.475530e-15 -1.016368e-15 -5.877389e-16 -2.816839e-16 -1.104061e-16 -3.499120e-17 -8.923234e-18 -1.848694e-18 -3.224244e-19
-4.583127e-20 -2.566499e-19 -1.287084e-18 -5.476557e-18 -1.914978e-17 -5.444386e-17 -1.261454e-16 -2.401910e-16 -3.796912e-16 -5.030682e-16 -5.626266e-16 -5.329180e-16 -4.270412e-16 -2.879396e-16 -1.619384e-16 -7.517018e-17 -2.851389e-17 -8.787364e-18 -2.210066e-18 -4.644475e-19 -8.556190e-20
-1.134957e-20 -5.750102e-20 -2.698115e-19 -1.116460e-18 -3.910386e-18 -1.132078e-17 -2.687746e-17 -5.242632e-17 -8.453923e-17 -1.134970e-16 -1.275799e-16 -1.204116e-16 -9.534814e-17 -6.308023e-17 -3.463644e-17 -1.567226e-17 -5.817344e-18 -1.776655e-18 -4.541023e-19 -1.006428e-19 -2.030083e-20
