-7.717977e-21 -3.421467e-20 -1.397074e-19 -5.015806e-19 -1.516170e-18 -3.735206e-18 -7.330566e-18 -1.119994e-17 -1.276292e-17 -9.557580e-18 -1.802488e-18 6.902782e-18 1.217595e-17 1.229804e-17 8.943858e-18 4.984136e-18 2.188652e-18 7.743600e-19 2.273594e-19 5.775770e-20 1.331777e-20
-3.548169e-20 -1.746473e-19 -7.697423e-19 -2.874782e-18 -8.750606e-18 -2.126226e-17 -4.075580e-17 -6.070047e-17 -6.764829e-17 -4.985741e-17 -9.281148e-18 3.596691e-17 6.411424e-17 6.598561e-17 4.914590e-17 2.806738e-17 1.255602e-17 4.454562e-18 1.275017e-18 3.042980e-19 6.378506e-20
-1.505735e-19 -8.017318e-19 -3.674531e-18 -1.376530e-17 -4.107276e-17 -9.675431e-17 -1.792632e-16 -2.586209e-16 -2.807645e-16 -2.031709e-16 -3.726680e-17 1.463698e-16 2.641148e-16 2.779020e-16 2.131397e-16 1.258650e-16 5.820797e-17 2.119914e-17 6.119523e-18 1.426990e-18 2.805860e-19
-5.695695e-19 -3.174145e-18 -1.464171e-17 -5.376557e-17 -1.551746e-16 -3.518609e-16 -6.276031e-16 -8.747332e-16 -9.231962e-16 -6.549681e-16 -1.182223e-16 4.712095e-16 8.616438e-16 9.286400e-16 7.352796e-16 4.505784e-16 2.166877e-16 8.188677e-17 2.430230e-17 5.705257e-18 1.089824e-18
-1.861409e-18 -1.054818e-17 -4.797840e-17 -1.708453e-16 -4.747195e-16 -1.034223e-15 -1.774030e-15 -2.385899e-15 -2.444375e-15 -1.697794e-15 -3.010944e-16 1.219854e-15 2.262904e-15 2.501910e-15 2.047938e-15 1.303772e-15 6.529150e-16 2.568387e-16 7.898072e-17 1.897524e-17 3.616251e-18
-5.145917e-18 -2.909287e-17 -1.292407e-16 -4.449512e-16 -1.190495e-15 -2.494314e-15 -4.116861e-15 -5.340381e-15 -5.304095e-15 -3.601038e-15 -6.262161e-16 2.584135e-15 4.869118e-15 5.530757e-15 4.684077e-15 3.097250e-15 1.613517e-15 6.600871e-16 2.105423e-16 5.208573e-17 1.005362e-17
-1.190764e-17 -6.651947e-17 -2.879494e-16 -9.600468e-16 -2.480790e-15 -5.013252e-15 -7.977110e-15 -9.986008e-15 -9.606880e-15 -6.365452e-15 -1.083084e-15 4.562600e-15 8.742842e-15 1.021452e-14 8.950627e-15 6.137790e-15 3.316901e-15 1.406386e-15 4.639816e-16 1.181829e-16 2.324274e-17
-2.298597e-17 -1.265149e-16 -5.348240e-16 -1.734476e-15 -4.350354e-15 -8.519101e-15 -1.311709e-14 -1.588098e-14 -1.480584e-14 -9.567506e-15 -1.590205e-15 6.850282e-15 1.335805e-14 1.605253e-14 1.453065e-14 1.029965e-14 5.747484e-15 2.512509e-15 8.529528e-16 2.228639e-16 4.466345e-17
-3.702247e-17 -2.010659e-16 -8.341005e-16 -2.647696e-15 -6.488874e-15 -1.239399e-14 -1.857627e-14 -2.185716e-14 -1.981085e-14 -1.250328e-14 -2.030568e-15 8.943756e-15 1.773221e-14 2.186380e-14 2.035725e-14 1.483094e-14 8.490383e-15 3.800422e-15 1.318695e-15 3.513869e-16 7.151786e-17
-4.982355e-17 -2.680757e-16 -1.098360e-15 -3.438213e-15 -8.299293e-15 -1.559025e-14 -2.293833e-14 -2.644479e-14 -2.346987e-14 -1.454250e-14 -2.316946e-15 1.039606e-14 2.088021e-14 2.625009e-14 2.494523e-14 1.852251e-14 1.078688e-14 4.903435e-15 1.725447e-15 4.655750e-16 9.572198e-17
-5.609247e-17 -3.006275e-16 -1.225457e-15 -3.814145e-15 -9.148995e-15 -1.706592e-14 -2.490828e-14 -2.845320e-14 -2.500400e-14 -1.535371e-14 -2.420206e-15 1.097596e-14 2.218027e-14 2.814033e-14 2.699087e-14 2.020903e-14 1.185404e-14 5.422313e-15 1.918535e-15 5.201511e-16 1.073439e-16
-5.285267e-17 -2.838360e-16 -1.159954e-15 -3.620376e-15 -8.710030e-15 -1.629815e-14 -2.386642e-14 -2.735632e-14 -2.411925e-14 -1.484861e-14 -2.341171e-15 1.062378e-14 2.141486e-14 2.708156e-14 2.588656e-14 1.931677e-14 1.129322e-14 5.148876e-15 1.815827e-15 4.907132e-16 1.009669e-16
-4.165810e-17 -2.254514e-16 -9.306532e-16 -2.937309e-15 -7.151938e-15 -1.355658e-14 -2.013212e-14 -2.342652e-14 -2.097105e-14 -1.307771e-14 -2.081546e-15 9.372720e-15 1.870039e-14 2.331049e-14 2.194801e-14 1.614484e-14 9.314100e-15 4.193954e-15 1.461696e-15 3.906674e-16 7.962277e-17
-2.742914e-17 -1.502967e-16 -6.309837e-16 -2.029554e-15 -5.042581e-15 -9.765646e-15 -1.483744e-14 -1.768336e-14 -1.620491e-14 -1.030198e-14 -1.662981e-15 7.401518e-15 1.454535e-14 1.773752e-14 1.630949e-14 1.172336e-14 6.617185e-15 2.918574e-15 9.973897e-16 2.617516e-16 5.254689e-17
-1.506074e-17 -8.377073e-17 -3.596745e-16 -1.186925e-15 -3.030276e-15 -6.036853e-15 -9.443470e-15 -1.158986e-14 -1.091645e-14 -7.091264e-15 -1.161005e-15 5.110663e-15 9.872685e-15 1.173609e-14 1.048566e-14 7.320924e-15 4.016394e-15 1.723344e-15 5.735715e-16 1.469127e-16 2.893597e-17
-6.888834e-18 -3.885430e-17 -1.711804e-16 -5.825257e-16 -1.536496e-15 -3.164329e-15 -5.116444e-15 -6.482471e-15 -6.281355e-15 -4.167588e-15 -6.901005e-16 3.015029e-15 5.724759e-15 6.629150e-15 5.742999e-15 3.880906e-15 2.059884e-15 8.553210e-16 2.757868e-16 6.865685e-17 1.325549e-17
-2.629368e-18 -1.493301e-17 -6.748020e-17 -2.374423e-16 -6.493294e-16 -1.386716e-15 -2.322224e-15 -3.038999e-15 -3.026738e-15 -2.047685e-15 -3.414809e-16 1.488268e-15 2.779377e-15 3.137587e-15 2.634868e-15 1.720468e-15 8.809369e-16 3.527332e-16 1.098317e-16 2.654738e-17 5.045559e-18
-8.440232e-19 -4.751035e-18 -2.187313e-17 -7.948702e-17 -2.256001e-16 -5.002437e-16 -8.680514e-16 -1.172600e-15 -1.198451e-15 -8.250387e-16 -1.378955e-16 6.030299e-16 1.108540e-15 1.221541e-15 9.950269e-16 6.275397e-16 3.095791e-16 1.193643e-16 3.589185e-17 8.459166e-18 1.602471e-18
-2.319483e-19 -1.260386e-18 -5.813928e-18 -2.164953e-17 -6.358051e-17 -1.462115e-16 -2.626468e-16 -3.657033e-16 -3.828174e-16 -2.676242e-16 -4.459881e-17 1.969449e-16 3.565993e-16 3.841051e-16 3.038504e-16 1.852276e-16 8.809734e-17 3.277010e-17 9.568943e-18 2.228264e-18 4.308434e-19
-5.618243e-20 -2.849527e-19 -1.278529e-18 -4.787096e-18 -1.439923e-17 -3.415518e-17 -6.330380e-17 -9.061674e-17 -9.692721e-17 -6.866720e-17 -1.134756e-17 5.093932e-17 9.090035e-17 9.586169e-17 7.379336e-17 4.359383e-17 2.007281e-17 7.260831e-18 2.090845e-18 4.938950e-19 1.008890e-19
-1.242505e-20 -5.706851e-20 -2.396123e-19 -8.724395e-19 -2.627864e-18 -6.342357e-18 -1.202899e-17 -1.760848e-17 -1.917501e-17 -1.372996e-17 -2.237738e-18 1.027700e-17 1.809257e-17 1.873010e-17 1.408995e-17 8.120559e-18 3.660702e-18 1.312415e-18 3.840575e-19 9.567518e-20 2.138924e-20
