1.511922e-23 -9.110067e-23 -1.377205e-21 -1.050525e-20 -5.728551e-20 -2.352803e-19 -7.351115e-19 -1.754313e-18 -3.218396e-18 -4.588653e-18 -5.170624e-18 -4.716616e-18 -3.586776e-18 -2.333091e-18 -1.309680e-18 -6.274973e-19 -2.522502e-19 -8.464603e-20 -2.408729e-20 -6.005051e-21 -1.363310e-21
2.675755e-22 6.807700e-22 -1.398931e-21 -3.088648e-20 -2.169852e-19 -9.934602e-19 -3.278203e-18 -8.077667e-18 -1.518677e-17 -2.221413e-17 -2.583605e-17 -2.451076e-17 -1.948073e-17 -1.322222e-17 -7.681354e-18 -3.764745e-18 -1.526736e-18 -5.068728e-19 -1.387043e-19 -3.212451e-20 -6.564259e-21
2.047266e-21 8.742274e-21 2.429263e-20 -5.171118e-21 -4.911833e-19 -2.990359e-18 -1.097861e-17 -2.851433e-17 -5.548195e-17 -8.371667e-17 -1.008485e-16 -9.974744e-17 -8.302069e-17 -5.895683e-17 -3.562675e-17 -1.802191e-17 -7.480048e-18 -2.512484e-18 -6.822672e-19 -1.521818e-19 -2.888067e-20
1.150325e-20 5.843820e-20 2.252453e-19 5.427974e-19 1.154665e-19 -5.408420e-18 -2.655280e-17 -7.648264e-17 -1.570780e-16 -2.466712e-16 -3.089962e-16 -3.189810e-16 -2.778554e-16 -2.062640e-16 -1.296995e-16 -6.789750e-17 -2.901149e-17 -9.966013e-18 -2.735847e-18 -6.042777e-19 -1.100844e-19
5.039916e-20 2.754968e-19 1.162576e-18 3.502508e-18 6.305838e-18 2.465800e-20 -4.127176e-17 -1.524731e-16 -3.441630e-16 -5.712349e-16 -7.487502e-16 -8.081066e-16 -7.361492e-16 -5.703649e-16 -3.728287e-16 -2.020326e-16 -8.903052e-17 -3.141198e-17 -8.793991e-18 -1.954375e-18 -3.501514e-19
1.735464e-19 9.762567e-19 4.234540e-18 1.359525e-17 3.033648e-17 3.799203e-17 -1.636154e-17 -2.094737e-16 -5.757841e-16 -1.041393e-15 -1.444960e-15 -1.637147e-15 -1.560477e-15 -1.260737e-15 -8.557853e-16 -4.797492e-16 -2.180510e-16 -7.910710e-17 -2.266225e-17 -5.107099e-18 -9.129368e-19
4.719543e-19 2.678740e-18 1.168650e-17 3.832060e-17 9.194608e-17 1.506273e-16 1.234317e-16 -1.320897e-16 -6.983244e-16 -1.480883e-15 -2.227462e-15 -2.673673e-15 -2.674946e-15 -2.254632e-15 -1.588456e-15 -9.204828e-16 -4.311621e-16 -1.607656e-16 -4.715534e-17 -1.080861e-17 -1.942342e-18
1.022111e-18 5.811399e-18 2.534014e-17 8.374806e-17 2.076534e-16 3.762617e-16 4.562814e-16 2.210520e-16 -4.866444e-16 -1.577240e-15 -2.721006e-15 -3.529683e-15 -3.736396e-15 -3.295494e-15 -2.411527e-15 -1.443867e-15 -6.962274e-16 -2.664419e-16 -7.993463e-17 -1.864108e-17 -3.378527e-18
1.780979e-18 1.013505e-17 4.419203e-17 1.468499e-16 3.714033e-16 7.093631e-16 9.926166e-16 9.079140e-16 2.057926e-16 -1.062827e-15 -2.533332e-15 -3.725670e-15 -4.250386e-15 -3.954770e-15 -3.016225e-15 -1.867633e-15 -9.264597e-16 -3.633084e-16 -1.112676e-16 -2.636457e-17 -4.822148e-18
2.522079e-18 1.439809e-17 6.300902e-17 2.109949e-16 5.426277e-16 1.073310e-15 1.620369e-15 1.805256e-15 1.291798e-15 6.685403e-17 -1.527341e-15 -2.989136e-15 -3.855891e-15 -3.863953e-15 -3.102651e-15 -1.996076e-15 -1.020018e-15 -4.095665e-16 -1.278038e-16 -3.070441e-17 -5.661998e-18
2.928501e-18 1.683262e-17 7.430276e-17 2.518005e-16 6.591692e-16 1.341495e-15 2.129264e-15 2.623197e-15 2.436106e-15 1.488126e-15 4.622621e-17 -1.455519e-15 -2.568406e-15 -2.953741e-15 -2.571347e-15 -1.744312e-15 -9.246168e-16 -3.810075e-16 -1.210775e-16 -2.943994e-17 -5.464695e-18
2.809433e-18 1.632104e-17 7.305444e-17 2.517510e-16 6.726124e-16 1.405753e-15 2.319739e-15 3.050630e-15 3.219036e-15 2.700819e-15 1.654589e-15 3.691507e-16 -8.100912e-16 -1.526787e-15 -1.604488e-15 -1.202401e-15 -6.760415e-16 -2.888392e-16 -9.381833e-17 -2.308959e-17 -4.309333e-18
2.242160e-18 1.320507e-17 6.021874e-17 2.119656e-16 5.796247e-16 1.243937e-15 2.123225e-15 2.935149e-15 3.367274e-15 3.287454e-15 2.743408e-15 1.845806e-15 7.865204e-16 -1.137303e-16 -5.751071e-16 -5.876831e-16 -3.779885e-16 -1.730140e-16 -5.826605e-17 -1.458956e-17 -2.740675e-18
1.498413e-18 8.958123e-18 4.176165e-17 1.506629e-16 4.226031e-16 9.314698e-16 1.640038e-15 2.365244e-15 2.894481e-15 3.119797e-15 3.007430e-15 2.518993e-15 1.703103e-15 8.117294e-16 1.634703e-16 -1.156967e-16 -1.373168e-16 -7.607241e-17 -2.780811e-17 -7.215707e-18 -1.373895e-18
8.433478e-19 5.111257e-18 2.439448e-17 9.037365e-17 2.603011e-16 5.890282e-16 1.067496e-15 1.598502e-15 2.065283e-15 2.398788e-15 2.530361e-15 2.345734e-15 1.806072e-15 1.084969e-15 4.681622e-16 1.176036e-16 -4.674959e-18 -1.900765e-17 -9.200250e-18 -2.632673e-18 -5.203754e-19
4.013454e-19 2.454071e-18 1.197859e-17 4.557577e-17 1.347642e-16 3.126881e-16 5.818134e-16 9.008575e-16 1.219932e-15 1.505117e-15 1.692803e-15 1.666110e-15 1.361497e-15 8.829705e-16 4.364031e-16 1.557921e-16 3.564834e-17 2.790362e-18 -1.305994e-18 -5.954468e-19 -1.343470e-19
1.618432e-19 9.890762e-19 4.916571e-18 1.917687e-17 5.812705e-17 1.379911e-16 2.627553e-16 4.188002e-16 5.907046e-16 7.665158e-16 9.056010e-16 9.276886e-16 7.829039e-16 5.244315e-16 2.713725e-16 1.056894e-16 2.989947e-17 5.753243e-18 6.266684e-19 -1.069787e-21 -1.400097e-20
5.546296e-20 3.334626e-19 1.673039e-18 6.660057e-18 2.063561e-17 4.997159e-17 9.698637e-17 1.583270e-16 2.312384e-16 3.133416e-16 3.854011e-16 4.065637e-16 3.497135e-16 2.374781e-16 1.247542e-16 4.991590e-17 1.498826e-17 3.331241e-18 5.452010e-19 6.724800e-20 6.504961e-21
1.629736e-20 9.410493e-20 4.687055e-19 1.887323e-18 5.947806e-18 1.463318e-17 2.881036e-17 4.790189e-17 7.205372e-17 1.014597e-16 1.292608e-16 1.396353e-16 1.216016e-16 8.295776e-17 4.365129e-17 1.755172e-17 5.368085e-18 1.254200e-18 2.293290e-19 3.460494e-20 4.534556e-21
4.186988e-21 2.250302e-20 1.082355e-19 4.332923e-19 1.375776e-18 3.417853e-18 6.787188e-18 1.142408e-17 1.761235e-17 2.569538e-17 3.382926e-17 3.732615e-17 3.280553e-17 2.239191e-17 1.173710e-17 4.707048e-18 1.449978e-18 3.490581e-19 6.823701e-20 1.144094e-20 1.712956e-21
9.683552e-22 4.696654e-21 2.100859e-20 8.112397e-20 2.547658e-19 6.323109e-19 1.256964e-18 2.127892e-18 3.347362e-18 5.050144e-18 6.862941e-18 7.725354e-18 6.845229e-18 4.671994e-18 2.440722e-18 9.789749e-19 3.057195e-19 7.660401e-20 1.614203e-20 3.005034e-21 5.132037e-22
