Iteration# z ADDATime OurCalcTime
1.0000000000 -0.0500000000 0.0000000000 67.0500000000
2.0000000000 0.0000000000 0.0000000000 48.1500000000
3.0000000000 0.0500000000 0.0000000000 52.9600000000
4.0000000000 0.0250000000 0.0000000000 68.3400000000
5.0000000000 0.0500000000 0.0000000000 51.9200000000
6.0000000000 0.0375000000 0.0100000000 79.7700000000
7.0000000000 0.0500000000 0.0100000000 59.3000000000
8.0000000000 0.0437500000 0.0000000000 65.5300000000
9.0000000000 0.0406250000 0.0000000000 79.2600000000
10.0000000000 0.0390625000 0.0000000000 57.8800000000
11.0000000000 0.0406250000 0.0000000000 82.1600000000
12.0000000000 0.0398437500 0.0000000000 48.5700000000
13.0000000000 0.0394531250 0.0000000000 62.0200000000
14.0000000000 0.0398437500 0.0000000000 58.8500000000
15.0000000000 0.0396484375 0.0000000000 55.6700000000
16.0000000000 0.0395507813 0.0000000000 61.0400000000
1.0000000000 0.0395019531 0.0100000000 65.0900000000
2.0000000000 0.0395507812 0.0100000000 67.0600000000
3.0000000000 0.0395996094 0.0000000000 64.4100000000
4.0000000000 0.0396484375 0.0000000000 68.6100000000
5.0000000000 0.0396972656 0.0000000000 49.5200000000
6.0000000000 0.0397460937 0.0000000000 69.9800000000
7.0000000000 0.0397949219 0.0000000000 52.2900000000
8.0000000000 0.0398437500 0.0000000000 49.8100000000
9.0000000000 0.0398925781 0.0000000000 49.4000000000
10.0000000000 0.0399414062 0.0000000000 83.8400000000
11.0000000000 0.0399902344 0.0000000000 75.4300000000
12.0000000000 0.0400390625 0.0100000000 68.1900000000
13.0000000000 0.0400878906 0.0000000000 78.8800000000
14.0000000000 0.0401367187 0.0000000000 72.8100000000
15.0000000000 0.0401855469 0.0000000000 58.7900000000
16.0000000000 0.0402343750 0.0100000000 61.6400000000
17.0000000000 0.0402832031 0.0000000000 48.5600000000
18.0000000000 0.0403320312 0.0000000000 48.2100000000
19.0000000000 0.0403808594 0.0000000000 48.3700000000
20.0000000000 0.0404296875 0.0000000000 47.7500000000
21.0000000000 0.0404785156 0.0000000000 47.0600000000
22.0000000000 0.0405273437 0.0000000000 49.0900000000
23.0000000000 0.0405761719 0.0000000000 48.2900000000
24.0000000000 0.0406250000 0.0000000000 47.2200000000
25.0000000000 0.0406738281 0.0000000000 47.3300000000
26.0000000000 0.0407226562 0.0000000000 48.9800000000
27.0000000000 0.0407714844 0.0000000000 47.5900000000
28.0000000000 0.0408203125 0.0000000000 47.2300000000
29.0000000000 0.0408691406 0.0000000000 47.1800000000
30.0000000000 0.0409179687 0.0000000000 47.0000000000
31.0000000000 0.0409667969 0.0000000000 47.2900000000
32.0000000000 0.0410156250 0.0100000000 48.8600000000
33.0000000000 0.0410644531 0.0000000000 48.0100000000
34.0000000000 0.0411132812 0.0000000000 48.5400000000
35.0000000000 0.0411621094 0.0000000000 50.1300000000
36.0000000000 0.0412109375 0.0000000000 47.7000000000
37.0000000000 0.0412597656 0.0000000000 49.0700000000
38.0000000000 0.0413085937 0.0000000000 50.4300000000
39.0000000000 0.0413574219 0.0000000000 50.2100000000
40.0000000000 0.0413330078 0.0000000000 50.6400000000
1.0000000000 0.0413574219 0.0000000000 51.0200000000
2.0000000000 0.0413818359 0.0000000000 47.1900000000
3.0000000000 0.0414062500 0.0000000000 47.4600000000
4.0000000000 0.0414306641 0.0000000000 48.5400000000
5.0000000000 0.0414550781 0.0100000000 48.1800000000
6.0000000000 0.0414794922 0.0000000000 47.9000000000
7.0000000000 0.0415039062 0.0100000000 48.7500000000
8.0000000000 0.0415283203 0.0000000000 50.1100000000
9.0000000000 0.0415527344 0.0000000000 48.2300000000
10.0000000000 0.0415771484 0.0100000000 46.6700000000
11.0000000000 0.0416015625 0.0000000000 47.3700000000
12.0000000000 0.0416259766 0.0000000000 48.2400000000
13.0000000000 0.0416503906 0.0000000000 47.1500000000
14.0000000000 0.0416748047 0.0000000000 47.4400000000
15.0000000000 0.0416992187 0.0000000000 48.9000000000
16.0000000000 0.0417236328 0.0000000000 48.3000000000
17.0000000000 0.0417480469 0.0000000000 46.6900000000
18.0000000000 0.0417724609 0.0000000000 47.4500000000
19.0000000000 0.0417968750 0.0000000000 48.1000000000
20.0000000000 0.0418212891 0.0100000000 47.9300000000
21.0000000000 0.0418457031 0.0000000000 47.3700000000
22.0000000000 0.0418701172 0.0000000000 47.3900000000
23.0000000000 0.0418945312 0.0000000000 47.6800000000
24.0000000000 0.0419189453 0.0000000000 47.4900000000
25.0000000000 0.0419433594 0.0000000000 50.0300000000
26.0000000000 0.0419677734 0.0000000000 49.6600000000
27.0000000000 0.0419921875 0.0000000000 49.4800000000
28.0000000000 0.0420166016 0.0000000000 47.3600000000
29.0000000000 0.0420410156 0.0000000000 49.7000000000
30.0000000000 0.0420654297 0.0000000000 48.5000000000
31.0000000000 0.0420898437 0.0000000000 48.4400000000
32.0000000000 0.0421142578 0.0000000000 49.3900000000
33.0000000000 0.0421386719 0.0000000000 46.9200000000
34.0000000000 0.0421630859 0.0000000000 48.6500000000
35.0000000000 0.0421875000 0.0100000000 47.1800000000
36.0000000000 0.0422119141 0.0000000000 49.3800000000
37.0000000000 0.0422363281 0.0000000000 47.6800000000
38.0000000000 0.0422607422 0.0000000000 47.2300000000
39.0000000000 0.0422851562 0.0000000000 47.7300000000
40.0000000000 0.0423095703 0.0000000000 47.6600000000
41.0000000000 0.0423339844 0.0000000000 47.2400000000
42.0000000000 0.0423583984 0.0000000000 50.1700000000
43.0000000000 0.0423828125 0.0000000000 47.9300000000
44.0000000000 0.0424072266 0.0000000000 47.6500000000
45.0000000000 0.0424316406 0.0000000000 47.5500000000
46.0000000000 0.0424560547 0.0000000000 48.1000000000
47.0000000000 0.0424804687 0.0000000000 48.1800000000
48.0000000000 0.0425048828 0.0000000000 49.3400000000
49.0000000000 0.0425292969 0.0100000000 48.6500000000
50.0000000000 0.0425537109 0.0000000000 47.2800000000
51.0000000000 0.0425781250 0.0000000000 47.2800000000
52.0000000000 0.0426025391 0.0000000000 47.8500000000
53.0000000000 0.0426269531 0.0000000000 47.0300000000
54.0000000000 0.0426513672 0.0000000000 48.2500000000
55.0000000000 0.0426757812 0.0000000000 47.8700000000
56.0000000000 0.0427001953 0.0000000000 49.1600000000
57.0000000000 0.0427246094 0.0000000000 50.2600000000
58.0000000000 0.0427490234 0.0000000000 49.6900000000
59.0000000000 0.0427734375 0.0000000000 47.6900000000
60.0000000000 0.0427978516 0.0000000000 47.2600000000
61.0000000000 0.0428222656 0.0000000000 47.3700000000
62.0000000000 0.0428466797 0.0000000000 48.2000000000
63.0000000000 0.0428710937 0.0100000000 48.4100000000
64.0000000000 0.0428955078 0.0100000000 47.5100000000
65.0000000000 0.0429199219 0.0000000000 49.4500000000
66.0000000000 0.0429443359 0.0000000000 47.1500000000
67.0000000000 0.0429687500 0.0000000000 47.9200000000
68.0000000000 0.0429931641 0.0100000000 49.4500000000
69.0000000000 0.0430175781 0.0000000000 47.1700000000
70.0000000000 0.0430419922 0.0000000000 48.4300000000
71.0000000000 0.0430664062 0.0000000000 49.0200000000
72.0000000000 0.0430908203 0.0000000000 47.4800000000
73.0000000000 0.0431152344 0.0000000000 47.8300000000
74.0000000000 0.0431396484 0.0000000000 47.2200000000
1.0000000000 0.0431640625 0.0100000000 47.3900000000
2.0000000000 0.0431884766 0.0000000000 47.7500000000
3.0000000000 0.0432128906 0.0000000000 50.0400000000
4.0000000000 0.0432373047 0.0000000000 48.6700000000
5.0000000000 0.0432617187 0.0000000000 48.2900000000
6.0000000000 0.0432861328 0.0000000000 49.6700000000
7.0000000000 0.0433105469 0.0000000000 48.2200000000
8.0000000000 0.0433349609 0.0000000000 47.7200000000
9.0000000000 0.0433593750 0.0000000000 47.5200000000
10.0000000000 0.0433837891 0.0000000000 48.8800000000
11.0000000000 0.0434082031 0.0000000000 50.2700000000
12.0000000000 0.0434326172 0.0000000000 49.2300000000
13.0000000000 0.0434570312 0.0000000000 49.4100000000
14.0000000000 0.0434814453 0.0000000000 48.3100000000
15.0000000000 0.0435058594 0.0000000000 48.8500000000
16.0000000000 0.0435302734 0.0000000000 47.7400000000
17.0000000000 0.0435546875 0.0000000000 47.9100000000
18.0000000000 0.0435791016 0.0000000000 48.9700000000
19.0000000000 0.0436035156 0.0100000000 48.7300000000
20.0000000000 0.0436279297 0.0100000000 49.1000000000
21.0000000000 0.0436523437 0.0100000000 48.6400000000
22.0000000000 0.0436767578 0.0100000000 47.9200000000
23.0000000000 0.0437011719 0.0000000000 47.3300000000
24.0000000000 0.0437255859 0.0000000000 47.7900000000
25.0000000000 0.0437500000 0.0000000000 50.0600000000
26.0000000000 0.0437744141 0.0100000000 50.4400000000
27.0000000000 0.0437988281 0.0000000000 46.2100000000
28.0000000000 0.0438232422 0.0000000000 42.6300000000
29.0000000000 0.0438476562 0.0000000000 42.0700000000
30.0000000000 0.0438720703 0.0000000000 42.2700000000
31.0000000000 0.0438964844 0.0000000000 42.5900000000
32.0000000000 0.0439208984 0.0000000000 41.6000000000
33.0000000000 0.0439453125 0.0000000000 41.8400000000
34.0000000000 0.0439697266 0.0000000000 42.7000000000
35.0000000000 0.0439941406 0.0000000000 42.4500000000
36.0000000000 0.0440185547 0.0000000000 42.3800000000
37.0000000000 0.0440429687 0.0000000000 41.9700000000
38.0000000000 0.0440673828 0.0000000000 42.1800000000
39.0000000000 0.0440917969 0.0000000000 42.0600000000
40.0000000000 0.0441162109 0.0000000000 41.3100000000
41.0000000000 0.0441406250 0.0000000000 42.1500000000
42.0000000000 0.0441650391 0.0000000000 42.0800000000
43.0000000000 0.0441894531 0.0000000000 42.2700000000
44.0000000000 0.0442138672 0.0000000000 42.0700000000
45.0000000000 0.0442382812 0.0100000000 42.6200000000
46.0000000000 0.0442626953 0.0000000000 42.5400000000
47.0000000000 0.0442871094 0.0000000000 41.9400000000
48.0000000000 0.0443115234 0.0100000000 41.8700000000
49.0000000000 0.0443359375 0.0000000000 42.4700000000
50.0000000000 0.0443603516 0.0000000000 41.8300000000
51.0000000000 0.0443847656 0.0000000000 41.6400000000
52.0000000000 0.0444091797 0.0000000000 41.9500000000
53.0000000000 0.0444335937 0.0000000000 42.1900000000
54.0000000000 0.0444580078 0.0100000000 41.4700000000
55.0000000000 0.0444824219 0.0100000000 41.8700000000
56.0000000000 0.0445068359 0.0000000000 41.6300000000
57.0000000000 0.0445312500 0.0000000000 41.8200000000
58.0000000000 0.0445556641 0.0000000000 42.3100000000
59.0000000000 0.0445800781 0.0000000000 42.0800000000
60.0000000000 0.0446044922 0.0000000000 42.4800000000
61.0000000000 0.0446289062 0.0000000000 42.0900000000
62.0000000000 0.0446533203 0.0000000000 42.1500000000
63.0000000000 0.0446777344 0.0000000000 41.2900000000
64.0000000000 0.0447021484 0.0000000000 41.7800000000
65.0000000000 0.0447265625 0.0100000000 41.9200000000
66.0000000000 0.0447509766 0.0000000000 42.3000000000
67.0000000000 0.0447753906 0.0000000000 41.6500000000
68.0000000000 0.0447998047 0.0000000000 42.0200000000
69.0000000000 0.0448242187 0.0000000000 42.1900000000
70.0000000000 0.0448486328 0.0000000000 41.9600000000
71.0000000000 0.0448730469 0.0000000000 42.3300000000
72.0000000000 0.0448974609 0.0000000000 41.4900000000
73.0000000000 0.0449218750 0.0000000000 41.9100000000
74.0000000000 0.0449462891 0.0000000000 43.2000000000
75.0000000000 0.0449707031 0.0000000000 41.6400000000
76.0000000000 0.0449584961 0.0000000000 42.1500000000
