-9.188880e-28 -1.583375e-26 -1.505369e-25 -8.595772e-25 -3.184294e-24 -7.858383e-24 -1.239114e-23 -9.256942e-24 8.593864e-24 3.695829e-23 5.894237e-23 5.987425e-23 4.190559e-23 1.984314e-23 5.451604e-24 5.004217e-26 -6.879777e-25 -3.291285e-25 -8.534182e-26 -1.396731e-26 -1.607374e-27
-7.157532e-27 -1.094008e-25 -8.762868e-25 -4.365356e-24 -1.450996e-23 -3.269797e-23 -4.726688e-23 -3.035998e-23 3.892172e-23 1.390340e-22 2.083062e-22 2.000178e-22 1.285990e-22 4.939736e-23 2.670698e-24 -1.023720e-23 -7.553030e-24 -3.108235e-24 -8.593043e-25 -1.660835e-25 -2.255451e-26
-3.736123e-26 -5.203454e-25 -3.733367e-24 -1.692378e-23 -5.194525e-23 -1.093421e-22 -1.487871e-22 -8.940686e-23 1.158514e-22 3.884551e-22 5.513458e-22 4.903320e-22 2.678552e-22 4.823019e-23 -6.198345e-23 -7.190478e-23 -4.290584e-23 -1.746813e-23 -5.187015e-24 -1.142441e-24 -1.847283e-25
-9.485543e-26 -1.629358e-24 -1.155291e-23 -5.024650e-23 -1.475069e-22 -2.984704e-22 -3.958802e-22 -2.498788e-22 2.232612e-22 8.087005e-22 1.098383e-21 8.732761e-22 3.262048e-22 -1.510635e-22 -3.364259e-22 -2.847343e-22 -1.600063e-22 -6.627602e-23 -2.098020e-23 -5.116371e-24 -9.461379e-25
1.071589e-25 -2.803883e-24 -2.465361e-23 -1.115174e-22 -3.275747e-22 -6.585018e-22 -8.805145e-22 -6.257285e-22 2.316422e-22 1.238253e-21 1.629317e-21 1.069104e-21 3.955774e-24 -8.123240e-22 -1.013170e-21 -7.675149e-22 -4.220714e-22 -1.787362e-22 -5.975475e-23 -1.581507e-23 -3.246513e-24
1.911173e-24 9.652371e-25 -2.918769e-23 -1.716448e-22 -5.457815e-22 -1.137719e-21 -1.580698e-21 -1.281177e-21 -6.230235e-23 1.329821e-21 1.724092e-21 7.036820e-22 -9.348201e-22 -2.021883e-21 -2.085358e-21 -1.487476e-21 -8.068418e-22 -3.475929e-22 -1.214546e-22 -3.438731e-23 -7.686566e-24
8.357831e-24 2.200518e-23 1.387293e-23 -1.327676e-22 -6.084531e-22 -1.440376e-21 -2.167904e-21 -1.997641e-21 -6.750804e-22 8.493245e-22 1.118425e-21 -2.875007e-22 -2.255789e-21 -3.334798e-21 -3.078279e-21 -2.079838e-21 -1.098978e-21 -4.734064e-22 -1.703313e-22 -5.105387e-23 -1.231801e-23
2.265309e-23 7.414844e-23 1.524499e-22 1.372281e-22 -2.293341e-22 -1.085324e-21 -2.025699e-21 -2.189723e-21 -1.205916e-21 2.729294e-23 6.745559e-23 -1.420125e-21 -3.211604e-21 -3.890289e-21 -3.217795e-21 -1.980088e-21 -9.579943e-22 -3.859276e-22 -1.367618e-22 -4.312288e-23 -1.144963e-23
4.359589e-23 1.547566e-22 3.879021e-22 6.685333e-22 7.037383e-22 1.814678e-22 -7.429059e-22 -1.342149e-21 -1.105858e-21 -5.704401e-22 -8.195390e-22 -2.052098e-21 -3.204817e-21 -3.216251e-21 -2.175230e-21 -9.696982e-22 -2.396670e-22 3.481716e-24 2.516134e-23 8.045449e-24 5.921806e-25
6.233822e-23 2.312372e-22 6.292742e-22 1.264343e-21 1.856253e-21 1.914743e-21 1.234950e-21 2.633118e-22 -3.655181e-22 -6.617556e-22 -1.193481e-21 -2.060427e-21 -2.518827e-21 -1.936215e-21 -6.668666e-22 3.782818e-22 7.156627e-22 5.430308e-22 2.654231e-22 9.085413e-23 2.215097e-23
6.694696e-23 2.568386e-22 7.335124e-22 1.577159e-21 2.553920e-21 3.072466e-21 2.644083e-21 1.463852e-21 2.583331e-22 -5.626616e-22 -1.229524e-21 -1.892831e-21 -2.083243e-21 -1.334340e-21 -5.686255e-25 1.025032e-21 1.248405e-21 8.957935e-22 4.462467e-22 1.608541e-22 4.216729e-23
5.296712e-23 2.105110e-22 6.234706e-22 1.388338e-21 2.317469e-21 2.842816e-21 2.428239e-21 1.220214e-21 1.137790e-23 -6.817236e-22 -1.169298e-21 -1.862186e-21 -2.392801e-21 -2.041604e-21 -8.264793e-22 4.112048e-22 9.551848e-22 8.221146e-22 4.533694e-22 1.754874e-22 4.860311e-23
2.851506e-23 1.190408e-22 3.640746e-22 8.156525e-22 1.310711e-21 1.410082e-21 7.734475e-22 -2.820849e-22 -9.321512e-22 -8.749895e-22 -8.628401e-22 -1.690642e-21 -2.937600e-21 -3.369359e-21 -2.474550e-21 -9.905311e-22 7.371667e-23 4.011486e-22 2.992845e-22 1.321773e-22 3.926716e-23
7.151604e-24 3.380210e-23 1.058676e-22 2.092347e-22 1.921561e-22 -2.148390e-22 -1.057371e-21 -1.786186e-21 -1.621473e-21 -6.273073e-22 -4.690458e-23 -9.727392e-22 -2.876991e-21 -4.087984e-21 -3.651075e-21 -2.151751e-21 -7.611058e-22 -5.881341e-23 1.022934e-22 6.676142e-23 2.266539e-23
-3.445952e-24 -1.211834e-23 -4.196839e-23 -1.497083e-22 -4.671302e-22 -1.117005e-21 -1.922796e-21 -2.227854e-21 -1.401434e-21 1.880395e-22 1.078264e-21 1.430058e-22 -2.023047e-21 -3.650710e-21 -3.641231e-21 -2.421037e-21 -1.094174e-21 -3.064522e-22 -2.740909e-23 1.723653e-23 8.888830e-24
-4.919002e-24 -2.101101e-23 -7.456951e-23 -2.260054e-22 -5.704342e-22 -1.138138e-21 -1.680216e-21 -1.618839e-21 -5.407945e-22 1.065640e-21 1.889086e-21 1.034415e-21 -9.251968e-22 -2.486799e-21 -2.717437e-21 -1.914952e-21 -9.366896e-22 -3.138086e-22 -6.448182e-23 -4.043714e-24 1.880910e-24
-2.866133e-24 -1.344405e-23 -5.048218e-23 -1.545108e-22 -3.789221e-22 -7.134085e-22 -9.524684e-22 -7.064779e-22 2.322915e-22 1.431526e-21 1.962468e-21 1.272195e-21 -1.735303e-22 -1.332820e-21 -1.592383e-21 -1.156571e-21 -5.802620e-22 -2.042562e-22 -4.840215e-23 -6.652558e-24 -1.624283e-25
-1.040409e-24 -5.390330e-24 -2.175291e-23 -6.912673e-23 -1.695526e-22 -3.048535e-22 -3.513181e-22 -1.036535e-22 5.114738e-22 1.203658e-21 1.445180e-21 9.722942e-22 9.902542e-23 -5.820919e-22 -7.553577e-22 -5.532003e-22 -2.758340e-22 -9.673612e-23 -2.338194e-23 -3.609310e-24 -2.771127e-25
-2.464409e-25 -1.442789e-24 -6.372225e-24 -2.129508e-23 -5.227394e-23 -8.647672e-23 -6.631176e-23 9.354941e-23 4.067668e-22 7.204087e-22 7.927424e-22 5.285729e-22 1.002147e-22 -2.169858e-22 -2.966091e-22 -2.137072e-22 -1.031228e-22 -3.476225e-23 -8.075763e-24 -1.218929e-24 -1.025698e-25
-3.668122e-26 -2.514455e-25 -1.245252e-24 -4.401963e-24 -1.049684e-23 -1.340669e-23 8.004336e-24 8.189769e-23 2.064444e-22 3.183388e-22 3.285374e-22 2.119973e-22 4.404375e-23 -7.194638e-23 -9.742958e-23 -6.717213e-23 -3.058742e-23 -9.608884e-24 -2.051289e-24 -2.801301e-25 -2.133484e-26
-3.148700e-27 -2.595675e-26 -1.488099e-25 -5.492429e-25 -1.092108e-24 3.307393e-25 9.831059e-24 3.484389e-23 7.317480e-23 1.044834e-22 1.026324e-22 6.314344e-23 1.163727e-23 -2.109478e-23 -2.646431e-23 -1.702083e-23 -7.150530e-24 -2.035168e-24 -3.833685e-25 -4.455025e-26 -2.867512e-27
