-2.500000e+00 -2.500000e+00 0.000000e+00 6.529053e-21 6.190059e-21 0.000000e+00
-2.500000e+00 -2.250000e+00 0.000000e+00 2.825815e-20 2.397881e-20 0.000000e+00
-2.500000e+00 -2.000000e+00 0.000000e+00 1.137459e-19 8.543665e-20 0.000000e+00
-2.500000e+00 -1.750000e+00 0.000000e+00 4.156307e-19 2.723443e-19 0.000000e+00
-2.500000e+00 -1.500000e+00 0.000000e+00 1.342649e-18 7.524220e-19 0.000000e+00
-2.500000e+00 -1.250000e+00 0.000000e+00 3.745514e-18 1.747261e-18 0.000000e+00
-2.500000e+00 -1.000000e+00 0.000000e+00 8.865710e-18 3.313503e-18 0.000000e+00
-2.500000e+00 -7.500000e-01 0.000000e+00 1.759956e-17 4.968626e-18 0.000000e+00
-2.500000e+00 -5.000000e-01 0.000000e+00 2.909379e-17 5.591571e-18 0.000000e+00
-2.500000e+00 -2.500000e-01 0.000000e+00 3.989123e-17 4.113905e-18 0.000000e+00
-2.500000e+00 0.000000e+00 0.000000e+00 4.527370e-17 6.643406e-19 0.000000e+00
-2.500000e+00 2.500000e-01 0.000000e+00 4.249552e-17 -3.134285e-18 0.000000e+00
-2.500000e+00 5.000000e-01 0.000000e+00 3.299201e-17 -5.369544e-18 0.000000e+00
-2.500000e+00 7.500000e-01 0.000000e+00 2.121055e-17 -5.361885e-18 0.000000e+00
-2.500000e+00 1.000000e+00 0.000000e+00 1.132471e-17 -3.897408e-18 0.000000e+00
-2.500000e+00 1.250000e+00 0.000000e+00 5.050145e-18 -2.206252e-18 0.000000e+00
-2.500000e+00 1.500000e+00 0.000000e+00 1.899850e-18 -1.008405e-18 0.000000e+00
-2.500000e+00 1.750000e+00 0.000000e+00 6.125955e-19 -3.832558e-19 0.000000e+00
-2.500000e+00 2.000000e+00 0.000000e+00 1.731249e-19 -1.248887e-19 0.000000e+00
-2.500000e+00 2.250000e+00 0.000000e+00 4.403296e-20 -3.604890e-20 0.000000e+00
-2.500000e+00 2.500000e+00 0.000000e+00 1.034183e-20 -9.499432e-21 0.000000e+00
-2.250000e+00 -2.500000e+00 0.000000e+00 2.700829e-20 2.819565e-20 0.000000e+00
-2.250000e+00 -2.250000e+00 0.000000e+00 1.303357e-19 1.219727e-19 0.000000e+00
-2.250000e+00 -2.000000e+00 0.000000e+00 5.798546e-19 4.809885e-19 0.000000e+00
-2.250000e+00 -1.750000e+00 0.000000e+00 2.300568e-18 1.665764e-18 0.000000e+00
-2.250000e+00 -1.500000e+00 0.000000e+00 7.890054e-18 4.886953e-18 0.000000e+00
-2.250000e+00 -1.250000e+00 0.000000e+00 2.287455e-17 1.179617e-17 0.000000e+00
-2.250000e+00 -1.000000e+00 0.000000e+00 5.533897e-17 2.286930e-17 0.000000e+00
-2.250000e+00 -7.500000e-01 0.000000e+00 1.110179e-16 3.466423e-17 0.000000e+00
-2.250000e+00 -5.000000e-01 0.000000e+00 1.842490e-16 3.917289e-17 0.000000e+00
-2.250000e+00 -2.500000e-01 0.000000e+00 2.528506e-16 2.885330e-17 0.000000e+00
-2.250000e+00 0.000000e+00 0.000000e+00 2.869749e-16 4.669699e-18 0.000000e+00
-2.250000e+00 2.500000e-01 0.000000e+00 2.693829e-16 -2.196491e-17 0.000000e+00
-2.250000e+00 5.000000e-01 0.000000e+00 2.090768e-16 -3.762433e-17 0.000000e+00
-2.250000e+00 7.500000e-01 0.000000e+00 1.340967e-16 -3.747729e-17 0.000000e+00
-2.250000e+00 1.000000e+00 0.000000e+00 7.106062e-17 -2.703079e-17 0.000000e+00
-2.250000e+00 1.250000e+00 0.000000e+00 3.115273e-17 -1.503853e-17 0.000000e+00
-2.250000e+00 1.500000e+00 0.000000e+00 1.134967e-17 -6.655297e-18 0.000000e+00
-2.250000e+00 1.750000e+00 0.000000e+00 3.472329e-18 -2.399788e-18 0.000000e+00
-2.250000e+00 2.000000e+00 0.000000e+00 9.096323e-19 -7.247314e-19 0.000000e+00
-2.250000e+00 2.250000e+00 0.000000e+00 2.101303e-19 -1.898356e-19 0.000000e+00
-2.250000e+00 2.500000e+00 0.000000e+00 4.428324e-20 -4.482677e-20 0.000000e+00
-2.000000e+00 -2.500000e+00 0.000000e+00 1.042453e-19 1.213351e-19 0.000000e+00
-2.000000e+00 -2.250000e+00 0.000000e+00 5.553527e-19 5.802084e-19 0.000000e+00
-2.000000e+00 -2.000000e+00 0.000000e+00 2.677625e-18 2.481418e-18 0.000000e+00
-2.000000e+00 -1.750000e+00 0.000000e+00 1.121114e-17 9.073452e-18 0.000000e+00
-2.000000e+00 -1.500000e+00 0.000000e+00 3.956580e-17 2.740426e-17 0.000000e+00
-2.000000e+00 -1.250000e+00 0.000000e+00 1.158682e-16 6.684059e-17 0.000000e+00
-2.000000e+00 -1.000000e+00 0.000000e+00 2.799406e-16 1.294288e-16 0.000000e+00
-2.000000e+00 -7.500000e-01 0.000000e+00 5.577370e-16 1.948183e-16 0.000000e+00
-2.000000e+00 -5.000000e-01 0.000000e+00 9.181168e-16 2.183297e-16 0.000000e+00
-2.000000e+00 -2.500000e-01 0.000000e+00 1.251887e-15 1.597570e-16 0.000000e+00
-2.000000e+00 0.000000e+00 0.000000e+00 1.416735e-15 2.578457e-17 0.000000e+00
-2.000000e+00 2.500000e-01 0.000000e+00 1.331716e-15 -1.214103e-16 0.000000e+00
-2.000000e+00 5.000000e-01 0.000000e+00 1.039111e-15 -2.091080e-16 0.000000e+00
-2.000000e+00 7.500000e-01 0.000000e+00 6.717521e-16 -2.099749e-16 0.000000e+00
-2.000000e+00 1.000000e+00 0.000000e+00 3.588268e-16 -1.526674e-16 0.000000e+00
-2.000000e+00 1.250000e+00 0.000000e+00 1.579736e-16 -8.528394e-17 0.000000e+00
-2.000000e+00 1.500000e+00 0.000000e+00 5.727011e-17 -3.754432e-17 0.000000e+00
-2.000000e+00 1.750000e+00 0.000000e+00 1.715396e-17 -1.324932e-17 0.000000e+00
-2.000000e+00 2.000000e+00 0.000000e+00 4.295175e-18 -3.823869e-18 0.000000e+00
-2.000000e+00 2.250000e+00 0.000000e+00 9.219866e-19 -9.307401e-19 0.000000e+00
-2.000000e+00 2.500000e+00 0.000000e+00 1.764674e-19 -1.995451e-19 0.000000e+00
-1.750000e+00 -2.500000e+00 0.000000e+00 3.622982e-19 4.770956e-19 0.000000e+00
-1.750000e+00 -2.250000e+00 0.000000e+00 2.089649e-18 2.472262e-18 0.000000e+00
-1.750000e+00 -2.000000e+00 0.000000e+00 1.060243e-17 1.113548e-17 0.000000e+00
-1.750000e+00 -1.750000e+00 0.000000e+00 4.539934e-17 4.167330e-17 0.000000e+00
-1.750000e+00 -1.500000e+00 0.000000e+00 1.605174e-16 1.261655e-16 0.000000e+00
-1.750000e+00 -1.250000e+00 0.000000e+00 4.652250e-16 3.046011e-16 0.000000e+00
-1.750000e+00 -1.000000e+00 0.000000e+00 1.105951e-15 5.802443e-16 0.000000e+00
-1.750000e+00 -7.500000e-01 0.000000e+00 2.165545e-15 8.580208e-16 0.000000e+00
-1.750000e+00 -5.000000e-01 0.000000e+00 3.511314e-15 9.466943e-16 0.000000e+00
-1.750000e+00 -2.500000e-01 0.000000e+00 4.737624e-15 6.851720e-16 0.000000e+00
-1.750000e+00 0.000000e+00 0.000000e+00 5.337288e-15 1.099618e-16 0.000000e+00
-1.750000e+00 2.500000e-01 0.000000e+00 5.027383e-15 -5.196429e-16 0.000000e+00
-1.750000e+00 5.000000e-01 0.000000e+00 3.955852e-15 -9.027605e-16 0.000000e+00
-1.750000e+00 7.500000e-01 0.000000e+00 2.592431e-15 -9.194001e-16 0.000000e+00
-1.750000e+00 1.000000e+00 0.000000e+00 1.408356e-15 -6.802196e-16 0.000000e+00
-1.750000e+00 1.250000e+00 0.000000e+00 6.307531e-16 -3.867197e-16 0.000000e+00
-1.750000e+00 1.500000e+00 0.000000e+00 2.317119e-16 -1.725346e-16 0.000000e+00
-1.750000e+00 1.750000e+00 0.000000e+00 6.964065e-17 -6.108418e-17 0.000000e+00
-1.750000e+00 2.000000e+00 0.000000e+00 1.718413e-17 -1.736862e-17 0.000000e+00
-1.750000e+00 2.250000e+00 0.000000e+00 3.536750e-18 -4.053327e-18 0.000000e+00
-1.750000e+00 2.500000e+00 0.000000e+00 6.289270e-19 -8.076641e-19 0.000000e+00
-1.500000e+00 -2.500000e+00 0.000000e+00 1.092529e-18 1.657845e-18 0.000000e+00
-1.500000e+00 -2.250000e+00 0.000000e+00 6.641909e-18 9.064123e-18 0.000000e+00
-1.500000e+00 -2.000000e+00 0.000000e+00 3.444166e-17 4.177084e-17 0.000000e+00
-1.500000e+00 -1.750000e+00 0.000000e+00 1.472825e-16 1.562510e-16 0.000000e+00
-1.500000e+00 -1.500000e+00 0.000000e+00 5.129341e-16 4.661553e-16 0.000000e+00
-1.500000e+00 -1.250000e+00 0.000000e+00 1.454199e-15 1.100859e-15 0.000000e+00
-1.500000e+00 -1.000000e+00 0.000000e+00 3.374133e-15 2.046052e-15 0.000000e+00
-1.500000e+00 -7.500000e-01 0.000000e+00 6.457227e-15 2.955424e-15 0.000000e+00
-1.500000e+00 -5.000000e-01 0.000000e+00 1.027478e-14 3.198245e-15 0.000000e+00
-1.500000e+00 -2.500000e-01 0.000000e+00 1.368737e-14 2.284213e-15 0.000000e+00
-1.500000e+00 0.000000e+00 0.000000e+00 1.533581e-14 3.636884e-16 0.000000e+00
-1.500000e+00 2.500000e-01 0.000000e+00 1.447894e-14 -1.729097e-15 0.000000e+00
-1.500000e+00 5.000000e-01 0.000000e+00 1.150576e-14 -3.034709e-15 0.000000e+00
-1.500000e+00 7.500000e-01 0.000000e+00 7.664868e-15 -3.144377e-15 0.000000e+00
-1.500000e+00 1.000000e+00 0.000000e+00 4.253277e-15 -2.378718e-15 0.000000e+00
-1.500000e+00 1.250000e+00 0.000000e+00 1.950335e-15 -1.386059e-15 0.000000e+00
-1.500000e+00 1.500000e+00 0.000000e+00 7.329163e-16 -6.331279e-16 0.000000e+00
-1.500000e+00 1.750000e+00 0.000000e+00 2.241632e-16 -2.282285e-16 0.000000e+00
-1.500000e+00 2.000000e+00 0.000000e+00 5.565111e-17 -6.530215e-17 0.000000e+00
-1.500000e+00 2.250000e+00 0.000000e+00 1.129018e-17 -1.502229e-17 0.000000e+00
-1.500000e+00 2.500000e+00 0.000000e+00 1.919754e-18 -2.863012e-18 0.000000e+00
-1.250000e+00 -2.500000e+00 0.000000e+00 2.756338e-18 4.941398e-18 0.000000e+00
-1.250000e+00 -2.250000e+00 0.000000e+00 1.720933e-17 2.778117e-17 0.000000e+00
-1.250000e+00 -2.000000e+00 0.000000e+00 8.930197e-17 1.282722e-16 0.000000e+00
-1.250000e+00 -1.750000e+00 0.000000e+00 3.760702e-16 4.729189e-16 0.000000e+00
-1.250000e+00 -1.500000e+00 0.000000e+00 1.278749e-15 1.378031e-15 0.000000e+00
-1.250000e+00 -1.250000e+00 0.000000e+00 3.526120e-15 3.165118e-15 0.000000e+00
-1.250000e+00 -1.000000e+00 0.000000e+00 7.955022e-15 5.717926e-15 0.000000e+00
-1.250000e+00 -7.500000e-01 0.000000e+00 1.483977e-14 8.047069e-15 0.000000e+00
-1.250000e+00 -5.000000e-01 0.000000e+00 2.313011e-14 8.525793e-15 0.000000e+00
-1.250000e+00 -2.500000e-01 0.000000e+00 3.038506e-14 6.001398e-15 0.000000e+00
-1.250000e+00 0.000000e+00 0.000000e+00 3.383762e-14 9.449792e-16 0.000000e+00
-1.250000e+00 2.500000e-01 0.000000e+00 3.201871e-14 -4.538219e-15 0.000000e+00
-1.250000e+00 5.000000e-01 0.000000e+00 2.570710e-14 -8.050191e-15 0.000000e+00
-1.250000e+00 7.500000e-01 0.000000e+00 1.742508e-14 -8.496839e-15 0.000000e+00
-1.250000e+00 1.000000e+00 0.000000e+00 9.891661e-15 -6.585443e-15 0.000000e+00
-1.250000e+00 1.250000e+00 0.000000e+00 4.654904e-15 -3.944404e-15 0.000000e+00
-1.250000e+00 1.500000e+00 0.000000e+00 1.796043e-15 -1.852847e-15 0.000000e+00
-1.250000e+00 1.750000e+00 0.000000e+00 5.624548e-16 -6.848251e-16 0.000000e+00
-1.250000e+00 2.000000e+00 0.000000e+00 1.419696e-16 -1.994293e-16 0.000000e+00
-1.250000e+00 2.250000e+00 0.000000e+00 2.888835e-17 -4.604528e-17 0.000000e+00
-1.250000e+00 2.500000e+00 0.000000e+00 4.813400e-18 -8.602781e-18 0.000000e+00
-1.000000e+00 -2.500000e+00 0.000000e+00 5.627417e-18 1.236140e-17 0.000000e+00
-1.000000e+00 -2.250000e+00 0.000000e+00 3.540716e-17 7.012988e-17 0.000000e+00
-1.000000e+00 -2.000000e+00 0.000000e+00 1.816825e-16 3.205747e-16 0.000000e+00
-1.000000e+00 -1.750000e+00 0.000000e+00 7.486118e-16 1.157371e-15 0.000000e+00
-1.000000e+00 -1.500000e+00 0.000000e+00 2.477034e-15 3.283101e-15 0.000000e+00
-1.000000e+00 -1.250000e+00 0.000000e+00 6.632046e-15 7.322478e-15 0.000000e+00
-1.000000e+00 -1.000000e+00 0.000000e+00 1.453419e-14 1.284816e-14 0.000000e+00
-1.000000e+00 -7.500000e-01 0.000000e+00 2.641249e-14 1.760926e-14 0.000000e+00
-1.000000e+00 -5.000000e-01 0.000000e+00 4.030442e-14 1.825815e-14 0.000000e+00
-1.000000e+00 -2.500000e-01 0.000000e+00 5.218554e-14 1.265902e-14 0.000000e+00
-1.000000e+00 0.000000e+00 0.000000e+00 5.773707e-14 1.961808e-15 0.000000e+00
-1.000000e+00 2.500000e-01 0.000000e+00 5.473759e-14 -9.578777e-15 0.000000e+00
-1.000000e+00 5.000000e-01 0.000000e+00 4.438936e-14 -1.716550e-14 0.000000e+00
-1.000000e+00 7.500000e-01 0.000000e+00 3.060459e-14 -1.845479e-14 0.000000e+00
-1.000000e+00 1.000000e+00 0.000000e+00 1.776556e-14 -1.465330e-14 0.000000e+00
-1.000000e+00 1.250000e+00 0.000000e+00 8.576713e-15 -9.022410e-15 0.000000e+00
-1.000000e+00 1.500000e+00 0.000000e+00 3.397824e-15 -4.360944e-15 0.000000e+00
-1.000000e+00 1.750000e+00 0.000000e+00 1.090678e-15 -1.655605e-15 0.000000e+00
-1.000000e+00 2.000000e+00 0.000000e+00 2.808578e-16 -4.928135e-16 0.000000e+00
-1.000000e+00 2.250000e+00 0.000000e+00 5.778411e-17 -1.152285e-16 0.000000e+00
-1.000000e+00 2.500000e+00 0.000000e+00 9.580213e-18 -2.144499e-17 0.000000e+00
-7.500000e-01 -2.500000e+00 0.000000e+00 8.985746e-18 2.562517e-17 0.000000e+00
-7.500000e-01 -2.250000e+00 0.000000e+00 5.636201e-17 1.451100e-16 0.000000e+00
-7.500000e-01 -2.000000e+00 0.000000e+00 2.846124e-16 6.535136e-16 0.000000e+00
-7.500000e-01 -1.750000e+00 0.000000e+00 1.146086e-15 2.307693e-15 0.000000e+00
-7.500000e-01 -1.500000e+00 0.000000e+00 3.692492e-15 6.377486e-15 0.000000e+00
-7.500000e-01 -1.250000e+00 0.000000e+00 9.612812e-15 1.383434e-14 0.000000e+00
-7.500000e-01 -1.000000e+00 0.000000e+00 2.049620e-14 2.361808e-14 0.000000e+00
-7.500000e-01 -7.500000e-01 0.000000e+00 3.633205e-14 3.157061e-14 0.000000e+00
-7.500000e-01 -5.000000e-01 0.000000e+00 5.432193e-14 3.206246e-14 0.000000e+00
-7.500000e-01 -2.500000e-01 0.000000e+00 6.934390e-14 2.189761e-14 0.000000e+00
-7.500000e-01 0.000000e+00 0.000000e+00 7.621029e-14 3.320655e-15 0.000000e+00
-7.500000e-01 2.500000e-01 0.000000e+00 7.235280e-14 -1.661598e-14 0.000000e+00
-7.500000e-01 5.000000e-01 0.000000e+00 5.921076e-14 -3.004455e-14 0.000000e+00
-7.500000e-01 7.500000e-01 0.000000e+00 4.146424e-14 -3.285943e-14 0.000000e+00
-7.500000e-01 1.000000e+00 0.000000e+00 2.456369e-14 -2.668072e-14 0.000000e+00
-7.500000e-01 1.250000e+00 0.000000e+00 1.213591e-14 -1.685000e-14 0.000000e+00
-7.500000e-01 1.500000e+00 0.000000e+00 4.923854e-15 -8.360883e-15 0.000000e+00
-7.500000e-01 1.750000e+00 0.000000e+00 1.616473e-15 -3.254481e-15 0.000000e+00
-7.500000e-01 2.000000e+00 0.000000e+00 4.242349e-16 -9.898095e-16 0.000000e+00
-7.500000e-01 2.250000e+00 0.000000e+00 8.840741e-17 -2.349768e-16 0.000000e+00
-7.500000e-01 2.500000e+00 0.000000e+00 1.468885e-17 -4.391095e-17 0.000000e+00
-5.000000e-01 -2.500000e+00 0.000000e+00 1.065459e-17 4.374537e-17 0.000000e+00
-5.000000e-01 -2.250000e+00 0.000000e+00 6.633981e-17 2.461727e-16 0.000000e+00
-5.000000e-01 -2.000000e+00 0.000000e+00 3.297531e-16 1.092466e-15 0.000000e+00
-5.000000e-01 -1.750000e+00 0.000000e+00 1.301121e-15 3.783444e-15 0.000000e+00
-5.000000e-01 -1.500000e+00 0.000000e+00 4.097378e-15 1.022686e-14 0.000000e+00
-5.000000e-01 -1.250000e+00 0.000000e+00 1.041613e-14 2.167301e-14 0.000000e+00
-5.000000e-01 -1.000000e+00 0.000000e+00 2.169727e-14 3.615587e-14 0.000000e+00
-5.000000e-01 -7.500000e-01 0.000000e+00 3.764860e-14 4.730815e-14 0.000000e+00
-5.000000e-01 -5.000000e-01 0.000000e+00 5.529581e-14 4.718164e-14 0.000000e+00
-5.000000e-01 -2.500000e-01 0.000000e+00 6.969628e-14 3.178250e-14 0.000000e+00
-5.000000e-01 0.000000e+00 0.000000e+00 7.612220e-14 4.697078e-15 0.000000e+00
-5.000000e-01 2.500000e-01 0.000000e+00 7.233264e-14 -2.422737e-14 0.000000e+00
-5.000000e-01 5.000000e-01 0.000000e+00 5.964410e-14 -4.411875e-14 0.000000e+00
-5.000000e-01 7.500000e-01 0.000000e+00 4.231365e-14 -4.895589e-14 0.000000e+00
-5.000000e-01 1.000000e+00 0.000000e+00 2.548974e-14 -4.050065e-14 0.000000e+00
-5.000000e-01 1.250000e+00 0.000000e+00 1.283174e-14 -2.611846e-14 0.000000e+00
-5.000000e-01 1.500000e+00 0.000000e+00 5.306588e-15 -1.324086e-14 0.000000e+00
-5.000000e-01 1.750000e+00 0.000000e+00 1.773560e-15 -5.260469e-15 0.000000e+00
-5.000000e-01 2.000000e+00 0.000000e+00 4.725620e-16 -1.628816e-15 0.000000e+00
-5.000000e-01 2.250000e+00 0.000000e+00 9.953866e-17 -3.919634e-16 0.000000e+00
-5.000000e-01 2.500000e+00 0.000000e+00 1.659957e-17 -7.371633e-17 0.000000e+00
-2.500000e-01 -2.500000e+00 0.000000e+00 8.212532e-18 6.132471e-17 0.000000e+00
-2.500000e-01 -2.250000e+00 0.000000e+00 5.076644e-17 3.429945e-16 0.000000e+00
-2.500000e-01 -2.000000e+00 0.000000e+00 2.492496e-16 1.505454e-15 0.000000e+00
-2.500000e-01 -1.750000e+00 0.000000e+00 9.687483e-16 5.142133e-15 0.000000e+00
-2.500000e-01 -1.500000e+00 0.000000e+00 3.000651e-15 1.368597e-14 0.000000e+00
-2.500000e-01 -1.250000e+00 0.000000e+00 7.499176e-15 2.853569e-14 0.000000e+00
-2.500000e-01 -1.000000e+00 0.000000e+00 1.536308e-14 4.683965e-14 0.000000e+00
-2.500000e-01 -7.500000e-01 0.000000e+00 2.625171e-14 6.036135e-14 0.000000e+00
-2.500000e-01 -5.000000e-01 0.000000e+00 3.805969e-14 5.940832e-14 0.000000e+00
-2.500000e-01 -2.500000e-01 0.000000e+00 4.752242e-14 3.960102e-14 0.000000e+00
-2.500000e-01 0.000000e+00 0.000000e+00 5.165957e-14 5.715445e-15 0.000000e+00
-2.500000e-01 2.500000e-01 0.000000e+00 4.911140e-14 -3.033142e-14 0.000000e+00
-2.500000e-01 5.000000e-01 0.000000e+00 4.071131e-14 -5.549248e-14 0.000000e+00
-2.500000e-01 7.500000e-01 0.000000e+00 2.914296e-14 -6.220814e-14 0.000000e+00
-2.500000e-01 1.000000e+00 0.000000e+00 1.775579e-14 -5.213852e-14 0.000000e+00
-2.500000e-01 1.250000e+00 0.000000e+00 9.049782e-15 -3.410899e-14 0.000000e+00
-2.500000e-01 1.500000e+00 0.000000e+00 3.788797e-15 -1.754460e-14 0.000000e+00
-2.500000e-01 1.750000e+00 0.000000e+00 1.280437e-15 -7.066718e-15 0.000000e+00
-2.500000e-01 2.000000e+00 0.000000e+00 3.442379e-16 -2.214591e-15 0.000000e+00
-2.500000e-01 2.250000e+00 0.000000e+00 7.293026e-17 -5.379184e-16 0.000000e+00
-2.500000e-01 2.500000e+00 0.000000e+00 1.217870e-17 -1.016778e-16 0.000000e+00
0.000000e+00 -2.500000e+00 0.000000e+00 1.579430e-18 7.049573e-17 0.000000e+00
0.000000e+00 -2.250000e+00 0.000000e+00 9.669911e-18 3.930366e-16 0.000000e+00
0.000000e+00 -2.000000e+00 0.000000e+00 4.683042e-17 1.716284e-15 0.000000e+00
0.000000e+00 -1.750000e+00 0.000000e+00 1.793024e-16 5.825977e-15 0.000000e+00
0.000000e+00 -1.500000e+00 0.000000e+00 5.474071e-16 1.540021e-14 0.000000e+00
0.000000e+00 -1.250000e+00 0.000000e+00 1.350644e-15 3.188147e-14 0.000000e+00
0.000000e+00 -1.000000e+00 0.000000e+00 2.737556e-15 5.196057e-14 0.000000e+00
0.000000e+00 -7.500000e-01 0.000000e+00 4.638712e-15 6.651061e-14 0.000000e+00
0.000000e+00 -5.000000e-01 0.000000e+00 6.684989e-15 6.507122e-14 0.000000e+00
0.000000e+00 -2.500000e-01 0.000000e+00 8.318097e-15 4.316530e-14 0.000000e+00
0.000000e+00 0.000000e+00 0.000000e+00 9.033295e-15 6.151688e-15 0.000000e+00
0.000000e+00 2.500000e-01 0.000000e+00 8.597080e-15 -3.315055e-14 0.000000e+00
0.000000e+00 5.000000e-01 0.000000e+00 7.143055e-15 -6.076280e-14 0.000000e+00
0.000000e+00 7.500000e-01 0.000000e+00 5.125838e-15 -6.841671e-14 0.000000e+00
0.000000e+00 1.000000e+00 0.000000e+00 3.127871e-15 -5.766114e-14 0.000000e+00
0.000000e+00 1.250000e+00 0.000000e+00 1.593850e-15 -3.794899e-14 0.000000e+00
0.000000e+00 1.500000e+00 0.000000e+00 6.653221e-16 -1.963680e-14 0.000000e+00
0.000000e+00 1.750000e+00 0.000000e+00 2.233308e-16 -7.953411e-15 0.000000e+00
0.000000e+00 2.000000e+00 0.000000e+00 5.933191e-17 -2.504280e-15 0.000000e+00
0.000000e+00 2.250000e+00 0.000000e+00 1.234483e-17 -6.104188e-16 0.000000e+00
0.000000e+00 2.500000e+00 0.000000e+00 2.012597e-18 -1.155791e-16 0.000000e+00
2.500000e-01 -2.500000e+00 0.000000e+00 -5.958630e-18 6.639420e-17 0.000000e+00
2.500000e-01 -2.250000e+00 0.000000e+00 -3.685959e-17 3.705018e-16 0.000000e+00
2.500000e-01 -2.000000e+00 0.000000e+00 -1.810136e-16 1.620721e-15 0.000000e+00
2.500000e-01 -1.750000e+00 0.000000e+00 -7.032599e-16 5.514338e-15 0.000000e+00
2.500000e-01 -1.500000e+00 0.000000e+00 -2.175608e-15 1.461607e-14 0.000000e+00
2.500000e-01 -1.250000e+00 0.000000e+00 -5.425746e-15 3.034796e-14 0.000000e+00
2.500000e-01 -1.000000e+00 0.000000e+00 -1.108410e-14 4.961236e-14 0.000000e+00
2.500000e-01 -7.500000e-01 0.000000e+00 -1.887925e-14 6.369257e-14 0.000000e+00
2.500000e-01 -5.000000e-01 0.000000e+00 -2.728327e-14 6.247828e-14 0.000000e+00
2.500000e-01 -2.500000e-01 0.000000e+00 -3.397344e-14 4.153239e-14 0.000000e+00
2.500000e-01 0.000000e+00 0.000000e+00 -3.686576e-14 5.945530e-15 0.000000e+00
2.500000e-01 2.500000e-01 0.000000e+00 -3.503329e-14 -3.187037e-14 0.000000e+00
2.500000e-01 5.000000e-01 0.000000e+00 -2.907408e-14 -5.835455e-14 0.000000e+00
2.500000e-01 7.500000e-01 0.000000e+00 -2.086663e-14 -6.556173e-14 0.000000e+00
2.500000e-01 1.000000e+00 0.000000e+00 -1.276257e-14 -5.510153e-14 0.000000e+00
2.500000e-01 1.250000e+00 0.000000e+00 -6.537176e-15 -3.615203e-14 0.000000e+00
2.500000e-01 1.500000e+00 0.000000e+00 -2.753211e-15 -1.864627e-14 0.000000e+00
2.500000e-01 1.750000e+00 0.000000e+00 -9.369491e-16 -7.527715e-15 0.000000e+00
2.500000e-01 2.000000e+00 0.000000e+00 -2.539178e-16 -2.362820e-15 0.000000e+00
2.500000e-01 2.250000e+00 0.000000e+00 -5.428025e-17 -5.742759e-16 0.000000e+00
2.500000e-01 2.500000e+00 0.000000e+00 -9.148455e-18 -1.084798e-16 0.000000e+00
5.000000e-01 -2.500000e+00 0.000000e+00 -1.029712e-17 5.120575e-17 0.000000e+00
5.000000e-01 -2.250000e+00 0.000000e+00 -6.394451e-17 2.870425e-16 0.000000e+00
5.000000e-01 -2.000000e+00 0.000000e+00 -3.162622e-16 1.266120e-15 0.000000e+00
5.000000e-01 -1.750000e+00 0.000000e+00 -1.240051e-15 4.353581e-15 0.000000e+00
5.000000e-01 -1.500000e+00 0.000000e+00 -3.877577e-15 1.167830e-14 0.000000e+00
5.000000e-01 -1.250000e+00 0.000000e+00 -9.784495e-15 2.455792e-14 0.000000e+00
5.000000e-01 -1.000000e+00 0.000000e+00 -2.023217e-14 4.066222e-14 0.000000e+00
5.000000e-01 -7.500000e-01 0.000000e+00 -3.486670e-14 5.283691e-14 0.000000e+00
5.000000e-01 -5.000000e-01 0.000000e+00 -5.091112e-14 5.238143e-14 0.000000e+00
5.000000e-01 -2.500000e-01 0.000000e+00 -6.389326e-14 3.511565e-14 0.000000e+00
5.000000e-01 0.000000e+00 0.000000e+00 -6.962461e-14 5.124494e-15 0.000000e+00
5.000000e-01 2.500000e-01 0.000000e+00 -6.615798e-14 -2.684422e-14 0.000000e+00
5.000000e-01 5.000000e-01 0.000000e+00 -5.467045e-14 -4.896523e-14 0.000000e+00
5.000000e-01 7.500000e-01 0.000000e+00 -3.893661e-14 -5.455932e-14 0.000000e+00
5.000000e-01 1.000000e+00 0.000000e+00 -2.357507e-14 -4.537229e-14 0.000000e+00
5.000000e-01 1.250000e+00 0.000000e+00 -1.193641e-14 -2.942217e-14 0.000000e+00
5.000000e-01 1.500000e+00 0.000000e+00 -4.965898e-15 -1.499396e-14 0.000000e+00
5.000000e-01 1.750000e+00 0.000000e+00 -1.669326e-15 -5.983204e-15 0.000000e+00
5.000000e-01 2.000000e+00 0.000000e+00 -4.471208e-16 -1.858180e-15 0.000000e+00
5.000000e-01 2.250000e+00 0.000000e+00 -9.457913e-17 -4.476200e-16 0.000000e+00
5.000000e-01 2.500000e+00 0.000000e+00 -1.581219e-17 -8.405226e-17 0.000000e+00
7.500000e-01 -2.500000e+00 0.000000e+00 -1.004128e-17 3.234471e-17 0.000000e+00
7.500000e-01 -2.250000e+00 0.000000e+00 -6.275663e-17 1.824225e-16 0.000000e+00
7.500000e-01 -2.000000e+00 0.000000e+00 -3.145339e-16 8.154051e-16 0.000000e+00
7.500000e-01 -1.750000e+00 0.000000e+00 -1.254637e-15 2.852882e-15 0.000000e+00
7.500000e-01 -1.500000e+00 0.000000e+00 -4.000437e-15 7.805159e-15 0.000000e+00
7.500000e-01 -1.250000e+00 0.000000e+00 -1.030475e-14 1.675809e-14 0.000000e+00
7.500000e-01 -1.000000e+00 0.000000e+00 -2.174937e-14 2.832598e-14 0.000000e+00
7.500000e-01 -7.500000e-01 0.000000e+00 -3.820332e-14 3.752048e-14 0.000000e+00
7.500000e-01 -5.000000e-01 0.000000e+00 -5.669414e-14 3.781262e-14 0.000000e+00
7.500000e-01 -2.500000e-01 0.000000e+00 -7.199337e-14 2.567142e-14 0.000000e+00
7.500000e-01 0.000000e+00 0.000000e+00 -7.892066e-14 3.842350e-15 0.000000e+00
7.500000e-01 2.500000e-01 0.000000e+00 -7.495088e-14 -1.953241e-14 0.000000e+00
7.500000e-01 5.000000e-01 0.000000e+00 -6.152073e-14 -3.540755e-14 0.000000e+00
7.500000e-01 7.500000e-01 0.000000e+00 -4.330183e-14 -3.894453e-14 0.000000e+00
7.500000e-01 1.000000e+00 0.000000e+00 -2.581875e-14 -3.184959e-14 0.000000e+00
7.500000e-01 1.250000e+00 0.000000e+00 -1.284675e-14 -2.026995e-14 0.000000e+00
7.500000e-01 1.500000e+00 0.000000e+00 -5.248766e-15 -1.013203e-14 0.000000e+00
7.500000e-01 1.750000e+00 0.000000e+00 -1.733784e-15 -3.968208e-15 0.000000e+00
7.500000e-01 2.000000e+00 0.000000e+00 -4.571333e-16 -1.211790e-15 0.000000e+00
7.500000e-01 2.250000e+00 0.000000e+00 -9.548439e-17 -2.879666e-16 0.000000e+00
7.500000e-01 2.500000e+00 0.000000e+00 -1.584903e-17 -5.364822e-17 0.000000e+00
1.000000e+00 -2.500000e+00 0.000000e+00 -6.992688e-18 1.676108e-17 0.000000e+00
1.000000e+00 -2.250000e+00 0.000000e+00 -4.389982e-17 9.489745e-17 0.000000e+00
1.000000e+00 -2.000000e+00 0.000000e+00 -2.235196e-16 4.307321e-16 0.000000e+00
1.000000e+00 -1.750000e+00 0.000000e+00 -9.113604e-16 1.540030e-15 0.000000e+00
1.000000e+00 -1.500000e+00 0.000000e+00 -2.980210e-15 4.320407e-15 0.000000e+00
1.000000e+00 -1.250000e+00 0.000000e+00 -7.883523e-15 9.524919e-15 0.000000e+00
1.000000e+00 -1.000000e+00 0.000000e+00 -1.707878e-14 1.652400e-14 0.000000e+00
1.000000e+00 -7.500000e-01 0.000000e+00 -3.072090e-14 2.241368e-14 0.000000e+00
1.000000e+00 -5.000000e-01 0.000000e+00 -4.649504e-14 2.303907e-14 0.000000e+00
1.000000e+00 -2.500000e-01 0.000000e+00 -5.986480e-14 1.587042e-14 0.000000e+00
1.000000e+00 0.000000e+00 0.000000e+00 -6.606545e-14 2.430907e-15 0.000000e+00
1.000000e+00 2.500000e-01 0.000000e+00 -6.267534e-14 -1.203305e-14 0.000000e+00
1.000000e+00 5.000000e-01 0.000000e+00 -5.101181e-14 -2.163410e-14 0.000000e+00
1.000000e+00 7.500000e-01 0.000000e+00 -3.538291e-14 -2.341615e-14 0.000000e+00
1.000000e+00 1.000000e+00 0.000000e+00 -2.069578e-14 -1.875391e-14 0.000000e+00
1.000000e+00 1.250000e+00 0.000000e+00 -1.007387e-14 -1.165589e-14 0.000000e+00
1.000000e+00 1.500000e+00 0.000000e+00 -4.022521e-15 -5.684448e-15 0.000000e+00
1.000000e+00 1.750000e+00 0.000000e+00 -1.299653e-15 -2.173986e-15 0.000000e+00
1.000000e+00 2.000000e+00 0.000000e+00 -3.360523e-16 -6.500356e-16 0.000000e+00
1.000000e+00 2.250000e+00 0.000000e+00 -6.917700e-17 -1.520249e-16 0.000000e+00
1.000000e+00 2.500000e+00 0.000000e+00 -1.141721e-17 -2.813309e-17 0.000000e+00
1.250000e+00 -2.500000e+00 0.000000e+00 -3.732813e-18 7.159473e-18 0.000000e+00
1.250000e+00 -2.250000e+00 0.000000e+00 -2.335599e-17 4.036976e-17 0.000000e+00
1.250000e+00 -2.000000e+00 0.000000e+00 -1.205580e-16 1.856312e-16 0.000000e+00
1.250000e+00 -1.750000e+00 0.000000e+00 -5.030154e-16 6.788064e-16 0.000000e+00
1.250000e+00 -1.500000e+00 0.000000e+00 -1.691298e-15 1.957262e-15 0.000000e+00
1.250000e+00 -1.250000e+00 0.000000e+00 -4.608371e-15 4.443444e-15 0.000000e+00
1.250000e+00 -1.000000e+00 0.000000e+00 -1.027644e-14 7.933427e-15 0.000000e+00
1.250000e+00 -7.500000e-01 0.000000e+00 -1.897196e-14 1.104392e-14 0.000000e+00
1.250000e+00 -5.000000e-01 0.000000e+00 -2.932480e-14 1.159419e-14 0.000000e+00
1.250000e+00 -2.500000e-01 0.000000e+00 -3.830648e-14 8.105739e-15 0.000000e+00
1.250000e+00 0.000000e+00 0.000000e+00 -4.255525e-14 1.262219e-15 0.000000e+00
1.250000e+00 2.500000e-01 0.000000e+00 -4.030468e-14 -6.138780e-15 0.000000e+00
1.250000e+00 5.000000e-01 0.000000e+00 -3.249153e-14 -1.092851e-14 0.000000e+00
1.250000e+00 7.500000e-01 0.000000e+00 -2.217046e-14 -1.161971e-14 0.000000e+00
1.250000e+00 1.000000e+00 0.000000e+00 -1.269082e-14 -9.091908e-15 0.000000e+00
1.250000e+00 1.250000e+00 0.000000e+00 -6.025823e-15 -5.502461e-15 0.000000e+00
1.250000e+00 1.500000e+00 0.000000e+00 -2.344442e-15 -2.610238e-15 0.000000e+00
1.250000e+00 1.750000e+00 0.000000e+00 -7.388956e-16 -9.722512e-16 0.000000e+00
1.250000e+00 2.000000e+00 0.000000e+00 -1.870641e-16 -2.842475e-16 0.000000e+00
1.250000e+00 2.250000e+00 0.000000e+00 -3.798279e-17 -6.550371e-17 0.000000e+00
1.250000e+00 2.500000e+00 0.000000e+00 -6.269439e-18 -1.211578e-17 0.000000e+00
1.500000e+00 -2.500000e+00 0.000000e+00 -1.588173e-18 2.547477e-18 0.000000e+00
1.500000e+00 -2.250000e+00 0.000000e+00 -9.751493e-18 1.408592e-17 0.000000e+00
1.500000e+00 -2.000000e+00 0.000000e+00 -5.059667e-17 6.505284e-17 0.000000e+00
1.500000e+00 -1.750000e+00 0.000000e+00 -2.152314e-16 2.423434e-16 0.000000e+00
1.500000e+00 -1.500000e+00 0.000000e+00 -7.431807e-16 7.171898e-16 0.000000e+00
1.500000e+00 -1.250000e+00 0.000000e+00 -2.085501e-15 1.676229e-15 0.000000e+00
1.500000e+00 -1.000000e+00 0.000000e+00 -4.787866e-15 3.080587e-15 0.000000e+00
1.500000e+00 -7.500000e-01 0.000000e+00 -9.072989e-15 4.401667e-15 0.000000e+00
1.500000e+00 -5.000000e-01 0.000000e+00 -1.432068e-14 4.718804e-15 0.000000e+00
1.500000e+00 -2.500000e-01 0.000000e+00 -1.897194e-14 3.345888e-15 0.000000e+00
1.500000e+00 0.000000e+00 0.000000e+00 -2.120586e-14 5.256636e-16 0.000000e+00
1.500000e+00 2.500000e-01 0.000000e+00 -2.004022e-14 -2.537329e-15 0.000000e+00
1.500000e+00 5.000000e-01 0.000000e+00 -1.599156e-14 -4.467625e-15 0.000000e+00
1.500000e+00 7.500000e-01 0.000000e+00 -1.072605e-14 -4.663046e-15 0.000000e+00
1.500000e+00 1.000000e+00 0.000000e+00 -6.002888e-15 -3.561816e-15 0.000000e+00
1.500000e+00 1.250000e+00 0.000000e+00 -2.777444e-15 -2.097327e-15 0.000000e+00
1.500000e+00 1.500000e+00 0.000000e+00 -1.052054e-15 -9.672780e-16 0.000000e+00
1.500000e+00 1.750000e+00 0.000000e+00 -3.234495e-16 -3.510583e-16 0.000000e+00
1.500000e+00 2.000000e+00 0.000000e+00 -8.033535e-17 -1.006123e-16 0.000000e+00
1.500000e+00 2.250000e+00 0.000000e+00 -1.618785e-17 -2.300040e-17 0.000000e+00
1.500000e+00 2.500000e+00 0.000000e+00 -2.707299e-18 -4.310000e-18 0.000000e+00
1.750000e+00 -2.500000e+00 0.000000e+00 -5.571907e-19 7.697609e-19 0.000000e+00
1.750000e+00 -2.250000e+00 0.000000e+00 -3.279500e-18 4.077541e-18 0.000000e+00
1.750000e+00 -2.000000e+00 0.000000e+00 -1.681320e-17 1.859100e-17 0.000000e+00
1.750000e+00 -1.750000e+00 0.000000e+00 -7.215588e-17 6.981056e-17 0.000000e+00
1.750000e+00 -1.500000e+00 0.000000e+00 -2.542773e-16 2.106938e-16 0.000000e+00
1.750000e+00 -1.250000e+00 0.000000e+00 -7.320296e-16 5.049472e-16 0.000000e+00
1.750000e+00 -1.000000e+00 0.000000e+00 -1.725655e-15 9.526709e-16 0.000000e+00
1.750000e+00 -7.500000e-01 0.000000e+00 -3.350121e-15 1.394458e-15 0.000000e+00
1.750000e+00 -5.000000e-01 0.000000e+00 -5.391590e-15 1.524241e-15 0.000000e+00
1.750000e+00 -2.500000e-01 0.000000e+00 -7.235805e-15 1.094547e-15 0.000000e+00
1.750000e+00 0.000000e+00 0.000000e+00 -8.131350e-15 1.722247e-16 0.000000e+00
1.750000e+00 2.500000e-01 0.000000e+00 -7.664527e-15 -8.328880e-16 0.000000e+00
1.750000e+00 5.000000e-01 0.000000e+00 -6.053824e-15 -1.449702e-15 0.000000e+00
1.750000e+00 7.500000e-01 0.000000e+00 -3.992484e-15 -1.485965e-15 0.000000e+00
1.750000e+00 1.000000e+00 0.000000e+00 -2.185979e-15 -1.109054e-15 0.000000e+00
1.750000e+00 1.250000e+00 0.000000e+00 -9.867544e-16 -6.363919e-16 0.000000e+00
1.750000e+00 1.500000e+00 0.000000e+00 -3.647005e-16 -2.861210e-16 0.000000e+00
1.750000e+00 1.750000e+00 0.000000e+00 -1.098364e-16 -1.016682e-16 0.000000e+00
1.750000e+00 2.000000e+00 0.000000e+00 -2.697678e-17 -2.880966e-17 0.000000e+00
1.750000e+00 2.250000e+00 0.000000e+00 -5.472728e-18 -6.631242e-18 0.000000e+00
1.750000e+00 2.500000e+00 0.000000e+00 -9.482677e-19 -1.287405e-18 0.000000e+00
2.000000e+00 -2.500000e+00 0.000000e+00 -1.672636e-19 2.032419e-19 0.000000e+00
2.000000e+00 -2.250000e+00 0.000000e+00 -9.182940e-19 1.003630e-18 0.000000e+00
2.000000e+00 -2.000000e+00 0.000000e+00 -4.529625e-18 4.399688e-18 0.000000e+00
2.000000e+00 -1.750000e+00 0.000000e+00 -1.922581e-17 1.632595e-17 0.000000e+00
2.000000e+00 -1.500000e+00 0.000000e+00 -6.822173e-17 4.957272e-17 0.000000e+00
2.000000e+00 -1.250000e+00 0.000000e+00 -1.996648e-16 1.206987e-16 0.000000e+00
2.000000e+00 -1.000000e+00 0.000000e+00 -4.802590e-16 2.322574e-16 0.000000e+00
2.000000e+00 -7.500000e-01 0.000000e+00 -9.509009e-16 3.466538e-16 0.000000e+00
2.000000e+00 -5.000000e-01 0.000000e+00 -1.555524e-15 3.850724e-16 0.000000e+00
2.000000e+00 -2.500000e-01 0.000000e+00 -2.110508e-15 2.793570e-16 0.000000e+00
2.000000e+00 0.000000e+00 0.000000e+00 -2.381965e-15 4.369131e-17 0.000000e+00
2.000000e+00 2.500000e-01 0.000000e+00 -2.239094e-15 -2.136800e-16 0.000000e+00
2.000000e+00 5.000000e-01 0.000000e+00 -1.751887e-15 -3.677621e-16 0.000000e+00
2.000000e+00 7.500000e-01 0.000000e+00 -1.137996e-15 -3.708995e-16 0.000000e+00
2.000000e+00 1.000000e+00 0.000000e+00 -6.113517e-16 -2.713682e-16 0.000000e+00
2.000000e+00 1.250000e+00 0.000000e+00 -2.704540e-16 -1.525014e-16 0.000000e+00
2.000000e+00 1.500000e+00 0.000000e+00 -9.821461e-17 -6.734377e-17 0.000000e+00
2.000000e+00 1.750000e+00 0.000000e+00 -2.929334e-17 -2.369802e-17 0.000000e+00
2.000000e+00 2.000000e+00 0.000000e+00 -7.237542e-18 -6.756598e-18 0.000000e+00
2.000000e+00 2.250000e+00 0.000000e+00 -1.515534e-18 -1.605387e-18 0.000000e+00
2.000000e+00 2.500000e+00 0.000000e+00 -2.800767e-19 -3.323408e-19 0.000000e+00
2.250000e+00 -2.500000e+00 0.000000e+00 -4.465934e-20 4.850240e-20 0.000000e+00
2.250000e+00 -2.250000e+00 0.000000e+00 -2.235702e-19 2.181687e-19 0.000000e+00
2.250000e+00 -2.000000e+00 0.000000e+00 -1.028788e-18 8.916911e-19 0.000000e+00
2.250000e+00 -1.750000e+00 0.000000e+00 -4.192792e-18 3.175381e-18 0.000000e+00
2.250000e+00 -1.500000e+00 0.000000e+00 -1.463663e-17 9.478744e-18 0.000000e+00
2.250000e+00 -1.250000e+00 0.000000e+00 -4.281835e-17 2.305015e-17 0.000000e+00
2.250000e+00 -1.000000e+00 0.000000e+00 -1.038300e-16 4.468398e-17 0.000000e+00
2.250000e+00 -7.500000e-01 0.000000e+00 -2.079038e-16 6.740775e-17 0.000000e+00
2.250000e+00 -5.000000e-01 0.000000e+00 -3.437176e-16 7.562974e-17 0.000000e+00
2.250000e+00 -2.500000e-01 0.000000e+00 -4.698168e-16 5.520097e-17 0.000000e+00
2.250000e+00 0.000000e+00 0.000000e+00 -5.316982e-16 8.505418e-18 0.000000e+00
2.250000e+00 2.500000e-01 0.000000e+00 -4.985617e-16 -4.250945e-17 0.000000e+00
2.250000e+00 5.000000e-01 0.000000e+00 -3.872104e-16 -7.245524e-17 0.000000e+00
2.250000e+00 7.500000e-01 0.000000e+00 -2.487743e-16 -7.221044e-17 0.000000e+00
2.250000e+00 1.000000e+00 0.000000e+00 -1.320073e-16 -5.215922e-17 0.000000e+00
2.250000e+00 1.250000e+00 0.000000e+00 -5.780574e-17 -2.900861e-17 0.000000e+00
2.250000e+00 1.500000e+00 0.000000e+00 -2.092820e-17 -1.277159e-17 0.000000e+00
2.250000e+00 1.750000e+00 0.000000e+00 -6.311717e-18 -4.545040e-18 0.000000e+00
2.250000e+00 2.000000e+00 0.000000e+00 -1.613276e-18 -1.340540e-18 0.000000e+00
2.250000e+00 2.250000e+00 0.000000e+00 -3.600218e-19 -3.393714e-19 0.000000e+00
2.250000e+00 2.500000e+00 0.000000e+00 -7.285203e-20 -7.692916e-20 0.000000e+00
2.500000e+00 -2.500000e+00 0.000000e+00 -1.100759e-20 1.082678e-20 0.000000e+00
2.500000e+00 -2.250000e+00 0.000000e+00 -4.958431e-20 4.374701e-20 0.000000e+00
2.500000e+00 -2.000000e+00 0.000000e+00 -2.077682e-19 1.626174e-19 0.000000e+00
2.500000e+00 -1.750000e+00 0.000000e+00 -7.877151e-19 5.384781e-19 0.000000e+00
2.500000e+00 -1.500000e+00 0.000000e+00 -2.622062e-18 1.532295e-18 0.000000e+00
2.500000e+00 -1.250000e+00 0.000000e+00 -7.469496e-18 3.626582e-18 0.000000e+00
2.500000e+00 -1.000000e+00 0.000000e+00 -1.789713e-17 6.941174e-18 0.000000e+00
2.500000e+00 -7.500000e-01 0.000000e+00 -3.571548e-17 1.042615e-17 0.000000e+00
2.500000e+00 -5.000000e-01 0.000000e+00 -5.908215e-17 1.169202e-17 0.000000e+00
2.500000e+00 -2.500000e-01 0.000000e+00 -8.086895e-17 8.528006e-18 0.000000e+00
2.500000e+00 0.000000e+00 0.000000e+00 -9.154301e-17 1.282113e-18 0.000000e+00
2.500000e+00 2.500000e-01 0.000000e+00 -8.570046e-17 -6.617515e-18 0.000000e+00
2.500000e+00 5.000000e-01 0.000000e+00 -6.636005e-17 -1.121432e-17 0.000000e+00
2.500000e+00 7.500000e-01 0.000000e+00 -4.251644e-17 -1.113801e-17 0.000000e+00
2.500000e+00 1.000000e+00 0.000000e+00 -2.256871e-17 -8.047001e-18 0.000000e+00
2.500000e+00 1.250000e+00 0.000000e+00 -9.960877e-18 -4.510861e-18 0.000000e+00
2.500000e+00 1.500000e+00 0.000000e+00 -3.683617e-18 -2.028502e-18 0.000000e+00
2.500000e+00 1.750000e+00 0.000000e+00 -1.157772e-18 -7.521102e-19 0.000000e+00
2.500000e+00 2.000000e+00 0.000000e+00 -3.162772e-19 -2.370036e-19 0.000000e+00
2.500000e+00 2.250000e+00 0.000000e+00 -7.728458e-20 -6.571135e-20 0.000000e+00
2.500000e+00 2.500000e+00 0.000000e+00 -1.739152e-20 -1.658241e-20 0.000000e+00
