1.523506e-26 8.957261e-26 3.823205e-25 1.228080e-24 3.092873e-24 6.385901e-24 1.137334e-23 1.840661e-23 2.799795e-23 3.986547e-23 5.131986e-23 5.733367e-23 5.381729e-23 4.148456e-23 2.580144e-23 1.273581e-23 4.898309e-24 1.435112e-24 3.112627e-25 4.830005e-26 5.225017e-27
1.059671e-25 5.803676e-25 2.319917e-24 7.049136e-24 1.691381e-23 3.331452e-23 5.625479e-23 8.536684e-23 1.209269e-22 1.613152e-22 1.977544e-22 2.142317e-22 1.979800e-22 1.520509e-22 9.516195e-23 4.770531e-23 1.881122e-23 5.709565e-24 1.297772e-24 2.133226e-25 2.438600e-26
5.153036e-25 2.645782e-24 1.001584e-23 2.907297e-23 6.698783e-23 1.267526e-22 2.044866e-22 2.935260e-22 3.902803e-22 4.900829e-22 5.733069e-22 6.027991e-22 5.485736e-22 4.194664e-22 2.636264e-22 1.337072e-22 5.373525e-23 1.675439e-23 3.946861e-24 6.787842e-25 8.166956e-26
1.809486e-24 8.815891e-24 3.193634e-23 8.926965e-23 1.987554e-22 3.633021e-22 5.634106e-22 7.704483e-22 9.678186e-22 1.148325e-21 1.283376e-21 1.309766e-21 1.173384e-21 8.925342e-22 5.623214e-22 2.877142e-22 1.173442e-22 3.736111e-23 9.048471e-24 1.611493e-24 2.019426e-25
4.730187e-24 2.210198e-23 7.724471e-23 2.091803e-22 4.521209e-22 8.016376e-22 1.200474e-21 1.572292e-21 1.875509e-21 2.108912e-21 2.253198e-21 2.231349e-21 1.967085e-21 1.487610e-21 9.386646e-22 4.838253e-22 1.998796e-22 6.483106e-23 1.609401e-23 2.956575e-24 3.840228e-25
9.405514e-24 4.249917e-23 1.441674e-22 3.798727e-22 7.996186e-22 1.378972e-21 1.999864e-21 2.517316e-21 2.861043e-21 3.054678e-21 3.120851e-21 2.998556e-21 2.601978e-21 1.957786e-21 1.238623e-21 6.443151e-22 2.704141e-22 8.976378e-23 2.299593e-23 4.398570e-24 5.995834e-25
1.439208e-23 6.327540e-23 2.092315e-22 5.379745e-22 1.104921e-21 1.855744e-21 2.609373e-21 3.160836e-21 3.427115e-21 3.476270e-21 3.396892e-21 3.170478e-21 2.715735e-21 2.042014e-21 1.303506e-21 6.905323e-22 2.982611e-22 1.031544e-22 2.791862e-23 5.726806e-24 8.499343e-25
1.694905e-23 7.280241e-23 2.352585e-22 5.910706e-22 1.185071e-21 1.938005e-21 2.640140e-21 3.074269e-21 3.175958e-21 3.058653e-21 2.864141e-21 2.613065e-21 2.232163e-21 1.700017e-21 1.114042e-21 6.146156e-22 2.809413e-22 1.045502e-22 3.091789e-23 7.020114e-24 1.166338e-24
1.509568e-23 6.343431e-23 2.003437e-22 4.914761e-22 9.605436e-22 1.526142e-21 2.007865e-21 2.238169e-21 2.194608e-21 2.007679e-21 1.821051e-21 1.659983e-21 1.453267e-21 1.153532e-21 7.992983e-22 4.731726e-22 2.350122e-22 9.568245e-23 3.094708e-23 7.642625e-24 1.371091e-24
9.602772e-24 3.924788e-23 1.203416e-22 2.862627e-22 5.415050e-22 8.291890e-22 1.042791e-21 1.098679e-21 1.012507e-21 8.882639e-22 8.152800e-22 7.878137e-22 7.376514e-22 6.212507e-22 4.543882e-22 2.832835e-22 1.471623e-22 6.164692e-23 1.996862e-23 4.752911e-24 7.762106e-25
3.501861e-24 1.320975e-23 3.707067e-23 8.017097e-23 1.364915e-22 1.835490e-22 1.917304e-22 1.514432e-22 9.448561e-23 7.145161e-23 9.472118e-23 1.207717e-22 1.035137e-22 4.644607e-23 -1.150047e-23 -4.164643e-23 -4.303694e-23 -2.969763e-23 -1.509706e-23 -5.672497e-24 -1.531949e-24
-5.156149e-25 -3.778626e-24 -1.675067e-23 -5.217398e-23 -1.233659e-22 -2.336116e-22 -3.676553e-22 -4.912255e-22 -5.654499e-22 -5.811225e-22 -5.829902e-22 -6.326804e-22 -7.304036e-22 -7.965293e-22 -7.490643e-22 -5.840089e-22 -3.715354e-22 -1.904432e-22 -7.725224e-23 -2.415523e-23 -5.615499e-24
-1.930414e-24 -9.984914e-24 -3.771034e-23 -1.091087e-22 -2.515579e-22 -4.772185e-22 -7.631299e-22 -1.048477e-21 -1.267483e-21 -1.408253e-21 -1.533159e-21 -1.703501e-21 -1.873971e-21 -1.900063e-21 -1.674721e-21 -1.240445e-21 -7.565166e-22 -3.732929e-22 -1.459970e-22 -4.407153e-23 -9.915745e-24
-1.849238e-24 -1.009773e-23 -4.079637e-23 -1.276772e-22 -3.201510e-22 -6.588906e-22 -1.132591e-21 -1.652912e-21 -2.097446e-21 -2.407877e-21 -2.633230e-21 -2.835845e-21 -2.960067e-21 -2.847010e-21 -2.401890e-21 -1.717883e-21 -1.017515e-21 -4.891248e-22 -1.866557e-22 -5.503711e-23 -1.211181e-23
-1.408169e-24 -8.573680e-24 -3.836170e-23 -1.316972e-22 -3.574147e-22 -7.833466e-22 -1.410385e-21 -2.123263e-21 -2.738891e-21 -3.140924e-21 -3.354722e-21 -3.455775e-21 -3.422921e-21 -3.139232e-21 -2.548387e-21 -1.767065e-21 -1.019470e-21 -4.784815e-22 -1.784546e-22 -5.144184e-23 -1.106861e-23
-1.024998e-24 -6.853810e-24 -3.314036e-23 -1.210014e-22 -3.439765e-22 -7.789315e-22 -1.431998e-21 -2.178420e-21 -2.808946e-21 -3.175698e-21 -3.286271e-21 -3.230768e-21 -3.040141e-21 -2.664027e-21 -2.084675e-21 -1.403147e-21 -7.889370e-22 -3.614639e-22 -1.316143e-22 -3.700826e-23 -7.756318e-24
-6.911240e-25 -4.882454e-24 -2.468701e-23 -9.327982e-23 -2.718423e-22 -6.259003e-22 -1.161480e-21 -1.770859e-21 -2.269117e-21 -2.519366e-21 -2.521674e-21 -2.365390e-21 -2.114116e-21 -1.769005e-21 -1.333545e-21 -8.706952e-22 -4.766487e-22 -2.128310e-22 -7.545389e-23 -2.061105e-23 -4.182577e-24
-3.910348e-25 -2.864750e-24 -1.493570e-23 -5.780596e-23 -1.714696e-22 -3.995184e-22 -7.460686e-22 -1.137755e-21 -1.446849e-21 -1.576641e-21 -1.526384e-21 -1.365597e-21 -1.157099e-21 -9.218699e-22 -6.676164e-22 -4.218574e-22 -2.243201e-22 -9.732383e-23 -3.345464e-23 -8.825346e-24 -1.720013e-24
-1.728398e-25 -1.314658e-24 -7.073926e-24 -2.806682e-23 -8.481287e-23 -2.001392e-22 -3.763664e-22 -5.743614e-22 -7.250925e-22 -7.757453e-22 -7.265897e-22 -6.194595e-22 -4.960198e-22 -3.744539e-22 -2.592977e-22 -1.579473e-22 -8.127642e-23 -3.411278e-23 -1.130316e-23 -2.856735e-24 -5.291545e-25
-5.710188e-26 -4.554605e-25 -2.550959e-24 -1.044333e-23 -3.230344e-23 -7.747178e-23 -1.470523e-22 -2.248828e-22 -2.820390e-22 -2.963475e-22 -2.685327e-22 -2.178609e-22 -1.641717e-22 -1.166850e-22 -7.676240e-23 -4.482808e-23 -2.220786e-23 -8.962955e-24 -2.840353e-24 -6.807251e-25 -1.183914e-25
-1.363246e-26 -1.151601e-25 -6.795247e-25 -2.898764e-24 -9.245325e-24 -2.264838e-23 -4.353229e-23 -6.682691e-23 -8.331142e-23 -8.596050e-23 -7.529999e-23 -5.800968e-23 -4.093041e-23 -2.717519e-23 -1.684601e-23 -9.365732e-24 -4.437230e-24 -1.708710e-24 -5.127891e-25 -1.151973e-25 -1.866065e-26
