0.000000e+00 0.000000e+00 -1.000000e+00 -5.533705e-32 0.000000e+00 5.222315e-14
0.000000e+00 0.000000e+00 -9.500000e-01 1.106741e-32 -2.656179e-31 5.887684e-14
0.000000e+00 0.000000e+00 -9.000000e-01 -2.213482e-32 -3.098875e-31 6.678261e-14
0.000000e+00 0.000000e+00 -8.500000e-01 -1.660112e-32 -4.426964e-32 7.624426e-14
0.000000e+00 0.000000e+00 -8.000000e-01 -1.106741e-32 -1.770786e-31 8.764668e-14
0.000000e+00 0.000000e+00 -7.500000e-01 0.000000e+00 -2.656179e-31 1.014713e-13
0.000000e+00 0.000000e+00 -7.000000e-01 8.853929e-32 -5.312357e-31 1.183129e-13
0.000000e+00 0.000000e+00 -6.500000e-01 -8.853929e-32 4.426964e-31 1.389470e-13
0.000000e+00 0.000000e+00 -6.000000e-01 5.533705e-32 -8.853929e-31 1.647711e-13
0.000000e+00 0.000000e+00 -5.500000e-01 -8.853929e-32 -7.083143e-31 2.001641e-13
0.000000e+00 0.000000e+00 -5.000000e-01 4.758987e-31 -5.312357e-31 2.614981e-13
0.000000e+00 0.000000e+00 -4.500000e-01 2.213482e-31 1.062471e-30 3.933988e-13
0.000000e+00 0.000000e+00 -4.000000e-01 2.877527e-31 5.312357e-30 6.356333e-13
0.000000e+00 0.000000e+00 -3.500000e-01 -1.770786e-31 2.124943e-30 8.760294e-13
0.000000e+00 0.000000e+00 -3.000000e-01 -7.968536e-31 1.310381e-29 9.168769e-13
0.000000e+00 0.000000e+00 -2.500000e-01 -8.853929e-32 7.083143e-30 7.783558e-13
0.000000e+00 0.000000e+00 -2.000000e-01 5.843593e-30 1.274966e-28 5.972062e-13
0.000000e+00 0.000000e+00 -1.500000e-01 -1.505168e-30 -2.266606e-29 4.384923e-13
0.000000e+00 0.000000e+00 -1.000000e-01 -1.593707e-30 1.345797e-29 3.044644e-13
0.000000e+00 0.000000e+00 -5.000000e-02 0.000000e+00 -1.416629e-29 1.879235e-13
0.000000e+00 0.000000e+00 3.191891e-16 4.426964e-31 5.666514e-30 7.517232e-14
0.000000e+00 0.000000e+00 5.000000e-02 1.106741e-32 -5.666514e-30 -4.237716e-14
0.000000e+00 0.000000e+00 1.000000e-01 -2.877527e-31 2.209941e-28 -1.734855e-13
0.000000e+00 0.000000e+00 1.500000e-01 -2.877527e-30 0.000000e+00 -3.228036e-13
0.000000e+00 0.000000e+00 2.000000e-01 -6.640446e-31 1.416629e-30 -4.898353e-13
0.000000e+00 0.000000e+00 2.500000e-01 -3.984268e-31 6.374829e-30 -6.602846e-13
0.000000e+00 0.000000e+00 3.000000e-01 -2.434830e-31 1.027056e-29 -7.592163e-13
0.000000e+00 0.000000e+00 3.500000e-01 8.853929e-32 8.393524e-29 -6.671657e-13
0.000000e+00 0.000000e+00 4.000000e-01 -3.541571e-31 1.062471e-30 -4.110397e-13
0.000000e+00 0.000000e+00 4.500000e-01 1.106741e-31 1.239550e-30 -1.955222e-13
0.000000e+00 0.000000e+00 5.000000e-01 3.818257e-31 -2.656179e-31 -9.721695e-14
0.000000e+00 0.000000e+00 5.500000e-01 -1.604775e-31 7.083143e-31 -6.065745e-14
0.000000e+00 0.000000e+00 6.000000e-01 2.213482e-32 1.770786e-31 -4.323833e-14
0.000000e+00 0.000000e+00 6.500000e-01 2.019802e-31 -5.755054e-31 -3.169622e-14
0.000000e+00 0.000000e+00 7.000000e-01 5.810391e-32 -7.968536e-31 -2.303743e-14
0.000000e+00 0.000000e+00 7.500000e-01 -8.023873e-32 -8.853929e-32 -1.643029e-14
0.000000e+00 0.000000e+00 8.000000e-01 -3.498685e-30 4.511077e-29 -1.140863e-14
0.000000e+00 0.000000e+00 8.500000e-01 1.383426e-32 1.328089e-31 -7.604857e-15
0.000000e+00 0.000000e+00 9.000000e-01 -8.300558e-33 5.755054e-31 -4.725433e-15
0.000000e+00 0.000000e+00 9.500000e-01 2.905195e-32 1.328089e-31 -2.543900e-15
0.000000e+00 0.000000e+00 1.000000e+00 -2.213482e-32 2.213482e-31 -8.894248e-16
0.000000e+00 0.000000e+00 1.050000e+00 1.106741e-32 -4.426964e-32 3.656451e-16
0.000000e+00 0.000000e+00 1.100000e+00 -2.144311e-32 -2.213482e-32 1.316565e-15
0.000000e+00 0.000000e+00 1.150000e+00 -4.426964e-32 -6.640446e-32 2.034636e-15
0.000000e+00 0.000000e+00 1.200000e+00 -6.917132e-34 -2.213482e-32 2.573514e-15
0.000000e+00 0.000000e+00 1.250000e+00 -5.346666e-29 2.801162e-29 2.973833e-15
0.000000e+00 0.000000e+00 1.300000e+00 6.917132e-33 3.320223e-32 3.266568e-15
0.000000e+00 0.000000e+00 1.350000e+00 -9.683984e-33 -4.426964e-32 3.475486e-15
0.000000e+00 0.000000e+00 1.400000e+00 6.917132e-34 -1.106741e-32 3.618935e-15
0.000000e+00 0.000000e+00 1.450000e+00 -6.917132e-34 -1.106741e-32 3.711165e-15
0.000000e+00 0.000000e+00 1.500000e+00 3.458566e-34 -1.106741e-32 3.763297e-15
0.000000e+00 0.000000e+00 1.550000e+00 4.841992e-33 -3.320223e-32 3.784058e-15
0.000000e+00 0.000000e+00 1.600000e+00 -3.458566e-33 -1.660112e-32 3.780320e-15
0.000000e+00 0.000000e+00 1.650000e+00 1.383426e-33 -3.873594e-32 3.757521e-15
0.000000e+00 0.000000e+00 1.700000e+00 3.112709e-33 8.012805e-30 3.719972e-15
0.000000e+00 0.000000e+00 1.750000e+00 1.279669e-32 9.407299e-32 3.671105e-15
0.000000e+00 0.000000e+00 1.800000e+00 -6.917132e-34 1.660112e-32 3.613656e-15
0.000000e+00 0.000000e+00 1.850000e+00 -2.282653e-32 -4.980335e-32 3.549811e-15
0.000000e+00 0.000000e+00 1.900000e+00 -5.533705e-33 2.213482e-32 3.481315e-15
0.000000e+00 0.000000e+00 1.950000e+00 -1.037570e-33 2.213482e-32 3.409566e-15
