0.000000e+00 0.000000e+00 0.000000e+00 0.000000e+00 0.000000e+00 0.000000e+00 0.000000e+00
1.000000e-04 -7.791081e-05 1.019721e-03 4.458071e-02 -1.305718e-14 1.708965e-13 5.396562e-12
2.000000e-04 -1.279888e-04 1.864624e-03 7.668892e-02 -8.392641e-15 1.415985e-13 5.381060e-12
3.000000e-04 -9.249341e-05 2.765157e-03 1.087557e-01 5.948723e-15 1.509215e-13 5.374120e-12
4.000000e-04 1.602409e-05 3.599800e-03 1.409309e-01 1.818660e-14 1.398789e-13 5.392278e-12
5.000000e-04 6.063787e-05 4.378581e-03 1.731512e-01 7.476886e-15 1.305170e-13 5.399844e-12
6.000000e-04 1.820065e-04 5.135793e-03 2.051072e-01 2.034034e-14 1.269023e-13 5.355553e-12
7.000000e-04 1.997080e-04 6.016662e-03 2.369138e-01 2.966621e-15 1.476260e-13 5.330526e-12
8.000000e-04 1.072769e-04 6.934192e-03 2.687526e-01 -1.549067e-14 1.537702e-13 5.335909e-12
9.000000e-04 1.160329e-04 7.729468e-03 3.004177e-01 1.467434e-15 1.332814e-13 5.306794e-12
1.000000e-03 9.634311e-05 8.423964e-03 3.320977e-01 -3.299836e-15 1.163915e-13 5.309289e-12
1.100000e-03 4.892108e-05 9.087056e-03 3.636453e-01 -7.947526e-15 1.111286e-13 5.287104e-12
1.200000e-03 1.340977e-04 9.849314e-03 3.950611e-01 1.427487e-14 1.277478e-13 5.265028e-12
1.300000e-03 1.958122e-04 1.060746e-02 4.263756e-01 1.034281e-14 1.270590e-13 5.248041e-12
1.400000e-03 1.131559e-04 1.129575e-02 4.573965e-01 -1.385248e-14 1.153509e-13 5.198836e-12
1.500000e-03 9.299015e-05 1.195300e-02 4.882740e-01 -3.379606e-15 1.101498e-13 5.174791e-12
1.600000e-03 6.357909e-06 1.260540e-02 5.190029e-01 -1.451882e-14 1.093368e-13 5.149909e-12
1.700000e-03 1.110696e-04 1.320949e-02 5.495440e-01 1.754879e-14 1.012396e-13 5.118425e-12
1.800000e-03 1.252484e-04 1.373554e-02 5.801835e-01 2.376231e-15 8.816220e-14 5.134908e-12
1.900000e-03 2.444123e-04 1.425086e-02 6.105754e-01 1.997085e-14 8.636321e-14 5.093428e-12
2.000000e-03 3.451674e-04 1.490324e-02 6.406911e-01 1.688569e-14 1.093336e-13 5.047131e-12
2.100000e-03 3.967132e-04 1.549518e-02 6.707145e-01 8.638633e-15 9.920286e-14 5.031660e-12
2.200000e-03 3.564598e-04 1.616545e-02 7.003515e-01 -6.746112e-15 1.123317e-13 4.966911e-12
2.300000e-03 3.040734e-04 1.664029e-02 7.297771e-01 -8.779516e-15 7.957958e-14 4.931476e-12
2.400000e-03 3.583001e-04 1.711635e-02 7.591953e-01 9.087925e-15 7.978381e-14 4.930241e-12
2.500000e-03 4.752437e-04 1.761138e-02 7.881462e-01 1.959874e-14 8.296164e-14 4.851913e-12
2.600000e-03 4.564378e-04 1.807161e-02 8.167770e-01 -3.151697e-15 7.713132e-14 4.798280e-12
2.700000e-03 3.688224e-04 1.868442e-02 8.452471e-01 -1.468359e-14 1.027015e-13 4.771349e-12
2.800000e-03 3.623391e-04 1.925207e-02 8.735778e-01 -1.086546e-15 9.513318e-14 4.747972e-12
2.900000e-03 4.436424e-04 1.987083e-02 9.015483e-01 1.362572e-14 1.036985e-13 4.687616e-12
3.000000e-03 4.025256e-04 2.040084e-02 9.293561e-01 -6.890823e-15 8.882570e-14 4.660348e-12
3.100000e-03 3.143731e-04 2.080853e-02 9.568015e-01 -1.477360e-14 6.832572e-14 4.599611e-12
3.200000e-03 3.306122e-04 2.127554e-02 9.839889e-01 2.721539e-15 7.826696e-14 4.556376e-12
3.300000e-03 9.362926e-05 2.179159e-02 1.010929e+00 -3.971630e-14 8.648583e-14 4.514902e-12
3.400000e-03 5.121729e-05 2.232928e-02 1.037567e+00 -7.107881e-15 9.011189e-14 4.464380e-12
3.500000e-03 5.617344e-06 2.287642e-02 1.063939e+00 -7.642160e-15 9.169499e-14 4.419704e-12
3.600000e-03 5.848073e-05 2.334821e-02 1.090058e+00 8.859450e-15 7.906924e-14 4.377279e-12
3.700000e-03 2.011944e-04 2.377388e-02 1.115974e+00 2.391758e-14 7.133822e-14 4.343356e-12
3.800000e-03 8.022252e-05 2.437319e-02 1.141453e+00 -2.027384e-14 1.004391e-13 4.270008e-12
3.900000e-03 -8.999889e-05 2.488331e-02 1.166540e+00 -2.852764e-14 8.549093e-14 4.204378e-12
4.000000e-03 8.216835e-05 2.532677e-02 1.191547e+00 2.885375e-14 7.432124e-14 4.190952e-12
4.100000e-03 1.445800e-04 2.579800e-02 1.216225e+00 1.045966e-14 7.897434e-14 4.135787e-12
4.200000e-03 -7.753976e-07 2.624619e-02 1.240724e+00 -2.436031e-14 7.511207e-14 4.105806e-12
4.300000e-03 1.204330e-04 2.663657e-02 1.264907e+00 2.031348e-14 6.542489e-14 4.052928e-12
4.400000e-03 1.306144e-04 2.702877e-02 1.288811e+00 1.706319e-15 6.572926e-14 4.006031e-12
4.500000e-03 -7.151932e-05 2.744536e-02 1.312427e+00 -3.387588e-14 6.981720e-14 3.957967e-12
4.600000e-03 -1.076126e-04 2.786091e-02 1.335672e+00 -6.048919e-15 6.964191e-14 3.895583e-12
4.700000e-03 -1.203359e-04 2.807187e-02 1.358824e+00 -2.132317e-15 3.535436e-14 3.880034e-12
4.800000e-03 -8.871763e-06 2.845801e-02 1.381730e+00 1.868043e-14 6.471380e-14 3.838968e-12
4.900000e-03 -3.023886e-05 2.874093e-02 1.404256e+00 -3.580942e-15 4.741554e-14 3.775148e-12
5.000000e-03 3.800157e-05 2.913172e-02 1.426634e+00 1.143651e-14 6.549364e-14 3.750334e-12
5.100000e-03 6.583815e-05 2.939418e-02 1.448598e+00 4.665171e-15 4.398492e-14 3.680957e-12
5.200000e-03 6.332859e-06 2.967485e-02 1.470327e+00 -9.972574e-15 4.703829e-14 3.641639e-12
5.300000e-03 -1.339401e-04 2.987159e-02 1.491942e+00 -2.350854e-14 3.297155e-14 3.622407e-12
5.400000e-03 -1.605464e-04 3.004369e-02 1.513157e+00 -4.458988e-15 2.884282e-14 3.555500e-12
5.500000e-03 -9.790349e-05 3.032892e-02 1.534250e+00 1.049841e-14 4.780219e-14 3.534949e-12
5.600000e-03 -3.677575e-05 3.056015e-02 1.555162e+00 1.024448e-14 3.875266e-14 3.504701e-12
5.700000e-03 -3.073184e-06 3.068075e-02 1.575730e+00 5.648260e-15 2.021153e-14 3.447032e-12
5.800000e-03 -4.873225e-05 3.097935e-02 1.596271e+00 -7.652067e-15 5.004292e-14 3.442486e-12
5.900000e-03 -1.830980e-05 3.101353e-02 1.616485e+00 5.098541e-15 5.727155e-15 3.387614e-12
6.000000e-03 -4.076460e-05 3.120992e-02 1.636533e+00 -3.763232e-15 3.291432e-14 3.359958e-12
6.100000e-03 6.327758e-05 3.125627e-02 1.656522e+00 1.743658e-14 7.766655e-15 3.349904e-12
6.200000e-03 -9.599456e-05 3.160704e-02 1.676186e+00 -2.669264e-14 5.878700e-14 3.295663e-12
6.300000e-03 -1.660591e-04 3.186334e-02 1.695620e+00 -1.174222e-14 4.295290e-14 3.256896e-12
6.400000e-03 -1.346195e-04 3.205084e-02 1.714985e+00 5.269008e-15 3.142366e-14 3.245350e-12
6.500000e-03 -1.359383e-04 3.227616e-02 1.734038e+00 -2.210170e-16 3.776122e-14 3.193238e-12
6.600000e-03 -8.593073e-05 3.240595e-02 1.752945e+00 8.380842e-15 2.175219e-14 3.168653e-12
6.700000e-03 -8.639841e-05 3.240805e-02 1.771635e+00 -7.837951e-17 3.524379e-16 3.132288e-12
6.800000e-03 -2.269103e-04 3.238977e-02 1.790137e+00 -2.354858e-14 -3.063188e-15 3.100649e-12
6.900000e-03 -4.018475e-04 3.245459e-02 1.808341e+00 -2.931797e-14 1.086195e-14 3.050965e-12
7.000000e-03 -4.993925e-04 3.247180e-02 1.826493e+00 -1.634771e-14 2.885202e-15 3.042027e-12
7.100000e-03 -5.169582e-04 3.247925e-02 1.844532e+00 -2.943848e-15 1.248841e-15 3.023269e-12
7.200000e-03 -5.778626e-04 3.250436e-02 1.862289e+00 -1.020706e-14 4.208429e-15 2.975926e-12
7.300000e-03 -5.280379e-04 3.274875e-02 1.880039e+00 8.350189e-15 4.095695e-14 2.974648e-12
7.400000e-03 -4.923860e-04 3.292421e-02 1.897423e+00 5.974951e-15 2.940605e-14 2.913466e-12
7.500000e-03 -4.454527e-04 3.299580e-02 1.914715e+00 7.865617e-15 1.199776e-14 2.898039e-12
7.600000e-03 -5.315720e-04 3.311211e-02 1.931941e+00 -1.443285e-14 1.949290e-14 2.886851e-12
7.700000e-03 -5.799296e-04 3.317587e-02 1.948976e+00 -8.104331e-15 1.068522e-14 2.855006e-12
7.800000e-03 -5.526229e-04 3.323858e-02 1.965889e+00 4.576375e-15 1.050883e-14 2.834342e-12
7.900000e-03 -4.381747e-04 3.328621e-02 1.982561e+00 1.918054e-14 7.982788e-15 2.794077e-12
8.000000e-03 -4.555204e-04 3.335338e-02 1.999138e+00 -2.906993e-15 1.125630e-14 2.778253e-12
8.100000e-03 -4.247602e-04 3.339506e-02 2.015648e+00 5.155140e-15 6.986703e-15 2.766826e-12
8.200000e-03 -3.184065e-04 3.349647e-02 2.032129e+00 1.782396e-14 1.699414e-14 2.762126e-12
8.300000e-03 -3.093023e-04 3.366700e-02 2.048212e+00 1.525796e-15 2.858047e-14 2.695467e-12
8.400000e-03 -3.416008e-04 3.369696e-02 2.064247e+00 -5.412954e-15 5.020755e-15 2.687180e-12
8.500000e-03 -1.840463e-04 3.381478e-02 2.080154e+00 2.640478e-14 1.974583e-14 2.665870e-12
8.600000e-03 -2.970186e-04 3.382004e-02 2.095961e+00 -1.893318e-14 8.815638e-16 2.649187e-12
8.700000e-03 -2.204937e-04 3.381417e-02 2.111680e+00 1.282490e-14 -9.847662e-16 2.634381e-12
8.800000e-03 -1.751072e-04 3.380841e-02 2.127046e+00 7.606399e-15 -9.650586e-16 2.575166e-12
8.900000e-03 -1.480221e-04 3.383384e-02 2.142465e+00 4.539228e-15 4.262842e-15 2.584160e-12
9.000000e-03 -2.854388e-04 3.384628e-02 2.157979e+00 -2.302987e-14 2.083737e-15 2.600061e-12
9.100000e-03 -1.839080e-04 3.370116e-02 2.173129e+00 1.701569e-14 -2.432117e-14 2.538917e-12
9.200000e-03 -1.427312e-04 3.364541e-02 2.188135e+00 6.900880e-15 -9.341999e-15 2.514907e-12
9.300000e-03 -1.420980e-04 3.357091e-02 2.203072e+00 1.061175e-16 -1.248537e-14 2.503385e-12
9.400000e-03 -1.877882e-04 3.358580e-02 2.217889e+00 -7.657285e-15 2.494419e-15 2.483144e-12
9.500000e-03 -1.596902e-04 3.365567e-02 2.232419e+00 4.708994e-15 1.170950e-14 2.435089e-12
9.600000e-03 -2.403973e-04 3.362644e-02 2.247082e+00 -1.352582e-14 -4.897664e-15 2.457420e-12
9.700000e-03 -3.239875e-04 3.364326e-02 2.261686e+00 -1.400899e-14 2.818030e-15 2.447395e-12
9.800000e-03 -2.790469e-04 3.358828e-02 2.276084e+00 7.531644e-15 -9.214700e-15 2.412998e-12
9.900000e-03 -2.103297e-04 3.347263e-02 2.290267e+00 1.151641e-14 -1.938082e-14 2.376927e-12
1.000000e-02 -3.048620e-04 3.334504e-02 2.304577e+00 -1.584280e-14 -2.138309e-14 2.398267e-12
1.010000e-02 -3.918819e-04 3.323966e-02 2.318660e+00 -1.458379e-14 -1.766114e-14 2.360153e-12
1.020000e-02 -2.946678e-04 3.323778e-02 2.332722e+00 1.629226e-14 -3.145961e-16 2.356689e-12
1.030000e-02 -2.683563e-04 3.308002e-02 2.346623e+00 4.409583e-15 -2.643975e-14 2.329826e-12
1.040000e-02 -3.570605e-04 3.301747e-02 2.360444e+00 -1.486607e-14 -1.048226e-14 2.316180e-12
1.050000e-02 -2.004384e-04 3.304446e-02 2.374141e+00 2.624852e-14 4.522852e-15 2.295597e-12
1.060000e-02 -1.939010e-04 3.297102e-02 2.387639e+00 1.095620e-15 -1.230862e-14 2.262004e-12
1.070000e-02 -2.259015e-04 3.299759e-02 2.401218e+00 -5.363019e-15 4.453303e-15 2.275851e-12
1.080000e-02 -1.954746e-04 3.300306e-02 2.414672e+00 5.099289e-15 9.167966e-16 2.254706e-12
1.090000e-02 -4.416312e-05 3.295574e-02 2.427998e+00 2.535851e-14 -7.930466e-15 2.233289e-12
1.100000e-02 -2.099303e-05 3.295427e-02 2.441195e+00 3.883107e-15 -2.459377e-16 2.211721e-12
1.110000e-02 3.710452e-05 3.288318e-02 2.454401e+00 9.736650e-15 -1.191481e-14 2.213186e-12
1.120000e-02 -1.635610e-06 3.295353e-02 2.467423e+00 -6.492513e-15 1.179031e-14 2.182415e-12
1.130000e-02 -2.154661e-05 3.292816e-02 2.480461e+00 -3.336913e-15 -4.250941e-15 2.185129e-12
1.140000e-02 5.273999e-05 3.284795e-02 2.493244e+00 1.244980e-14 -1.344327e-14 2.142346e-12
1.150000e-02 -2.148849e-05 3.273433e-02 2.506012e+00 -1.244006e-14 -1.904180e-14 2.139661e-12
1.160000e-02 7.307440e-05 3.256310e-02 2.518703e+00 1.584793e-14 -2.869564e-14 2.126953e-12
1.170000e-02 4.579503e-05 3.257535e-02 2.531293e+00 -4.571788e-15 2.052542e-15 2.110012e-12
1.180000e-02 -1.842224e-05 3.233654e-02 2.543885e+00 -1.076226e-14 -4.002292e-14 2.110235e-12
1.190000e-02 -5.322653e-05 3.215942e-02 2.556396e+00 -5.832900e-15 -2.968356e-14 2.096779e-12
1.200000e-02 -4.298315e-05 3.207670e-02 2.568895e+00 1.716702e-15 -1.386299e-14 2.094796e-12
1.210000e-02 -7.726198e-05 3.190680e-02 2.581354e+00 -5.744837e-15 -2.847354e-14 2.088025e-12
1.220000e-02 -8.735905e-05 3.177353e-02 2.593668e+00 -1.692183e-15 -2.233552e-14 2.063669e-12
1.230000e-02 -8.049432e-05 3.160520e-02 2.605941e+00 1.150470e-15 -2.821007e-14 2.056888e-12
1.240000e-02 -3.931638e-05 3.139445e-02 2.618151e+00 6.901070e-15 -3.532006e-14 2.046316e-12
1.250000e-02 -3.962209e-05 3.139398e-02 2.630296e+00 -5.123424e-17 -7.980252e-17 2.035260e-12
1.260000e-02 -6.581593e-05 3.138650e-02 2.642350e+00 -4.389863e-15 -1.253575e-15 2.020164e-12
1.270000e-02 2.238351e-05 3.138219e-02 2.654143e+00 1.478147e-14 -7.214127e-16 1.976472e-12
1.280000e-02 1.282851e-04 3.130134e-02 2.665940e+00 1.774819e-14 -1.355044e-14 1.977069e-12
1.290000e-02 1.731970e-04 3.119815e-02 2.677669e+00 7.526852e-15 -1.729271e-14 1.965740e-12
1.300000e-02 9.236020e-05 3.105740e-02 2.689320e+00 -1.354755e-14 -2.358943e-14 1.952551e-12
1.310000e-02 5.025866e-05 3.087781e-02 2.700871e+00 -7.055856e-15 -3.009705e-14 1.935775e-12
1.320000e-02 3.845510e-05 3.070832e-02 2.712471e+00 -1.978175e-15 -2.840455e-14 1.944192e-12
1.330000e-02 -3.665386e-05 3.054862e-02 2.724010e+00 -1.258762e-14 -2.676514e-14 1.933719e-12
1.340000e-02 -1.236844e-04 3.031096e-02 2.735481e+00 -1.458557e-14 -3.982974e-14 1.922515e-12
1.350000e-02 -9.023592e-05 3.034930e-02 2.746894e+00 5.605680e-15 6.425917e-15 1.912734e-12
1.360000e-02 7.951626e-06 3.014399e-02 2.758043e+00 1.645539e-14 -3.440837e-14 1.868383e-12
1.370000e-02 -7.834020e-05 3.007911e-02 2.769230e+00 -1.446177e-14 -1.087330e-14 1.874829e-12
1.380000e-02 1.138984e-04 2.994953e-02 2.780421e+00 3.221754e-14 -2.171658e-14 1.875614e-12
1.390000e-02 7.922429e-05 2.987208e-02 2.791611e+00 -5.811083e-15 -1.297979e-14 1.875275e-12
1.400000e-02 -8.649884e-05 2.973026e-02 2.802606e+00 -2.777377e-14 -2.376822e-14 1.842754e-12
1.410000e-02 -2.036467e-04 2.962546e-02 2.813583e+00 -1.963298e-14 -1.756305e-14 1.839552e-12
1.420000e-02 -1.026259e-04 2.939875e-02 2.824553e+00 1.693023e-14 -3.799512e-14 1.838577e-12
1.430000e-02 1.795336e-05 2.930053e-02 2.835407e+00 2.020804e-14 -1.646151e-14 1.818963e-12
1.440000e-02 1.687831e-04 2.912852e-02 2.846297e+00 2.527777e-14 -2.882666e-14 1.825052e-12
1.450000e-02 2.982254e-04 2.897134e-02 2.857111e+00 2.169342e-14 -2.634220e-14 1.812348e-12
1.460000e-02 3.152128e-04 2.878716e-02 2.867871e+00 2.846948e-15 -3.086724e-14 1.803334e-12
1.470000e-02 2.455926e-04 2.860829e-02 2.878482e+00 -1.166775e-14 -2.997688e-14 1.778290e-12
1.480000e-02 3.056317e-04 2.847266e-02 2.889101e+00 1.006203e-14 -2.272986e-14 1.779704e-12
1.490000e-02 2.727394e-04 2.833844e-02 2.899748e+00 -5.512464e-15 -2.249411e-14 1.784255e-12
1.500000e-02 3.238069e-04 2.818223e-02 2.910264e+00 8.558462e-15 -2.618012e-14 1.762406e-12
1.510000e-02 4.271895e-04 2.807353e-02 2.920812e+00 1.732604e-14 -1.821687e-14 1.767848e-12
1.520000e-02 4.392073e-04 2.782420e-02 2.931122e+00 2.014088e-15 -4.178618e-14 1.727859e-12
1.530000e-02 4.236894e-04 2.766925e-02 2.941536e+00 -2.600671e-15 -2.596788e-14 1.745227e-12
1.540000e-02 5.009694e-04 2.747479e-02 2.951749e+00 1.295147e-14 -3.258936e-14 1.711579e-12
1.550000e-02 5.302948e-04 2.732713e-02 2.961973e+00 4.914677e-15 -2.474772e-14 1.713519e-12
1.560000e-02 4.292026e-04 2.712401e-02 2.972223e+00 -1.694219e-14 -3.403993e-14 1.717850e-12
1.570000e-02 2.703937e-04 2.696462e-02 2.982476e+00 -2.661500e-14 -2.671210e-14 1.718236e-12
1.580000e-02 1.640282e-04 2.686341e-02 2.992651e+00 -1.782594e-14 -1.696268e-14 1.705256e-12
1.590000e-02 1.797567e-04 2.658232e-02 3.002713e+00 2.635954e-15 -4.710831e-14 1.686343e-12
1.600000e-02 2.479526e-04 2.632960e-02 3.012714e+00 1.142906e-14 -4.235330e-14 1.675975e-12
1.610000e-02 1.605509e-04 2.624599e-02 3.022643e+00 -1.464778e-14 -1.401215e-14 1.664120e-12
1.620000e-02 6.963233e-05 2.593934e-02 3.032615e+00 -1.523718e-14 -5.139227e-14 1.671265e-12
1.630000e-02 -9.554309e-06 2.574637e-02 3.042275e+00 -1.327100e-14 -3.234104e-14 1.618827e-12
1.640000e-02 1.482566e-05 2.569027e-02 3.052061e+00 4.085873e-15 -9.400618e-15 1.640007e-12
1.650000e-02 4.037381e-05 2.561918e-02 3.061782e+00 4.281651e-15 -1.191535e-14 1.629259e-12
1.660000e-02 -8.068479e-05 2.543169e-02 3.071534e+00 -2.028838e-14 -3.142056e-14 1.634321e-12
1.670000e-02 -6.783344e-05 2.536010e-02 3.081431e+00 2.153776e-15 -1.199791e-14 1.658664e-12
1.680000e-02 2.414791e-05 2.525216e-02 3.091089e+00 1.541528e-14 -1.809003e-14 1.618518e-12
1.690000e-02 -5.386203e-05 2.505525e-02 3.100797e+00 -1.307379e-14 -3.300038e-14 1.627083e-12
1.700000e-02 -7.243332e-05 2.490461e-02 3.110327e+00 -3.112389e-15 -2.524606e-14 1.597032e-12
1.710000e-02 -5.979894e-05 2.470418e-02 3.119843e+00 2.117414e-15 -3.359055e-14 1.594931e-12
1.720000e-02 -1.358567e-04 2.446893e-02 3.129286e+00 -1.274663e-14 -3.942559e-14 1.582519e-12
1.730000e-02 -1.905157e-04 2.433033e-02 3.138645e+00 -9.160370e-15 -2.322808e-14 1.568506e-12
1.740000e-02 -1.218063e-04 2.418696e-02 3.147918e+00 1.151511e-14 -2.402818e-14 1.553971e-12
1.750000e-02 -1.421739e-04 2.395251e-02 3.157378e+00 -3.413440e-15 -3.929122e-14 1.585434e-12
1.760000e-02 -7.627885e-05 2.380992e-02 3.166699e+00 1.104344e-14 -2.389710e-14 1.562255e-12
1.770000e-02 -2.998368e-06 2.360531e-02 3.176029e+00 1.228118e-14 -3.429122e-14 1.563553e-12
1.780000e-02 -6.528793e-06 2.344314e-02 3.185188e+00 -5.916688e-16 -2.717756e-14 1.534936e-12
1.790000e-02 1.662871e-04 2.337099e-02 3.194350e+00 2.896247e-14 -1.209215e-14 1.535485e-12
1.800000e-02 1.584104e-04 2.325848e-02 3.203553e+00 -1.320070e-15 -1.885578e-14 1.542426e-12
1.810000e-02 1.766151e-04 2.316966e-02 3.212587e+00 3.050941e-15 -1.488547e-14 1.513942e-12
1.820000e-02 1.054340e-04 2.303507e-02 3.221663e+00 -1.192934e-14 -2.255670e-14 1.520998e-12
1.830000e-02 1.067363e-04 2.279070e-02 3.230730e+00 2.182599e-16 -4.095302e-14 1.519701e-12
1.840000e-02 1.236022e-04 2.264547e-02 3.239778e+00 2.826574e-15 -2.433984e-14 1.516352e-12
1.850000e-02 2.900304e-04 2.244713e-02 3.248938e+00 2.789195e-14 -3.324034e-14 1.535081e-12
1.860000e-02 1.969244e-04 2.233554e-02 3.257962e+00 -1.560377e-14 -1.870119e-14 1.512290e-12
1.870000e-02 2.037752e-04 2.218825e-02 3.266904e+00 1.148124e-15 -2.468471e-14 1.498715e-12
1.880000e-02 1.567813e-04 2.210110e-02 3.275645e+00 -7.875763e-15 -1.460550e-14 1.464925e-12
1.890000e-02 8.847572e-05 2.198803e-02 3.284506e+00 -1.144743e-14 -1.894882e-14 1.484993e-12
1.900000e-02 4.694645e-05 2.166617e-02 3.293228e+00 -6.959948e-15 -5.394104e-14 1.461644e-12
1.910000e-02 7.224874e-05 2.137529e-02 3.301905e+00 4.240447e-15 -4.874931e-14 1.454224e-12
1.920000e-02 1.224858e-04 2.131528e-02 3.310710e+00 8.419303e-15 -1.005822e-14 1.475647e-12
1.930000e-02 1.671800e-04 2.119169e-02 3.319337e+00 7.490354e-15 -2.071235e-14 1.445884e-12
1.940000e-02 2.104303e-04 2.104548e-02 3.327986e+00 7.248387e-15 -2.450240e-14 1.449386e-12
1.950000e-02 2.546583e-04 2.090077e-02 3.336601e+00 7.412231e-15 -2.425371e-14 1.443848e-12
1.960000e-02 3.149013e-04 2.085836e-02 3.345256e+00 1.009621e-14 -7.106496e-15 1.450486e-12
1.970000e-02 2.229827e-04 2.077743e-02 3.353761e+00 -1.540478e-14 -1.356423e-14 1.425397e-12
1.980000e-02 1.484982e-04 2.072009e-02 3.362244e+00 -1.248295e-14 -9.608388e-15 1.421672e-12
1.990000e-02 1.301631e-04 2.048376e-02 3.370768e+00 -3.072815e-15 -3.960746e-14 1.428568e-12
2.000000e-02 6.711218e-05 2.025164e-02 3.379106e+00 -1.056679e-14 -3.890044e-14 1.397324e-12
2.010000e-02 4.702211e-05 2.004966e-02 3.387580e+00 -3.366923e-15 -3.385135e-14 1.420279e-12
2.020000e-02 2.490418e-05 1.996073e-02 3.396072e+00 -3.706776e-15 -1.490295e-14 1.423182e-12
2.030000e-02 2.159891e-04 1.985916e-02 3.404491e+00 3.202418e-14 -1.702317e-14 1.410853e-12
2.040000e-02 1.408333e-04 1.976957e-02 3.412806e+00 -1.259545e-14 -1.501456e-14 1.393581e-12
2.050000e-02 2.411920e-04 1.956085e-02 3.421098e+00 1.681924e-14 -3.497920e-14 1.389670e-12
2.060000e-02 3.756524e-04 1.931746e-02 3.429405e+00 2.253441e-14 -4.078946e-14 1.392117e-12
2.070000e-02 3.122025e-04 1.909029e-02 3.437585e+00 -1.063366e-14 -3.807161e-14 1.371008e-12
2.080000e-02 4.134651e-04 1.884503e-02 3.445911e+00 1.697073e-14 -4.110365e-14 1.395331e-12
2.090000e-02 2.364845e-04 1.874620e-02 3.454085e+00 -2.966042e-14 -1.656399e-14 1.369776e-12
2.100000e-02 3.005987e-04 1.863492e-02 3.462072e+00 1.074498e-14 -1.864925e-14 1.338624e-12
2.110000e-02 2.410278e-04 1.850683e-02 3.470207e+00 -9.983575e-15 -2.146706e-14 1.363289e-12
2.120000e-02 1.288983e-04 1.835920e-02 3.478215e+00 -1.879193e-14 -2.474181e-14 1.342143e-12
2.130000e-02 9.574594e-05 1.817186e-02 3.486270e+00 -5.556058e-15 -3.139633e-14 1.349873e-12
2.140000e-02 7.381941e-05 1.812827e-02 3.494379e+00 -3.674698e-15 -7.304789e-15 1.359114e-12
2.150000e-02 1.155247e-04 1.792574e-02 3.502486e+00 6.989446e-15 -3.394193e-14 1.358660e-12
2.160000e-02 1.470628e-04 1.779677e-02 3.510487e+00 5.285522e-15 -2.161514e-14 1.340916e-12
2.170000e-02 1.034712e-04 1.760388e-02 3.518559e+00 -7.305582e-15 -3.232588e-14 1.352786e-12
2.180000e-02 1.525753e-04 1.747061e-02 3.526531e+00 8.229418e-15 -2.233453e-14 1.336073e-12
2.190000e-02 4.647652e-05 1.738568e-02 3.534408e+00 -1.778124e-14 -1.423355e-14 1.320001e-12
2.200000e-02 1.014002e-04 1.712076e-02 3.542249e+00 9.204734e-15 -4.439911e-14 1.314072e-12
2.210000e-02 1.087047e-04 1.686599e-02 3.550193e+00 1.224170e-15 -4.269717e-14 1.331474e-12
2.220000e-02 1.174168e-04 1.674359e-02 3.557980e+00 1.460079e-15 -2.051333e-14 1.304926e-12
2.230000e-02 9.949355e-05 1.661115e-02 3.565899e+00 -3.003787e-15 -2.219657e-14 1.327247e-12
2.240000e-02 9.082507e-05 1.632989e-02 3.573686e+00 -1.452762e-15 -4.713553e-14 1.305046e-12
2.250000e-02 3.853874e-05 1.618506e-02 3.581526e+00 -8.762738e-15 -2.427246e-14 1.313818e-12
2.260000e-02 1.082939e-04 1.607316e-02 3.589172e+00 1.169036e-14 -1.875378e-14 1.281357e-12
2.270000e-02 2.440505e-04 1.610654e-02 3.596859e+00 2.275164e-14 5.593939e-15 1.288317e-12
2.280000e-02 3.298286e-04 1.594006e-02 3.604484e+00 1.437568e-14 -2.790094e-14 1.277961e-12
2.290000e-02 3.776267e-04 1.581130e-02 3.612148e+00 8.010562e-15 -2.157854e-14 1.284386e-12
2.300000e-02 4.334368e-04 1.557480e-02 3.619839e+00 9.353282e-15 -3.963567e-14 1.288936e-12
2.310000e-02 5.519633e-04 1.535807e-02 3.627495e+00 1.986402e-14 -3.632157e-14 1.283145e-12
2.320000e-02 4.801654e-04 1.507964e-02 3.635131e+00 -1.203272e-14 -4.666266e-14 1.279733e-12
2.330000e-02 5.775328e-04 1.501656e-02 3.642710e+00 1.631795e-14 -1.057162e-14 1.270032e-12
2.340000e-02 5.479717e-04 1.488898e-02 3.650291e+00 -4.954183e-15 -2.138138e-14 1.270578e-12
2.350000e-02 5.583491e-04 1.474465e-02 3.657740e+00 1.739154e-15 -2.418872e-14 1.248432e-12
2.360000e-02 5.043279e-04 1.456899e-02 3.665333e+00 -9.053487e-15 -2.943833e-14 1.272547e-12
2.370000e-02 6.586870e-04 1.443776e-02 3.672798e+00 2.586926e-14 -2.199340e-14 1.251067e-12
2.380000e-02 7.473351e-04 1.426118e-02 3.680191e+00 1.485666e-14 -2.959408e-14 1.239011e-12
2.390000e-02 7.236345e-04 1.415245e-02 3.687621e+00 -3.972009e-15 -1.822097e-14 1.245138e-12
2.400000e-02 8.248227e-04 1.404854e-02 3.695016e+00 1.695827e-14 -1.741530e-14 1.239256e-12
2.410000e-02 8.996432e-04 1.394552e-02 3.702332e+00 1.253927e-14 -1.726498e-14 1.226181e-12
2.420000e-02 9.236863e-04 1.372890e-02 3.709723e+00 4.029407e-15 -3.630364e-14 1.238655e-12
2.430000e-02 9.424097e-04 1.345725e-02 3.717005e+00 3.137894e-15 -4.552673e-14 1.220447e-12
2.440000e-02 8.159622e-04 1.331840e-02 3.724334e+00 -2.119152e-14 -2.327006e-14 1.228219e-12
2.450000e-02 8.499387e-04 1.319943e-02 3.731549e+00 5.694180e-15 -1.993767e-14 1.209276e-12
2.460000e-02 9.811854e-04 1.306518e-02 3.738922e+00 2.199580e-14 -2.249899e-14 1.235603e-12
2.470000e-02 9.959900e-04 1.283665e-02 3.746077e+00 2.481130e-15 -3.830047e-14 1.199018e-12
2.480000e-02 9.446126e-04 1.256819e-02 3.753349e+00 -8.610404e-15 -4.499114e-14 1.218863e-12
2.490000e-02 9.615605e-04 1.247011e-02 3.760506e+00 2.840326e-15 -1.643651e-14 1.199429e-12
2.500000e-02 1.035396e-03 1.236123e-02 3.767701e+00 1.237414e-14 -1.824746e-14 1.205778e-12
2.510000e-02 1.065062e-03 1.230982e-02 3.774743e+00 4.971759e-15 -8.616926e-15 1.180131e-12
2.520000e-02 1.082265e-03 1.225258e-02 3.781741e+00 2.883051e-15 -9.593106e-15 1.172865e-12
2.530000e-02 1.135949e-03 1.207112e-02 3.788905e+00 8.997123e-15 -3.041051e-14 1.200608e-12
2.540000e-02 1.066485e-03 1.198830e-02 3.796100e+00 -1.164159e-14 -1.387982e-14 1.205751e-12
2.550000e-02 1.090474e-03 1.183196e-02 3.803181e+00 4.020253e-15 -2.620171e-14 1.186749e-12
2.560000e-02 1.139625e-03 1.169970e-02 3.810359e+00 8.237413e-15 -2.216536e-14 1.203037e-12
2.570000e-02 1.032948e-03 1.163498e-02 3.817334e+00 -1.787821e-14 -1.084592e-14 1.168940e-12
2.580000e-02 1.085658e-03 1.148643e-02 3.824341e+00 8.833791e-15 -2.489648e-14 1.174307e-12
2.590000e-02 9.832717e-04 1.122071e-02 3.831430e+00 -1.715913e-14 -4.453247e-14 1.188039e-12
2.600000e-02 8.729219e-04 1.102146e-02 3.838421e+00 -1.849368e-14 -3.339153e-14 1.171591e-12
2.610000e-02 9.357935e-04 1.088246e-02 3.845406e+00 1.053674e-14 -2.329566e-14 1.170583e-12
2.620000e-02 9.516959e-04 1.077391e-02 3.852224e+00 2.665102e-15 -1.819227e-14 1.142769e-12
2.630000e-02 8.675160e-04 1.079489e-02 3.858945e+00 -1.410783e-14 3.516388e-15 1.126372e-12
2.640000e-02 7.863667e-04 1.066267e-02 3.865823e+00 -1.359992e-14 -2.215926e-14 1.152688e-12
2.650000e-02 7.385366e-04 1.046484e-02 3.872767e+00 -8.015908e-15 -3.315469e-14 1.163713e-12
2.660000e-02 7.603085e-04 1.026148e-02 3.879548e+00 3.648787e-15 -3.408069e-14 1.136452e-12
2.670000e-02 7.138433e-04 1.006852e-02 3.886424e+00 -7.787169e-15 -3.233921e-14 1.152396e-12
2.680000e-02 7.214011e-04 9.936775e-03 3.893127e+00 1.266610e-15 -2.207918e-14 1.123280e-12
2.690000e-02 6.269289e-04 9.704155e-03 3.899851e+00 -1.583273e-14 -3.898512e-14 1.126849e-12
2.700000e-02 6.052668e-04 9.486966e-03 3.906648e+00 -3.630374e-15 -3.639897e-14 1.139271e-12
2.710000e-02 6.597291e-04 9.339237e-03 3.913379e+00 9.127418e-15 -2.475816e-14 1.127921e-12
2.720000e-02 7.456483e-04 9.174328e-03 3.920184e+00 1.439932e-14 -2.763730e-14 1.140550e-12
2.730000e-02 8.430491e-04 8.987966e-03 3.926913e+00 1.632353e-14 -3.123269e-14 1.127712e-12
2.740000e-02 7.330146e-04 8.912917e-03 3.933523e+00 -1.844082e-14 -1.257751e-14 1.107703e-12
2.750000e-02 8.677283e-04 8.774943e-03 3.940281e+00 2.257685e-14 -2.312320e-14 1.132701e-12
2.760000e-02 9.077634e-04 8.592016e-03 3.946965e+00 6.709530e-15 -3.065709e-14 1.120191e-12
2.770000e-02 9.086397e-04 8.444580e-03 3.953604e+00 1.468667e-16 -2.470890e-14 1.112649e-12
2.780000e-02 8.966381e-04 8.234730e-03 3.960072e+00 -2.011370e-15 -3.516911e-14 1.083856e-12
2.790000e-02 8.246118e-04 7.900283e-03 3.966546e+00 -1.207098e-14 -5.605050e-14 1.084946e-12
2.800000e-02 8.230366e-04 7.815284e-03 3.973161e+00 -2.639895e-16 -1.424501e-14 1.108704e-12
2.810000e-02 9.077450e-04 7.638229e-03 3.979757e+00 1.419640e-14 -2.967287e-14 1.105427e-12
2.820000e-02 9.155552e-04 7.544308e-03 3.986273e+00 1.308916e-15 -1.574037e-14 1.091990e-12
2.830000e-02 1.013949e-03 7.445097e-03 3.992838e+00 1.648988e-14 -1.662692e-14 1.100333e-12
2.840000e-02 1.151107e-03 7.259971e-03 3.999339e+00 2.298655e-14 -3.102558e-14 1.089389e-12
2.850000e-02 1.153259e-03 7.162227e-03 4.005849e+00 3.606455e-16 -1.638105e-14 1.091103e-12
2.860000e-02 1.088862e-03 7.008531e-03 4.012336e+00 -1.079228e-14 -2.575814e-14 1.087136e-12
2.870000e-02 1.065595e-03 6.873379e-03 4.018894e+00 -3.899372e-15 -2.265029e-14 1.099124e-12
2.880000e-02 1.047052e-03 6.659181e-03 4.025323e+00 -3.107666e-15 -3.589768e-14 1.077367e-12
2.890000e-02 1.085089e-03 6.560345e-03 4.031885e+00 6.374718e-15 -1.656419e-14 1.099810e-12
2.900000e-02 1.188122e-03 6.343968e-03 4.038224e+00 1.726747e-14 -3.626294e-14 1.062238e-12
2.910000e-02 1.163509e-03 6.159621e-03 4.044506e+00 -4.124998e-15 -3.089486e-14 1.052896e-12
2.920000e-02 1.188356e-03 6.004814e-03 4.050956e+00 4.164088e-15 -2.594440e-14 1.080903e-12
2.930000e-02 1.266750e-03 5.920286e-03 4.057447e+00 1.313816e-14 -1.416615e-14 1.087870e-12
2.940000e-02 1.316194e-03 5.741556e-03 4.063503e+00 8.286437e-15 -2.995357e-14 1.015034e-12
2.950000e-02 1.342368e-03 5.563241e-03 4.069882e+00 4.386569e-15 -2.988404e-14 1.068912e-12
2.960000e-02 1.400863e-03 5.424481e-03 4.076249e+00 9.803284e-15 -2.325507e-14 1.067204e-12
2.970000e-02 1.346271e-03 5.286205e-03 4.082461e+00 -9.149232e-15 -2.317381e-14 1.041000e-12
2.980000e-02 1.193821e-03 5.133855e-03 4.088819e+00 -2.554934e-14 -2.553253e-14 1.065610e-12
2.990000e-02 1.172740e-03 5.169659e-03 4.095178e+00 -3.532900e-15 6.000488e-15 1.065644e-12
3.000000e-02 1.294024e-03 5.054690e-03 4.101533e+00 2.032617e-14 -1.926793e-14 1.065103e-12
3.010000e-02 1.280008e-03 4.914004e-03 4.107826e+00 -2.348939e-15 -2.357776e-14 1.054663e-12
3.020000e-02 1.338164e-03 4.810055e-03 4.114039e+00 9.746309e-15 -1.742087e-14 1.041192e-12
3.030000e-02 1.437660e-03 4.678787e-03 4.120239e+00 1.667467e-14 -2.199953e-14 1.039105e-12
3.040000e-02 1.392577e-03 4.551577e-03 4.126447e+00 -7.555414e-15 -2.131915e-14 1.040329e-12
3.050000e-02 1.461198e-03 4.297415e-03 4.132586e+00 1.150020e-14 -4.259542e-14 1.028883e-12
3.060000e-02 1.402520e-03 4.163634e-03 4.138769e+00 -9.833890e-15 -2.242051e-14 1.036261e-12
3.070000e-02 1.477967e-03 3.949050e-03 4.144780e+00 1.264429e-14 -3.596254e-14 1.007392e-12
3.080000e-02 1.500418e-03 3.737374e-03 4.150836e+00 3.762634e-15 -3.547507e-14 1.014955e-12
3.090000e-02 1.512792e-03 3.630307e-03 4.157049e+00 2.073777e-15 -1.794345e-14 1.041185e-12
3.100000e-02 1.566014e-03 3.552561e-03 4.163174e+00 8.919422e-15 -1.302962e-14 1.026425e-12
3.110000e-02 1.479680e-03 3.361334e-03 4.169200e+00 -1.446882e-14 -3.204787e-14 1.009954e-12
3.120000e-02 1.450105e-03 3.159678e-03 4.175249e+00 -4.956482e-15 -3.379586e-14 1.013718e-12
3.130000e-02 1.334558e-03 2.986883e-03 4.181284e+00 -1.936475e-14 -2.895891e-14 1.011430e-12
3.140000e-02 1.462123e-03 2.984887e-03 4.187240e+00 2.137884e-14 -3.345909e-16 9.981387e-13
3.150000e-02 1.515083e-03 2.862544e-03 4.193291e+00 8.875642e-15 -2.050362e-14 1.014192e-12
3.160000e-02 1.516120e-03 2.749756e-03 4.199361e+00 1.739099e-16 -1.890230e-14 1.017263e-12
3.170000e-02 1.602887e-03 2.496498e-03 4.205334e+00 1.454129e-14 -4.244395e-14 1.000948e-12
3.180000e-02 1.662493e-03 2.401427e-03 4.211411e+00 9.989486e-15 -1.593308e-14 1.018566e-12
3.190000e-02 1.744809e-03 2.229217e-03 4.217486e+00 1.379537e-14 -2.886083e-14 1.018080e-12
3.200000e-02 1.716483e-03 2.113880e-03 4.223316e+00 -4.747064e-15 -1.932958e-14 9.771184e-13
3.210000e-02 1.842218e-03 2.093268e-03 4.229165e+00 2.107213e-14 -3.454312e-15 9.802509e-13
3.220000e-02 1.933677e-03 1.913674e-03 4.234957e+00 1.532765e-14 -3.009845e-14 9.705924e-13
3.230000e-02 1.910746e-03 1.802891e-03 4.240886e+00 -3.843025e-15 -1.856632e-14 9.936000e-13
3.240000e-02 1.820742e-03 1.708557e-03 4.246811e+00 -1.508395e-14 -1.580956e-14 9.931261e-13
3.250000e-02 1.894477e-03 1.515647e-03 4.252697e+00 1.235741e-14 -3.232997e-14 9.863875e-13
3.260000e-02 1.758358e-03 1.330808e-03 4.258621e+00 -2.281242e-14 -3.097751e-14 9.927150e-13
3.270000e-02 1.780288e-03 1.222570e-03 4.264618e+00 3.675263e-15 -1.813962e-14 1.005093e-12
3.280000e-02 1.821217e-03 1.172518e-03 4.270463e+00 6.859439e-15 -8.388324e-15 9.796047e-13
3.290000e-02 1.793144e-03 9.571361e-04 4.276381e+00 -4.704868e-15 -3.609620e-14 9.917275e-13
3.300000e-02 1.813011e-03 9.425474e-04 4.282192e+00 3.329517e-15 -2.444932e-15 9.740101e-13
3.310000e-02 1.859878e-03 8.494201e-04 4.287960e+00 7.854525e-15 -1.560733e-14 9.666543e-13
3.320000e-02 1.709680e-03 6.412717e-04 4.293652e+00 -2.517178e-14 -3.488389e-14 9.539523e-13
3.330000e-02 1.725658e-03 4.934928e-04 4.299514e+00 2.677695e-15 -2.476648e-14 9.824208e-13
3.340000e-02 1.886583e-03 2.844118e-04 4.305243e+00 2.696970e-14 -3.504017e-14 9.600800e-13
3.350000e-02 1.960043e-03 2.980429e-04 4.311037e+00 1.231130e-14 2.284458e-15 9.709930e-13
3.360000e-02 2.054127e-03 2.242287e-04 4.316805e+00 1.576758e-14 -1.237063e-14 9.666570e-13
3.370000e-02 2.108120e-03 6.350286e-05 4.322563e+00 9.048781e-15 -2.693627e-14 9.650569e-13
3.380000e-02 2.155524e-03 -9.173452e-05 4.328444e+00 7.944567e-15 -2.601645e-14 9.854968e-13
3.390000e-02 2.264925e-03 -1.986604e-04 4.333954e+00 1.833455e-14 -1.791986e-14 9.234691e-13
3.400000e-02 2.129675e-03 -3.174089e-04 4.339660e+00 -2.266663e-14 -1.990123e-14 9.563520e-13
3.410000e-02 2.198641e-03 -3.969695e-04 4.345447e+00 1.155814e-14 -1.333367e-14 9.698459e-13
3.420000e-02 2.378034e-03 -5.678943e-04 4.351076e+00 3.006472e-14 -2.864552e-14 9.432916e-13
3.430000e-02 2.518646e-03 -7.244571e-04 4.356644e+00 2.356531e-14 -2.623859e-14 9.331716e-13
3.440000e-02 2.587239e-03 -1.057602e-03 4.362189e+00 1.149563e-14 -5.583220e-14 9.292923e-13
3.450000e-02 2.645841e-03 -1.147183e-03 4.367872e+00 9.821136e-15 -1.501309e-14 9.523630e-13
3.460000e-02 2.639568e-03 -1.363466e-03 4.373492e+00 -1.051350e-15 -3.624710e-14 9.419848e-13
3.470000e-02 2.518299e-03 -1.446419e-03 4.379033e+00 -2.032350e-14 -1.390213e-14 9.286462e-13
3.480000e-02 2.433621e-03 -1.558255e-03 4.384605e+00 -1.419130e-14 -1.874275e-14 9.338202e-13
3.490000e-02 2.375579e-03 -1.746949e-03 4.390235e+00 -9.727485e-15 -3.162354e-14 9.435093e-13
3.500000e-02 2.295771e-03 -1.927329e-03 4.395826e+00 -1.337505e-14 -3.023014e-14 9.370002e-13
3.510000e-02 2.285211e-03 -2.171214e-03 4.401526e+00 -1.769846e-15 -4.087307e-14 9.552080e-13
3.520000e-02 2.332336e-03 -2.249484e-03 4.407239e+00 7.897770e-15 -1.311739e-14 9.575449e-13
3.530000e-02 2.376377e-03 -2.378410e-03 4.412871e+00 7.380905e-15 -2.160691e-14 9.438292e-13
3.540000e-02 2.383498e-03 -2.509964e-03 4.418494e+00 1.193376e-15 -2.204731e-14 9.423556e-13
3.550000e-02 2.330774e-03 -2.811910e-03 4.424093e+00 -8.836075e-15 -5.060352e-14 9.382950e-13
3.560000e-02 2.350563e-03 -2.955810e-03 4.429742e+00 3.316572e-15 -2.411635e-14 9.468201e-13
3.570000e-02 2.449133e-03 -3.087901e-03 4.435453e+00 1.651942e-14 -2.213743e-14 9.569887e-13
3.580000e-02 2.492944e-03 -3.136475e-03 4.440858e+00 7.342326e-15 -8.140486e-15 9.059508e-13
3.590000e-02 2.406194e-03 -3.136124e-03 4.446235e+00 -1.453860e-14 5.881901e-17 9.011437e-13
3.600000e-02 2.432951e-03 -3.214493e-03 4.451718e+00 4.484366e-15 -1.313404e-14 9.188124e-13
3.610000e-02 2.398560e-03 -3.101745e-03 4.457209e+00 -5.763684e-15 1.889570e-14 9.202272e-13
3.620000e-02 2.400626e-03 -3.163510e-03 4.462688e+00 3.462603e-16 -1.035125e-14 9.182539e-13
3.630000e-02 2.471602e-03 -3.317731e-03 4.468004e+00 1.189501e-14 -2.584625e-14 8.909888e-13
3.640000e-02 2.469547e-03 -3.497126e-03 4.473297e+00 -3.444427e-16 -3.006501e-14 8.870042e-13
3.650000e-02 2.493791e-03 -3.634671e-03 4.478744e+00 4.063141e-15 -2.305136e-14 9.128564e-13
3.660000e-02 2.443175e-03 -3.635708e-03 4.484045e+00 -8.482901e-15 -1.737287e-16 8.884558e-13
3.670000e-02 2.578800e-03 -3.728942e-03 4.489441e+00 2.272956e-14 -1.562523e-14 9.043521e-13
3.680000e-02 2.602336e-03 -3.865623e-03 4.494934e+00 3.944494e-15 -2.290663e-14 9.204684e-13
3.690000e-02 2.865192e-03 -3.880232e-03 4.500255e+00 4.405246e-14 -2.448246e-15 8.917507e-13
3.700000e-02 2.849891e-03 -3.981656e-03 4.505493e+00 -2.564352e-15 -1.699778e-14 8.778853e-13
3.710000e-02 2.777028e-03 -4.196517e-03 4.510879e+00 -1.221129e-14 -3.600894e-14 9.027293e-13
3.720000e-02 2.833999e-03 -4.234353e-03 4.516137e+00 9.547870e-15 -6.340985e-15 8.810770e-13
3.730000e-02 2.931750e-03 -4.292494e-03 4.521358e+00 1.638221e-14 -9.743873e-15 8.749858e-13
3.740000e-02 2.795757e-03 -4.497375e-03 4.526751e+00 -2.279121e-14 -3.433642e-14 9.039610e-13
3.750000e-02 2.716576e-03 -4.605275e-03 4.532007e+00 -1.327002e-14 -1.808305e-14 8.807169e-13
3.760000e-02 2.687099e-03 -4.838833e-03 4.537221e+00 -4.940163e-15 -3.914236e-14 8.738458e-13
3.770000e-02 2.716207e-03 -4.961076e-03 4.542598e+00 4.878357e-15 -2.048675e-14 9.010975e-13
3.780000e-02 2.748501e-03 -5.192226e-03 4.547931e+00 5.412112e-15 -3.873879e-14 8.938552e-13
3.790000e-02 2.611890e-03 -5.385732e-03 4.553234e+00 -2.289488e-14 -3.242993e-14 8.887396e-13
3.800000e-02 2.526542e-03 -5.599255e-03 4.558562e+00 -1.430352e-14 -3.578464e-14 8.928391e-13
3.810000e-02 2.543671e-03 -5.680017e-03 4.563750e+00 2.870672e-15 -1.353499e-14 8.694846e-13
3.820000e-02 2.704074e-03 -5.899756e-03 4.568988e+00 2.688221e-14 -3.682634e-14 8.779629e-13
3.830000e-02 2.681616e-03 -6.055934e-03 4.574224e+00 -3.763761e-15 -2.617422e-14 8.774706e-13
3.840000e-02 2.638397e-03 -6.087890e-03 4.579546e+00 -7.243113e-15 -5.355470e-15 8.918186e-13
3.850000e-02 2.771413e-03 -6.133067e-03 4.584780e+00 2.229226e-14 -7.571210e-15 8.772302e-13
3.860000e-02 2.700305e-03 -6.215284e-03 4.589943e+00 -1.191707e-14 -1.377896e-14 8.653682e-13
3.870000e-02 2.620751e-03 -6.297668e-03 4.595090e+00 -1.333267e-14 -1.380682e-14 8.625014e-13
3.880000e-02 2.672876e-03 -6.459987e-03 4.600269e+00 8.735802e-15 -2.720319e-14 8.680026e-13
3.890000e-02 2.795725e-03 -6.594687e-03 4.605468e+00 2.058838e-14 -2.257458e-14 8.712279e-13
3.900000e-02 2.808876e-03 -6.675462e-03 4.610639e+00 2.204080e-15 -1.353726e-14 8.667155e-13
3.910000e-02 2.773958e-03 -6.764921e-03 4.615819e+00 -5.851963e-15 -1.499262e-14 8.680178e-13
3.920000e-02 2.727579e-03 -6.881323e-03 4.620944e+00 -7.772690e-15 -1.950790e-14 8.589463e-13
3.930000e-02 2.644942e-03 -7.099787e-03 4.626158e+00 -1.384925e-14 -3.661274e-14 8.738363e-13
3.940000e-02 2.645262e-03 -7.292862e-03 4.631326e+00 5.351729e-17 -3.235766e-14 8.661077e-13
3.950000e-02 2.637752e-03 -7.592211e-03 4.636369e+00 -1.258592e-15 -5.016841e-14 8.451354e-13
3.960000e-02 2.603843e-03 -7.655641e-03 4.641445e+00 -5.682817e-15 -1.063025e-14 8.507962e-13
3.970000e-02 2.558453e-03 -7.894394e-03 4.646706e+00 -7.607061e-15 -4.001299e-14 8.816278e-13
3.980000e-02 2.524111e-03 -8.126714e-03 4.651646e+00 -5.755294e-15 -3.893477e-14 8.279491e-13
3.990000e-02 2.517583e-03 -8.352282e-03 4.656857e+00 -1.094180e-15 -3.780330e-14 8.733011e-13
4.000000e-02 2.546642e-03 -8.354321e-03 4.661773e+00 4.870057e-15 -3.417804e-16 8.238642e-13
4.010000e-02 2.565437e-03 -8.489232e-03 4.666837e+00 3.149877e-15 -2.260983e-14 8.486637e-13
4.020000e-02 2.546323e-03 -8.548189e-03 4.671810e+00 -3.203214e-15 -9.880657e-15 8.334606e-13
4.030000e-02 2.443768e-03 -8.555084e-03 4.676900e+00 -1.718742e-14 -1.155517e-15 8.530812e-13
4.040000e-02 2.566576e-03 -8.771608e-03 4.682046e+00 2.058152e-14 -3.628767e-14 8.623782e-13
4.050000e-02 2.609695e-03 -8.905509e-03 4.687115e+00 7.226402e-15 -2.244060e-14 8.494314e-13
4.060000e-02 2.691988e-03 -9.035129e-03 4.692192e+00 1.379166e-14 -2.172330e-14 8.510087e-13
4.070000e-02 2.725973e-03 -9.199073e-03 4.697068e+00 5.695560e-15 -2.747559e-14 8.171119e-13
4.080000e-02 2.627794e-03 -9.351536e-03 4.702117e+00 -1.645397e-14 -2.555146e-14 8.461039e-13
4.090000e-02 2.638516e-03 -9.453005e-03 4.707140e+00 1.796982e-15 -1.700523e-14 8.419485e-13
4.100000e-02 2.647404e-03 -9.550801e-03 4.712124e+00 1.489481e-15 -1.638981e-14 8.351258e-13
4.110000e-02 2.646553e-03 -9.701431e-03 4.717081e+00 -1.425742e-16 -2.524423e-14 8.308782e-13
4.120000e-02 2.660353e-03 -9.855620e-03 4.722134e+00 2.312724e-15 -2.584086e-14 8.468115e-13
4.130000e-02 2.618854e-03 -9.992941e-03 4.727236e+00 -6.954899e-15 -2.301382e-14 8.549876e-13
4.140000e-02 2.635605e-03 -1.010784e-02 4.732247e+00 2.807335e-15 -1.925606e-14 8.399007e-13
4.150000e-02 2.529727e-03 -1.015603e-02 4.737316e+00 -1.774422e-14 -8.076060e-15 8.494078e-13
4.160000e-02 2.534782e-03 -1.025969e-02 4.742267e+00 8.471266e-16 -1.737225e-14 8.298656e-13
4.170000e-02 2.537473e-03 -1.039655e-02 4.747252e+00 4.509781e-16 -2.293666e-14 8.353724e-13
4.180000e-02 2.420984e-03 -1.037837e-02 4.752160e+00 -1.952245e-14 3.046509e-15 8.225397e-13
4.190000e-02 2.377195e-03 -1.064377e-02 4.756971e+00 -7.338688e-15 -4.447802e-14 8.063294e-13
4.200000e-02 2.509528e-03 -1.067584e-02 4.761809e+00 2.217783e-14 -5.375714e-15 8.108321e-13
4.210000e-02 2.412849e-03 -1.075872e-02 4.766668e+00 -1.620252e-14 -1.388901e-14 8.142528e-13
4.220000e-02 2.310043e-03 -1.096905e-02 4.771533e+00 -1.722948e-14 -3.524998e-14 8.153866e-13
4.230000e-02 2.315593e-03 -1.115690e-02 4.776396e+00 9.301216e-16 -3.148176e-14 8.150038e-13
4.240000e-02 2.335348e-03 -1.126268e-02 4.781175e+00 3.310881e-15 -1.772898e-14 8.007709e-13
4.250000e-02 2.312306e-03 -1.136910e-02 4.785975e+00 -3.861620e-15 -1.783413e-14 8.045743e-13
4.260000e-02 2.180764e-03 -1.141828e-02 4.790953e+00 -2.204536e-14 -8.242749e-15 8.342070e-13
4.270000e-02 2.241094e-03 -1.159052e-02 4.795772e+00 1.011082e-14 -2.886585e-14 8.075893e-13
4.280000e-02 2.093665e-03 -1.171638e-02 4.800533e+00 -2.470779e-14 -2.109273e-14 7.979828e-13
4.290000e-02 2.060391e-03 -1.177411e-02 4.805452e+00 -5.576556e-15 -9.675809e-15 8.244019e-13
4.300000e-02 2.079783e-03 -1.198031e-02 4.810256e+00 3.249985e-15 -3.455687e-14 8.050068e-13
4.310000e-02 2.151989e-03 -1.214035e-02 4.815198e+00 1.210116e-14 -2.682138e-14 8.283181e-13
4.320000e-02 1.997602e-03 -1.219596e-02 4.819955e+00 -2.587406e-14 -9.319511e-15 7.971397e-13
4.330000e-02 2.044349e-03 -1.226615e-02 4.824830e+00 7.834486e-15 -1.176316e-14 8.170999e-13
4.340000e-02 2.018048e-03 -1.236006e-02 4.829521e+00 -4.407780e-15 -1.573862e-14 7.861316e-13
4.350000e-02 1.961100e-03 -1.236143e-02 4.834272e+00 -9.544064e-15 -2.302445e-16 7.963108e-13
4.360000e-02 1.957846e-03 -1.239127e-02 4.838989e+00 -5.452815e-16 -5.000172e-15 7.905229e-13
4.370000e-02 1.917397e-03 -1.257582e-02 4.843709e+00 -6.778919e-15 -3.092970e-14 7.909543e-13
4.380000e-02 1.891862e-03 -1.261609e-02 4.848449e+00 -4.279554e-15 -6.749091e-15 7.944231e-13
4.390000e-02 1.986572e-03 -1.279063e-02 4.853283e+00 1.587272e-14 -2.925062e-14 8.100870e-13
4.400000e-02 2.023781e-03 -1.303718e-02 4.858050e+00 6.235906e-15 -4.131963e-14 7.988623e-13
4.410000e-02 1.999439e-03 -1.321435e-02 4.862693e+00 -4.079534e-15 -2.969289e-14 7.782062e-13
4.420000e-02 2.074255e-03 -1.327736e-02 4.867319e+00 1.253851e-14 -1.055910e-14 7.752427e-13
4.430000e-02 2.160597e-03 -1.335552e-02 4.872023e+00 1.447005e-14 -1.309921e-14 7.883429e-13
4.440000e-02 2.221010e-03 -1.346456e-02 4.876753e+00 1.012475e-14 -1.827445e-14 7.927139e-13
4.450000e-02 2.188481e-03 -1.355794e-02 4.881416e+00 -5.451578e-15 -1.564951e-14 7.814306e-13
4.460000e-02 2.106736e-03 -1.368040e-02 4.886157e+00 -1.369977e-14 -2.052372e-14 7.946802e-13
4.470000e-02 2.063557e-03 -1.376756e-02 4.890902e+00 -7.236450e-15 -1.460695e-14 7.951622e-13
4.480000e-02 2.038273e-03 -1.389217e-02 4.895569e+00 -4.237405e-15 -2.088265e-14 7.821325e-13
4.490000e-02 2.037989e-03 -1.399668e-02 4.900173e+00 -4.750957e-17 -1.751514e-14 7.715512e-13
4.500000e-02 2.129009e-03 -1.404596e-02 4.904855e+00 1.525423e-14 -8.259089e-15 7.846763e-13
4.510000e-02 2.128196e-03 -1.412885e-02 4.909492e+00 -1.363333e-16 -1.389240e-14 7.772356e-13
4.520000e-02 2.194880e-03 -1.420007e-02 4.914154e+00 1.117567e-14 -1.193550e-14 7.812084e-13
4.530000e-02 2.292740e-03 -1.430606e-02 4.918846e+00 1.640058e-14 -1.776350e-14 7.864247e-13
4.540000e-02 2.365227e-03 -1.440681e-02 4.923392e+00 1.214819e-14 -1.688407e-14 7.618039e-13
4.550000e-02 2.477234e-03 -1.456678e-02 4.928057e+00 1.877130e-14 -2.681044e-14 7.818741e-13
4.560000e-02 2.561948e-03 -1.467074e-02 4.932603e+00 1.419736e-14 -1.742136e-14 7.617858e-13
4.570000e-02 2.476226e-03 -1.481501e-02 4.937053e+00 -1.436618e-14 -2.417933e-14 7.458668e-13
4.580000e-02 2.387635e-03 -1.485832e-02 4.941532e+00 -1.484714e-14 -7.257789e-15 7.506338e-13
4.590000e-02 2.340908e-03 -1.499150e-02 4.946096e+00 -7.831127e-15 -2.231941e-14 7.648846e-13
4.600000e-02 2.315403e-03 -1.509382e-02 4.950752e+00 -4.274345e-15 -1.714828e-14 7.802577e-13
4.610000e-02 2.329318e-03 -1.524686e-02 4.955287e+00 2.331986e-15 -2.564859e-14 7.600726e-13
4.620000e-02 2.373889e-03 -1.546784e-02 4.959862e+00 7.469799e-15 -3.703487e-14 7.666396e-13
4.630000e-02 2.263964e-03 -1.556558e-02 4.964412e+00 -1.842253e-14 -1.637998e-14 7.626710e-13
4.640000e-02 2.211172e-03 -1.560528e-02 4.969006e+00 -8.847412e-15 -6.654057e-15 7.698062e-13
4.650000e-02 2.082344e-03 -1.582810e-02 4.973553e+00 -2.159056e-14 -3.734147e-14 7.621145e-13
4.660000e-02 2.095144e-03 -1.588715e-02 4.978125e+00 2.145189e-15 -9.897372e-15 7.662552e-13
4.670000e-02 2.128793e-03 -1.605876e-02 4.982632e+00 5.639356e-15 -2.875913e-14 7.552934e-13
4.680000e-02 2.204750e-03 -1.607855e-02 4.987239e+00 1.272975e-14 -3.317700e-15 7.721381e-13
4.690000e-02 2.340777e-03 -1.616387e-02 4.991619e+00 2.279683e-14 -1.429895e-14 7.339316e-13
4.700000e-02 2.307153e-03 -1.629650e-02 4.996179e+00 -5.635078e-15 -2.222672e-14 7.642127e-13
4.710000e-02 2.253903e-03 -1.641113e-02 5.000555e+00 -8.924276e-15 -1.921060e-14 7.334603e-13
4.720000e-02 2.163938e-03 -1.653211e-02 5.005080e+00 -1.507722e-14 -2.027658e-14 7.582583e-13
4.730000e-02 2.042382e-03 -1.663821e-02 5.009626e+00 -2.037185e-14 -1.778113e-14 7.619385e-13
4.740000e-02 1.908212e-03 -1.672485e-02 5.014095e+00 -2.248575e-14 -1.452053e-14 7.488941e-13
4.750000e-02 1.921275e-03 -1.689087e-02 5.018578e+00 2.189343e-15 -2.782268e-14 7.514407e-13
4.760000e-02 1.773307e-03 -1.700677e-02 5.022968e+00 -2.479822e-14 -1.942422e-14 7.355739e-13
4.770000e-02 1.722868e-03 -1.721627e-02 5.027388e+00 -8.453174e-15 -3.511103e-14 7.408069e-13
4.780000e-02 1.732786e-03 -1.732659e-02 5.031914e+00 1.662174e-15 -1.848856e-14 7.586021e-13
4.790000e-02 1.693397e-03 -1.745721e-02 5.036372e+00 -6.601274e-15 -2.189001e-14 7.470042e-13
4.800000e-02 1.726166e-03 -1.769161e-02 5.040812e+00 5.491920e-15 -3.928356e-14 7.442403e-13
4.810000e-02 1.723689e-03 -1.769969e-02 5.045349e+00 -4.151963e-16 -1.354373e-15 7.602850e-13
4.820000e-02 1.716703e-03 -1.776802e-02 5.049804e+00 -1.170727e-15 -1.145133e-14 7.465550e-13
4.830000e-02 1.669115e-03 -1.786315e-02 5.054242e+00 -7.975473e-15 -1.594366e-14 7.437721e-13
4.840000e-02 1.729637e-03 -1.805535e-02 5.058686e+00 1.014302e-14 -3.221073e-14 7.448273e-13
4.850000e-02 1.717278e-03 -1.822571e-02 5.063063e+00 -2.071237e-15 -2.855124e-14 7.336239e-13
4.860000e-02 1.712813e-03 -1.827969e-02 5.067376e+00 -7.483269e-16 -9.046134e-15 7.227174e-13
4.870000e-02 1.679104e-03 -1.841592e-02 5.071822e+00 -5.649346e-15 -2.283102e-14 7.451835e-13
4.880000e-02 1.744427e-03 -1.846132e-02 5.076180e+00 1.094753e-14 -7.608423e-15 7.302985e-13
4.890000e-02 1.687087e-03 -1.858591e-02 5.080567e+00 -9.609571e-15 -2.088010e-14 7.352851e-13
4.900000e-02 1.702681e-03 -1.869006e-02 5.084918e+00 2.613320e-15 -1.745442e-14 7.290995e-13
4.910000e-02 1.652365e-03 -1.882120e-02 5.089352e+00 -8.432447e-15 -2.197844e-14 7.431016e-13
4.920000e-02 1.574044e-03 -1.898686e-02 5.093642e+00 -1.312597e-14 -2.776358e-14 7.189802e-13
4.930000e-02 1.492017e-03 -1.903741e-02 5.097850e+00 -1.374701e-14 -8.470802e-15 7.053349e-13
4.940000e-02 1.380858e-03 -1.910946e-02 5.102216e+00 -1.862931e-14 -1.207552e-14 7.316371e-13
4.950000e-02 1.365192e-03 -1.916528e-02 5.106602e+00 -2.625542e-15 -9.355108e-15 7.351284e-13
4.960000e-02 1.325392e-03 -1.923836e-02 5.111001e+00 -6.670107e-15 -1.224756e-14 7.371916e-13
4.970000e-02 1.335149e-03 -1.935359e-02 5.115363e+00 1.635297e-15 -1.931161e-14 7.310480e-13
4.980000e-02 1.374121e-03 -1.952734e-02 5.119711e+00 6.531380e-15 -2.911883e-14 7.286889e-13
4.990000e-02 1.414546e-03 -1.959116e-02 5.123891e+00 6.774741e-15 -1.069580e-14 7.004966e-13
5.000000e-02 1.398779e-03 -1.971519e-02 5.128132e+00 -2.642423e-15 -2.078590e-14 7.107291e-13
5.010000e-02 1.502296e-03 -1.991906e-02 5.132346e+00 1.734866e-14 -3.416643e-14 7.062188e-13
5.020000e-02 1.509586e-03 -1.992373e-02 5.136623e+00 1.221772e-15 -7.829428e-16 7.168285e-13
5.030000e-02 1.525303e-03 -1.998030e-02 5.140792e+00 2.634022e-15 -9.480572e-15 6.987612e-13
5.040000e-02 1.466174e-03 -2.002271e-02 5.145037e+00 -9.909486e-15 -7.107062e-15 7.113191e-13
5.050000e-02 1.501514e-03 -2.011672e-02 5.149394e+00 5.922581e-15 -1.575663e-14 7.301850e-13
5.060000e-02 1.595771e-03 -2.015020e-02 5.153657e+00 1.579665e-14 -5.610086e-15 7.144190e-13
5.070000e-02 1.417431e-03 -2.020976e-02 5.157777e+00 -2.988812e-14 -9.982169e-15 6.905656e-13
5.080000e-02 1.512111e-03 -2.040519e-02 5.161924e+00 1.586742e-14 -3.275282e-14 6.949076e-13
5.090000e-02 1.495400e-03 -2.052637e-02 5.166170e+00 -2.800591e-15 -2.030863e-14 7.116138e-13
5.100000e-02 1.534261e-03 -2.050919e-02 5.170458e+00 6.512754e-15 2.879953e-15 7.185996e-13
5.110000e-02 1.639082e-03 -2.054571e-02 5.174748e+00 1.756706e-14 -6.120037e-15 7.190315e-13
5.120000e-02 1.686289e-03 -2.074075e-02 5.178974e+00 7.911632e-15 -3.268825e-14 7.081957e-13
5.130000e-02 1.740422e-03 -2.100912e-02 5.183148e+00 9.072173e-15 -4.497506e-14 6.995319e-13
5.140000e-02 1.750706e-03 -2.106778e-02 5.187337e+00 1.723500e-15 -9.831591e-15 7.021699e-13
5.150000e-02 1.733285e-03 -2.116849e-02 5.191601e+00 -2.919547e-15 -1.687825e-14 7.144613e-13
5.160000e-02 1.650495e-03 -2.125586e-02 5.195796e+00 -1.387500e-14 -1.464174e-14 7.031410e-13
5.170000e-02 1.613549e-03 -2.141498e-02 5.200006e+00 -6.191790e-15 -2.666716e-14 7.055391e-13
5.180000e-02 1.604971e-03 -2.143829e-02 5.204182e+00 -1.437540e-15 -3.907020e-15 6.998673e-13
5.190000e-02 1.472994e-03 -2.164772e-02 5.208334e+00 -2.211828e-14 -3.509908e-14 6.958801e-13
5.200000e-02 1.563586e-03 -2.191106e-02 5.212460e+00 1.518252e-14 -4.413322e-14 6.913939e-13
5.210000e-02 1.486301e-03 -2.195966e-02 5.216546e+00 -1.295236e-14 -8.144219e-15 6.848455e-13
5.220000e-02 1.529129e-03 -2.199823e-02 5.220653e+00 7.177634e-15 -6.464692e-15 6.882250e-13
5.230000e-02 1.501210e-03 -2.220366e-02 5.224800e+00 -4.679021e-15 -3.442766e-14 6.949878e-13
5.240000e-02 1.537882e-03 -2.225272e-02 5.228998e+00 6.145837e-15 -8.223399e-15 7.036243e-13
5.250000e-02 1.446058e-03 -2.240750e-02 5.233363e+00 -1.538881e-14 -2.593988e-14 7.314519e-13
5.260000e-02 1.349134e-03 -2.247897e-02 5.237617e+00 -1.624364e-14 -1.197658e-14 7.130300e-13
5.270000e-02 1.400597e-03 -2.249189e-02 5.241831e+00 8.624705e-15 -2.166047e-15 7.062514e-13
5.280000e-02 1.507604e-03 -2.264875e-02 5.245865e+00 1.793356e-14 -2.628807e-14 6.760672e-13
5.290000e-02 1.454529e-03 -2.270912e-02 5.249928e+00 -8.895029e-15 -1.011713e-14 6.809354e-13
5.300000e-02 1.461037e-03 -2.280810e-02 5.253895e+00 1.090700e-15 -1.658907e-14 6.648373e-13
5.310000e-02 1.534870e-03 -2.293127e-02 5.258104e+00 1.237380e-14 -2.064125e-14 7.052660e-13
5.320000e-02 1.538163e-03 -2.295667e-02 5.262064e+00 5.518107e-16 -4.256677e-15 6.637434e-13
5.330000e-02 1.546636e-03 -2.313716e-02 5.266158e+00 1.420138e-15 -3.024879e-14 6.861485e-13
5.340000e-02 1.427124e-03 -2.334378e-02 5.270176e+00 -2.002918e-14 -3.462874e-14 6.732579e-13
5.350000e-02 1.364082e-03 -2.353237e-02 5.274234e+00 -1.056533e-14 -3.160474e-14 6.802096e-13
5.360000e-02 1.216793e-03 -2.368159e-02 5.278273e+00 -2.468434e-14 -2.500930e-14 6.769159e-13
5.370000e-02 1.098808e-03 -2.391350e-02 5.282477e+00 -1.977339e-14 -3.886474e-14 7.045215e-13
5.380000e-02 1.141133e-03 -2.401683e-02 5.286661e+00 7.093337e-15 -1.731888e-14 7.012056e-13
5.390000e-02 1.147921e-03 -2.414549e-02 5.290709e+00 1.137647e-15 -2.156123e-14 6.784308e-13
5.400000e-02 1.210708e-03 -2.422835e-02 5.294827e+00 1.052260e-14 -1.388745e-14 6.900116e-13
5.410000e-02 1.216499e-03 -2.439223e-02 5.298853e+00 9.705342e-16 -2.746424e-14 6.748827e-13
5.420000e-02 1.183807e-03 -2.451347e-02 5.303025e+00 -5.478931e-15 -2.031802e-14 6.991073e-13
5.430000e-02 1.213633e-03 -2.451672e-02 5.307047e+00 4.998545e-15 -5.458095e-16 6.739825e-13
5.440000e-02 1.133822e-03 -2.468982e-02 5.311161e+00 -1.337560e-14 -2.900903e-14 6.895805e-13
5.450000e-02 1.113553e-03 -2.487833e-02 5.315265e+00 -3.397008e-15 -3.159279e-14 6.878228e-13
5.460000e-02 1.104906e-03 -2.499675e-02 5.319372e+00 -1.449132e-15 -1.984694e-14 6.882866e-13
5.470000e-02 1.224145e-03 -2.515917e-02 5.323391e+00 1.998352e-14 -2.721984e-14 6.735435e-13
5.480000e-02 1.356618e-03 -2.523653e-02 5.327591e+00 2.220136e-14 -1.296560e-14 7.038798e-13
5.490000e-02 1.263956e-03 -2.529329e-02 5.331605e+00 -1.552939e-14 -9.511283e-15 6.726244e-13
5.500000e-02 1.261940e-03 -2.552457e-02 5.335578e+00 -3.379142e-16 -3.876160e-14 6.659586e-13
5.510000e-02 1.259839e-03 -2.562482e-02 5.339579e+00 -3.521544e-16 -1.680140e-14 6.704073e-13
5.520000e-02 1.248337e-03 -2.570184e-02 5.343598e+00 -1.927547e-15 -1.290797e-14 6.735310e-13
5.530000e-02 1.311855e-03 -2.589955e-02 5.347654e+00 1.064511e-14 -3.313329e-14 6.798612e-13
5.540000e-02 1.184433e-03 -2.594739e-02 5.351673e+00 -2.135492e-14 -8.018467e-15 6.734810e-13
5.550000e-02 1.231281e-03 -2.610055e-02 5.355719e+00 7.851270e-15 -2.566855e-14 6.781793e-13
5.560000e-02 1.276485e-03 -2.614165e-02 5.359611e+00 7.575937e-15 -6.888032e-15 6.522636e-13
5.570000e-02 1.229739e-03 -2.610472e-02 5.363532e+00 -7.834302e-15 6.189555e-15 6.570735e-13
5.580000e-02 1.192344e-03 -2.622360e-02 5.367564e+00 -6.267126e-15 -1.992217e-14 6.756796e-13
5.590000e-02 1.275390e-03 -2.622437e-02 5.371542e+00 1.391782e-14 -1.301406e-16 6.667782e-13
5.600000e-02 1.117981e-03 -2.624735e-02 5.375598e+00 -2.638032e-14 -3.850916e-15 6.796413e-13
5.610000e-02 1.136430e-03 -2.635252e-02 5.379652e+00 3.091764e-15 -1.762636e-14 6.794565e-13
5.620000e-02 1.026137e-03 -2.649240e-02 5.383469e+00 -1.848413e-14 -2.344157e-14 6.397603e-13
5.630000e-02 9.165460e-04 -2.652806e-02 5.387508e+00 -1.836646e-14 -5.976809e-15 6.769124e-13
5.640000e-02 9.261648e-04 -2.653690e-02 5.391533e+00 1.612029e-15 -1.481931e-15 6.744631e-13
5.650000e-02 8.239616e-04 -2.671682e-02 5.395477e+00 -1.712838e-14 -3.015258e-14 6.610361e-13
5.660000e-02 8.864895e-04 -2.680490e-02 5.399491e+00 1.047914e-14 -1.476195e-14 6.726367e-13
5.670000e-02 8.153664e-04 -2.690499e-02 5.403432e+00 -1.191961e-14 -1.677326e-14 6.604962e-13
5.680000e-02 7.621277e-04 -2.698513e-02 5.407294e+00 -8.922360e-15 -1.343128e-14 6.472434e-13
5.690000e-02 7.839309e-04 -2.707807e-02 5.411128e+00 3.654037e-15 -1.557632e-14 6.425140e-13
5.700000e-02 6.089511e-04 -2.721046e-02 5.415027e+00 -2.932511e-14 -2.218703e-14 6.535587e-13
5.710000e-02 5.456022e-04 -2.726572e-02 5.418949e+00 -1.061674e-14 -9.261429e-15 6.571743e-13
5.720000e-02 5.268879e-04 -2.737579e-02 5.422743e+00 -3.136347e-15 -1.844556e-14 6.358520e-13
5.730000e-02 5.298554e-04 -2.746690e-02 5.426728e+00 4.973265e-16 -1.527026e-14 6.679588e-13
5.740000e-02 5.727926e-04 -2.762096e-02 5.430644e+00 7.195906e-15 -2.581822e-14 6.561880e-13
5.750000e-02 5.516306e-04 -2.769719e-02 5.434440e+00 -3.546563e-15 -1.277635e-14 6.362155e-13
5.760000e-02 5.872328e-04 -2.778251e-02 5.438238e+00 5.966618e-15 -1.429842e-14 6.365342e-13
5.770000e-02 6.115919e-04 -2.796826e-02 5.442256e+00 4.082370e-15 -3.113057e-14 6.732864e-13
5.780000e-02 5.968036e-04 -2.820857e-02 5.446011e+00 -2.478381e-15 -4.027288e-14 6.294449e-13
5.790000e-02 6.629232e-04 -2.827940e-02 5.449953e+00 1.108107e-14 -1.187156e-14 6.605925e-13
5.800000e-02 7.060887e-04 -2.826288e-02 5.453849e+00 7.234161e-15 2.768495e-15 6.528675e-13
5.810000e-02 7.739604e-04 -2.843234e-02 5.457800e+00 1.137472e-14 -2.839887e-14 6.621189e-13
5.820000e-02 8.870576e-04 -2.860784e-02 5.461633e+00 1.895411e-14 -2.941320e-14 6.424654e-13
5.830000e-02 8.542633e-04 -2.865551e-02 5.465481e+00 -5.496034e-15 -7.989522e-15 6.449244e-13
5.840000e-02 7.675005e-04 -2.868292e-02 5.469280e+00 -1.454071e-14 -4.592261e-15 6.366838e-13
5.850000e-02 7.176668e-04 -2.874567e-02 5.473188e+00 -8.351695e-15 -1.051675e-14 6.548389e-13
5.860000e-02 6.862521e-04 -2.892613e-02 5.477031e+00 -5.264832e-15 -3.024468e-14 6.440889e-13
5.870000e-02 8.028969e-04 -2.890476e-02 5.481005e+00 1.954867e-14 3.582856e-15 6.659743e-13
5.880000e-02 8.936547e-04 -2.900032e-02 5.484893e+00 1.521023e-14 -1.601575e-14 6.517221e-13
5.890000e-02 9.993220e-04 -2.916165e-02 5.488760e+00 1.770892e-14 -2.703780e-14 6.480162e-13
5.900000e-02 8.762159e-04 -2.916269e-02 5.492527e+00 -2.063152e-14 -1.734644e-16 6.313501e-13
5.910000e-02 9.752777e-04 -2.925048e-02 5.496287e+00 1.660190e-14 -1.471331e-14 6.301480e-13
5.920000e-02 9.310914e-04 -2.944392e-02 5.500137e+00 -7.405240e-15 -3.241866e-14 6.452167e-13
5.930000e-02 8.077887e-04 -2.961203e-02 5.503818e+00 -2.066448e-14 -2.817393e-14 6.168418e-13
5.940000e-02 7.535382e-04 -2.970578e-02 5.507664e+00 -9.091922e-15 -1.571182e-14 6.446065e-13
5.950000e-02 8.215213e-04 -2.971649e-02 5.511409e+00 1.139338e-14 -1.794412e-15 6.275266e-13
5.960000e-02 8.508349e-04 -2.978396e-02 5.515052e+00 4.912720e-15 -1.130769e-14 6.105751e-13
5.970000e-02 8.309554e-04 -2.991004e-02 5.518852e+00 -3.331637e-15 -2.113063e-14 6.369670e-13
5.980000e-02 7.246253e-04 -2.991799e-02 5.522631e+00 -1.782001e-14 -1.332198e-15 6.333179e-13
5.990000e-02 7.587990e-04 -3.006770e-02 5.526470e+00 5.727224e-15 -2.508989e-14 6.433557e-13
6.000000e-02 6.748046e-04 -3.022284e-02 5.530181e+00 -1.407674e-14 -2.599933e-14 6.219718e-13
6.010000e-02 6.086232e-04 -3.029813e-02 5.533911e+00 -1.109145e-14 -1.261816e-14 6.250023e-13
6.020000e-02 6.099510e-04 -3.038741e-02 5.537675e+00 2.225339e-16 -1.496363e-14 6.308572e-13
6.030000e-02 4.778169e-04 -3.062223e-02 5.541447e+00 -2.214454e-14 -3.935279e-14 6.321280e-13
6.040000e-02 4.472542e-04 -3.069418e-02 5.545301e+00 -5.122045e-15 -1.205866e-14 6.459594e-13
6.050000e-02 4.427365e-04 -3.077939e-02 5.548971e+00 -7.571229e-16 -1.427999e-14 6.149545e-13
6.060000e-02 3.283263e-04 -3.090438e-02 5.552885e+00 -1.917417e-14 -2.094764e-14 6.560806e-13
6.070000e-02 2.984834e-04 -3.097950e-02 5.556556e+00 -5.001410e-15 -1.258985e-14 6.152124e-13
6.080000e-02 4.587215e-04 -3.110473e-02 5.560212e+00 2.685452e-14 -2.098702e-14 6.126897e-13
6.090000e-02 4.633238e-04 -3.128577e-02 5.563969e+00 7.713101e-16 -3.034052e-14 6.296176e-13
6.100000e-02 6.753922e-04 -3.130590e-02 5.567763e+00 3.554084e-14 -3.373262e-15 6.357734e-13
6.110000e-02 6.450901e-04 -3.134816e-02 5.571469e+00 -5.078363e-15 -7.083746e-15 6.211830e-13
6.120000e-02 7.201915e-04 -3.141819e-02 5.575192e+00 1.258635e-14 -1.173666e-14 6.238813e-13
6.130000e-02 7.512436e-04 -3.155419e-02 5.578860e+00 5.204053e-15 -2.279094e-14 6.146891e-13
6.140000e-02 6.754346e-04 -3.170090e-02 5.582609e+00 -1.270494e-14 -2.458831e-14 6.284223e-13
6.150000e-02 7.837430e-04 -3.175876e-02 5.586269e+00 1.815156e-14 -9.696124e-15 6.133218e-13
6.160000e-02 7.212589e-04 -3.189039e-02 5.590019e+00 -1.047180e-14 -2.206063e-14 6.285576e-13
6.170000e-02 6.141760e-04 -3.199832e-02 5.593692e+00 -1.794617e-14 -1.808790e-14 6.154907e-13
6.180000e-02 6.492737e-04 -3.206864e-02 5.597353e+00 5.882081e-15 -1.178446e-14 6.134870e-13
6.190000e-02 5.962729e-04 -3.225796e-02 5.601064e+00 -8.882476e-15 -3.172928e-14 6.220656e-13
6.200000e-02 6.333636e-04 -3.238241e-02 5.604688e+00 6.216072e-15 -2.085582e-14 6.073146e-13
6.210000e-02 6.512100e-04 -3.263067e-02 5.608486e+00 2.990914e-15 -4.160611e-14 6.365458e-13
6.220000e-02 6.289271e-04 -3.280493e-02 5.612083e+00 -3.734426e-15 -2.920524e-14 6.027627e-13
6.230000e-02 6.134653e-04 -3.283942e-02 5.615770e+00 -2.591261e-15 -5.780259e-15 6.179065e-13
6.240000e-02 6.462379e-04 -3.319417e-02 5.619412e+00 5.492407e-15 -5.945359e-14 6.102917e-13
6.250000e-02 6.300711e-04 -3.318725e-02 5.623099e+00 -2.709415e-15 1.160078e-15 6.179216e-13
6.260000e-02 6.523242e-04 -3.330869e-02 5.626662e+00 3.729428e-15 -2.035194e-14 5.972250e-13
6.270000e-02 7.274791e-04 -3.339772e-02 5.630327e+00 1.259531e-14 -1.492064e-14 6.141047e-13
6.280000e-02 7.349088e-04 -3.339311e-02 5.633974e+00 1.245161e-15 7.723445e-16 6.113160e-13
6.290000e-02 8.056441e-04 -3.338906e-02 5.637644e+00 1.185463e-14 6.782643e-16 6.150757e-13
6.300000e-02 7.893917e-04 -3.363271e-02 5.641311e+00 -2.723765e-15 -4.083296e-14 6.144815e-13
6.310000e-02 8.447950e-04 -3.378677e-02 5.644886e+00 9.285113e-15 -2.581960e-14 5.992074e-13
6.320000e-02 7.580546e-04 -3.381301e-02 5.648484e+00 -1.453695e-14 -4.398090e-15 6.029343e-13
6.330000e-02 8.067982e-04 -3.391014e-02 5.652045e+00 8.169013e-15 -1.627664e-14 5.968129e-13
6.340000e-02 8.194456e-04 -3.409818e-02 5.655715e+00 2.119599e-15 -3.151509e-14 6.151026e-13
6.350000e-02 7.845758e-04 -3.415255e-02 5.659297e+00 -5.843888e-15 -9.112092e-15 6.002471e-13
6.360000e-02 8.542783e-04 -3.418798e-02 5.662875e+00 1.168154e-14 -5.937826e-15 5.996985e-13
6.370000e-02 8.943817e-04 -3.429453e-02 5.666430e+00 6.720989e-15 -1.785561e-14 5.957054e-13
6.380000e-02 8.226405e-04 -3.454682e-02 5.669995e+00 -1.202321e-14 -4.228224e-14 5.975908e-13
6.390000e-02 7.988929e-04 -3.465972e-02 5.673502e+00 -3.979889e-15 -1.892098e-14 5.876772e-13
6.400000e-02 6.939186e-04 -3.476328e-02 5.677147e+00 -1.759279e-14 -1.735514e-14 6.109042e-13
6.410000e-02 7.237847e-04 -3.498527e-02 5.680690e+00 5.005300e-15 -3.720357e-14 5.937063e-13
6.420000e-02 7.095280e-04 -3.500895e-02 5.684361e+00 -2.389308e-15 -3.969099e-15 6.151865e-13
6.430000e-02 7.581702e-04 -3.509304e-02 5.687867e+00 8.152013e-15 -1.409212e-14 5.876360e-13
6.440000e-02 6.865759e-04 -3.515564e-02 5.691520e+00 -1.199858e-14 -1.049252e-14 6.121427e-13
6.450000e-02 6.479379e-04 -3.526747e-02 5.695084e+00 -6.475399e-15 -1.874158e-14 5.974436e-13
6.460000e-02 6.992587e-04 -3.532353e-02 5.698691e+00 8.600930e-15 -9.394155e-15 6.043893e-13
6.470000e-02 7.259771e-04 -3.543037e-02 5.702172e+00 4.477758e-15 -1.790625e-14 5.834754e-13
6.480000e-02 7.462527e-04 -3.545111e-02 5.705837e+00 3.398023e-15 -3.475421e-15 6.142182e-13
6.490000e-02 7.135512e-04 -3.552581e-02 5.709452e+00 -5.480489e-15 -1.251914e-14 6.058186e-13
6.500000e-02 7.246037e-04 -3.567951e-02 5.713055e+00 1.852310e-15 -2.575948e-14 6.038467e-13
6.510000e-02 5.951814e-04 -3.588499e-02 5.716554e+00 -2.169008e-14 -3.443687e-14 5.863751e-13
6.520000e-02 5.251317e-04 -3.606492e-02 5.720286e+00 -1.173972e-14 -3.015372e-14 6.254711e-13
6.530000e-02 5.635404e-04 -3.623990e-02 5.723886e+00 6.436961e-15 -2.932574e-14 6.032891e-13
6.540000e-02 7.395443e-04 -3.628727e-02 5.727474e+00 2.949675e-14 -7.938520e-15 6.012864e-13
6.550000e-02 6.634876e-04 -3.641628e-02 5.731104e+00 -1.274646e-14 -2.162045e-14 6.084318e-13
6.560000e-02 6.848483e-04 -3.664804e-02 5.734625e+00 3.579869e-15 -3.884122e-14 5.900864e-13
6.570000e-02 6.445205e-04 -3.672608e-02 5.738111e+00 -6.758593e-15 -1.307896e-14 5.842143e-13
6.580000e-02 6.427774e-04 -3.683859e-02 5.741845e+00 -2.921215e-16 -1.885528e-14 6.258086e-13
6.590000e-02 5.108239e-04 -3.686152e-02 5.745436e+00 -2.211428e-14 -3.842886e-15 6.018547e-13
6.600000e-02 4.813429e-04 -3.694304e-02 5.749006e+00 -4.940758e-15 -1.366274e-14 5.981853e-13
6.610000e-02 5.252840e-04 -3.706523e-02 5.752504e+00 7.364141e-15 -2.047786e-14 5.863562e-13
6.620000e-02 6.358933e-04 -3.709778e-02 5.755955e+00 1.853718e-14 -5.455044e-15 5.783511e-13
6.630000e-02 5.510611e-04 -3.713181e-02 5.759529e+00 -1.421716e-14 -5.702490e-15 5.988758e-13
6.640000e-02 6.075128e-04 -3.725116e-02 5.763066e+00 9.460825e-15 -2.000306e-14 5.927558e-13
6.650000e-02 5.904708e-04 -3.730209e-02 5.766673e+00 -2.856099e-15 -8.535286e-15 6.045981e-13
6.660000e-02 6.267309e-04 -3.733517e-02 5.770117e+00 6.076888e-15 -5.543798e-15 5.771037e-13
6.670000e-02 5.981178e-04 -3.733848e-02 5.773680e+00 -4.795322e-15 -5.540629e-16 5.971478e-13
6.680000e-02 5.217339e-04 -3.739817e-02 5.777204e+00 -1.280128e-14 -1.000469e-14 5.906168e-13
6.690000e-02 6.549728e-04 -3.745187e-02 5.780670e+00 2.232970e-14 -8.999429e-15 5.808322e-13
6.700000e-02 5.721108e-04 -3.755848e-02 5.784121e+00 -1.388696e-14 -1.786683e-14 5.783090e-13
6.710000e-02 6.352004e-04 -3.762704e-02 5.787682e+00 1.057328e-14 -1.148980e-14 5.969371e-13
6.720000e-02 5.596631e-04 -3.766946e-02 5.791165e+00 -1.265941e-14 -7.109803e-15 5.836056e-13
6.730000e-02 4.921528e-04 -3.761188e-02 5.794548e+00 -1.131415e-14 9.650754e-15 5.669681e-13
6.740000e-02 5.603812e-04 -3.773029e-02 5.797983e+00 1.143451e-14 -1.984564e-14 5.756801e-13
6.750000e-02 5.908994e-04 -3.789362e-02 5.801399e+00 5.114587e-15 -2.737161e-14 5.725383e-13
6.760000e-02 4.958584e-04 -3.791111e-02 5.804903e+00 -1.592807e-14 -2.930676e-15 5.872402e-13
6.770000e-02 4.643691e-04 -3.799049e-02 5.808426e+00 -5.277324e-15 -1.330419e-14 5.904173e-13
6.780000e-02 3.630478e-04 -3.814301e-02 5.811768e+00 -1.698059e-14 -2.556171e-14 5.599980e-13
6.790000e-02 3.191159e-04 -3.832011e-02 5.815261e+00 -7.362595e-15 -2.967899e-14 5.855420e-13
6.800000e-02 3.046861e-04 -3.858884e-02 5.818628e+00 -2.418315e-15 -4.503799e-14 5.642517e-13
6.810000e-02 2.792582e-04 -3.865010e-02 5.822061e+00 -4.261507e-15 -1.026585e-14 5.752745e-13
6.820000e-02 3.040866e-04 -3.864987e-02 5.825434e+00 4.161040e-15 3.798013e-17 5.653653e-13
6.830000e-02 3.419182e-04 -3.878170e-02 5.828886e+00 6.340238e-15 -2.209339e-14 5.785045e-13
6.840000e-02 4.144422e-04 -3.897606e-02 5.832360e+00 1.215441e-14 -3.257392e-14 5.821498e-13
6.850000e-02 4.688266e-04 -3.908222e-02 5.835767e+00 9.114350e-15 -1.779055e-14 5.710384e-13
6.860000e-02 3.466777e-04 -3.920618e-02 5.839285e+00 -2.047110e-14 -2.077563e-14 5.895276e-13
6.870000e-02 2.163408e-04 -3.923028e-02 5.842666e+00 -2.184335e-14 -4.038011e-15 5.666859e-13
6.880000e-02 2.736780e-04 -3.949819e-02 5.846225e+00 9.609224e-15 -4.489961e-14 5.964696e-13
6.890000e-02 4.369019e-04 -3.950349e-02 5.849664e+00 2.735493e-14 -8.874776e-16 5.762749e-13
6.900000e-02 4.755623e-04 -3.966968e-02 5.853158e+00 6.479140e-15 -2.785209e-14 5.856260e-13
6.910000e-02 5.698948e-04 -3.970657e-02 5.856550e+00 1.580932e-14 -6.183174e-15 5.684007e-13
6.920000e-02 4.284785e-04 -3.979471e-02 5.859882e+00 -2.370016e-14 -1.477066e-14 5.585462e-13
6.930000e-02 3.368705e-04 -3.990461e-02 5.863144e+00 -1.535271e-14 -1.841931e-14 5.465439e-13
6.940000e-02 3.794636e-04 -4.000403e-02 5.866563e+00 7.138238e-15 -1.666181e-14 5.730766e-13
6.950000e-02 5.243550e-04 -4.012736e-02 5.870070e+00 2.428255e-14 -2.066818e-14 5.876364e-13
6.960000e-02 5.468940e-04 -4.036002e-02 5.873557e+00 3.777335e-15 -3.899333e-14 5.845013e-13
6.970000e-02 5.032490e-04 -4.045154e-02 5.877043e+00 -7.314516e-15 -1.533680e-14 5.842081e-13
6.980000e-02 5.822394e-04 -4.063999e-02 5.880349e+00 1.323810e-14 -3.158362e-14 5.539639e-13
6.990000e-02 5.914166e-04 -4.063031e-02 5.883790e+00 1.538032e-15 1.623039e-15 5.767613e-13
7.000000e-02 6.815885e-04 -4.071937e-02 5.887196e+00 1.511204e-14 -1.492567e-14 5.708091e-13
7.010000e-02 6.061519e-04 -4.080064e-02 5.890563e+00 -1.264253e-14 -1.362026e-14 5.643440e-13
7.020000e-02 4.794820e-04 -4.082615e-02 5.893862e+00 -2.122880e-14 -4.275614e-15 5.528766e-13
7.030000e-02 4.661077e-04 -4.090582e-02 5.897239e+00 -2.241406e-15 -1.335176e-14 5.658482e-13
7.040000e-02 5.142923e-04 -4.105928e-02 5.900660e+00 8.075326e-15 -2.571825e-14 5.734258e-13
7.050000e-02 5.821223e-04 -4.114508e-02 5.903937e+00 1.136773e-14 -1.437991e-14 5.491797e-13
7.060000e-02 5.834003e-04 -4.126240e-02 5.907319e+00 2.141680e-16 -1.966218e-14 5.667180e-13
7.070000e-02 4.721770e-04 -4.126145e-02 5.910509e+00 -1.864006e-14 1.600708e-16 5.347338e-13
7.080000e-02 3.485192e-04 -4.137595e-02 5.913989e+00 -2.072398e-14 -1.918974e-14 5.831897e-13
7.090000e-02 2.526098e-04 -4.154495e-02 5.917384e+00 -1.607360e-14 -2.832191e-14 5.688777e-13
7.100000e-02 1.722261e-04 -4.154555e-02 5.920625e+00 -1.347162e-14 -1.015200e-16 5.433098e-13
7.110000e-02 8.988523e-05 -4.178073e-02 5.923939e+00 -1.379962e-14 -3.941369e-14 5.552698e-13
7.120000e-02 2.126247e-04 -4.196731e-02 5.927269e+00 2.057008e-14 -3.126956e-14 5.581423e-13
7.130000e-02 1.637655e-04 -4.198787e-02 5.930560e+00 -8.188388e-15 -3.445089e-15 5.514752e-13
7.140000e-02 1.648184e-04 -4.198987e-02 5.933802e+00 1.764548e-16 -3.355947e-16 5.433844e-13
7.150000e-02 2.075046e-04 -4.200824e-02 5.937155e+00 7.153847e-15 -3.078475e-15 5.618727e-13
7.160000e-02 2.414735e-04 -4.215914e-02 5.940382e+00 5.692889e-15 -2.529012e-14 5.408583e-13
7.170000e-02 2.292292e-04 -4.220310e-02 5.943834e+00 -2.052036e-15 -7.366884e-15 5.785535e-13
7.180000e-02 2.016936e-04 -4.247797e-02 5.947143e+00 -4.614722e-15 -4.606514e-14 5.545864e-13
7.190000e-02 2.148122e-04 -4.272791e-02 5.950553e+00 2.198567e-15 -4.188933e-14 5.713992e-13
7.200000e-02 2.823607e-04 -4.276339e-02 5.953906e+00 1.132054e-14 -5.946073e-15 5.619601e-13
7.210000e-02 3.544053e-04 -4.287713e-02 5.957223e+00 1.207405e-14 -1.906130e-14 5.558573e-13
7.220000e-02 4.134349e-04 -4.301213e-02 5.960494e+00 9.892855e-15 -2.262460e-14 5.483003e-13
7.230000e-02 4.815378e-04 -4.309503e-02 5.963882e+00 1.141345e-14 -1.389420e-14 5.677690e-13
7.240000e-02 5.321563e-04 -4.318622e-02 5.967146e+00 8.483232e-15 -1.528262e-14 5.470245e-13
7.250000e-02 4.445512e-04 -4.323001e-02 5.970410e+00 -1.468187e-14 -7.337506e-15 5.470727e-13
7.260000e-02 3.607415e-04 -4.329778e-02 5.973772e+00 -1.404578e-14 -1.135857e-14 5.633656e-13
7.270000e-02 5.001245e-04 -4.342610e-02 5.977100e+00 2.335938e-14 -2.150484e-14 5.577860e-13
7.280000e-02 5.451031e-04 -4.348253e-02 5.980370e+00 7.538028e-15 -9.457379e-15 5.480734e-13
7.290000e-02 4.490126e-04 -4.362093e-02 5.983675e+00 -1.610393e-14 -2.319463e-14 5.537431e-13
7.300000e-02 4.525458e-04 -4.364800e-02 5.986914e+00 5.921245e-16 -4.536707e-15 5.428918e-13
7.310000e-02 4.146338e-04 -4.373056e-02 5.990160e+00 -6.353715e-15 -1.383648e-14 5.440083e-13
7.320000e-02 6.033085e-04 -4.391955e-02 5.993477e+00 3.162026e-14 -3.167212e-14 5.558169e-13
7.330000e-02 5.782830e-04 -4.400607e-02 5.996822e+00 -4.194070e-15 -1.450037e-14 5.607526e-13
7.340000e-02 6.828479e-04 -4.404898e-02 6.000158e+00 1.752418e-14 -7.192252e-15 5.590806e-13
7.350000e-02 6.277189e-04 -4.412239e-02 6.003361e+00 -9.239149e-15 -1.230283e-14 5.366385e-13
7.360000e-02 5.029330e-04 -4.417541e-02 6.006646e+00 -2.091305e-14 -8.884972e-15 5.506850e-13
7.370000e-02 4.739157e-04 -4.419972e-02 6.009930e+00 -4.863042e-15 -4.074755e-15 5.503257e-13
7.380000e-02 5.479164e-04 -4.427645e-02 6.013255e+00 1.240187e-14 -1.285887e-14 5.571594e-13
7.390000e-02 6.638899e-04 -4.431942e-02 6.016527e+00 1.943617e-14 -7.200866e-15 5.484823e-13
7.400000e-02 6.653179e-04 -4.441866e-02 6.019823e+00 2.393126e-16 -1.663201e-14 5.522975e-13
7.410000e-02 7.314920e-04 -4.463775e-02 6.023139e+00 1.109021e-14 -3.671849e-14 5.558094e-13
7.420000e-02 7.516285e-04 -4.480044e-02 6.026328e+00 3.374715e-15 -2.726550e-14 5.344436e-13
7.430000e-02 8.577745e-04 -4.494239e-02 6.029468e+00 1.778915e-14 -2.378910e-14 5.262253e-13
7.440000e-02 8.056405e-04 -4.490324e-02 6.032628e+00 -8.737212e-15 6.560941e-15 5.294865e-13
7.450000e-02 9.840813e-04 -4.496314e-02 6.035964e+00 2.990515e-14 -1.003834e-14 5.591601e-13
7.460000e-02 9.300290e-04 -4.517890e-02 6.039243e+00 -9.058698e-15 -3.615956e-14 5.495027e-13
7.470000e-02 9.237974e-04 -4.530682e-02 6.042372e+00 -1.044375e-15 -2.143861e-14 5.244519e-13
7.480000e-02 8.185555e-04 -4.528244e-02 6.045631e+00 -1.763763e-14 4.086286e-15 5.461301e-13
7.490000e-02 8.005895e-04 -4.538915e-02 6.048952e+00 -3.010954e-15 -1.788324e-14 5.566385e-13
7.500000e-02 7.641124e-04 -4.537527e-02 6.052213e+00 -6.113249e-15 2.326158e-15 5.463885e-13
7.510000e-02 7.087432e-04 -4.562262e-02 6.055434e+00 -9.279399e-15 -4.145349e-14 5.398155e-13
7.520000e-02 7.033825e-04 -4.573743e-02 6.058723e+00 -8.984107e-16 -1.924175e-14 5.512604e-13
7.530000e-02 6.658128e-04 -4.598614e-02 6.061854e+00 -6.296350e-15 -4.168169e-14 5.247738e-13
7.540000e-02 6.940630e-04 -4.607335e-02 6.065087e+00 4.734489e-15 -1.461552e-14 5.417189e-13
7.550000e-02 7.155952e-04 -4.609446e-02 6.068390e+00 3.608604e-15 -3.538697e-15 5.536498e-13
7.560000e-02 7.429395e-04 -4.619573e-02 6.071761e+00 4.582673e-15 -1.697108e-14 5.649669e-13
7.570000e-02 7.503133e-04 -4.619714e-02 6.075004e+00 1.235787e-15 -2.362748e-16 5.434195e-13
7.580000e-02 7.271849e-04 -4.624216e-02 6.078141e+00 -3.876127e-15 -7.545737e-15 5.258135e-13
7.590000e-02 7.670752e-04 -4.643428e-02 6.081276e+00 6.685270e-15 -3.219777e-14 5.254155e-13
7.600000e-02 9.173436e-04 -4.646379e-02 6.084479e+00 2.518370e-14 -4.945524e-15 5.368214e-13
7.610000e-02 9.086336e-04 -4.658882e-02 6.087812e+00 -1.459724e-15 -2.095436e-14 5.585255e-13
7.620000e-02 8.646157e-04 -4.675822e-02 6.091034e+00 -7.377026e-15 -2.838970e-14 5.399679e-13
7.630000e-02 8.339307e-04 -4.678100e-02 6.094081e+00 -5.142546e-15 -3.817119e-15 5.106713e-13
7.640000e-02 9.079781e-04 -4.683121e-02 6.097306e+00 1.240972e-14 -8.414416e-15 5.404123e-13
7.650000e-02 8.919589e-04 -4.709800e-02 6.100392e+00 -2.684693e-15 -4.471186e-14 5.171448e-13
7.660000e-02 9.674571e-04 -4.721389e-02 6.103556e+00 1.265285e-14 -1.942256e-14 5.302600e-13
7.670000e-02 9.848647e-04 -4.729579e-02 6.106804e+00 2.917374e-15 -1.372567e-14 5.444194e-13
7.680000e-02 9.121949e-04 -4.750226e-02 6.109898e+00 -1.217884e-14 -3.460307e-14 5.185998e-13
7.690000e-02 9.036563e-04 -4.768006e-02 6.113079e+00 -1.430987e-15 -2.979691e-14 5.329738e-13
7.700000e-02 8.321493e-04 -4.778304e-02 6.116170e+00 -1.198396e-14 -1.725893e-14 5.180250e-13
7.710000e-02 8.543111e-04 -4.789596e-02 6.119318e+00 3.714127e-15 -1.892359e-14 5.276552e-13
7.720000e-02 8.271635e-04 -4.789426e-02 6.122472e+00 -4.549713e-15 2.838501e-16 5.285134e-13
7.730000e-02 8.778116e-04 -4.801726e-02 6.125666e+00 8.488187e-15 -2.061366e-14 5.353943e-13
7.740000e-02 8.960483e-04 -4.804869e-02 6.128909e+00 3.056324e-15 -5.267775e-15 5.434237e-13
7.750000e-02 9.236995e-04 -4.821898e-02 6.132085e+00 4.634099e-15 -2.853815e-14 5.322886e-13
7.760000e-02 9.398805e-04 -4.835797e-02 6.135211e+00 2.711795e-15 -2.329317e-14 5.238870e-13
7.770000e-02 9.391772e-04 -4.861556e-02 6.138400e+00 -1.178694e-16 -4.317134e-14 5.345302e-13
7.780000e-02 8.146399e-04 -4.878556e-02 6.141593e+00 -2.087138e-14 -2.849057e-14 5.349679e-13
7.790000e-02 7.756725e-04 -4.865744e-02 6.144707e+00 -6.530608e-15 2.147329e-14 5.219283e-13
7.800000e-02 7.792986e-04 -4.885421e-02 6.147812e+00 6.077116e-16 -3.297714e-14 5.204530e-13
7.810000e-02 8.229889e-04 -4.893629e-02 6.150898e+00 7.322116e-15 -1.375580e-14 5.171779e-13
7.820000e-02 9.272182e-04 -4.911923e-02 6.154093e+00 1.746792e-14 -3.066041e-14 5.354157e-13
7.830000e-02 1.028582e-03 -4.917232e-02 6.157342e+00 1.698767e-14 -8.897340e-15 5.444345e-13
7.840000e-02 9.762882e-04 -4.929040e-02 6.160468e+00 -8.763949e-15 -1.978810e-14 5.239004e-13
7.850000e-02 9.846404e-04 -4.935569e-02 6.163634e+00 1.399763e-15 -1.094202e-14 5.305621e-13
7.860000e-02 1.065481e-03 -4.949638e-02 6.166747e+00 1.354814e-14 -2.357910e-14 5.218415e-13
7.870000e-02 1.112503e-03 -4.938384e-02 6.169803e+00 7.880595e-15 1.886028e-14 5.121360e-13
7.880000e-02 1.100437e-03 -4.956216e-02 6.172762e+00 -2.022239e-15 -2.988487e-14 4.959390e-13
7.890000e-02 1.161334e-03 -4.977429e-02 6.175916e+00 1.020575e-14 -3.555116e-14 5.284769e-13
7.900000e-02 1.133590e-03 -4.989062e-02 6.179109e+00 -4.649657e-15 -1.949578e-14 5.352385e-13
7.910000e-02 1.150649e-03 -5.001284e-02 6.182205e+00 2.859012e-15 -2.048326e-14 5.188455e-13
7.920000e-02 1.222631e-03 -5.015435e-02 6.185203e+00 1.206364e-14 -2.371582e-14 5.024301e-13
7.930000e-02 1.275174e-03 -5.038445e-02 6.188347e+00 8.805716e-15 -3.856268e-14 5.268333e-13
7.940000e-02 1.216735e-03 -5.046163e-02 6.191379e+00 -9.793925e-15 -1.293487e-14 5.082203e-13
7.950000e-02 1.362002e-03 -5.053164e-02 6.194571e+00 2.434552e-14 -1.173263e-14 5.349116e-13
7.960000e-02 1.361192e-03 -5.061796e-02 6.197643e+00 -1.356659e-16 -1.446608e-14 5.148745e-13
7.970000e-02 1.455886e-03 -5.079310e-02 6.200539e+00 1.586987e-14 -2.935268e-14 4.853239e-13
7.980000e-02 1.309580e-03 -5.079771e-02 6.203691e+00 -2.451966e-14 -7.719692e-16 5.282968e-13
7.990000e-02 1.410483e-03 -5.083514e-02 6.206823e+00 1.691040e-14 -6.272909e-15 5.248778e-13
8.000000e-02 1.457709e-03 -5.098913e-02 6.209980e+00 7.914699e-15 -2.580741e-14 5.289462e-13
8.010000e-02 1.556138e-03 -5.102563e-02 6.212967e+00 1.649581e-14 -6.116990e-15 5.007008e-13
8.020000e-02 1.718681e-03 -5.115352e-02 6.216097e+00 2.724080e-14 -2.143350e-14 5.244684e-13
8.030000e-02 1.811668e-03 -5.131898e-02 6.219161e+00 1.558394e-14 -2.773029e-14 5.135406e-13
8.040000e-02 1.895090e-03 -5.139843e-02 6.222327e+00 1.398085e-14 -1.331379e-14 5.306025e-13
8.050000e-02 1.851206e-03 -5.136672e-02 6.225305e+00 -7.354686e-15 5.313349e-15 4.990381e-13
8.060000e-02 1.780668e-03 -5.149018e-02 6.228466e+00 -1.182160e-14 -2.069051e-14 5.298485e-13
8.070000e-02 1.705897e-03 -5.164716e-02 6.231465e+00 -1.253087e-14 -2.630837e-14 5.025857e-13
8.080000e-02 1.666717e-03 -5.177465e-02 6.234570e+00 -6.566352e-15 -2.136619e-14 5.204263e-13
8.090000e-02 1.627894e-03 -5.197396e-02 6.237721e+00 -6.506325e-15 -3.340255e-14 5.279591e-13
8.100000e-02 1.589822e-03 -5.209044e-02 6.240914e+00 -6.380492e-15 -1.952083e-14 5.351983e-13
8.110000e-02 1.585040e-03 -5.219946e-02 6.243911e+00 -8.014950e-16 -1.827196e-14 5.023385e-13
8.120000e-02 1.466025e-03 -5.233586e-02 6.246858e+00 -1.994582e-14 -2.285902e-14 4.937445e-13
8.130000e-02 1.407041e-03 -5.238523e-02 6.250008e+00 -9.885208e-15 -8.274610e-15 5.279650e-13
8.140000e-02 1.432559e-03 -5.238220e-02 6.253154e+00 4.276587e-15 5.086364e-16 5.272897e-13
8.150000e-02 1.558215e-03 -5.248639e-02 6.256013e+00 2.105880e-14 -1.746075e-14 4.791285e-13
8.160000e-02 1.504304e-03 -5.256341e-02 6.259098e+00 -9.035037e-15 -1.290847e-14 5.169839e-13
8.170000e-02 1.482676e-03 -5.268811e-02 6.262039e+00 -3.624591e-15 -2.089932e-14 4.928487e-13
8.180000e-02 1.574520e-03 -5.272014e-02 6.265038e+00 1.539229e-14 -5.367847e-15 5.026127e-13
8.190000e-02 1.569181e-03 -5.281505e-02 6.268042e+00 -8.948641e-16 -1.590577e-14 5.035549e-13
8.200000e-02 1.545790e-03 -5.287729e-02 6.271130e+00 -3.920129e-15 -1.043084e-14 5.174411e-13
8.210000e-02 1.573058e-03 -5.297076e-02 6.274123e+00 4.569957e-15 -1.566541e-14 5.016748e-13
8.220000e-02 1.754265e-03 -5.320626e-02 6.277117e+00 3.036866e-14 -3.946645e-14 5.016315e-13
8.230000e-02 1.725043e-03 -5.333352e-02 6.280144e+00 -4.897263e-15 -2.132881e-14 5.073090e-13
8.240000e-02 1.734621e-03 -5.341358e-02 6.283323e+00 1.605120e-15 -1.341722e-14 5.328326e-13
8.250000e-02 1.671441e-03 -5.360697e-02 6.286312e+00 -1.058834e-14 -3.240942e-14 5.010279e-13
8.260000e-02 1.675709e-03 -5.365529e-02 6.289325e+00 7.152458e-16 -8.098106e-15 5.048424e-13
8.270000e-02 1.757858e-03 -5.378208e-02 6.292320e+00 1.376747e-14 -2.124949e-14 5.019196e-13
8.280000e-02 1.722089e-03 -5.383053e-02 6.295357e+00 -5.994557e-15 -8.119887e-15 5.090755e-13
8.290000e-02 1.711685e-03 -5.395203e-02 6.298532e+00 -1.743739e-15 -2.036246e-14 5.321165e-13
8.300000e-02 1.590415e-03 -5.395594e-02 6.301662e+00 -2.032380e-14 -6.547907e-16 5.244077e-13
8.310000e-02 1.502082e-03 -5.411579e-02 6.304499e+00 -1.480374e-14 -2.678913e-14 4.756002e-13
8.320000e-02 1.441912e-03 -5.412042e-02 6.307540e+00 -1.008410e-14 -7.763355e-16 5.095872e-13
8.330000e-02 1.515222e-03 -5.417364e-02 6.310508e+00 1.228612e-14 -8.919671e-15 4.973989e-13
8.340000e-02 1.511895e-03 -5.425822e-02 6.313580e+00 -5.575429e-16 -1.417485e-14 5.148615e-13
8.350000e-02 1.383478e-03 -5.425211e-02 6.316605e+00 -2.152156e-14 1.024195e-15 5.068847e-13
8.360000e-02 1.400710e-03 -5.445720e-02 6.319498e+00 2.887988e-15 -3.437178e-14 4.849633e-13
8.370000e-02 1.420479e-03 -5.458087e-02 6.322348e+00 3.312966e-15 -2.072575e-14 4.775936e-13
8.380000e-02 1.322139e-03 -5.475223e-02 6.325440e+00 -1.648092e-14 -2.871867e-14 5.182451e-13
8.390000e-02 1.339590e-03 -5.484844e-02 6.328360e+00 2.924761e-15 -1.612312e-14 4.893481e-13
8.400000e-02 1.452207e-03 -5.497200e-02 6.331328e+00 1.887353e-14 -2.070801e-14 4.974478e-13
8.410000e-02 1.362645e-03 -5.503700e-02 6.334266e+00 -1.500979e-14 -1.089411e-14 4.922327e-13
8.420000e-02 1.386019e-03 -5.517749e-02 6.337165e+00 3.917242e-15 -2.354484e-14 4.859825e-13
8.430000e-02 1.445947e-03 -5.535790e-02 6.340114e+00 1.004345e-14 -3.023412e-14 4.940803e-13
8.440000e-02 1.309627e-03 -5.546485e-02 6.343097e+00 -2.284603e-14 -1.792536e-14 4.999257e-13
8.450000e-02 1.405554e-03 -5.558397e-02 6.345844e+00 1.607657e-14 -1.996347e-14 4.605320e-13
8.460000e-02 1.486002e-03 -5.577607e-02 6.348679e+00 1.348242e-14 -3.219387e-14 4.750264e-13
8.470000e-02 1.428565e-03 -5.588358e-02 6.351575e+00 -9.626086e-15 -1.801792e-14 4.854341e-13
8.480000e-02 1.245859e-03 -5.586973e-02 6.354553e+00 -3.061983e-14 2.321491e-15 4.990484e-13
8.490000e-02 1.358747e-03 -5.586932e-02 6.357525e+00 1.891904e-14 6.873086e-17 4.979685e-13
8.500000e-02 1.349179e-03 -5.586651e-02 6.360420e+00 -1.603573e-15 4.709196e-16 4.851785e-13
8.510000e-02 1.402763e-03 -5.596980e-02 6.363425e+00 8.980326e-15 -1.731095e-14 5.036613e-13
8.520000e-02 1.326730e-03 -5.588477e-02 6.366470e+00 -1.274258e-14 1.425084e-14 5.103499e-13
8.530000e-02 1.556338e-03 -5.601807e-02 6.369223e+00 3.848028e-14 -2.234065e-14 4.614493e-13
8.540000e-02 1.569054e-03 -5.606423e-02 6.372162e+00 2.131157e-15 -7.735437e-15 4.925319e-13
8.550000e-02 1.691623e-03 -5.611291e-02 6.375133e+00 2.054151e-14 -8.158889e-15 4.979365e-13
8.560000e-02 1.575621e-03 -5.622174e-02 6.378015e+00 -1.944093e-14 -1.823784e-14 4.829003e-13
8.570000e-02 1.617202e-03 -5.632017e-02 6.380975e+00 6.968612e-15 -1.649644e-14 4.961601e-13
8.580000e-02 1.577197e-03 -5.645340e-02 6.383852e+00 -6.704439e-15 -2.232859e-14 4.820123e-13
8.590000e-02 1.545833e-03 -5.666231e-02 6.386690e+00 -5.256411e-15 -3.501115e-14 4.757218e-13
8.600000e-02 1.505627e-03 -5.681562e-02 6.389519e+00 -6.738172e-15 -2.569283e-14 4.740323e-13
8.610000e-02 1.511283e-03 -5.689573e-02 6.392429e+00 9.479158e-16 -1.342666e-14 4.877748e-13
8.620000e-02 1.483161e-03 -5.689048e-02 6.395364e+00 -4.713030e-15 8.793180e-16 4.919203e-13
8.630000e-02 1.510004e-03 -5.700648e-02 6.398291e+00 4.498741e-15 -1.943921e-14 4.904714e-13
8.640000e-02 1.493021e-03 -5.718105e-02 6.401252e+00 -2.846343e-15 -2.925621e-14 4.962261e-13
8.650000e-02 1.483551e-03 -5.718800e-02 6.404224e+00 -1.586977e-15 -1.165418e-15 4.980938e-13
8.660000e-02 1.444971e-03 -5.735153e-02 6.407234e+00 -6.465794e-15 -2.740691e-14 5.045061e-13
8.670000e-02 1.365174e-03 -5.753208e-02 6.410098e+00 -1.337315e-14 -3.025818e-14 4.799377e-13
8.680000e-02 1.345947e-03 -5.750360e-02 6.412973e+00 -3.222423e-15 4.773734e-15 4.818244e-13
8.690000e-02 1.291095e-03 -5.753188e-02 6.415815e+00 -9.192739e-15 -4.740718e-15 4.763441e-13
8.700000e-02 1.334441e-03 -5.781671e-02 6.418712e+00 7.264444e-15 -4.773517e-14 4.854873e-13
8.710000e-02 1.475831e-03 -5.778700e-02 6.421590e+00 2.369573e-14 4.980415e-15 4.822691e-13
8.720000e-02 1.484426e-03 -5.783752e-02 6.424482e+00 1.440463e-15 -8.467789e-15 4.847876e-13
8.730000e-02 1.661500e-03 -5.797653e-02 6.427377e+00 2.967615e-14 -2.329582e-14 4.850170e-13
8.740000e-02 1.791283e-03 -5.801676e-02 6.430234e+00 2.175046e-14 -6.742791e-15 4.788192e-13
8.750000e-02 1.853775e-03 -5.817637e-02 6.433131e+00 1.047316e-14 -2.674908e-14 4.855709e-13
8.760000e-02 1.847413e-03 -5.825362e-02 6.435893e+00 -1.066223e-15 -1.294687e-14 4.628510e-13
8.770000e-02 1.858312e-03 -5.838873e-02 6.438748e+00 1.826597e-15 -2.264243e-14 4.784564e-13
8.780000e-02 1.906955e-03 -5.833965e-02 6.441638e+00 8.152151e-15 8.224356e-15 4.844397e-13
8.790000e-02 1.843341e-03 -5.842209e-02 6.444393e+00 -1.066119e-14 -1.381493e-14 4.616588e-13
8.800000e-02 1.751342e-03 -5.847291e-02 6.447276e+00 -1.541819e-14 -8.518540e-15 4.832016e-13
8.810000e-02 1.850183e-03 -5.847755e-02 6.450118e+00 1.656494e-14 -7.763903e-16 4.762155e-13
8.820000e-02 1.735855e-03 -5.858476e-02 6.453024e+00 -1.916048e-14 -1.796857e-14 4.870706e-13
8.830000e-02 1.721349e-03 -5.861469e-02 6.455880e+00 -2.431057e-15 -5.015849e-15 4.785813e-13
8.840000e-02 1.782635e-03 -5.871617e-02 6.458681e+00 1.027103e-14 -1.700594e-14 4.695241e-13
8.850000e-02 1.849896e-03 -5.879165e-02 6.461525e+00 1.127237e-14 -1.265141e-14 4.766831e-13
8.860000e-02 1.878687e-03 -5.878850e-02 6.464395e+00 4.825066e-15 5.282351e-16 4.809185e-13
8.870000e-02 1.963014e-03 -5.887663e-02 6.467159e+00 1.413243e-14 -1.476943e-14 4.632488e-13
8.880000e-02 2.011693e-03 -5.889620e-02 6.470099e+00 8.158204e-15 -3.279098e-15 4.926013e-13
8.890000e-02 2.075368e-03 -5.901828e-02 6.472963e+00 1.067145e-14 -2.046028e-14 4.799927e-13
8.900000e-02 2.126510e-03 -5.912458e-02 6.475674e+00 8.570873e-15 -1.781403e-14 4.544481e-13
8.910000e-02 2.165494e-03 -5.907364e-02 6.478571e+00 6.533531e-15 8.536246e-15 4.854200e-13
8.920000e-02 2.225297e-03 -5.923559e-02 6.481385e+00 1.002240e-14 -2.714183e-14 4.716582e-13
8.930000e-02 2.143285e-03 -5.945033e-02 6.484171e+00 -1.374453e-14 -3.598852e-14 4.669118e-13
8.940000e-02 2.151132e-03 -5.958045e-02 6.487037e+00 1.315058e-15 -2.180700e-14 4.803515e-13
8.950000e-02 2.128720e-03 -5.970758e-02 6.489950e+00 -3.755954e-15 -2.130535e-14 4.881486e-13
8.960000e-02 2.183727e-03 -5.977676e-02 6.492797e+00 9.218622e-15 -1.159487e-14 4.771440e-13
8.970000e-02 2.212839e-03 -5.995834e-02 6.495649e+00 4.878935e-15 -3.043033e-14 4.780323e-13
8.980000e-02 2.235290e-03 -6.011435e-02 6.498505e+00 3.762645e-15 -2.614618e-14 4.785527e-13
8.990000e-02 2.179932e-03 -6.019462e-02 6.501461e+00 -9.277619e-15 -1.345215e-14 4.953600e-13
9.000000e-02 2.200657e-03 -6.025681e-02 6.504308e+00 3.473405e-15 -1.042287e-14 4.772748e-13
9.010000e-02 2.176351e-03 -6.033996e-02 6.507217e+00 -4.073577e-15 -1.393566e-14 4.874982e-13
9.020000e-02 2.175452e-03 -6.032023e-02 6.509961e+00 -1.505460e-16 3.307295e-15 4.598962e-13
9.030000e-02 2.222104e-03 -6.047020e-02 6.512897e+00 7.818491e-15 -2.513450e-14 4.920380e-13
9.040000e-02 2.124253e-03 -6.059764e-02 6.515709e+00 -1.639910e-14 -2.135718e-14 4.712222e-13
9.050000e-02 2.118247e-03 -6.071291e-02 6.518478e+00 -1.006524e-15 -1.931796e-14 4.640560e-13
9.060000e-02 2.193719e-03 -6.078060e-02 6.521209e+00 1.264855e-14 -1.134526e-14 4.576253e-13
9.070000e-02 2.118639e-03 -6.091391e-02 6.524067e+00 -1.258282e-14 -2.234138e-14 4.789540e-13
9.080000e-02 2.122619e-03 -6.096160e-02 6.526883e+00 6.669234e-16 -7.992384e-15 4.720414e-13
9.090000e-02 2.137663e-03 -6.107257e-02 6.529678e+00 2.521271e-15 -1.859674e-14 4.684172e-13
9.100000e-02 2.183912e-03 -6.117210e-02 6.532337e+00 7.751063e-15 -1.668010e-14 4.456360e-13
9.110000e-02 2.137744e-03 -6.125101e-02 6.535151e+00 -7.737442e-15 -1.322606e-14 4.715121e-13
9.120000e-02 2.129265e-03 -6.139112e-02 6.538073e+00 -1.421071e-15 -2.348133e-14 4.898063e-13
9.130000e-02 2.225087e-03 -6.157224e-02 6.540883e+00 1.605901e-14 -3.035291e-14 4.708662e-13
9.140000e-02 2.142973e-03 -6.178830e-02 6.543708e+00 -1.376167e-14 -3.621065e-14 4.734362e-13
9.150000e-02 2.108835e-03 -6.177412e-02 6.546449e+00 -5.721167e-15 2.376458e-15 4.594543e-13
9.160000e-02 2.172763e-03 -6.187816e-02 6.549229e+00 1.071387e-14 -1.743581e-14 4.657556e-13
9.170000e-02 2.179862e-03 -6.185923e-02 6.552188e+00 1.189721e-15 3.171720e-15 4.959158e-13
9.180000e-02 2.204965e-03 -6.193751e-02 6.554946e+00 4.206897e-15 -1.311873e-14 4.622893e-13
9.190000e-02 2.140951e-03 -6.203430e-02 6.557698e+00 -1.072807e-14 -1.622144e-14 4.612635e-13
9.200000e-02 2.097058e-03 -6.211178e-02 6.560407e+00 -7.356129e-15 -1.298355e-14 4.539283e-13
9.210000e-02 2.132389e-03 -6.222611e-02 6.563294e+00 5.921198e-15 -1.916083e-14 4.839371e-13
9.220000e-02 2.102724e-03 -6.228128e-02 6.566094e+00 -4.971590e-15 -9.247323e-15 4.692085e-13
9.230000e-02 2.030615e-03 -6.226949e-02 6.568827e+00 -1.208484e-14 1.975796e-15 4.580664e-13
9.240000e-02 1.903868e-03 -6.235236e-02 6.571542e+00 -2.124182e-14 -1.388806e-14 4.549020e-13
9.250000e-02 1.816180e-03 -6.244075e-02 6.574239e+00 -1.469569e-14 -1.481338e-14 4.519820e-13
9.260000e-02 1.719462e-03 -6.249663e-02 6.576946e+00 -1.620912e-14 -9.363844e-15 4.536339e-13
9.270000e-02 1.661713e-03 -6.261626e-02 6.579671e+00 -9.678155e-15 -2.004910e-14 4.568393e-13
9.280000e-02 1.739149e-03 -6.261020e-02 6.582310e+00 1.297761e-14 1.014748e-15 4.421230e-13
9.290000e-02 1.726595e-03 -6.269527e-02 6.585040e+00 -2.103977e-15 -1.425591e-14 4.576058e-13
9.300000e-02 1.752341e-03 -6.281538e-02 6.587810e+00 4.314701e-15 -2.013003e-14 4.642363e-13
9.310000e-02 1.897840e-03 -6.290530e-02 6.590716e+00 2.438444e-14 -1.506919e-14 4.870121e-13
9.320000e-02 1.922626e-03 -6.306434e-02 6.593381e+00 4.153963e-15 -2.665472e-14 4.466164e-13
9.330000e-02 1.986198e-03 -6.310948e-02 6.596090e+00 1.065413e-14 -7.564425e-15 4.539597e-13
9.340000e-02 1.980746e-03 -6.321991e-02 6.598927e+00 -9.136971e-16 -1.850789e-14 4.754721e-13
9.350000e-02 1.981511e-03 -6.315709e-02 6.601640e+00 1.281440e-16 1.052757e-14 4.546992e-13
9.360000e-02 1.877764e-03 -6.311980e-02 6.604333e+00 -1.738714e-14 6.250570e-15 4.512847e-13
9.370000e-02 1.845269e-03 -6.325531e-02 6.607074e+00 -5.445754e-15 -2.271112e-14 4.593776e-13
9.380000e-02 1.807647e-03 -6.328112e-02 6.609750e+00 -6.305187e-15 -4.325653e-15 4.485480e-13
9.390000e-02 1.746933e-03 -6.339537e-02 6.612572e+00 -1.017523e-14 -1.914663e-14 4.729753e-13
9.400000e-02 1.758773e-03 -6.347334e-02 6.615365e+00 1.984390e-15 -1.306656e-14 4.680076e-13
9.410000e-02 1.858464e-03 -6.353544e-02 6.618042e+00 1.670730e-14 -1.040760e-14 4.486284e-13
9.420000e-02 1.924362e-03 -6.360647e-02 6.620816e+00 1.104392e-14 -1.190364e-14 4.649713e-13
9.430000e-02 1.977358e-03 -6.367400e-02 6.623489e+00 8.881763e-15 -1.131776e-14 4.479448e-13
9.440000e-02 1.999721e-03 -6.378216e-02 6.626290e+00 3.747796e-15 -1.812757e-14 4.694398e-13
9.450000e-02 2.076539e-03 -6.389348e-02 6.629003e+00 1.287410e-14 -1.865607e-14 4.546763e-13
9.460000e-02 2.000635e-03 -6.387758e-02 6.631785e+00 -1.272098e-14 2.664844e-15 4.662059e-13
9.470000e-02 1.962046e-03 -6.400515e-02 6.634487e+00 -6.467109e-15 -2.138018e-14 4.528428e-13
9.480000e-02 1.986129e-03 -6.407075e-02 6.637204e+00 4.036150e-15 -1.099378e-14 4.553684e-13
9.490000e-02 2.052901e-03 -6.422430e-02 6.639951e+00 1.119029e-14 -2.573327e-14 4.603373e-13
9.500000e-02 2.098924e-03 -6.427846e-02 6.642614e+00 7.713148e-15 -9.077032e-15 4.463815e-13
9.510000e-02 2.213556e-03 -6.428335e-02 6.645293e+00 1.921139e-14 -8.188410e-16 4.489445e-13
9.520000e-02 2.278749e-03 -6.436169e-02 6.647925e+00 1.092566e-14 -1.313014e-14 4.411061e-13
9.530000e-02 2.267323e-03 -6.449916e-02 6.650708e+00 -1.914919e-15 -2.303771e-14 4.664062e-13
9.540000e-02 2.187557e-03 -6.458629e-02 6.653348e+00 -1.336805e-14 -1.460290e-14 4.423384e-13
9.550000e-02 2.205325e-03 -6.463213e-02 6.656247e+00 2.977799e-15 -7.682646e-15 4.859065e-13
9.560000e-02 2.305950e-03 -6.471323e-02 6.659014e+00 1.686384e-14 -1.359133e-14 4.637414e-13
9.570000e-02 2.195892e-03 -6.481572e-02 6.661660e+00 -1.844471e-14 -1.717627e-14 4.434918e-13
9.580000e-02 2.223972e-03 -6.480615e-02 6.664471e+00 4.706019e-15 1.604045e-15 4.709561e-13
9.590000e-02 2.178164e-03 -6.480094e-02 6.667178e+00 -7.677027e-15 8.724665e-16 4.536704e-13
9.600000e-02 2.203176e-03 -6.479992e-02 6.669920e+00 4.191753e-15 1.718935e-16 4.595936e-13
9.610000e-02 2.176530e-03 -6.486757e-02 6.672511e+00 -4.465681e-15 -1.133765e-14 4.342094e-13
9.620000e-02 2.288035e-03 -6.502216e-02 6.675020e+00 1.868734e-14 -2.590862e-14 4.204813e-13
9.630000e-02 2.315561e-03 -6.513046e-02 6.677716e+00 4.613079e-15 -1.814946e-14 4.519461e-13
9.640000e-02 2.169670e-03 -6.523439e-02 6.680335e+00 -2.445005e-14 -1.741872e-14 4.389084e-13
9.650000e-02 2.120950e-03 -6.533056e-02 6.682859e+00 -8.165133e-15 -1.611624e-14 4.228829e-13
9.660000e-02 2.067430e-03 -6.528929e-02 6.685435e+00 -8.969510e-15 6.915409e-15 4.316970e-13
9.670000e-02 2.057922e-03 -6.541105e-02 6.688062e+00 -1.593323e-15 -2.040490e-14 4.402552e-13
9.680000e-02 1.969634e-03 -6.545298e-02 6.690616e+00 -1.479633e-14 -7.027403e-15 4.281356e-13
9.690000e-02 1.860693e-03 -6.554117e-02 6.693289e+00 -1.825757e-14 -1.477931e-14 4.479990e-13
9.700000e-02 1.816240e-03 -6.570985e-02 6.695903e+00 -7.450041e-15 -2.827073e-14 4.379498e-13
9.710000e-02 1.773375e-03 -6.577360e-02 6.698627e+00 -7.183679e-15 -1.068276e-14 4.565991e-13
9.720000e-02 1.915080e-03 -6.596801e-02 6.701473e+00 2.374840e-14 -3.258181e-14 4.768957e-13
9.730000e-02 1.922836e-03 -6.601061e-02 6.704064e+00 1.299813e-15 -7.139260e-15 4.342766e-13
9.740000e-02 1.866330e-03 -6.614098e-02 6.706688e+00 -9.469842e-15 -2.184858e-14 4.398081e-13
9.750000e-02 1.794627e-03 -6.622894e-02 6.709374e+00 -1.201679e-14 -1.474113e-14 4.501245e-13
9.760000e-02 1.773094e-03 -6.616307e-02 6.712014e+00 -3.608714e-15 1.103895e-14 4.424316e-13
9.770000e-02 1.763528e-03 -6.619389e-02 6.714719e+00 -1.603201e-15 -5.165612e-15 4.533247e-13
9.780000e-02 1.881693e-03 -6.635883e-02 6.717367e+00 1.980345e-14 -2.764184e-14 4.437186e-13
9.790000e-02 1.979099e-03 -6.635098e-02 6.720017e+00 1.632432e-14 1.314667e-15 4.442623e-13
9.800000e-02 1.864496e-03 -6.654672e-02 6.722755e+00 -1.920636e-14 -3.280347e-14 4.587680e-13
9.810000e-02 1.687609e-03 -6.666987e-02 6.725489e+00 -2.964482e-14 -2.063969e-14 4.582791e-13
9.820000e-02 1.588953e-03 -6.675338e-02 6.728185e+00 -1.653382e-14 -1.399578e-14 4.517040e-13
9.830000e-02 1.590258e-03 -6.689486e-02 6.730926e+00 2.185555e-16 -2.371077e-14 4.594587e-13
9.840000e-02 1.630232e-03 -6.691401e-02 6.733589e+00 6.699299e-15 -3.209839e-15 4.462269e-13
9.850000e-02 1.520736e-03 -6.690601e-02 6.736275e+00 -1.835051e-14 1.342193e-15 4.501229e-13
9.860000e-02 1.349695e-03 -6.689377e-02 6.738854e+00 -2.866496e-14 2.051096e-15 4.322616e-13
9.870000e-02 1.336828e-03 -6.690218e-02 6.741516e+00 -2.156490e-15 -1.410468e-15 4.461992e-13
9.880000e-02 1.332244e-03 -6.689275e-02 6.744136e+00 -7.682677e-16 1.581050e-15 4.391333e-13
9.890000e-02 1.243985e-03 -6.683840e-02 6.746698e+00 -1.479132e-14 9.107889e-15 4.293412e-13
9.900000e-02 1.170715e-03 -6.689598e-02 6.749342e+00 -1.227947e-14 -9.648531e-15 4.431306e-13
9.910000e-02 1.053760e-03 -6.704359e-02 6.751932e+00 -1.960061e-14 -2.473826e-14 4.339988e-13
9.920000e-02 1.071878e-03 -6.716630e-02 6.754714e+00 3.036387e-15 -2.056596e-14 4.661739e-13
9.930000e-02 1.069817e-03 -6.722273e-02 6.757262e+00 -3.454976e-16 -9.456871e-15 4.270917e-13
9.940000e-02 1.111088e-03 -6.732548e-02 6.759896e+00 6.916797e-15 -1.722086e-14 4.413491e-13
9.950000e-02 1.088318e-03 -6.741166e-02 6.762580e+00 -3.816034e-15 -1.444164e-14 4.498609e-13
9.960000e-02 9.998668e-04 -6.751883e-02 6.765342e+00 -1.482373e-14 -1.796228e-14 4.629284e-13
9.970000e-02 1.087334e-03 -6.769795e-02 6.767901e+00 1.465877e-14 -3.001798e-14 4.288786e-13
9.980000e-02 1.090982e-03 -6.778283e-02 6.770644e+00 6.112649e-16 -1.422608e-14 4.596763e-13
9.990000e-02 1.142716e-03 -6.776369e-02 6.773220e+00 8.670184e-15 3.208530e-15 4.317459e-13
1.000000e-01 1.239234e-03 -6.778395e-02 6.775813e+00 1.617573e-14 -3.395229e-15 4.344908e-13
