0.000000e+00 -5.000000e+00 0.000000e+00 8.731392e-19 2.394519e-16 -4.816057e-16
0.000000e+00 -4.900000e+00 0.000000e+00 2.044799e-18 5.487977e-16 -1.135992e-15
0.000000e+00 -4.800000e+00 0.000000e+00 4.647637e-18 1.219727e-15 -2.599876e-15
0.000000e+00 -4.700000e+00 0.000000e+00 1.025376e-17 2.628918e-15 -5.767332e-15
0.000000e+00 -4.600000e+00 0.000000e+00 2.196033e-17 5.494758e-15 -1.238712e-14
0.000000e+00 -4.500000e+00 0.000000e+00 4.565738e-17 1.113663e-14 -2.573105e-14
0.000000e+00 -4.400000e+00 0.000000e+00 9.214365e-17 2.188533e-14 -5.163627e-14
0.000000e+00 -4.300000e+00 0.000000e+00 1.805051e-16 4.169906e-14 -9.999641e-14
0.000000e+00 -4.200000e+00 0.000000e+00 3.432746e-16 7.703317e-14 -1.866677e-13
0.000000e+00 -4.100000e+00 0.000000e+00 6.338677e-16 1.379611e-13 -3.355337e-13
0.000000e+00 -4.000000e+00 0.000000e+00 1.136003e-15 2.393900e-13 -5.801022e-13
0.000000e+00 -3.900000e+00 0.000000e+00 1.974110e-15 4.021621e-13 -9.635705e-13
0.000000e+00 -3.800000e+00 0.000000e+00 3.325760e-15 6.540739e-13 -1.535937e-12
0.000000e+00 -3.700000e+00 0.000000e+00 5.436233e-15 1.030068e-12 -2.347202e-12
0.000000e+00 -3.600000e+00 0.000000e+00 8.609130e-15 1.568159e-12 -3.435261e-12
0.000000e+00 -3.500000e+00 0.000000e+00 1.318029e-14 2.304514e-12 -4.805771e-12
0.000000e+00 -3.400000e+00 0.000000e+00 1.954206e-14 3.272771e-12 -6.415960e-12
0.000000e+00 -3.300000e+00 0.000000e+00 2.800716e-14 4.480240e-12 -8.174603e-12
0.000000e+00 -3.200000e+00 0.000000e+00 3.866609e-14 5.898298e-12 -9.906524e-12
0.000000e+00 -3.100000e+00 0.000000e+00 5.164134e-14 7.484921e-12 -1.139165e-11
0.000000e+00 -3.000000e+00 0.000000e+00 6.629447e-14 9.100506e-12 -1.245533e-11
0.000000e+00 -2.900000e+00 0.000000e+00 8.196981e-14 1.061814e-11 -1.284303e-11
0.000000e+00 -2.800000e+00 0.000000e+00 9.742743e-14 1.183902e-11 -1.256502e-11
0.000000e+00 -2.700000e+00 0.000000e+00 1.110777e-13 1.258989e-11 -1.157803e-11
0.000000e+00 -2.600000e+00 0.000000e+00 1.213511e-13 1.269658e-11 -1.011088e-11
0.000000e+00 -2.500000e+00 0.000000e+00 1.269936e-13 1.210114e-11 -8.344938e-12
0.000000e+00 -2.400000e+00 0.000000e+00 1.262874e-13 1.072003e-11 -6.564871e-12
0.000000e+00 -2.300000e+00 0.000000e+00 1.202511e-13 8.750769e-12 -4.892896e-12
0.000000e+00 -2.200000e+00 0.000000e+00 1.071370e-13 6.205415e-12 -3.559790e-12
0.000000e+00 -2.100000e+00 0.000000e+00 9.037113e-14 3.463101e-12 -2.493353e-12
0.000000e+00 -2.000000e+00 0.000000e+00 6.977936e-14 6.459743e-13 -1.734211e-12
0.000000e+00 -1.900000e+00 0.000000e+00 4.721516e-14 -2.043083e-12 -1.203061e-12
0.000000e+00 -1.800000e+00 0.000000e+00 2.572520e-14 -4.360565e-12 -7.916947e-13
0.000000e+00 -1.700000e+00 0.000000e+00 5.848699e-15 -6.271943e-12 -5.107848e-13
0.000000e+00 -1.600000e+00 0.000000e+00 -1.215193e-14 -7.737480e-12 -3.416482e-13
0.000000e+00 -1.500000e+00 0.000000e+00 -2.664680e-14 -8.750777e-12 -2.314643e-13
0.000000e+00 -1.400000e+00 0.000000e+00 -3.867246e-14 -9.300666e-12 -1.702107e-13
0.000000e+00 -1.300000e+00 0.000000e+00 -4.780540e-14 -9.476885e-12 -1.242835e-13
0.000000e+00 -1.200000e+00 0.000000e+00 -5.530933e-14 -9.275921e-12 -5.611174e-14
0.000000e+00 -1.100000e+00 0.000000e+00 -5.957642e-14 -8.889419e-12 1.620550e-14
0.000000e+00 -1.000000e+00 0.000000e+00 -6.262807e-14 -8.448279e-12 5.932196e-14
0.000000e+00 -9.000000e-01 0.000000e+00 -6.462498e-14 -7.810800e-12 5.702182e-14
0.000000e+00 -8.000000e-01 0.000000e+00 -6.428090e-14 -7.011225e-12 8.319828e-14
0.000000e+00 -7.000000e-01 0.000000e+00 -6.261677e-14 -6.139575e-12 1.487919e-13
0.000000e+00 -6.000000e-01 0.000000e+00 -6.332340e-14 -5.324097e-12 2.353389e-13
0.000000e+00 -5.000000e-01 0.000000e+00 -6.638029e-14 -4.605076e-12 3.192895e-13
0.000000e+00 -4.000000e-01 0.000000e+00 -6.465480e-14 -3.724741e-12 3.400840e-13
0.000000e+00 -3.000000e-01 0.000000e+00 -5.881433e-14 -2.784258e-12 3.385780e-13
0.000000e+00 -2.000000e-01 0.000000e+00 -4.930246e-14 -1.902545e-12 3.394118e-13
0.000000e+00 -1.000000e-01 0.000000e+00 -4.247862e-14 -1.122119e-12 3.608960e-13
0.000000e+00 -1.026956e-15 0.000000e+00 -4.515591e-14 -2.863098e-13 4.251756e-13
0.000000e+00 1.000000e-01 0.000000e+00 -4.377354e-14 6.171019e-13 4.043598e-13
0.000000e+00 2.000000e-01 0.000000e+00 -4.382168e-14 1.408641e-12 3.444355e-13
0.000000e+00 3.000000e-01 0.000000e+00 -5.322998e-14 2.221520e-12 3.411620e-13
0.000000e+00 4.000000e-01 0.000000e+00 -6.138313e-14 3.132867e-12 3.366267e-13
0.000000e+00 5.000000e-01 0.000000e+00 -6.594985e-14 4.075228e-12 3.406342e-13
0.000000e+00 6.000000e-01 0.000000e+00 -6.551486e-14 4.881360e-12 2.914942e-13
0.000000e+00 7.000000e-01 0.000000e+00 -6.247053e-14 5.612070e-12 2.017001e-13
0.000000e+00 8.000000e-01 0.000000e+00 -6.327922e-14 6.468964e-12 1.201044e-13
0.000000e+00 9.000000e-01 0.000000e+00 -6.460684e-14 7.324166e-12 6.860808e-14
0.000000e+00 1.000000e+00 0.000000e+00 -6.419229e-14 8.073534e-12 5.713156e-14
0.000000e+00 1.100000e+00 0.000000e+00 -6.143736e-14 8.632393e-12 5.163483e-14
0.000000e+00 1.200000e+00 0.000000e+00 -5.837013e-14 9.034742e-12 -1.185029e-14
0.000000e+00 1.300000e+00 0.000000e+00 -5.272312e-14 9.393190e-12 -8.133369e-14
0.000000e+00 1.400000e+00 0.000000e+00 -4.466311e-14 9.451859e-12 -1.458867e-13
0.000000e+00 1.500000e+00 0.000000e+00 -3.446494e-14 9.144041e-12 -1.858295e-13
0.000000e+00 1.600000e+00 0.000000e+00 -2.155638e-14 8.425856e-12 -2.696929e-13
0.000000e+00 1.700000e+00 0.000000e+00 -5.796631e-15 7.240835e-12 -3.924973e-13
0.000000e+00 1.800000e+00 0.000000e+00 1.319829e-14 5.604700e-12 -6.039046e-13
0.000000e+00 1.900000e+00 0.000000e+00 3.350720e-14 3.539820e-12 -9.272739e-13
0.000000e+00 2.000000e+00 0.000000e+00 5.575298e-14 1.068903e-12 -1.393031e-12
0.000000e+00 2.100000e+00 0.000000e+00 7.783393e-14 -1.702330e-12 -1.973902e-12
0.000000e+00 2.200000e+00 0.000000e+00 9.712848e-14 -4.504557e-12 -2.870869e-12
0.000000e+00 2.300000e+00 0.000000e+00 1.126048e-13 -7.199816e-12 -4.015726e-12
0.000000e+00 2.400000e+00 0.000000e+00 1.233716e-13 -9.568639e-12 -5.489118e-12
0.000000e+00 2.500000e+00 0.000000e+00 1.271497e-13 -1.130773e-11 -7.237346e-12
0.000000e+00 2.600000e+00 0.000000e+00 1.256213e-13 -1.242525e-11 -9.003392e-12
0.000000e+00 2.700000e+00 0.000000e+00 1.179093e-13 -1.272793e-11 -1.073048e-11
0.000000e+00 2.800000e+00 0.000000e+00 1.063401e-13 -1.238311e-11 -1.199627e-11
0.000000e+00 2.900000e+00 0.000000e+00 9.167805e-14 -1.141999e-11 -1.276969e-11
0.000000e+00 3.000000e+00 0.000000e+00 7.612137e-14 -1.008025e-11 -1.277042e-11
0.000000e+00 3.100000e+00 0.000000e+00 6.056984e-14 -8.492451e-12 -1.212277e-11
0.000000e+00 3.200000e+00 0.000000e+00 4.656455e-14 -6.879922e-12 -1.088256e-11
0.000000e+00 3.300000e+00 0.000000e+00 3.440770e-14 -5.345739e-12 -9.265344e-12
0.000000e+00 3.400000e+00 0.000000e+00 2.455208e-14 -3.997114e-12 -7.510767e-12
0.000000e+00 3.500000e+00 0.000000e+00 1.693959e-14 -2.883130e-12 -5.789999e-12
0.000000e+00 3.600000e+00 0.000000e+00 1.127559e-14 -2.002897e-12 -4.258322e-12
0.000000e+00 3.700000e+00 0.000000e+00 7.269819e-15 -1.344219e-12 -2.993584e-12
0.000000e+00 3.800000e+00 0.000000e+00 4.540652e-15 -8.724538e-13 -2.012608e-12
0.000000e+00 3.900000e+00 0.000000e+00 2.745175e-15 -5.472724e-13 -1.295887e-12
0.000000e+00 4.000000e+00 0.000000e+00 1.609417e-15 -3.321974e-13 -8.003190e-13
0.000000e+00 4.100000e+00 0.000000e+00 9.158686e-16 -1.953622e-13 -4.745950e-13
0.000000e+00 4.200000e+00 0.000000e+00 5.056229e-16 -1.113090e-13 -2.705154e-13
0.000000e+00 4.300000e+00 0.000000e+00 2.707888e-16 -6.144000e-14 -1.483664e-13
0.000000e+00 4.400000e+00 0.000000e+00 1.407513e-16 -3.286676e-14 -7.838213e-14
0.000000e+00 4.500000e+00 0.000000e+00 7.103489e-17 -1.704651e-14 -3.993184e-14
0.000000e+00 4.600000e+00 0.000000e+00 3.480951e-17 -8.573751e-15 -1.963938e-14
0.000000e+00 4.700000e+00 0.000000e+00 1.656062e-17 -4.181917e-15 -9.335367e-15
0.000000e+00 4.800000e+00 0.000000e+00 7.648121e-18 -1.978062e-15 -4.293527e-15
0.000000e+00 4.900000e+00 0.000000e+00 3.428429e-18 -9.073142e-16 -1.912735e-15
0.000000e+00 5.000000e+00 0.000000e+00 1.491627e-18 -4.035740e-16 -8.262568e-16
