-9.630695e-17 -2.923305e-16 -7.010162e-16 -1.357304e-15 -2.169606e-15 -2.922597e-15 -3.363813e-15 -3.307041e-15 -2.697414e-15 -1.622709e-15 -2.678560e-16 1.137080e-15 2.345756e-15 3.144910e-15 3.410309e-15 3.145024e-15 2.486009e-15 1.665003e-15 9.249348e-16 4.163606e-16 1.486399e-16
-2.882797e-16 -7.829999e-16 -1.683284e-15 -2.940022e-15 -4.282614e-15 -5.329963e-15 -5.764312e-15 -5.418101e-15 -4.292615e-15 -2.547112e-15 -4.270295e-16 1.773659e-15 3.710510e-15 5.084158e-15 5.717840e-15 5.568325e-15 4.738468e-15 3.476430e-15 2.141745e-15 1.076946e-15 4.306261e-16
-6.913218e-16 -1.683431e-15 -3.258851e-15 -5.177190e-15 -6.958152e-15 -8.126822e-15 -8.418817e-15 -7.728480e-15 -6.070544e-15 -3.602024e-15 -6.064656e-16 2.505026e-15 5.249036e-15 7.230721e-15 8.257191e-15 8.301542e-15 7.454737e-15 5.898268e-15 3.989527e-15 2.229278e-15 9.965183e-16
-1.362504e-15 -2.992458e-15 -5.265545e-15 -7.720672e-15 -9.771670e-15 -1.099403e-14 -1.121593e-14 -1.035689e-14 -8.287388e-15 -5.002123e-15 -8.363593e-16 3.489251e-15 7.212072e-15 9.782056e-15 1.104154e-14 1.113754e-14 1.025266e-14 8.522322e-15 6.207810e-15 3.808899e-15 1.890225e-15
-2.268257e-15 -4.540783e-15 -7.368663e-15 -1.017280e-14 -1.247053e-14 -1.397903e-14 -1.456844e-14 -1.397980e-14 -1.171201e-14 -7.358663e-15 -1.256457e-15 5.186879e-15 1.035667e-14 1.344216e-14 1.456130e-14 1.428704e-14 1.303178e-14 1.102017e-14 8.416173e-15 5.564561e-15 3.027397e-15
-3.280464e-15 -6.073577e-15 -9.263773e-15 -1.234715e-14 -1.510691e-14 -1.749844e-14 -1.931126e-14 -1.994384e-14 -1.782792e-14 -1.165356e-14 -2.064577e-15 8.322384e-15 1.608701e-14 1.968127e-14 1.978093e-14 1.825497e-14 1.599308e-14 1.331625e-14 1.036560e-14 7.214658e-15 4.226459e-15
-4.235451e-15 -7.377255e-15 -1.081315e-14 -1.425919e-14 -1.790168e-14 -2.198399e-14 -2.646355e-14 -2.919560e-14 -2.669941e-14 -1.758170e-14 -3.161244e-15 1.262899e-14 2.428969e-14 2.916596e-14 2.792858e-14 2.364990e-14 1.935414e-14 1.551628e-14 1.201305e-14 8.585676e-15 5.305130e-15
-5.008058e-15 -8.347451e-15 -1.199983e-14 -1.601418e-14 -2.093673e-14 -2.766524e-14 -3.574119e-14 -4.047237e-14 -3.729810e-14 -2.428237e-14 -4.260467e-15 1.725138e-14 3.386827e-14 4.063670e-14 3.825172e-14 3.072052e-14 2.317933e-14 1.767287e-14 1.336607e-14 9.624882e-15 6.153409e-15
-5.549861e-15 -8.996995e-15 -1.285961e-14 -1.754841e-14 -2.401083e-14 -3.381452e-14 -4.514841e-14 -5.291850e-14 -4.896293e-14 -2.957164e-14 -4.986502e-15 2.051271e-14 4.327688e-14 5.359479e-14 4.893516e-14 3.820838e-14 2.720477e-14 1.963369e-14 1.442236e-14 1.034560e-14 6.740496e-15
-5.867920e-15 -9.375289e-15 -1.341148e-14 -1.863678e-14 -2.643661e-14 -3.878512e-14 -5.314416e-14 -6.477888e-14 -5.749261e-14 -3.189908e-14 -5.282294e-15 2.226291e-14 4.875784e-14 6.556067e-14 5.846758e-14 4.411069e-14 3.046114e-14 2.108197e-14 1.513453e-14 1.078069e-14 7.086683e-15
-5.986143e-15 -9.512815e-15 -1.362700e-14 -1.910706e-14 -2.755357e-14 -4.101815e-14 -5.711877e-14 -7.094938e-14 -6.001721e-14 -3.133880e-14 -5.101652e-15 2.183193e-14 4.949356e-14 7.123600e-14 6.329097e-14 4.676207e-14 3.194999e-14 2.172184e-14 1.542275e-14 1.094345e-14 7.219422e-15
-5.921445e-15 -9.429659e-15 -1.348358e-14 -1.881955e-14 -2.695562e-14 -3.986872e-14 -5.504373e-14 -6.779934e-14 -5.874975e-14 -3.135535e-14 -5.064918e-15 2.180406e-14 4.900720e-14 6.839351e-14 6.076039e-14 4.538955e-14 3.117551e-14 2.135122e-14 1.523456e-14 1.084465e-14 7.153637e-15
-5.667418e-15 -9.121801e-15 -1.300446e-14 -1.784000e-14 -2.479562e-14 -3.563559e-14 -4.810521e-14 -5.721677e-14 -5.198324e-14 -2.944105e-14 -4.562094e-15 2.027684e-14 4.478072e-14 5.778655e-14 5.238824e-14 4.048256e-14 2.836306e-14 2.007080e-14 1.461662e-14 1.049278e-14 6.882317e-15
-5.199521e-15 -8.559254e-15 -1.222943e-14 -1.641201e-14 -2.183731e-14 -2.962426e-14 -3.887881e-14 -4.450444e-14 -4.074253e-14 -2.472177e-14 -3.843034e-15 1.708880e-14 3.603524e-14 4.456220e-14 4.178180e-14 3.324614e-14 2.446724e-14 1.825042e-14 1.366230e-14 9.868651e-15 6.375910e-15
-4.501553e-15 -7.699635e-15 -1.115617e-14 -1.471532e-14 -1.872481e-14 -2.358168e-14 -2.927091e-14 -3.271174e-14 -2.948056e-14 -1.836376e-14 -2.927169e-15 1.294370e-14 2.616355e-14 3.246707e-14 3.110531e-14 2.572748e-14 2.047569e-14 1.615429e-14 1.243355e-14 8.946119e-15 5.606769e-15
-3.599049e-15 -6.510890e-15 -9.743396e-15 -1.285747e-14 -1.581179e-14 -1.869591e-14 -2.129059e-14 -2.253364e-14 -1.992013e-14 -1.250495e-14 -2.023222e-15 8.872397e-15 1.769080e-14 2.212002e-14 2.199993e-14 1.976829e-14 1.696228e-14 1.398450e-14 1.091181e-14 7.687565e-15 4.584477e-15
-2.589302e-15 -5.044463e-15 -7.975947e-15 -1.079303e-14 -1.314923e-14 -1.494753e-14 -1.593808e-14 -1.551243e-14 -1.292133e-14 -7.939270e-15 -1.297227e-15 5.628089e-15 1.135095e-14 1.479605e-14 1.598717e-14 1.549911e-14 1.394878e-14 1.174809e-14 9.052969e-15 6.099331e-15 3.394145e-15
-1.629534e-15 -3.474599e-15 -5.929750e-15 -8.460964e-15 -1.054451e-14 -1.186562e-14 -1.221700e-14 -1.132683e-14 -8.975169e-15 -5.304710e-15 -8.694329e-16 3.715029e-15 7.754304e-15 1.062394e-14 1.209569e-14 1.220028e-14 1.117617e-14 9.309532e-15 6.886684e-15 4.330036e-15 2.207897e-15
-8.708694e-16 -2.057509e-15 -3.856867e-15 -5.944818e-15 -7.809889e-15 -9.007184e-15 -9.267701e-15 -8.459680e-15 -6.586065e-15 -3.849761e-15 -6.255131e-16 2.693220e-15 5.675735e-15 7.919359e-15 9.163079e-15 9.283737e-15 8.369759e-15 6.687772e-15 4.617237e-15 2.654062e-15 1.222505e-15
-3.839052e-16 -1.012561e-15 -2.108785e-15 -3.571171e-15 -5.064932e-15 -6.169112e-15 -6.555130e-15 -6.078674e-15 -4.767474e-15 -2.798446e-15 -4.458188e-16 1.975096e-15 4.134811e-15 5.733013e-15 6.537790e-15 6.445776e-15 5.550323e-15 4.139419e-15 2.612995e-15 1.353888e-15 5.582990e-16
-1.358914e-16 -4.012348e-16 -9.335348e-16 -1.753310e-15 -2.723796e-15 -3.574861e-15 -4.020886e-15 -3.880861e-15 -3.124277e-15 -1.858972e-15 -2.887789e-16 1.332689e-15 2.741805e-15 3.707717e-15 4.074828e-15 3.815865e-15 3.068259e-15 2.098591e-15 1.196976e-15 5.552361e-16 2.042841e-16
