8.144660e-19 5.180893e-18 1.912581e-17 5.032497e-17 1.000941e-16 1.498076e-16 1.579066e-16 7.948041e-17 -1.095983e-16 -4.009077e-16 -7.439720e-16 -1.049443e-15 -1.232537e-15 -1.251535e-15 -1.111903e-15 -8.574366e-16 -5.630271e-16 -3.093914e-16 -1.407695e-16 -5.254687e-17 -1.587869e-17
1.317030e-18 1.099995e-17 4.040040e-17 1.015843e-16 1.937063e-16 2.819695e-16 2.982946e-16 1.821943e-16 -9.769794e-17 -5.405474e-16 -1.048749e-15 -1.470181e-15 -1.735114e-15 -1.816259e-15 -1.690414e-15 -1.382157e-15 -9.730602e-16 -5.794705e-16 -2.892997e-16 -1.197540e-16 -4.029348e-17
1.587794e-18 1.987293e-17 7.142064e-17 1.698735e-16 3.115954e-16 4.438436e-16 4.562276e-16 2.704000e-16 -1.222886e-16 -7.001908e-16 -1.321084e-15 -1.807041e-15 -2.112487e-15 -2.222799e-15 -2.108857e-15 -1.785986e-15 -1.323877e-15 -8.439076e-16 -4.590901e-16 -2.097022e-16 -7.817799e-17
2.939915e-18 3.453446e-17 1.131079e-16 2.452094e-16 4.243342e-16 5.953944e-16 6.020637e-16 3.103926e-16 -2.604609e-16 -9.717235e-16 -1.658094e-15 -2.193285e-15 -2.480091e-15 -2.535445e-15 -2.391787e-15 -2.041536e-15 -1.543817e-15 -1.025326e-15 -5.953912e-16 -2.945053e-16 -1.197326e-16
1.053238e-17 6.364221e-17 1.764725e-16 3.381029e-16 5.273605e-16 7.144559e-16 7.521902e-16 4.235363e-16 -3.689476e-16 -1.399606e-15 -2.313580e-15 -2.924661e-15 -3.155006e-15 -3.085596e-15 -2.792198e-15 -2.289763e-15 -1.689716e-15 -1.134411e-15 -6.829265e-16 -3.544483e-16 -1.532670e-16
3.241885e-17 1.178574e-16 2.761413e-16 4.870061e-16 7.066953e-16 9.097328e-16 1.040942e-15 8.293340e-16 -1.679642e-16 -1.938123e-15 -3.526549e-15 -4.296394e-15 -4.631973e-15 -4.407997e-15 -3.627299e-15 -2.661701e-15 -1.858283e-15 -1.244570e-15 -7.589056e-16 -4.010249e-16 -1.800857e-16
7.295285e-17 1.957059e-16 3.976872e-16 6.754627e-16 9.951844e-16 1.338791e-15 1.717642e-15 1.740809e-15 4.155635e-16 -2.893324e-15 -5.836339e-15 -6.887742e-15 -7.407478e-15 -6.720724e-15 -5.042124e-15 -3.306904e-15 -2.145193e-15 -1.411480e-15 -8.584073e-16 -4.604816e-16 -2.138922e-16
1.270001e-16 2.830564e-16 5.165199e-16 8.537782e-16 1.334131e-15 2.025983e-15 2.881222e-15 3.253169e-15 1.709601e-15 -3.220317e-15 -7.909720e-15 -1.060625e-14 -1.220285e-14 -1.021022e-14 -6.847156e-15 -4.203452e-15 -2.506941e-15 -1.546795e-15 -9.417885e-16 -5.268750e-16 -2.579370e-16
1.841623e-16 3.650144e-16 6.234423e-16 1.002283e-15 1.602618e-15 2.631227e-15 4.062099e-15 5.346269e-15 4.176756e-15 -1.530953e-15 -6.772414e-15 -1.083420e-14 -1.486794e-14 -1.338685e-14 -8.303061e-15 -4.795133e-15 -2.687874e-15 -1.563331e-15 -9.627604e-16 -5.677422e-16 -2.973211e-16
2.337935e-16 4.218357e-16 6.739220e-16 1.045755e-15 1.683991e-15 2.826133e-15 4.688654e-15 7.152095e-15 6.256113e-15 7.838091e-16 -3.516367e-15 -7.593256e-15 -1.297976e-14 -1.330891e-14 -8.264980e-15 -4.488013e-15 -2.481649e-15 -1.435916e-15 -8.978796e-16 -5.612789e-16 -3.200366e-16
2.695592e-16 4.484322e-16 6.627260e-16 9.681620e-16 1.548121e-15 2.615434e-15 4.507029e-15 7.837311e-15 8.216361e-15 3.657605e-15 -1.185319e-16 -3.151395e-15 -8.380005e-15 -9.723010e-15 -6.064569e-15 -3.321802e-15 -1.956628e-15 -1.169130e-15 -7.577252e-16 -5.143488e-16 -3.240600e-16
2.945806e-16 4.602265e-16 6.323961e-16 8.478143e-16 1.245349e-15 1.984305e-15 3.579249e-15 7.146607e-15 8.534112e-15 4.934582e-15 3.117349e-15 3.136429e-15 -9.238025e-16 -3.855774e-15 -2.838840e-15 -1.731451e-15 -1.217372e-15 -8.480571e-16 -6.117054e-16 -4.566092e-16 -3.148357e-16
3.137513e-16 4.705923e-16 6.047812e-16 7.471763e-16 1.015736e-15 1.473394e-15 2.380377e-15 5.016940e-15 7.198113e-15 5.531992e-15 5.949355e-15 8.052940e-15 4.986640e-15 1.404481e-15 2.060378e-16 -3.897988e-16 -6.262697e-16 -5.680093e-16 -4.767684e-16 -4.029017e-16 -3.002820e-16
3.229769e-16 4.834422e-16 6.044330e-16 7.076188e-16 8.945481e-16 1.211972e-15 1.689033e-15 3.208717e-15 5.104852e-15 4.900345e-15 7.286045e-15 1.053858e-14 7.840274e-15 3.806527e-15 1.637606e-15 3.454868e-16 -2.378776e-16 -3.572586e-16 -3.734072e-16 -3.584362e-16 -2.786141e-16
3.109860e-16 4.834869e-16 6.151555e-16 7.072393e-16 8.393243e-16 1.097918e-15 1.506443e-15 2.213219e-15 2.977456e-15 3.519131e-15 5.991754e-15 8.487546e-15 6.610549e-15 3.610752e-15 1.736011e-15 5.740611e-16 -9.841920e-18 -2.213619e-16 -2.992331e-16 -3.087670e-16 -2.405658e-16
2.692556e-16 4.459887e-16 5.913047e-16 6.819636e-16 7.802907e-16 9.930937e-16 1.363003e-15 1.745195e-15 1.930816e-15 2.344745e-15 3.607938e-15 4.750758e-15 4.192849e-15 2.684170e-15 1.386072e-15 5.869843e-16 1.593221e-16 -7.077405e-17 -1.958892e-16 -2.311887e-16 -1.811320e-16
2.014660e-16 3.600003e-16 5.048078e-16 5.936288e-16 6.596507e-16 7.984605e-16 1.046562e-15 1.301968e-15 1.445177e-15 1.724849e-15 2.448368e-15 3.007019e-15 2.764195e-15 2.018324e-15 1.245290e-15 7.075690e-16 3.608193e-16 1.106443e-16 -5.843848e-17 -1.275707e-16 -1.080057e-16
1.256824e-16 2.426974e-16 3.612223e-16 4.381293e-16 4.826917e-16 5.602797e-16 7.140163e-16 8.946558e-16 1.034177e-15 1.281615e-15 1.793945e-15 2.174293e-15 2.117435e-15 1.764306e-15 1.297239e-15 8.826925e-16 5.568056e-16 2.811352e-16 7.569608e-17 -2.637204e-17 -4.185849e-17
6.359913e-17 1.325249e-16 2.094969e-16 2.633692e-16 2.907147e-16 3.269218e-16 4.080805e-16 5.368840e-16 7.207340e-16 1.023772e-15 1.438222e-15 1.767716e-15 1.848162e-15 1.674402e-15 1.350945e-15 1.008860e-15 6.844094e-16 3.868923e-16 1.607490e-16 3.858552e-17 -1.293856e-18
2.553832e-17 5.725725e-17 9.563338e-17 1.229694e-16 1.317273e-16 1.372382e-16 1.713783e-16 2.731488e-16 4.803150e-16 7.992153e-16 1.163789e-15 1.462843e-15 1.596363e-15 1.522515e-15 1.291576e-15 9.894234e-16 6.690315e-16 3.770283e-16 1.658406e-16 5.326467e-17 1.136223e-17
7.927460e-18 1.887578e-17 3.227007e-17 3.890691e-17 3.190256e-17 1.901507e-17 2.914485e-17 1.065043e-16 2.829979e-16 5.500312e-16 8.525819e-16 1.106202e-15 1.234449e-15 1.202193e-15 1.028685e-15 7.716658e-16 4.971909e-16 2.650111e-16 1.121700e-16 3.637780e-17 8.774238e-18
