9.764801e-27 6.110638e-26 2.446881e-25 5.405163e-25 -3.662827e-27 -4.658167e-24 -1.874317e-23 -4.484799e-23 -7.602627e-23 -9.583158e-23 -8.954462e-23 -5.755574e-23 -1.684185e-23 1.228190e-23 2.138473e-23 1.650140e-23 8.333657e-24 2.933276e-24 7.207561e-25 1.207793e-25 1.343809e-26
6.870407e-26 4.074769e-25 1.560497e-24 3.523108e-24 1.970101e-24 -1.707231e-23 -7.380277e-23 -1.728455e-22 -2.788663e-22 -3.264899e-22 -2.713825e-22 -1.343715e-22 1.098423e-23 9.674779e-23 1.070977e-22 7.352204e-23 3.565520e-23 1.251735e-23 3.154751e-24 5.560839e-25 6.610246e-26
3.169267e-25 1.838934e-24 6.958302e-24 1.634052e-23 1.602405e-23 -3.879285e-23 -2.082556e-22 -4.954101e-22 -7.779633e-22 -8.589893e-22 -6.343673e-22 -2.063874e-22 1.918413e-22 3.837074e-22 3.596753e-22 2.304560e-22 1.080513e-22 3.744688e-23 9.473869e-24 1.705443e-24 2.113583e-25
9.613399e-25 5.762353e-24 2.228994e-23 5.512152e-23 7.140099e-23 -3.999398e-23 -4.242905e-22 -1.076332e-21 -1.684541e-21 -1.784148e-21 -1.176602e-21 -1.662299e-22 6.829979e-22 1.008854e-21 8.582543e-22 5.176983e-22 2.313068e-22 7.661840e-23 1.845492e-23 3.130157e-24 3.614635e-25
1.800912e-24 1.246048e-23 5.175286e-23 1.372249e-22 2.127752e-22 6.134802e-23 -6.071255e-22 -1.784529e-21 -2.863932e-21 -2.967240e-21 -1.775187e-21 6.262384e-23 1.477857e-21 1.881358e-21 1.470523e-21 8.154427e-22 3.274092e-22 9.210336e-23 1.627557e-23 1.116842e-24 -1.918185e-25
1.245546e-24 1.692589e-23 8.472676e-23 2.504908e-22 4.488370e-22 3.441238e-22 -5.453274e-22 -2.247735e-21 -3.842473e-21 -3.985230e-21 -2.230875e-21 3.655263e-22 2.195205e-21 2.501921e-21 1.736829e-21 7.952402e-22 2.089513e-22 -1.812409e-24 -2.815603e-23 -1.307577e-23 -3.283304e-24
-3.973512e-24 6.341877e-24 8.387994e-23 3.150411e-22 6.618290e-22 7.190640e-22 -1.704192e-22 -2.136738e-21 -4.088597e-21 -4.354931e-21 -2.394531e-21 4.536450e-22 2.248845e-21 2.236770e-21 1.158715e-21 1.443183e-22 -2.886875e-22 -2.798378e-22 -1.440135e-22 -4.891131e-23 -1.131872e-23
-1.666373e-23 -3.354540e-23 -2.426546e-24 1.940270e-22 5.850445e-22 8.108669e-22 1.626257e-22 -1.620425e-21 -3.543189e-21 -3.941769e-21 -2.260218e-21 1.607645e-22 1.445109e-21 1.022574e-21 -1.767091e-22 -9.934987e-22 -1.055219e-21 -6.895062e-22 -3.162336e-22 -1.047890e-22 -2.489638e-23
-3.533016e-23 -1.032789e-22 -1.951025e-22 -2.048701e-22 -2.671625e-23 1.601370e-22 -1.877346e-22 -1.385004e-21 -2.779065e-21 -3.112091e-21 -1.941329e-21 -3.110452e-22 3.489043e-22 -2.885636e-22 -1.350381e-21 -1.868420e-21 -1.620712e-21 -1.004912e-21 -4.628869e-22 -1.590780e-22 -4.015186e-23
-5.278042e-23 -1.796743e-22 -4.410941e-22 -7.988019e-22 -1.103625e-21 -1.271782e-21 -1.472590e-21 -1.919017e-21 -2.405345e-21 -2.360845e-21 -1.571415e-21 -5.954702e-22 -2.156018e-22 -6.223790e-22 -1.310603e-21 -1.661227e-21 -1.469757e-21 -9.647300e-22 -4.785635e-22 -1.787401e-22 -4.932274e-23
-6.023127e-23 -2.261371e-22 -6.267160e-22 -1.318772e-21 -2.157704e-21 -2.813237e-21 -3.016871e-21 -2.780481e-21 -2.316998e-21 -1.793901e-21 -1.233999e-21 -6.272023e-22 -8.260300e-23 1.802663e-22 5.064217e-23 -2.936443e-22 -5.308686e-22 -5.076097e-22 -3.229842e-22 -1.446160e-22 -4.593481e-23
-5.399449e-23 -2.189372e-22 -6.552363e-22 -1.485489e-21 -2.591076e-21 -3.496590e-21 -3.633913e-21 -2.881794e-21 -1.797647e-21 -1.119370e-21 -9.692823e-22 -7.397661e-22 7.724174e-23 1.153831e-21 1.696175e-21 1.396944e-21 6.883220e-22 1.391806e-22 -6.779323e-23 -7.052801e-23 -3.060611e-23
-3.820105e-23 -1.653592e-22 -5.219660e-22 -1.230189e-21 -2.183580e-21 -2.890075e-21 -2.736187e-21 -1.653631e-21 -4.599151e-22 -1.714175e-22 -8.103310e-22 -1.223347e-21 -4.058896e-22 1.251613e-21 2.431050e-21 2.382664e-21 1.510907e-21 6.329778e-22 1.546520e-22 5.271741e-24 -1.130121e-23
-2.101837e-23 -9.604549e-23 -3.127877e-22 -7.399465e-22 -1.263382e-21 -1.472711e-21 -9.192583e-22 2.751506e-22 1.162639e-21 7.472223e-22 -7.762869e-22 -1.917941e-21 -1.408254e-21 3.915036e-22 1.963108e-21 2.291585e-21 1.624154e-21 7.798334e-22 2.525659e-22 4.948760e-23 2.854520e-24
-8.596290e-24 -4.061149e-23 -1.309305e-22 -2.870596e-22 -3.894344e-22 -1.520164e-22 6.439228e-22 1.705593e-21 2.136019e-21 1.168395e-21 -8.247976e-22 -2.356373e-21 -2.205231e-21 -6.517142e-22 9.300064e-22 1.527402e-21 1.215114e-21 6.339997e-22 2.281307e-22 5.534804e-23 8.091667e-24
-2.289686e-24 -1.036723e-23 -2.745069e-23 -2.711576e-23 9.440481e-23 5.048961e-22 1.252579e-21 2.002181e-21 2.067066e-21 9.798035e-22 -8.474230e-22 -2.238268e-21 -2.274849e-21 -1.157190e-21 1.037250e-22 7.232036e-22 6.795956e-22 3.823181e-22 1.464546e-22 3.880374e-23 6.852208e-24
-1.652341e-25 1.926238e-25 7.894521e-24 5.268377e-23 2.050343e-22 5.466945e-22 1.051370e-21 1.457928e-21 1.346988e-21 5.014046e-22 -7.505839e-22 -1.669019e-21 -1.717330e-21 -1.033565e-21 -2.264941e-22 2.265903e-22 2.879603e-22 1.760468e-22 7.047210e-23 1.947693e-23 3.685040e-24
1.716043e-25 1.590472e-24 1.002956e-23 4.422542e-23 1.409336e-22 3.321072e-22 5.824139e-22 7.414485e-22 6.082686e-22 1.144065e-22 -5.397996e-22 -9.864138e-22 -9.872108e-22 -6.309549e-22 -2.160907e-22 3.118047e-23 9.113258e-23 6.187005e-23 2.558620e-23 7.175756e-24 1.380248e-24
9.318980e-26 8.110082e-25 4.816781e-24 2.019181e-23 6.143447e-23 1.378989e-22 2.279086e-22 2.656106e-22 1.772701e-22 -4.500432e-23 -3.054954e-22 -4.616428e-22 -4.373597e-22 -2.816227e-22 -1.118198e-22 -9.688329e-24 2.073602e-23 1.633299e-23 6.913577e-24 1.923263e-24 3.630312e-25
2.598028e-26 2.381401e-25 1.456634e-24 6.164838e-24 1.859008e-23 4.046790e-23 6.270289e-23 6.324987e-23 2.217708e-23 -5.515279e-23 -1.329050e-22 -1.690934e-22 -1.486396e-22 -9.312228e-23 -3.871651e-23 -7.012762e-24 3.160992e-24 3.156998e-24 1.353468e-24 3.648464e-25 6.563525e-26
4.699338e-27 4.579678e-26 2.969650e-25 1.298769e-24 3.928182e-24 8.247045e-24 1.145263e-23 7.940033e-24 -5.982143e-24 -2.652719e-23 -4.333622e-23 -4.739241e-23 -3.805686e-23 -2.253560e-23 -9.252349e-24 -2.027047e-24 2.836715e-25 4.338091e-25 1.849633e-25 4.708590e-26 7.958897e-27
