Iteration# z ADDATime OurCalcTime
1.0000000000 -0.0500000000 0.0000000000 42.2500000000
2.0000000000 0.0000000000 0.0000000000 41.9400000000
3.0000000000 0.0500000000 0.0000000000 41.0900000000
4.0000000000 0.0250000000 0.0000000000 41.0600000000
5.0000000000 0.0125000000 0.0000000000 40.8400000000
6.0000000000 0.0062500000 0.0000000000 41.6600000000
7.0000000000 0.0031250000 0.0000000000 41.3200000000
8.0000000000 0.0015625000 0.0100000000 41.2000000000
9.0000000000 0.0007812500 0.0100000000 40.4600000000
10.0000000000 0.0015625000 0.0000000000 40.8800000000
11.0000000000 0.0011718750 0.0000000000 41.3000000000
12.0000000000 0.0009765625 0.0000000000 42.5300000000
13.0000000000 0.0008789063 0.0000000000 40.6900000000
14.0000000000 0.0008300781 0.0000000000 40.7000000000
15.0000000000 0.0008789063 0.0000000000 41.0400000000
16.0000000000 0.0008544922 0.0000000000 41.8100000000
17.0000000000 0.0008789063 0.0000000000 41.2000000000
18.0000000000 0.0008666992 0.0000000000 40.9500000000
19.0000000000 0.0008789063 0.0000000000 40.8800000000
20.0000000000 0.0008728027 0.0000000000 41.3300000000
1.0000000000 0.0008697510 0.0000000000 41.0500000000
2.0000000000 0.0008728027 0.0000000000 41.0900000000
3.0000000000 0.0008758545 0.0000000000 40.8000000000
4.0000000000 0.0008789063 0.0000000000 40.7000000000
5.0000000000 0.0008819580 0.0000000000 40.8600000000
6.0000000000 0.0008850098 0.0100000000 40.6600000000
7.0000000000 0.0008880615 0.0000000000 41.0100000000
8.0000000000 0.0008911133 0.0000000000 40.8000000000
9.0000000000 0.0008941650 0.0000000000 40.8200000000
10.0000000000 0.0008972168 0.0000000000 40.8800000000
11.0000000000 0.0009002686 0.0000000000 40.7900000000
12.0000000000 0.0009033203 0.0000000000 40.4300000000
13.0000000000 0.0009063721 0.0000000000 40.4500000000
14.0000000000 0.0009094238 0.0000000000 40.3600000000
15.0000000000 0.0009124756 0.0000000000 40.7100000000
16.0000000000 0.0009155273 0.0000000000 40.4400000000
17.0000000000 0.0009185791 0.0000000000 40.5100000000
18.0000000000 0.0009216309 0.0000000000 40.4400000000
19.0000000000 0.0009246826 0.0000000000 40.1800000000
20.0000000000 0.0009277344 0.0000000000 40.4700000000
21.0000000000 0.0009307861 0.0000000000 40.9200000000
22.0000000000 0.0009338379 0.0000000000 40.8100000000
23.0000000000 0.0009368896 0.0100000000 40.6500000000
24.0000000000 0.0009399414 0.0000000000 40.5200000000
25.0000000000 0.0009429932 0.0000000000 40.6600000000
26.0000000000 0.0009460449 0.0000000000 40.5700000000
27.0000000000 0.0009490967 0.0000000000 41.3400000000
28.0000000000 0.0009521484 0.0000000000 40.7000000000
29.0000000000 0.0009552002 0.0000000000 41.0500000000
30.0000000000 0.0009582520 0.0000000000 41.1600000000
31.0000000000 0.0009613037 0.0000000000 40.9600000000
32.0000000000 0.0009643555 0.0000000000 41.0000000000
33.0000000000 0.0009674072 0.0000000000 40.8400000000
34.0000000000 0.0009704590 0.0000000000 40.5600000000
35.0000000000 0.0009735107 0.0100000000 40.2600000000
36.0000000000 0.0009765625 0.0000000000 40.3000000000
37.0000000000 0.0009796143 0.0000000000 40.5500000000
38.0000000000 0.0009826660 0.0000000000 40.5600000000
39.0000000000 0.0009857178 0.0000000000 40.5600000000
40.0000000000 0.0009887695 0.0000000000 40.6900000000
41.0000000000 0.0009918213 0.0000000000 40.8400000000
42.0000000000 0.0009948730 0.0100000000 40.5300000000
43.0000000000 0.0009979248 0.0000000000 41.0400000000
44.0000000000 0.0010009766 0.0100000000 40.4800000000
45.0000000000 0.0010040283 0.0100000000 41.2700000000
46.0000000000 0.0010070801 0.0000000000 40.7800000000
47.0000000000 0.0010101318 0.0000000000 40.5100000000
48.0000000000 0.0010131836 0.0000000000 40.5800000000
49.0000000000 0.0010162354 0.0000000000 40.5200000000
50.0000000000 0.0010192871 0.0100000000 40.5000000000
51.0000000000 0.0010223389 0.0100000000 40.5000000000
52.0000000000 0.0010253906 0.0000000000 41.0900000000
53.0000000000 0.0010284424 0.0100000000 40.2000000000
54.0000000000 0.0010314941 0.0000000000 40.7800000000
55.0000000000 0.0010345459 0.0000000000 40.1800000000
56.0000000000 0.0010375977 0.0000000000 40.6100000000
57.0000000000 0.0010406494 0.0000000000 40.9000000000
58.0000000000 0.0010437012 0.0000000000 41.1900000000
59.0000000000 0.0010467529 0.0100000000 40.4500000000
60.0000000000 0.0010498047 0.0000000000 40.9100000000
61.0000000000 0.0010528564 0.0100000000 41.1400000000
62.0000000000 0.0010559082 0.0100000000 40.8400000000
63.0000000000 0.0010589600 0.0000000000 40.4200000000
64.0000000000 0.0010620117 0.0000000000 40.8300000000
65.0000000000 0.0010650635 0.0000000000 40.3800000000
66.0000000000 0.0010681152 0.0000000000 40.9100000000
67.0000000000 0.0010711670 0.0000000000 40.5300000000
68.0000000000 0.0010742188 0.0000000000 40.8000000000
69.0000000000 0.0010772705 0.0000000000 40.9600000000
70.0000000000 0.0010803223 0.0000000000 40.6900000000
71.0000000000 0.0010833740 0.0000000000 41.0400000000
72.0000000000 0.0010864258 0.0000000000 40.4700000000
73.0000000000 0.0010894775 0.0000000000 40.6100000000
74.0000000000 0.0010925293 0.0000000000 40.6000000000
75.0000000000 0.0010955811 0.0000000000 40.8200000000
76.0000000000 0.0010986328 0.0000000000 40.7000000000
77.0000000000 0.0011016846 0.0000000000 40.3800000000
78.0000000000 0.0011047363 0.0100000000 40.9800000000
79.0000000000 0.0011077881 0.0000000000 40.9100000000
80.0000000000 0.0011108398 0.0000000000 41.1300000000
81.0000000000 0.0011138916 0.0000000000 41.4100000000
82.0000000000 0.0011169434 0.0000000000 40.9500000000
83.0000000000 0.0011199951 0.0000000000 41.0000000000
84.0000000000 0.0011230469 0.0000000000 41.2600000000
85.0000000000 0.0011260986 0.0100000000 40.7700000000
86.0000000000 0.0011291504 0.0000000000 40.8100000000
87.0000000000 0.0011322021 0.0000000000 41.2200000000
88.0000000000 0.0011352539 0.0100000000 40.9400000000
89.0000000000 0.0011383057 0.0100000000 40.5500000000
90.0000000000 0.0011413574 0.0000000000 41.2100000000
91.0000000000 0.0011444092 0.0000000000 40.9100000000
92.0000000000 0.0011474609 0.0000000000 40.5700000000
93.0000000000 0.0011505127 0.0100000000 40.3800000000
94.0000000000 0.0011535645 0.0000000000 40.4000000000
95.0000000000 0.0011566162 0.0000000000 40.4800000000
96.0000000000 0.0011596680 0.0000000000 40.5700000000
97.0000000000 0.0011627197 0.0000000000 40.2800000000
98.0000000000 0.0011657715 0.0000000000 40.1900000000
99.0000000000 0.0011688232 0.0000000000 40.1100000000
100.0000000000 0.0011718750 0.0100000000 40.6300000000
101.0000000000 0.0011749268 0.0100000000 40.5800000000
102.0000000000 0.0011779785 0.0000000000 40.1900000000
103.0000000000 0.0011810303 0.0000000000 40.7200000000
104.0000000000 0.0011840820 0.0000000000 40.9100000000
105.0000000000 0.0011871338 0.0000000000 40.8200000000
106.0000000000 0.0011901855 0.0100000000 41.1100000000
107.0000000000 0.0011932373 0.0000000000 41.0100000000
108.0000000000 0.0011962891 0.0000000000 40.5200000000
109.0000000000 0.0011993408 0.0000000000 40.8800000000
110.0000000000 0.0012023926 0.0000000000 40.4300000000
111.0000000000 0.0012054443 0.0000000000 40.7400000000
112.0000000000 0.0012084961 0.0000000000 40.2900000000
113.0000000000 0.0012115479 0.0000000000 40.4700000000
114.0000000000 0.0012145996 0.0000000000 40.7600000000
115.0000000000 0.0012176514 0.0000000000 40.5200000000
116.0000000000 0.0012207031 0.0000000000 40.9400000000
117.0000000000 0.0012237549 0.0000000000 40.5600000000
118.0000000000 0.0012268066 0.0100000000 41.0100000000
119.0000000000 0.0012298584 0.0000000000 40.9600000000
120.0000000000 0.0012329102 0.0000000000 40.6200000000
121.0000000000 0.0012359619 0.0000000000 41.4600000000
122.0000000000 0.0012390137 0.0000000000 40.9000000000
123.0000000000 0.0012420654 0.0000000000 41.0200000000
124.0000000000 0.0012451172 0.0000000000 40.7900000000
125.0000000000 0.0012481689 0.0000000000 40.1900000000
126.0000000000 0.0012512207 0.0000000000 41.9000000000
127.0000000000 0.0012542725 0.0100000000 41.2200000000
128.0000000000 0.0012573242 0.0000000000 40.5900000000
129.0000000000 0.0012603760 0.0000000000 40.6300000000
130.0000000000 0.0012634277 0.0000000000 40.6000000000
131.0000000000 0.0012664795 0.0000000000 40.3800000000
132.0000000000 0.0012695313 0.0000000000 40.2800000000
133.0000000000 0.0012725830 0.0000000000 40.0700000000
134.0000000000 0.0012756348 0.0100000000 40.3900000000
135.0000000000 0.0012786865 0.0000000000 40.5500000000
136.0000000000 0.0012817383 0.0000000000 40.5600000000
137.0000000000 0.0012847900 0.0000000000 40.3500000000
138.0000000000 0.0012878418 0.0000000000 41.6100000000
139.0000000000 0.0012908936 0.0000000000 41.0800000000
140.0000000000 0.0012939453 0.0000000000 40.6400000000
141.0000000000 0.0012969971 0.0000000000 41.0500000000
142.0000000000 0.0013000488 0.0000000000 41.2000000000
143.0000000000 0.0013031006 0.0000000000 40.4100000000
144.0000000000 0.0013061523 0.0000000000 40.3900000000
145.0000000000 0.0013092041 0.0000000000 40.1900000000
146.0000000000 0.0013122559 0.0000000000 40.6100000000
147.0000000000 0.0013153076 0.0000000000 41.8100000000
148.0000000000 0.0013183594 0.0000000000 41.3300000000
149.0000000000 0.0013214111 0.0000000000 40.8800000000
150.0000000000 0.0013244629 0.0000000000 40.9800000000
151.0000000000 0.0013275146 0.0000000000 40.7300000000
152.0000000000 0.0013305664 0.0000000000 40.3000000000
153.0000000000 0.0013336182 0.0000000000 40.2500000000
154.0000000000 0.0013366699 0.0000000000 40.7100000000
155.0000000000 0.0013397217 0.0000000000 40.8300000000
156.0000000000 0.0013427734 0.0000000000 40.0700000000
157.0000000000 0.0013458252 0.0000000000 40.9900000000
158.0000000000 0.0013488770 0.0000000000 40.5200000000
159.0000000000 0.0013519287 0.0000000000 40.7200000000
160.0000000000 0.0013549805 0.0000000000 41.1600000000
161.0000000000 0.0013580322 0.0000000000 41.0100000000
162.0000000000 0.0013610840 0.0000000000 40.6400000000
163.0000000000 0.0013641357 0.0000000000 40.4100000000
164.0000000000 0.0013671875 0.0100000000 40.6600000000
165.0000000000 0.0013702393 0.0000000000 40.3600000000
166.0000000000 0.0013732910 0.0100000000 41.0600000000
167.0000000000 0.0013763428 0.0000000000 41.3600000000
168.0000000000 0.0013793945 0.0000000000 40.8700000000
169.0000000000 0.0013824463 0.0000000000 40.8100000000
170.0000000000 0.0013854980 0.0100000000 41.6500000000
171.0000000000 0.0013885498 0.0100000000 41.4100000000
172.0000000000 0.0013916016 0.0000000000 40.8200000000
173.0000000000 0.0013946533 0.0000000000 40.1300000000
174.0000000000 0.0013977051 0.0000000000 40.6300000000
175.0000000000 0.0014007568 0.0000000000 41.3900000000
176.0000000000 0.0014038086 0.0100000000 41.0000000000
177.0000000000 0.0014068604 0.0000000000 40.5700000000
178.0000000000 0.0014099121 0.0000000000 40.6700000000
179.0000000000 0.0014129639 0.0000000000 40.9000000000
180.0000000000 0.0014160156 0.0000000000 40.5400000000
181.0000000000 0.0014190674 0.0000000000 40.7800000000
182.0000000000 0.0014221191 0.0000000000 40.5900000000
183.0000000000 0.0014251709 0.0000000000 40.5200000000
184.0000000000 0.0014282227 0.0000000000 40.5200000000
185.0000000000 0.0014312744 0.0000000000 40.4300000000
186.0000000000 0.0014343262 0.0000000000 40.3900000000
187.0000000000 0.0014373779 0.0000000000 40.6200000000
188.0000000000 0.0014404297 0.0100000000 40.2700000000
189.0000000000 0.0014434814 0.0100000000 40.5700000000
190.0000000000 0.0014465332 0.0000000000 40.0700000000
191.0000000000 0.0014495850 0.0000000000 40.2400000000
192.0000000000 0.0014526367 0.0000000000 41.3900000000
193.0000000000 0.0014556885 0.0000000000 40.5600000000
194.0000000000 0.0014587402 0.0100000000 40.4500000000
195.0000000000 0.0014617920 0.0100000000 40.9300000000
196.0000000000 0.0014648438 0.0100000000 40.8900000000
197.0000000000 0.0014678955 0.0000000000 40.3200000000
198.0000000000 0.0014709473 0.0000000000 40.0500000000
199.0000000000 0.0014739990 0.0000000000 40.4800000000
200.0000000000 0.0014770508 0.0000000000 41.0200000000
201.0000000000 0.0014801025 0.0000000000 40.6100000000
202.0000000000 0.0014831543 0.0100000000 40.1400000000
203.0000000000 0.0014862061 0.0000000000 40.6100000000
204.0000000000 0.0014892578 0.0000000000 40.8500000000
205.0000000000 0.0014923096 0.0000000000 40.7900000000
206.0000000000 0.0014953613 0.0000000000 40.2200000000
207.0000000000 0.0014984131 0.0000000000 40.5600000000
208.0000000000 0.0015014648 0.0100000000 40.6100000000
209.0000000000 0.0015045166 0.0000000000 40.6900000000
210.0000000000 0.0015075684 0.0000000000 41.2900000000
211.0000000000 0.0015106201 0.0100000000 41.0400000000
212.0000000000 0.0015136719 0.0000000000 40.6500000000
213.0000000000 0.0015167236 0.0000000000 40.6400000000
214.0000000000 0.0015197754 0.0000000000 41.1800000000
215.0000000000 0.0015228271 0.0000000000 40.1800000000
216.0000000000 0.0015258789 0.0000000000 40.7400000000
217.0000000000 0.0015289307 0.0000000000 40.9400000000
218.0000000000 0.0015319824 0.0100000000 42.3300000000
219.0000000000 0.0015350342 0.0000000000 40.9800000000
220.0000000000 0.0015380859 0.0000000000 40.7000000000
221.0000000000 0.0015411377 0.0000000000 40.3600000000
222.0000000000 0.0015441895 0.0000000000 40.1800000000
223.0000000000 0.0015472412 0.0100000000 40.2800000000
224.0000000000 0.0015502930 0.0100000000 40.1200000000
225.0000000000 0.0015533447 0.0100000000 40.5100000000
226.0000000000 0.0015563965 0.0100000000 40.5000000000
227.0000000000 0.0015594482 0.0000000000 40.7400000000
228.0000000000 0.0015625000 0.0100000000 41.3300000000
229.0000000000 0.0015655518 0.0000000000 40.5900000000
230.0000000000 0.0015686035 0.0000000000 41.1400000000
231.0000000000 0.0015716553 0.0000000000 40.3800000000
232.0000000000 0.0015747070 0.0000000000 40.1100000000
233.0000000000 0.0015777588 0.0000000000 40.3500000000
234.0000000000 0.0015808105 0.0000000000 40.4900000000
235.0000000000 0.0015838623 0.0000000000 40.7300000000
236.0000000000 0.0015869141 0.0000000000 40.4900000000
237.0000000000 0.0015899658 0.0000000000 40.1000000000
238.0000000000 0.0015930176 0.0000000000 40.4000000000
239.0000000000 0.0015960693 0.0000000000 40.4700000000
240.0000000000 0.0015991211 0.0000000000 40.6200000000
241.0000000000 0.0016021729 0.0100000000 41.0900000000
242.0000000000 0.0016052246 0.0100000000 40.3100000000
243.0000000000 0.0016082764 0.0000000000 40.4100000000
244.0000000000 0.0016113281 0.0000000000 41.3200000000
245.0000000000 0.0016143799 0.0100000000 40.9000000000
246.0000000000 0.0016174316 0.0000000000 40.6200000000
247.0000000000 0.0016204834 0.0000000000 40.6100000000
248.0000000000 0.0016235352 0.0000000000 40.6400000000
249.0000000000 0.0016265869 0.0000000000 41.0200000000
250.0000000000 0.0016296387 0.0000000000 41.2400000000
251.0000000000 0.0016326904 0.0000000000 41.9300000000
252.0000000000 0.0016357422 0.0200000000 38.0000000000
253.0000000000 0.0016387939 0.0100000000 34.6100000000
254.0000000000 0.0016418457 0.0000000000 34.8000000000
255.0000000000 0.0016448975 0.0000000000 35.3900000000
256.0000000000 0.0016479492 0.0000000000 34.8200000000
257.0000000000 0.0016510010 0.0100000000 34.7300000000
258.0000000000 0.0016540527 0.0000000000 34.8700000000
259.0000000000 0.0016571045 0.0000000000 34.8400000000
260.0000000000 0.0016601563 0.0000000000 34.9200000000
261.0000000000 0.0016632080 0.0100000000 34.8700000000
262.0000000000 0.0016662598 0.0000000000 34.8800000000
263.0000000000 0.0016693115 0.0000000000 34.6100000000
264.0000000000 0.0016723633 0.0000000000 34.6700000000
265.0000000000 0.0016754150 0.0100000000 34.4200000000
266.0000000000 0.0016784668 0.0000000000 35.0200000000
267.0000000000 0.0016815186 0.0000000000 34.8000000000
268.0000000000 0.0016845703 0.0100000000 35.4600000000
269.0000000000 0.0016876221 0.0100000000 34.6800000000
270.0000000000 0.0016906738 0.0000000000 35.0800000000
271.0000000000 0.0016937256 0.0000000000 34.6600000000
272.0000000000 0.0016967773 0.0000000000 35.0300000000
273.0000000000 0.0016998291 0.0000000000 34.6500000000
274.0000000000 0.0017028809 0.0000000000 34.9600000000
275.0000000000 0.0017059326 0.0000000000 34.6500000000
276.0000000000 0.0017089844 0.0100000000 35.3000000000
277.0000000000 0.0017120361 0.0100000000 34.9600000000
278.0000000000 0.0017150879 0.0100000000 35.0000000000
279.0000000000 0.0017181396 0.0000000000 34.8400000000
280.0000000000 0.0017211914 0.0000000000 35.0200000000
281.0000000000 0.0017242432 0.0000000000 34.9900000000
282.0000000000 0.0017272949 0.0000000000 35.0900000000
283.0000000000 0.0017303467 0.0000000000 34.9900000000
284.0000000000 0.0017333984 0.0000000000 35.7900000000
285.0000000000 0.0017364502 0.0000000000 34.9300000000
286.0000000000 0.0017395020 0.0100000000 34.9700000000
287.0000000000 0.0017425537 0.0000000000 34.9200000000
288.0000000000 0.0017456055 0.0000000000 34.9600000000
289.0000000000 0.0017486572 0.0000000000 35.0700000000
290.0000000000 0.0017517090 0.0000000000 36.1800000000
291.0000000000 0.0017547607 0.0000000000 36.2400000000
292.0000000000 0.0017578125 0.0000000000 36.1200000000
293.0000000000 0.0017608643 0.0000000000 36.1100000000
294.0000000000 0.0017639160 0.0000000000 36.0600000000
295.0000000000 0.0017669678 0.0000000000 36.3400000000
296.0000000000 0.0017700195 0.0000000000 36.4800000000
297.0000000000 0.0017730713 0.0000000000 36.6700000000
298.0000000000 0.0017761230 0.0100000000 36.3100000000
299.0000000000 0.0017791748 0.0000000000 36.1200000000
300.0000000000 0.0017822266 0.0000000000 35.9200000000
301.0000000000 0.0017852783 0.0000000000 36.2000000000
302.0000000000 0.0017883301 0.0100000000 36.0300000000
303.0000000000 0.0017913818 0.0100000000 36.1300000000
304.0000000000 0.0017944336 0.0000000000 36.0400000000
305.0000000000 0.0017974854 0.0000000000 35.9000000000
306.0000000000 0.0018005371 0.0100000000 36.0700000000
307.0000000000 0.0018035889 0.0000000000 36.6500000000
308.0000000000 0.0018066406 0.0000000000 36.3300000000
309.0000000000 0.0018096924 0.0000000000 36.0600000000
310.0000000000 0.0018127441 0.0000000000 36.2600000000
311.0000000000 0.0018157959 0.0000000000 36.1600000000
312.0000000000 0.0018188477 0.0000000000 36.1100000000
313.0000000000 0.0018218994 0.0000000000 36.0400000000
314.0000000000 0.0018249512 0.0000000000 36.1300000000
315.0000000000 0.0018280029 0.0000000000 36.2800000000
316.0000000000 0.0018310547 0.0000000000 35.9300000000
317.0000000000 0.0018341064 0.0000000000 36.2300000000
318.0000000000 0.0018371582 0.0000000000 35.8500000000
319.0000000000 0.0018402100 0.0000000000 36.0000000000
320.0000000000 0.0018432617 0.0000000000 36.0400000000
321.0000000000 0.0018463135 0.0000000000 36.1100000000
322.0000000000 0.0018493652 0.0100000000 36.4400000000
323.0000000000 0.0018524170 0.0100000000 35.7300000000
324.0000000000 0.0018554688 0.0000000000 36.1800000000
325.0000000000 0.0018585205 0.0000000000 36.4400000000
326.0000000000 0.0018615723 0.0000000000 36.0200000000
