-2.500000e+00 -2.500000e+00 0.000000e+00 6.742438e-20 6.211048e-20 -4.827696e-21
-2.500000e+00 -2.250000e+00 0.000000e+00 5.664172e-19 4.537866e-19 1.570978e-20
-2.500000e+00 -2.000000e+00 0.000000e+00 3.076949e-18 2.102080e-18 5.400745e-19
-2.500000e+00 -1.750000e+00 0.000000e+00 1.189215e-17 6.797783e-18 3.454303e-18
-2.500000e+00 -1.500000e+00 0.000000e+00 3.508754e-17 1.643119e-17 1.250350e-17
-2.500000e+00 -1.250000e+00 0.000000e+00 8.277686e-17 3.083494e-17 3.107561e-17
-2.500000e+00 -1.000000e+00 0.000000e+00 1.604590e-16 4.527330e-17 5.787151e-17
-2.500000e+00 -7.500000e-01 0.000000e+00 2.592105e-16 5.068567e-17 8.527180e-17
-2.500000e+00 -5.000000e-01 0.000000e+00 3.517419e-16 3.965548e-17 1.035634e-16
-2.500000e+00 -2.500000e-01 0.000000e+00 4.041513e-16 1.436602e-17 1.075737e-16
-2.500000e+00 0.000000e+00 0.000000e+00 3.980050e-16 -1.332017e-17 9.955555e-17
-2.500000e+00 2.500000e-01 0.000000e+00 3.419725e-16 -3.160893e-17 8.586284e-17
-2.500000e+00 5.000000e-01 0.000000e+00 2.618163e-16 -3.723243e-17 7.090724e-17
-2.500000e+00 7.500000e-01 0.000000e+00 1.815903e-16 -3.415882e-17 5.491519e-17
-2.500000e+00 1.000000e+00 0.000000e+00 1.142316e-16 -2.729390e-17 3.744375e-17
-2.500000e+00 1.250000e+00 0.000000e+00 6.387212e-17 -1.932686e-17 2.085897e-17
-2.500000e+00 1.500000e+00 0.000000e+00 3.056509e-17 -1.168369e-17 8.792759e-18
-2.500000e+00 1.750000e+00 0.000000e+00 1.193226e-17 -5.685387e-18 2.519251e-18
-2.500000e+00 2.000000e+00 0.000000e+00 3.598007e-18 -2.091751e-18 3.713367e-19
-2.500000e+00 2.250000e+00 0.000000e+00 7.853243e-19 -5.439447e-19 -1.823351e-20
-2.500000e+00 2.500000e+00 0.000000e+00 1.144089e-19 -9.239124e-20 -1.364796e-20
-2.250000e+00 -2.500000e+00 0.000000e+00 5.038115e-19 5.338835e-19 1.162742e-20
-2.250000e+00 -2.250000e+00 0.000000e+00 3.553718e-18 3.274645e-18 7.397764e-19
-2.250000e+00 -2.000000e+00 0.000000e+00 1.710629e-17 1.346945e-17 6.280282e-18
-2.250000e+00 -1.750000e+00 0.000000e+00 6.109448e-17 4.042181e-17 2.884297e-17
-2.250000e+00 -1.500000e+00 0.000000e+00 1.714793e-16 9.350237e-17 8.880633e-17
-2.250000e+00 -1.250000e+00 0.000000e+00 3.924242e-16 1.713554e-16 2.015471e-16
-2.250000e+00 -1.000000e+00 0.000000e+00 7.472984e-16 2.488627e-16 3.574919e-16
-2.250000e+00 -7.500000e-01 0.000000e+00 1.195956e-15 2.782379e-16 5.175605e-16
-2.250000e+00 -5.000000e-01 0.000000e+00 1.617922e-15 2.201240e-16 6.340476e-16
-2.250000e+00 -2.500000e-01 0.000000e+00 1.863316e-15 8.492220e-17 6.795471e-16
-2.250000e+00 0.000000e+00 0.000000e+00 1.847829e-15 -6.599149e-17 6.590857e-16
-2.250000e+00 2.500000e-01 0.000000e+00 1.604385e-15 -1.693935e-16 5.966532e-16
-2.250000e+00 5.000000e-01 0.000000e+00 1.243677e-15 -2.048607e-16 5.106092e-16
-2.250000e+00 7.500000e-01 0.000000e+00 8.742809e-16 -1.910840e-16 4.048850e-16
-2.250000e+00 1.000000e+00 0.000000e+00 5.587282e-16 -1.544704e-16 2.840242e-16
-2.250000e+00 1.250000e+00 0.000000e+00 3.193882e-16 -1.109763e-16 1.670874e-16
-2.250000e+00 1.500000e+00 0.000000e+00 1.581327e-16 -6.895543e-17 7.824820e-17
-2.250000e+00 1.750000e+00 0.000000e+00 6.504959e-17 -3.523721e-17 2.752993e-17
-2.250000e+00 2.000000e+00 0.000000e+00 2.120614e-17 -1.401114e-17 6.668126e-18
-2.250000e+00 2.250000e+00 0.000000e+00 5.186593e-18 -4.088406e-18 9.139176e-19
-2.250000e+00 2.500000e+00 0.000000e+00 8.880603e-19 -8.166071e-19 2.083129e-20
-2.000000e+00 -2.500000e+00 0.000000e+00 2.319026e-18 2.891685e-18 4.290654e-19
-2.000000e+00 -2.250000e+00 0.000000e+00 1.452791e-17 1.574082e-17 5.813595e-18
-2.000000e+00 -2.000000e+00 0.000000e+00 6.460514e-17 5.989300e-17 3.634628e-17
-2.000000e+00 -1.750000e+00 0.000000e+00 2.191008e-16 1.712328e-16 1.437489e-16
-2.000000e+00 -1.500000e+00 0.000000e+00 5.951482e-16 3.850797e-16 4.051937e-16
-2.000000e+00 -1.250000e+00 0.000000e+00 1.334816e-15 6.950626e-16 8.712936e-16
-2.000000e+00 -1.000000e+00 0.000000e+00 2.511772e-15 1.002433e-15 1.499672e-15
-2.000000e+00 -7.500000e-01 0.000000e+00 3.995493e-15 1.120787e-15 2.147115e-15
-2.000000e+00 -5.000000e-01 0.000000e+00 5.399983e-15 8.965738e-16 2.642473e-15
-2.000000e+00 -2.500000e-01 0.000000e+00 6.244486e-15 3.668386e-16 2.879961e-15
-2.000000e+00 0.000000e+00 0.000000e+00 6.249079e-15 -2.346909e-16 2.859034e-15
-2.000000e+00 2.500000e-01 0.000000e+00 5.499288e-15 -6.608440e-16 2.646057e-15
-2.000000e+00 5.000000e-01 0.000000e+00 4.333329e-15 -8.225593e-16 2.299951e-15
-2.000000e+00 7.500000e-01 0.000000e+00 3.100102e-15 -7.831736e-16 1.844506e-15
-2.000000e+00 1.000000e+00 0.000000e+00 2.016836e-15 -6.436365e-16 1.314440e-15
-2.000000e+00 1.250000e+00 0.000000e+00 1.175618e-15 -4.699200e-16 7.966335e-16
-2.000000e+00 1.500000e+00 0.000000e+00 5.966296e-16 -2.984281e-16 3.934492e-16
-2.000000e+00 1.750000e+00 0.000000e+00 2.540856e-16 -1.577593e-16 1.514635e-16
-2.000000e+00 2.000000e+00 0.000000e+00 8.709062e-17 -6.605882e-17 4.291395e-17
-2.000000e+00 2.250000e+00 0.000000e+00 2.290551e-17 -2.079712e-17 8.136820e-18
-2.000000e+00 2.500000e+00 0.000000e+00 4.356692e-18 -4.633371e-18 8.300517e-19
-1.750000e+00 -2.500000e+00 0.000000e+00 7.239334e-18 1.090658e-17 2.673149e-18
-1.750000e+00 -2.250000e+00 0.000000e+00 4.193863e-17 5.480162e-17 2.554961e-17
-1.750000e+00 -2.000000e+00 0.000000e+00 1.769535e-16 1.979054e-16 1.373947e-16
-1.750000e+00 -1.750000e+00 0.000000e+00 5.796572e-16 5.477142e-16 4.977921e-16
-1.750000e+00 -1.500000e+00 0.000000e+00 1.539583e-15 1.208449e-15 1.326736e-15
-1.750000e+00 -1.250000e+00 0.000000e+00 3.403921e-15 2.158194e-15 2.752946e-15
-1.750000e+00 -1.000000e+00 0.000000e+00 6.350121e-15 3.097845e-15 4.642500e-15
-1.750000e+00 -7.500000e-01 0.000000e+00 1.006253e-14 3.469256e-15 6.592750e-15
-1.750000e+00 -5.000000e-01 0.000000e+00 1.361636e-14 2.813690e-15 8.127545e-15
-1.750000e+00 -2.500000e-01 0.000000e+00 1.585503e-14 1.231232e-15 8.934858e-15
-1.750000e+00 0.000000e+00 0.000000e+00 1.607500e-14 -6.001297e-16 8.974113e-15
-1.750000e+00 2.500000e-01 0.000000e+00 1.441438e-14 -1.947573e-15 8.392974e-15
-1.750000e+00 5.000000e-01 0.000000e+00 1.161963e-14 -2.521088e-15 7.347677e-15
-1.750000e+00 7.500000e-01 0.000000e+00 8.512494e-15 -2.473828e-15 5.928578e-15
-1.750000e+00 1.000000e+00 0.000000e+00 5.661297e-15 -2.085915e-15 4.267804e-15
-1.750000e+00 1.250000e+00 0.000000e+00 3.365804e-15 -1.556133e-15 2.637426e-15
-1.750000e+00 1.500000e+00 0.000000e+00 1.741961e-15 -1.008800e-15 1.347224e-15
-1.750000e+00 1.750000e+00 0.000000e+00 7.593561e-16 -5.467376e-16 5.473713e-16
-1.750000e+00 2.000000e+00 0.000000e+00 2.686795e-16 -2.370364e-16 1.688852e-16
-1.750000e+00 2.250000e+00 0.000000e+00 7.396836e-17 -7.846570e-17 3.696389e-17
-1.750000e+00 2.500000e+00 0.000000e+00 1.504036e-17 -1.879352e-17 5.070330e-18
-1.500000e+00 -2.500000e+00 0.000000e+00 1.641954e-17 3.073929e-17 9.459544e-18
-1.500000e+00 -2.250000e+00 0.000000e+00 9.047737e-17 1.463961e-16 7.648935e-17
-1.500000e+00 -2.000000e+00 0.000000e+00 3.688046e-16 5.102512e-16 3.765507e-16
-1.500000e+00 -1.750000e+00 0.000000e+00 1.179492e-15 1.380418e-15 1.290253e-15
-1.500000e+00 -1.500000e+00 0.000000e+00 3.080145e-15 3.002760e-15 3.313190e-15
-1.500000e+00 -1.250000e+00 0.000000e+00 6.728765e-15 5.317084e-15 6.709046e-15
-1.500000e+00 -1.000000e+00 0.000000e+00 1.245649e-14 7.604371e-15 1.115063e-14
-1.500000e+00 -7.500000e-01 0.000000e+00 1.968210e-14 8.543422e-15 1.573010e-14
-1.500000e+00 -5.000000e-01 0.000000e+00 2.671360e-14 7.051303e-15 1.938174e-14
-1.500000e+00 -2.500000e-01 0.000000e+00 3.141865e-14 3.333887e-15 2.138206e-14
-1.500000e+00 0.000000e+00 0.000000e+00 3.242059e-14 -1.070220e-15 2.158657e-14
-1.500000e+00 2.500000e-01 0.000000e+00 2.979403e-14 -4.462384e-15 2.028062e-14
-1.500000e+00 5.000000e-01 0.000000e+00 2.472117e-14 -6.104661e-15 1.781267e-14
-1.500000e+00 7.500000e-01 0.000000e+00 1.864345e-14 -6.246427e-15 1.442485e-14
-1.500000e+00 1.000000e+00 0.000000e+00 1.271579e-14 -5.455765e-15 1.045814e-14
-1.500000e+00 1.250000e+00 0.000000e+00 7.713085e-15 -4.182234e-15 6.551732e-15
-1.500000e+00 1.500000e+00 0.000000e+00 4.057816e-15 -2.768214e-15 3.424248e-15
-1.500000e+00 1.750000e+00 0.000000e+00 1.797438e-15 -1.529489e-15 1.441404e-15
-1.500000e+00 2.000000e+00 0.000000e+00 6.485997e-16 -6.787421e-16 4.690869e-16
-1.500000e+00 2.250000e+00 0.000000e+00 1.835766e-16 -2.321083e-16 1.115116e-16
-1.500000e+00 2.500000e+00 0.000000e+00 3.889174e-17 -5.827655e-17 1.763866e-17
-1.250000e+00 -2.500000e+00 0.000000e+00 2.885095e-17 6.851392e-17 2.300926e-17
-1.250000e+00 -2.250000e+00 0.000000e+00 1.541922e-16 3.148574e-16 1.698297e-16
-1.250000e+00 -2.000000e+00 0.000000e+00 6.140650e-16 1.070374e-15 7.926912e-16
-1.250000e+00 -1.750000e+00 0.000000e+00 1.926634e-15 2.845025e-15 2.621795e-15
-1.250000e+00 -1.500000e+00 0.000000e+00 4.947859e-15 6.109854e-15 6.570368e-15
-1.250000e+00 -1.250000e+00 0.000000e+00 1.065551e-14 1.072311e-14 1.308682e-14
-1.250000e+00 -1.000000e+00 0.000000e+00 1.951919e-14 1.527311e-14 2.152416e-14
-1.250000e+00 -7.500000e-01 0.000000e+00 3.069409e-14 1.722397e-14 3.019058e-14
-1.250000e+00 -5.000000e-01 0.000000e+00 4.177821e-14 1.450565e-14 3.712098e-14
-1.250000e+00 -2.500000e-01 0.000000e+00 4.972207e-14 7.443961e-15 4.096811e-14
-1.250000e+00 0.000000e+00 0.000000e+00 5.240115e-14 -1.165855e-15 4.143218e-14
-1.250000e+00 2.500000e-01 0.000000e+00 4.955659e-14 -8.166541e-15 3.900777e-14
-1.250000e+00 5.000000e-01 0.000000e+00 4.246764e-14 -1.203988e-14 3.433874e-14
-1.250000e+00 7.500000e-01 0.000000e+00 3.302513e-14 -1.298460e-14 2.789893e-14
-1.250000e+00 1.000000e+00 0.000000e+00 2.309688e-14 -1.182401e-14 2.034565e-14
-1.250000e+00 1.250000e+00 0.000000e+00 1.426924e-14 -9.338606e-15 1.287420e-14
-1.250000e+00 1.500000e+00 0.000000e+00 7.606315e-15 -6.306071e-15 6.834887e-15
-1.250000e+00 1.750000e+00 0.000000e+00 3.406055e-15 -3.537264e-15 2.944451e-15
-1.250000e+00 2.000000e+00 0.000000e+00 1.243662e-15 -1.594279e-15 9.909366e-16
-1.250000e+00 2.250000e+00 0.000000e+00 3.577079e-16 -5.565019e-16 2.475651e-16
-1.250000e+00 2.500000e+00 0.000000e+00 7.763882e-17 -1.439634e-16 4.238498e-17
-1.000000e+00 -2.500000e+00 0.000000e+00 4.251929e-17 1.274577e-16 4.181184e-17
-1.000000e+00 -2.250000e+00 0.000000e+00 2.223879e-16 5.712556e-16 2.945474e-16
-1.000000e+00 -2.000000e+00 0.000000e+00 8.677826e-16 1.903777e-15 1.334947e-15
-1.000000e+00 -1.750000e+00 0.000000e+00 2.664072e-15 4.974614e-15 4.325854e-15
-1.000000e+00 -1.500000e+00 0.000000e+00 6.682308e-15 1.052346e-14 1.068325e-14
-1.000000e+00 -1.250000e+00 0.000000e+00 1.405696e-14 1.824439e-14 2.105691e-14
-1.000000e+00 -1.000000e+00 0.000000e+00 2.524359e-14 2.580124e-14 3.437725e-14
-1.000000e+00 -7.500000e-01 0.000000e+00 3.920328e-14 2.915190e-14 4.797620e-14
-1.000000e+00 -5.000000e-01 0.000000e+00 5.324859e-14 2.503623e-14 5.880858e-14
-1.000000e+00 -2.500000e-01 0.000000e+00 6.399661e-14 1.386739e-14 6.482822e-14
-1.000000e+00 0.000000e+00 0.000000e+00 6.887175e-14 -1.942975e-16 6.560979e-14
-1.000000e+00 2.500000e-01 0.000000e+00 6.702463e-14 -1.233261e-14 6.191901e-14
-1.000000e+00 5.000000e-01 0.000000e+00 5.922800e-14 -1.994802e-14 5.470945e-14
-1.000000e+00 7.500000e-01 0.000000e+00 4.732662e-14 -2.280339e-14 4.466119e-14
-1.000000e+00 1.000000e+00 0.000000e+00 3.377818e-14 -2.166046e-14 3.276533e-14
-1.000000e+00 1.250000e+00 0.000000e+00 2.114766e-14 -1.758792e-14 2.089478e-14
-1.000000e+00 1.500000e+00 0.000000e+00 1.136623e-14 -1.207671e-14 1.120734e-14
-1.000000e+00 1.750000e+00 0.000000e+00 5.119412e-15 -6.848354e-15 4.894554e-15
-1.000000e+00 2.000000e+00 0.000000e+00 1.880270e-15 -3.116993e-15 1.678269e-15
-1.000000e+00 2.250000e+00 0.000000e+00 5.452710e-16 -1.101598e-15 4.305400e-16
-1.000000e+00 2.500000e+00 0.000000e+00 1.199052e-16 -2.902219e-16 7.675088e-17
-7.500000e-01 -2.500000e+00 0.000000e+00 5.702323e-17 2.083299e-16 6.010023e-17
-7.500000e-01 -2.250000e+00 0.000000e+00 2.906464e-16 9.141194e-16 4.166263e-16
-7.500000e-01 -2.000000e+00 0.000000e+00 1.104464e-15 2.986954e-15 1.865607e-15
-7.500000e-01 -1.750000e+00 0.000000e+00 3.287138e-15 7.649001e-15 5.990023e-15
-7.500000e-01 -1.500000e+00 0.000000e+00 7.951472e-15 1.585247e-14 1.468754e-14
-7.500000e-01 -1.250000e+00 0.000000e+00 1.608760e-14 2.697609e-14 2.878165e-14
-7.500000e-01 -1.000000e+00 0.000000e+00 2.785266e-14 3.764653e-14 4.675160e-14
-7.500000e-01 -7.500000e-01 0.000000e+00 4.205193e-14 4.238572e-14 6.495236e-14
-7.500000e-01 -5.000000e-01 0.000000e+00 5.627527e-14 3.691144e-14 7.933924e-14
-7.500000e-01 -2.500000e-01 0.000000e+00 6.767779e-14 2.170219e-14 8.733013e-14
-7.500000e-01 0.000000e+00 0.000000e+00 7.387790e-14 1.969570e-15 8.852134e-14
-7.500000e-01 2.500000e-01 0.000000e+00 7.350066e-14 -1.610488e-14 8.394223e-14
-7.500000e-01 5.000000e-01 0.000000e+00 6.643287e-14 -2.871407e-14 7.468002e-14
-7.500000e-01 7.500000e-01 0.000000e+00 5.401458e-14 -3.464949e-14 6.141506e-14
-7.500000e-01 1.000000e+00 0.000000e+00 3.894053e-14 -3.408537e-14 4.536872e-14
-7.500000e-01 1.250000e+00 0.000000e+00 2.446860e-14 -2.824432e-14 2.911475e-14
-7.500000e-01 1.500000e+00 0.000000e+00 1.314690e-14 -1.959843e-14 1.570911e-14
-7.500000e-01 1.750000e+00 0.000000e+00 5.910865e-15 -1.117696e-14 6.901245e-15
-7.500000e-01 2.000000e+00 0.000000e+00 2.168073e-15 -5.111036e-15 2.381412e-15
-7.500000e-01 2.250000e+00 0.000000e+00 6.290372e-16 -1.817778e-15 6.156296e-16
-7.500000e-01 2.500000e+00 0.000000e+00 1.388228e-16 -4.837217e-16 1.109178e-16
-5.000000e-01 -2.500000e+00 0.000000e+00 7.048872e-17 3.098921e-16 7.250370e-17
-5.000000e-01 -2.250000e+00 0.000000e+00 3.468121e-16 1.330425e-15 5.037039e-16
-5.000000e-01 -2.000000e+00 0.000000e+00 1.273160e-15 4.253179e-15 2.252400e-15
-5.000000e-01 -1.750000e+00 0.000000e+00 3.642783e-15 1.062953e-14 7.217294e-15
-5.000000e-01 -1.500000e+00 0.000000e+00 8.407991e-15 2.145246e-14 1.765792e-14
-5.000000e-01 -1.250000e+00 0.000000e+00 1.612482e-14 3.556886e-14 3.451091e-14
-5.000000e-01 -1.000000e+00 0.000000e+00 2.640964e-14 4.859194e-14 5.586634e-14
-5.000000e-01 -7.500000e-01 0.000000e+00 3.793556e-14 5.405826e-14 7.730481e-14
-5.000000e-01 -5.000000e-01 0.000000e+00 4.898147e-14 4.723352e-14 9.410589e-14
-5.000000e-01 -2.500000e-01 0.000000e+00 5.791665e-14 2.873815e-14 1.035071e-13
-5.000000e-01 0.000000e+00 0.000000e+00 6.320892e-14 4.250474e-15 1.053114e-13
-5.000000e-01 2.500000e-01 0.000000e+00 6.340113e-14 -1.934732e-14 1.006814e-13
-5.000000e-01 5.000000e-01 0.000000e+00 5.770053e-14 -3.714427e-14 9.049903e-14
-5.000000e-01 7.500000e-01 0.000000e+00 4.689047e-14 -4.654321e-14 7.514375e-14
-5.000000e-01 1.000000e+00 0.000000e+00 3.349569e-14 -4.673656e-14 5.592132e-14
-5.000000e-01 1.250000e+00 0.000000e+00 2.071952e-14 -3.906127e-14 3.606145e-14
-5.000000e-01 1.500000e+00 0.000000e+00 1.092533e-14 -2.714976e-14 1.950449e-14
-5.000000e-01 1.750000e+00 0.000000e+00 4.820509e-15 -1.546855e-14 8.567003e-15
-5.000000e-01 2.000000e+00 0.000000e+00 1.738404e-15 -7.067480e-15 2.946287e-15
-5.000000e-01 2.250000e+00 0.000000e+00 4.971023e-16 -2.515516e-15 7.559117e-16
-5.000000e-01 2.500000e+00 0.000000e+00 1.083636e-16 -6.715789e-16 1.342833e-16
-2.500000e-01 -2.500000e+00 0.000000e+00 7.222605e-17 4.212612e-16 7.892452e-17
-2.500000e-01 -2.250000e+00 0.000000e+00 3.415131e-16 1.769337e-15 5.494423e-16
-2.500000e-01 -2.000000e+00 0.000000e+00 1.206085e-15 5.531400e-15 2.456082e-15
-2.500000e-01 -1.750000e+00 0.000000e+00 3.302390e-15 1.347452e-14 7.865864e-15
-2.500000e-01 -1.500000e+00 0.000000e+00 7.222717e-15 2.641273e-14 1.923221e-14
-2.500000e-01 -1.250000e+00 0.000000e+00 1.296736e-14 4.248260e-14 3.753769e-14
-2.500000e-01 -1.000000e+00 0.000000e+00 1.967817e-14 5.645902e-14 6.061836e-14
-2.500000e-01 -7.500000e-01 0.000000e+00 2.613001e-14 6.155244e-14 8.361295e-14
-2.500000e-01 -5.000000e-01 0.000000e+00 3.155182e-14 5.330780e-14 1.015530e-13
-2.500000e-01 -2.500000e-01 0.000000e+00 3.573102e-14 3.262357e-14 1.118371e-13
-2.500000e-01 0.000000e+00 0.000000e+00 3.822793e-14 5.058981e-15 1.145389e-13
-2.500000e-01 2.500000e-01 0.000000e+00 3.791982e-14 -2.249977e-14 1.107115e-13
-2.500000e-01 5.000000e-01 0.000000e+00 3.383429e-14 -4.428287e-14 1.007060e-13
-2.500000e-01 7.500000e-01 0.000000e+00 2.643513e-14 -5.623049e-14 8.442705e-14
-2.500000e-01 1.000000e+00 0.000000e+00 1.775256e-14 -5.660084e-14 6.321989e-14
-2.500000e-01 1.250000e+00 0.000000e+00 1.012223e-14 -4.705401e-14 4.088741e-14
-2.500000e-01 1.500000e+00 0.000000e+00 4.852532e-15 -3.241700e-14 2.211105e-14
-2.500000e-01 1.750000e+00 0.000000e+00 1.933029e-15 -1.830380e-14 9.674394e-15
-2.500000e-01 2.000000e+00 0.000000e+00 6.281398e-16 -8.301470e-15 3.297044e-15
-2.500000e-01 2.250000e+00 0.000000e+00 1.615570e-16 -2.939303e-15 8.315536e-16
-2.500000e-01 2.500000e+00 0.000000e+00 3.139363e-17 -7.820821e-16 1.431697e-16
0.000000e+00 -2.500000e+00 0.000000e+00 4.708394e-17 5.118730e-16 8.289300e-17
0.000000e+00 -2.250000e+00 0.000000e+00 2.105810e-16 2.110684e-15 5.671159e-16
0.000000e+00 -2.000000e+00 0.000000e+00 6.994967e-16 6.474449e-15 2.512363e-15
0.000000e+00 -1.750000e+00 0.000000e+00 1.772588e-15 1.542497e-14 8.008763e-15
0.000000e+00 -1.500000e+00 0.000000e+00 3.483153e-15 2.945310e-14 1.953478e-14
0.000000e+00 -1.250000e+00 0.000000e+00 5.359075e-15 4.602881e-14 3.806728e-14
0.000000e+00 -1.000000e+00 0.000000e+00 6.508758e-15 5.948065e-14 6.137391e-14
0.000000e+00 -7.500000e-01 0.000000e+00 6.370180e-15 6.335302e-14 8.453949e-14
0.000000e+00 -5.000000e-01 0.000000e+00 5.393432e-15 5.398967e-14 1.027337e-13
0.000000e+00 -2.500000e-01 0.000000e+00 4.632827e-15 3.254558e-14 1.136670e-13
0.000000e+00 0.000000e+00 0.000000e+00 4.481224e-15 3.972708e-15 1.175278e-13
0.000000e+00 2.500000e-01 0.000000e+00 4.138955e-15 -2.533123e-14 1.149693e-13
0.000000e+00 5.000000e-01 0.000000e+00 2.644575e-15 -4.899517e-14 1.056805e-13
0.000000e+00 7.500000e-01 0.000000e+00 1.889898e-16 -6.174248e-14 8.919335e-14
0.000000e+00 1.000000e+00 0.000000e+00 -1.974210e-15 -6.132285e-14 6.700088e-14
0.000000e+00 1.250000e+00 0.000000e+00 -2.813816e-15 -5.005928e-14 4.336141e-14
0.000000e+00 1.500000e+00 0.000000e+00 -2.375396e-15 -3.382137e-14 2.341371e-14
0.000000e+00 1.750000e+00 0.000000e+00 -1.427145e-15 -1.875949e-14 1.019881e-14
0.000000e+00 2.000000e+00 0.000000e+00 -6.389620e-16 -8.383615e-15 3.443368e-15
0.000000e+00 2.250000e+00 0.000000e+00 -2.148499e-16 -2.933401e-15 8.531635e-16
0.000000e+00 2.500000e+00 0.000000e+00 -5.356559e-17 -7.725042e-16 1.419934e-16
2.500000e-01 -2.500000e+00 0.000000e+00 -5.030329e-18 5.402188e-16 8.548572e-17
2.500000e-01 -2.250000e+00 0.000000e+00 -4.044320e-17 2.200943e-15 5.630275e-16
2.500000e-01 -2.000000e+00 0.000000e+00 -2.089824e-16 6.664275e-15 2.446643e-15
2.500000e-01 -1.750000e+00 0.000000e+00 -7.968984e-16 1.562897e-14 7.720330e-15
2.500000e-01 -1.500000e+00 0.000000e+00 -2.376611e-15 2.927551e-14 1.873647e-14
2.500000e-01 -1.250000e+00 0.000000e+00 -5.704491e-15 4.477178e-14 3.643360e-14
2.500000e-01 -1.000000e+00 0.000000e+00 -1.120348e-14 5.662923e-14 5.872195e-14
2.500000e-01 -7.500000e-01 0.000000e+00 -1.823671e-14 5.926032e-14 8.101868e-14
2.500000e-01 -5.000000e-01 0.000000e+00 -2.495960e-14 4.990394e-14 9.891757e-14
2.500000e-01 -2.500000e-01 0.000000e+00 -2.931921e-14 2.963536e-14 1.104070e-13
2.500000e-01 0.000000e+00 0.000000e+00 -3.048342e-14 2.353140e-15 1.154982e-13
2.500000e-01 2.500000e-01 0.000000e+00 -2.917397e-14 -2.634223e-14 1.142311e-13
2.500000e-01 5.000000e-01 0.000000e+00 -2.653090e-14 -4.973749e-14 1.057298e-13
2.500000e-01 7.500000e-01 0.000000e+00 -2.295817e-14 -6.173897e-14 8.944873e-14
2.500000e-01 1.000000e+00 0.000000e+00 -1.830895e-14 -6.003287e-14 6.716945e-14
2.500000e-01 1.250000e+00 0.000000e+00 -1.287159e-14 -4.773400e-14 4.341540e-14
2.500000e-01 1.500000e+00 0.000000e+00 -7.671749e-15 -3.137037e-14 2.340477e-14
2.500000e-01 1.750000e+00 0.000000e+00 -3.760269e-15 -1.695989e-14 1.016802e-14
2.500000e-01 2.000000e+00 0.000000e+00 -1.476507e-15 -7.415957e-15 3.415227e-15
2.500000e-01 2.250000e+00 0.000000e+00 -4.520208e-16 -2.547866e-15 8.376860e-16
2.500000e-01 2.500000e+00 0.000000e+00 -1.043684e-16 -6.597627e-16 1.367129e-16
5.000000e-01 -2.500000e+00 0.000000e+00 -6.006841e-17 4.845445e-16 8.311389e-17
5.000000e-01 -2.250000e+00 0.000000e+00 -2.998323e-16 1.964724e-15 5.260625e-16
5.000000e-01 -2.000000e+00 0.000000e+00 -1.127874e-15 5.911480e-15 2.238209e-15
5.000000e-01 -1.750000e+00 0.000000e+00 -3.336939e-15 1.374530e-14 6.982271e-15
5.000000e-01 -1.500000e+00 0.000000e+00 -8.020711e-15 2.547112e-14 1.685310e-14
5.000000e-01 -1.250000e+00 0.000000e+00 -1.605052e-14 3.849947e-14 3.272397e-14
5.000000e-01 -1.000000e+00 0.000000e+00 -2.724194e-14 4.821787e-14 5.282878e-14
5.000000e-01 -7.500000e-01 0.000000e+00 -3.980713e-14 5.025381e-14 7.323311e-14
5.000000e-01 -5.000000e-01 0.000000e+00 -5.078758e-14 4.252860e-14 9.015306e-14
5.000000e-01 -2.500000e-01 0.000000e+00 -5.745524e-14 2.556372e-14 1.017749e-13
5.000000e-01 0.000000e+00 0.000000e+00 -5.865511e-14 1.858188e-15 1.077426e-13
5.000000e-01 2.500000e-01 0.000000e+00 -5.496317e-14 -2.402062e-14 1.074826e-13
5.000000e-01 5.000000e-01 0.000000e+00 -4.774452e-14 -4.540277e-14 9.980736e-14
5.000000e-01 7.500000e-01 0.000000e+00 -3.830424e-14 -5.587800e-14 8.434798e-14
5.000000e-01 1.000000e+00 0.000000e+00 -2.787944e-14 -5.329066e-14 6.316264e-14
5.000000e-01 1.250000e+00 0.000000e+00 -1.793091e-14 -4.124092e-14 4.072454e-14
5.000000e-01 1.500000e+00 0.000000e+00 -9.903375e-15 -2.629069e-14 2.192120e-14
5.000000e-01 1.750000e+00 0.000000e+00 -4.566105e-15 -1.379852e-14 9.515179e-15
5.000000e-01 2.000000e+00 0.000000e+00 -1.707564e-15 -5.877645e-15 3.192805e-15
5.000000e-01 2.250000e+00 0.000000e+00 -5.015904e-16 -1.974426e-15 7.818639e-16
5.000000e-01 2.500000e+00 0.000000e+00 -1.112653e-16 -5.005817e-16 1.273808e-16
7.500000e-01 -2.500000e+00 0.000000e+00 -8.905858e-17 3.646523e-16 7.172594e-17
7.500000e-01 -2.250000e+00 0.000000e+00 -4.357192e-16 1.481965e-15 4.438096e-16
7.500000e-01 -2.000000e+00 0.000000e+00 -1.603886e-15 4.458303e-15 1.865059e-15
7.500000e-01 -1.750000e+00 0.000000e+00 -4.631281e-15 1.034533e-14 5.781037e-15
7.500000e-01 -1.500000e+00 0.000000e+00 -1.083651e-14 1.911493e-14 1.392251e-14
7.500000e-01 -1.250000e+00 0.000000e+00 -2.109174e-14 2.884415e-14 2.705962e-14
7.500000e-01 -1.000000e+00 0.000000e+00 -3.490161e-14 3.624256e-14 4.384820e-14
7.500000e-01 -7.500000e-01 0.000000e+00 -5.003979e-14 3.826575e-14 6.118310e-14
7.500000e-01 -5.000000e-01 0.000000e+00 -6.323537e-14 3.328625e-14 7.602393e-14
7.500000e-01 -2.500000e-01 0.000000e+00 -7.152659e-14 2.105571e-14 8.676697e-14
7.500000e-01 0.000000e+00 0.000000e+00 -7.331959e-14 2.645261e-15 9.275648e-14
7.500000e-01 2.500000e-01 0.000000e+00 -6.859273e-14 -1.857105e-14 9.305936e-14
7.500000e-01 5.000000e-01 0.000000e+00 -5.854782e-14 -3.654739e-14 8.647435e-14
7.500000e-01 7.500000e-01 0.000000e+00 -4.524180e-14 -4.521032e-14 7.287835e-14
7.500000e-01 1.000000e+00 0.000000e+00 -3.122409e-14 -4.263630e-14 5.436202e-14
7.500000e-01 1.250000e+00 0.000000e+00 -1.891750e-14 -3.229664e-14 3.493245e-14
7.500000e-01 1.500000e+00 0.000000e+00 -9.861975e-15 -2.004283e-14 1.875897e-14
7.500000e-01 1.750000e+00 0.000000e+00 -4.322427e-15 -1.022924e-14 8.129605e-15
7.500000e-01 2.000000e+00 0.000000e+00 -1.549284e-15 -4.246094e-15 2.724705e-15
7.500000e-01 2.250000e+00 0.000000e+00 -4.387559e-16 -1.394129e-15 6.669076e-16
7.500000e-01 2.500000e+00 0.000000e+00 -9.388971e-17 -3.458499e-16 1.089145e-16
1.000000e+00 -2.500000e+00 0.000000e+00 -8.354739e-17 2.285069e-16 5.205081e-17
1.000000e+00 -2.250000e+00 0.000000e+00 -4.094421e-16 9.373992e-16 3.234168e-16
1.000000e+00 -2.000000e+00 0.000000e+00 -1.504969e-15 2.835882e-15 1.363944e-15
1.000000e+00 -1.750000e+00 0.000000e+00 -4.330254e-15 6.604158e-15 4.242815e-15
1.000000e+00 -1.500000e+00 0.000000e+00 -1.008563e-14 1.224743e-14 1.025932e-14
1.000000e+00 -1.250000e+00 0.000000e+00 -1.955148e-14 1.861110e-14 2.003522e-14
1.000000e+00 -1.000000e+00 0.000000e+00 -3.231879e-14 2.373616e-14 3.265107e-14
1.000000e+00 -7.500000e-01 0.000000e+00 -4.655028e-14 2.577268e-14 4.587111e-14
1.000000e+00 -5.000000e-01 0.000000e+00 -5.953484e-14 2.346716e-14 5.744897e-14
1.000000e+00 -2.500000e-01 0.000000e+00 -6.859043e-14 1.602872e-14 6.609497e-14
1.000000e+00 0.000000e+00 0.000000e+00 -7.172922e-14 3.486064e-15 7.110516e-14
1.000000e+00 2.500000e-01 0.000000e+00 -6.805210e-14 -1.197134e-14 7.154841e-14
1.000000e+00 5.000000e-01 0.000000e+00 -5.814331e-14 -2.552981e-14 6.644241e-14
1.000000e+00 7.500000e-01 0.000000e+00 -4.424355e-14 -3.216153e-14 5.581997e-14
1.000000e+00 1.000000e+00 0.000000e+00 -2.962552e-14 -3.026776e-14 4.146056e-14
1.000000e+00 1.250000e+00 0.000000e+00 -1.724544e-14 -2.262621e-14 2.652125e-14
1.000000e+00 1.500000e+00 0.000000e+00 -8.610117e-15 -1.376949e-14 1.417453e-14
1.000000e+00 1.750000e+00 0.000000e+00 -3.623168e-15 -6.874543e-15 6.109730e-15
1.000000e+00 2.000000e+00 0.000000e+00 -1.253903e-15 -2.792563e-15 2.034257e-15
1.000000e+00 2.250000e+00 0.000000e+00 -3.447251e-16 -8.984133e-16 4.938326e-16
1.000000e+00 2.500000e+00 0.000000e+00 -7.174255e-17 -2.183327e-16 7.985420e-17
1.250000e+00 -2.500000e+00 0.000000e+00 -5.765587e-17 1.183667e-16 3.022658e-17
1.250000e+00 -2.250000e+00 0.000000e+00 -2.860357e-16 4.942567e-16 1.947996e-16
1.250000e+00 -2.000000e+00 0.000000e+00 -1.059057e-15 1.512973e-15 8.411411e-16
1.250000e+00 -1.750000e+00 0.000000e+00 -3.061526e-15 3.554458e-15 2.660395e-15
1.250000e+00 -1.500000e+00 0.000000e+00 -7.159954e-15 6.651524e-15 6.513175e-15
1.250000e+00 -1.250000e+00 0.000000e+00 -1.396005e-14 1.024512e-14 1.284240e-14
1.250000e+00 -1.000000e+00 0.000000e+00 -2.330713e-14 1.337229e-14 2.109149e-14
1.250000e+00 -7.500000e-01 0.000000e+00 -3.412797e-14 1.507038e-14 2.982240e-14
1.250000e+00 -5.000000e-01 0.000000e+00 -4.469559e-14 1.447811e-14 3.755730e-14
1.250000e+00 -2.500000e-01 0.000000e+00 -5.299802e-14 1.071618e-14 4.341118e-14
1.250000e+00 0.000000e+00 0.000000e+00 -5.703618e-14 3.355719e-15 4.685519e-14
1.250000e+00 2.500000e-01 0.000000e+00 -5.533731e-14 -6.388307e-15 4.720931e-14
1.250000e+00 5.000000e-01 0.000000e+00 -4.782247e-14 -1.525762e-14 4.380371e-14
1.250000e+00 7.500000e-01 0.000000e+00 -3.634134e-14 -1.973055e-14 3.669844e-14
1.250000e+00 1.000000e+00 0.000000e+00 -2.401717e-14 -1.864673e-14 2.713620e-14
1.250000e+00 1.250000e+00 0.000000e+00 -1.367819e-14 -1.384843e-14 1.725014e-14
1.250000e+00 1.500000e+00 0.000000e+00 -6.650733e-15 -8.322302e-15 9.141397e-15
1.250000e+00 1.750000e+00 0.000000e+00 -2.724532e-15 -4.090185e-15 3.894761e-15
1.250000e+00 2.000000e+00 0.000000e+00 -9.201686e-16 -1.633120e-15 1.276229e-15
1.250000e+00 2.250000e+00 0.000000e+00 -2.475609e-16 -5.156056e-16 3.029569e-16
1.250000e+00 2.500000e+00 0.000000e+00 -5.044808e-17 -1.225527e-16 4.737286e-17
1.500000e+00 -2.500000e+00 0.000000e+00 -3.055644e-17 5.007429e-17 1.326963e-17
1.500000e+00 -2.250000e+00 0.000000e+00 -1.551924e-16 2.153134e-16 9.243713e-17
1.500000e+00 -2.000000e+00 0.000000e+00 -5.834700e-16 6.723461e-16 4.187874e-16
1.500000e+00 -1.750000e+00 0.000000e+00 -1.705125e-15 1.602835e-15 1.368132e-15
1.500000e+00 -1.500000e+00 0.000000e+00 -4.025960e-15 3.040510e-15 3.425742e-15
1.500000e+00 -1.250000e+00 0.000000e+00 -7.938280e-15 4.766347e-15 6.861022e-15
1.500000e+00 -1.000000e+00 0.000000e+00 -1.346556e-14 6.390489e-15 1.138618e-14
1.500000e+00 -7.500000e-01 0.000000e+00 -2.016762e-14 7.490848e-15 1.620524e-14
1.500000e+00 -5.000000e-01 0.000000e+00 -2.719247e-14 7.577006e-15 2.048867e-14
1.500000e+00 -2.500000e-01 0.000000e+00 -3.330518e-14 6.010987e-15 2.374378e-14
1.500000e+00 0.000000e+00 0.000000e+00 -3.695130e-14 2.360320e-15 2.568005e-14
1.500000e+00 2.500000e-01 0.000000e+00 -3.671063e-14 -2.812388e-15 2.591318e-14
1.500000e+00 5.000000e-01 0.000000e+00 -3.218245e-14 -7.682576e-15 2.405128e-14
1.500000e+00 7.500000e-01 0.000000e+00 -2.456657e-14 -1.021734e-14 2.011474e-14
1.500000e+00 1.000000e+00 0.000000e+00 -1.616797e-14 -9.719853e-15 1.480425e-14
1.500000e+00 1.250000e+00 0.000000e+00 -9.108585e-15 -7.197356e-15 9.331145e-15
1.500000e+00 1.500000e+00 0.000000e+00 -4.362277e-15 -4.289107e-15 4.878924e-15
1.500000e+00 1.750000e+00 0.000000e+00 -1.756286e-15 -2.082516e-15 2.037956e-15
1.500000e+00 2.000000e+00 0.000000e+00 -5.821973e-16 -8.183398e-16 6.490380e-16
1.500000e+00 2.250000e+00 0.000000e+00 -1.534115e-16 -2.528932e-16 1.477575e-16
1.500000e+00 2.500000e+00 0.000000e+00 -3.047663e-17 -5.834982e-17 2.159868e-17
1.750000e+00 -2.500000e+00 0.000000e+00 -1.248257e-17 1.691859e-17 4.044137e-18
1.750000e+00 -2.250000e+00 0.000000e+00 -6.598688e-17 7.620334e-17 3.252245e-17
1.750000e+00 -2.000000e+00 0.000000e+00 -2.548105e-16 2.456512e-16 1.599237e-16
1.750000e+00 -1.750000e+00 0.000000e+00 -7.587062e-16 5.990116e-16 5.507614e-16
1.750000e+00 -1.500000e+00 0.000000e+00 -1.818306e-15 1.157394e-15 1.428682e-15
1.750000e+00 -1.250000e+00 0.000000e+00 -3.639632e-15 1.850262e-15 2.928895e-15
1.750000e+00 -1.000000e+00 0.000000e+00 -6.289718e-15 2.546176e-15 4.931223e-15
1.750000e+00 -7.500000e-01 0.000000e+00 -9.650617e-15 3.091184e-15 7.073954e-15
1.750000e+00 -5.000000e-01 0.000000e+00 -1.339600e-14 3.264007e-15 8.978907e-15
1.750000e+00 -2.500000e-01 0.000000e+00 -1.691491e-14 2.731829e-15 1.043352e-14
1.750000e+00 0.000000e+00 0.000000e+00 -1.928510e-14 1.234455e-15 1.132276e-14
1.750000e+00 2.500000e-01 0.000000e+00 -1.955852e-14 -1.016983e-15 1.147221e-14
1.750000e+00 5.000000e-01 0.000000e+00 -1.736445e-14 -3.197220e-15 1.068137e-14
1.750000e+00 7.500000e-01 0.000000e+00 -1.332165e-14 -4.361268e-15 8.933892e-15
1.750000e+00 1.000000e+00 0.000000e+00 -8.753718e-15 -4.174217e-15 6.543325e-15
1.750000e+00 1.250000e+00 0.000000e+00 -4.898083e-15 -3.084322e-15 4.077159e-15
1.750000e+00 1.500000e+00 0.000000e+00 -2.319973e-15 -1.824772e-15 2.090004e-15
1.750000e+00 1.750000e+00 0.000000e+00 -9.199800e-16 -8.753499e-16 8.468498e-16
1.750000e+00 2.000000e+00 0.000000e+00 -2.987848e-16 -3.375522e-16 2.577928e-16
1.750000e+00 2.250000e+00 0.000000e+00 -7.652081e-17 -1.013230e-16 5.476987e-17
1.750000e+00 2.500000e+00 0.000000e+00 -1.459769e-17 -2.237547e-17 7.101934e-18
2.000000e+00 -2.500000e+00 0.000000e+00 -3.831307e-18 4.393008e-18 7.103404e-19
2.000000e+00 -2.250000e+00 0.000000e+00 -2.162187e-17 2.125178e-17 7.697702e-18
2.000000e+00 -2.000000e+00 0.000000e+00 -8.729105e-17 7.198141e-17 4.364451e-17
2.000000e+00 -1.750000e+00 0.000000e+00 -2.680330e-16 1.816605e-16 1.635649e-16
2.000000e+00 -1.500000e+00 0.000000e+00 -6.569859e-16 3.598160e-16 4.478192e-16
2.000000e+00 -1.250000e+00 0.000000e+00 -1.340192e-15 5.872804e-16 9.501760e-16
2.000000e+00 -1.000000e+00 0.000000e+00 -2.361239e-15 8.262181e-16 1.632942e-15
2.000000e+00 -7.500000e-01 0.000000e+00 -3.704364e-15 1.030366e-15 2.368182e-15
2.000000e+00 -5.000000e-01 0.000000e+00 -5.271835e-15 1.123116e-15 3.023316e-15
2.000000e+00 -2.500000e-01 0.000000e+00 -6.824888e-15 9.770904e-16 3.532064e-15
2.000000e+00 0.000000e+00 0.000000e+00 -7.950629e-15 4.826568e-16 3.863578e-15
2.000000e+00 2.500000e-01 0.000000e+00 -8.191693e-15 -2.984315e-16 3.952770e-15
2.000000e+00 5.000000e-01 0.000000e+00 -7.340685e-15 -1.072324e-15 3.710334e-15
2.000000e+00 7.500000e-01 0.000000e+00 -5.649490e-15 -1.493259e-15 3.112268e-15
2.000000e+00 1.000000e+00 0.000000e+00 -3.704116e-15 -1.435336e-15 2.267472e-15
2.000000e+00 1.250000e+00 0.000000e+00 -2.058187e-15 -1.057412e-15 1.390791e-15
2.000000e+00 1.500000e+00 0.000000e+00 -9.632562e-16 -6.203553e-16 6.927932e-16
2.000000e+00 1.750000e+00 0.000000e+00 -3.749569e-16 -2.930775e-16 2.682650e-16
2.000000e+00 2.000000e+00 0.000000e+00 -1.183711e-16 -1.101098e-16 7.616537e-17
2.000000e+00 2.250000e+00 0.000000e+00 -2.904448e-17 -3.168238e-17 1.444935e-17
2.000000e+00 2.500000e+00 0.000000e+00 -5.198687e-18 -6.553896e-18 1.498835e-18
2.250000e+00 -2.500000e+00 0.000000e+00 -8.345839e-19 8.233710e-19 2.278591e-20
2.250000e+00 -2.250000e+00 0.000000e+00 -5.221810e-18 4.436530e-18 9.669409e-19
2.250000e+00 -2.000000e+00 0.000000e+00 -2.263624e-17 1.619981e-17 7.479975e-18
2.250000e+00 -1.750000e+00 0.000000e+00 -7.300794e-17 4.305015e-17 3.262539e-17
2.250000e+00 -1.500000e+00 0.000000e+00 -1.851771e-16 8.827180e-17 9.757551e-17
2.250000e+00 -1.250000e+00 0.000000e+00 -3.872068e-16 1.474515e-16 2.183880e-16
2.250000e+00 -1.000000e+00 0.000000e+00 -6.959839e-16 2.111466e-16 3.870688e-16
2.250000e+00 -7.500000e-01 0.000000e+00 -1.112582e-15 2.680642e-16 5.706138e-16
2.250000e+00 -5.000000e-01 0.000000e+00 -1.613756e-15 2.985154e-16 7.357359e-16
2.250000e+00 -2.500000e-01 0.000000e+00 -2.127822e-15 2.669947e-16 8.695158e-16
2.250000e+00 0.000000e+00 0.000000e+00 -2.517826e-15 1.401077e-16 9.676188e-16
2.250000e+00 2.500000e-01 0.000000e+00 -2.623387e-15 -6.894840e-17 1.009945e-15
2.250000e+00 5.000000e-01 0.000000e+00 -2.365079e-15 -2.802675e-16 9.635315e-16
2.250000e+00 7.500000e-01 0.000000e+00 -1.821719e-15 -3.968412e-16 8.137390e-16
2.250000e+00 1.000000e+00 0.000000e+00 -1.189462e-15 -3.823855e-16 5.890657e-16
2.250000e+00 1.250000e+00 0.000000e+00 -6.547254e-16 -2.803816e-16 3.532481e-16
2.250000e+00 1.500000e+00 0.000000e+00 -3.014964e-16 -1.625893e-16 1.686448e-16
2.250000e+00 1.750000e+00 0.000000e+00 -1.143061e-16 -7.514413e-17 6.092296e-17
2.250000e+00 2.000000e+00 0.000000e+00 -3.460688e-17 -2.716697e-17 1.545098e-17
2.250000e+00 2.250000e+00 0.000000e+00 -7.961521e-18 -7.340810e-18 2.386791e-18
2.250000e+00 2.500000e+00 0.000000e+00 -1.293392e-18 -1.377647e-18 1.419932e-19
2.500000e+00 -2.500000e+00 0.000000e+00 -1.169208e-19 1.008876e-19 -1.250750e-20
2.500000e+00 -2.250000e+00 0.000000e+00 -8.566759e-19 6.373014e-19 -5.696182e-21
2.500000e+00 -2.000000e+00 0.000000e+00 -4.151728e-18 2.607272e-18 5.275280e-19
2.500000e+00 -1.750000e+00 0.000000e+00 -1.445911e-17 7.487209e-18 3.510584e-18
2.500000e+00 -1.500000e+00 0.000000e+00 -3.863496e-17 1.614174e-17 1.264895e-17
2.500000e+00 -1.250000e+00 0.000000e+00 -8.362890e-17 2.777148e-17 3.126515e-17
2.500000e+00 -1.000000e+00 0.000000e+00 -1.538228e-16 4.041997e-17 5.845944e-17
2.500000e+00 -7.500000e-01 0.000000e+00 -2.500619e-16 5.193262e-17 8.860377e-17
2.500000e+00 -5.000000e-01 0.000000e+00 -3.679584e-16 5.871960e-17 1.164141e-16
2.500000e+00 -2.500000e-01 0.000000e+00 -4.916955e-16 5.373858e-17 1.411163e-16
2.500000e+00 0.000000e+00 0.000000e+00 -5.885851e-16 2.964687e-17 1.629975e-16
2.500000e+00 2.500000e-01 0.000000e+00 -6.183664e-16 -1.176010e-17 1.771244e-16
2.500000e+00 5.000000e-01 0.000000e+00 -5.596335e-16 -5.451393e-17 1.742272e-16
2.500000e+00 7.500000e-01 0.000000e+00 -4.305436e-16 -7.842208e-17 1.490148e-16
2.500000e+00 1.000000e+00 0.000000e+00 -2.792028e-16 -7.566475e-17 1.068626e-16
2.500000e+00 1.250000e+00 0.000000e+00 -1.515730e-16 -5.506982e-17 6.186400e-17
2.500000e+00 1.500000e+00 0.000000e+00 -6.814391e-17 -3.137281e-17 2.758763e-17
2.500000e+00 1.750000e+00 0.000000e+00 -2.483016e-17 -1.401726e-17 8.856606e-18
2.500000e+00 2.000000e+00 0.000000e+00 -7.056007e-18 -4.777904e-18 1.809437e-18
2.500000e+00 2.250000e+00 0.000000e+00 -1.472010e-18 -1.173584e-18 1.637244e-19
2.500000e+00 2.500000e+00 0.000000e+00 -2.065986e-19 -1.903317e-19 -8.143840e-21
