1.857288e-26 1.483608e-25 8.122330e-25 3.189568e-24 9.340942e-24 2.104213e-23 3.741391e-23 5.379356e-23 6.425670e-23 6.604616e-23 6.111900e-23 5.320423e-23 4.423742e-23 3.418798e-23 2.336019e-23 1.346110e-23 6.306386e-24 2.331342e-24 6.607141e-25 1.390779e-25 2.105748e-26
8.526540e-26 6.360672e-25 3.286885e-24 1.235567e-23 3.508400e-23 7.750382e-23 1.365372e-22 1.963609e-22 2.366609e-22 2.472886e-22 2.338851e-22 2.085469e-22 1.776186e-22 1.406987e-22 9.883224e-23 5.885038e-23 2.868764e-23 1.113019e-23 3.345498e-24 7.558467e-25 1.238449e-25
2.796668e-25 1.972289e-24 9.752024e-24 3.548077e-23 9.848808e-23 2.145760e-22 3.758077e-22 5.412285e-22 6.575177e-22 6.964430e-22 6.705234e-22 6.100130e-22 5.305490e-22 4.296063e-22 3.091804e-22 1.893115e-22 9.535357e-23 3.846002e-23 1.211053e-23 2.893786e-24 5.067862e-25
6.655380e-25 4.507051e-24 2.160715e-23 7.687224e-23 2.102112e-22 4.541728e-22 7.935293e-22 1.146254e-21 1.403584e-21 1.505140e-21 1.472771e-21 1.365524e-21 1.212185e-21 1.002693e-21 7.380542e-22 4.631617e-22 2.398211e-22 9.984167e-23 3.262084e-23 8.142554e-24 1.502111e-24
1.146899e-24 7.601161e-24 3.586698e-23 1.262423e-22 3.431093e-22 7.398854e-22 1.295188e-21 1.881104e-21 2.323976e-21 2.523705e-21 2.510864e-21 2.375742e-21 2.156506e-21 1.824543e-21 1.373399e-21 8.817184e-22 4.676675e-22 1.998857e-22 6.726294e-23 1.736742e-23 3.332985e-24
1.369741e-24 9.179796e-24 4.368991e-23 1.549567e-22 4.243438e-22 9.223393e-22 1.628506e-21 2.388047e-21 2.983994e-21 3.287813e-21 3.334777e-21 3.232837e-21 3.014128e-21 2.617521e-21 2.018348e-21 1.325375e-21 7.186984e-22 3.141951e-22 1.082853e-22 2.869722e-23 5.670218e-24
9.185657e-25 6.969583e-24 3.588968e-23 1.343558e-22 3.825290e-22 8.559344e-22 1.545425e-21 2.307938e-21 2.933152e-21 3.294581e-21 3.427359e-21 3.431479e-21 3.313423e-21 2.972859e-21 2.357915e-21 1.586694e-21 8.795683e-22 3.925508e-22 1.380243e-22 3.731399e-23 7.524656e-24
-2.681459e-25 7.644685e-25 1.204168e-23 6.396705e-23 2.174749e-22 5.399852e-22 1.040780e-21 1.623241e-21 2.131490e-21 2.471796e-21 2.674849e-21 2.810720e-21 2.853017e-21 2.674409e-21 2.198210e-21 1.522848e-21 8.650154e-22 3.942130e-22 1.411241e-22 3.873782e-23 7.910316e-24
-1.807758e-24 -7.222319e-24 -1.854875e-23 -2.637636e-23 4.661450e-24 1.291935e-22 3.767591e-22 7.077878e-22 1.034933e-21 1.302926e-21 1.531024e-21 1.752839e-21 1.922821e-21 1.917417e-21 1.652514e-21 1.188127e-21 6.953341e-22 3.245463e-22 1.183142e-22 3.287005e-23 6.746428e-24
-3.394516e-24 -1.515337e-23 -4.802326e-23 -1.110195e-22 -1.891162e-22 -2.337884e-22 -1.921560e-22 -5.405885e-23 1.419230e-22 3.551574e-22 5.790321e-22 8.161443e-22 1.026250e-21 1.121324e-21 1.031826e-21 7.801503e-22 4.751014e-22 2.286627e-22 8.516695e-23 2.392684e-23 4.905432e-24
-5.260265e-24 -2.395312e-23 -7.927892e-23 -1.970256e-22 -3.767666e-22 -5.651002e-22 -6.751087e-22 -6.495070e-22 -5.016181e-22 -2.897543e-22 -6.265642e-23 1.598358e-22 3.610557e-22 5.003755e-22 5.292221e-22 4.402612e-22 2.873781e-22 1.454150e-22 5.601535e-23 1.602059e-23 3.285486e-24
-7.712928e-24 -3.518787e-23 -1.184963e-22 -3.037245e-22 -6.070693e-22 -9.657194e-22 -1.246793e-21 -1.336177e-21 -1.226214e-21 -1.005822e-21 -7.688605e-22 -5.451791e-22 -3.201094e-22 -9.926389e-23 6.952620e-23 1.424253e-22 1.279721e-22 7.642637e-23 3.242013e-23 9.811165e-24 2.068535e-24
-1.019318e-23 -4.662917e-23 -1.590749e-22 -4.166983e-22 -8.580298e-22 -1.417705e-21 -1.920088e-21 -2.190701e-21 -2.191637e-21 -2.028637e-21 -1.820258e-21 -1.586340e-21 -1.277393e-21 -8.858804e-22 -4.922145e-22 -1.989792e-22 -4.511308e-23 4.887875e-24 8.973084e-24 3.920359e-24 9.815770e-25
-1.130089e-23 -5.213250e-23 -1.803312e-22 -4.813652e-22 -1.014969e-21 -1.726495e-21 -2.424029e-21 -2.895246e-21 -3.070829e-21 -3.046571e-21 -2.932501e-21 -2.719113e-21 -2.322911e-21 -1.737080e-21 -1.090956e-21 -5.565540e-22 -2.230806e-22 -6.728040e-23 -1.420608e-23 -1.769838e-24 -3.767948e-26
-1.009560e-23 -4.727964e-23 -1.663185e-22 -4.523777e-22 -9.741821e-22 -1.697553e-21 -2.452077e-21 -3.031398e-21 -3.350690e-21 -3.476802e-21 -3.486584e-21 -3.338294e-21 -2.926848e-21 -2.248052e-21 -1.461748e-21 -7.839319e-22 -3.387340e-22 -1.149559e-22 -2.968716e-23 -5.591676e-24 -7.224661e-25
-7.124230e-24 -3.412291e-23 -1.226275e-22 -3.405890e-22 -7.490996e-22 -1.334522e-21 -1.974889e-21 -2.509422e-21 -2.860950e-21 -3.065118e-21 -3.161823e-21 -3.093900e-21 -2.758077e-21 -2.149630e-21 -1.419188e-21 -7.746579e-22 -3.420481e-22 -1.193244e-22 -3.196202e-23 -6.334992e-24 -8.832853e-25
-3.912050e-24 -1.932921e-23 -7.139812e-23 -2.033015e-22 -4.576479e-22 -8.337764e-22 -1.262023e-21 -1.642009e-21 -1.919466e-21 -2.108342e-21 -2.223206e-21 -2.213347e-21 -1.998866e-21 -1.573428e-21 -1.046834e-21 -5.747810e-22 -2.548343e-22 -8.910677e-23 -2.388433e-23 -4.730884e-24 -6.588004e-25
-1.641022e-24 -8.451509e-24 -3.234053e-23 -9.494836e-23 -2.195957e-22 -4.099982e-22 -6.349510e-22 -8.446468e-22 -1.009290e-21 -1.132445e-21 -1.217142e-21 -1.230696e-21 -1.124365e-21 -8.918982e-22 -5.956591e-22 -3.269349e-22 -1.442340e-22 -4.993082e-23 -1.317558e-23 -2.552850e-24 -3.452680e-25
-5.123877e-25 -2.785674e-24 -1.115356e-23 -3.401808e-23 -8.127670e-23 -1.560782e-22 -2.477822e-22 -3.371040e-22 -4.113976e-22 -4.709971e-22 -5.157397e-22 -5.297534e-22 -4.896526e-22 -3.910572e-22 -2.615146e-22 -1.428594e-22 -6.231098e-23 -2.116891e-23 -5.436227e-24 -1.015218e-24 -1.309580e-25
-1.149212e-25 -6.693456e-25 -2.839693e-24 -9.085968e-24 -2.259007e-23 -4.485088e-23 -7.323939e-23 -1.021028e-22 -1.274062e-22 -1.490285e-22 -1.665875e-22 -1.742145e-22 -1.631523e-22 -1.311863e-22 -8.768594e-23 -4.749513e-23 -2.036090e-23 -6.732770e-24 -1.664389e-24 -2.954801e-25 -3.581990e-26
-1.774833e-26 -1.120149e-25 -5.110360e-25 -1.737073e-24 -4.538068e-24 -9.382279e-24 -1.583940e-23 -2.271170e-23 -2.907602e-23 -3.489368e-23 -4.001731e-23 -4.280517e-23 -4.073814e-23 -3.300467e-23 -2.201482e-23 -1.177667e-23 -4.930299e-24 -1.572419e-24 -3.697224e-25 -6.154597e-26 -6.968100e-27
