-3.315599e-26 -2.297337e-25 -1.072423e-24 -3.517768e-24 -8.388711e-24 -1.489164e-23 -1.998793e-23 -2.051107e-23 -1.636337e-23 -1.070380e-23 -6.589432e-24 -4.284253e-24 -2.255682e-24 1.694774e-25 2.102122e-24 2.618139e-24 1.946266e-24 9.924833e-25 3.578617e-25 9.086731e-26 1.596312e-26
-1.836386e-25 -1.174180e-24 -5.116544e-24 -1.589718e-23 -3.637186e-23 -6.262705e-23 -8.228539e-23 -8.327161e-23 -6.585745e-23 -4.281199e-23 -2.614426e-23 -1.656447e-23 -7.572784e-24 3.483915e-24 1.233201e-23 1.448446e-23 1.082932e-23 5.691807e-24 2.152098e-24 5.820973e-25 1.101139e-25
-7.537857e-25 -4.489567e-24 -1.847197e-23 -5.485403e-23 -1.211668e-22 -2.031005e-22 -2.614791e-22 -2.603757e-22 -2.027835e-22 -1.293299e-22 -7.695549e-23 -4.650177e-23 -1.620819e-23 2.213089e-23 5.285356e-23 5.943563e-23 4.455392e-23 2.393155e-23 9.373040e-24 2.660148e-24 5.349240e-25
-2.365975e-24 -1.327426e-23 -5.205463e-23 -1.487553e-22 -3.186711e-22 -5.212362e-22 -6.576094e-22 -6.426376e-22 -4.896854e-22 -3.028371e-22 -1.727236e-22 -9.677045e-23 -1.619376e-23 8.891210e-23 1.728986e-22 1.879984e-22 1.409295e-22 7.683561e-23 3.086646e-23 9.073902e-24 1.910098e-24
-5.847847e-24 -3.120346e-23 -1.174802e-22 -3.247343e-22 -6.768376e-22 -1.081727e-21 -1.336422e-21 -1.277522e-21 -9.460480e-22 -5.607629e-22 -3.013680e-22 -1.495121e-22 2.520996e-23 2.602125e-22 4.463679e-22 4.723755e-22 3.532462e-22 1.943541e-22 7.942355e-23 2.392514e-23 5.201137e-24
-1.169341e-23 -5.979862e-23 -2.173798e-22 -5.834203e-22 -1.185563e-21 -1.851939e-21 -2.236681e-21 -2.082666e-21 -1.487218e-21 -8.339953e-22 -4.138625e-22 -1.655165e-22 1.521940e-22 5.917282e-22 9.342620e-22 9.663499e-22 7.191118e-22 3.972023e-22 1.639320e-22 5.013133e-23 1.112226e-23
-1.945298e-23 -9.590499e-23 -3.380455e-22 -8.832346e-22 -1.751555e-21 -2.671883e-21 -3.145119e-21 -2.836110e-21 -1.933629e-21 -1.009226e-21 -4.498826e-22 -1.099662e-22 3.874171e-22 1.089974e-21 1.623371e-21 1.644992e-21 1.214932e-21 6.704386e-22 2.776210e-22 8.546271e-23 1.914485e-23
-2.781538e-23 -1.327373e-22 -4.549635e-22 -1.158949e-21 -2.242650e-21 -3.333887e-21 -3.807712e-21 -3.299280e-21 -2.119522e-21 -1.006885e-21 -3.855595e-22 1.720123e-23 7.057515e-22 1.684509e-21 2.398945e-21 2.382181e-21 1.740759e-21 9.551345e-22 3.943700e-22 1.212484e-22 2.714953e-23
-3.550220e-23 -1.643279e-22 -5.485686e-22 -1.363239e-21 -2.571988e-21 -3.715982e-21 -4.096096e-21 -3.379024e-21 -2.012327e-21 -8.430422e-22 -2.513192e-22 1.861364e-22 1.053929e-21 2.266666e-21 3.101415e-21 3.011422e-21 2.168597e-21 1.177248e-21 4.817615e-22 1.468190e-22 3.254411e-23
-4.188236e-23 -1.882001e-22 -6.125165e-22 -1.485835e-21 -2.732324e-21 -3.829966e-21 -4.058666e-21 -3.163732e-21 -1.719274e-21 -6.075775e-22 -9.631559e-23 3.765035e-22 1.402074e-21 2.767597e-21 3.628353e-21 3.428321e-21 2.420747e-21 1.293405e-21 5.215611e-22 1.564645e-22 3.402762e-23
-4.637586e-23 -2.026785e-22 -6.443609e-22 -1.528688e-21 -2.744512e-21 -3.736896e-21 -3.808735e-21 -2.801834e-21 -1.377928e-21 -3.834533e-22 5.789694e-23 5.980628e-22 1.757612e-21 3.181915e-21 3.970369e-21 3.628696e-21 2.499188e-21 1.307847e-21 5.170954e-22 1.518461e-22 3.217348e-23
-4.755448e-23 -2.030696e-22 -6.331947e-22 -1.474810e-21 -2.595287e-21 -3.447416e-21 -3.396304e-21 -2.370802e-21 -1.054408e-21 -1.950063e-22 2.187793e-22 8.552874e-22 2.106542e-21 3.494686e-21 4.133623e-21 3.640302e-21 2.436914e-21 1.244860e-21 4.809986e-22 1.377879e-22 2.833382e-23
-4.371263e-23 -1.837266e-22 -5.651874e-22 -1.299170e-21 -2.252366e-21 -2.934806e-21 -2.811759e-21 -1.873313e-21 -7.455945e-22 -2.941256e-23 3.819440e-22 1.094840e-21 2.350638e-21 3.604073e-21 4.052259e-21 3.441134e-21 2.238124e-21 1.114845e-21 4.203568e-22 1.172922e-22 2.337930e-23
-3.478021e-23 -1.451452e-22 -4.435365e-22 -1.011955e-21 -1.737236e-21 -2.230792e-21 -2.086452e-21 -1.325230e-21 -4.488711e-22 1.117456e-22 5.038882e-22 1.211246e-21 2.342415e-21 3.367040e-21 3.625731e-21 2.981003e-21 1.887279e-21 9.170017e-22 3.371947e-22 9.154548e-23 1.767036e-23
-2.325823e-23 -9.727343e-23 -2.974319e-22 -6.774883e-22 -1.157040e-21 -1.469190e-21 -1.342202e-21 -8.033010e-22 -1.992083e-22 1.989864e-22 5.290070e-22 1.126198e-21 2.011719e-21 2.748869e-21 2.857981e-21 2.285615e-21 1.411647e-21 6.692960e-22 2.397570e-22 6.320087e-23 1.178183e-23
-1.275583e-23 -5.398855e-23 -1.664485e-22 -3.807771e-22 -6.498269e-22 -8.179150e-22 -7.280929e-22 -4.004625e-22 -3.871550e-23 2.097295e-22 4.441873e-22 8.640524e-22 1.452058e-21 1.906895e-21 1.926680e-21 1.504085e-21 9.074415e-22 4.196048e-22 1.461223e-22 3.726710e-23 6.677231e-24
-5.606521e-24 -2.426626e-23 -7.605789e-23 -1.758639e-22 -3.012666e-22 -3.765778e-22 -3.249806e-22 -1.569262e-22 2.741580e-23 1.597192e-22 2.969516e-22 5.394036e-22 8.646224e-22 1.100300e-21 1.085421e-21 8.289198e-22 4.885849e-22 2.199793e-22 7.422526e-23 1.822437e-23 3.117176e-24
-1.925215e-24 -8.621900e-24 -2.772745e-23 -6.525957e-23 -1.127662e-22 -1.402029e-22 -1.163518e-22 -4.511532e-23 3.300886e-23 9.150377e-23 1.565312e-22 2.701498e-22 4.177239e-22 5.185207e-22 5.010711e-22 3.746978e-22 2.155597e-22 9.424061e-23 3.067117e-23 7.202700e-24 1.165986e-24
-5.007420e-25 -2.352132e-24 -7.845284e-24 -1.894849e-23 -3.320786e-23 -4.112320e-23 -3.241922e-23 -8.091460e-24 1.870193e-23 3.955965e-23 6.407717e-23 1.067264e-22 1.608659e-22 1.958992e-22 1.859015e-22 1.361272e-22 7.628008e-23 3.225474e-23 1.006454e-23 2.241780e-24 3.399017e-25
-9.487310e-26 -4.746893e-25 -1.663591e-24 -4.164041e-24 -7.449569e-24 -9.200079e-24 -6.760781e-24 -2.761905e-25 6.915534e-24 1.272158e-23 1.993251e-23 3.255416e-23 4.834746e-23 5.808315e-23 5.422935e-23 3.885147e-23 2.113873e-23 8.598170e-24 2.551918e-24 5.334986e-25 7.494510e-26
-1.252124e-26 -6.752415e-26 -2.524130e-25 -6.628688e-25 -1.220589e-24 -1.505450e-24 -1.000002e-24 2.954853e-25 1.744375e-24 2.958611e-24 4.573122e-24 7.457965e-24 1.104476e-23 1.316456e-23 1.210868e-23 8.471652e-24 4.454822e-24 1.730158e-24 4.834657e-25 9.376131e-26 1.216640e-26
