-2.012615e-26 -9.179165e-26 -1.517865e-25 6.303693e-25 4.874155e-24 1.609165e-23 3.340328e-23 4.620228e-23 3.941531e-23 9.508956e-24 -2.756795e-23 -4.996315e-23 -4.971356e-23 -3.547651e-23 -1.975393e-23 -8.917410e-24 -3.272677e-24 -9.425730e-25 -1.986037e-25 -2.730500e-26 -1.850100e-27
-1.326383e-25 -6.102283e-25 -1.389350e-24 5.623173e-25 1.517080e-23 5.539917e-23 1.169206e-22 1.590863e-22 1.266808e-22 1.012670e-23 -1.274055e-22 -2.036885e-22 -1.920656e-22 -1.297379e-22 -6.675816e-23 -2.671092e-23 -8.113371e-24 -1.641621e-24 -9.197129e-26 6.790109e-26 2.569033e-26
-6.241158e-25 -2.855414e-24 -7.401903e-24 -5.987876e-24 3.060771e-23 1.404700e-22 3.099659e-22 4.201657e-22 3.147048e-22 -2.502324e-23 -4.083249e-22 -5.987237e-22 -5.308811e-22 -3.274557e-22 -1.413532e-22 -3.707466e-23 2.773723e-25 6.123671e-24 3.594232e-24 1.244448e-24 2.850885e-25
-2.210966e-24 -1.006077e-23 -2.804274e-23 -3.938351e-23 2.433876e-23 2.551811e-22 6.253376e-22 8.636498e-22 6.184163e-22 -1.378415e-22 -9.564371e-22 -1.304359e-21 -1.063594e-21 -5.513848e-22 -1.337103e-22 5.637615e-23 8.363803e-23 5.262146e-23 2.232434e-23 6.815617e-24 1.486056e-24
-6.151897e-24 -2.795261e-23 -8.191044e-23 -1.444916e-22 -8.633144e-23 2.805561e-22 9.273654e-22 1.367242e-21 9.587366e-22 -3.371029e-22 -1.686206e-21 -2.130930e-21 -1.517765e-21 -4.998331e-22 2.249041e-22 4.486586e-22 3.573002e-22 1.929895e-22 7.707808e-23 2.298799e-23 5.009886e-24
-1.381324e-23 -6.292369e-23 -1.916047e-22 -3.841348e-22 -4.413676e-22 -3.323180e-23 8.664868e-22 1.570199e-21 1.114353e-21 -5.776722e-22 -2.275886e-21 -2.596423e-21 -1.409330e-21 2.077496e-22 1.186479e-21 1.287270e-21 8.990680e-22 4.635846e-22 1.822763e-22 5.437730e-23 1.199012e-23
-2.525523e-23 -1.157279e-22 -3.633445e-22 -7.893280e-22 -1.143509e-21 -9.248476e-22 4.775912e-23 1.023281e-21 7.959435e-22 -8.145285e-22 -2.378832e-21 -2.287084e-21 -5.022446e-22 1.552646e-21 2.571872e-21 2.373056e-21 1.571274e-21 7.961386e-22 3.128664e-22 9.422967e-23 2.113048e-23
-3.722844e-23 -1.723360e-22 -5.551826e-22 -1.272365e-21 -2.068606e-21 -2.292199e-21 -1.522018e-21 -3.649417e-22 -8.914733e-23 -1.049804e-21 -1.965636e-21 -1.341556e-21 7.396332e-22 2.790567e-21 3.570518e-21 3.046640e-21 1.958656e-21 9.862274e-22 3.906690e-22 1.197264e-22 2.749339e-23
-4.281054e-23 -2.019992e-22 -6.676325e-22 -1.591116e-21 -2.763901e-21 -3.477256e-21 -3.099817e-21 -1.959440e-21 -1.180795e-21 -1.277546e-21 -1.389457e-21 -4.357334e-22 1.400839e-21 2.912161e-21 3.258578e-21 2.608724e-21 1.628040e-21 8.175506e-22 3.303160e-22 1.049087e-22 2.519215e-23
-3.529799e-23 -1.741710e-22 -5.970332e-22 -1.475281e-21 -2.677344e-21 -3.590832e-21 -3.567079e-21 -2.706598e-21 -1.837886e-21 -1.447928e-21 -1.076505e-21 -1.594177e-22 1.008505e-21 1.659464e-21 1.536208e-21 1.024608e-21 5.583082e-22 2.726784e-22 1.208297e-22 4.502550e-23 1.282480e-23
-1.475589e-23 -8.735727e-23 -3.307950e-22 -8.696056e-22 -1.647615e-21 -2.297924e-21 -2.424260e-21 -2.096389e-21 -1.775187e-21 -1.608019e-21 -1.226679e-21 -4.955239e-22 5.739758e-23 -5.353660e-23 -5.685627e-22 -8.676822e-22 -7.288106e-22 -3.967014e-22 -1.440969e-22 -3.345559e-23 -4.092667e-24
9.597722e-24 1.969028e-23 1.181817e-23 -5.053151e-23 -1.667661e-22 -2.803302e-22 -4.158686e-22 -7.815759e-22 -1.461947e-21 -2.007440e-21 -1.800367e-21 -9.904298e-22 -5.222842e-22 -9.516105e-22 -1.737711e-21 -2.004805e-21 -1.557055e-21 -8.524546e-22 -3.331725e-22 -9.178084e-23 -1.713000e-23
2.559299e-23 9.387921e-23 2.593512e-22 5.601431e-22 9.600204e-22 1.259789e-21 1.061809e-21 1.225063e-23 -1.638385e-21 -2.831707e-21 -2.597400e-21 -1.278257e-21 -3.109229e-22 -5.762042e-22 -1.495681e-21 -1.965454e-21 -1.627965e-21 -9.304950e-22 -3.776986e-22 -1.085081e-22 -2.144354e-23
2.762629e-23 1.089036e-22 3.212126e-22 7.272885e-22 1.266440e-21 1.617968e-21 1.224784e-21 -2.850073e-22 -2.426688e-21 -3.797738e-21 -3.258344e-21 -1.291493e-21 3.390339e-22 4.628225e-22 -4.415608e-22 -1.167786e-21 -1.161794e-21 -7.200971e-22 -3.055946e-22 -9.032564e-23 -1.824278e-23
1.972675e-23 7.984863e-23 2.394935e-22 5.424001e-22 9.160447e-22 1.051890e-21 4.544259e-22 -1.138775e-21 -3.161515e-21 -4.248642e-21 -3.380825e-21 -1.103212e-21 8.428605e-22 1.260790e-21 4.994752e-22 -3.257086e-22 -5.894801e-22 -4.259182e-22 -1.925674e-22 -5.858008e-23 -1.196311e-23
9.966358e-24 4.059788e-23 1.205892e-22 2.629105e-22 3.992691e-22 3.076290e-22 -3.372628e-22 -1.654897e-21 -3.148685e-21 -3.776342e-21 -2.824677e-21 -7.910008e-22 9.371337e-22 1.406331e-21 8.556708e-22 1.445474e-22 -1.947231e-22 -1.965787e-22 -9.771487e-23 -3.072772e-23 -6.309661e-24
3.490035e-24 1.388828e-23 3.873137e-23 7.246837e-23 6.437160e-23 -1.122092e-22 -6.214929e-22 -1.486934e-21 -2.367320e-21 -2.625199e-21 -1.865081e-21 -4.492491e-22 7.290733e-22 1.070410e-21 7.280284e-22 2.478509e-22 -1.863047e-23 -6.989051e-23 -4.026324e-23 -1.316022e-23 -2.701634e-24
7.522353e-25 2.609568e-24 5.013528e-24 -9.273449e-25 -4.459594e-23 -1.842670e-22 -4.844900e-22 -9.338442e-22 -1.347631e-21 -1.412883e-21 -9.554444e-22 -1.839060e-22 4.395966e-22 6.168692e-22 4.350818e-22 1.767938e-22 2.404413e-23 -1.778541e-23 -1.326516e-23 -4.541720e-24 -9.253907e-25
4.854279e-26 -1.045039e-25 -1.939789e-24 -1.090446e-23 -4.005351e-23 -1.109710e-22 -2.434496e-22 -4.251848e-22 -5.781598e-22 -5.802030e-22 -3.708365e-22 -4.376321e-23 2.111843e-22 2.775453e-22 1.966417e-22 8.580177e-23 1.879339e-23 -2.338506e-24 -3.342410e-24 -1.220975e-24 -2.451468e-25
-2.398443e-26 -2.195227e-25 -1.277978e-24 -5.273275e-24 -1.654868e-23 -4.142634e-23 -8.464336e-23 -1.405498e-22 -1.839468e-22 -1.776397e-22 -1.052964e-22 8.550466e-25 8.011467e-23 9.736969e-23 6.812545e-23 3.064513e-23 8.007646e-24 3.603686e-25 -5.905944e-25 -2.428097e-25 -4.792603e-26
-8.148160e-27 -6.396238e-26 -3.482225e-25 -1.383566e-24 -4.215347e-24 -1.025763e-23 -2.039717e-23 -3.303392e-23 -4.213495e-23 -3.912502e-23 -2.064245e-23 5.056060e-24 2.327915e-23 2.606482e-23 1.782522e-23 8.089663e-24 2.299688e-24 2.794696e-25 -5.982832e-26 -3.328560e-26 -6.565845e-27
