0.000000e+00 0.000000e+00 -1.000000e+00 -4.558269e-30 -1.998885e-29 1.785772e-12
0.000000e+00 0.000000e+00 -9.500000e-01 -1.181773e-30 1.674742e-29 2.181856e-12
0.000000e+00 0.000000e+00 -9.000000e-01 -5.807572e-30 1.512670e-29 2.346924e-12
0.000000e+00 0.000000e+00 -8.500000e-01 1.831749e-30 -1.998885e-29 2.275572e-12
0.000000e+00 0.000000e+00 -8.000000e-01 3.747910e-30 -2.890280e-29 2.060326e-12
0.000000e+00 0.000000e+00 -7.500000e-01 -7.453445e-28 -2.292775e-27 1.940813e-12
0.000000e+00 0.000000e+00 -7.000000e-01 -7.090640e-30 4.321914e-29 1.939491e-12
0.000000e+00 0.000000e+00 -6.500000e-01 -7.023110e-30 -4.321914e-29 1.954228e-12
0.000000e+00 0.000000e+00 -6.000000e-01 2.911079e-27 -3.336518e-27 1.942870e-12
0.000000e+00 0.000000e+00 -5.500000e-01 -1.080479e-29 0.000000e+00 1.823424e-12
0.000000e+00 0.000000e+00 -5.000000e-01 1.242550e-29 -6.915063e-29 1.677183e-12
0.000000e+00 0.000000e+00 -4.500000e-01 -6.482871e-30 6.915063e-29 1.555947e-12
0.000000e+00 0.000000e+00 -4.000000e-01 4.232775e-28 1.369182e-26 1.435008e-12
0.000000e+00 0.000000e+00 -3.500000e-01 -4.963448e-30 1.037259e-28 1.230029e-12
0.000000e+00 0.000000e+00 -3.000000e-01 9.454187e-31 -6.915063e-29 1.010189e-12
0.000000e+00 0.000000e+00 -2.500000e-01 -8.321575e-27 1.868796e-26 8.557110e-13
0.000000e+00 0.000000e+00 -2.000000e-01 1.642327e-28 -2.152313e-27 7.243065e-13
0.000000e+00 0.000000e+00 -1.500000e-01 6.752991e-30 5.186297e-29 6.324111e-13
0.000000e+00 0.000000e+00 -1.000000e-01 2.701196e-30 3.457531e-29 5.178035e-13
0.000000e+00 0.000000e+00 -5.000000e-02 1.121537e-27 2.281971e-27 3.750103e-13
0.000000e+00 0.000000e+00 3.191891e-16 -1.539682e-27 -3.543970e-27 3.168902e-13
0.000000e+00 0.000000e+00 5.000000e-02 -8.373709e-30 1.037259e-28 2.679389e-13
0.000000e+00 0.000000e+00 1.000000e-01 5.672512e-30 -8.643828e-29 9.352446e-14
0.000000e+00 0.000000e+00 1.500000e-01 -3.241436e-30 1.037259e-28 -7.425867e-14
0.000000e+00 0.000000e+00 2.000000e-01 4.321914e-30 1.383013e-28 -1.497257e-13
0.000000e+00 0.000000e+00 2.500000e-01 1.620718e-29 0.000000e+00 -2.374459e-13
0.000000e+00 0.000000e+00 3.000000e-01 1.620718e-29 0.000000e+00 -4.239158e-13
0.000000e+00 0.000000e+00 3.500000e-01 -4.321914e-30 6.915063e-29 -7.223430e-13
0.000000e+00 0.000000e+00 4.000000e-01 6.617931e-29 -1.728766e-29 -9.712011e-13
0.000000e+00 0.000000e+00 4.500000e-01 6.685461e-30 1.728766e-29 -1.079940e-12
0.000000e+00 0.000000e+00 5.000000e-01 4.254384e-30 8.643828e-29 -1.228556e-12
0.000000e+00 0.000000e+00 5.500000e-01 2.194300e-29 6.158728e-29 -1.454272e-12
0.000000e+00 0.000000e+00 6.000000e-01 -6.546180e-30 -5.942632e-29 -1.668263e-12
0.000000e+00 0.000000e+00 6.500000e-01 5.942632e-30 -3.565579e-29 -1.761026e-12
0.000000e+00 0.000000e+00 7.000000e-01 2.422863e-26 2.689689e-26 -1.855605e-12
0.000000e+00 0.000000e+00 7.500000e-01 4.490739e-30 -1.377610e-29 -2.020876e-12
0.000000e+00 0.000000e+00 8.000000e-01 1.718636e-29 -3.916735e-29 -2.179548e-12
0.000000e+00 0.000000e+00 8.500000e-01 2.245369e-30 2.214981e-29 -2.229740e-12
0.000000e+00 0.000000e+00 9.000000e-01 -4.575151e-30 1.026455e-29 -2.243839e-12
0.000000e+00 0.000000e+00 9.500000e-01 2.937551e-30 1.080479e-29 -2.100059e-12
0.000000e+00 0.000000e+00 1.000000e+00 1.857072e-31 3.241436e-30 -1.534690e-12
0.000000e+00 0.000000e+00 1.050000e+00 -3.731027e-30 3.241436e-30 -7.603046e-13
0.000000e+00 0.000000e+00 1.100000e+00 1.468775e-29 8.103589e-30 -2.091642e-13
0.000000e+00 0.000000e+00 1.150000e+00 5.238801e-28 -9.979570e-28 3.847431e-14
0.000000e+00 0.000000e+00 1.200000e+00 0.000000e+00 -1.350598e-31 1.162837e-13
0.000000e+00 0.000000e+00 1.250000e+00 -1.097361e-31 -9.454187e-31 1.301721e-13
0.000000e+00 0.000000e+00 1.300000e+00 3.714145e-31 0.000000e+00 1.257568e-13
0.000000e+00 0.000000e+00 1.350000e+00 5.182920e-30 1.066973e-29 1.179430e-13
0.000000e+00 0.000000e+00 1.400000e+00 2.532372e-30 0.000000e+00 1.106094e-13
0.000000e+00 0.000000e+00 1.450000e+00 -3.376495e-32 1.350598e-31 1.043647e-13
0.000000e+00 0.000000e+00 1.500000e+00 6.246516e-31 2.701196e-31 9.904005e-14
0.000000e+00 0.000000e+00 1.550000e+00 -3.882970e-31 -1.350598e-31 9.437883e-14
0.000000e+00 0.000000e+00 1.600000e+00 -2.110310e-32 -6.752991e-32 9.018570e-14
0.000000e+00 0.000000e+00 1.650000e+00 1.266186e-32 6.752991e-32 8.633415e-14
0.000000e+00 0.000000e+00 1.700000e+00 2.110310e-32 -6.752991e-32 8.274664e-14
0.000000e+00 0.000000e+00 1.750000e+00 -9.065890e-30 1.418128e-30 7.937613e-14
0.000000e+00 0.000000e+00 1.800000e+00 2.110310e-32 1.350598e-31 7.619343e-14
0.000000e+00 0.000000e+00 1.850000e+00 -3.647459e-29 -2.441206e-29 7.317944e-14
0.000000e+00 0.000000e+00 1.900000e+00 1.266186e-32 6.752991e-32 7.032070e-14
0.000000e+00 0.000000e+00 1.950000e+00 4.220619e-33 -6.752991e-32 6.760688e-14
