0.000000e+00 0.000000e+00 -2.000000e+00 1.234011e-15 1.217263e-15 8.756282e-14
0.000000e+00 0.000000e+00 -1.950000e+00 1.331608e-15 1.315736e-15 9.214969e-14
0.000000e+00 0.000000e+00 -1.900000e+00 1.439958e-15 1.425844e-15 9.709187e-14
0.000000e+00 0.000000e+00 -1.850000e+00 1.560676e-15 1.549631e-15 1.024236e-13
0.000000e+00 0.000000e+00 -1.800000e+00 1.695699e-15 1.689665e-15 1.081819e-13
0.000000e+00 0.000000e+00 -1.750000e+00 1.847361e-15 1.849213e-15 1.144064e-13
0.000000e+00 0.000000e+00 -1.700000e+00 2.018474e-15 2.032462e-15 1.211383e-13
0.000000e+00 0.000000e+00 -1.650000e+00 2.212402e-15 2.244799e-15 1.284184e-13
0.000000e+00 0.000000e+00 -1.600000e+00 2.433078e-15 2.493105e-15 1.362843e-13
0.000000e+00 0.000000e+00 -1.550000e+00 2.684848e-15 2.785931e-15 1.447652e-13
0.000000e+00 0.000000e+00 -1.500000e+00 2.971836e-15 3.133127e-15 1.538746e-13
0.000000e+00 0.000000e+00 -1.450000e+00 3.296152e-15 3.543820e-15 1.636019e-13
0.000000e+00 0.000000e+00 -1.400000e+00 3.653276e-15 4.019749e-15 1.739098e-13
0.000000e+00 0.000000e+00 -1.350000e+00 4.020822e-15 4.536426e-15 1.847613e-13
0.000000e+00 0.000000e+00 -1.300000e+00 4.332095e-15 4.993322e-15 1.962554e-13
0.000000e+00 0.000000e+00 -1.250000e+00 4.416330e-15 5.088512e-15 2.091018e-13
0.000000e+00 0.000000e+00 -1.200000e+00 3.873781e-15 4.023527e-15 2.260760e-13
0.000000e+00 0.000000e+00 -1.150000e+00 1.860484e-15 -1.002805e-16 2.560136e-13
0.000000e+00 0.000000e+00 -1.100000e+00 -3.085041e-15 -1.109148e-14 3.230743e-13
0.000000e+00 0.000000e+00 -1.050000e+00 -1.240338e-14 -3.401765e-14 4.805532e-13
0.000000e+00 0.000000e+00 -1.000000e+00 -2.467285e-14 -6.876435e-14 8.015532e-13
0.000000e+00 0.000000e+00 -9.500000e-01 -3.352225e-14 -1.053760e-13 1.275687e-12
0.000000e+00 0.000000e+00 -9.000000e-01 -3.455260e-14 -1.467737e-13 1.706760e-12
0.000000e+00 0.000000e+00 -8.500000e-01 -3.139178e-14 -1.772341e-13 1.952664e-12
0.000000e+00 0.000000e+00 -8.000000e-01 -3.586635e-14 -1.349732e-13 2.048006e-12
0.000000e+00 0.000000e+00 -7.500000e-01 -5.033976e-14 -5.595846e-14 1.989301e-12
0.000000e+00 0.000000e+00 -7.000000e-01 -6.261339e-14 -3.404680e-14 1.801591e-12
0.000000e+00 0.000000e+00 -6.500000e-01 -6.167413e-14 -7.364555e-14 1.650528e-12
0.000000e+00 0.000000e+00 -6.000000e-01 -5.121495e-14 -1.304066e-13 1.588066e-12
0.000000e+00 0.000000e+00 -5.500000e-01 -3.897486e-14 -1.822474e-13 1.521336e-12
0.000000e+00 0.000000e+00 -5.000000e-01 -3.058445e-14 -2.143333e-13 1.420993e-12
0.000000e+00 0.000000e+00 -4.500000e-01 -2.872485e-14 -2.303659e-13 1.286281e-12
0.000000e+00 0.000000e+00 -4.000000e-01 -3.012412e-14 -2.423140e-13 1.151348e-12
0.000000e+00 0.000000e+00 -3.500000e-01 -3.025629e-14 -2.485264e-13 1.103775e-12
0.000000e+00 0.000000e+00 -3.000000e-01 -2.927368e-14 -2.484738e-13 1.109622e-12
0.000000e+00 0.000000e+00 -2.500000e-01 -2.894303e-14 -2.469602e-13 1.068074e-12
0.000000e+00 0.000000e+00 -2.000000e-01 -3.155527e-14 -2.518223e-13 9.268365e-13
0.000000e+00 0.000000e+00 -1.500000e-01 -3.603355e-14 -2.606000e-13 7.414525e-13
0.000000e+00 0.000000e+00 -1.000000e-01 -3.887808e-14 -2.638527e-13 5.752402e-13
0.000000e+00 0.000000e+00 -5.000000e-02 -3.925405e-14 -2.601454e-13 4.487434e-13
0.000000e+00 0.000000e+00 1.207368e-15 -4.114639e-14 -2.509321e-13 3.570762e-13
0.000000e+00 0.000000e+00 5.000000e-02 -4.337686e-14 -2.422489e-13 2.823471e-13
0.000000e+00 0.000000e+00 1.000000e-01 -4.372723e-14 -2.436986e-13 1.670461e-13
0.000000e+00 0.000000e+00 1.500000e-01 -4.397107e-14 -2.535678e-13 -8.393289e-15
0.000000e+00 0.000000e+00 2.000000e-01 -4.867411e-14 -2.625698e-13 -2.142166e-13
0.000000e+00 0.000000e+00 2.500000e-01 -5.316581e-14 -2.640121e-13 -4.040313e-13
0.000000e+00 0.000000e+00 3.000000e-01 -5.270616e-14 -2.654234e-13 -5.222931e-13
0.000000e+00 0.000000e+00 3.500000e-01 -5.412932e-14 -2.708414e-13 -5.527125e-13
0.000000e+00 0.000000e+00 4.000000e-01 -5.751604e-14 -2.699564e-13 -5.586071e-13
0.000000e+00 0.000000e+00 4.500000e-01 -5.969778e-14 -2.615197e-13 -6.422569e-13
0.000000e+00 0.000000e+00 5.000000e-01 -6.277424e-14 -2.500591e-13 -8.346289e-13
0.000000e+00 0.000000e+00 5.500000e-01 -6.907936e-14 -2.500128e-13 -1.056539e-12
0.000000e+00 0.000000e+00 6.000000e-01 -7.733289e-14 -2.550329e-13 -1.258673e-12
0.000000e+00 0.000000e+00 6.500000e-01 -8.706034e-14 -2.512382e-13 -1.388198e-12
0.000000e+00 0.000000e+00 7.000000e-01 -9.260044e-14 -2.369158e-13 -1.502281e-12
0.000000e+00 0.000000e+00 7.500000e-01 -9.347546e-14 -2.170319e-13 -1.704680e-12
0.000000e+00 0.000000e+00 8.000000e-01 -9.547365e-14 -2.179970e-13 -1.852418e-12
0.000000e+00 0.000000e+00 8.500000e-01 -9.355761e-14 -2.249414e-13 -1.892419e-12
0.000000e+00 0.000000e+00 9.000000e-01 -8.851502e-14 -2.167713e-13 -1.846019e-12
0.000000e+00 0.000000e+00 9.500000e-01 -8.391353e-14 -2.016080e-13 -1.541536e-12
0.000000e+00 0.000000e+00 1.000000e+00 -7.168709e-14 -1.649555e-13 -9.292664e-13
0.000000e+00 0.000000e+00 1.050000e+00 -4.722467e-14 -9.884569e-14 -3.434233e-13
0.000000e+00 0.000000e+00 1.100000e+00 -2.267659e-14 -4.078584e-14 -2.206211e-14
0.000000e+00 0.000000e+00 1.150000e+00 -8.073493e-15 -1.105505e-14 9.433430e-14
0.000000e+00 0.000000e+00 1.200000e+00 -1.972147e-15 -6.865777e-16 1.211345e-13
0.000000e+00 0.000000e+00 1.250000e+00 -1.222205e-16 1.556034e-15 1.198821e-13
0.000000e+00 0.000000e+00 1.300000e+00 1.247167e-16 1.300461e-15 1.125468e-13
0.000000e+00 0.000000e+00 1.350000e+00 -8.795567e-17 5.777309e-16 1.051881e-13
0.000000e+00 0.000000e+00 1.400000e+00 -3.569429e-16 -4.027555e-17 9.892785e-14
0.000000e+00 0.000000e+00 1.450000e+00 -5.691292e-16 -4.597826e-16 9.366259e-14
0.000000e+00 0.000000e+00 1.500000e+00 -7.097578e-16 -7.133425e-16 8.911164e-14
0.000000e+00 0.000000e+00 1.550000e+00 -7.914398e-16 -8.513439e-16 8.505256e-14
0.000000e+00 0.000000e+00 1.600000e+00 -8.306236e-16 -9.147789e-16 8.134204e-14
0.000000e+00 0.000000e+00 1.650000e+00 -8.410555e-16 -9.320935e-16 7.789411e-14
0.000000e+00 0.000000e+00 1.700000e+00 -8.328073e-16 -9.218027e-16 7.465819e-14
0.000000e+00 0.000000e+00 1.750000e+00 -8.128538e-16 -8.955979e-16 7.160396e-14
0.000000e+00 0.000000e+00 1.800000e+00 -7.858911e-16 -8.607417e-16 6.871237e-14
0.000000e+00 0.000000e+00 1.850000e+00 -7.550321e-16 -8.216963e-16 6.597040e-14
0.000000e+00 0.000000e+00 1.900000e+00 -7.223175e-16 -7.811728e-16 6.336828e-14
0.000000e+00 0.000000e+00 1.950000e+00 -6.890709e-16 -7.407926e-16 6.089795e-14
