3.334690e+00 -3.725566e+00 0.000000e+00 -5.000000e+00 -3.571682e-26 3.852407e-26 3.038323e-27 5.253375e-26
3.267997e+00 -3.651054e+00 0.000000e+00 -4.900000e+00 -1.000293e-25 1.081688e-25 1.225635e-26 1.473307e-25
3.201303e+00 -3.576543e+00 0.000000e+00 -4.800000e+00 -2.608626e-25 2.830758e-25 4.506059e-26 3.849431e-25
3.134609e+00 -3.502032e+00 0.000000e+00 -4.700000e+00 -6.300812e-25 6.869955e-25 1.506136e-25 9.321830e-25
3.067915e+00 -3.427521e+00 0.000000e+00 -4.600000e+00 -1.401141e-24 1.537658e-24 4.560212e-25 2.080285e-24
3.001221e+00 -3.353009e+00 0.000000e+00 -4.500000e+00 -2.852998e-24 3.158674e-24 1.243739e-24 4.256386e-24
2.934527e+00 -3.278498e+00 0.000000e+00 -4.400000e+00 -5.312387e-24 5.949781e-24 3.030708e-24 7.976299e-24
2.867834e+00 -3.203987e+00 0.000000e+00 -4.300000e+00 -9.162259e-24 1.039887e-23 6.519956e-24 1.385942e-23
2.801140e+00 -3.129475e+00 0.000000e+00 -4.200000e+00 -1.535793e-23 1.759601e-23 1.217928e-23 2.335563e-23
2.734446e+00 -3.054964e+00 0.000000e+00 -4.100000e+00 -2.763386e-23 3.145026e-23 1.937226e-23 4.186585e-23
2.667752e+00 -2.980453e+00 0.000000e+00 -4.000000e+00 -5.825778e-23 6.454059e-23 2.614454e-23 8.694513e-23
2.601058e+00 -2.905941e+00 0.000000e+00 -3.900000e+00 -1.393186e-22 1.498265e-22 3.347561e-23 2.045914e-22
2.534365e+00 -2.831430e+00 0.000000e+00 -3.800000e+00 -3.473641e-22 3.669021e-22 5.945111e-23 5.052514e-22
2.467671e+00 -2.756919e+00 0.000000e+00 -3.700000e+00 -9.044928e-22 9.493995e-22 1.587212e-22 1.311284e-21
2.400977e+00 -2.682407e+00 0.000000e+00 -3.600000e+00 -2.698671e-21 2.829606e-21 4.061106e-22 3.910179e-21
2.334283e+00 -2.607896e+00 0.000000e+00 -3.500000e+00 -9.591562e-21 1.003268e-20 7.790294e-22 1.387994e-20
2.267589e+00 -2.533385e+00 0.000000e+00 -3.400000e+00 -3.690091e-20 3.843336e-20 1.169644e-21 5.328040e-20
2.200896e+00 -2.458873e+00 0.000000e+00 -3.300000e+00 -1.378929e-19 1.430210e-19 3.497760e-21 1.986693e-19
2.134202e+00 -2.384362e+00 0.000000e+00 -3.200000e+00 -4.758032e-19 4.918557e-19 2.404580e-20 6.843323e-19
2.067508e+00 -2.309851e+00 0.000000e+00 -3.100000e+00 -1.497128e-18 1.543689e-18 1.408707e-19 2.150435e-18
2.000814e+00 -2.235339e+00 0.000000e+00 -3.000000e+00 -4.304627e-18 4.429656e-18 6.388556e-19 6.176703e-18
1.934120e+00 -2.160828e+00 0.000000e+00 -2.900000e+00 -1.137984e-17 1.169144e-17 2.386902e-18 1.631535e-17
1.867427e+00 -2.086317e+00 0.000000e+00 -2.800000e+00 -2.784513e-17 2.856871e-17 7.698750e-18 3.989389e-17
1.800733e+00 -2.011806e+00 0.000000e+00 -2.700000e+00 -6.344675e-17 6.501860e-17 2.208760e-17 9.084552e-17
1.734039e+00 -1.937294e+00 0.000000e+00 -2.600000e+00 -1.353319e-16 1.385398e-16 5.749180e-17 1.936698e-16
1.667345e+00 -1.862783e+00 0.000000e+00 -2.500000e+00 -2.714469e-16 2.776213e-16 1.376540e-16 3.882744e-16
1.600651e+00 -1.788272e+00 0.000000e+00 -2.400000e+00 -5.139870e-16 5.252367e-16 3.062536e-16 7.348852e-16
1.533958e+00 -1.713760e+00 0.000000e+00 -2.300000e+00 -9.218599e-16 9.413306e-16 6.380252e-16 1.317547e-15
1.467264e+00 -1.639249e+00 0.000000e+00 -2.200000e+00 -1.570707e-15 1.602825e-15 1.252290e-15 2.244141e-15
1.400570e+00 -1.564738e+00 0.000000e+00 -2.100000e+00 -2.549013e-15 2.599662e-15 2.327335e-15 3.640839e-15
1.333876e+00 -1.490226e+00 0.000000e+00 -2.000000e+00 -3.948957e-15 4.025530e-15 4.112547e-15 5.639074e-15
1.267182e+00 -1.415715e+00 0.000000e+00 -1.900000e+00 -5.852037e-15 5.963309e-15 6.934457e-15 8.355082e-15
1.200489e+00 -1.341204e+00 0.000000e+00 -1.800000e+00 -8.310502e-15 8.466252e-15 1.119209e-14 1.186347e-14
1.133795e+00 -1.266692e+00 0.000000e+00 -1.700000e+00 -1.132769e-14 1.153810e-14 1.733841e-14 1.616924e-14
1.067101e+00 -1.192181e+00 0.000000e+00 -1.600000e+00 -1.484086e-14 1.511562e-14 2.584516e-14 2.118333e-14
1.000407e+00 -1.117670e+00 0.000000e+00 -1.500000e+00 -1.871205e-14 1.905930e-14 3.715310e-14 2.670950e-14
9.337133e-01 -1.043158e+00 0.000000e+00 -1.400000e+00 -2.272954e-14 2.315463e-14 5.161278e-14 3.244640e-14
8.670195e-01 -9.686471e-01 0.000000e+00 -1.300000e+00 -2.662393e-14 2.712825e-14 6.942188e-14 3.801020e-14
8.003257e-01 -8.941358e-01 0.000000e+00 -1.200000e+00 -3.009499e-14 3.067498e-14 9.057225e-14 4.297281e-14
7.336319e-01 -8.196245e-01 0.000000e+00 -1.100000e+00 -3.284823e-14 3.349479e-14 1.148132e-13 4.691382e-14
6.669381e-01 -7.451132e-01 0.000000e+00 -1.000000e+00 -3.463246e-14 3.533087e-14 1.416411e-13 4.947401e-14
6.002443e-01 -6.706018e-01 0.000000e+00 -9.000000e-01 -3.527225e-14 3.600271e-14 1.703174e-13 5.040165e-14
5.335504e-01 -5.960905e-01 0.000000e+00 -8.000000e-01 -3.468810e-14 3.542692e-14 1.999138e-13 4.958156e-14
4.668566e-01 -5.215792e-01 0.000000e+00 -7.000000e-01 -3.290074e-14 3.362185e-14 2.293775e-13 4.704134e-14
4.001628e-01 -4.470679e-01 0.000000e+00 -6.000000e-01 -3.001885e-14 3.069562e-14 2.576071e-13 4.293428e-14
3.334690e-01 -3.725566e-01 0.000000e+00 -5.000000e-01 -2.621387e-14 2.682084e-14 2.835280e-13 3.750366e-14
2.667752e-01 -2.980453e-01 0.000000e+00 -4.000000e-01 -2.168816e-14 2.220261e-14 3.061569e-13 3.103759e-14
2.000814e-01 -2.235339e-01 0.000000e+00 -3.000000e-01 -1.664341e-14 1.704628e-14 3.246529e-13 2.382391e-14
1.333876e-01 -1.490226e-01 0.000000e+00 -2.000000e-01 -1.125767e-14 1.153440e-14 3.383460e-13 1.611762e-14
6.669381e-02 -7.451132e-02 0.000000e+00 -1.000000e-01 -5.673473e-15 5.814282e-15 3.467545e-13 8.123680e-15
6.849162e-16 -7.651987e-16 0.000000e+00 -1.026956e-15 7.027539e-30 -4.636727e-30 3.495894e-13 8.419355e-30
-6.669381e-02 7.451132e-02 0.000000e+00 1.000000e-01 5.673473e-15 -5.814282e-15 3.467545e-13 -8.123680e-15
-1.333876e-01 1.490226e-01 0.000000e+00 2.000000e-01 1.125767e-14 -1.153440e-14 3.383460e-13 -1.611762e-14
-2.000814e-01 2.235339e-01 0.000000e+00 3.000000e-01 1.664341e-14 -1.704628e-14 3.246529e-13 -2.382391e-14
-2.667752e-01 2.980453e-01 0.000000e+00 4.000000e-01 2.168816e-14 -2.220261e-14 3.061569e-13 -3.103759e-14
-3.334690e-01 3.725566e-01 0.000000e+00 5.000000e-01 2.621387e-14 -2.682084e-14 2.835280e-13 -3.750366e-14
-4.001628e-01 4.470679e-01 0.000000e+00 6.000000e-01 3.001885e-14 -3.069562e-14 2.576071e-13 -4.293428e-14
-4.668566e-01 5.215792e-01 0.000000e+00 7.000000e-01 3.290074e-14 -3.362185e-14 2.293775e-13 -4.704134e-14
-5.335504e-01 5.960905e-01 0.000000e+00 8.000000e-01 3.468810e-14 -3.542692e-14 1.999138e-13 -4.958156e-14
-6.002443e-01 6.706018e-01 0.000000e+00 9.000000e-01 3.527225e-14 -3.600271e-14 1.703174e-13 -5.040165e-14
-6.669381e-01 7.451132e-01 0.000000e+00 1.000000e+00 3.463246e-14 -3.533087e-14 1.416411e-13 -4.947401e-14
-7.336319e-01 8.196245e-01 0.000000e+00 1.100000e+00 3.284823e-14 -3.349479e-14 1.148132e-13 -4.691382e-14
-8.003257e-01 8.941358e-01 0.000000e+00 1.200000e+00 3.009499e-14 -3.067498e-14 9.057225e-14 -4.297281e-14
-8.670195e-01 9.686471e-01 0.000000e+00 1.300000e+00 2.662393e-14 -2.712825e-14 6.942188e-14 -3.801020e-14
-9.337133e-01 1.043158e+00 0.000000e+00 1.400000e+00 2.272954e-14 -2.315463e-14 5.161278e-14 -3.244640e-14
-1.000407e+00 1.117670e+00 0.000000e+00 1.500000e+00 1.871205e-14 -1.905930e-14 3.715310e-14 -2.670950e-14
-1.067101e+00 1.192181e+00 0.000000e+00 1.600000e+00 1.484086e-14 -1.511562e-14 2.584516e-14 -2.118333e-14
-1.133795e+00 1.266692e+00 0.000000e+00 1.700000e+00 1.132769e-14 -1.153810e-14 1.733841e-14 -1.616924e-14
-1.200489e+00 1.341204e+00 0.000000e+00 1.800000e+00 8.310502e-15 -8.466252e-15 1.119209e-14 -1.186347e-14
-1.267182e+00 1.415715e+00 0.000000e+00 1.900000e+00 5.852037e-15 -5.963309e-15 6.934457e-15 -8.355082e-15
-1.333876e+00 1.490226e+00 0.000000e+00 2.000000e+00 3.948957e-15 -4.025530e-15 4.112547e-15 -5.639074e-15
-1.400570e+00 1.564738e+00 0.000000e+00 2.100000e+00 2.549013e-15 -2.599662e-15 2.327335e-15 -3.640839e-15
-1.467264e+00 1.639249e+00 0.000000e+00 2.200000e+00 1.570707e-15 -1.602825e-15 1.252290e-15 -2.244141e-15
-1.533958e+00 1.713760e+00 0.000000e+00 2.300000e+00 9.218599e-16 -9.413306e-16 6.380252e-16 -1.317547e-15
-1.600651e+00 1.788272e+00 0.000000e+00 2.400000e+00 5.139870e-16 -5.252367e-16 3.062536e-16 -7.348852e-16
-1.667345e+00 1.862783e+00 0.000000e+00 2.500000e+00 2.714469e-16 -2.776213e-16 1.376540e-16 -3.882744e-16
-1.734039e+00 1.937294e+00 0.000000e+00 2.600000e+00 1.353319e-16 -1.385398e-16 5.749180e-17 -1.936698e-16
-1.800733e+00 2.011806e+00 0.000000e+00 2.700000e+00 6.344675e-17 -6.501860e-17 2.208760e-17 -9.084552e-17
-1.867427e+00 2.086317e+00 0.000000e+00 2.800000e+00 2.784513e-17 -2.856871e-17 7.698750e-18 -3.989389e-17
-1.934120e+00 2.160828e+00 0.000000e+00 2.900000e+00 1.137984e-17 -1.169144e-17 2.386902e-18 -1.631535e-17
-2.000814e+00 2.235339e+00 0.000000e+00 3.000000e+00 4.304627e-18 -4.429656e-18 6.388556e-19 -6.176703e-18
-2.067508e+00 2.309851e+00 0.000000e+00 3.100000e+00 1.497128e-18 -1.543689e-18 1.408707e-19 -2.150435e-18
-2.134202e+00 2.384362e+00 0.000000e+00 3.200000e+00 4.758032e-19 -4.918557e-19 2.404580e-20 -6.843323e-19
-2.200896e+00 2.458873e+00 0.000000e+00 3.300000e+00 1.378929e-19 -1.430210e-19 3.497760e-21 -1.986693e-19
-2.267589e+00 2.533385e+00 0.000000e+00 3.400000e+00 3.690091e-20 -3.843336e-20 1.169644e-21 -5.328040e-20
-2.334283e+00 2.607896e+00 0.000000e+00 3.500000e+00 9.591562e-21 -1.003268e-20 7.790294e-22 -1.387994e-20
-2.400977e+00 2.682407e+00 0.000000e+00 3.600000e+00 2.698671e-21 -2.829606e-21 4.061106e-22 -3.910179e-21
-2.467671e+00 2.756919e+00 0.000000e+00 3.700000e+00 9.044928e-22 -9.493995e-22 1.587212e-22 -1.311284e-21
-2.534365e+00 2.831430e+00 0.000000e+00 3.800000e+00 3.473641e-22 -3.669021e-22 5.945111e-23 -5.052514e-22
-2.601058e+00 2.905941e+00 0.000000e+00 3.900000e+00 1.393186e-22 -1.498265e-22 3.347561e-23 -2.045914e-22
-2.667752e+00 2.980453e+00 0.000000e+00 4.000000e+00 5.825778e-23 -6.454059e-23 2.614454e-23 -8.694513e-23
-2.734446e+00 3.054964e+00 0.000000e+00 4.100000e+00 2.763386e-23 -3.145026e-23 1.937226e-23 -4.186585e-23
-2.801140e+00 3.129475e+00 0.000000e+00 4.200000e+00 1.535793e-23 -1.759601e-23 1.217928e-23 -2.335563e-23
-2.867834e+00 3.203987e+00 0.000000e+00 4.300000e+00 9.162259e-24 -1.039887e-23 6.519956e-24 -1.385942e-23
-2.934527e+00 3.278498e+00 0.000000e+00 4.400000e+00 5.312387e-24 -5.949781e-24 3.030708e-24 -7.976299e-24
-3.001221e+00 3.353009e+00 0.000000e+00 4.500000e+00 2.852998e-24 -3.158674e-24 1.243739e-24 -4.256386e-24
-3.067915e+00 3.427521e+00 0.000000e+00 4.600000e+00 1.401141e-24 -1.537658e-24 4.560212e-25 -2.080285e-24
-3.134609e+00 3.502032e+00 0.000000e+00 4.700000e+00 6.300812e-25 -6.869955e-25 1.506136e-25 -9.321830e-25
-3.201303e+00 3.576543e+00 0.000000e+00 4.800000e+00 2.608626e-25 -2.830758e-25 4.506059e-26 -3.849431e-25
-3.267997e+00 3.651054e+00 0.000000e+00 4.900000e+00 1.000293e-25 -1.081688e-25 1.225635e-26 -1.473307e-25
-3.334690e+00 3.725566e+00 0.000000e+00 5.000000e+00 3.571682e-26 -3.852407e-26 3.038323e-27 -5.253375e-26
