4.281471e-28 1.888710e-27 7.265963e-27 2.766746e-26 9.732257e-26 2.376646e-25 1.308874e-25 -1.702997e-24 -8.419548e-24 -2.294560e-23 -4.338815e-23 -6.082374e-23 -6.493103e-23 -5.333912e-23 -3.374505e-23 -1.633295e-23 -5.965222e-24 -1.608813e-24 -3.109684e-25 -4.176729e-26 -3.990778e-27
5.405019e-27 2.411885e-26 8.282944e-26 2.442381e-25 6.623944e-25 1.491835e-24 1.856350e-24 -2.864861e-24 -2.294082e-23 -6.858161e-23 -1.352506e-22 -1.954315e-22 -2.148579e-22 -1.824920e-22 -1.202306e-22 -6.121709e-23 -2.384023e-23 -6.977899e-24 -1.495633e-24 -2.267327e-25 -2.364607e-26
4.992663e-26 2.105616e-25 6.574797e-25 1.635553e-24 3.530101e-24 6.760063e-24 9.574108e-24 1.305942e-24 -4.361371e-23 -1.534815e-22 -3.226124e-22 -4.860955e-22 -5.544218e-22 -4.892550e-22 -3.367685e-22 -1.808176e-22 -7.526074e-23 -2.398652e-23 -5.740119e-24 -1.001665e-24 -1.226334e-25
3.209523e-25 1.282677e-24 3.763335e-24 8.484077e-24 1.559377e-23 2.485642e-23 3.330762e-23 2.310830e-23 -5.408815e-23 -2.604775e-22 -6.001804e-22 -9.558725e-22 -1.141192e-21 -1.053379e-21 -7.619304e-22 -4.338908e-22 -1.942916e-22 -6.796675e-23 -1.833325e-23 -3.727704e-24 -5.508138e-25
1.480780e-24 5.685847e-24 1.605260e-23 3.434059e-23 5.755433e-23 7.922490e-23 9.296077e-23 7.928653e-23 -2.770338e-23 -3.348055e-22 -8.812982e-22 -1.508997e-21 -1.907575e-21 -1.859176e-21 -1.425622e-21 -8.689315e-22 -4.227088e-22 -1.638556e-22 -5.014934e-23 -1.187580e-23 -2.099580e-24
5.082098e-24 1.899539e-23 5.243562e-23 1.093579e-22 1.754782e-22 2.216685e-22 2.284746e-22 1.892830e-22 5.306347e-23 -3.167739e-22 -1.026130e-21 -1.932973e-21 -2.627949e-21 -2.740150e-21 -2.254936e-21 -1.488507e-21 -7.948472e-22 -3.435291e-22 -1.190336e-22 -3.234720e-23 -6.646948e-24
1.335738e-23 4.914048e-23 1.341348e-22 2.771084e-22 4.382971e-22 5.346938e-22 5.094356e-22 3.849916e-22 1.862487e-22 -1.953928e-22 -9.436153e-22 -2.023459e-21 -3.024031e-21 -3.434396e-21 -3.080058e-21 -2.229013e-21 -1.315507e-21 -6.328831e-22 -2.451875e-22 -7.466916e-23 -1.725027e-23
2.748822e-23 1.005006e-22 2.736692e-22 5.658431e-22 8.969841e-22 1.091285e-21 1.014578e-21 7.193524e-22 3.705450e-22 -1.953863e-23 -6.742083e-22 -1.740408e-21 -2.947817e-21 -3.730350e-21 -3.705363e-21 -2.965274e-21 -1.933025e-21 -1.024356e-21 -4.352555e-22 -1.448279e-22 -3.653342e-23
4.502270e-23 1.650597e-22 4.519009e-22 9.425776e-22 1.513390e-21 1.870887e-21 1.762252e-21 1.240295e-21 6.322572e-22 1.568694e-22 -3.579284e-22 -1.240516e-21 -2.476307e-21 -3.577404e-21 -3.983972e-21 -3.528913e-21 -2.518254e-21 -1.445994e-21 -6.600861e-22 -2.346618e-22 -6.315566e-23
5.937276e-23 2.202203e-22 6.109385e-22 1.295231e-21 2.124477e-21 2.702479e-21 2.640717e-21 1.934177e-21 1.018178e-21 3.403059e-22 -1.118889e-22 -7.501617e-22 -1.833635e-21 -3.074994e-21 -3.848995e-21 -3.743794e-21 -2.882202e-21 -1.761783e-21 -8.482849e-22 -3.164484e-22 -8.926516e-23
6.350499e-23 2.406097e-22 6.823052e-22 1.482896e-21 2.507930e-21 3.321033e-21 3.425904e-21 2.697569e-21 1.555205e-21 6.045266e-22 6.305436e-23 -4.049449e-22 -1.233553e-21 -2.387716e-21 -3.323822e-21 -3.499580e-21 -2.860871e-21 -1.832687e-21 -9.171562e-22 -3.540709e-22 -1.032514e-22
5.529571e-23 2.164049e-22 6.339278e-22 1.427665e-21 2.518918e-21 3.519152e-21 3.895188e-21 3.370884e-21 2.207527e-21 1.025590e-21 2.634033e-22 -1.931032e-22 -7.818294e-22 -1.678017e-21 -2.535171e-21 -2.839263e-21 -2.429511e-21 -1.610848e-21 -8.284742e-22 -3.274438e-22 -9.762829e-23
3.921483e-23 1.607068e-22 4.928867e-22 1.166507e-21 2.179696e-21 3.263888e-21 3.936054e-21 3.792634e-21 2.848484e-21 1.586063e-21 5.736837e-22 -2.064867e-23 -4.775729e-22 -1.072071e-21 -1.689708e-21 -1.971694e-21 -1.743098e-21 -1.184323e-21 -6.204837e-22 -2.488948e-22 -7.516791e-23
2.260408e-23 9.871439e-23 3.225546e-22 8.167524e-22 1.645614e-21 2.684101e-21 3.566429e-21 3.835801e-21 3.270658e-21 2.123800e-21 9.611486e-22 1.801169e-22 -2.664656e-22 -6.318396e-22 -9.835088e-22 -1.161460e-21 -1.045227e-21 -7.209236e-22 -3.817985e-22 -1.542483e-22 -4.678687e-23
1.055266e-23 5.024669e-23 1.788537e-22 4.949644e-22 1.095277e-21 1.970272e-21 2.894497e-21 3.448881e-21 3.273725e-21 2.397495e-21 1.270686e-21 3.873133e-22 -1.000642e-22 -3.472471e-22 -5.075981e-22 -5.801994e-22 -5.196067e-22 -3.594742e-22 -1.908548e-22 -7.706952e-23 -2.328184e-23
3.978116e-24 2.127376e-23 8.471200e-23 2.618685e-22 6.456142e-22 1.287025e-21 2.080090e-21 2.709035e-21 2.804007e-21 2.251720e-21 1.338909e-21 5.159692e-22 2.949482e-23 -1.712252e-22 -2.379981e-22 -2.488348e-22 -2.134691e-22 -1.452482e-22 -7.644218e-23 -3.058335e-23 -9.118075e-24
1.212714e-24 7.547663e-24 3.455782e-23 1.213922e-22 3.354614e-22 7.383981e-22 1.299302e-21 1.822876e-21 2.021913e-21 1.743706e-21 1.130422e-21 5.054408e-22 1.018813e-22 -6.527866e-23 -1.015949e-22 -9.372817e-23 -7.285004e-23 -4.710459e-23 -2.412737e-23 -9.451781e-24 -2.751669e-24
3.026715e-25 2.268098e-24 1.219147e-23 4.901348e-23 1.513484e-22 3.645254e-22 6.903168e-22 1.030458e-21 1.208888e-21 1.103057e-21 7.642638e-22 3.792734e-22 1.095956e-22 -1.053932e-23 -3.729537e-23 -3.140807e-23 -2.095055e-23 -1.218943e-23 -5.886260e-24 -2.218039e-24 -6.222772e-25
6.373540e-26 5.819811e-25 3.692170e-24 1.692333e-23 5.788721e-23 1.510443e-22 3.048954e-22 4.798467e-22 5.898586e-22 5.633084e-22 4.110214e-22 2.200180e-22 7.672831e-23 7.780240e-24 -1.031226e-23 -9.084330e-24 -5.138429e-24 -2.515961e-24 -1.085999e-24 -3.825368e-25 -1.017691e-25
1.184091e-26 1.267632e-25 9.368599e-25 4.847410e-24 1.820737e-23 5.109114e-23 1.092411e-22 1.801882e-22 2.305845e-22 2.285896e-22 1.736015e-22 9.814466e-23 3.834621e-23 7.717712e-24 -1.552066e-24 -2.080658e-24 -1.054857e-24 -4.140289e-25 -1.478295e-25 -4.655248e-26 -1.158921e-26
2.024389e-27 2.287024e-26 1.913201e-25 1.106764e-24 4.544030e-24 1.367189e-23 3.088317e-23 5.322169e-23 7.059021e-23 7.217451e-23 5.648648e-23 3.315228e-23 1.388682e-23 3.581507e-24 1.470717e-25 -3.273810e-25 -1.685952e-25 -5.311707e-26 -1.442468e-26 -3.859582e-27 -9.269146e-28
