2.119985e-27 1.034354e-26 1.176884e-26 -2.052087e-25 -1.629499e-24 -6.772602e-24 -1.900862e-23 -3.876045e-23 -5.869581e-23 -6.503235e-23 -4.851106e-23 -1.560552e-23 1.468752e-23 2.749321e-23 2.340639e-23 1.307794e-23 5.115112e-24 1.409668e-24 2.694334e-25 3.496889e-26 3.107959e-27
2.193766e-26 1.041538e-25 1.997749e-25 -7.868562e-25 -7.548977e-24 -3.051556e-23 -8.058900e-23 -1.527281e-22 -2.126103e-22 -2.116942e-22 -1.303896e-22 -6.480430e-24 9.082102e-23 1.193812e-22 9.182660e-23 4.876903e-23 1.844113e-23 4.917465e-24 8.953957e-25 1.067182e-25 8.430030e-27
1.548807e-25 7.154756e-25 1.743237e-24 -6.034506e-25 -2.269876e-23 -9.800022e-23 -2.544523e-22 -4.615573e-22 -6.034277e-22 -5.468397e-22 -2.705766e-22 8.448990e-23 3.234689e-22 3.582612e-22 2.518931e-22 1.232820e-22 4.173908e-23 9.019323e-24 8.923417e-25 -8.833242e-26 -3.808093e-26
7.483894e-25 3.408012e-24 9.373561e-24 9.352737e-24 -4.008924e-23 -2.247876e-22 -6.060113e-22 -1.086151e-21 -1.367497e-21 -1.155478e-21 -4.658515e-22 3.207429e-22 7.711876e-22 7.540604e-22 4.689855e-22 1.884846e-22 3.828748e-23 -5.504243e-24 -6.972594e-24 -2.502202e-24 -5.017020e-25
2.546513e-24 1.160064e-23 3.434904e-23 5.610836e-23 -1.230906e-23 -3.510105e-22 -1.082978e-21 -1.996733e-21 -2.492464e-21 -2.031739e-21 -7.316372e-22 6.228666e-22 1.262087e-21 1.066268e-21 4.985913e-22 5.426791e-23 -1.075738e-22 -9.403112e-23 -4.340141e-23 -1.305181e-23 -2.629847e-24
6.222917e-24 2.888477e-23 9.060121e-23 1.810070e-22 1.577860e-22 -2.920269e-22 -1.399408e-21 -2.837260e-21 -3.641241e-21 -2.981700e-21 -1.117171e-21 6.850024e-22 1.321931e-21 7.921805e-22 -7.553818e-23 -5.621349e-22 -5.571608e-22 -3.342537e-22 -1.395368e-22 -4.179715e-23 -8.923525e-24
1.090693e-23 5.305455e-23 1.766278e-22 3.978712e-22 5.426624e-22 1.591893e-22 -1.144980e-21 -3.015531e-21 -4.204540e-21 -3.620663e-21 -1.613813e-21 1.966019e-22 5.320084e-22 -3.992826e-22 -1.431536e-21 -1.730182e-21 -1.336729e-21 -7.425821e-22 -3.074215e-22 -9.534057e-23 -2.185189e-23
1.305094e-23 7.050642e-23 2.543809e-22 6.305933e-22 1.042918e-21 9.530524e-22 -2.086900e-22 -2.208228e-21 -3.743653e-21 -3.587536e-21 -2.042213e-21 -7.438590e-22 -8.873229e-22 -2.072474e-21 -3.017847e-21 -2.962924e-21 -2.132401e-21 -1.170120e-21 -4.964005e-22 -1.623209e-22 -4.020961e-23
8.245422e-24 6.142604e-23 2.576816e-22 7.115788e-22 1.333498e-21 1.605849e-21 8.625736e-22 -8.698481e-22 -2.501944e-21 -2.878547e-21 -2.140032e-21 -1.570075e-21 -2.040078e-21 -3.101249e-21 -3.705469e-21 -3.356396e-21 -2.366395e-21 -1.323735e-21 -5.899978e-22 -2.073663e-22 -5.610985e-23
-4.206602e-24 1.748623e-23 1.442052e-22 4.995984e-22 1.070774e-21 1.481186e-21 1.155276e-21 -1.427236e-23 -1.312672e-21 -1.906262e-21 -1.818499e-21 -1.779974e-21 -2.189552e-21 -2.694351e-21 -2.780468e-21 -2.349843e-21 -1.656164e-21 -9.819482e-22 -4.828626e-22 -1.907131e-22 -5.809186e-23
-1.883210e-23 -4.467397e-23 -5.195778e-23 3.366978e-23 2.418767e-22 4.144681e-22 2.734630e-22 -2.298291e-22 -7.724704e-22 -1.067677e-21 -1.229684e-21 -1.453939e-21 -1.576048e-21 -1.322703e-21 -8.053749e-22 -3.976358e-22 -2.543794e-22 -2.335169e-22 -1.855817e-22 -1.045328e-22 -4.068706e-23
-2.765392e-23 -9.260845e-23 -2.314626e-22 -4.523737e-22 -7.260383e-22 -9.892812e-22 -1.126043e-21 -9.843850e-22 -5.803952e-22 -2.917178e-22 -5.304471e-22 -1.077820e-21 -1.137832e-21 -3.238598e-22 7.737479e-22 1.297091e-21 1.064055e-21 5.368880e-22 1.570831e-22 1.128020e-23 -1.137589e-23
-2.681700e-23 -1.038566e-22 -3.059944e-22 -7.057314e-22 -1.287028e-21 -1.825763e-21 -1.891443e-21 -1.164448e-21 4.783496e-23 7.683725e-22 2.628834e-22 -9.415224e-22 -1.436767e-21 -5.328791e-22 9.703137e-22 1.817555e-21 1.630476e-21 9.463496e-22 3.735954e-22 9.725122e-23 1.419268e-23
-1.908548e-23 -8.193148e-23 -2.642763e-22 -6.517677e-22 -1.223852e-21 -1.683557e-21 -1.482579e-21 -2.957518e-22 1.333965e-21 2.083811e-21 1.081916e-21 -9.246660e-22 -2.126086e-21 -1.541241e-21 5.947258e-23 1.237809e-21 1.383399e-21 9.001472e-22 3.960512e-22 1.208719e-22 2.493784e-23
-1.021626e-23 -4.791860e-23 -1.644109e-22 -4.164083e-22 -7.615096e-22 -9.109447e-22 -3.855740e-22 1.005605e-21 2.596491e-21 3.062396e-21 1.644078e-21 -8.177048e-22 -2.489488e-21 -2.324935e-21 -9.393349e-22 3.253917e-22 7.665499e-22 5.924250e-22 2.858823e-22 9.456523e-23 2.167479e-23
-4.071693e-24 -2.066896e-23 -7.342009e-23 -1.811758e-22 -2.847977e-22 -1.565033e-22 5.240507e-22 1.791536e-21 3.013655e-21 3.140652e-21 1.676369e-21 -6.065271e-22 -2.216631e-21 -2.305867e-21 -1.310777e-21 -2.590524e-22 2.479122e-22 2.793981e-22 1.512132e-22 5.313068e-23 1.278310e-23
-1.152255e-24 -6.204016e-24 -2.143165e-23 -4.304937e-23 -1.509450e-23 2.113070e-22 8.057081e-22 1.714302e-21 2.462552e-21 2.381356e-21 1.234414e-21 -3.996193e-22 -1.543816e-21 -1.673149e-21 -1.070597e-21 -3.818370e-22 1.076360e-24 9.033207e-23 5.908130e-23 2.203728e-23 5.424265e-24
-2.007114e-25 -1.044724e-24 -2.375831e-24 4.715100e-24 5.829728e-23 2.386178e-22 6.174849e-22 1.128354e-21 1.488382e-21 1.355104e-21 6.572899e-22 -2.534537e-22 -8.643127e-22 -9.310204e-22 -6.195514e-22 -2.605059e-22 -4.934747e-23 1.630151e-23 1.665965e-23 6.714274e-24 1.664379e-24
-7.843024e-27 4.223326e-26 1.149098e-24 9.197073e-24 4.332324e-23 1.386356e-22 3.194341e-22 5.423190e-22 6.737820e-22 5.745902e-22 2.416729e-22 -1.527728e-22 -3.954912e-22 -4.056254e-22 -2.678558e-22 -1.184432e-22 -3.069514e-23 -5.820825e-25 3.210273e-24 1.470664e-24 3.629918e-25
6.056795e-27 7.864266e-26 7.103911e-25 4.297010e-24 1.799074e-23 5.398260e-23 1.187588e-22 1.928659e-22 2.267962e-22 1.764718e-22 5.208589e-23 -7.909291e-23 -1.481484e-22 -1.391106e-22 -8.776821e-23 -3.841755e-23 -1.083050e-23 -1.273148e-24 3.782012e-25 2.247870e-25 5.471410e-26
1.835871e-27 2.278501e-26 2.000664e-25 1.196675e-24 4.982468e-24 1.482688e-23 3.205671e-23 5.032877e-23 5.542532e-23 3.679194e-23 8.081029e-25 -3.193206e-23 -4.464697e-23 -3.725440e-23 -2.169184e-23 -8.964926e-24 -2.488114e-24 -3.663040e-25 2.065234e-26 2.354628e-26 5.612394e-27
