-2.500000e+00 -2.500000e+00 0.000000e+00 6.979144e-17 6.359187e-17 0.000000e+00
-2.500000e+00 -2.250000e+00 0.000000e+00 2.836595e-16 2.205981e-16 0.000000e+00
-2.500000e+00 -2.000000e+00 0.000000e+00 9.065217e-16 5.868515e-16 0.000000e+00
-2.500000e+00 -1.750000e+00 0.000000e+00 2.303320e-15 1.200551e-15 0.000000e+00
-2.500000e+00 -1.500000e+00 0.000000e+00 4.775524e-15 1.923361e-15 0.000000e+00
-2.500000e+00 -1.250000e+00 0.000000e+00 8.071311e-15 2.359898e-15 0.000000e+00
-2.500000e+00 -1.000000e+00 0.000000e+00 1.173262e-14 2.301427e-15 0.000000e+00
-2.500000e+00 -7.500000e-01 0.000000e+00 1.447767e-14 1.653532e-15 0.000000e+00
-2.500000e+00 -5.000000e-01 0.000000e+00 1.637332e-14 9.297047e-16 0.000000e+00
-2.500000e+00 -2.500000e-01 0.000000e+00 1.750525e-14 3.811377e-16 0.000000e+00
-2.500000e+00 0.000000e+00 0.000000e+00 1.785892e-14 -9.860122e-33 0.000000e+00
-2.500000e+00 2.500000e-01 0.000000e+00 1.750525e-14 -3.811377e-16 0.000000e+00
-2.500000e+00 5.000000e-01 0.000000e+00 1.637332e-14 -9.297047e-16 0.000000e+00
-2.500000e+00 7.500000e-01 0.000000e+00 1.447767e-14 -1.653532e-15 0.000000e+00
-2.500000e+00 1.000000e+00 0.000000e+00 1.173262e-14 -2.301427e-15 0.000000e+00
-2.500000e+00 1.250000e+00 0.000000e+00 8.071311e-15 -2.359898e-15 0.000000e+00
-2.500000e+00 1.500000e+00 0.000000e+00 4.775524e-15 -1.923361e-15 0.000000e+00
-2.500000e+00 1.750000e+00 0.000000e+00 2.303320e-15 -1.200551e-15 0.000000e+00
-2.500000e+00 2.000000e+00 0.000000e+00 9.065217e-16 -5.868515e-16 0.000000e+00
-2.500000e+00 2.250000e+00 0.000000e+00 2.836595e-16 -2.205981e-16 0.000000e+00
-2.500000e+00 2.500000e+00 0.000000e+00 6.979144e-17 -6.359187e-17 0.000000e+00
-2.250000e+00 -2.500000e+00 0.000000e+00 2.932671e-16 3.038746e-16 0.000000e+00
-2.250000e+00 -2.250000e+00 0.000000e+00 1.102331e-15 9.726698e-16 0.000000e+00
-2.250000e+00 -2.000000e+00 0.000000e+00 3.229695e-15 2.361037e-15 0.000000e+00
-2.250000e+00 -1.750000e+00 0.000000e+00 7.476681e-15 4.361832e-15 0.000000e+00
-2.250000e+00 -1.500000e+00 0.000000e+00 1.410194e-14 6.264960e-15 0.000000e+00
-2.250000e+00 -1.250000e+00 0.000000e+00 2.146491e-14 6.694529e-15 0.000000e+00
-2.250000e+00 -1.000000e+00 0.000000e+00 2.864189e-14 5.723764e-15 0.000000e+00
-2.250000e+00 -7.500000e-01 0.000000e+00 3.245801e-14 3.372534e-15 0.000000e+00
-2.250000e+00 -5.000000e-01 0.000000e+00 3.386514e-14 1.337211e-15 0.000000e+00
-2.250000e+00 -2.500000e-01 0.000000e+00 3.463531e-14 3.408849e-16 0.000000e+00
-2.250000e+00 0.000000e+00 0.000000e+00 3.490368e-14 3.160642e-32 0.000000e+00
-2.250000e+00 2.500000e-01 0.000000e+00 3.463531e-14 -3.408849e-16 0.000000e+00
-2.250000e+00 5.000000e-01 0.000000e+00 3.386514e-14 -1.337211e-15 0.000000e+00
-2.250000e+00 7.500000e-01 0.000000e+00 3.245801e-14 -3.372534e-15 0.000000e+00
-2.250000e+00 1.000000e+00 0.000000e+00 2.864189e-14 -5.723764e-15 0.000000e+00
-2.250000e+00 1.250000e+00 0.000000e+00 2.146491e-14 -6.694529e-15 0.000000e+00
-2.250000e+00 1.500000e+00 0.000000e+00 1.410194e-14 -6.264960e-15 0.000000e+00
-2.250000e+00 1.750000e+00 0.000000e+00 7.476681e-15 -4.361832e-15 0.000000e+00
-2.250000e+00 2.000000e+00 0.000000e+00 3.229695e-15 -2.361037e-15 0.000000e+00
-2.250000e+00 2.250000e+00 0.000000e+00 1.102331e-15 -9.726698e-16 0.000000e+00
-2.250000e+00 2.500000e+00 0.000000e+00 2.932671e-16 -3.038746e-16 0.000000e+00
-2.000000e+00 -2.500000e+00 0.000000e+00 9.632949e-16 1.151456e-15 0.000000e+00
-2.000000e+00 -2.250000e+00 0.000000e+00 3.317071e-15 3.367879e-15 0.000000e+00
-2.000000e+00 -2.000000e+00 0.000000e+00 8.804712e-15 7.362000e-15 0.000000e+00
-2.000000e+00 -1.750000e+00 0.000000e+00 1.840377e-14 1.214598e-14 0.000000e+00
-2.000000e+00 -1.500000e+00 0.000000e+00 3.090925e-14 1.517145e-14 0.000000e+00
-2.000000e+00 -1.250000e+00 0.000000e+00 4.170918e-14 1.358099e-14 0.000000e+00
-2.000000e+00 -1.000000e+00 0.000000e+00 4.959978e-14 9.291564e-15 0.000000e+00
-2.000000e+00 -7.500000e-01 0.000000e+00 5.290528e-14 4.224048e-15 0.000000e+00
-2.000000e+00 -5.000000e-01 0.000000e+00 5.011836e-14 1.742444e-16 0.000000e+00
-2.000000e+00 -2.500000e-01 0.000000e+00 4.681942e-14 -9.157995e-16 0.000000e+00
-2.000000e+00 0.000000e+00 0.000000e+00 4.569928e-14 1.037339e-31 0.000000e+00
-2.000000e+00 2.500000e-01 0.000000e+00 4.681942e-14 9.157995e-16 0.000000e+00
-2.000000e+00 5.000000e-01 0.000000e+00 5.011836e-14 -1.742444e-16 0.000000e+00
-2.000000e+00 7.500000e-01 0.000000e+00 5.290528e-14 -4.224048e-15 0.000000e+00
-2.000000e+00 1.000000e+00 0.000000e+00 4.959978e-14 -9.291564e-15 0.000000e+00
-2.000000e+00 1.250000e+00 0.000000e+00 4.170918e-14 -1.358099e-14 0.000000e+00
-2.000000e+00 1.500000e+00 0.000000e+00 3.090925e-14 -1.517145e-14 0.000000e+00
-2.000000e+00 1.750000e+00 0.000000e+00 1.840377e-14 -1.214598e-14 0.000000e+00
-2.000000e+00 2.000000e+00 0.000000e+00 8.804712e-15 -7.362000e-15 0.000000e+00
-2.000000e+00 2.250000e+00 0.000000e+00 3.317071e-15 -3.367879e-15 0.000000e+00
-2.000000e+00 2.500000e+00 0.000000e+00 9.632949e-16 -1.151456e-15 0.000000e+00
-1.750000e+00 -2.500000e+00 0.000000e+00 2.490353e-15 3.494125e-15 0.000000e+00
-1.750000e+00 -2.250000e+00 0.000000e+00 7.799016e-15 9.269259e-15 0.000000e+00
-1.750000e+00 -2.000000e+00 0.000000e+00 1.866389e-14 1.815081e-14 0.000000e+00
-1.750000e+00 -1.750000e+00 0.000000e+00 3.480790e-14 2.634455e-14 0.000000e+00
-1.750000e+00 -1.500000e+00 0.000000e+00 5.017301e-14 2.692787e-14 0.000000e+00
-1.750000e+00 -1.250000e+00 0.000000e+00 6.183362e-14 2.064244e-14 0.000000e+00
-1.750000e+00 -1.000000e+00 0.000000e+00 6.131953e-14 8.083125e-15 0.000000e+00
-1.750000e+00 -7.500000e-01 0.000000e+00 6.031056e-14 1.573072e-16 0.000000e+00
-1.750000e+00 -5.000000e-01 0.000000e+00 5.991408e-14 -2.687188e-15 0.000000e+00
-1.750000e+00 -2.500000e-01 0.000000e+00 5.714072e-14 -2.484271e-15 0.000000e+00
-1.750000e+00 0.000000e+00 0.000000e+00 5.550227e-14 4.798557e-29 0.000000e+00
-1.750000e+00 2.500000e-01 0.000000e+00 5.714072e-14 2.484271e-15 0.000000e+00
-1.750000e+00 5.000000e-01 0.000000e+00 5.991408e-14 2.687188e-15 0.000000e+00
-1.750000e+00 7.500000e-01 0.000000e+00 6.031056e-14 -1.573072e-16 0.000000e+00
-1.750000e+00 1.000000e+00 0.000000e+00 6.131953e-14 -8.083125e-15 0.000000e+00
-1.750000e+00 1.250000e+00 0.000000e+00 6.183362e-14 -2.064244e-14 0.000000e+00
-1.750000e+00 1.500000e+00 0.000000e+00 5.017301e-14 -2.692787e-14 0.000000e+00
-1.750000e+00 1.750000e+00 0.000000e+00 3.480790e-14 -2.634455e-14 0.000000e+00
-1.750000e+00 2.000000e+00 0.000000e+00 1.866389e-14 -1.815081e-14 0.000000e+00
-1.750000e+00 2.250000e+00 0.000000e+00 7.799016e-15 -9.269259e-15 0.000000e+00
-1.750000e+00 2.500000e+00 0.000000e+00 2.490353e-15 -3.494125e-15 0.000000e+00
-1.500000e+00 -2.500000e+00 0.000000e+00 5.156551e-15 8.680222e-15 0.000000e+00
-1.500000e+00 -2.250000e+00 0.000000e+00 1.465808e-14 2.085283e-14 0.000000e+00
-1.500000e+00 -2.000000e+00 0.000000e+00 3.127541e-14 3.613510e-14 0.000000e+00
-1.500000e+00 -1.750000e+00 0.000000e+00 5.010604e-14 4.386170e-14 0.000000e+00
-1.500000e+00 -1.500000e+00 0.000000e+00 6.455394e-14 3.806364e-14 0.000000e+00
-1.500000e+00 -1.250000e+00 0.000000e+00 6.715067e-14 1.997547e-14 0.000000e+00
-1.500000e+00 -1.000000e+00 0.000000e+00 6.696059e-14 5.028756e-15 0.000000e+00
-1.500000e+00 -7.500000e-01 0.000000e+00 5.484722e-14 -8.021321e-15 0.000000e+00
-1.500000e+00 -5.000000e-01 0.000000e+00 4.404891e-14 -1.171120e-14 0.000000e+00
-1.500000e+00 -2.500000e-01 0.000000e+00 4.378944e-14 -6.968104e-15 0.000000e+00
-1.500000e+00 0.000000e+00 0.000000e+00 4.585205e-14 1.147988e-29 0.000000e+00
-1.500000e+00 2.500000e-01 0.000000e+00 4.378944e-14 6.968104e-15 0.000000e+00
-1.500000e+00 5.000000e-01 0.000000e+00 4.404891e-14 1.171120e-14 0.000000e+00
-1.500000e+00 7.500000e-01 0.000000e+00 5.484722e-14 8.021321e-15 0.000000e+00
-1.500000e+00 1.000000e+00 0.000000e+00 6.696059e-14 -5.028756e-15 0.000000e+00
-1.500000e+00 1.250000e+00 0.000000e+00 6.715067e-14 -1.997547e-14 0.000000e+00
-1.500000e+00 1.500000e+00 0.000000e+00 6.455394e-14 -3.806364e-14 0.000000e+00
-1.500000e+00 1.750000e+00 0.000000e+00 5.010604e-14 -4.386170e-14 0.000000e+00
-1.500000e+00 2.000000e+00 0.000000e+00 3.127541e-14 -3.613510e-14 0.000000e+00
-1.500000e+00 2.250000e+00 0.000000e+00 1.465808e-14 -2.085283e-14 0.000000e+00
-1.500000e+00 2.500000e+00 0.000000e+00 5.156551e-15 -8.680222e-15 0.000000e+00
-1.250000e+00 -2.500000e+00 0.000000e+00 8.554961e-15 1.775619e-14 0.000000e+00
-1.250000e+00 -2.250000e+00 0.000000e+00 2.185983e-14 3.824727e-14 0.000000e+00
-1.250000e+00 -2.000000e+00 0.000000e+00 4.100788e-14 5.766101e-14 0.000000e+00
-1.250000e+00 -1.750000e+00 0.000000e+00 5.923081e-14 6.158960e-14 0.000000e+00
-1.250000e+00 -1.500000e+00 0.000000e+00 6.560556e-14 4.165865e-14 0.000000e+00
-1.250000e+00 -1.250000e+00 0.000000e+00 6.402392e-14 1.582774e-14 0.000000e+00
-1.250000e+00 -1.000000e+00 0.000000e+00 5.096404e-14 -9.013674e-15 0.000000e+00
-1.250000e+00 -7.500000e-01 0.000000e+00 6.219105e-14 -8.306643e-15 0.000000e+00
-1.250000e+00 -5.000000e-01 0.000000e+00 9.943279e-14 4.621855e-15 0.000000e+00
-1.250000e+00 -2.500000e-01 0.000000e+00 1.317697e-13 7.310331e-15 0.000000e+00
-1.250000e+00 0.000000e+00 0.000000e+00 1.432544e-13 4.149355e-31 0.000000e+00
-1.250000e+00 2.500000e-01 0.000000e+00 1.317697e-13 -7.310331e-15 0.000000e+00
-1.250000e+00 5.000000e-01 0.000000e+00 9.943279e-14 -4.621855e-15 0.000000e+00
-1.250000e+00 7.500000e-01 0.000000e+00 6.219105e-14 8.306643e-15 0.000000e+00
-1.250000e+00 1.000000e+00 0.000000e+00 5.096404e-14 9.013674e-15 0.000000e+00
-1.250000e+00 1.250000e+00 0.000000e+00 6.402392e-14 -1.582774e-14 0.000000e+00
-1.250000e+00 1.500000e+00 0.000000e+00 6.560556e-14 -4.165865e-14 0.000000e+00
-1.250000e+00 1.750000e+00 0.000000e+00 5.923081e-14 -6.158960e-14 0.000000e+00
-1.250000e+00 2.000000e+00 0.000000e+00 4.100788e-14 -5.766101e-14 0.000000e+00
-1.250000e+00 2.250000e+00 0.000000e+00 2.185983e-14 -3.824727e-14 0.000000e+00
-1.250000e+00 2.500000e+00 0.000000e+00 8.554961e-15 -1.775619e-14 0.000000e+00
-1.000000e+00 -2.500000e+00 0.000000e+00 1.152483e-14 3.073914e-14 0.000000e+00
-1.000000e+00 -2.250000e+00 0.000000e+00 2.687561e-14 6.032089e-14 0.000000e+00
-1.000000e+00 -2.000000e+00 0.000000e+00 4.549217e-14 8.128701e-14 0.000000e+00
-1.000000e+00 -1.750000e+00 0.000000e+00 5.584826e-14 7.040017e-14 0.000000e+00
-1.000000e+00 -1.500000e+00 0.000000e+00 5.861665e-14 4.108633e-14 0.000000e+00
-1.000000e+00 -1.250000e+00 0.000000e+00 4.847248e-14 2.794635e-15 0.000000e+00
-1.000000e+00 -1.000000e+00 0.000000e+00 7.095254e-14 8.119052e-15 0.000000e+00
-1.000000e+00 -7.500000e-01 0.000000e+00 1.118495e-13 2.721717e-14 0.000000e+00
-1.000000e+00 -5.000000e-01 0.000000e+00 1.259711e-13 2.347241e-14 0.000000e+00
-1.000000e+00 -2.500000e-01 0.000000e+00 1.159927e-13 8.650658e-15 0.000000e+00
-1.000000e+00 0.000000e+00 0.000000e+00 1.090456e-13 1.161819e-29 0.000000e+00
-1.000000e+00 2.500000e-01 0.000000e+00 1.159927e-13 -8.650658e-15 0.000000e+00
-1.000000e+00 5.000000e-01 0.000000e+00 1.259711e-13 -2.347241e-14 0.000000e+00
-1.000000e+00 7.500000e-01 0.000000e+00 1.118495e-13 -2.721717e-14 0.000000e+00
-1.000000e+00 1.000000e+00 0.000000e+00 7.095254e-14 -8.119052e-15 0.000000e+00
-1.000000e+00 1.250000e+00 0.000000e+00 4.847248e-14 -2.794635e-15 0.000000e+00
-1.000000e+00 1.500000e+00 0.000000e+00 5.861665e-14 -4.108633e-14 0.000000e+00
-1.000000e+00 1.750000e+00 0.000000e+00 5.584826e-14 -7.040017e-14 0.000000e+00
-1.000000e+00 2.000000e+00 0.000000e+00 4.549217e-14 -8.128701e-14 0.000000e+00
-1.000000e+00 2.250000e+00 0.000000e+00 2.687561e-14 -6.032089e-14 0.000000e+00
-1.000000e+00 2.500000e+00 0.000000e+00 1.152483e-14 -3.073914e-14 0.000000e+00
-7.500000e-01 -2.500000e+00 0.000000e+00 1.246138e-14 4.539764e-14 0.000000e+00
-7.500000e-01 -2.250000e+00 0.000000e+00 2.646628e-14 8.102374e-14 0.000000e+00
-7.500000e-01 -2.000000e+00 0.000000e+00 4.072610e-14 9.816325e-14 0.000000e+00
-7.500000e-01 -1.750000e+00 0.000000e+00 4.755063e-14 7.845066e-14 0.000000e+00
-7.500000e-01 -1.500000e+00 0.000000e+00 4.159044e-14 2.918499e-14 0.000000e+00
-7.500000e-01 -1.250000e+00 0.000000e+00 5.221169e-14 1.783882e-14 0.000000e+00
-7.500000e-01 -1.000000e+00 0.000000e+00 8.345710e-14 3.865006e-14 0.000000e+00
-7.500000e-01 -7.500000e-01 0.000000e+00 8.262292e-14 2.750252e-14 0.000000e+00
-7.500000e-01 -5.000000e-01 0.000000e+00 6.210992e-14 3.727780e-15 0.000000e+00
-7.500000e-01 -2.500000e-01 0.000000e+00 4.370381e-14 -6.891657e-15 0.000000e+00
-7.500000e-01 0.000000e+00 0.000000e+00 3.785234e-14 -1.659742e-30 0.000000e+00
-7.500000e-01 2.500000e-01 0.000000e+00 4.370381e-14 6.891657e-15 0.000000e+00
-7.500000e-01 5.000000e-01 0.000000e+00 6.210992e-14 -3.727780e-15 0.000000e+00
-7.500000e-01 7.500000e-01 0.000000e+00 8.262292e-14 -2.750252e-14 0.000000e+00
-7.500000e-01 1.000000e+00 0.000000e+00 8.345710e-14 -3.865006e-14 0.000000e+00
-7.500000e-01 1.250000e+00 0.000000e+00 5.221169e-14 -1.783882e-14 0.000000e+00
-7.500000e-01 1.500000e+00 0.000000e+00 4.159044e-14 -2.918499e-14 0.000000e+00
-7.500000e-01 1.750000e+00 0.000000e+00 4.755063e-14 -7.845066e-14 0.000000e+00
-7.500000e-01 2.000000e+00 0.000000e+00 4.072610e-14 -9.816325e-14 0.000000e+00
-7.500000e-01 2.250000e+00 0.000000e+00 2.646628e-14 -8.102374e-14 0.000000e+00
-7.500000e-01 2.500000e+00 0.000000e+00 1.246138e-14 -4.539764e-14 0.000000e+00
-5.000000e-01 -2.500000e+00 0.000000e+00 1.069482e-14 5.958028e-14 0.000000e+00
-5.000000e-01 -2.250000e+00 0.000000e+00 2.120129e-14 9.915584e-14 0.000000e+00
-5.000000e-01 -2.000000e+00 0.000000e+00 2.957451e-14 1.076650e-13 0.000000e+00
-5.000000e-01 -1.750000e+00 0.000000e+00 3.282050e-14 7.868832e-14 0.000000e+00
-5.000000e-01 -1.500000e+00 0.000000e+00 2.922466e-14 2.679097e-14 0.000000e+00
-5.000000e-01 -1.250000e+00 0.000000e+00 5.048620e-14 4.385643e-14 0.000000e+00
-5.000000e-01 -1.000000e+00 0.000000e+00 5.490459e-14 3.587911e-14 0.000000e+00
-5.000000e-01 -7.500000e-01 0.000000e+00 4.591714e-14 1.438349e-14 0.000000e+00
-5.000000e-01 -5.000000e-01 0.000000e+00 2.982178e-14 -1.264779e-14 0.000000e+00
-5.000000e-01 -2.500000e-01 0.000000e+00 2.109465e-14 -1.108233e-14 0.000000e+00
-5.000000e-01 0.000000e+00 0.000000e+00 2.252814e-14 4.425979e-30 0.000000e+00
-5.000000e-01 2.500000e-01 0.000000e+00 2.109465e-14 1.108233e-14 0.000000e+00
-5.000000e-01 5.000000e-01 0.000000e+00 2.982178e-14 1.264779e-14 0.000000e+00
-5.000000e-01 7.500000e-01 0.000000e+00 4.591714e-14 -1.438349e-14 0.000000e+00
-5.000000e-01 1.000000e+00 0.000000e+00 5.490459e-14 -3.587911e-14 0.000000e+00
-5.000000e-01 1.250000e+00 0.000000e+00 5.048620e-14 -4.385643e-14 0.000000e+00
-5.000000e-01 1.500000e+00 0.000000e+00 2.922466e-14 -2.679097e-14 0.000000e+00
-5.000000e-01 1.750000e+00 0.000000e+00 3.282050e-14 -7.868832e-14 0.000000e+00
-5.000000e-01 2.000000e+00 0.000000e+00 2.957451e-14 -1.076650e-13 0.000000e+00
-5.000000e-01 2.250000e+00 0.000000e+00 2.120129e-14 -9.915584e-14 0.000000e+00
-5.000000e-01 2.500000e+00 0.000000e+00 1.069482e-14 -5.958028e-14 0.000000e+00
-2.500000e-01 -2.500000e+00 0.000000e+00 6.170212e-15 6.966779e-14 0.000000e+00
-2.500000e-01 -2.250000e+00 0.000000e+00 1.177156e-14 1.114809e-13 0.000000e+00
-2.500000e-01 -2.000000e+00 0.000000e+00 1.557600e-14 1.139705e-13 0.000000e+00
-2.500000e-01 -1.750000e+00 0.000000e+00 1.612272e-14 7.447046e-14 0.000000e+00
-2.500000e-01 -1.500000e+00 0.000000e+00 1.719583e-14 3.505114e-14 0.000000e+00
-2.500000e-01 -1.250000e+00 0.000000e+00 2.884491e-14 5.190107e-14 0.000000e+00
-2.500000e-01 -1.000000e+00 0.000000e+00 2.617949e-14 2.791285e-14 0.000000e+00
-2.500000e-01 -7.500000e-01 0.000000e+00 2.259786e-14 7.237303e-15 0.000000e+00
-2.500000e-01 -5.000000e-01 0.000000e+00 4.473171e-15 -3.270901e-14 0.000000e+00
-2.500000e-01 -2.500000e-01 0.000000e+00 1.781134e-15 -1.407136e-14 0.000000e+00
-2.500000e-01 0.000000e+00 0.000000e+00 -9.078153e-15 3.296248e-27 0.000000e+00
-2.500000e-01 2.500000e-01 0.000000e+00 1.781134e-15 1.407136e-14 0.000000e+00
-2.500000e-01 5.000000e-01 0.000000e+00 4.473171e-15 3.270901e-14 0.000000e+00
-2.500000e-01 7.500000e-01 0.000000e+00 2.259786e-14 -7.237303e-15 0.000000e+00
-2.500000e-01 1.000000e+00 0.000000e+00 2.617949e-14 -2.791285e-14 0.000000e+00
-2.500000e-01 1.250000e+00 0.000000e+00 2.884491e-14 -5.190107e-14 0.000000e+00
-2.500000e-01 1.500000e+00 0.000000e+00 1.719583e-14 -3.505114e-14 0.000000e+00
-2.500000e-01 1.750000e+00 0.000000e+00 1.612272e-14 -7.447046e-14 0.000000e+00
-2.500000e-01 2.000000e+00 0.000000e+00 1.557600e-14 -1.139705e-13 0.000000e+00
-2.500000e-01 2.250000e+00 0.000000e+00 1.177156e-14 -1.114809e-13 0.000000e+00
-2.500000e-01 2.500000e+00 0.000000e+00 6.170212e-15 -6.966779e-14 0.000000e+00
0.000000e+00 -2.500000e+00 0.000000e+00 -8.507099e-32 7.324588e-14 0.000000e+00
0.000000e+00 -2.250000e+00 0.000000e+00 -1.702728e-32 1.156832e-13 0.000000e+00
0.000000e+00 -2.000000e+00 0.000000e+00 1.600075e-31 1.162880e-13 0.000000e+00
0.000000e+00 -1.750000e+00 0.000000e+00 1.809805e-30 7.252099e-14 0.000000e+00
0.000000e+00 -1.500000e+00 0.000000e+00 2.755431e-31 3.971981e-14 0.000000e+00
0.000000e+00 -1.250000e+00 0.000000e+00 1.880177e-31 5.134718e-14 0.000000e+00
0.000000e+00 -1.000000e+00 0.000000e+00 -2.109256e-29 2.645331e-14 0.000000e+00
0.000000e+00 -7.500000e-01 0.000000e+00 2.074678e-31 1.668571e-15 0.000000e+00
0.000000e+00 -5.000000e-01 0.000000e+00 2.904549e-30 -4.076432e-14 0.000000e+00
0.000000e+00 -2.500000e-01 0.000000e+00 1.832632e-30 -1.362166e-14 0.000000e+00
0.000000e+00 0.000000e+00 0.000000e+00 -5.878253e-29 -1.903171e-28 0.000000e+00
0.000000e+00 2.500000e-01 0.000000e+00 1.697086e-28 1.362166e-14 0.000000e+00
0.000000e+00 5.000000e-01 0.000000e+00 -1.002761e-30 4.076432e-14 0.000000e+00
0.000000e+00 7.500000e-01 0.000000e+00 9.422494e-31 -1.668571e-15 0.000000e+00
0.000000e+00 1.000000e+00 0.000000e+00 1.409052e-30 -2.645331e-14 0.000000e+00
0.000000e+00 1.250000e+00 0.000000e+00 -7.823264e-31 -5.134718e-14 0.000000e+00
0.000000e+00 1.500000e+00 0.000000e+00 -3.029894e-30 -3.971981e-14 0.000000e+00
0.000000e+00 1.750000e+00 0.000000e+00 1.801836e-31 -7.252099e-14 0.000000e+00
0.000000e+00 2.000000e+00 0.000000e+00 -9.522446e-33 -1.162880e-13 0.000000e+00
0.000000e+00 2.250000e+00 0.000000e+00 -1.052534e-31 -1.156832e-13 0.000000e+00
0.000000e+00 2.500000e+00 0.000000e+00 -1.644066e-29 -7.324588e-14 0.000000e+00
2.500000e-01 -2.500000e+00 0.000000e+00 -6.170212e-15 6.966779e-14 0.000000e+00
2.500000e-01 -2.250000e+00 0.000000e+00 -1.177156e-14 1.114809e-13 0.000000e+00
2.500000e-01 -2.000000e+00 0.000000e+00 -1.557600e-14 1.139705e-13 0.000000e+00
2.500000e-01 -1.750000e+00 0.000000e+00 -1.612272e-14 7.447046e-14 0.000000e+00
2.500000e-01 -1.500000e+00 0.000000e+00 -1.719583e-14 3.505114e-14 0.000000e+00
2.500000e-01 -1.250000e+00 0.000000e+00 -2.884491e-14 5.190107e-14 0.000000e+00
2.500000e-01 -1.000000e+00 0.000000e+00 -2.617949e-14 2.791285e-14 0.000000e+00
2.500000e-01 -7.500000e-01 0.000000e+00 -2.259786e-14 7.237303e-15 0.000000e+00
2.500000e-01 -5.000000e-01 0.000000e+00 -4.473171e-15 -3.270901e-14 0.000000e+00
2.500000e-01 -2.500000e-01 0.000000e+00 -1.781134e-15 -1.407136e-14 0.000000e+00
2.500000e-01 0.000000e+00 0.000000e+00 9.078153e-15 -2.164857e-27 0.000000e+00
2.500000e-01 2.500000e-01 0.000000e+00 -1.781134e-15 1.407136e-14 0.000000e+00
2.500000e-01 5.000000e-01 0.000000e+00 -4.473171e-15 3.270901e-14 0.000000e+00
2.500000e-01 7.500000e-01 0.000000e+00 -2.259786e-14 -7.237303e-15 0.000000e+00
2.500000e-01 1.000000e+00 0.000000e+00 -2.617949e-14 -2.791285e-14 0.000000e+00
2.500000e-01 1.250000e+00 0.000000e+00 -2.884491e-14 -5.190107e-14 0.000000e+00
2.500000e-01 1.500000e+00 0.000000e+00 -1.719583e-14 -3.505114e-14 0.000000e+00
2.500000e-01 1.750000e+00 0.000000e+00 -1.612272e-14 -7.447046e-14 0.000000e+00
2.500000e-01 2.000000e+00 0.000000e+00 -1.557600e-14 -1.139705e-13 0.000000e+00
2.500000e-01 2.250000e+00 0.000000e+00 -1.177156e-14 -1.114809e-13 0.000000e+00
2.500000e-01 2.500000e+00 0.000000e+00 -6.170212e-15 -6.966779e-14 0.000000e+00
5.000000e-01 -2.500000e+00 0.000000e+00 -1.069482e-14 5.958028e-14 0.000000e+00
5.000000e-01 -2.250000e+00 0.000000e+00 -2.120129e-14 9.915584e-14 0.000000e+00
5.000000e-01 -2.000000e+00 0.000000e+00 -2.957451e-14 1.076650e-13 0.000000e+00
5.000000e-01 -1.750000e+00 0.000000e+00 -3.282050e-14 7.868832e-14 0.000000e+00
5.000000e-01 -1.500000e+00 0.000000e+00 -2.922466e-14 2.679097e-14 0.000000e+00
5.000000e-01 -1.250000e+00 0.000000e+00 -5.048620e-14 4.385643e-14 0.000000e+00
5.000000e-01 -1.000000e+00 0.000000e+00 -5.490459e-14 3.587911e-14 0.000000e+00
5.000000e-01 -7.500000e-01 0.000000e+00 -4.591714e-14 1.438349e-14 0.000000e+00
5.000000e-01 -5.000000e-01 0.000000e+00 -2.982178e-14 -1.264779e-14 0.000000e+00
5.000000e-01 -2.500000e-01 0.000000e+00 -2.109465e-14 -1.108233e-14 0.000000e+00
5.000000e-01 0.000000e+00 0.000000e+00 -2.252814e-14 -1.106495e-30 0.000000e+00
5.000000e-01 2.500000e-01 0.000000e+00 -2.109465e-14 1.108233e-14 0.000000e+00
5.000000e-01 5.000000e-01 0.000000e+00 -2.982178e-14 1.264779e-14 0.000000e+00
5.000000e-01 7.500000e-01 0.000000e+00 -4.591714e-14 -1.438349e-14 0.000000e+00
5.000000e-01 1.000000e+00 0.000000e+00 -5.490459e-14 -3.587911e-14 0.000000e+00
5.000000e-01 1.250000e+00 0.000000e+00 -5.048620e-14 -4.385643e-14 0.000000e+00
5.000000e-01 1.500000e+00 0.000000e+00 -2.922466e-14 -2.679097e-14 0.000000e+00
5.000000e-01 1.750000e+00 0.000000e+00 -3.282050e-14 -7.868832e-14 0.000000e+00
5.000000e-01 2.000000e+00 0.000000e+00 -2.957451e-14 -1.076650e-13 0.000000e+00
5.000000e-01 2.250000e+00 0.000000e+00 -2.120129e-14 -9.915584e-14 0.000000e+00
5.000000e-01 2.500000e+00 0.000000e+00 -1.069482e-14 -5.958028e-14 0.000000e+00
7.500000e-01 -2.500000e+00 0.000000e+00 -1.246138e-14 4.539764e-14 0.000000e+00
7.500000e-01 -2.250000e+00 0.000000e+00 -2.646628e-14 8.102374e-14 0.000000e+00
7.500000e-01 -2.000000e+00 0.000000e+00 -4.072610e-14 9.816325e-14 0.000000e+00
7.500000e-01 -1.750000e+00 0.000000e+00 -4.755063e-14 7.845066e-14 0.000000e+00
7.500000e-01 -1.500000e+00 0.000000e+00 -4.159044e-14 2.918499e-14 0.000000e+00
7.500000e-01 -1.250000e+00 0.000000e+00 -5.221169e-14 1.783882e-14 0.000000e+00
7.500000e-01 -1.000000e+00 0.000000e+00 -8.345710e-14 3.865006e-14 0.000000e+00
7.500000e-01 -7.500000e-01 0.000000e+00 -8.262292e-14 2.750252e-14 0.000000e+00
7.500000e-01 -5.000000e-01 0.000000e+00 -6.210992e-14 3.727780e-15 0.000000e+00
7.500000e-01 -2.500000e-01 0.000000e+00 -4.370381e-14 -6.891657e-15 0.000000e+00
7.500000e-01 0.000000e+00 0.000000e+00 -3.785234e-14 -2.212989e-30 0.000000e+00
7.500000e-01 2.500000e-01 0.000000e+00 -4.370381e-14 6.891657e-15 0.000000e+00
7.500000e-01 5.000000e-01 0.000000e+00 -6.210992e-14 -3.727780e-15 0.000000e+00
7.500000e-01 7.500000e-01 0.000000e+00 -8.262292e-14 -2.750252e-14 0.000000e+00
7.500000e-01 1.000000e+00 0.000000e+00 -8.345710e-14 -3.865006e-14 0.000000e+00
7.500000e-01 1.250000e+00 0.000000e+00 -5.221169e-14 -1.783882e-14 0.000000e+00
7.500000e-01 1.500000e+00 0.000000e+00 -4.159044e-14 -2.918499e-14 0.000000e+00
7.500000e-01 1.750000e+00 0.000000e+00 -4.755063e-14 -7.845066e-14 0.000000e+00
7.500000e-01 2.000000e+00 0.000000e+00 -4.072610e-14 -9.816325e-14 0.000000e+00
7.500000e-01 2.250000e+00 0.000000e+00 -2.646628e-14 -8.102374e-14 0.000000e+00
7.500000e-01 2.500000e+00 0.000000e+00 -1.246138e-14 -4.539764e-14 0.000000e+00
1.000000e+00 -2.500000e+00 0.000000e+00 -1.152483e-14 3.073914e-14 0.000000e+00
1.000000e+00 -2.250000e+00 0.000000e+00 -2.687561e-14 6.032089e-14 0.000000e+00
1.000000e+00 -2.000000e+00 0.000000e+00 -4.549217e-14 8.128701e-14 0.000000e+00
1.000000e+00 -1.750000e+00 0.000000e+00 -5.584826e-14 7.040017e-14 0.000000e+00
1.000000e+00 -1.500000e+00 0.000000e+00 -5.861665e-14 4.108633e-14 0.000000e+00
1.000000e+00 -1.250000e+00 0.000000e+00 -4.847248e-14 2.794635e-15 0.000000e+00
1.000000e+00 -1.000000e+00 0.000000e+00 -7.095254e-14 8.119052e-15 0.000000e+00
1.000000e+00 -7.500000e-01 0.000000e+00 -1.118495e-13 2.721717e-14 0.000000e+00
1.000000e+00 -5.000000e-01 0.000000e+00 -1.259711e-13 2.347241e-14 0.000000e+00
1.000000e+00 -2.500000e-01 0.000000e+00 -1.159927e-13 8.650658e-15 0.000000e+00
1.000000e+00 0.000000e+00 0.000000e+00 -1.090456e-13 1.078832e-29 0.000000e+00
1.000000e+00 2.500000e-01 0.000000e+00 -1.159927e-13 -8.650658e-15 0.000000e+00
1.000000e+00 5.000000e-01 0.000000e+00 -1.259711e-13 -2.347241e-14 0.000000e+00
1.000000e+00 7.500000e-01 0.000000e+00 -1.118495e-13 -2.721717e-14 0.000000e+00
1.000000e+00 1.000000e+00 0.000000e+00 -7.095254e-14 -8.119052e-15 0.000000e+00
1.000000e+00 1.250000e+00 0.000000e+00 -4.847248e-14 -2.794635e-15 0.000000e+00
1.000000e+00 1.500000e+00 0.000000e+00 -5.861665e-14 -4.108633e-14 0.000000e+00
1.000000e+00 1.750000e+00 0.000000e+00 -5.584826e-14 -7.040017e-14 0.000000e+00
1.000000e+00 2.000000e+00 0.000000e+00 -4.549217e-14 -8.128701e-14 0.000000e+00
1.000000e+00 2.250000e+00 0.000000e+00 -2.687561e-14 -6.032089e-14 0.000000e+00
1.000000e+00 2.500000e+00 0.000000e+00 -1.152483e-14 -3.073914e-14 0.000000e+00
1.250000e+00 -2.500000e+00 0.000000e+00 -8.554961e-15 1.775619e-14 0.000000e+00
1.250000e+00 -2.250000e+00 0.000000e+00 -2.185983e-14 3.824727e-14 0.000000e+00
1.250000e+00 -2.000000e+00 0.000000e+00 -4.100788e-14 5.766101e-14 0.000000e+00
1.250000e+00 -1.750000e+00 0.000000e+00 -5.923081e-14 6.158960e-14 0.000000e+00
1.250000e+00 -1.500000e+00 0.000000e+00 -6.560556e-14 4.165865e-14 0.000000e+00
1.250000e+00 -1.250000e+00 0.000000e+00 -6.402392e-14 1.582774e-14 0.000000e+00
1.250000e+00 -1.000000e+00 0.000000e+00 -5.096404e-14 -9.013674e-15 0.000000e+00
1.250000e+00 -7.500000e-01 0.000000e+00 -6.219105e-14 -8.306643e-15 0.000000e+00
1.250000e+00 -5.000000e-01 0.000000e+00 -9.943279e-14 4.621855e-15 0.000000e+00
1.250000e+00 -2.500000e-01 0.000000e+00 -1.317697e-13 7.310331e-15 0.000000e+00
1.250000e+00 0.000000e+00 0.000000e+00 -1.432544e-13 -2.987536e-29 0.000000e+00
1.250000e+00 2.500000e-01 0.000000e+00 -1.317697e-13 -7.310331e-15 0.000000e+00
1.250000e+00 5.000000e-01 0.000000e+00 -9.943279e-14 -4.621855e-15 0.000000e+00
1.250000e+00 7.500000e-01 0.000000e+00 -6.219105e-14 8.306643e-15 0.000000e+00
1.250000e+00 1.000000e+00 0.000000e+00 -5.096404e-14 9.013674e-15 0.000000e+00
1.250000e+00 1.250000e+00 0.000000e+00 -6.402392e-14 -1.582774e-14 0.000000e+00
1.250000e+00 1.500000e+00 0.000000e+00 -6.560556e-14 -4.165865e-14 0.000000e+00
1.250000e+00 1.750000e+00 0.000000e+00 -5.923081e-14 -6.158960e-14 0.000000e+00
1.250000e+00 2.000000e+00 0.000000e+00 -4.100788e-14 -5.766101e-14 0.000000e+00
1.250000e+00 2.250000e+00 0.000000e+00 -2.185983e-14 -3.824727e-14 0.000000e+00
1.250000e+00 2.500000e+00 0.000000e+00 -8.554961e-15 -1.775619e-14 0.000000e+00
1.500000e+00 -2.500000e+00 0.000000e+00 -5.156551e-15 8.680222e-15 0.000000e+00
1.500000e+00 -2.250000e+00 0.000000e+00 -1.465808e-14 2.085283e-14 0.000000e+00
1.500000e+00 -2.000000e+00 0.000000e+00 -3.127541e-14 3.613510e-14 0.000000e+00
1.500000e+00 -1.750000e+00 0.000000e+00 -5.010604e-14 4.386170e-14 0.000000e+00
1.500000e+00 -1.500000e+00 0.000000e+00 -6.455394e-14 3.806364e-14 0.000000e+00
1.500000e+00 -1.250000e+00 0.000000e+00 -6.715067e-14 1.997547e-14 0.000000e+00
1.500000e+00 -1.000000e+00 0.000000e+00 -6.696059e-14 5.028756e-15 0.000000e+00
1.500000e+00 -7.500000e-01 0.000000e+00 -5.484722e-14 -8.021321e-15 0.000000e+00
1.500000e+00 -5.000000e-01 0.000000e+00 -4.404891e-14 -1.171120e-14 0.000000e+00
1.500000e+00 -2.500000e-01 0.000000e+00 -4.378944e-14 -6.968104e-15 0.000000e+00
1.500000e+00 0.000000e+00 0.000000e+00 -4.585205e-14 6.915592e-32 0.000000e+00
1.500000e+00 2.500000e-01 0.000000e+00 -4.378944e-14 6.968104e-15 0.000000e+00
1.500000e+00 5.000000e-01 0.000000e+00 -4.404891e-14 1.171120e-14 0.000000e+00
1.500000e+00 7.500000e-01 0.000000e+00 -5.484722e-14 8.021321e-15 0.000000e+00
1.500000e+00 1.000000e+00 0.000000e+00 -6.696059e-14 -5.028756e-15 0.000000e+00
1.500000e+00 1.250000e+00 0.000000e+00 -6.715067e-14 -1.997547e-14 0.000000e+00
1.500000e+00 1.500000e+00 0.000000e+00 -6.455394e-14 -3.806364e-14 0.000000e+00
1.500000e+00 1.750000e+00 0.000000e+00 -5.010604e-14 -4.386170e-14 0.000000e+00
1.500000e+00 2.000000e+00 0.000000e+00 -3.127541e-14 -3.613510e-14 0.000000e+00
1.500000e+00 2.250000e+00 0.000000e+00 -1.465808e-14 -2.085283e-14 0.000000e+00
1.500000e+00 2.500000e+00 0.000000e+00 -5.156551e-15 -8.680222e-15 0.000000e+00
1.750000e+00 -2.500000e+00 0.000000e+00 -2.490353e-15 3.494125e-15 0.000000e+00
1.750000e+00 -2.250000e+00 0.000000e+00 -7.799016e-15 9.269259e-15 0.000000e+00
1.750000e+00 -2.000000e+00 0.000000e+00 -1.866389e-14 1.815081e-14 0.000000e+00
1.750000e+00 -1.750000e+00 0.000000e+00 -3.480790e-14 2.634455e-14 0.000000e+00
1.750000e+00 -1.500000e+00 0.000000e+00 -5.017301e-14 2.692787e-14 0.000000e+00
1.750000e+00 -1.250000e+00 0.000000e+00 -6.183362e-14 2.064244e-14 0.000000e+00
1.750000e+00 -1.000000e+00 0.000000e+00 -6.131953e-14 8.083125e-15 0.000000e+00
1.750000e+00 -7.500000e-01 0.000000e+00 -6.031056e-14 1.573072e-16 0.000000e+00
1.750000e+00 -5.000000e-01 0.000000e+00 -5.991408e-14 -2.687188e-15 0.000000e+00
1.750000e+00 -2.500000e-01 0.000000e+00 -5.714072e-14 -2.484271e-15 0.000000e+00
1.750000e+00 0.000000e+00 0.000000e+00 -5.550227e-14 -7.780041e-32 0.000000e+00
1.750000e+00 2.500000e-01 0.000000e+00 -5.714072e-14 2.484271e-15 0.000000e+00
1.750000e+00 5.000000e-01 0.000000e+00 -5.991408e-14 2.687188e-15 0.000000e+00
1.750000e+00 7.500000e-01 0.000000e+00 -6.031056e-14 -1.573072e-16 0.000000e+00
1.750000e+00 1.000000e+00 0.000000e+00 -6.131953e-14 -8.083125e-15 0.000000e+00
1.750000e+00 1.250000e+00 0.000000e+00 -6.183362e-14 -2.064244e-14 0.000000e+00
1.750000e+00 1.500000e+00 0.000000e+00 -5.017301e-14 -2.692787e-14 0.000000e+00
1.750000e+00 1.750000e+00 0.000000e+00 -3.480790e-14 -2.634455e-14 0.000000e+00
1.750000e+00 2.000000e+00 0.000000e+00 -1.866389e-14 -1.815081e-14 0.000000e+00
1.750000e+00 2.250000e+00 0.000000e+00 -7.799016e-15 -9.269259e-15 0.000000e+00
1.750000e+00 2.500000e+00 0.000000e+00 -2.490353e-15 -3.494125e-15 0.000000e+00
2.000000e+00 -2.500000e+00 0.000000e+00 -9.632949e-16 1.151456e-15 0.000000e+00
2.000000e+00 -2.250000e+00 0.000000e+00 -3.317071e-15 3.367879e-15 0.000000e+00
2.000000e+00 -2.000000e+00 0.000000e+00 -8.804712e-15 7.362000e-15 0.000000e+00
2.000000e+00 -1.750000e+00 0.000000e+00 -1.840377e-14 1.214598e-14 0.000000e+00
2.000000e+00 -1.500000e+00 0.000000e+00 -3.090925e-14 1.517145e-14 0.000000e+00
2.000000e+00 -1.250000e+00 0.000000e+00 -4.170918e-14 1.358099e-14 0.000000e+00
2.000000e+00 -1.000000e+00 0.000000e+00 -4.959978e-14 9.291564e-15 0.000000e+00
2.000000e+00 -7.500000e-01 0.000000e+00 -5.290528e-14 4.224048e-15 0.000000e+00
2.000000e+00 -5.000000e-01 0.000000e+00 -5.011836e-14 1.742444e-16 0.000000e+00
2.000000e+00 -2.500000e-01 0.000000e+00 -4.681942e-14 -9.157995e-16 0.000000e+00
2.000000e+00 0.000000e+00 0.000000e+00 -4.569928e-14 -1.253451e-31 0.000000e+00
2.000000e+00 2.500000e-01 0.000000e+00 -4.681942e-14 9.157995e-16 0.000000e+00
2.000000e+00 5.000000e-01 0.000000e+00 -5.011836e-14 -1.742444e-16 0.000000e+00
2.000000e+00 7.500000e-01 0.000000e+00 -5.290528e-14 -4.224048e-15 0.000000e+00
2.000000e+00 1.000000e+00 0.000000e+00 -4.959978e-14 -9.291564e-15 0.000000e+00
2.000000e+00 1.250000e+00 0.000000e+00 -4.170918e-14 -1.358099e-14 0.000000e+00
2.000000e+00 1.500000e+00 0.000000e+00 -3.090925e-14 -1.517145e-14 0.000000e+00
2.000000e+00 1.750000e+00 0.000000e+00 -1.840377e-14 -1.214598e-14 0.000000e+00
2.000000e+00 2.000000e+00 0.000000e+00 -8.804712e-15 -7.362000e-15 0.000000e+00
2.000000e+00 2.250000e+00 0.000000e+00 -3.317071e-15 -3.367879e-15 0.000000e+00
2.000000e+00 2.500000e+00 0.000000e+00 -9.632949e-16 -1.151456e-15 0.000000e+00
2.250000e+00 -2.500000e+00 0.000000e+00 -2.932671e-16 3.038746e-16 0.000000e+00
2.250000e+00 -2.250000e+00 0.000000e+00 -1.102331e-15 9.726698e-16 0.000000e+00
2.250000e+00 -2.000000e+00 0.000000e+00 -3.229695e-15 2.361037e-15 0.000000e+00
2.250000e+00 -1.750000e+00 0.000000e+00 -7.476681e-15 4.361832e-15 0.000000e+00
2.250000e+00 -1.500000e+00 0.000000e+00 -1.410194e-14 6.264960e-15 0.000000e+00
2.250000e+00 -1.250000e+00 0.000000e+00 -2.146491e-14 6.694529e-15 0.000000e+00
2.250000e+00 -1.000000e+00 0.000000e+00 -2.864189e-14 5.723764e-15 0.000000e+00
2.250000e+00 -7.500000e-01 0.000000e+00 -3.245801e-14 3.372534e-15 0.000000e+00
2.250000e+00 -5.000000e-01 0.000000e+00 -3.386514e-14 1.337211e-15 0.000000e+00
2.250000e+00 -2.500000e-01 0.000000e+00 -3.463531e-14 3.408849e-16 0.000000e+00
2.250000e+00 0.000000e+00 0.000000e+00 -3.490368e-14 3.349740e-32 0.000000e+00
2.250000e+00 2.500000e-01 0.000000e+00 -3.463531e-14 -3.408849e-16 0.000000e+00
2.250000e+00 5.000000e-01 0.000000e+00 -3.386514e-14 -1.337211e-15 0.000000e+00
2.250000e+00 7.500000e-01 0.000000e+00 -3.245801e-14 -3.372534e-15 0.000000e+00
2.250000e+00 1.000000e+00 0.000000e+00 -2.864189e-14 -5.723764e-15 0.000000e+00
2.250000e+00 1.250000e+00 0.000000e+00 -2.146491e-14 -6.694529e-15 0.000000e+00
2.250000e+00 1.500000e+00 0.000000e+00 -1.410194e-14 -6.264960e-15 0.000000e+00
2.250000e+00 1.750000e+00 0.000000e+00 -7.476681e-15 -4.361832e-15 0.000000e+00
2.250000e+00 2.000000e+00 0.000000e+00 -3.229695e-15 -2.361037e-15 0.000000e+00
2.250000e+00 2.250000e+00 0.000000e+00 -1.102331e-15 -9.726698e-16 0.000000e+00
2.250000e+00 2.500000e+00 0.000000e+00 -2.932671e-16 -3.038746e-16 0.000000e+00
2.500000e+00 -2.500000e+00 0.000000e+00 -6.979144e-17 6.359187e-17 0.000000e+00
2.500000e+00 -2.250000e+00 0.000000e+00 -2.836595e-16 2.205981e-16 0.000000e+00
2.500000e+00 -2.000000e+00 0.000000e+00 -9.065217e-16 5.868515e-16 0.000000e+00
2.500000e+00 -1.750000e+00 0.000000e+00 -2.303320e-15 1.200551e-15 0.000000e+00
2.500000e+00 -1.500000e+00 0.000000e+00 -4.775524e-15 1.923361e-15 0.000000e+00
2.500000e+00 -1.250000e+00 0.000000e+00 -8.071311e-15 2.359898e-15 0.000000e+00
2.500000e+00 -1.000000e+00 0.000000e+00 -1.173262e-14 2.301427e-15 0.000000e+00
2.500000e+00 -7.500000e-01 0.000000e+00 -1.447767e-14 1.653532e-15 0.000000e+00
2.500000e+00 -5.000000e-01 0.000000e+00 -1.637332e-14 9.297047e-16 0.000000e+00
2.500000e+00 -2.500000e-01 0.000000e+00 -1.750525e-14 3.811377e-16 0.000000e+00
2.500000e+00 0.000000e+00 0.000000e+00 -1.785892e-14 -5.402806e-34 0.000000e+00
2.500000e+00 2.500000e-01 0.000000e+00 -1.750525e-14 -3.811377e-16 0.000000e+00
2.500000e+00 5.000000e-01 0.000000e+00 -1.637332e-14 -9.297047e-16 0.000000e+00
2.500000e+00 7.500000e-01 0.000000e+00 -1.447767e-14 -1.653532e-15 0.000000e+00
2.500000e+00 1.000000e+00 0.000000e+00 -1.173262e-14 -2.301427e-15 0.000000e+00
2.500000e+00 1.250000e+00 0.000000e+00 -8.071311e-15 -2.359898e-15 0.000000e+00
2.500000e+00 1.500000e+00 0.000000e+00 -4.775524e-15 -1.923361e-15 0.000000e+00
2.500000e+00 1.750000e+00 0.000000e+00 -2.303320e-15 -1.200551e-15 0.000000e+00
2.500000e+00 2.000000e+00 0.000000e+00 -9.065217e-16 -5.868515e-16 0.000000e+00
2.500000e+00 2.250000e+00 0.000000e+00 -2.836595e-16 -2.205981e-16 0.000000e+00
2.500000e+00 2.500000e+00 0.000000e+00 -6.979144e-17 -6.359187e-17 0.000000e+00
